c ids of sdd nodes start at 0
c sdd nodes appear bottom-up, children before parents
c
c file syntax:
c sdd count-of-sdd-nodes
c F id-of-false-sdd-node
c T id-of-true-sdd-node
c L id-of-literal-sdd-node id-of-vtree literal
c D id-of-decomposition-sdd-node id-of-vtree number-of-elements {id-of-prime id-of-sub}*
c
sdd 329
L 3 0 -3
L 5 2 -4
L 6 4 -2
L 7 2 4
F 8
D 4 3 2 5 6 7 8
L 9 0 3
D 2 1 2 3 4 9 8
L 12 6 -6
L 13 8 -7
L 14 6 6
D 11 7 2 12 13 14 8
L 17 10 -5
L 18 12 1
L 19 10 5
D 16 11 2 17 18 19 8
L 21 14 -8
L 23 16 -9
L 24 18 -10
L 25 16 9
D 22 17 2 23 24 25 8
L 26 14 8
D 20 15 2 21 22 26 8
L 28 12 -1
T 29
D 27 11 2 17 28 19 29
D 15 13 2 16 20 27 8
L 31 8 7
D 30 7 2 12 31 14 29
D 10 9 2 11 15 30 8
L 34 4 2
D 33 3 2 5 34 7 29
D 32 1 2 3 33 9 29
D 1 5 2 2 10 32 8
L 39 20 -14
L 40 22 -15
L 41 20 14
D 38 21 2 39 40 41 8
L 43 24 -16
L 44 26 -17
L 45 24 16
D 42 25 2 43 44 45 8
L 47 22 15
D 46 21 2 39 47 41 29
D 37 23 2 38 42 46 8
L 50 28 -13
L 51 30 -12
L 52 28 13
D 49 29 2 50 51 52 8
L 55 32 11
L 56 34 -18
L 57 32 -11
D 54 33 2 55 56 57 8
L 59 36 -20
L 60 38 -19
L 61 36 20
D 58 37 2 59 60 61 8
L 63 34 18
D 62 33 2 55 63 57 29
D 53 35 2 54 58 62 8
L 65 30 12
D 64 29 2 50 65 52 29
D 48 31 2 49 53 64 8
L 68 26 17
D 67 25 2 43 68 45 29
D 66 23 2 38 67 46 29
D 36 27 2 37 48 66 8
L 73 40 -34
L 74 42 -35
L 75 40 34
D 72 41 2 73 74 75 8
L 77 44 -32
L 78 46 -33
L 79 44 32
D 76 45 2 77 78 79 8
L 81 42 35
D 80 41 2 73 81 75 29
D 71 43 2 72 76 80 8
L 84 48 -37
L 85 50 -38
L 86 48 37
D 83 49 2 84 85 86 8
L 89 52 31
L 90 54 -36
L 91 52 -31
D 88 53 2 89 90 91 8
L 93 56 -39
L 94 58 -40
L 95 56 39
D 92 57 2 93 94 95 8
L 97 54 36
D 96 53 2 89 97 91 29
D 87 55 2 88 92 96 8
L 99 50 38
D 98 49 2 84 99 86 29
D 82 51 2 83 87 98 8
L 102 46 33
D 101 45 2 77 102 79 29
D 100 43 2 72 101 80 29
D 70 47 2 71 82 100 8
L 107 60 -22
L 108 62 21
L 109 60 22
D 106 61 2 107 108 109 8
L 111 64 -25
L 112 66 -26
L 113 64 25
D 110 65 2 111 112 113 8
L 115 62 -21
D 114 61 2 107 115 109 29
D 105 63 2 106 110 114 8
L 118 68 -27
L 119 70 -28
L 120 68 27
D 117 69 2 118 119 120 8
L 123 72 -23
L 124 74 -24
L 125 72 23
D 122 73 2 123 124 125 8
L 127 76 -30
L 128 78 -29
L 129 76 30
D 126 77 2 127 128 129 8
L 131 74 24
D 130 73 2 123 131 125 29
D 121 75 2 122 126 130 8
L 133 70 28
D 132 69 2 118 133 120 29
D 116 71 2 117 121 132 8
L 136 66 26
D 135 65 2 111 136 113 29
D 134 63 2 106 135 114 29
D 104 67 2 105 116 134 8
L 140 80 -46
L 141 82 -47
L 142 80 46
D 139 81 2 140 141 142 8
L 144 84 -48
L 146 86 -50
L 147 88 -49
L 148 86 50
D 145 87 2 146 147 148 8
L 149 84 48
D 143 85 2 144 145 149 8
L 151 82 47
D 150 81 2 140 151 142 29
D 138 83 2 139 143 150 8
L 155 90 -43
L 156 92 -44
L 157 90 43
D 154 91 2 155 156 157 8
L 159 94 -42
L 161 96 -45
L 162 98 41
L 163 96 45
D 160 97 2 161 162 163 8
L 164 94 42
D 158 95 2 159 160 164 8
L 166 92 44
D 165 91 2 155 166 157 29
D 153 93 2 154 158 165 8
L 169 100 -57
L 171 102 -58
L 173 104 -60
L 174 106 -59
L 175 104 60
D 172 105 2 173 174 175 8
L 176 102 58
D 170 103 2 171 172 176 8
L 177 100 57
D 168 101 2 169 170 177 8
L 180 108 -53
L 182 110 -56
L 183 112 -55
L 184 110 56
D 181 111 2 182 183 184 8
L 185 108 53
D 179 109 2 180 181 185 8
L 188 114 51
L 190 116 -54
L 191 118 -52
L 192 116 54
D 189 117 2 190 191 192 8
L 193 114 -51
D 187 115 2 188 189 193 8
L 196 120 -61
L 197 122 62
L 198 120 61
D 195 121 2 196 197 198 8
L 201 124 -63
L 202 126 -64
L 203 124 63
D 200 125 2 201 202 203 8
L 205 128 -65
L 207 130 -66
L 209 132 -67
L 211 134 -68
L 213 136 -69
L 214 138 -70
L 215 136 69
D 212 137 2 213 214 215 8
L 216 134 68
D 210 135 2 211 212 216 8
L 217 132 67
D 208 133 2 209 210 217 8
L 218 130 66
D 206 131 2 207 208 218 8
L 219 128 65
D 204 129 2 205 206 219 8
L 221 126 64
D 220 125 2 201 221 203 29
D 199 127 2 200 204 220 8
L 223 122 -62
D 222 121 2 196 223 198 29
D 194 123 2 195 199 222 8
L 226 118 52
D 225 117 2 190 226 192 8
D 224 115 2 193 225 188 8
D 228 121 2 198 223 196 8
D 229 121 2 198 197 196 29
D 227 123 2 228 199 229 8
D 231 117 2 190 191 192 29
D 232 117 2 190 226 192 29
D 230 115 2 193 231 188 232
D 186 119 3 187 194 224 227 230 8
L 235 112 55
D 234 111 2 182 235 184 29
D 233 109 2 180 234 185 29
D 178 113 2 179 186 233 8
L 239 106 59
D 238 105 2 173 239 175 29
D 237 103 2 171 238 176 29
D 236 101 2 169 237 177 29
D 167 107 2 168 178 236 8
L 243 98 -41
D 242 97 2 161 243 163 8
D 241 95 2 164 242 159 8
D 240 93 2 154 241 165 8
D 247 115 2 188 232 193 29
D 246 119 2 187 227 247 8
D 245 113 2 179 246 233 8
D 244 107 2 168 245 236 8
D 250 97 2 161 162 163 29
D 251 97 2 161 243 163 29
D 249 95 2 164 250 159 251
D 248 93 2 154 249 165 29
D 152 99 3 153 167 240 244 248 8
L 255 88 49
D 254 87 2 146 255 148 29
D 253 85 2 144 254 149 29
D 252 83 2 139 253 150 29
D 137 89 2 138 152 252 8
D 258 61 2 109 115 107 8
D 259 61 2 109 108 107 29
D 257 63 2 258 110 259 8
D 260 63 2 258 135 259 29
D 256 67 2 257 116 260 8
D 264 95 2 159 251 164 29
D 263 93 2 154 264 165 29
D 262 99 2 153 244 263 8
D 261 89 2 138 262 252 8
D 267 61 2 109 115 107 108
D 268 61 2 107 115 109 108
D 266 63 2 267 110 268 8
L 272 78 29
D 271 77 2 127 272 129 29
D 270 75 2 122 271 130 29
D 269 71 2 117 270 132 29
D 273 63 2 267 135 268 29
D 265 67 2 266 269 273 29
D 103 79 3 104 137 256 261 265 8
D 276 45 2 79 78 77 8
D 275 43 2 72 276 80 8
D 279 53 2 91 90 89 8
D 280 53 2 91 97 89 29
D 278 55 2 279 92 280 8
D 277 51 2 83 278 98 8
D 282 45 2 79 102 77 29
D 281 43 2 72 282 80 29
D 274 47 2 275 277 281 8
D 284 67 2 105 269 134 29
D 283 79 2 104 261 284 8
L 289 58 40
D 288 57 2 93 289 95 29
D 287 55 2 88 288 96 29
D 286 51 2 83 287 98 29
D 291 55 2 279 288 280 29
D 290 51 2 83 291 98 29
D 292 43 2 72 102 80 29
D 285 47 3 71 286 275 290 292 29
D 69 59 3 70 103 274 283 285 8
D 295 29 2 50 65 52 8
D 297 33 2 57 56 55 8
D 298 33 2 57 63 55 29
D 296 35 2 297 58 298 8
D 299 29 2 50 51 52 29
D 294 31 2 295 296 299 8
D 293 27 2 37 294 66 8
D 301 47 2 71 286 100 29
D 300 59 2 70 283 301 8
L 306 38 19
D 305 37 2 59 306 61 29
D 304 35 2 54 305 62 29
D 307 35 2 297 305 298 29
D 303 31 3 49 304 295 307 52 29
D 302 27 2 37 303 66 29
D 35 39 3 36 69 293 300 302 8
D 310 3 2 5 34 7 8
D 309 1 2 3 310 9 8
D 313 11 2 17 28 19 8
D 314 11 2 17 18 19 29
D 312 13 2 313 20 314 8
D 311 9 2 11 312 30 8
D 316 3 2 5 6 7 29
D 315 1 2 3 316 9 29
D 308 5 2 309 311 315 8
D 319 31 2 49 304 64 29
D 318 27 2 37 319 66 29
D 317 39 2 36 300 318 8
L 325 18 10
D 324 17 2 23 325 25 29
D 323 15 2 21 324 26 29
D 322 13 2 313 323 314 29
D 321 9 2 11 322 30 29
D 327 13 2 16 323 27 29
D 326 9 2 11 327 30 29
D 328 1 2 3 7 9 29
D 320 5 3 309 321 2 326 328 29
D 0 19 3 1 35 308 317 320 8
