c ids of sdd nodes start at 0
c sdd nodes appear bottom-up, children before parents
c
c file syntax:
c sdd count-of-sdd-nodes
c F id-of-false-sdd-node
c T id-of-true-sdd-node
c L id-of-literal-sdd-node id-of-vtree literal
c D id-of-decomposition-sdd-node id-of-vtree number-of-elements {id-of-prime id-of-sub}*
c
sdd 797
L 3 0 -3
L 5 2 -4
L 6 4 -2
L 7 2 4
F 8
D 4 3 2 5 6 7 8
L 9 0 3
D 2 1 2 3 4 9 8
L 12 6 -6
L 13 8 -7
L 14 6 6
D 11 7 2 12 13 14 8
L 17 10 -5
L 18 12 1
L 19 10 5
D 16 11 2 17 18 19 8
L 21 14 -8
L 23 16 -9
L 24 18 -10
L 25 16 9
D 22 17 2 23 24 25 8
L 26 14 8
D 20 15 2 21 22 26 8
L 28 12 -1
T 29
D 27 11 2 17 28 19 29
D 15 13 2 16 20 27 8
L 31 8 7
D 30 7 2 12 31 14 29
D 10 9 2 11 15 30 8
L 34 4 2
D 33 3 2 5 34 7 29
D 32 1 2 3 33 9 29
D 1 5 2 2 10 32 8
L 39 20 -14
L 40 22 -15
L 41 20 14
D 38 21 2 39 40 41 8
L 43 24 -16
L 44 26 -17
L 45 24 16
D 42 25 2 43 44 45 8
L 47 22 15
D 46 21 2 39 47 41 29
D 37 23 2 38 42 46 8
L 50 28 -13
L 51 30 -12
L 52 28 13
D 49 29 2 50 51 52 8
L 55 32 11
L 56 34 -18
L 57 32 -11
D 54 33 2 55 56 57 8
L 59 36 -20
L 60 38 -19
L 61 36 20
D 58 37 2 59 60 61 8
L 63 34 18
D 62 33 2 55 63 57 29
D 53 35 2 54 58 62 8
L 65 30 12
D 64 29 2 50 65 52 29
D 48 31 2 49 53 64 8
L 68 26 17
D 67 25 2 43 68 45 29
D 66 23 2 38 67 46 29
D 36 27 2 37 48 66 8
L 73 40 -34
L 74 42 -35
L 75 40 34
D 72 41 2 73 74 75 8
L 77 44 -32
L 78 46 -33
L 79 44 32
D 76 45 2 77 78 79 8
L 81 42 35
D 80 41 2 73 81 75 29
D 71 43 2 72 76 80 8
L 84 48 -37
L 85 50 -38
L 86 48 37
D 83 49 2 84 85 86 8
L 89 52 31
L 90 54 -36
L 91 52 -31
D 88 53 2 89 90 91 8
L 93 56 -39
L 94 58 -40
L 95 56 39
D 92 57 2 93 94 95 8
L 97 54 36
D 96 53 2 89 97 91 29
D 87 55 2 88 92 96 8
L 99 50 38
D 98 49 2 84 99 86 29
D 82 51 2 83 87 98 8
L 102 46 33
D 101 45 2 77 102 79 29
D 100 43 2 72 101 80 29
D 70 47 2 71 82 100 8
L 107 60 -22
L 108 62 21
L 109 60 22
D 106 61 2 107 108 109 8
L 111 64 -25
L 112 66 -26
L 113 64 25
D 110 65 2 111 112 113 8
L 115 62 -21
D 114 61 2 107 115 109 29
D 105 63 2 106 110 114 8
L 118 68 -27
L 119 70 -28
L 120 68 27
D 117 69 2 118 119 120 8
L 123 72 -23
L 124 74 -24
L 125 72 23
D 122 73 2 123 124 125 8
L 127 76 -30
L 128 78 -29
L 129 76 30
D 126 77 2 127 128 129 8
L 131 74 24
D 130 73 2 123 131 125 29
D 121 75 2 122 126 130 8
L 133 70 28
D 132 69 2 118 133 120 29
D 116 71 2 117 121 132 8
L 136 66 26
D 135 65 2 111 136 113 29
D 134 63 2 106 135 114 29
D 104 67 2 105 116 134 8
L 140 80 46
L 141 82 -47
L 142 80 -46
D 139 81 2 140 141 142 8
L 144 84 -48
L 146 86 -50
L 147 88 -49
L 148 86 50
D 145 87 2 146 147 148 8
L 149 84 48
D 143 85 2 144 145 149 8
L 151 82 47
D 150 81 2 140 151 142 29
D 138 83 2 139 143 150 8
L 155 90 -43
L 156 92 -44
L 157 90 43
D 154 91 2 155 156 157 8
L 159 94 -42
L 161 96 -45
L 162 98 -41
L 163 96 45
D 160 97 2 161 162 163 8
L 164 94 42
D 158 95 2 159 160 164 8
L 166 92 44
D 165 91 2 155 166 157 29
D 153 93 2 154 158 165 8
L 169 100 -57
L 171 102 -58
L 173 104 -60
L 174 106 -59
L 175 104 60
D 172 105 2 173 174 175 8
L 176 102 58
D 170 103 2 171 172 176 8
L 177 100 57
D 168 101 2 169 170 177 8
L 180 108 -53
L 182 110 -56
L 183 112 -55
L 184 110 56
D 181 111 2 182 183 184 8
L 185 108 53
D 179 109 2 180 181 185 8
L 188 114 51
L 190 116 -54
L 191 118 -52
L 192 116 54
D 189 117 2 190 191 192 8
L 193 114 -51
D 187 115 2 188 189 193 8
L 196 120 -61
L 197 122 -62
L 198 120 61
D 195 121 2 196 197 198 8
L 201 124 -63
L 202 126 -64
L 203 124 63
D 200 125 2 201 202 203 8
L 205 128 -65
L 207 130 66
L 209 132 -67
L 211 134 -68
L 213 136 -69
L 214 138 -70
L 215 136 69
D 212 137 2 213 214 215 8
L 216 134 68
D 210 135 2 211 212 216 8
L 217 132 67
D 208 133 2 209 210 217 8
L 218 130 -66
D 206 131 2 207 208 218 8
L 219 128 65
D 204 129 2 205 206 219 8
L 221 126 64
D 220 125 2 201 221 203 29
D 199 127 2 200 204 220 8
L 223 122 62
D 222 121 2 196 223 198 29
D 194 123 2 195 199 222 8
L 226 118 52
D 225 117 2 190 226 192 8
D 224 115 2 193 225 188 8
D 230 131 2 218 208 207 8
D 229 129 2 219 230 205 8
D 228 127 2 200 229 220 8
D 227 123 2 195 228 222 8
D 232 117 2 192 191 190 8
D 231 115 2 193 232 188 8
D 235 125 2 203 202 201 8
D 236 129 2 205 230 219 8
D 237 125 2 203 221 201 29
D 234 127 2 235 236 237 8
D 233 123 2 195 234 222 8
D 239 117 2 190 191 192 226
D 240 117 2 190 226 192 29
D 238 115 2 193 239 188 240
D 186 119 4 187 194 224 227 231 233 238 8
D 241 109 2 185 181 180 8
D 243 115 2 193 189 188 8
D 246 125 2 201 221 203 8
D 247 125 2 201 202 203 29
D 245 127 2 246 236 247 8
D 244 123 2 195 245 222 8
D 248 115 2 193 240 188 29
D 242 119 2 243 244 248 8
L 251 112 55
D 250 111 2 182 251 184 8
D 249 109 2 180 250 185 8
D 254 121 2 196 223 198 8
D 255 127 2 200 236 220 8
D 256 121 2 196 197 198 29
D 253 123 2 254 255 256 8
D 252 119 2 243 253 248 8
D 258 111 2 184 183 182 8
D 257 109 2 180 258 185 8
D 261 121 2 198 197 196 8
D 262 121 2 198 223 196 29
D 260 123 2 261 255 262 8
D 259 119 2 243 260 248 8
D 264 111 2 184 251 182 8
D 265 111 2 182 251 184 29
D 263 109 2 180 264 185 265
D 178 113 5 179 186 241 242 249 252 257 259 263 8
L 269 106 59
D 268 105 2 173 269 175 29
D 267 103 2 171 268 176 29
D 266 101 2 169 267 177 29
D 167 107 2 168 178 266 8
L 273 98 41
D 272 97 2 161 273 163 29
D 271 95 2 159 272 164 29
D 270 93 2 154 271 165 29
D 152 99 2 153 167 270 8
D 275 81 2 142 141 140 8
D 276 81 2 142 151 140 29
D 274 83 2 275 143 276 8
D 280 97 2 161 273 163 8
D 279 95 2 159 280 164 8
D 278 93 2 154 279 165 8
L 291 138 70
D 290 137 2 213 291 215 8
D 289 135 2 211 290 216 8
D 288 133 2 209 289 217 8
D 287 131 2 218 288 207 8
D 286 129 2 205 287 219 8
D 285 127 2 200 286 220 8
D 284 123 2 195 285 222 8
D 297 135 2 216 212 211 8
D 296 133 2 209 297 217 8
D 295 131 2 218 296 207 8
D 294 129 2 205 295 219 8
D 293 127 2 200 294 220 8
D 292 123 2 195 293 222 8
D 298 115 2 193 239 188 29
D 283 119 3 224 284 231 292 298 8
D 306 137 2 215 214 213 8
D 305 135 2 211 306 216 8
D 304 133 2 209 305 217 8
D 303 131 2 218 304 207 8
D 302 129 2 205 303 219 8
D 301 127 2 200 302 220 8
D 300 123 2 195 301 222 8
D 299 119 2 243 300 248 8
D 312 133 2 217 210 209 8
D 311 131 2 218 312 207 8
D 310 129 2 205 311 219 8
D 309 127 2 200 310 220 8
D 308 123 2 195 309 222 8
D 307 119 2 243 308 248 8
D 313 119 2 243 194 248 8
D 282 113 5 179 283 241 299 249 307 257 313 263 8
D 316 105 2 173 269 175 8
D 315 103 2 171 316 176 8
D 314 101 2 169 315 177 8
D 318 119 2 243 233 248 8
D 319 109 2 180 265 185 29
D 317 113 2 179 318 319 8
D 321 103 2 176 172 171 8
D 320 101 2 169 321 177 8
D 322 113 2 179 242 319 8
D 325 105 2 175 174 173 8
D 324 103 2 171 325 176 8
D 323 101 2 169 324 177 8
D 326 113 2 179 252 319 8
D 327 101 2 177 170 169 8
D 329 119 2 243 227 248 8
D 328 113 2 179 329 319 8
D 332 105 2 175 269 173 8
D 331 103 2 171 332 176 268
D 330 101 2 169 331 177 267
D 281 107 6 168 282 314 317 320 322 323 326 327 328 330 8
D 334 95 2 164 160 159 8
D 333 93 2 154 334 165 8
D 337 119 4 187 284 224 300 231 308 238 8
D 338 119 2 243 292 248 8
D 336 113 5 179 337 241 338 249 313 257 329 263 8
D 339 113 2 179 259 319 8
D 335 107 6 168 336 320 317 327 322 314 326 323 339 330 8
D 341 91 2 157 156 155 8
D 342 91 2 157 166 155 29
D 340 93 2 341 158 342 8
D 345 119 4 187 300 224 292 231 194 238 8
D 344 113 5 179 345 241 307 249 329 257 242 263 8
D 347 103 2 176 268 171 175
D 346 101 2 169 347 177 267
D 343 107 5 327 317 168 344 320 326 314 339 346 8
D 349 91 2 155 166 157 8
D 350 91 2 155 156 157 29
D 348 93 2 349 158 350 8
D 353 119 4 187 292 224 308 231 227 238 8
D 352 113 5 179 353 241 313 249 242 257 318 263 8
D 354 101 2 177 267 169 268
D 351 107 4 327 326 168 352 320 339 354 8
D 357 97 2 163 162 161 8
D 356 95 2 159 357 164 8
D 355 93 2 154 356 165 8
D 360 119 4 187 308 224 194 231 244 238 8
D 359 113 5 179 360 241 329 249 318 257 252 263 8
D 358 107 3 327 339 168 359 267 8
D 363 97 2 161 162 163 273
D 362 95 2 159 363 164 272
D 364 91 2 157 156 155 166
D 365 91 2 157 166 155 8
D 361 93 3 154 362 364 271 365 29
D 277 99 6 278 281 333 335 340 343 348 351 355 358 361 8
D 367 81 2 142 151 140 8
D 368 81 2 142 141 140 29
D 366 83 2 367 143 368 8
D 372 119 4 187 227 224 244 231 253 238 8
D 373 109 2 185 265 180 184
D 371 113 4 179 372 241 318 249 259 373 8
D 370 107 2 168 371 266 8
D 369 99 2 153 370 270 8
D 375 85 2 149 145 144 8
D 374 83 2 275 375 276 8
D 379 119 4 187 244 224 233 231 260 238 8
D 378 113 3 179 379 241 252 265 8
D 377 107 2 168 378 266 8
D 376 99 2 153 377 270 8
L 383 88 49
D 382 87 2 146 383 148 8
D 381 85 2 144 382 149 8
D 380 83 2 275 381 276 8
D 389 117 2 190 191 192 29
D 388 115 2 193 389 188 240
D 387 119 3 187 233 224 253 388 8
D 386 113 3 179 387 241 259 265 8
D 385 107 2 168 386 266 8
D 384 99 2 153 385 270 8
D 392 87 2 148 147 146 8
D 391 85 2 144 392 149 8
D 390 83 2 275 391 276 8
D 396 119 3 187 253 224 260 388 8
D 395 113 2 179 396 319 8
D 394 107 2 168 395 266 8
D 393 99 2 153 394 270 8
D 399 87 2 148 383 146 8
D 400 87 2 146 383 148 29
D 398 85 2 144 399 149 400
D 401 81 2 140 141 142 151
D 402 85 2 144 400 149 29
D 403 81 2 140 151 142 8
D 397 83 3 275 398 401 402 403 29
D 137 89 7 138 152 274 277 366 369 374 376 380 384 390 393 397 8
D 406 61 2 109 115 107 8
D 407 61 2 109 108 107 29
D 405 63 2 406 110 407 8
D 408 63 2 406 135 407 29
D 404 67 2 405 116 408 8
D 410 99 6 278 335 333 343 340 351 348 358 355 167 361 8
D 415 115 2 188 240 193 29
D 414 119 2 187 260 415 8
D 413 113 2 179 414 319 8
D 412 107 2 168 413 266 8
D 411 99 2 153 412 270 8
D 409 89 7 138 369 274 410 366 376 374 384 380 393 390 411 397 8
D 418 61 2 107 115 109 8
D 419 61 2 107 108 109 29
D 417 63 2 418 110 419 8
D 422 73 2 125 124 123 8
D 423 73 2 125 131 123 29
D 421 75 2 422 126 423 8
D 420 71 2 117 421 132 8
D 424 63 2 418 135 419 29
D 416 67 2 417 420 424 8
D 426 99 6 278 343 333 351 340 358 348 167 355 370 361 8
D 428 85 2 149 400 144 148
D 427 83 3 275 428 401 402 403 29
D 425 89 6 138 376 274 426 366 384 374 393 380 411 427 8
D 432 73 2 123 131 125 8
D 433 73 2 123 124 125 29
D 431 75 2 432 126 433 8
D 430 71 2 117 431 132 8
D 429 67 2 417 430 424 8
D 435 99 6 278 351 333 358 340 167 348 370 355 377 361 8
D 436 83 3 401 402 275 400 403 29
D 434 89 5 138 384 274 435 366 393 374 411 436 8
D 439 65 2 113 112 111 8
D 438 63 2 418 439 419 8
D 441 65 2 113 136 111 29
D 440 63 2 418 441 419 29
D 437 67 2 438 116 440 8
D 443 99 6 278 358 333 167 340 370 348 377 355 385 361 8
D 445 81 2 140 141 142 29
D 444 83 2 445 402 403 29
D 442 89 4 138 393 274 443 366 411 444 8
D 448 65 2 111 136 113 8
D 447 63 2 418 448 419 8
D 450 65 2 111 112 113 29
D 449 63 2 418 450 419 29
D 446 67 2 447 116 449 8
D 452 99 6 278 167 333 370 340 377 348 385 355 394 361 8
D 453 83 2 141 402 151 29
D 451 89 3 138 411 274 452 453 8
D 456 69 2 120 119 118 8
D 457 69 2 120 133 118 29
D 455 71 2 456 121 457 8
D 454 67 2 417 455 424 8
D 459 99 6 278 370 333 377 340 385 348 394 355 412 361 8
D 460 83 2 275 402 276 29
D 458 89 2 274 459 460 8
D 463 69 2 118 133 120 8
D 464 69 2 118 119 120 29
D 462 71 2 463 121 464 8
D 461 67 2 417 462 424 8
D 469 97 2 161 162 163 29
D 468 95 2 164 272 159 469
D 467 93 3 154 468 364 271 365 29
D 466 99 5 278 377 333 385 340 394 348 412 467 8
D 465 89 2 274 466 460 8
L 474 78 29
D 473 77 2 127 474 129 8
D 472 75 2 122 473 130 8
D 471 71 2 117 472 132 8
D 470 67 2 417 471 424 8
D 477 93 3 154 468 341 271 166 29
D 476 99 4 278 385 333 394 340 412 477 8
D 475 89 2 274 476 460 8
D 481 77 2 129 128 127 8
D 480 75 2 122 481 130 8
D 479 71 2 117 480 132 8
D 478 67 2 417 479 424 8
D 484 93 2 154 468 165 29
D 483 99 3 278 394 333 412 484 8
D 482 89 2 274 483 460 8
D 487 65 2 113 112 111 136
D 488 61 2 109 115 107 108
D 489 61 2 109 108 107 8
D 486 63 3 418 487 488 110 489 8
D 492 77 2 127 474 129 29
D 491 75 2 122 492 130 29
D 490 71 2 117 491 132 29
D 494 69 2 120 119 118 133
D 496 73 2 125 124 123 131
D 497 77 2 127 128 129 474
D 498 73 2 125 131 123 8
D 495 75 3 496 492 122 497 498 29
D 499 69 2 120 133 118 8
D 493 71 3 494 491 117 495 499 29
D 501 65 2 113 136 111 8
D 500 63 3 418 501 488 135 489 29
D 485 67 3 486 490 417 493 500 29
D 103 79 11 104 137 404 409 416 425 429 434 437 442 446 451 454 458 461 465 470 475 478 482 485 8
D 504 45 2 79 78 77 8
D 503 43 2 72 504 80 8
D 507 53 2 91 90 89 8
D 508 53 2 91 97 89 29
D 506 55 2 507 92 508 8
D 505 51 2 83 506 98 8
D 510 45 2 79 102 77 29
D 509 43 2 72 510 80 29
D 502 47 2 503 505 509 8
D 515 95 2 159 469 164 29
D 514 93 2 154 515 165 29
D 513 99 2 278 412 514 8
D 512 89 2 274 513 460 8
D 511 79 11 104 409 404 425 416 434 429 442 437 451 446 458 454 465 461 475 470 482 478 512 485 8
D 518 45 2 77 102 79 8
D 517 43 2 72 518 80 8
D 520 45 2 77 78 79 29
D 519 43 2 72 520 80 29
D 516 47 2 517 505 519 8
D 525 77 2 127 128 129 29
D 524 75 3 122 525 496 492 498 29
D 523 71 3 117 524 494 491 499 29
D 522 67 3 417 523 486 490 500 29
D 521 79 10 104 425 404 434 416 442 429 451 437 458 446 465 454 475 461 482 470 512 522 8
D 528 41 2 75 74 73 8
D 529 41 2 75 81 73 29
D 527 43 2 528 76 529 8
D 530 43 2 528 101 529 29
D 526 47 2 527 505 530 8
D 535 73 2 123 124 125 131
D 534 75 2 496 492 535 29
D 533 71 3 117 534 494 491 499 29
D 532 67 3 417 533 486 490 500 29
D 531 79 9 104 434 404 442 416 451 429 458 437 465 446 475 454 482 461 512 532 8
D 538 41 2 73 81 75 8
D 539 41 2 73 74 75 29
D 537 43 2 538 76 539 8
D 540 43 2 538 101 539 29
D 536 47 2 537 505 540 8
D 543 71 3 117 534 456 491 133 29
D 542 67 3 417 543 486 490 500 29
D 541 79 8 104 442 404 451 416 458 429 465 437 475 446 482 454 512 542 8
D 547 53 2 91 97 89 8
D 548 53 2 91 90 89 29
D 546 55 2 547 92 548 8
D 545 51 2 83 546 98 8
D 544 47 2 71 545 100 8
D 551 71 2 117 534 132 29
D 550 67 3 417 551 486 490 500 29
D 549 79 7 104 451 404 458 416 465 429 475 437 482 446 512 550 8
D 554 49 2 86 85 84 8
D 555 49 2 86 99 84 29
D 553 51 2 554 506 555 8
D 552 47 2 71 553 100 8
D 558 63 3 418 439 488 110 489 8
D 559 63 3 488 135 418 136 489 29
D 557 67 3 417 551 558 490 559 29
D 556 79 6 104 458 404 465 416 475 429 482 437 512 557 8
D 562 49 2 84 99 86 8
D 563 49 2 84 85 86 29
D 561 51 2 562 506 563 8
D 560 47 2 71 561 100 8
D 567 61 2 107 115 109 108
D 566 63 2 488 110 567 8
D 569 61 2 109 115 107 29
D 568 63 2 569 135 489 29
D 565 67 3 417 551 566 490 568 29
D 564 79 5 104 465 404 475 416 482 429 512 565 8
D 573 57 2 95 94 93 8
D 572 55 2 507 573 508 8
D 571 51 2 83 572 98 8
D 570 47 2 71 571 100 8
D 577 75 2 422 492 423 29
D 576 71 2 117 577 132 29
D 575 67 3 417 576 566 490 568 29
D 574 79 4 104 475 404 482 416 512 575 8
L 582 58 40
D 581 57 2 93 582 95 8
D 580 55 2 507 581 508 8
D 579 51 2 83 580 98 8
D 578 47 2 71 579 100 8
D 585 63 2 488 135 567 29
D 584 67 2 566 490 585 29
D 583 79 3 104 482 404 512 584 8
D 588 45 2 79 78 77 102
D 589 41 2 75 74 73 81
D 590 41 2 75 81 73 8
D 587 43 3 72 588 589 76 590 8
D 593 57 2 93 582 95 29
D 592 55 2 507 593 508 29
D 591 51 2 83 592 98 29
D 595 49 2 86 85 84 99
D 597 53 2 89 90 91 97
D 598 57 2 93 94 95 582
D 599 53 2 89 97 91 8
D 596 55 3 597 593 507 598 599 29
D 600 49 2 86 99 84 8
D 594 51 3 595 592 83 596 600 29
D 602 45 2 79 102 77 8
D 601 43 3 72 602 589 101 590 29
D 586 47 3 587 591 71 594 601 29
D 69 59 11 70 103 502 511 516 521 526 531 536 541 544 549 552 556 560 564 570 574 578 583 586 8
D 605 29 2 50 65 52 8
D 607 33 2 57 56 55 8
D 608 33 2 57 63 55 29
D 606 35 2 607 58 608 8
D 609 29 2 50 51 52 29
D 604 31 2 605 606 609 8
D 603 27 2 37 604 66 8
D 612 67 2 105 490 134 29
D 611 79 2 104 512 612 8
D 610 59 11 70 511 502 521 516 531 526 541 536 549 544 556 552 564 560 574 570 583 578 611 586 8
D 615 29 2 52 51 50 8
D 616 29 2 52 65 50 29
D 614 31 2 615 606 616 8
D 613 27 2 37 614 66 8
D 621 57 2 95 582 93 29
D 620 55 3 507 621 597 593 599 29
D 619 51 3 83 620 595 592 600 29
D 618 47 3 71 619 587 591 601 29
D 617 59 10 70 521 502 531 516 541 526 549 536 556 544 564 552 574 560 583 570 611 618 8
D 624 21 2 41 40 39 8
D 625 21 2 41 47 39 29
D 623 23 2 624 42 625 8
D 626 31 2 49 606 64 8
D 627 23 2 624 67 625 29
D 622 27 2 623 626 627 8
D 632 53 2 91 90 89 97
D 631 55 2 597 593 632 29
D 630 51 3 83 631 595 592 600 29
D 629 47 3 71 630 587 591 601 29
D 628 59 9 70 531 502 541 516 549 526 556 536 564 544 574 552 583 560 611 629 8
D 635 21 2 39 47 41 8
D 636 21 2 39 40 41 29
D 634 23 2 635 42 636 8
D 637 23 2 635 67 636 29
D 633 27 2 634 626 637 8
D 640 51 3 83 631 554 592 99 29
D 639 47 3 71 640 587 591 601 29
D 638 59 8 70 541 502 549 516 556 526 564 536 574 544 583 552 611 639 8
D 643 25 2 45 44 43 8
D 642 23 2 38 643 46 8
D 645 25 2 45 68 43 29
D 644 23 2 38 645 46 29
D 641 27 2 642 626 644 8
D 648 51 2 83 631 98 29
D 647 47 3 71 648 587 591 601 29
D 646 59 7 70 549 502 556 516 564 526 574 536 583 544 611 647 8
D 651 25 2 43 68 45 8
D 650 23 2 38 651 46 8
D 653 25 2 43 44 45 29
D 652 23 2 38 653 46 29
D 649 27 2 650 626 652 8
D 657 55 2 88 593 96 29
D 656 51 2 83 657 98 29
D 655 47 3 71 656 587 591 601 29
D 654 59 6 70 556 502 564 516 574 526 583 536 611 655 8
D 661 33 2 57 63 55 8
D 662 33 2 57 56 55 29
D 660 35 2 661 58 662 8
D 659 31 2 49 660 64 8
D 658 27 2 37 659 66 8
D 665 43 3 72 588 528 76 81 8
D 666 43 3 72 602 528 101 81 29
D 664 47 3 71 656 665 591 666 29
D 663 59 5 70 564 502 574 516 583 526 611 664 8
L 671 38 19
D 670 37 2 59 671 61 8
D 669 35 2 607 670 608 8
D 668 31 2 49 669 64 8
D 667 27 2 37 668 66 8
D 674 43 2 72 588 80 8
D 675 43 2 72 602 80 29
D 673 47 3 71 656 674 591 675 29
D 672 59 4 70 574 502 583 516 611 673 8
D 679 37 2 61 60 59 8
D 678 35 2 607 679 608 8
D 677 31 2 49 678 64 8
D 676 27 2 37 677 66 8
D 682 43 2 72 102 80 29
D 681 47 3 71 656 503 591 682 29
D 680 59 3 70 583 502 611 681 8
D 685 25 2 45 44 43 68
D 686 21 2 41 40 39 47
D 687 21 2 41 47 39 8
D 684 23 3 38 685 686 42 687 8
D 690 37 2 59 671 61 29
D 689 35 2 607 690 608 29
D 688 31 2 49 689 64 29
D 692 29 2 52 51 50 65
D 694 33 2 55 56 57 63
D 695 37 2 59 60 61 671
D 696 33 2 55 63 57 8
D 693 35 3 694 690 607 695 696 29
D 697 29 2 52 65 50 8
D 691 31 3 692 689 49 693 697 29
D 699 25 2 45 68 43 8
D 698 23 3 38 699 686 67 687 29
D 683 27 3 684 688 37 691 698 29
D 35 39 11 36 69 603 610 613 617 622 628 633 638 641 646 649 654 658 663 667 672 676 680 683 8
D 702 3 2 5 34 7 8
D 701 1 2 3 702 9 8
D 705 11 2 17 28 19 8
D 706 11 2 17 18 19 29
D 704 13 2 705 20 706 8
D 703 9 2 11 704 30 8
D 708 3 2 5 6 7 29
D 707 1 2 3 708 9 29
D 700 5 2 701 703 707 8
D 711 47 2 71 656 100 29
D 710 59 2 70 611 711 8
D 709 39 11 36 610 603 617 613 628 622 638 633 646 641 654 649 663 658 672 667 680 676 710 683 8
D 713 1 2 9 4 3 8
D 714 1 2 9 33 3 29
D 712 5 2 713 703 714 8
D 719 37 2 59 60 61 29
D 718 35 3 607 719 694 690 696 29
D 717 31 3 49 718 692 689 697 29
D 716 27 3 37 717 684 688 698 29
D 715 39 10 36 617 603 628 613 638 622 646 633 654 641 663 649 672 658 680 667 710 716 8
D 722 3 2 7 6 5 8
D 721 1 2 3 722 9 8
D 724 3 2 7 34 5 29
D 723 1 2 3 724 9 29
D 720 5 2 721 703 723 8
D 729 33 2 57 56 55 63
D 728 35 2 694 690 729 29
D 727 31 3 49 728 692 689 697 29
D 726 27 3 37 727 684 688 698 29
D 725 39 9 36 628 603 638 613 646 622 654 633 663 641 672 649 680 658 710 726 8
D 733 11 2 19 28 17 8
D 734 11 2 19 18 17 29
D 732 13 2 733 20 734 8
D 731 9 2 11 732 30 8
D 730 5 2 2 731 32 8
D 738 35 2 54 690 62 29
D 737 31 3 49 738 692 689 697 29
D 736 27 3 37 737 684 688 698 29
D 735 39 8 36 638 603 646 613 654 622 663 633 672 641 680 649 710 736 8
D 741 7 2 14 13 12 8
D 742 7 2 14 31 12 29
D 740 9 2 741 704 742 8
D 739 5 2 2 740 32 8
D 745 23 3 38 643 686 42 687 8
D 746 23 3 686 67 38 68 687 29
D 744 27 3 37 737 745 688 746 29
D 743 39 7 36 646 603 654 613 663 622 672 633 680 641 710 744 8
D 749 7 2 12 31 14 8
D 750 7 2 12 13 14 29
D 748 9 2 749 704 750 8
D 747 5 2 2 748 32 8
D 754 21 2 39 40 41 47
D 753 23 2 686 42 754 8
D 756 21 2 41 40 39 29
D 755 23 2 756 67 687 29
D 752 27 3 37 737 753 688 755 29
D 751 39 6 36 654 603 663 613 672 622 680 633 710 752 8
D 760 15 2 26 22 21 8
D 759 13 2 705 760 706 8
D 758 9 2 11 759 30 8
D 757 5 2 2 758 32 8
D 763 23 2 40 67 47 29
D 762 27 3 37 737 623 688 763 29
D 761 39 5 36 663 603 672 613 680 622 710 762 8
D 768 17 2 25 24 23 8
D 767 15 2 21 768 26 8
D 766 13 2 705 767 706 8
D 765 9 2 11 766 30 8
D 764 5 2 2 765 32 8
D 770 27 2 37 737 66 29
D 769 39 4 36 672 603 680 613 710 770 8
L 776 18 10
D 775 17 2 23 776 25 8
D 774 15 2 21 775 26 8
D 773 13 2 705 774 706 8
D 772 9 2 11 773 30 8
D 771 5 2 2 772 32 8
D 779 31 3 49 738 605 689 52 29
D 778 27 2 37 779 66 29
D 777 39 3 36 680 603 710 778 8
D 784 17 2 23 24 25 776
D 785 17 2 23 776 25 29
D 783 15 2 21 784 26 785
D 786 11 2 19 28 17 18
D 787 15 2 21 785 26 29
D 788 11 2 19 18 17 8
D 782 13 3 705 783 786 787 788 29
D 789 7 2 14 13 12 31
D 790 13 2 705 787 706 29
D 791 7 2 14 31 12 8
D 781 9 3 11 782 789 790 791 29
D 793 3 2 7 6 5 34
D 792 1 2 3 793 9 4
D 794 9 2 11 790 30 29
D 796 3 2 7 34 5 8
D 795 1 2 3 796 9 33
D 780 5 3 2 781 792 794 795 29
D 0 19 11 1 35 700 709 712 715 720 725 730 735 739 743 747 751 757 761 764 769 771 777 780 8
