c ids of sdd nodes start at 0
c sdd nodes appear bottom-up, children before parents
c
c file syntax:
c sdd count-of-sdd-nodes
c F id-of-false-sdd-node
c T id-of-true-sdd-node
c L id-of-literal-sdd-node id-of-vtree literal
c D id-of-decomposition-sdd-node id-of-vtree number-of-elements {id-of-prime id-of-sub}*
c
sdd 824
L 3 0 -3
L 5 2 -4
L 6 4 -2
L 7 2 4
F 8
D 4 3 2 5 6 7 8
L 9 0 3
D 2 1 2 3 4 9 8
L 12 6 -6
L 13 8 -7
L 14 6 6
D 11 7 2 12 13 14 8
L 17 10 -5
L 18 12 1
L 19 10 5
D 16 11 2 17 18 19 8
L 21 14 -8
L 23 16 -9
L 24 18 -10
L 25 16 9
D 22 17 2 23 24 25 8
L 26 14 8
D 20 15 2 21 22 26 8
L 28 12 -1
T 29
D 27 11 2 17 28 19 29
D 15 13 2 16 20 27 8
L 31 8 7
D 30 7 2 12 31 14 29
D 10 9 2 11 15 30 8
L 34 4 2
D 33 3 2 5 34 7 29
D 32 1 2 3 33 9 29
D 1 5 2 2 10 32 8
L 39 20 -14
L 40 22 -15
L 41 20 14
D 38 21 2 39 40 41 8
L 43 24 -16
L 44 26 -17
L 45 24 16
D 42 25 2 43 44 45 8
L 47 22 15
D 46 21 2 39 47 41 29
D 37 23 2 38 42 46 8
L 50 28 -13
L 51 30 -12
L 52 28 13
D 49 29 2 50 51 52 8
L 55 32 11
L 56 34 -18
L 57 32 -11
D 54 33 2 55 56 57 8
L 59 36 -20
L 60 38 -19
L 61 36 20
D 58 37 2 59 60 61 8
L 63 34 18
D 62 33 2 55 63 57 29
D 53 35 2 54 58 62 8
L 65 30 12
D 64 29 2 50 65 52 29
D 48 31 2 49 53 64 8
L 68 26 17
D 67 25 2 43 68 45 29
D 66 23 2 38 67 46 29
D 36 27 2 37 48 66 8
L 73 40 -34
L 74 42 -35
L 75 40 34
D 72 41 2 73 74 75 8
L 77 44 -32
L 78 46 -33
L 79 44 32
D 76 45 2 77 78 79 8
L 81 42 35
D 80 41 2 73 81 75 29
D 71 43 2 72 76 80 8
L 84 48 -37
L 85 50 -38
L 86 48 37
D 83 49 2 84 85 86 8
L 89 52 31
L 90 54 -36
L 91 52 -31
D 88 53 2 89 90 91 8
L 93 56 -39
L 94 58 -40
L 95 56 39
D 92 57 2 93 94 95 8
L 97 54 36
D 96 53 2 89 97 91 29
D 87 55 2 88 92 96 8
L 99 50 38
D 98 49 2 84 99 86 29
D 82 51 2 83 87 98 8
L 102 46 33
D 101 45 2 77 102 79 29
D 100 43 2 72 101 80 29
D 70 47 2 71 82 100 8
L 107 60 -22
L 108 62 21
L 109 60 22
D 106 61 2 107 108 109 8
L 111 64 -25
L 112 66 -26
L 113 64 25
D 110 65 2 111 112 113 8
L 115 62 -21
D 114 61 2 107 115 109 29
D 105 63 2 106 110 114 8
L 118 68 -27
L 119 70 -28
L 120 68 27
D 117 69 2 118 119 120 8
L 123 72 -23
L 124 74 -24
L 125 72 23
D 122 73 2 123 124 125 8
L 127 76 -30
L 128 78 -29
L 129 76 30
D 126 77 2 127 128 129 8
L 131 74 24
D 130 73 2 123 131 125 29
D 121 75 2 122 126 130 8
L 133 70 28
D 132 69 2 118 133 120 29
D 116 71 2 117 121 132 8
L 136 66 26
D 135 65 2 111 136 113 29
D 134 63 2 106 135 114 29
D 104 67 2 105 116 134 8
L 140 80 46
L 141 82 -47
L 142 80 -46
D 139 81 2 140 141 142 8
L 144 84 -48
L 146 86 -50
L 147 88 -49
L 148 86 50
D 145 87 2 146 147 148 8
L 149 84 48
D 143 85 2 144 145 149 8
L 151 82 47
D 150 81 2 140 151 142 29
D 138 83 2 139 143 150 8
L 155 90 -43
L 156 92 -44
L 157 90 43
D 154 91 2 155 156 157 8
L 159 94 -42
L 161 96 -45
L 162 98 -41
L 163 96 45
D 160 97 2 161 162 163 8
L 164 94 42
D 158 95 2 159 160 164 8
L 166 92 44
D 165 91 2 155 166 157 29
D 153 93 2 154 158 165 8
L 169 100 57
L 171 102 -58
L 173 104 -60
L 174 106 -59
L 175 104 60
D 172 105 2 173 174 175 8
L 176 102 58
D 170 103 2 171 172 176 8
L 177 100 -57
D 168 101 2 169 170 177 8
L 180 108 -53
L 182 110 -56
L 183 112 -55
L 184 110 56
D 181 111 2 182 183 184 8
L 185 108 53
D 179 109 2 180 181 185 8
L 188 114 -51
L 190 116 -54
L 191 118 -52
L 192 116 54
D 189 117 2 190 191 192 8
L 193 114 51
D 187 115 2 188 189 193 8
L 196 120 -61
L 197 122 -62
L 198 120 61
D 195 121 2 196 197 198 8
L 201 124 63
L 202 126 -64
L 203 124 -63
D 200 125 2 201 202 203 8
L 205 128 -65
L 207 130 -66
L 209 132 -67
L 211 134 -68
L 213 136 -69
L 214 138 -70
L 215 136 69
D 212 137 2 213 214 215 8
L 216 134 68
D 210 135 2 211 212 216 8
L 217 132 67
D 208 133 2 209 210 217 8
L 218 130 66
D 206 131 2 207 208 218 8
L 219 128 65
D 204 129 2 205 206 219 8
L 221 126 64
D 220 125 2 201 221 203 29
D 199 127 2 200 204 220 8
L 223 122 62
D 222 121 2 196 223 198 29
D 194 123 2 195 199 222 8
L 226 118 52
D 225 117 2 190 226 192 29
D 224 115 2 188 225 193 29
D 186 119 2 187 194 224 8
L 229 112 55
D 228 111 2 182 229 184 29
D 227 109 2 180 228 185 29
D 178 113 2 179 186 227 8
D 230 101 2 177 170 169 8
D 233 115 2 193 189 188 8
D 236 125 2 203 202 201 8
D 241 137 2 215 214 213 8
D 240 135 2 211 241 216 8
D 239 133 2 209 240 217 8
D 238 131 2 207 239 218 8
D 237 129 2 205 238 219 8
D 242 125 2 203 221 201 29
D 235 127 2 236 237 242 8
D 234 123 2 195 235 222 8
D 244 117 2 190 226 192 8
D 243 115 2 188 244 193 8
D 250 135 2 216 212 211 8
D 249 133 2 209 250 217 8
D 248 131 2 207 249 218 8
D 247 129 2 205 248 219 8
D 246 127 2 236 247 242 8
D 245 123 2 195 246 222 8
D 252 117 2 192 191 190 8
D 251 115 2 188 252 193 8
D 256 131 2 218 208 207 8
D 255 129 2 205 256 219 8
D 254 127 2 236 255 242 8
D 253 123 2 195 254 222 8
D 258 117 2 190 191 192 226
D 257 115 2 188 258 193 225
D 232 119 4 233 234 243 245 251 253 257 8
D 259 109 2 185 181 180 8
D 265 133 2 217 210 209 8
D 264 131 2 207 265 218 8
D 263 129 2 205 264 219 8
D 262 127 2 236 263 242 8
D 261 123 2 195 262 222 8
D 260 119 2 187 261 224 8
D 267 111 2 182 229 184 8
D 266 109 2 180 267 185 8
D 271 129 2 219 206 205 8
D 270 127 2 236 271 242 8
D 269 123 2 195 270 222 8
D 268 119 2 187 269 224 8
D 273 111 2 184 183 182 8
D 272 109 2 180 273 185 8
D 277 125 2 203 221 201 8
D 278 125 2 203 202 201 29
D 276 127 2 277 204 278 8
D 275 123 2 195 276 222 8
D 274 119 2 187 275 224 8
D 280 111 2 184 229 182 8
D 279 109 2 180 280 185 228
D 231 113 5 179 232 259 260 266 268 272 274 279 8
D 282 103 2 176 172 171 8
D 281 101 2 177 282 169 8
D 286 121 2 196 223 198 8
D 287 127 2 236 204 242 8
D 288 121 2 196 197 198 29
D 285 123 2 286 287 288 8
D 284 119 2 187 285 224 8
D 283 113 2 179 284 227 8
L 292 106 59
D 291 105 2 173 292 175 8
D 290 103 2 171 291 176 8
D 289 101 2 177 290 169 8
D 296 121 2 198 197 196 8
D 297 121 2 198 223 196 29
D 295 123 2 296 287 297 8
D 294 119 2 187 295 224 8
D 293 113 2 179 294 227 8
D 300 105 2 173 292 175 29
D 299 103 2 176 300 171 175
D 301 103 2 171 300 176 29
D 298 101 2 177 299 169 301
D 167 107 5 168 178 230 231 281 283 289 293 298 8
L 305 98 41
D 304 97 2 161 305 163 29
D 303 95 2 159 304 164 29
D 302 93 2 154 303 165 29
D 152 99 2 153 167 302 8
D 307 81 2 142 141 140 8
D 308 81 2 142 151 140 29
D 306 83 2 307 143 308 8
D 312 97 2 161 305 163 8
D 311 95 2 159 312 164 8
D 310 93 2 154 311 165 8
D 316 105 2 175 174 173 8
D 315 103 2 171 316 176 8
D 314 101 2 177 315 169 8
D 317 113 2 179 268 227 8
D 319 119 2 187 234 224 8
L 328 138 70
D 327 137 2 213 328 215 8
D 326 135 2 211 327 216 8
D 325 133 2 209 326 217 8
D 324 131 2 207 325 218 8
D 323 129 2 205 324 219 8
D 322 127 2 236 323 242 8
D 321 123 2 195 322 222 8
D 320 119 2 187 321 224 8
D 330 111 2 182 183 184 229
D 329 109 2 180 330 185 29
D 318 113 3 272 319 266 320 329 8
D 332 119 2 187 253 224 8
D 331 113 2 179 332 227 8
D 333 113 2 179 260 227 8
D 335 119 2 187 245 224 8
D 334 113 2 179 335 227 8
D 338 105 2 175 292 173 8
D 337 103 2 171 338 176 300
D 336 101 2 177 337 169 301
D 313 107 6 314 317 230 318 289 331 281 333 168 334 336 8
D 340 95 2 164 160 159 8
D 339 93 2 154 340 165 8
D 342 113 2 179 274 227 8
D 346 117 2 192 226 190 29
D 345 115 2 188 346 193 29
D 344 119 2 251 321 345 8
D 347 109 2 180 280 185 29
D 343 113 4 266 319 179 344 272 335 347 8
D 341 107 6 314 342 230 343 289 317 281 331 168 333 336 8
D 349 91 2 157 156 155 8
D 350 91 2 157 166 155 29
D 348 93 2 349 158 350 8
D 353 119 2 251 234 345 8
D 352 113 5 266 335 259 320 179 353 272 260 279 8
D 351 107 6 230 352 314 178 289 342 281 317 168 331 336 8
D 355 91 2 155 166 157 8
D 356 91 2 155 156 157 29
D 354 93 2 355 158 356 8
D 360 115 2 188 258 193 29
D 359 119 3 243 321 251 245 360 8
D 358 113 5 179 359 259 319 266 260 272 332 279 8
D 357 107 6 230 358 289 178 281 342 314 283 168 317 336 8
D 363 97 2 163 162 161 8
D 362 95 2 159 363 164 8
D 361 93 2 154 362 165 8
D 366 119 4 233 321 243 234 251 261 257 8
D 365 113 5 179 366 259 335 266 332 272 268 279 8
D 364 107 6 230 365 281 178 168 342 289 283 314 293 336 8
D 369 97 2 161 162 163 305
D 368 95 2 159 369 164 304
D 370 91 2 157 156 155 166
D 371 91 2 157 166 155 8
D 367 93 3 154 368 370 303 371 29
D 309 99 6 310 313 339 341 348 351 354 357 361 364 367 8
D 373 81 2 142 151 140 8
D 374 81 2 142 141 140 29
D 372 83 2 373 143 374 8
D 378 119 4 233 245 243 261 251 269 257 8
D 377 113 5 179 378 259 332 266 274 272 186 279 8
D 379 101 2 169 301 177 300
D 376 107 4 168 283 230 377 281 293 379 8
D 375 99 2 153 376 302 8
D 381 85 2 149 145 144 8
D 380 83 2 307 381 308 8
D 385 119 4 233 261 243 253 251 275 257 8
D 384 113 5 179 385 259 268 266 186 272 284 279 8
D 383 107 3 168 293 230 384 301 8
D 382 99 2 153 383 302 8
L 389 88 49
D 388 87 2 146 389 148 8
D 387 85 2 144 388 149 8
D 386 83 2 307 387 308 8
D 393 119 4 233 253 243 269 251 194 257 8
D 392 113 5 179 393 259 274 266 284 272 294 279 8
D 394 101 2 177 301 169 29
D 391 107 2 230 392 394 8
D 390 99 2 153 391 302 8
D 397 87 2 148 147 146 8
D 396 85 2 144 397 149 8
D 395 83 2 307 396 308 8
D 401 119 4 233 269 243 275 251 285 257 8
D 402 109 2 185 228 180 184
D 400 113 4 179 401 259 186 266 294 402 8
D 399 107 2 230 400 394 8
D 398 99 2 153 399 302 8
D 405 87 2 148 389 146 8
D 406 87 2 146 389 148 29
D 404 85 2 144 405 149 406
D 407 81 2 140 141 142 151
D 408 85 2 144 406 149 29
D 409 81 2 140 151 142 8
D 403 83 3 307 404 407 408 409 29
D 137 89 7 138 152 306 309 372 375 380 382 386 390 395 398 403 8
D 412 61 2 109 115 107 8
D 413 61 2 109 108 107 29
D 411 63 2 412 110 413 8
D 414 63 2 412 135 413 29
D 410 67 2 411 116 414 8
D 416 99 6 310 341 339 351 348 357 354 364 361 167 367 8
D 420 119 4 233 275 243 194 251 295 257 8
D 419 113 3 179 420 259 284 228 8
D 418 107 2 230 419 394 8
D 417 99 2 153 418 302 8
D 415 89 7 138 375 306 416 372 382 380 390 386 398 395 417 403 8
D 423 61 2 107 115 109 8
D 424 61 2 107 108 109 29
D 422 63 2 423 110 424 8
D 427 73 2 125 124 123 8
D 428 73 2 125 131 123 29
D 426 75 2 427 126 428 8
D 425 71 2 117 426 132 8
D 429 63 2 423 135 424 29
D 421 67 2 422 425 429 8
D 431 99 6 310 351 339 357 348 364 354 167 361 376 367 8
D 437 117 2 190 191 192 29
D 436 115 2 188 437 193 225
D 435 119 3 233 194 243 285 436 8
D 434 113 3 179 435 259 294 228 8
D 433 107 2 230 434 394 8
D 432 99 2 153 433 302 8
D 430 89 7 138 382 306 431 372 390 380 398 386 417 395 432 403 8
D 441 73 2 123 131 125 8
D 442 73 2 123 124 125 29
D 440 75 2 441 126 442 8
D 439 71 2 117 440 132 8
D 438 67 2 422 439 429 8
D 444 99 6 310 357 339 364 348 167 354 376 361 383 367 8
D 448 119 3 233 285 243 295 436 8
D 447 113 2 179 448 227 8
D 446 107 2 230 447 394 8
D 445 99 2 153 446 302 8
D 443 89 7 138 390 306 444 372 398 380 417 386 432 395 445 403 8
D 451 65 2 113 112 111 8
D 450 63 2 423 451 424 8
D 453 65 2 113 136 111 29
D 452 63 2 423 453 424 29
D 449 67 2 450 116 452 8
D 455 99 6 310 364 339 167 348 376 354 383 361 391 367 8
D 460 115 2 193 225 188 29
D 459 119 2 233 295 460 8
D 458 113 2 179 459 227 8
D 457 107 2 230 458 394 8
D 456 99 2 153 457 302 8
D 454 89 7 138 398 306 455 372 417 380 432 386 445 395 456 403 8
D 463 65 2 111 136 113 8
D 462 63 2 423 463 424 8
D 465 65 2 111 112 113 29
D 464 63 2 423 465 424 29
D 461 67 2 462 116 464 8
D 467 99 6 310 167 339 376 348 383 354 391 361 399 367 8
D 469 85 2 149 406 144 148
D 468 83 3 307 469 407 408 409 29
D 466 89 6 138 417 306 467 372 432 380 445 386 456 468 8
D 472 69 2 120 119 118 8
D 473 69 2 120 133 118 29
D 471 71 2 472 121 473 8
D 470 67 2 422 471 429 8
D 475 99 6 310 376 339 383 348 391 354 399 361 418 367 8
D 476 83 3 407 408 307 406 409 29
D 474 89 5 138 432 306 475 372 445 380 456 476 8
D 479 69 2 118 133 120 8
D 480 69 2 118 119 120 29
D 478 71 2 479 121 480 8
D 477 67 2 422 478 429 8
D 482 99 6 310 383 339 391 348 399 354 418 361 433 367 8
D 484 81 2 140 141 142 29
D 483 83 2 484 408 409 29
D 481 89 4 138 445 306 482 372 456 483 8
L 489 78 29
D 488 77 2 127 489 129 8
D 487 75 2 122 488 130 8
D 486 71 2 117 487 132 8
D 485 67 2 422 486 429 8
D 491 99 6 310 391 339 399 348 418 354 433 361 446 367 8
D 492 83 2 141 408 151 29
D 490 89 3 138 456 306 491 492 8
D 496 77 2 129 128 127 8
D 495 75 2 122 496 130 8
D 494 71 2 117 495 132 8
D 493 67 2 422 494 429 8
D 498 99 6 310 399 339 418 348 433 354 446 361 457 367 8
D 499 83 2 307 408 308 29
D 497 89 2 306 498 499 8
D 502 65 2 113 112 111 136
D 503 61 2 109 115 107 108
D 504 61 2 109 108 107 8
D 501 63 3 423 502 503 110 504 8
D 507 77 2 127 489 129 29
D 506 75 2 122 507 130 29
D 505 71 2 117 506 132 29
D 509 69 2 120 119 118 133
D 511 73 2 125 124 123 131
D 512 77 2 127 128 129 489
D 513 73 2 125 131 123 8
D 510 75 3 511 507 122 512 513 29
D 514 69 2 120 133 118 8
D 508 71 3 509 506 117 510 514 29
D 516 65 2 113 136 111 8
D 515 63 3 423 516 503 135 504 29
D 500 67 3 501 505 422 508 515 29
D 103 79 11 104 137 410 415 421 430 438 443 449 454 461 466 470 474 477 481 485 490 493 497 500 8
D 519 45 2 79 78 77 8
D 518 43 2 72 519 80 8
D 522 53 2 91 90 89 8
D 523 53 2 91 97 89 29
D 521 55 2 522 92 523 8
D 520 51 2 83 521 98 8
D 525 45 2 79 102 77 29
D 524 43 2 72 525 80 29
D 517 47 2 518 520 524 8
D 531 97 2 161 162 163 29
D 530 95 2 164 304 159 531
D 529 93 3 154 530 370 303 371 29
D 528 99 5 310 418 339 433 348 446 354 457 529 8
D 527 89 2 306 528 499 8
D 526 79 11 104 415 410 430 421 443 438 454 449 466 461 474 470 481 477 490 485 497 493 527 500 8
D 534 45 2 77 102 79 8
D 533 43 2 72 534 80 8
D 536 45 2 77 78 79 29
D 535 43 2 72 536 80 29
D 532 47 2 533 520 535 8
D 540 93 3 154 530 349 303 166 29
D 539 99 4 310 433 339 446 348 457 540 8
D 538 89 2 306 539 499 8
D 537 79 11 104 430 410 443 421 454 438 466 449 474 461 481 470 490 477 497 485 527 493 538 500 8
D 543 41 2 75 74 73 8
D 544 41 2 75 81 73 29
D 542 43 2 543 76 544 8
D 545 43 2 543 101 544 29
D 541 47 2 542 520 545 8
D 549 93 2 154 530 165 29
D 548 99 3 310 446 339 457 549 8
D 547 89 2 306 548 499 8
D 546 79 11 104 443 410 454 421 466 438 474 449 481 461 490 470 497 477 527 485 538 493 547 500 8
D 552 41 2 73 81 75 8
D 553 41 2 73 74 75 29
D 551 43 2 552 76 553 8
D 554 43 2 552 101 553 29
D 550 47 2 551 520 554 8
D 559 95 2 159 531 164 29
D 558 93 2 154 559 165 29
D 557 99 2 310 457 558 8
D 556 89 2 306 557 499 8
D 555 79 11 104 454 410 466 421 474 438 481 449 490 461 497 470 527 477 538 485 547 493 556 500 8
D 563 53 2 91 97 89 8
D 564 53 2 91 90 89 29
D 562 55 2 563 92 564 8
D 561 51 2 83 562 98 8
D 560 47 2 71 561 100 8
D 569 77 2 127 128 129 29
D 568 75 3 122 569 511 507 513 29
D 567 71 3 117 568 509 506 514 29
D 566 67 3 422 567 501 505 515 29
D 565 79 10 104 466 410 474 421 481 438 490 449 497 461 527 470 538 477 547 485 556 566 8
D 572 49 2 86 85 84 8
D 573 49 2 86 99 84 29
D 571 51 2 572 521 573 8
D 570 47 2 71 571 100 8
D 578 73 2 123 124 125 131
D 577 75 2 511 507 578 29
D 576 71 3 117 577 509 506 514 29
D 575 67 3 422 576 501 505 515 29
D 574 79 9 104 474 410 481 421 490 438 497 449 527 461 538 470 547 477 556 575 8
D 581 49 2 84 99 86 8
D 582 49 2 84 85 86 29
D 580 51 2 581 521 582 8
D 579 47 2 71 580 100 8
D 585 71 3 117 577 472 506 133 29
D 584 67 3 422 585 501 505 515 29
D 583 79 8 104 481 410 490 421 497 438 527 449 538 461 547 470 556 584 8
D 589 57 2 95 94 93 8
D 588 55 2 522 589 523 8
D 587 51 2 83 588 98 8
D 586 47 2 71 587 100 8
D 592 71 2 117 577 132 29
D 591 67 3 422 592 501 505 515 29
D 590 79 7 104 490 410 497 421 527 438 538 449 547 461 556 591 8
L 597 58 40
D 596 57 2 93 597 95 8
D 595 55 2 522 596 523 8
D 594 51 2 83 595 98 8
D 593 47 2 71 594 100 8
D 600 63 3 423 451 503 110 504 8
D 601 63 3 503 135 423 136 504 29
D 599 67 3 422 592 600 505 601 29
D 598 79 6 104 497 410 527 421 538 438 547 449 556 599 8
D 604 45 2 79 78 77 102
D 605 41 2 75 74 73 81
D 606 41 2 75 81 73 8
D 603 43 3 72 604 605 76 606 8
D 609 57 2 93 597 95 29
D 608 55 2 522 609 523 29
D 607 51 2 83 608 98 29
D 611 49 2 86 85 84 99
D 613 53 2 89 90 91 97
D 614 57 2 93 94 95 597
D 615 53 2 89 97 91 8
D 612 55 3 613 609 522 614 615 29
D 616 49 2 86 99 84 8
D 610 51 3 611 608 83 612 616 29
D 618 45 2 79 102 77 8
D 617 43 3 72 618 605 101 606 29
D 602 47 3 603 607 71 610 617 29
D 69 59 11 70 103 517 526 532 537 541 546 550 555 560 565 570 574 579 583 586 590 593 598 602 8
D 621 29 2 50 65 52 8
D 623 33 2 57 56 55 8
D 624 33 2 57 63 55 29
D 622 35 2 623 58 624 8
D 625 29 2 50 51 52 29
D 620 31 2 621 622 625 8
D 619 27 2 37 620 66 8
D 630 61 2 107 115 109 108
D 629 63 2 503 110 630 8
D 632 61 2 109 115 107 29
D 631 63 2 632 135 504 29
D 628 67 3 422 592 629 505 631 29
D 627 79 5 104 527 410 538 421 547 438 556 628 8
D 626 59 11 70 526 517 537 532 546 541 555 550 565 560 574 570 583 579 590 586 598 593 627 602 8
D 635 29 2 52 51 50 8
D 636 29 2 52 65 50 29
D 634 31 2 635 622 636 8
D 633 27 2 37 634 66 8
D 641 75 2 427 507 428 29
D 640 71 2 117 641 132 29
D 639 67 3 422 640 629 505 631 29
D 638 79 4 104 538 410 547 421 556 639 8
D 637 59 11 70 537 517 546 532 555 541 565 550 574 560 583 570 590 579 598 586 627 593 638 602 8
D 644 21 2 41 40 39 8
D 645 21 2 41 47 39 29
D 643 23 2 644 42 645 8
D 646 31 2 49 622 64 8
D 647 23 2 644 67 645 29
D 642 27 2 643 646 647 8
D 651 63 2 503 135 630 29
D 650 67 2 629 505 651 29
D 649 79 3 104 547 410 556 650 8
D 648 59 11 70 546 517 555 532 565 541 574 550 583 560 590 570 598 579 627 586 638 593 649 602 8
D 654 21 2 39 47 41 8
D 655 21 2 39 40 41 29
D 653 23 2 654 42 655 8
D 656 23 2 654 67 655 29
D 652 27 2 653 646 656 8
D 659 67 2 105 505 134 29
D 658 79 2 104 556 659 8
D 657 59 11 70 555 517 565 532 574 541 583 550 590 560 598 570 627 579 638 586 649 593 658 602 8
D 662 25 2 45 44 43 8
D 661 23 2 38 662 46 8
D 664 25 2 45 68 43 29
D 663 23 2 38 664 46 29
D 660 27 2 661 646 663 8
D 669 57 2 95 597 93 29
D 668 55 3 522 669 613 609 615 29
D 667 51 3 83 668 611 608 616 29
D 666 47 3 71 667 603 607 617 29
D 665 59 10 70 565 517 574 532 583 541 590 550 598 560 627 570 638 579 649 586 658 666 8
D 672 25 2 43 68 45 8
D 671 23 2 38 672 46 8
D 674 25 2 43 44 45 29
D 673 23 2 38 674 46 29
D 670 27 2 671 646 673 8
D 679 53 2 91 90 89 97
D 678 55 2 613 609 679 29
D 677 51 3 83 678 611 608 616 29
D 676 47 3 71 677 603 607 617 29
D 675 59 9 70 574 517 583 532 590 541 598 550 627 560 638 570 649 579 658 676 8
D 683 33 2 57 63 55 8
D 684 33 2 57 56 55 29
D 682 35 2 683 58 684 8
D 681 31 2 49 682 64 8
D 680 27 2 37 681 66 8
D 687 51 3 83 678 572 608 99 29
D 686 47 3 71 687 603 607 617 29
D 685 59 8 70 583 517 590 532 598 541 627 550 638 560 649 570 658 686 8
L 692 38 19
D 691 37 2 59 692 61 8
D 690 35 2 623 691 624 8
D 689 31 2 49 690 64 8
D 688 27 2 37 689 66 8
D 695 51 2 83 678 98 29
D 694 47 3 71 695 603 607 617 29
D 693 59 7 70 590 517 598 532 627 541 638 550 649 560 658 694 8
D 699 37 2 61 60 59 8
D 698 35 2 623 699 624 8
D 697 31 2 49 698 64 8
D 696 27 2 37 697 66 8
D 703 55 2 88 609 96 29
D 702 51 2 83 703 98 29
D 701 47 3 71 702 603 607 617 29
D 700 59 6 70 598 517 627 532 638 541 649 550 658 701 8
D 706 25 2 45 44 43 68
D 707 21 2 41 40 39 47
D 708 21 2 41 47 39 8
D 705 23 3 38 706 707 42 708 8
D 711 37 2 59 692 61 29
D 710 35 2 623 711 624 29
D 709 31 2 49 710 64 29
D 713 29 2 52 51 50 65
D 715 33 2 55 56 57 63
D 716 37 2 59 60 61 692
D 717 33 2 55 63 57 8
D 714 35 3 715 711 623 716 717 29
D 718 29 2 52 65 50 8
D 712 31 3 713 710 49 714 718 29
D 720 25 2 45 68 43 8
D 719 23 3 38 720 707 67 708 29
D 704 27 3 705 709 37 712 719 29
D 35 39 11 36 69 619 626 633 637 642 648 652 657 660 665 670 675 680 685 688 693 696 700 704 8
D 723 3 2 5 34 7 8
D 722 1 2 3 723 9 8
D 726 11 2 17 28 19 8
D 727 11 2 17 18 19 29
D 725 13 2 726 20 727 8
D 724 9 2 11 725 30 8
D 729 3 2 5 6 7 29
D 728 1 2 3 729 9 29
D 721 5 2 722 724 728 8
D 733 43 3 72 604 543 76 81 8
D 734 43 3 72 618 543 101 81 29
D 732 47 3 71 702 733 607 734 29
D 731 59 5 70 627 517 638 532 649 541 658 732 8
D 730 39 11 36 626 619 637 633 648 642 657 652 665 660 675 670 685 680 693 688 700 696 731 704 8
D 736 1 2 9 4 3 8
D 737 1 2 9 33 3 29
D 735 5 2 736 724 737 8
D 741 43 2 72 604 80 8
D 742 43 2 72 618 80 29
D 740 47 3 71 702 741 607 742 29
D 739 59 4 70 638 517 649 532 658 740 8
D 738 39 11 36 637 619 648 633 657 642 665 652 675 660 685 670 693 680 700 688 731 696 739 704 8
D 745 3 2 7 6 5 8
D 744 1 2 3 745 9 8
D 747 3 2 7 34 5 29
D 746 1 2 3 747 9 29
D 743 5 2 744 724 746 8
D 751 43 2 72 102 80 29
D 750 47 3 71 702 518 607 751 29
D 749 59 3 70 649 517 658 750 8
D 748 39 11 36 648 619 657 633 665 642 675 652 685 660 693 670 700 680 731 688 739 696 749 704 8
D 755 11 2 19 28 17 8
D 756 11 2 19 18 17 29
D 754 13 2 755 20 756 8
D 753 9 2 11 754 30 8
D 752 5 2 2 753 32 8
D 759 47 2 71 702 100 29
D 758 59 2 70 658 759 8
D 757 39 11 36 657 619 665 633 675 642 685 652 693 660 700 670 731 680 739 688 749 696 758 704 8
D 762 7 2 14 13 12 8
D 763 7 2 14 31 12 29
D 761 9 2 762 725 763 8
D 760 5 2 2 761 32 8
D 768 37 2 59 60 61 29
D 767 35 3 623 768 715 711 717 29
D 766 31 3 49 767 713 710 718 29
D 765 27 3 37 766 705 709 719 29
D 764 39 10 36 665 619 675 633 685 642 693 652 700 660 731 670 739 680 749 688 758 765 8
D 771 7 2 12 31 14 8
D 772 7 2 12 13 14 29
D 770 9 2 771 725 772 8
D 769 5 2 2 770 32 8
D 777 33 2 57 56 55 63
D 776 35 2 715 711 777 29
D 775 31 3 49 776 713 710 718 29
D 774 27 3 37 775 705 709 719 29
D 773 39 9 36 675 619 685 633 693 642 700 652 731 660 739 670 749 680 758 774 8
D 781 15 2 26 22 21 8
D 780 13 2 726 781 727 8
D 779 9 2 11 780 30 8
D 778 5 2 2 779 32 8
D 785 35 2 54 711 62 29
D 784 31 3 49 785 713 710 718 29
D 783 27 3 37 784 705 709 719 29
D 782 39 8 36 685 619 693 633 700 642 731 652 739 660 749 670 758 783 8
D 790 17 2 25 24 23 8
D 789 15 2 21 790 26 8
D 788 13 2 726 789 727 8
D 787 9 2 11 788 30 8
D 786 5 2 2 787 32 8
D 793 23 3 38 662 707 42 708 8
D 794 23 3 707 67 38 68 708 29
D 792 27 3 37 784 793 709 794 29
D 791 39 7 36 693 619 700 633 731 642 739 652 749 660 758 792 8
L 800 18 10
D 799 17 2 23 800 25 8
D 798 15 2 21 799 26 8
D 797 13 2 726 798 727 8
D 796 9 2 11 797 30 8
D 795 5 2 2 796 32 8
D 804 21 2 39 40 41 47
D 803 23 2 707 42 804 8
D 806 21 2 41 40 39 29
D 805 23 2 806 67 708 29
D 802 27 3 37 784 803 709 805 29
D 801 39 6 36 700 619 731 633 739 642 749 652 758 802 8
D 811 17 2 23 24 25 800
D 812 17 2 23 800 25 29
D 810 15 2 21 811 26 812
D 813 11 2 19 28 17 18
D 814 15 2 21 812 26 29
D 815 11 2 19 18 17 8
D 809 13 3 726 810 813 814 815 29
D 816 7 2 14 13 12 31
D 817 13 2 726 814 727 29
D 818 7 2 14 31 12 8
D 808 9 3 11 809 816 817 818 29
D 820 3 2 7 6 5 34
D 819 1 2 3 820 9 4
D 821 9 2 11 817 30 29
D 823 3 2 7 34 5 8
D 822 1 2 3 823 9 33
D 807 5 3 2 808 819 821 822 29
D 0 19 11 1 35 721 730 735 738 743 748 752 757 760 764 769 773 778 782 786 791 795 801 807 8
