c ids of sdd nodes start at 0
c sdd nodes appear bottom-up, children before parents
c
c file syntax:
c sdd count-of-sdd-nodes
c F id-of-false-sdd-node
c T id-of-true-sdd-node
c L id-of-literal-sdd-node id-of-vtree literal
c D id-of-decomposition-sdd-node id-of-vtree number-of-elements {id-of-prime id-of-sub}*
c
sdd 829
L 3 0 -3
L 5 2 -4
L 6 4 -2
L 7 2 4
F 8
D 4 3 2 5 6 7 8
L 9 0 3
D 2 1 2 3 4 9 8
L 12 6 -6
L 13 8 -7
L 14 6 6
D 11 7 2 12 13 14 8
L 17 10 -5
L 18 12 1
L 19 10 5
D 16 11 2 17 18 19 8
L 21 14 -8
L 23 16 -9
L 24 18 -10
L 25 16 9
D 22 17 2 23 24 25 8
L 26 14 8
D 20 15 2 21 22 26 8
L 28 12 -1
T 29
D 27 11 2 17 28 19 29
D 15 13 2 16 20 27 8
L 31 8 7
D 30 7 2 12 31 14 29
D 10 9 2 11 15 30 8
L 34 4 2
D 33 3 2 5 34 7 29
D 32 1 2 3 33 9 29
D 1 5 2 2 10 32 8
L 39 20 -14
L 40 22 -15
L 41 20 14
D 38 21 2 39 40 41 8
L 43 24 -16
L 44 26 -17
L 45 24 16
D 42 25 2 43 44 45 8
L 47 22 15
D 46 21 2 39 47 41 29
D 37 23 2 38 42 46 8
L 50 28 -13
L 51 30 -12
L 52 28 13
D 49 29 2 50 51 52 8
L 55 32 11
L 56 34 -18
L 57 32 -11
D 54 33 2 55 56 57 8
L 59 36 -20
L 60 38 -19
L 61 36 20
D 58 37 2 59 60 61 8
L 63 34 18
D 62 33 2 55 63 57 29
D 53 35 2 54 58 62 8
L 65 30 12
D 64 29 2 50 65 52 29
D 48 31 2 49 53 64 8
L 68 26 17
D 67 25 2 43 68 45 29
D 66 23 2 38 67 46 29
D 36 27 2 37 48 66 8
L 73 40 -34
L 74 42 -35
L 75 40 34
D 72 41 2 73 74 75 8
L 77 44 -32
L 78 46 -33
L 79 44 32
D 76 45 2 77 78 79 8
L 81 42 35
D 80 41 2 73 81 75 29
D 71 43 2 72 76 80 8
L 84 48 -37
L 85 50 -38
L 86 48 37
D 83 49 2 84 85 86 8
L 89 52 31
L 90 54 -36
L 91 52 -31
D 88 53 2 89 90 91 8
L 93 56 -39
L 94 58 -40
L 95 56 39
D 92 57 2 93 94 95 8
L 97 54 36
D 96 53 2 89 97 91 29
D 87 55 2 88 92 96 8
L 99 50 38
D 98 49 2 84 99 86 29
D 82 51 2 83 87 98 8
L 102 46 33
D 101 45 2 77 102 79 29
D 100 43 2 72 101 80 29
D 70 47 2 71 82 100 8
L 107 60 -22
L 108 62 21
L 109 60 22
D 106 61 2 107 108 109 8
L 111 64 -25
L 112 66 -26
L 113 64 25
D 110 65 2 111 112 113 8
L 115 62 -21
D 114 61 2 107 115 109 29
D 105 63 2 106 110 114 8
L 118 68 -27
L 119 70 -28
L 120 68 27
D 117 69 2 118 119 120 8
L 123 72 -23
L 124 74 -24
L 125 72 23
D 122 73 2 123 124 125 8
L 127 76 -30
L 128 78 -29
L 129 76 30
D 126 77 2 127 128 129 8
L 131 74 24
D 130 73 2 123 131 125 29
D 121 75 2 122 126 130 8
L 133 70 28
D 132 69 2 118 133 120 29
D 116 71 2 117 121 132 8
L 136 66 26
D 135 65 2 111 136 113 29
D 134 63 2 106 135 114 29
D 104 67 2 105 116 134 8
L 140 80 46
L 141 82 -47
L 142 80 -46
D 139 81 2 140 141 142 8
L 144 84 -48
L 146 86 -50
L 147 88 -49
L 148 86 50
D 145 87 2 146 147 148 8
L 149 84 48
D 143 85 2 144 145 149 8
L 151 82 47
D 150 81 2 140 151 142 29
D 138 83 2 139 143 150 8
L 155 90 -43
L 156 92 -44
L 157 90 43
D 154 91 2 155 156 157 8
L 159 94 -42
L 161 96 -45
L 162 98 -41
L 163 96 45
D 160 97 2 161 162 163 8
L 164 94 42
D 158 95 2 159 160 164 8
L 166 92 44
D 165 91 2 155 166 157 29
D 153 93 2 154 158 165 8
L 169 100 -57
L 171 102 -58
L 173 104 -60
L 174 106 -59
L 175 104 60
D 172 105 2 173 174 175 8
L 176 102 58
D 170 103 2 171 172 176 8
L 177 100 57
D 168 101 2 169 170 177 8
L 180 108 -53
L 182 110 -56
L 183 112 -55
L 184 110 56
D 181 111 2 182 183 184 8
L 185 108 53
D 179 109 2 180 181 185 8
L 188 114 51
L 190 116 -54
L 191 118 -52
L 192 116 54
D 189 117 2 190 191 192 8
L 193 114 -51
D 187 115 2 188 189 193 8
L 196 120 -61
L 197 122 -62
L 198 120 61
D 195 121 2 196 197 198 8
L 201 124 -63
L 202 126 -64
L 203 124 63
D 200 125 2 201 202 203 8
L 205 128 -65
L 207 130 -66
L 209 132 -67
L 211 134 -68
L 213 136 -69
L 214 138 70
L 215 136 69
D 212 137 2 213 214 215 8
L 216 134 68
D 210 135 2 211 212 216 8
L 217 132 67
D 208 133 2 209 210 217 8
L 218 130 66
D 206 131 2 207 208 218 8
L 219 128 65
D 204 129 2 205 206 219 8
L 221 126 64
D 220 125 2 201 221 203 29
D 199 127 2 200 204 220 8
L 223 122 62
D 222 121 2 196 223 198 29
D 194 123 2 195 199 222 8
L 226 118 52
D 225 117 2 190 226 192 8
D 224 115 2 193 225 188 8
L 234 138 -70
D 233 137 2 215 234 213 8
D 232 135 2 211 233 216 8
D 231 133 2 209 232 217 8
D 230 131 2 207 231 218 8
D 229 129 2 205 230 219 8
D 228 127 2 200 229 220 8
D 227 123 2 195 228 222 8
D 236 117 2 192 191 190 8
D 235 115 2 193 236 188 8
D 243 137 2 213 234 215 8
D 242 135 2 211 243 216 8
D 241 133 2 217 242 209 8
D 240 131 2 207 241 218 8
D 239 129 2 205 240 219 8
D 238 127 2 200 239 220 8
D 237 123 2 195 238 222 8
D 245 117 2 190 191 192 226
D 246 117 2 190 226 192 29
D 244 115 2 193 245 188 246
D 186 119 4 187 194 224 227 235 237 244 8
D 247 109 2 185 181 180 8
D 249 115 2 193 189 188 8
D 255 135 2 216 243 211 8
D 254 133 2 209 255 217 8
D 253 131 2 207 254 218 8
D 252 129 2 205 253 219 8
D 251 127 2 200 252 220 8
D 250 123 2 195 251 222 8
D 256 115 2 193 246 188 29
D 248 119 2 249 250 256 8
L 259 112 55
D 258 111 2 182 259 184 8
D 257 109 2 180 258 185 8
D 265 133 2 209 242 217 8
D 264 131 2 218 265 207 8
D 263 129 2 205 264 219 8
D 262 127 2 200 263 220 8
D 261 123 2 195 262 222 8
D 260 119 2 249 261 256 8
D 267 111 2 184 183 182 8
D 266 109 2 180 267 185 8
D 272 131 2 207 265 218 8
D 271 129 2 219 272 205 8
D 270 127 2 200 271 220 8
D 269 123 2 195 270 222 8
D 268 119 2 249 269 256 8
D 274 111 2 184 259 182 8
D 275 111 2 182 259 184 29
D 273 109 2 180 274 185 275
D 178 113 5 179 186 247 248 257 260 266 268 273 8
D 277 103 2 176 172 171 8
D 276 101 2 169 277 177 8
D 282 125 2 203 202 201 8
D 283 129 2 205 272 219 8
D 284 125 2 203 221 201 29
D 281 127 2 282 283 284 8
D 280 123 2 195 281 222 8
D 279 119 2 249 280 256 8
D 285 109 2 180 275 185 29
D 278 113 2 179 279 285 8
D 286 101 2 177 170 169 8
D 291 125 2 201 221 203 8
D 292 125 2 201 202 203 29
D 290 127 2 291 283 292 8
D 289 123 2 195 290 222 8
D 288 119 2 249 289 256 8
D 287 113 2 179 288 285 8
L 296 106 59
D 295 105 2 173 296 175 8
D 294 103 2 171 295 176 8
D 293 101 2 169 294 177 8
D 300 121 2 196 223 198 8
D 301 127 2 200 283 220 8
D 302 121 2 196 197 198 29
D 299 123 2 300 301 302 8
D 298 119 2 249 299 256 8
D 297 113 2 179 298 285 8
D 305 105 2 175 174 173 8
D 304 103 2 171 305 176 8
D 303 101 2 169 304 177 8
D 309 121 2 198 197 196 8
D 310 121 2 198 223 196 29
D 308 123 2 309 301 310 8
D 307 119 2 249 308 256 8
D 306 113 2 179 307 285 8
D 313 105 2 175 296 173 8
D 314 105 2 173 296 175 29
D 312 103 2 171 313 176 314
D 315 103 2 171 314 176 29
D 311 101 2 169 312 177 315
D 167 107 6 168 178 276 278 286 287 293 297 303 306 311 8
L 319 98 41
D 318 97 2 161 319 163 29
D 317 95 2 159 318 164 29
D 316 93 2 154 317 165 29
D 152 99 2 153 167 316 8
D 321 81 2 142 141 140 8
D 322 81 2 142 151 140 29
D 320 83 2 321 143 322 8
D 326 97 2 161 319 163 8
D 325 95 2 159 326 164 8
D 324 93 2 154 325 165 8
D 328 113 2 179 260 285 8
D 330 119 2 249 194 256 8
D 332 111 2 184 259 182 29
D 331 109 2 180 332 185 29
D 329 113 2 266 330 331 8
D 334 119 2 249 237 256 8
D 333 113 2 179 334 285 8
D 335 113 2 179 248 285 8
D 337 119 2 249 227 256 8
D 336 113 2 179 337 285 8
D 327 107 6 303 328 168 329 293 333 276 335 286 336 311 8
D 339 95 2 164 160 159 8
D 338 93 2 154 339 165 8
D 341 113 2 179 268 285 8
D 344 111 2 182 183 184 259
D 343 109 2 180 344 185 29
D 342 113 3 266 337 257 330 343 8
D 340 107 6 303 341 168 342 293 328 276 333 286 335 311 8
D 346 91 2 157 156 155 8
D 347 91 2 157 166 155 29
D 345 93 2 346 158 347 8
D 352 117 2 192 226 190 29
D 351 115 2 193 352 188 29
D 350 119 2 235 194 351 8
D 353 109 2 180 274 185 29
D 349 113 4 257 337 179 350 266 248 353 8
D 348 107 6 303 287 168 349 293 341 276 328 286 333 311 8
D 355 91 2 155 166 157 8
D 356 91 2 155 156 157 29
D 354 93 2 355 158 356 8
D 359 119 2 235 227 351 8
D 358 113 5 257 248 247 330 179 359 266 334 273 8
D 357 107 6 168 358 303 278 293 287 276 341 286 328 311 8
D 362 97 2 163 162 161 8
D 361 95 2 159 362 164 8
D 360 93 2 154 361 165 8
D 366 115 2 193 245 188 29
D 365 119 3 224 194 235 250 366 8
D 364 113 5 179 365 247 337 257 334 266 260 273 8
D 363 107 6 168 364 293 278 276 287 303 297 286 341 311 8
D 369 97 2 161 162 163 319
D 368 95 2 159 369 164 318
D 370 91 2 157 156 155 166
D 371 91 2 157 166 155 8
D 367 93 3 154 368 370 317 371 29
D 323 99 6 324 327 338 340 345 348 354 357 360 363 367 8
D 373 81 2 142 151 140 8
D 374 81 2 142 141 140 29
D 372 83 2 373 143 374 8
D 378 119 4 187 227 224 250 235 261 244 8
D 377 113 5 179 378 247 334 257 268 266 288 273 8
D 380 103 2 176 314 171 175
D 379 101 2 169 380 177 315
D 376 107 5 286 278 168 377 276 297 293 306 379 8
D 375 99 2 153 376 316 8
D 382 85 2 149 145 144 8
D 381 83 2 321 382 322 8
D 386 119 4 187 250 224 237 235 269 244 8
D 385 113 5 179 386 247 260 257 288 266 279 273 8
D 387 101 2 177 315 169 314
D 384 107 4 286 297 168 385 276 306 387 8
D 383 99 2 153 384 316 8
L 391 88 49
D 390 87 2 146 391 148 8
D 389 85 2 144 390 149 8
D 388 83 2 321 389 322 8
D 395 119 4 187 237 224 261 235 289 244 8
D 394 113 5 179 395 247 268 257 279 266 298 273 8
D 393 107 3 286 306 168 394 315 8
D 392 99 2 153 393 316 8
D 398 87 2 148 147 146 8
D 397 85 2 144 398 149 8
D 396 83 2 321 397 322 8
D 402 119 4 187 261 224 269 235 280 244 8
D 401 113 5 179 402 247 288 257 298 266 307 273 8
D 403 101 2 169 315 177 29
D 400 107 2 168 401 403 8
D 399 99 2 153 400 316 8
D 406 87 2 148 391 146 8
D 407 87 2 146 391 148 29
D 405 85 2 144 406 149 407
D 408 81 2 140 141 142 151
D 409 85 2 144 407 149 29
D 410 81 2 140 151 142 8
D 404 83 3 321 405 408 409 410 29
D 137 89 7 138 152 320 323 372 375 381 383 388 392 396 399 404 8
D 413 61 2 109 115 107 8
D 414 61 2 109 108 107 29
D 412 63 2 413 110 414 8
D 415 63 2 413 135 414 29
D 411 67 2 412 116 415 8
D 417 99 6 324 340 338 348 345 357 354 363 360 167 367 8
D 421 119 4 187 269 224 289 235 299 244 8
D 422 109 2 185 275 180 184
D 420 113 4 179 421 247 279 257 307 422 8
D 419 107 2 168 420 403 8
D 418 99 2 153 419 316 8
D 416 89 7 138 375 320 417 372 383 381 392 388 399 396 418 404 8
D 425 61 2 107 115 109 8
D 426 61 2 107 108 109 29
D 424 63 2 425 110 426 8
D 429 73 2 125 124 123 8
D 430 73 2 125 131 123 29
D 428 75 2 429 126 430 8
D 427 71 2 117 428 132 8
D 431 63 2 425 135 426 29
D 423 67 2 424 427 431 8
D 433 99 6 324 348 338 357 345 363 354 167 360 376 367 8
D 437 119 4 187 289 224 280 235 308 244 8
D 436 113 3 179 437 247 298 275 8
D 435 107 2 168 436 403 8
D 434 99 2 153 435 316 8
D 432 89 7 138 383 320 433 372 392 381 399 388 418 396 434 404 8
D 441 73 2 123 131 125 8
D 442 73 2 123 124 125 29
D 440 75 2 441 126 442 8
D 439 71 2 117 440 132 8
D 438 67 2 424 439 431 8
D 444 99 6 324 357 338 363 345 167 354 376 360 384 367 8
D 450 117 2 190 191 192 29
D 449 115 2 193 450 188 246
D 448 119 3 187 280 224 299 449 8
D 447 113 3 179 448 247 307 275 8
D 446 107 2 168 447 403 8
D 445 99 2 153 446 316 8
D 443 89 7 138 392 320 444 372 399 381 418 388 434 396 445 404 8
D 453 65 2 113 112 111 8
D 452 63 2 425 453 426 8
D 455 65 2 113 136 111 29
D 454 63 2 425 455 426 29
D 451 67 2 452 116 454 8
D 457 99 6 324 363 338 167 345 376 354 384 360 393 367 8
D 461 119 3 187 299 224 308 449 8
D 460 113 2 179 461 285 8
D 459 107 2 168 460 403 8
D 458 99 2 153 459 316 8
D 456 89 7 138 399 320 457 372 418 381 434 388 445 396 458 404 8
D 464 65 2 111 136 113 8
D 463 63 2 425 464 426 8
D 466 65 2 111 112 113 29
D 465 63 2 425 466 426 29
D 462 67 2 463 116 465 8
D 468 99 6 324 167 338 376 345 384 354 393 360 400 367 8
D 473 115 2 188 246 193 29
D 472 119 2 187 308 473 8
D 471 113 2 179 472 285 8
D 470 107 2 168 471 403 8
D 469 99 2 153 470 316 8
D 467 89 7 138 418 320 468 372 434 381 445 388 458 396 469 404 8
D 476 69 2 120 119 118 8
D 477 69 2 120 133 118 29
D 475 71 2 476 121 477 8
D 474 67 2 424 475 431 8
D 479 99 6 324 376 338 384 345 393 354 400 360 419 367 8
D 481 85 2 149 407 144 148
D 480 83 3 321 481 408 409 410 29
D 478 89 6 138 434 320 479 372 445 381 458 388 469 480 8
D 484 69 2 118 133 120 8
D 485 69 2 118 119 120 29
D 483 71 2 484 121 485 8
D 482 67 2 424 483 431 8
D 487 99 6 324 384 338 393 345 400 354 419 360 435 367 8
D 488 83 3 408 409 321 407 410 29
D 486 89 5 138 445 320 487 372 458 381 469 488 8
L 493 78 29
D 492 77 2 127 493 129 8
D 491 75 2 122 492 130 8
D 490 71 2 117 491 132 8
D 489 67 2 424 490 431 8
D 495 99 6 324 393 338 400 345 419 354 435 360 446 367 8
D 497 81 2 140 141 142 29
D 496 83 2 497 409 410 29
D 494 89 4 138 458 320 495 372 469 496 8
D 501 77 2 129 128 127 8
D 500 75 2 122 501 130 8
D 499 71 2 117 500 132 8
D 498 67 2 424 499 431 8
D 503 99 6 324 400 338 419 345 435 354 446 360 459 367 8
D 504 83 2 141 409 151 29
D 502 89 3 138 469 320 503 504 8
D 507 65 2 113 112 111 136
D 508 61 2 109 115 107 108
D 509 61 2 109 108 107 8
D 506 63 3 425 507 508 110 509 8
D 512 77 2 127 493 129 29
D 511 75 2 122 512 130 29
D 510 71 2 117 511 132 29
D 514 69 2 120 119 118 133
D 516 73 2 125 124 123 131
D 517 77 2 127 128 129 493
D 518 73 2 125 131 123 8
D 515 75 3 516 512 122 517 518 29
D 519 69 2 120 133 118 8
D 513 71 3 514 511 117 515 519 29
D 521 65 2 113 136 111 8
D 520 63 3 425 521 508 135 509 29
D 505 67 3 506 510 424 513 520 29
D 103 79 11 104 137 411 416 423 432 438 443 451 456 462 467 474 478 482 486 489 494 498 502 505 8
D 524 45 2 79 78 77 8
D 523 43 2 72 524 80 8
D 527 53 2 91 90 89 8
D 528 53 2 91 97 89 29
D 526 55 2 527 92 528 8
D 525 51 2 83 526 98 8
D 530 45 2 79 102 77 29
D 529 43 2 72 530 80 29
D 522 47 2 523 525 529 8
D 533 99 6 324 419 338 435 345 446 354 459 360 470 367 8
D 534 83 2 321 409 322 29
D 532 89 2 320 533 534 8
D 531 79 11 104 416 411 432 423 443 438 456 451 467 462 478 474 486 482 494 489 502 498 532 505 8
D 537 45 2 77 102 79 8
D 536 43 2 72 537 80 8
D 539 45 2 77 78 79 29
D 538 43 2 72 539 80 29
D 535 47 2 536 525 538 8
D 545 97 2 161 162 163 29
D 544 95 2 164 318 159 545
D 543 93 3 154 544 370 317 371 29
D 542 99 5 324 435 338 446 345 459 354 470 543 8
D 541 89 2 320 542 534 8
D 540 79 11 104 432 411 443 423 456 438 467 451 478 462 486 474 494 482 502 489 532 498 541 505 8
D 548 41 2 75 74 73 8
D 549 41 2 75 81 73 29
D 547 43 2 548 76 549 8
D 550 43 2 548 101 549 29
D 546 47 2 547 525 550 8
D 554 93 3 154 544 346 317 166 29
D 553 99 4 324 446 338 459 345 470 554 8
D 552 89 2 320 553 534 8
D 551 79 11 104 443 411 456 423 467 438 478 451 486 462 494 474 502 482 532 489 541 498 552 505 8
D 557 41 2 73 81 75 8
D 558 41 2 73 74 75 29
D 556 43 2 557 76 558 8
D 559 43 2 557 101 558 29
D 555 47 2 556 525 559 8
D 563 93 2 154 544 165 29
D 562 99 3 324 459 338 470 563 8
D 561 89 2 320 562 534 8
D 560 79 11 104 456 411 467 423 478 438 486 451 494 462 502 474 532 482 541 489 552 498 561 505 8
D 567 53 2 91 97 89 8
D 568 53 2 91 90 89 29
D 566 55 2 567 92 568 8
D 565 51 2 83 566 98 8
D 564 47 2 71 565 100 8
D 573 95 2 159 545 164 29
D 572 93 2 154 573 165 29
D 571 99 2 324 470 572 8
D 570 89 2 320 571 534 8
D 569 79 11 104 467 411 478 423 486 438 494 451 502 462 532 474 541 482 552 489 561 498 570 505 8
D 576 49 2 86 85 84 8
D 577 49 2 86 99 84 29
D 575 51 2 576 526 577 8
D 574 47 2 71 575 100 8
D 582 77 2 127 128 129 29
D 581 75 3 122 582 516 512 518 29
D 580 71 3 117 581 514 511 519 29
D 579 67 3 424 580 506 510 520 29
D 578 79 10 104 478 411 486 423 494 438 502 451 532 462 541 474 552 482 561 489 570 579 8
D 585 49 2 84 99 86 8
D 586 49 2 84 85 86 29
D 584 51 2 585 526 586 8
D 583 47 2 71 584 100 8
D 591 73 2 123 124 125 131
D 590 75 2 516 512 591 29
D 589 71 3 117 590 514 511 519 29
D 588 67 3 424 589 506 510 520 29
D 587 79 9 104 486 411 494 423 502 438 532 451 541 462 552 474 561 482 570 588 8
D 595 57 2 95 94 93 8
D 594 55 2 527 595 528 8
D 593 51 2 83 594 98 8
D 592 47 2 71 593 100 8
D 598 71 3 117 590 476 511 133 29
D 597 67 3 424 598 506 510 520 29
D 596 79 8 104 494 411 502 423 532 438 541 451 552 462 561 474 570 597 8
L 603 58 40
D 602 57 2 93 603 95 8
D 601 55 2 527 602 528 8
D 600 51 2 83 601 98 8
D 599 47 2 71 600 100 8
D 606 71 2 117 590 132 29
D 605 67 3 424 606 506 510 520 29
D 604 79 7 104 502 411 532 423 541 438 552 451 561 462 570 605 8
D 609 45 2 79 78 77 102
D 610 41 2 75 74 73 81
D 611 41 2 75 81 73 8
D 608 43 3 72 609 610 76 611 8
D 614 57 2 93 603 95 29
D 613 55 2 527 614 528 29
D 612 51 2 83 613 98 29
D 616 49 2 86 85 84 99
D 618 53 2 89 90 91 97
D 619 57 2 93 94 95 603
D 620 53 2 89 97 91 8
D 617 55 3 618 614 527 619 620 29
D 621 49 2 86 99 84 8
D 615 51 3 616 613 83 617 621 29
D 623 45 2 79 102 77 8
D 622 43 3 72 623 610 101 611 29
D 607 47 3 608 612 71 615 622 29
D 69 59 11 70 103 522 531 535 540 546 551 555 560 564 569 574 578 583 587 592 596 599 604 607 8
D 626 29 2 50 65 52 8
D 628 33 2 57 56 55 8
D 629 33 2 57 63 55 29
D 627 35 2 628 58 629 8
D 630 29 2 50 51 52 29
D 625 31 2 626 627 630 8
D 624 27 2 37 625 66 8
D 634 63 3 425 453 508 110 509 8
D 635 63 3 508 135 425 136 509 29
D 633 67 3 424 606 634 510 635 29
D 632 79 6 104 532 411 541 423 552 438 561 451 570 633 8
D 631 59 11 70 531 522 540 535 551 546 560 555 569 564 578 574 587 583 596 592 604 599 632 607 8
D 638 29 2 52 51 50 8
D 639 29 2 52 65 50 29
D 637 31 2 638 627 639 8
D 636 27 2 37 637 66 8
D 644 61 2 107 115 109 108
D 643 63 2 508 110 644 8
D 646 61 2 109 115 107 29
D 645 63 2 646 135 509 29
D 642 67 3 424 606 643 510 645 29
D 641 79 5 104 541 411 552 423 561 438 570 642 8
D 640 59 11 70 540 522 551 535 560 546 569 555 578 564 587 574 596 583 604 592 632 599 641 607 8
D 649 21 2 41 40 39 8
D 650 21 2 41 47 39 29
D 648 23 2 649 42 650 8
D 651 31 2 49 627 64 8
D 652 23 2 649 67 650 29
D 647 27 2 648 651 652 8
D 657 75 2 429 512 430 29
D 656 71 2 117 657 132 29
D 655 67 3 424 656 643 510 645 29
D 654 79 4 104 552 411 561 423 570 655 8
D 653 59 11 70 551 522 560 535 569 546 578 555 587 564 596 574 604 583 632 592 641 599 654 607 8
D 660 21 2 39 47 41 8
D 661 21 2 39 40 41 29
D 659 23 2 660 42 661 8
D 662 23 2 660 67 661 29
D 658 27 2 659 651 662 8
D 666 63 2 508 135 644 29
D 665 67 2 643 510 666 29
D 664 79 3 104 561 411 570 665 8
D 663 59 11 70 560 522 569 535 578 546 587 555 596 564 604 574 632 583 641 592 654 599 664 607 8
D 669 25 2 45 44 43 8
D 668 23 2 38 669 46 8
D 671 25 2 45 68 43 29
D 670 23 2 38 671 46 29
D 667 27 2 668 651 670 8
D 674 67 2 105 510 134 29
D 673 79 2 104 570 674 8
D 672 59 11 70 569 522 578 535 587 546 596 555 604 564 632 574 641 583 654 592 664 599 673 607 8
D 677 25 2 43 68 45 8
D 676 23 2 38 677 46 8
D 679 25 2 43 44 45 29
D 678 23 2 38 679 46 29
D 675 27 2 676 651 678 8
D 684 57 2 95 603 93 29
D 683 55 3 527 684 618 614 620 29
D 682 51 3 83 683 616 613 621 29
D 681 47 3 71 682 608 612 622 29
D 680 59 10 70 578 522 587 535 596 546 604 555 632 564 641 574 654 583 664 592 673 681 8
D 688 33 2 57 63 55 8
D 689 33 2 57 56 55 29
D 687 35 2 688 58 689 8
D 686 31 2 49 687 64 8
D 685 27 2 37 686 66 8
D 694 53 2 91 90 89 97
D 693 55 2 618 614 694 29
D 692 51 3 83 693 616 613 621 29
D 691 47 3 71 692 608 612 622 29
D 690 59 9 70 587 522 596 535 604 546 632 555 641 564 654 574 664 583 673 691 8
L 699 38 19
D 698 37 2 59 699 61 8
D 697 35 2 628 698 629 8
D 696 31 2 49 697 64 8
D 695 27 2 37 696 66 8
D 702 51 3 83 693 576 613 99 29
D 701 47 3 71 702 608 612 622 29
D 700 59 8 70 596 522 604 535 632 546 641 555 654 564 664 574 673 701 8
D 706 37 2 61 60 59 8
D 705 35 2 628 706 629 8
D 704 31 2 49 705 64 8
D 703 27 2 37 704 66 8
D 709 51 2 83 693 98 29
D 708 47 3 71 709 608 612 622 29
D 707 59 7 70 604 522 632 535 641 546 654 555 664 564 673 708 8
D 712 25 2 45 44 43 68
D 713 21 2 41 40 39 47
D 714 21 2 41 47 39 8
D 711 23 3 38 712 713 42 714 8
D 717 37 2 59 699 61 29
D 716 35 2 628 717 629 29
D 715 31 2 49 716 64 29
D 719 29 2 52 51 50 65
D 721 33 2 55 56 57 63
D 722 37 2 59 60 61 699
D 723 33 2 55 63 57 8
D 720 35 3 721 717 628 722 723 29
D 724 29 2 52 65 50 8
D 718 31 3 719 716 49 720 724 29
D 726 25 2 45 68 43 8
D 725 23 3 38 726 713 67 714 29
D 710 27 3 711 715 37 718 725 29
D 35 39 11 36 69 624 631 636 640 647 653 658 663 667 672 675 680 685 690 695 700 703 707 710 8
D 729 3 2 5 34 7 8
D 728 1 2 3 729 9 8
D 732 11 2 17 28 19 8
D 733 11 2 17 18 19 29
D 731 13 2 732 20 733 8
D 730 9 2 11 731 30 8
D 735 3 2 5 6 7 29
D 734 1 2 3 735 9 29
D 727 5 2 728 730 734 8
D 740 55 2 88 614 96 29
D 739 51 2 83 740 98 29
D 738 47 3 71 739 608 612 622 29
D 737 59 6 70 632 522 641 535 654 546 664 555 673 738 8
D 736 39 11 36 631 624 640 636 653 647 663 658 672 667 680 675 690 685 700 695 707 703 737 710 8
D 742 1 2 9 4 3 8
D 743 1 2 9 33 3 29
D 741 5 2 742 730 743 8
D 747 43 3 72 609 548 76 81 8
D 748 43 3 72 623 548 101 81 29
D 746 47 3 71 739 747 612 748 29
D 745 59 5 70 641 522 654 535 664 546 673 746 8
D 744 39 11 36 640 624 653 636 663 647 672 658 680 667 690 675 700 685 707 695 737 703 745 710 8
D 751 3 2 7 6 5 8
D 750 1 2 3 751 9 8
D 753 3 2 7 34 5 29
D 752 1 2 3 753 9 29
D 749 5 2 750 730 752 8
D 757 43 2 72 609 80 8
D 758 43 2 72 623 80 29
D 756 47 3 71 739 757 612 758 29
D 755 59 4 70 654 522 664 535 673 756 8
D 754 39 11 36 653 624 663 636 672 647 680 658 690 667 700 675 707 685 737 695 745 703 755 710 8
D 762 11 2 19 28 17 8
D 763 11 2 19 18 17 29
D 761 13 2 762 20 763 8
D 760 9 2 11 761 30 8
D 759 5 2 2 760 32 8
D 767 43 2 72 102 80 29
D 766 47 3 71 739 523 612 767 29
D 765 59 3 70 664 522 673 766 8
D 764 39 11 36 663 624 672 636 680 647 690 658 700 667 707 675 737 685 745 695 755 703 765 710 8
D 770 7 2 14 13 12 8
D 771 7 2 14 31 12 29
D 769 9 2 770 731 771 8
D 768 5 2 2 769 32 8
D 774 47 2 71 739 100 29
D 773 59 2 70 673 774 8
D 772 39 11 36 672 624 680 636 690 647 700 658 707 667 737 675 745 685 755 695 765 703 773 710 8
D 777 7 2 12 31 14 8
D 778 7 2 12 13 14 29
D 776 9 2 777 731 778 8
D 775 5 2 2 776 32 8
D 783 37 2 59 60 61 29
D 782 35 3 628 783 721 717 723 29
D 781 31 3 49 782 719 716 724 29
D 780 27 3 37 781 711 715 725 29
D 779 39 10 36 680 624 690 636 700 647 707 658 737 667 745 675 755 685 765 695 773 780 8
D 787 15 2 26 22 21 8
D 786 13 2 732 787 733 8
D 785 9 2 11 786 30 8
D 784 5 2 2 785 32 8
D 792 33 2 57 56 55 63
D 791 35 2 721 717 792 29
D 790 31 3 49 791 719 716 724 29
D 789 27 3 37 790 711 715 725 29
D 788 39 9 36 690 624 700 636 707 647 737 658 745 667 755 675 765 685 773 789 8
D 797 17 2 25 24 23 8
D 796 15 2 21 797 26 8
D 795 13 2 732 796 733 8
D 794 9 2 11 795 30 8
D 793 5 2 2 794 32 8
D 801 35 2 54 717 62 29
D 800 31 3 49 801 719 716 724 29
D 799 27 3 37 800 711 715 725 29
D 798 39 8 36 700 624 707 636 737 647 745 658 755 667 765 675 773 799 8
L 807 18 10
D 806 17 2 23 807 25 8
D 805 15 2 21 806 26 8
D 804 13 2 732 805 733 8
D 803 9 2 11 804 30 8
D 802 5 2 2 803 32 8
D 810 23 3 38 669 713 42 714 8
D 811 23 3 713 67 38 68 714 29
D 809 27 3 37 800 810 715 811 29
D 808 39 7 36 707 624 737 636 745 647 755 658 765 667 773 809 8
D 816 17 2 23 24 25 807
D 817 17 2 23 807 25 29
D 815 15 2 21 816 26 817
D 818 11 2 19 28 17 18
D 819 15 2 21 817 26 29
D 820 11 2 19 18 17 8
D 814 13 3 732 815 818 819 820 29
D 821 7 2 14 13 12 31
D 822 13 2 732 819 733 29
D 823 7 2 14 31 12 8
D 813 9 3 11 814 821 822 823 29
D 825 3 2 7 6 5 34
D 824 1 2 3 825 9 4
D 826 9 2 11 822 30 29
D 828 3 2 7 34 5 8
D 827 1 2 3 828 9 33
D 812 5 3 2 813 824 826 827 29
D 0 19 11 1 35 727 736 741 744 749 754 759 764 768 772 775 779 784 788 793 798 802 808 812 8
