c ids of sdd nodes start at 0
c sdd nodes appear bottom-up, children before parents
c
c file syntax:
c sdd count-of-sdd-nodes
c F id-of-false-sdd-node
c T id-of-true-sdd-node
c L id-of-literal-sdd-node id-of-vtree literal
c D id-of-decomposition-sdd-node id-of-vtree number-of-elements {id-of-prime id-of-sub}*
c
sdd 836
L 3 0 -3
L 5 2 -4
L 6 4 -2
L 7 2 4
F 8
D 4 3 2 5 6 7 8
L 9 0 3
D 2 1 2 3 4 9 8
L 12 6 -6
L 13 8 -7
L 14 6 6
D 11 7 2 12 13 14 8
L 17 10 -5
L 18 12 1
L 19 10 5
D 16 11 2 17 18 19 8
L 21 14 -8
L 23 16 -9
L 24 18 -10
L 25 16 9
D 22 17 2 23 24 25 8
L 26 14 8
D 20 15 2 21 22 26 8
L 28 12 -1
T 29
D 27 11 2 17 28 19 29
D 15 13 2 16 20 27 8
L 31 8 7
D 30 7 2 12 31 14 29
D 10 9 2 11 15 30 8
L 34 4 2
D 33 3 2 5 34 7 29
D 32 1 2 3 33 9 29
D 1 5 2 2 10 32 8
L 39 20 -14
L 40 22 -15
L 41 20 14
D 38 21 2 39 40 41 8
L 43 24 -16
L 44 26 -17
L 45 24 16
D 42 25 2 43 44 45 8
L 47 22 15
D 46 21 2 39 47 41 29
D 37 23 2 38 42 46 8
L 50 28 -13
L 51 30 -12
L 52 28 13
D 49 29 2 50 51 52 8
L 55 32 11
L 56 34 -18
L 57 32 -11
D 54 33 2 55 56 57 8
L 59 36 -20
L 60 38 -19
L 61 36 20
D 58 37 2 59 60 61 8
L 63 34 18
D 62 33 2 55 63 57 29
D 53 35 2 54 58 62 8
L 65 30 12
D 64 29 2 50 65 52 29
D 48 31 2 49 53 64 8
L 68 26 17
D 67 25 2 43 68 45 29
D 66 23 2 38 67 46 29
D 36 27 2 37 48 66 8
L 73 40 -34
L 74 42 -35
L 75 40 34
D 72 41 2 73 74 75 8
L 77 44 -32
L 78 46 -33
L 79 44 32
D 76 45 2 77 78 79 8
L 81 42 35
D 80 41 2 73 81 75 29
D 71 43 2 72 76 80 8
L 84 48 -37
L 85 50 -38
L 86 48 37
D 83 49 2 84 85 86 8
L 89 52 31
L 90 54 -36
L 91 52 -31
D 88 53 2 89 90 91 8
L 93 56 -39
L 94 58 -40
L 95 56 39
D 92 57 2 93 94 95 8
L 97 54 36
D 96 53 2 89 97 91 29
D 87 55 2 88 92 96 8
L 99 50 38
D 98 49 2 84 99 86 29
D 82 51 2 83 87 98 8
L 102 46 33
D 101 45 2 77 102 79 29
D 100 43 2 72 101 80 29
D 70 47 2 71 82 100 8
L 107 60 -22
L 108 62 21
L 109 60 22
D 106 61 2 107 108 109 8
L 111 64 -25
L 112 66 -26
L 113 64 25
D 110 65 2 111 112 113 8
L 115 62 -21
D 114 61 2 107 115 109 29
D 105 63 2 106 110 114 8
L 118 68 -27
L 119 70 -28
L 120 68 27
D 117 69 2 118 119 120 8
L 123 72 -23
L 124 74 -24
L 125 72 23
D 122 73 2 123 124 125 8
L 127 76 -30
L 128 78 -29
L 129 76 30
D 126 77 2 127 128 129 8
L 131 74 24
D 130 73 2 123 131 125 29
D 121 75 2 122 126 130 8
L 133 70 28
D 132 69 2 118 133 120 29
D 116 71 2 117 121 132 8
L 136 66 26
D 135 65 2 111 136 113 29
D 134 63 2 106 135 114 29
D 104 67 2 105 116 134 8
L 140 80 -46
L 141 82 -47
L 142 80 46
D 139 81 2 140 141 142 8
L 144 84 -48
L 146 86 -50
L 147 88 -49
L 148 86 50
D 145 87 2 146 147 148 8
L 149 84 48
D 143 85 2 144 145 149 8
L 151 82 47
D 150 81 2 140 151 142 29
D 138 83 2 139 143 150 8
L 155 90 -43
L 156 92 -44
L 157 90 43
D 154 91 2 155 156 157 8
L 159 94 -42
L 161 96 -45
L 162 98 41
L 163 96 45
D 160 97 2 161 162 163 8
L 164 94 42
D 158 95 2 159 160 164 8
L 166 92 44
D 165 91 2 155 166 157 29
D 153 93 2 154 158 165 8
L 169 100 -57
L 171 102 -58
L 173 104 60
L 174 106 -59
L 175 104 -60
D 172 105 2 173 174 175 8
L 176 102 58
D 170 103 2 171 172 176 8
L 177 100 57
D 168 101 2 169 170 177 8
L 180 108 -53
L 182 110 -56
L 183 112 -55
L 184 110 56
D 181 111 2 182 183 184 8
L 185 108 53
D 179 109 2 180 181 185 8
L 188 114 -51
L 190 116 -54
L 191 118 -52
L 192 116 54
D 189 117 2 190 191 192 8
L 193 114 51
D 187 115 2 188 189 193 8
L 196 120 -61
L 197 122 -62
L 198 120 61
D 195 121 2 196 197 198 8
L 201 124 -63
L 202 126 -64
L 203 124 63
D 200 125 2 201 202 203 8
L 205 128 -65
L 207 130 -66
L 209 132 67
L 211 134 -68
L 213 136 -69
L 214 138 -70
L 215 136 69
D 212 137 2 213 214 215 8
L 216 134 68
D 210 135 2 211 212 216 8
L 217 132 -67
D 208 133 2 209 210 217 8
L 218 130 66
D 206 131 2 207 208 218 8
L 219 128 65
D 204 129 2 205 206 219 8
L 221 126 64
D 220 125 2 201 221 203 29
D 199 127 2 200 204 220 8
L 223 122 62
D 222 121 2 196 223 198 29
D 194 123 2 195 199 222 8
L 226 118 52
D 225 117 2 190 226 192 29
D 224 115 2 188 225 193 29
D 186 119 2 187 194 224 8
L 229 112 55
D 228 111 2 182 229 184 29
D 227 109 2 180 228 185 29
D 178 113 2 179 186 227 8
L 233 106 59
D 232 105 2 175 233 173 8
D 231 103 2 171 232 176 8
D 230 101 2 169 231 177 8
D 241 135 2 216 212 211 8
D 240 133 2 217 241 209 8
D 239 131 2 207 240 218 8
D 238 129 2 205 239 219 8
D 237 127 2 200 238 220 8
D 236 123 2 195 237 222 8
D 235 119 2 187 236 224 8
D 234 113 2 179 235 227 8
D 244 105 2 175 174 173 8
D 243 103 2 171 244 176 8
D 242 101 2 177 243 169 8
L 254 138 70
D 253 137 2 213 254 215 8
D 252 135 2 211 253 216 8
D 251 133 2 217 252 209 8
D 250 131 2 207 251 218 8
D 249 129 2 205 250 219 8
D 248 127 2 200 249 220 8
D 247 123 2 195 248 222 8
D 246 119 2 187 247 224 8
D 245 113 2 179 246 227 8
D 256 103 2 176 244 171 8
D 255 101 2 169 256 177 8
D 265 137 2 215 214 213 8
D 264 135 2 211 265 216 8
D 263 133 2 217 264 209 8
D 262 131 2 207 263 218 8
D 261 129 2 205 262 219 8
D 260 127 2 200 261 220 8
D 259 123 2 195 260 222 8
D 258 119 2 187 259 224 8
D 257 113 2 179 258 227 8
D 268 105 2 175 174 173 233
D 269 105 2 175 233 173 29
D 267 103 2 171 268 176 269
D 270 103 2 171 269 176 29
D 266 101 2 169 267 177 270
D 167 107 5 168 178 230 234 242 245 255 257 266 8
L 274 98 -41
D 273 97 2 161 274 163 8
D 272 95 2 164 273 159 8
D 271 93 2 154 272 165 8
D 282 133 2 217 210 209 8
D 281 131 2 218 282 207 8
D 280 129 2 205 281 219 8
D 279 127 2 200 280 220 8
D 278 123 2 195 279 222 8
D 277 119 2 187 278 224 8
D 276 113 2 179 277 227 8
D 283 101 2 169 243 177 8
D 286 111 2 184 183 182 8
D 285 109 2 180 286 185 8
D 288 111 2 184 229 182 29
D 287 109 2 180 288 185 29
D 284 113 2 285 246 287 8
D 291 105 2 173 233 175 8
D 290 103 2 171 291 176 269
D 289 101 2 169 290 177 270
D 275 107 6 168 276 283 284 230 178 255 234 242 257 289 8
D 293 91 2 157 156 155 8
D 294 95 2 159 273 164 8
D 295 91 2 157 166 155 29
D 292 93 2 293 294 295 8
D 302 131 2 207 282 218 8
D 301 129 2 219 302 205 8
D 300 127 2 200 301 220 8
D 299 123 2 195 300 222 8
D 298 119 2 187 299 224 8
D 297 113 2 179 298 227 8
D 305 111 2 182 229 184 8
D 304 109 2 180 305 185 8
D 307 111 2 182 183 184 229
D 306 109 2 180 307 185 29
D 303 113 3 285 258 304 246 306 8
D 296 107 6 168 297 283 303 230 276 255 178 242 234 289 8
D 309 91 2 155 166 157 8
D 310 91 2 155 156 157 29
D 308 93 2 309 294 310 8
D 316 125 2 201 221 203 8
D 317 129 2 205 302 219 8
D 318 125 2 201 202 203 29
D 315 127 2 316 317 318 8
D 314 123 2 195 315 222 8
D 313 119 2 187 314 224 8
D 312 113 2 179 313 227 8
D 322 117 2 192 191 190 8
D 321 115 2 188 322 193 8
D 324 117 2 192 226 190 29
D 323 115 2 188 324 193 29
D 320 119 2 321 247 323 8
D 326 111 2 184 229 182 8
D 325 109 2 180 326 185 29
D 319 113 4 304 258 179 320 285 235 325 8
D 311 107 6 168 312 283 319 230 297 255 276 242 178 289 8
D 329 97 2 163 274 161 8
D 328 95 2 159 329 164 8
D 327 93 2 154 328 165 8
D 332 109 2 185 181 180 8
D 333 119 2 321 259 323 8
D 334 109 2 180 326 185 228
D 331 113 5 304 235 332 246 179 333 285 186 334 8
D 339 125 2 203 202 201 8
D 340 125 2 203 221 201 29
D 338 127 2 339 317 340 8
D 337 123 2 195 338 222 8
D 336 119 2 187 337 224 8
D 335 113 2 179 336 227 8
D 330 107 6 283 331 168 335 230 312 255 297 242 276 289 8
D 343 97 2 161 274 163 162
D 344 97 2 161 162 163 29
D 342 95 2 159 343 164 344
D 345 91 2 157 156 155 166
D 346 95 2 159 344 164 29
D 347 91 2 157 166 155 8
D 341 93 3 154 342 345 346 347 29
D 152 99 6 153 167 271 275 292 296 308 311 327 330 341 8
D 349 81 2 140 151 142 8
D 350 81 2 140 141 142 29
D 348 83 2 349 143 350 8
D 352 93 2 154 294 165 8
D 356 115 2 193 189 188 8
D 358 117 2 190 226 192 8
D 357 115 2 188 358 193 8
D 360 117 2 190 191 192 226
D 359 115 2 188 360 193 225
D 355 119 4 356 247 357 259 321 194 359 8
D 354 113 5 179 355 332 235 304 277 285 298 334 8
D 364 121 2 196 223 198 8
D 365 127 2 200 317 220 8
D 366 121 2 196 197 198 29
D 363 123 2 364 365 366 8
D 362 119 2 187 363 224 8
D 361 113 2 179 362 227 8
D 370 121 2 198 197 196 8
D 371 121 2 198 223 196 29
D 369 123 2 370 365 371 8
D 368 119 2 187 369 224 8
D 367 113 2 179 368 227 8
D 353 107 6 283 354 255 335 242 312 230 361 168 367 289 8
D 372 93 2 154 346 165 29
D 351 99 2 352 353 372 8
D 374 85 2 149 145 144 8
D 373 83 2 139 374 150 8
D 378 119 4 356 259 357 236 321 278 359 8
D 377 113 5 179 378 332 186 304 298 285 313 334 8
D 380 103 2 176 269 171 173
D 379 101 2 169 380 177 270
D 376 107 5 242 335 283 377 255 361 230 367 379 8
D 375 99 2 352 376 372 8
L 384 88 49
D 383 87 2 146 384 148 8
D 382 85 2 144 383 149 8
D 381 83 2 139 382 150 8
D 388 119 4 356 236 357 194 321 299 359 8
D 387 113 5 179 388 332 277 304 313 285 336 334 8
D 389 101 2 177 270 169 269
D 386 107 4 242 361 283 387 255 367 389 8
D 385 99 2 352 386 372 8
D 392 87 2 148 147 146 8
D 391 85 2 144 392 149 8
D 390 83 2 139 391 150 8
D 396 119 4 356 194 357 278 321 314 359 8
D 395 113 5 179 396 332 298 304 336 285 362 334 8
D 394 107 3 242 367 283 395 270 8
D 393 99 2 352 394 372 8
D 398 81 2 142 141 140 8
D 399 81 2 142 151 140 29
D 397 83 2 398 143 399 8
D 404 115 2 188 360 193 29
D 403 119 3 357 247 321 236 404 8
D 402 113 5 179 403 332 258 304 186 285 277 334 8
D 401 107 6 283 402 230 335 255 312 168 361 242 297 289 8
D 400 99 2 352 401 372 8
D 407 87 2 148 384 146 8
D 408 87 2 146 384 148 29
D 406 85 2 144 407 149 408
D 409 81 2 142 141 140 151
D 410 85 2 144 408 149 29
D 411 81 2 142 151 140 8
D 405 83 3 139 406 409 410 411 29
D 137 89 7 138 152 348 351 373 375 381 385 390 393 397 400 405 8
D 414 61 2 109 115 107 8
D 415 61 2 109 108 107 29
D 413 63 2 414 110 415 8
D 416 63 2 414 135 415 29
D 412 67 2 413 116 416 8
D 418 99 6 153 275 271 296 292 311 308 330 327 401 341 8
D 422 119 4 356 278 357 299 321 337 359 8
D 421 113 5 179 422 332 313 304 362 285 368 334 8
D 423 101 2 169 270 177 29
D 420 107 2 283 421 423 8
D 419 99 2 352 420 372 8
D 417 89 7 397 351 138 418 348 375 373 385 381 393 390 419 405 8
D 426 61 2 107 115 109 8
D 427 61 2 107 108 109 29
D 425 63 2 426 110 427 8
D 430 73 2 125 124 123 8
D 431 73 2 125 131 123 29
D 429 75 2 430 126 431 8
D 428 71 2 117 429 132 8
D 432 63 2 426 135 427 29
D 424 67 2 425 428 432 8
D 434 99 6 153 296 271 311 292 330 308 401 327 353 341 8
D 438 119 4 356 299 357 314 321 363 359 8
D 439 109 2 185 228 180 184
D 437 113 4 179 438 332 336 304 368 439 8
D 436 107 2 283 437 423 8
D 435 99 2 352 436 372 8
D 433 89 7 397 375 138 434 348 385 373 393 381 419 390 435 405 8
D 443 73 2 123 131 125 8
D 444 73 2 123 124 125 29
D 442 75 2 443 126 444 8
D 441 71 2 117 442 132 8
D 440 67 2 425 441 432 8
D 446 99 6 153 311 271 330 292 401 308 353 327 376 341 8
D 450 119 4 356 314 357 337 321 369 359 8
D 449 113 3 179 450 332 362 228 8
D 448 107 2 283 449 423 8
D 447 99 2 352 448 372 8
D 445 89 7 397 385 138 446 348 393 373 419 381 435 390 447 405 8
D 453 65 2 113 112 111 8
D 452 63 2 426 453 427 8
D 455 65 2 113 136 111 29
D 454 63 2 426 455 427 29
D 451 67 2 452 116 454 8
D 457 99 6 153 330 271 401 292 353 308 376 327 386 341 8
D 463 117 2 190 191 192 29
D 462 115 2 188 463 193 225
D 461 119 3 356 337 357 363 462 8
D 460 113 3 179 461 332 368 228 8
D 459 107 2 283 460 423 8
D 458 99 2 352 459 372 8
D 456 89 7 397 393 138 457 348 419 373 435 381 447 390 458 405 8
D 466 65 2 111 136 113 8
D 465 63 2 426 466 427 8
D 468 65 2 111 112 113 29
D 467 63 2 426 468 427 29
D 464 67 2 465 116 467 8
D 470 99 6 153 401 271 353 292 376 308 386 327 394 341 8
D 474 119 3 356 363 357 369 462 8
D 473 113 2 179 474 227 8
D 472 107 2 283 473 423 8
D 471 99 2 352 472 372 8
D 469 89 7 397 419 138 470 348 435 373 447 381 458 390 471 405 8
D 477 69 2 120 119 118 8
D 478 69 2 120 133 118 29
D 476 71 2 477 121 478 8
D 475 67 2 425 476 432 8
D 480 99 6 153 353 271 376 292 386 308 394 327 420 341 8
D 485 115 2 193 225 188 29
D 484 119 2 356 369 485 8
D 483 113 2 179 484 227 8
D 482 107 2 283 483 423 8
D 481 99 2 352 482 372 8
D 479 89 7 397 435 138 480 348 447 373 458 381 471 390 481 405 8
D 488 69 2 118 133 120 8
D 489 69 2 118 119 120 29
D 487 71 2 488 121 489 8
D 486 67 2 425 487 432 8
D 491 99 6 153 376 271 386 292 394 308 420 327 436 341 8
D 493 85 2 149 408 144 148
D 492 83 3 139 493 409 410 411 29
D 490 89 6 397 447 138 491 348 458 373 471 381 481 492 8
L 498 78 29
D 497 77 2 127 498 129 8
D 496 75 2 122 497 130 8
D 495 71 2 117 496 132 8
D 494 67 2 425 495 432 8
D 500 99 6 153 386 271 394 292 420 308 436 327 448 341 8
D 501 83 3 409 410 139 408 411 29
D 499 89 5 397 458 138 500 348 471 373 481 501 8
D 505 77 2 129 128 127 8
D 504 75 2 122 505 130 8
D 503 71 2 117 504 132 8
D 502 67 2 425 503 432 8
D 507 99 6 153 394 271 420 292 436 308 448 327 459 341 8
D 509 81 2 142 141 140 29
D 508 83 2 509 410 411 29
D 506 89 4 397 471 138 507 348 481 508 8
D 512 65 2 113 112 111 136
D 513 61 2 109 115 107 108
D 514 61 2 109 108 107 8
D 511 63 3 426 512 513 110 514 8
D 517 77 2 127 498 129 29
D 516 75 2 122 517 130 29
D 515 71 2 117 516 132 29
D 519 69 2 120 119 118 133
D 521 73 2 125 124 123 131
D 522 77 2 127 128 129 498
D 523 73 2 125 131 123 8
D 520 75 3 521 517 122 522 523 29
D 524 69 2 120 133 118 8
D 518 71 3 519 516 117 520 524 29
D 526 65 2 113 136 111 8
D 525 63 3 426 526 513 135 514 29
D 510 67 3 511 515 425 518 525 29
D 103 79 11 104 137 412 417 424 433 440 445 451 456 464 469 475 479 486 490 494 499 502 506 510 8
D 529 45 2 79 78 77 8
D 528 43 2 72 529 80 8
D 532 53 2 91 90 89 8
D 533 53 2 91 97 89 29
D 531 55 2 532 92 533 8
D 530 51 2 83 531 98 8
D 535 45 2 79 102 77 29
D 534 43 2 72 535 80 29
D 527 47 2 528 530 534 8
D 538 99 6 153 420 271 436 292 448 308 459 327 472 341 8
D 539 83 2 141 410 151 29
D 537 89 3 397 481 138 538 539 8
D 536 79 11 104 417 412 433 424 445 440 456 451 469 464 479 475 490 486 499 494 506 502 537 510 8
D 542 45 2 77 102 79 8
D 541 43 2 72 542 80 8
D 544 45 2 77 78 79 29
D 543 43 2 72 544 80 29
D 540 47 2 541 530 543 8
D 547 99 6 153 436 271 448 292 459 308 472 327 482 341 8
D 548 83 2 139 410 150 29
D 546 89 2 138 547 548 8
D 545 79 11 104 433 412 445 424 456 440 469 451 479 464 490 475 499 486 506 494 537 502 546 510 8
D 551 41 2 75 74 73 8
D 552 41 2 75 81 73 29
D 550 43 2 551 76 552 8
D 553 43 2 551 101 552 29
D 549 47 2 550 530 553 8
D 559 97 2 161 274 163 29
D 558 95 2 164 344 159 559
D 557 93 3 154 558 345 346 347 29
D 556 99 5 153 448 271 459 292 472 308 482 557 8
D 555 89 2 138 556 548 8
D 554 79 11 104 445 412 456 424 469 440 479 451 490 464 499 475 506 486 537 494 546 502 555 510 8
D 562 41 2 73 81 75 8
D 563 41 2 73 74 75 29
D 561 43 2 562 76 563 8
D 564 43 2 562 101 563 29
D 560 47 2 561 530 564 8
D 568 93 3 154 558 293 346 166 29
D 567 99 4 153 459 271 472 292 482 568 8
D 566 89 2 138 567 548 8
D 565 79 11 104 456 412 469 424 479 440 490 451 499 464 506 475 537 486 546 494 555 502 566 510 8
D 572 53 2 91 97 89 8
D 573 53 2 91 90 89 29
D 571 55 2 572 92 573 8
D 570 51 2 83 571 98 8
D 569 47 2 71 570 100 8
D 577 93 2 154 558 165 29
D 576 99 3 153 472 271 482 577 8
D 575 89 2 138 576 548 8
D 574 79 11 104 469 412 479 424 490 440 499 451 506 464 537 475 546 486 555 494 566 502 575 510 8
D 580 49 2 86 85 84 8
D 581 49 2 86 99 84 29
D 579 51 2 580 531 581 8
D 578 47 2 71 579 100 8
D 586 95 2 159 559 164 29
D 585 93 2 154 586 165 29
D 584 99 2 153 482 585 8
D 583 89 2 138 584 548 8
D 582 79 11 104 479 412 490 424 499 440 506 451 537 464 546 475 555 486 566 494 575 502 583 510 8
D 589 49 2 84 99 86 8
D 590 49 2 84 85 86 29
D 588 51 2 589 531 590 8
D 587 47 2 71 588 100 8
D 595 77 2 127 128 129 29
D 594 75 3 122 595 521 517 523 29
D 593 71 3 117 594 519 516 524 29
D 592 67 3 425 593 511 515 525 29
D 591 79 10 104 490 412 499 424 506 440 537 451 546 464 555 475 566 486 575 494 583 592 8
D 599 57 2 95 94 93 8
D 598 55 2 532 599 533 8
D 597 51 2 83 598 98 8
D 596 47 2 71 597 100 8
D 604 73 2 123 124 125 131
D 603 75 2 521 517 604 29
D 602 71 3 117 603 519 516 524 29
D 601 67 3 425 602 511 515 525 29
D 600 79 9 104 499 412 506 424 537 440 546 451 555 464 566 475 575 486 583 601 8
L 609 58 40
D 608 57 2 93 609 95 8
D 607 55 2 532 608 533 8
D 606 51 2 83 607 98 8
D 605 47 2 71 606 100 8
D 612 71 3 117 603 477 516 133 29
D 611 67 3 425 612 511 515 525 29
D 610 79 8 104 506 412 537 424 546 440 555 451 566 464 575 475 583 611 8
D 615 45 2 79 78 77 102
D 616 41 2 75 74 73 81
D 617 41 2 75 81 73 8
D 614 43 3 72 615 616 76 617 8
D 620 57 2 93 609 95 29
D 619 55 2 532 620 533 29
D 618 51 2 83 619 98 29
D 622 49 2 86 85 84 99
D 624 53 2 89 90 91 97
D 625 57 2 93 94 95 609
D 626 53 2 89 97 91 8
D 623 55 3 624 620 532 625 626 29
D 627 49 2 86 99 84 8
D 621 51 3 622 619 83 623 627 29
D 629 45 2 79 102 77 8
D 628 43 3 72 629 616 101 617 29
D 613 47 3 614 618 71 621 628 29
D 69 59 11 70 103 527 536 540 545 549 554 560 565 569 574 578 582 587 591 596 600 605 610 613 8
D 632 29 2 50 65 52 8
D 634 33 2 57 56 55 8
D 635 33 2 57 63 55 29
D 633 35 2 634 58 635 8
D 636 29 2 50 51 52 29
D 631 31 2 632 633 636 8
D 630 27 2 37 631 66 8
D 640 71 2 117 603 132 29
D 639 67 3 425 640 511 515 525 29
D 638 79 7 104 537 412 546 424 555 440 566 451 575 464 583 639 8
D 637 59 11 70 536 527 545 540 554 549 565 560 574 569 582 578 591 587 600 596 610 605 638 613 8
D 643 29 2 52 51 50 8
D 644 29 2 52 65 50 29
D 642 31 2 643 633 644 8
D 641 27 2 37 642 66 8
D 648 63 3 426 453 513 110 514 8
D 649 63 3 513 135 426 136 514 29
D 647 67 3 425 640 648 515 649 29
D 646 79 6 104 546 412 555 424 566 440 575 451 583 647 8
D 645 59 11 70 545 527 554 540 565 549 574 560 582 569 591 578 600 587 610 596 638 605 646 613 8
D 652 21 2 41 40 39 8
D 653 21 2 41 47 39 29
D 651 23 2 652 42 653 8
D 654 31 2 49 633 64 8
D 655 23 2 652 67 653 29
D 650 27 2 651 654 655 8
D 660 61 2 107 115 109 108
D 659 63 2 513 110 660 8
D 662 61 2 109 115 107 29
D 661 63 2 662 135 514 29
D 658 67 3 425 640 659 515 661 29
D 657 79 5 104 555 412 566 424 575 440 583 658 8
D 656 59 11 70 554 527 565 540 574 549 582 560 591 569 600 578 610 587 638 596 646 605 657 613 8
D 665 21 2 39 47 41 8
D 666 21 2 39 40 41 29
D 664 23 2 665 42 666 8
D 667 23 2 665 67 666 29
D 663 27 2 664 654 667 8
D 672 75 2 430 517 431 29
D 671 71 2 117 672 132 29
D 670 67 3 425 671 659 515 661 29
D 669 79 4 104 566 412 575 424 583 670 8
D 668 59 11 70 565 527 574 540 582 549 591 560 600 569 610 578 638 587 646 596 657 605 669 613 8
D 675 25 2 45 44 43 8
D 674 23 2 38 675 46 8
D 677 25 2 45 68 43 29
D 676 23 2 38 677 46 29
D 673 27 2 674 654 676 8
D 681 63 2 513 135 660 29
D 680 67 2 659 515 681 29
D 679 79 3 104 575 412 583 680 8
D 678 59 11 70 574 527 582 540 591 549 600 560 610 569 638 578 646 587 657 596 669 605 679 613 8
D 684 25 2 43 68 45 8
D 683 23 2 38 684 46 8
D 686 25 2 43 44 45 29
D 685 23 2 38 686 46 29
D 682 27 2 683 654 685 8
D 689 67 2 105 515 134 29
D 688 79 2 104 583 689 8
D 687 59 11 70 582 527 591 540 600 549 610 560 638 569 646 578 657 587 669 596 679 605 688 613 8
D 693 33 2 57 63 55 8
D 694 33 2 57 56 55 29
D 692 35 2 693 58 694 8
D 691 31 2 49 692 64 8
D 690 27 2 37 691 66 8
D 699 57 2 95 609 93 29
D 698 55 3 532 699 624 620 626 29
D 697 51 3 83 698 622 619 627 29
D 696 47 3 71 697 614 618 628 29
D 695 59 10 70 591 527 600 540 610 549 638 560 646 569 657 578 669 587 679 596 688 696 8
L 704 38 19
D 703 37 2 59 704 61 8
D 702 35 2 634 703 635 8
D 701 31 2 49 702 64 8
D 700 27 2 37 701 66 8
D 709 53 2 91 90 89 97
D 708 55 2 624 620 709 29
D 707 51 3 83 708 622 619 627 29
D 706 47 3 71 707 614 618 628 29
D 705 59 9 70 600 527 610 540 638 549 646 560 657 569 669 578 679 587 688 706 8
D 713 37 2 61 60 59 8
D 712 35 2 634 713 635 8
D 711 31 2 49 712 64 8
D 710 27 2 37 711 66 8
D 716 51 3 83 708 580 619 99 29
D 715 47 3 71 716 614 618 628 29
D 714 59 8 70 610 527 638 540 646 549 657 560 669 569 679 578 688 715 8
D 719 25 2 45 44 43 68
D 720 21 2 41 40 39 47
D 721 21 2 41 47 39 8
D 718 23 3 38 719 720 42 721 8
D 724 37 2 59 704 61 29
D 723 35 2 634 724 635 29
D 722 31 2 49 723 64 29
D 726 29 2 52 51 50 65
D 728 33 2 55 56 57 63
D 729 37 2 59 60 61 704
D 730 33 2 55 63 57 8
D 727 35 3 728 724 634 729 730 29
D 731 29 2 52 65 50 8
D 725 31 3 726 723 49 727 731 29
D 733 25 2 45 68 43 8
D 732 23 3 38 733 720 67 721 29
D 717 27 3 718 722 37 725 732 29
D 35 39 11 36 69 630 637 641 645 650 656 663 668 673 678 682 687 690 695 700 705 710 714 717 8
D 736 3 2 5 34 7 8
D 735 1 2 3 736 9 8
D 739 11 2 17 28 19 8
D 740 11 2 17 18 19 29
D 738 13 2 739 20 740 8
D 737 9 2 11 738 30 8
D 742 3 2 5 6 7 29
D 741 1 2 3 742 9 29
D 734 5 2 735 737 741 8
D 746 51 2 83 708 98 29
D 745 47 3 71 746 614 618 628 29
D 744 59 7 70 638 527 646 540 657 549 669 560 679 569 688 745 8
D 743 39 11 36 637 630 645 641 656 650 668 663 678 673 687 682 695 690 705 700 714 710 744 717 8
D 748 1 2 9 4 3 8
D 749 1 2 9 33 3 29
D 747 5 2 748 737 749 8
D 754 55 2 88 620 96 29
D 753 51 2 83 754 98 29
D 752 47 3 71 753 614 618 628 29
D 751 59 6 70 646 527 657 540 669 549 679 560 688 752 8
D 750 39 11 36 645 630 656 641 668 650 678 663 687 673 695 682 705 690 714 700 744 710 751 717 8
D 757 3 2 7 6 5 8
D 756 1 2 3 757 9 8
D 759 3 2 7 34 5 29
D 758 1 2 3 759 9 29
D 755 5 2 756 737 758 8
D 763 43 3 72 615 551 76 81 8
D 764 43 3 72 629 551 101 81 29
D 762 47 3 71 753 763 618 764 29
D 761 59 5 70 657 527 669 540 679 549 688 762 8
D 760 39 11 36 656 630 668 641 678 650 687 663 695 673 705 682 714 690 744 700 751 710 761 717 8
D 768 11 2 19 28 17 8
D 769 11 2 19 18 17 29
D 767 13 2 768 20 769 8
D 766 9 2 11 767 30 8
D 765 5 2 2 766 32 8
D 773 43 2 72 615 80 8
D 774 43 2 72 629 80 29
D 772 47 3 71 753 773 618 774 29
D 771 59 4 70 669 527 679 540 688 772 8
D 770 39 11 36 668 630 678 641 687 650 695 663 705 673 714 682 744 690 751 700 761 710 771 717 8
D 777 7 2 14 13 12 8
D 778 7 2 14 31 12 29
D 776 9 2 777 738 778 8
D 775 5 2 2 776 32 8
D 782 43 2 72 102 80 29
D 781 47 3 71 753 528 618 782 29
D 780 59 3 70 679 527 688 781 8
D 779 39 11 36 678 630 687 641 695 650 705 663 714 673 744 682 751 690 761 700 771 710 780 717 8
D 785 7 2 12 31 14 8
D 786 7 2 12 13 14 29
D 784 9 2 785 738 786 8
D 783 5 2 2 784 32 8
D 789 47 2 71 753 100 29
D 788 59 2 70 688 789 8
D 787 39 11 36 687 630 695 641 705 650 714 663 744 673 751 682 761 690 771 700 780 710 788 717 8
D 793 15 2 26 22 21 8
D 792 13 2 739 793 740 8
D 791 9 2 11 792 30 8
D 790 5 2 2 791 32 8
D 798 37 2 59 60 61 29
D 797 35 3 634 798 728 724 730 29
D 796 31 3 49 797 726 723 731 29
D 795 27 3 37 796 718 722 732 29
D 794 39 10 36 695 630 705 641 714 650 744 663 751 673 761 682 771 690 780 700 788 795 8
D 803 17 2 25 24 23 8
D 802 15 2 21 803 26 8
D 801 13 2 739 802 740 8
D 800 9 2 11 801 30 8
D 799 5 2 2 800 32 8
D 808 33 2 57 56 55 63
D 807 35 2 728 724 808 29
D 806 31 3 49 807 726 723 731 29
D 805 27 3 37 806 718 722 732 29
D 804 39 9 36 705 630 714 641 744 650 751 663 761 673 771 682 780 690 788 805 8
L 814 18 10
D 813 17 2 23 814 25 8
D 812 15 2 21 813 26 8
D 811 13 2 739 812 740 8
D 810 9 2 11 811 30 8
D 809 5 2 2 810 32 8
D 818 35 2 54 724 62 29
D 817 31 3 49 818 726 723 731 29
D 816 27 3 37 817 718 722 732 29
D 815 39 8 36 714 630 744 641 751 650 761 663 771 673 780 682 788 816 8
D 823 17 2 23 24 25 814
D 824 17 2 23 814 25 29
D 822 15 2 21 823 26 824
D 825 11 2 19 28 17 18
D 826 15 2 21 824 26 29
D 827 11 2 19 18 17 8
D 821 13 3 739 822 825 826 827 29
D 828 7 2 14 13 12 31
D 829 13 2 739 826 740 29
D 830 7 2 14 31 12 8
D 820 9 3 11 821 828 829 830 29
D 832 3 2 7 6 5 34
D 831 1 2 3 832 9 4
D 833 9 2 11 829 30 29
D 835 3 2 7 34 5 8
D 834 1 2 3 835 9 33
D 819 5 3 2 820 831 833 834 29
D 0 19 11 1 35 734 743 747 750 755 760 765 770 775 779 783 787 790 794 799 804 809 815 819 8
