c ids of sdd nodes start at 0
c sdd nodes appear bottom-up, children before parents
c
c file syntax:
c sdd count-of-sdd-nodes
c F id-of-false-sdd-node
c T id-of-true-sdd-node
c L id-of-literal-sdd-node id-of-vtree literal
c D id-of-decomposition-sdd-node id-of-vtree number-of-elements {id-of-prime id-of-sub}*
c
sdd 840
L 3 0 -3
L 5 2 -4
L 6 4 -2
L 7 2 4
F 8
D 4 3 2 5 6 7 8
L 9 0 3
D 2 1 2 3 4 9 8
L 12 6 -6
L 13 8 -7
L 14 6 6
D 11 7 2 12 13 14 8
L 17 10 -5
L 18 12 1
L 19 10 5
D 16 11 2 17 18 19 8
L 21 14 -8
L 23 16 -9
L 24 18 -10
L 25 16 9
D 22 17 2 23 24 25 8
L 26 14 8
D 20 15 2 21 22 26 8
L 28 12 -1
T 29
D 27 11 2 17 28 19 29
D 15 13 2 16 20 27 8
L 31 8 7
D 30 7 2 12 31 14 29
D 10 9 2 11 15 30 8
L 34 4 2
D 33 3 2 5 34 7 29
D 32 1 2 3 33 9 29
D 1 5 2 2 10 32 8
L 39 20 -14
L 40 22 -15
L 41 20 14
D 38 21 2 39 40 41 8
L 43 24 -16
L 44 26 -17
L 45 24 16
D 42 25 2 43 44 45 8
L 47 22 15
D 46 21 2 39 47 41 29
D 37 23 2 38 42 46 8
L 50 28 -13
L 51 30 -12
L 52 28 13
D 49 29 2 50 51 52 8
L 55 32 11
L 56 34 -18
L 57 32 -11
D 54 33 2 55 56 57 8
L 59 36 -20
L 60 38 -19
L 61 36 20
D 58 37 2 59 60 61 8
L 63 34 18
D 62 33 2 55 63 57 29
D 53 35 2 54 58 62 8
L 65 30 12
D 64 29 2 50 65 52 29
D 48 31 2 49 53 64 8
L 68 26 17
D 67 25 2 43 68 45 29
D 66 23 2 38 67 46 29
D 36 27 2 37 48 66 8
L 73 40 -34
L 74 42 -35
L 75 40 34
D 72 41 2 73 74 75 8
L 77 44 -32
L 78 46 -33
L 79 44 32
D 76 45 2 77 78 79 8
L 81 42 35
D 80 41 2 73 81 75 29
D 71 43 2 72 76 80 8
L 84 48 -37
L 85 50 -38
L 86 48 37
D 83 49 2 84 85 86 8
L 89 52 31
L 90 54 -36
L 91 52 -31
D 88 53 2 89 90 91 8
L 93 56 -39
L 94 58 -40
L 95 56 39
D 92 57 2 93 94 95 8
L 97 54 36
D 96 53 2 89 97 91 29
D 87 55 2 88 92 96 8
L 99 50 38
D 98 49 2 84 99 86 29
D 82 51 2 83 87 98 8
L 102 46 33
D 101 45 2 77 102 79 29
D 100 43 2 72 101 80 29
D 70 47 2 71 82 100 8
L 107 60 -22
L 108 62 21
L 109 60 22
D 106 61 2 107 108 109 8
L 111 64 -25
L 112 66 -26
L 113 64 25
D 110 65 2 111 112 113 8
L 115 62 -21
D 114 61 2 107 115 109 29
D 105 63 2 106 110 114 8
L 118 68 -27
L 119 70 -28
L 120 68 27
D 117 69 2 118 119 120 8
L 123 72 -23
L 124 74 -24
L 125 72 23
D 122 73 2 123 124 125 8
L 127 76 -30
L 128 78 -29
L 129 76 30
D 126 77 2 127 128 129 8
L 131 74 24
D 130 73 2 123 131 125 29
D 121 75 2 122 126 130 8
L 133 70 28
D 132 69 2 118 133 120 29
D 116 71 2 117 121 132 8
L 136 66 26
D 135 65 2 111 136 113 29
D 134 63 2 106 135 114 29
D 104 67 2 105 116 134 8
L 140 80 -46
L 141 82 -47
L 142 80 46
D 139 81 2 140 141 142 8
L 144 84 -48
L 146 86 -50
L 147 88 -49
L 148 86 50
D 145 87 2 146 147 148 8
L 149 84 48
D 143 85 2 144 145 149 8
L 151 82 47
D 150 81 2 140 151 142 29
D 138 83 2 139 143 150 8
L 155 90 -43
L 156 92 -44
L 157 90 43
D 154 91 2 155 156 157 8
L 159 94 -42
L 161 96 -45
L 162 98 41
L 163 96 45
D 160 97 2 161 162 163 8
L 164 94 42
D 158 95 2 159 160 164 8
L 166 92 44
D 165 91 2 155 166 157 29
D 153 93 2 154 158 165 8
L 169 100 -57
L 171 102 -58
L 173 104 60
L 174 106 -59
L 175 104 -60
D 172 105 2 173 174 175 8
L 176 102 58
D 170 103 2 171 172 176 8
L 177 100 57
D 168 101 2 169 170 177 8
L 180 108 -53
L 182 110 -56
L 183 112 -55
L 184 110 56
D 181 111 2 182 183 184 8
L 185 108 53
D 179 109 2 180 181 185 8
L 188 114 -51
L 190 116 -54
L 191 118 -52
L 192 116 54
D 189 117 2 190 191 192 8
L 193 114 51
D 187 115 2 188 189 193 8
L 196 120 -61
L 197 122 -62
L 198 120 61
D 195 121 2 196 197 198 8
L 201 124 -63
L 202 126 -64
L 203 124 63
D 200 125 2 201 202 203 8
L 205 128 -65
L 207 130 -66
L 209 132 -67
L 211 134 68
L 213 136 -69
L 214 138 -70
L 215 136 69
D 212 137 2 213 214 215 8
L 216 134 -68
D 210 135 2 211 212 216 8
L 217 132 67
D 208 133 2 209 210 217 8
L 218 130 66
D 206 131 2 207 208 218 8
L 219 128 65
D 204 129 2 205 206 219 8
L 221 126 64
D 220 125 2 201 221 203 29
D 199 127 2 200 204 220 8
L 223 122 62
D 222 121 2 196 223 198 29
D 194 123 2 195 199 222 8
L 226 118 52
D 225 117 2 190 226 192 29
D 224 115 2 188 225 193 29
D 186 119 2 187 194 224 8
L 229 112 55
D 228 111 2 182 229 184 29
D 227 109 2 180 228 185 29
D 178 113 2 179 186 227 8
D 232 105 2 175 174 173 8
D 231 103 2 176 232 171 8
D 230 101 2 169 231 177 8
L 242 138 70
D 241 137 2 213 242 215 8
D 240 135 2 216 241 211 8
D 239 133 2 209 240 217 8
D 238 131 2 207 239 218 8
D 237 129 2 205 238 219 8
D 236 127 2 200 237 220 8
D 235 123 2 195 236 222 8
D 234 119 2 187 235 224 8
D 233 113 2 179 234 227 8
L 246 106 59
D 245 105 2 175 246 173 8
D 244 103 2 171 245 176 8
D 243 101 2 169 244 177 8
D 255 137 2 215 214 213 8
D 254 135 2 216 255 211 8
D 253 133 2 209 254 217 8
D 252 131 2 207 253 218 8
D 251 129 2 205 252 219 8
D 250 127 2 200 251 220 8
D 249 123 2 195 250 222 8
D 248 119 2 187 249 224 8
D 247 113 2 179 248 227 8
D 258 105 2 175 174 173 246
D 259 105 2 175 246 173 29
D 257 103 2 171 258 176 259
D 256 101 2 169 257 177 29
D 167 107 4 168 178 230 233 243 247 256 8
L 263 98 -41
D 262 97 2 161 263 163 8
D 261 95 2 164 262 159 8
D 260 93 2 154 261 165 8
D 272 135 2 216 212 211 8
D 271 133 2 217 272 209 8
D 270 131 2 207 271 218 8
D 269 129 2 205 270 219 8
D 268 127 2 200 269 220 8
D 267 123 2 195 268 222 8
D 266 119 2 187 267 224 8
D 265 113 2 179 266 227 8
D 274 103 2 171 232 176 8
D 273 101 2 177 274 169 8
D 276 103 2 171 259 176 29
D 275 101 2 169 257 177 276
D 264 107 5 168 265 243 178 273 233 230 247 275 8
D 278 91 2 157 156 155 8
D 279 95 2 159 262 164 8
D 280 91 2 157 166 155 29
D 277 93 2 278 279 280 8
D 288 133 2 209 272 217 8
D 287 131 2 218 288 207 8
D 286 129 2 205 287 219 8
D 285 127 2 200 286 220 8
D 284 123 2 195 285 222 8
D 283 119 2 187 284 224 8
D 282 113 2 179 283 227 8
D 289 101 2 169 274 177 8
D 292 111 2 184 183 182 8
D 291 109 2 180 292 185 8
D 294 111 2 184 229 182 29
D 293 109 2 180 294 185 29
D 290 113 2 291 234 293 8
D 297 105 2 173 246 175 8
D 296 103 2 171 297 176 259
D 295 101 2 169 296 177 276
D 281 107 6 168 282 289 290 243 265 230 178 273 247 295 8
D 299 91 2 155 166 157 8
D 300 91 2 155 156 157 29
D 298 93 2 299 279 300 8
D 307 131 2 207 288 218 8
D 306 129 2 219 307 205 8
D 305 127 2 200 306 220 8
D 304 123 2 195 305 222 8
D 303 119 2 187 304 224 8
D 302 113 2 179 303 227 8
D 310 111 2 182 229 184 8
D 309 109 2 180 310 185 8
D 312 111 2 182 183 184 229
D 311 109 2 180 312 185 29
D 308 113 3 291 248 309 234 311 8
D 301 107 6 168 302 289 308 243 282 230 265 273 178 295 8
D 315 97 2 163 263 161 8
D 314 95 2 159 315 164 8
D 313 93 2 154 314 165 8
D 321 125 2 201 221 203 8
D 322 129 2 205 307 219 8
D 323 125 2 201 202 203 29
D 320 127 2 321 322 323 8
D 319 123 2 195 320 222 8
D 318 119 2 187 319 224 8
D 317 113 2 179 318 227 8
D 327 117 2 192 191 190 8
D 326 115 2 188 327 193 8
D 329 117 2 192 226 190 29
D 328 115 2 188 329 193 29
D 325 119 2 326 235 328 8
D 331 111 2 184 229 182 8
D 330 109 2 180 331 185 29
D 324 113 4 309 248 179 325 291 186 330 8
D 316 107 6 168 317 289 324 243 302 230 282 273 265 295 8
D 334 97 2 161 263 163 162
D 335 97 2 161 162 163 29
D 333 95 2 159 334 164 335
D 336 91 2 157 156 155 166
D 337 95 2 159 335 164 29
D 338 91 2 157 166 155 8
D 332 93 3 154 333 336 337 338 29
D 152 99 6 153 167 260 264 277 281 298 301 313 316 332 8
D 340 85 2 149 145 144 8
D 339 83 2 139 340 150 8
D 342 93 2 154 279 165 8
D 346 115 2 193 189 188 8
D 348 117 2 190 226 192 8
D 347 115 2 188 348 193 8
D 350 117 2 190 191 192 226
D 349 115 2 188 350 193 225
D 345 119 4 346 235 347 249 326 267 349 8
D 351 109 2 185 181 180 8
D 352 109 2 180 331 185 228
D 344 113 5 179 345 351 186 309 283 291 303 352 8
D 357 125 2 203 202 201 8
D 358 125 2 203 221 201 29
D 356 127 2 357 322 358 8
D 355 123 2 195 356 222 8
D 354 119 2 187 355 224 8
D 353 113 2 179 354 227 8
D 362 121 2 196 223 198 8
D 363 127 2 200 322 220 8
D 364 121 2 196 197 198 29
D 361 123 2 362 363 364 8
D 360 119 2 187 361 224 8
D 359 113 2 179 360 227 8
D 368 121 2 198 197 196 8
D 369 121 2 198 223 196 29
D 367 123 2 368 363 369 8
D 366 119 2 187 367 224 8
D 365 113 2 179 366 227 8
D 343 107 6 289 344 230 353 273 317 243 359 168 365 295 8
D 370 93 2 154 337 165 29
D 341 99 2 342 343 370 8
L 374 88 49
D 373 87 2 146 374 148 8
D 372 85 2 144 373 149 8
D 371 83 2 139 372 150 8
D 378 119 4 346 249 347 194 326 284 349 8
D 377 113 5 179 378 351 266 309 303 291 318 352 8
D 380 103 2 176 259 171 173
D 379 101 2 169 380 177 276
D 376 107 5 273 353 289 377 230 359 243 365 379 8
D 375 99 2 342 376 370 8
D 383 87 2 148 147 146 8
D 382 85 2 144 383 149 8
D 381 83 2 139 382 150 8
D 387 119 4 346 194 347 267 326 304 349 8
D 386 113 5 179 387 351 283 309 318 291 354 352 8
D 388 101 2 177 276 169 259
D 385 107 4 273 359 289 386 230 365 388 8
D 384 99 2 342 385 370 8
D 390 81 2 140 151 142 8
D 391 81 2 140 141 142 29
D 389 83 2 390 143 391 8
D 396 115 2 188 350 193 29
D 395 119 3 347 235 326 194 396 8
D 394 113 5 179 395 351 248 309 266 291 283 352 8
D 393 107 6 289 394 243 353 230 317 168 359 273 302 295 8
D 392 99 2 342 393 370 8
D 398 81 2 142 141 140 8
D 399 81 2 142 151 140 29
D 397 83 2 398 143 399 8
D 403 119 2 326 249 328 8
D 402 113 5 309 186 351 234 179 403 291 266 352 8
D 401 107 6 289 402 168 353 243 317 230 302 273 282 295 8
D 400 99 2 342 401 370 8
D 406 87 2 148 374 146 8
D 407 87 2 146 374 148 29
D 405 85 2 144 406 149 407
D 408 81 2 142 141 140 151
D 409 85 2 144 407 149 29
D 410 81 2 142 151 140 8
D 404 83 3 139 405 408 409 410 29
D 137 89 7 138 152 339 341 371 375 381 384 389 392 397 400 404 8
D 413 61 2 109 115 107 8
D 414 61 2 109 108 107 29
D 412 63 2 413 110 414 8
D 415 63 2 413 135 414 29
D 411 67 2 412 116 415 8
D 417 99 6 153 264 260 281 277 301 298 316 313 401 332 8
D 421 119 4 346 267 347 284 326 319 349 8
D 420 113 5 179 421 351 303 309 354 291 360 352 8
D 419 107 3 273 365 289 420 276 8
D 418 99 2 342 419 370 8
D 416 89 7 138 417 389 341 339 375 371 384 381 418 397 392 404 8
D 424 61 2 107 115 109 8
D 425 61 2 107 108 109 29
D 423 63 2 424 110 425 8
D 428 73 2 125 124 123 8
D 429 73 2 125 131 123 29
D 427 75 2 428 126 429 8
D 426 71 2 117 427 132 8
D 430 63 2 424 135 425 29
D 422 67 2 423 426 430 8
D 432 99 6 153 281 260 301 277 316 298 401 313 393 332 8
D 436 119 4 346 284 347 304 326 355 349 8
D 435 113 5 179 436 351 318 309 360 291 366 352 8
D 437 101 2 169 276 177 29
D 434 107 2 289 435 437 8
D 433 99 2 342 434 370 8
D 431 89 7 397 341 138 432 389 375 339 384 371 418 381 433 404 8
D 441 73 2 123 131 125 8
D 442 73 2 123 124 125 29
D 440 75 2 441 126 442 8
D 439 71 2 117 440 132 8
D 438 67 2 423 439 430 8
D 444 99 6 153 301 260 316 277 401 298 393 313 343 332 8
D 448 119 4 346 304 347 319 326 361 349 8
D 449 109 2 185 228 180 184
D 447 113 4 179 448 351 354 309 366 449 8
D 446 107 2 289 447 437 8
D 445 99 2 342 446 370 8
D 443 89 7 397 375 138 444 389 384 339 418 371 433 381 445 404 8
D 452 65 2 113 112 111 8
D 451 63 2 424 452 425 8
D 454 65 2 113 136 111 29
D 453 63 2 424 454 425 29
D 450 67 2 451 116 453 8
D 456 99 6 153 316 260 401 277 393 298 343 313 376 332 8
D 460 119 4 346 319 347 355 326 367 349 8
D 459 113 3 179 460 351 360 228 8
D 458 107 2 289 459 437 8
D 457 99 2 342 458 370 8
D 455 89 7 397 384 138 456 389 418 339 433 371 445 381 457 404 8
D 463 65 2 111 136 113 8
D 462 63 2 424 463 425 8
D 465 65 2 111 112 113 29
D 464 63 2 424 465 425 29
D 461 67 2 462 116 464 8
D 467 99 6 153 401 260 393 277 343 298 376 313 385 332 8
D 473 117 2 190 191 192 29
D 472 115 2 188 473 193 225
D 471 119 3 346 355 347 361 472 8
D 470 113 3 179 471 351 366 228 8
D 469 107 2 289 470 437 8
D 468 99 2 342 469 370 8
D 466 89 7 397 418 138 467 389 433 339 445 371 457 381 468 404 8
D 476 69 2 120 119 118 8
D 477 69 2 120 133 118 29
D 475 71 2 476 121 477 8
D 474 67 2 423 475 430 8
D 479 99 6 153 393 260 343 277 376 298 385 313 419 332 8
D 483 119 3 346 361 347 367 472 8
D 482 113 2 179 483 227 8
D 481 107 2 289 482 437 8
D 480 99 2 342 481 370 8
D 478 89 7 397 433 138 479 389 445 339 457 371 468 381 480 404 8
D 486 69 2 118 133 120 8
D 487 69 2 118 119 120 29
D 485 71 2 486 121 487 8
D 484 67 2 423 485 430 8
D 489 99 6 153 343 260 376 277 385 298 419 313 434 332 8
D 494 115 2 193 225 188 29
D 493 119 2 346 367 494 8
D 492 113 2 179 493 227 8
D 491 107 2 289 492 437 8
D 490 99 2 342 491 370 8
D 488 89 7 397 445 138 489 389 457 339 468 371 480 381 490 404 8
L 499 78 29
D 498 77 2 127 499 129 8
D 497 75 2 122 498 130 8
D 496 71 2 117 497 132 8
D 495 67 2 423 496 430 8
D 501 99 6 153 376 260 385 277 419 298 434 313 446 332 8
D 503 85 2 149 407 144 148
D 502 83 3 139 503 408 409 410 29
D 500 89 6 397 457 138 501 389 468 339 480 371 490 502 8
D 507 77 2 129 128 127 8
D 506 75 2 122 507 130 8
D 505 71 2 117 506 132 8
D 504 67 2 423 505 430 8
D 509 99 6 153 385 260 419 277 434 298 446 313 458 332 8
D 510 83 3 408 409 139 407 410 29
D 508 89 5 397 468 138 509 389 480 339 490 510 8
D 513 65 2 113 112 111 136
D 514 61 2 109 115 107 108
D 515 61 2 109 108 107 8
D 512 63 3 424 513 514 110 515 8
D 518 77 2 127 499 129 29
D 517 75 2 122 518 130 29
D 516 71 2 117 517 132 29
D 520 69 2 120 119 118 133
D 522 73 2 125 124 123 131
D 523 77 2 127 128 129 499
D 524 73 2 125 131 123 8
D 521 75 3 522 518 122 523 524 29
D 525 69 2 120 133 118 8
D 519 71 3 520 517 117 521 525 29
D 527 65 2 113 136 111 8
D 526 63 3 424 527 514 135 515 29
D 511 67 3 512 516 423 519 526 29
D 103 79 11 104 137 411 416 422 431 438 443 450 455 461 466 474 478 484 488 495 500 504 508 511 8
D 530 45 2 79 78 77 8
D 529 43 2 72 530 80 8
D 533 53 2 91 90 89 8
D 534 53 2 91 97 89 29
D 532 55 2 533 92 534 8
D 531 51 2 83 532 98 8
D 536 45 2 79 102 77 29
D 535 43 2 72 536 80 29
D 528 47 2 529 531 535 8
D 539 99 6 153 419 260 434 277 446 298 458 313 469 332 8
D 541 81 2 142 141 140 29
D 540 83 2 541 409 410 29
D 538 89 4 397 480 138 539 389 490 540 8
D 537 79 11 104 416 411 431 422 443 438 455 450 466 461 478 474 488 484 500 495 508 504 538 511 8
D 544 45 2 77 102 79 8
D 543 43 2 72 544 80 8
D 546 45 2 77 78 79 29
D 545 43 2 72 546 80 29
D 542 47 2 543 531 545 8
D 549 99 6 153 434 260 446 277 458 298 469 313 481 332 8
D 550 83 2 141 409 151 29
D 548 89 3 397 490 138 549 550 8
D 547 79 11 104 431 411 443 422 455 438 466 450 478 461 488 474 500 484 508 495 538 504 548 511 8
D 553 41 2 75 74 73 8
D 554 41 2 75 81 73 29
D 552 43 2 553 76 554 8
D 555 43 2 553 101 554 29
D 551 47 2 552 531 555 8
D 558 99 6 153 446 260 458 277 469 298 481 313 491 332 8
D 559 83 2 139 409 150 29
D 557 89 2 138 558 559 8
D 556 79 11 104 443 411 455 422 466 438 478 450 488 461 500 474 508 484 538 495 548 504 557 511 8
D 562 41 2 73 81 75 8
D 563 41 2 73 74 75 29
D 561 43 2 562 76 563 8
D 564 43 2 562 101 563 29
D 560 47 2 561 531 564 8
D 570 97 2 161 263 163 29
D 569 95 2 164 335 159 570
D 568 93 3 154 569 336 337 338 29
D 567 99 5 153 458 260 469 277 481 298 491 568 8
D 566 89 2 138 567 559 8
D 565 79 11 104 455 411 466 422 478 438 488 450 500 461 508 474 538 484 548 495 557 504 566 511 8
D 574 53 2 91 97 89 8
D 575 53 2 91 90 89 29
D 573 55 2 574 92 575 8
D 572 51 2 83 573 98 8
D 571 47 2 71 572 100 8
D 579 93 3 154 569 278 337 166 29
D 578 99 4 153 469 260 481 277 491 579 8
D 577 89 2 138 578 559 8
D 576 79 11 104 466 411 478 422 488 438 500 450 508 461 538 474 548 484 557 495 566 504 577 511 8
D 582 49 2 86 85 84 8
D 583 49 2 86 99 84 29
D 581 51 2 582 532 583 8
D 580 47 2 71 581 100 8
D 587 93 2 154 569 165 29
D 586 99 3 153 481 260 491 587 8
D 585 89 2 138 586 559 8
D 584 79 11 104 478 411 488 422 500 438 508 450 538 461 548 474 557 484 566 495 577 504 585 511 8
D 590 49 2 84 99 86 8
D 591 49 2 84 85 86 29
D 589 51 2 590 532 591 8
D 588 47 2 71 589 100 8
D 596 95 2 159 570 164 29
D 595 93 2 154 596 165 29
D 594 99 2 153 491 595 8
D 593 89 2 138 594 559 8
D 592 79 11 104 488 411 500 422 508 438 538 450 548 461 557 474 566 484 577 495 585 504 593 511 8
D 600 57 2 95 94 93 8
D 599 55 2 533 600 534 8
D 598 51 2 83 599 98 8
D 597 47 2 71 598 100 8
D 605 77 2 127 128 129 29
D 604 75 3 122 605 522 518 524 29
D 603 71 3 117 604 520 517 525 29
D 602 67 3 423 603 512 516 526 29
D 601 79 10 104 500 411 508 422 538 438 548 450 557 461 566 474 577 484 585 495 593 602 8
L 610 58 40
D 609 57 2 93 610 95 8
D 608 55 2 533 609 534 8
D 607 51 2 83 608 98 8
D 606 47 2 71 607 100 8
D 615 73 2 123 124 125 131
D 614 75 2 522 518 615 29
D 613 71 3 117 614 520 517 525 29
D 612 67 3 423 613 512 516 526 29
D 611 79 9 104 508 411 538 422 548 438 557 450 566 461 577 474 585 484 593 612 8
D 618 45 2 79 78 77 102
D 619 41 2 75 74 73 81
D 620 41 2 75 81 73 8
D 617 43 3 72 618 619 76 620 8
D 623 57 2 93 610 95 29
D 622 55 2 533 623 534 29
D 621 51 2 83 622 98 29
D 625 49 2 86 85 84 99
D 627 53 2 89 90 91 97
D 628 57 2 93 94 95 610
D 629 53 2 89 97 91 8
D 626 55 3 627 623 533 628 629 29
D 630 49 2 86 99 84 8
D 624 51 3 625 622 83 626 630 29
D 632 45 2 79 102 77 8
D 631 43 3 72 632 619 101 620 29
D 616 47 3 617 621 71 624 631 29
D 69 59 11 70 103 528 537 542 547 551 556 560 565 571 576 580 584 588 592 597 601 606 611 616 8
D 635 29 2 50 65 52 8
D 637 33 2 57 56 55 8
D 638 33 2 57 63 55 29
D 636 35 2 637 58 638 8
D 639 29 2 50 51 52 29
D 634 31 2 635 636 639 8
D 633 27 2 37 634 66 8
D 643 71 3 117 614 476 517 133 29
D 642 67 3 423 643 512 516 526 29
D 641 79 8 104 538 411 548 422 557 438 566 450 577 461 585 474 593 642 8
D 640 59 11 70 537 528 547 542 556 551 565 560 576 571 584 580 592 588 601 597 611 606 641 616 8
D 646 29 2 52 51 50 8
D 647 29 2 52 65 50 29
D 645 31 2 646 636 647 8
D 644 27 2 37 645 66 8
D 651 71 2 117 614 132 29
D 650 67 3 423 651 512 516 526 29
D 649 79 7 104 548 411 557 422 566 438 577 450 585 461 593 650 8
D 648 59 11 70 547 528 556 542 565 551 576 560 584 571 592 580 601 588 611 597 641 606 649 616 8
D 654 21 2 41 40 39 8
D 655 21 2 41 47 39 29
D 653 23 2 654 42 655 8
D 656 31 2 49 636 64 8
D 657 23 2 654 67 655 29
D 652 27 2 653 656 657 8
D 661 63 3 424 452 514 110 515 8
D 662 63 3 514 135 424 136 515 29
D 660 67 3 423 651 661 516 662 29
D 659 79 6 104 557 411 566 422 577 438 585 450 593 660 8
D 658 59 11 70 556 528 565 542 576 551 584 560 592 571 601 580 611 588 641 597 649 606 659 616 8
D 665 21 2 39 47 41 8
D 666 21 2 39 40 41 29
D 664 23 2 665 42 666 8
D 667 23 2 665 67 666 29
D 663 27 2 664 656 667 8
D 672 61 2 107 115 109 108
D 671 63 2 514 110 672 8
D 674 61 2 109 115 107 29
D 673 63 2 674 135 515 29
D 670 67 3 423 651 671 516 673 29
D 669 79 5 104 566 411 577 422 585 438 593 670 8
D 668 59 11 70 565 528 576 542 584 551 592 560 601 571 611 580 641 588 649 597 659 606 669 616 8
D 677 25 2 45 44 43 8
D 676 23 2 38 677 46 8
D 679 25 2 45 68 43 29
D 678 23 2 38 679 46 29
D 675 27 2 676 656 678 8
D 684 75 2 428 518 429 29
D 683 71 2 117 684 132 29
D 682 67 3 423 683 671 516 673 29
D 681 79 4 104 577 411 585 422 593 682 8
D 680 59 11 70 576 528 584 542 592 551 601 560 611 571 641 580 649 588 659 597 669 606 681 616 8
D 687 25 2 43 68 45 8
D 686 23 2 38 687 46 8
D 689 25 2 43 44 45 29
D 688 23 2 38 689 46 29
D 685 27 2 686 656 688 8
D 693 63 2 514 135 672 29
D 692 67 2 671 516 693 29
D 691 79 3 104 585 411 593 692 8
D 690 59 11 70 584 528 592 542 601 551 611 560 641 571 649 580 659 588 669 597 681 606 691 616 8
D 697 33 2 57 63 55 8
D 698 33 2 57 56 55 29
D 696 35 2 697 58 698 8
D 695 31 2 49 696 64 8
D 694 27 2 37 695 66 8
D 701 67 2 105 516 134 29
D 700 79 2 104 593 701 8
D 699 59 11 70 592 528 601 542 611 551 641 560 649 571 659 580 669 588 681 597 691 606 700 616 8
L 706 38 19
D 705 37 2 59 706 61 8
D 704 35 2 637 705 638 8
D 703 31 2 49 704 64 8
D 702 27 2 37 703 66 8
D 711 57 2 95 610 93 29
D 710 55 3 533 711 627 623 629 29
D 709 51 3 83 710 625 622 630 29
D 708 47 3 71 709 617 621 631 29
D 707 59 10 70 601 528 611 542 641 551 649 560 659 571 669 580 681 588 691 597 700 708 8
D 715 37 2 61 60 59 8
D 714 35 2 637 715 638 8
D 713 31 2 49 714 64 8
D 712 27 2 37 713 66 8
D 720 53 2 91 90 89 97
D 719 55 2 627 623 720 29
D 718 51 3 83 719 625 622 630 29
D 717 47 3 71 718 617 621 631 29
D 716 59 9 70 611 528 641 542 649 551 659 560 669 571 681 580 691 588 700 717 8
D 723 25 2 45 44 43 68
D 724 21 2 41 40 39 47
D 725 21 2 41 47 39 8
D 722 23 3 38 723 724 42 725 8
D 728 37 2 59 706 61 29
D 727 35 2 637 728 638 29
D 726 31 2 49 727 64 29
D 730 29 2 52 51 50 65
D 732 33 2 55 56 57 63
D 733 37 2 59 60 61 706
D 734 33 2 55 63 57 8
D 731 35 3 732 728 637 733 734 29
D 735 29 2 52 65 50 8
D 729 31 3 730 727 49 731 735 29
D 737 25 2 45 68 43 8
D 736 23 3 38 737 724 67 725 29
D 721 27 3 722 726 37 729 736 29
D 35 39 11 36 69 633 640 644 648 652 658 663 668 675 680 685 690 694 699 702 707 712 716 721 8
D 740 3 2 5 34 7 8
D 739 1 2 3 740 9 8
D 743 11 2 17 28 19 8
D 744 11 2 17 18 19 29
D 742 13 2 743 20 744 8
D 741 9 2 11 742 30 8
D 746 3 2 5 6 7 29
D 745 1 2 3 746 9 29
D 738 5 2 739 741 745 8
D 750 51 3 83 719 582 622 99 29
D 749 47 3 71 750 617 621 631 29
D 748 59 8 70 641 528 649 542 659 551 669 560 681 571 691 580 700 749 8
D 747 39 11 36 640 633 648 644 658 652 668 663 680 675 690 685 699 694 707 702 716 712 748 721 8
D 752 1 2 9 4 3 8
D 753 1 2 9 33 3 29
D 751 5 2 752 741 753 8
D 757 51 2 83 719 98 29
D 756 47 3 71 757 617 621 631 29
D 755 59 7 70 649 528 659 542 669 551 681 560 691 571 700 756 8
D 754 39 11 36 648 633 658 644 668 652 680 663 690 675 699 685 707 694 716 702 748 712 755 721 8
D 760 3 2 7 6 5 8
D 759 1 2 3 760 9 8
D 762 3 2 7 34 5 29
D 761 1 2 3 762 9 29
D 758 5 2 759 741 761 8
D 767 55 2 88 623 96 29
D 766 51 2 83 767 98 29
D 765 47 3 71 766 617 621 631 29
D 764 59 6 70 659 528 669 542 681 551 691 560 700 765 8
D 763 39 11 36 658 633 668 644 680 652 690 663 699 675 707 685 716 694 748 702 755 712 764 721 8
D 771 11 2 19 28 17 8
D 772 11 2 19 18 17 29
D 770 13 2 771 20 772 8
D 769 9 2 11 770 30 8
D 768 5 2 2 769 32 8
D 776 43 3 72 618 553 76 81 8
D 777 43 3 72 632 553 101 81 29
D 775 47 3 71 766 776 621 777 29
D 774 59 5 70 669 528 681 542 691 551 700 775 8
D 773 39 11 36 668 633 680 644 690 652 699 663 707 675 716 685 748 694 755 702 764 712 774 721 8
D 780 7 2 14 13 12 8
D 781 7 2 14 31 12 29
D 779 9 2 780 742 781 8
D 778 5 2 2 779 32 8
D 785 43 2 72 618 80 8
D 786 43 2 72 632 80 29
D 784 47 3 71 766 785 621 786 29
D 783 59 4 70 681 528 691 542 700 784 8
D 782 39 11 36 680 633 690 644 699 652 707 663 716 675 748 685 755 694 764 702 774 712 783 721 8
D 789 7 2 12 31 14 8
D 790 7 2 12 13 14 29
D 788 9 2 789 742 790 8
D 787 5 2 2 788 32 8
D 794 43 2 72 102 80 29
D 793 47 3 71 766 529 621 794 29
D 792 59 3 70 691 528 700 793 8
D 791 39 11 36 690 633 699 644 707 652 716 663 748 675 755 685 764 694 774 702 783 712 792 721 8
D 798 15 2 26 22 21 8
D 797 13 2 743 798 744 8
D 796 9 2 11 797 30 8
D 795 5 2 2 796 32 8
D 801 47 2 71 766 100 29
D 800 59 2 70 700 801 8
D 799 39 11 36 699 633 707 644 716 652 748 663 755 675 764 685 774 694 783 702 792 712 800 721 8
D 806 17 2 25 24 23 8
D 805 15 2 21 806 26 8
D 804 13 2 743 805 744 8
D 803 9 2 11 804 30 8
D 802 5 2 2 803 32 8
D 811 37 2 59 60 61 29
D 810 35 3 637 811 732 728 734 29
D 809 31 3 49 810 730 727 735 29
D 808 27 3 37 809 722 726 736 29
D 807 39 10 36 707 633 716 644 748 652 755 663 764 675 774 685 783 694 792 702 800 808 8
L 817 18 10
D 816 17 2 23 817 25 8
D 815 15 2 21 816 26 8
D 814 13 2 743 815 744 8
D 813 9 2 11 814 30 8
D 812 5 2 2 813 32 8
D 822 33 2 57 56 55 63
D 821 35 2 732 728 822 29
D 820 31 3 49 821 730 727 735 29
D 819 27 3 37 820 722 726 736 29
D 818 39 9 36 716 633 748 644 755 652 764 663 774 675 783 685 792 694 800 819 8
D 827 17 2 23 24 25 817
D 828 17 2 23 817 25 29
D 826 15 2 21 827 26 828
D 829 11 2 19 28 17 18
D 830 15 2 21 828 26 29
D 831 11 2 19 18 17 8
D 825 13 3 743 826 829 830 831 29
D 832 7 2 14 13 12 31
D 833 13 2 743 830 744 29
D 834 7 2 14 31 12 8
D 824 9 3 11 825 832 833 834 29
D 836 3 2 7 6 5 34
D 835 1 2 3 836 9 4
D 837 9 2 11 833 30 29
D 839 3 2 7 34 5 8
D 838 1 2 3 839 9 33
D 823 5 3 2 824 835 837 838 29
D 0 19 11 1 35 738 747 751 754 758 763 768 773 778 782 787 791 795 799 802 807 812 818 823 8
