c ids of sdd nodes start at 0
c sdd nodes appear bottom-up, children before parents
c
c file syntax:
c sdd count-of-sdd-nodes
c F id-of-false-sdd-node
c T id-of-true-sdd-node
c L id-of-literal-sdd-node id-of-vtree literal
c D id-of-decomposition-sdd-node id-of-vtree number-of-elements {id-of-prime id-of-sub}*
c
sdd 844
L 3 0 -3
L 5 2 -4
L 6 4 -2
L 7 2 4
F 8
D 4 3 2 5 6 7 8
L 9 0 3
D 2 1 2 3 4 9 8
L 12 6 -6
L 13 8 -7
L 14 6 6
D 11 7 2 12 13 14 8
L 17 10 -5
L 18 12 1
L 19 10 5
D 16 11 2 17 18 19 8
L 21 14 -8
L 23 16 -9
L 24 18 -10
L 25 16 9
D 22 17 2 23 24 25 8
L 26 14 8
D 20 15 2 21 22 26 8
L 28 12 -1
T 29
D 27 11 2 17 28 19 29
D 15 13 2 16 20 27 8
L 31 8 7
D 30 7 2 12 31 14 29
D 10 9 2 11 15 30 8
L 34 4 2
D 33 3 2 5 34 7 29
D 32 1 2 3 33 9 29
D 1 5 2 2 10 32 8
L 39 20 -14
L 40 22 -15
L 41 20 14
D 38 21 2 39 40 41 8
L 43 24 -16
L 44 26 -17
L 45 24 16
D 42 25 2 43 44 45 8
L 47 22 15
D 46 21 2 39 47 41 29
D 37 23 2 38 42 46 8
L 50 28 -13
L 51 30 -12
L 52 28 13
D 49 29 2 50 51 52 8
L 55 32 11
L 56 34 -18
L 57 32 -11
D 54 33 2 55 56 57 8
L 59 36 -20
L 60 38 -19
L 61 36 20
D 58 37 2 59 60 61 8
L 63 34 18
D 62 33 2 55 63 57 29
D 53 35 2 54 58 62 8
L 65 30 12
D 64 29 2 50 65 52 29
D 48 31 2 49 53 64 8
L 68 26 17
D 67 25 2 43 68 45 29
D 66 23 2 38 67 46 29
D 36 27 2 37 48 66 8
L 73 40 -34
L 74 42 -35
L 75 40 34
D 72 41 2 73 74 75 8
L 77 44 -32
L 78 46 -33
L 79 44 32
D 76 45 2 77 78 79 8
L 81 42 35
D 80 41 2 73 81 75 29
D 71 43 2 72 76 80 8
L 84 48 -37
L 85 50 -38
L 86 48 37
D 83 49 2 84 85 86 8
L 89 52 31
L 90 54 -36
L 91 52 -31
D 88 53 2 89 90 91 8
L 93 56 -39
L 94 58 -40
L 95 56 39
D 92 57 2 93 94 95 8
L 97 54 36
D 96 53 2 89 97 91 29
D 87 55 2 88 92 96 8
L 99 50 38
D 98 49 2 84 99 86 29
D 82 51 2 83 87 98 8
L 102 46 33
D 101 45 2 77 102 79 29
D 100 43 2 72 101 80 29
D 70 47 2 71 82 100 8
L 107 60 -22
L 108 62 21
L 109 60 22
D 106 61 2 107 108 109 8
L 111 64 -25
L 112 66 -26
L 113 64 25
D 110 65 2 111 112 113 8
L 115 62 -21
D 114 61 2 107 115 109 29
D 105 63 2 106 110 114 8
L 118 68 -27
L 119 70 -28
L 120 68 27
D 117 69 2 118 119 120 8
L 123 72 -23
L 124 74 -24
L 125 72 23
D 122 73 2 123 124 125 8
L 127 76 -30
L 128 78 -29
L 129 76 30
D 126 77 2 127 128 129 8
L 131 74 24
D 130 73 2 123 131 125 29
D 121 75 2 122 126 130 8
L 133 70 28
D 132 69 2 118 133 120 29
D 116 71 2 117 121 132 8
L 136 66 26
D 135 65 2 111 136 113 29
D 134 63 2 106 135 114 29
D 104 67 2 105 116 134 8
L 140 80 -46
L 141 82 -47
L 142 80 46
D 139 81 2 140 141 142 8
L 144 84 -48
L 146 86 -50
L 147 88 -49
L 148 86 50
D 145 87 2 146 147 148 8
L 149 84 48
D 143 85 2 144 145 149 8
L 151 82 47
D 150 81 2 140 151 142 29
D 138 83 2 139 143 150 8
L 155 90 -43
L 156 92 -44
L 157 90 43
D 154 91 2 155 156 157 8
L 159 94 -42
L 161 96 -45
L 162 98 41
L 163 96 45
D 160 97 2 161 162 163 8
L 164 94 42
D 158 95 2 159 160 164 8
L 166 92 44
D 165 91 2 155 166 157 29
D 153 93 2 154 158 165 8
L 169 100 -57
L 171 102 -58
L 173 104 -60
L 174 106 59
L 175 104 60
D 172 105 2 173 174 175 8
L 176 102 58
D 170 103 2 171 172 176 8
L 177 100 57
D 168 101 2 169 170 177 8
L 180 108 -53
L 182 110 -56
L 183 112 -55
L 184 110 56
D 181 111 2 182 183 184 8
L 185 108 53
D 179 109 2 180 181 185 8
L 188 114 -51
L 190 116 -54
L 191 118 -52
L 192 116 54
D 189 117 2 190 191 192 8
L 193 114 51
D 187 115 2 188 189 193 8
L 196 120 -61
L 197 122 -62
L 198 120 61
D 195 121 2 196 197 198 8
L 201 124 -63
L 202 126 -64
L 203 124 63
D 200 125 2 201 202 203 8
L 205 128 -65
L 207 130 -66
L 209 132 -67
L 211 134 -68
L 213 136 -69
L 214 138 70
L 215 136 69
D 212 137 2 213 214 215 8
L 216 134 68
D 210 135 2 211 212 216 8
L 217 132 67
D 208 133 2 209 210 217 8
L 218 130 66
D 206 131 2 207 208 218 8
L 219 128 65
D 204 129 2 205 206 219 8
L 221 126 64
D 220 125 2 201 221 203 29
D 199 127 2 200 204 220 8
L 223 122 62
D 222 121 2 196 223 198 29
D 194 123 2 195 199 222 8
L 226 118 52
D 225 117 2 190 226 192 29
D 224 115 2 188 225 193 29
D 186 119 2 187 194 224 8
L 229 112 55
D 228 111 2 182 229 184 29
D 227 109 2 180 228 185 29
D 178 113 2 179 186 227 8
L 233 106 -59
D 232 105 2 175 233 173 8
D 231 103 2 171 232 176 8
D 230 101 2 169 231 177 8
L 243 138 -70
D 242 137 2 215 243 213 8
D 241 135 2 211 242 216 8
D 240 133 2 209 241 217 8
D 239 131 2 207 240 218 8
D 238 129 2 205 239 219 8
D 237 127 2 200 238 220 8
D 236 123 2 195 237 222 8
D 235 119 2 187 236 224 8
D 234 113 2 179 235 227 8
D 246 105 2 173 233 175 174
D 245 103 2 171 246 176 29
D 244 101 2 169 245 177 29
D 167 107 3 168 178 230 234 244 8
L 250 98 -41
D 249 97 2 161 250 163 8
D 248 95 2 164 249 159 8
D 247 93 2 154 248 165 8
D 260 137 2 213 243 215 8
D 259 135 2 216 260 211 8
D 258 133 2 209 259 217 8
D 257 131 2 207 258 218 8
D 256 129 2 205 257 219 8
D 255 127 2 200 256 220 8
D 254 123 2 195 255 222 8
D 253 119 2 187 254 224 8
D 252 113 2 179 253 227 8
D 263 105 2 173 233 175 8
D 262 103 2 176 263 171 8
D 261 101 2 169 262 177 8
D 266 105 2 173 174 175 29
D 265 103 2 171 246 176 266
D 264 101 2 169 265 177 29
D 251 107 4 230 252 261 178 168 234 264 8
D 268 91 2 157 156 155 8
D 269 95 2 159 249 164 8
D 270 91 2 157 166 155 29
D 267 93 2 268 269 270 8
D 279 135 2 211 260 216 8
D 278 133 2 217 279 209 8
D 277 131 2 207 278 218 8
D 276 129 2 205 277 219 8
D 275 127 2 200 276 220 8
D 274 123 2 195 275 222 8
D 273 119 2 187 274 224 8
D 272 113 2 179 273 227 8
D 281 103 2 171 263 176 8
D 280 101 2 177 281 169 8
D 283 103 2 171 266 176 29
D 282 101 2 169 265 177 283
D 271 107 5 230 272 168 252 280 178 261 234 282 8
D 285 91 2 155 166 157 8
D 286 91 2 155 156 157 29
D 284 93 2 285 269 286 8
D 294 133 2 209 279 217 8
D 293 131 2 218 294 207 8
D 292 129 2 205 293 219 8
D 291 127 2 200 292 220 8
D 290 123 2 195 291 222 8
D 289 119 2 187 290 224 8
D 288 113 2 179 289 227 8
D 295 101 2 169 281 177 8
D 298 111 2 184 183 182 8
D 297 109 2 180 298 185 8
D 300 111 2 184 229 182 29
D 299 109 2 180 300 185 29
D 296 113 2 297 186 299 8
D 303 105 2 175 174 173 8
D 302 103 2 171 303 176 266
D 301 101 2 169 302 177 283
D 287 107 6 230 288 295 296 168 272 261 252 280 234 301 8
D 306 97 2 163 250 161 8
D 305 95 2 159 306 164 8
D 304 93 2 154 305 165 8
D 313 131 2 207 294 218 8
D 312 129 2 219 313 205 8
D 311 127 2 200 312 220 8
D 310 123 2 195 311 222 8
D 309 119 2 187 310 224 8
D 308 113 2 179 309 227 8
D 316 111 2 182 229 184 8
D 315 109 2 180 316 185 8
D 318 111 2 182 183 184 229
D 317 109 2 180 318 185 29
D 314 113 3 297 235 315 186 317 8
D 307 107 6 230 308 295 314 168 288 261 272 280 252 301 8
D 321 97 2 161 250 163 162
D 322 97 2 161 162 163 29
D 320 95 2 159 321 164 322
D 323 91 2 157 156 155 166
D 324 95 2 159 322 164 29
D 325 91 2 157 166 155 8
D 319 93 3 154 320 323 324 325 29
D 152 99 6 153 167 247 251 267 271 284 287 304 307 319 8
L 329 88 49
D 328 87 2 146 329 148 8
D 327 85 2 144 328 149 8
D 326 83 2 139 327 150 8
D 331 93 2 154 269 165 8
D 335 115 2 193 189 188 8
D 337 117 2 190 226 192 8
D 336 115 2 188 337 193 8
D 339 117 2 192 191 190 8
D 338 115 2 188 339 193 8
D 341 117 2 190 191 192 226
D 340 115 2 188 341 193 225
D 334 119 4 335 194 336 236 338 274 340 8
D 342 109 2 185 181 180 8
D 344 111 2 184 229 182 8
D 343 109 2 180 344 185 228
D 333 113 5 179 334 342 253 315 289 297 309 343 8
D 349 125 2 203 202 201 8
D 350 129 2 205 313 219 8
D 351 125 2 203 221 201 29
D 348 127 2 349 350 351 8
D 347 123 2 195 348 222 8
D 346 119 2 187 347 224 8
D 345 113 2 179 346 227 8
D 356 125 2 201 221 203 8
D 357 125 2 201 202 203 29
D 355 127 2 356 350 357 8
D 354 123 2 195 355 222 8
D 353 119 2 187 354 224 8
D 352 113 2 179 353 227 8
D 361 121 2 196 223 198 8
D 362 127 2 200 350 220 8
D 363 121 2 196 197 198 29
D 360 123 2 361 362 363 8
D 359 119 2 187 360 224 8
D 358 113 2 179 359 227 8
D 367 121 2 198 197 196 8
D 368 121 2 198 223 196 29
D 366 123 2 367 362 368 8
D 365 119 2 187 366 224 8
D 364 113 2 179 365 227 8
D 332 107 6 295 333 261 345 280 352 168 358 230 364 301 8
D 369 93 2 154 324 165 29
D 330 99 2 331 332 369 8
D 372 87 2 148 147 146 8
D 371 85 2 144 372 149 8
D 370 83 2 139 371 150 8
D 376 119 4 335 236 336 254 338 290 340 8
D 375 113 5 179 376 342 273 315 309 297 353 343 8
D 378 103 2 176 266 171 175
D 377 101 2 169 378 177 283
D 374 107 5 280 345 295 375 261 358 168 364 377 8
D 373 99 2 331 374 369 8
D 380 85 2 149 145 144 8
D 379 83 2 139 380 150 8
D 385 115 2 188 341 193 29
D 384 119 3 336 194 338 254 385 8
D 383 113 5 179 384 342 235 315 273 297 289 343 8
D 382 107 6 295 383 168 345 261 352 230 358 280 308 301 8
D 381 99 2 331 382 369 8
D 387 81 2 140 151 142 8
D 388 81 2 140 141 142 29
D 386 83 2 387 143 388 8
D 394 117 2 192 226 190 29
D 393 115 2 188 394 193 29
D 392 119 2 338 236 393 8
D 391 113 5 315 253 342 186 179 392 297 273 343 8
D 390 107 6 295 391 230 345 168 352 261 308 280 288 301 8
D 389 99 2 331 390 369 8
D 396 81 2 142 141 140 8
D 397 81 2 142 151 140 29
D 395 83 2 396 143 397 8
D 401 119 2 338 194 393 8
D 402 109 2 180 344 185 29
D 400 113 4 315 235 179 401 297 253 402 8
D 399 107 6 230 352 295 400 168 308 261 288 280 272 301 8
D 398 99 2 331 399 369 8
D 405 87 2 148 329 146 8
D 406 87 2 146 329 148 29
D 404 85 2 144 405 149 406
D 407 81 2 142 141 140 151
D 408 85 2 144 406 149 29
D 409 81 2 142 151 140 8
D 403 83 3 139 404 407 408 409 29
D 137 89 7 138 152 326 330 370 373 379 381 386 389 395 398 403 8
D 412 61 2 109 115 107 8
D 413 61 2 109 108 107 29
D 411 63 2 412 110 413 8
D 414 63 2 412 135 413 29
D 410 67 2 411 116 414 8
D 416 99 6 153 251 247 271 267 287 284 307 304 399 319 8
D 420 119 4 335 254 336 274 338 310 340 8
D 419 113 5 179 420 342 289 315 353 297 346 343 8
D 421 101 2 177 283 169 266
D 418 107 4 280 358 295 419 261 364 421 8
D 417 99 2 331 418 369 8
D 415 89 7 138 416 379 330 326 373 370 417 386 381 395 389 403 8
D 424 61 2 107 115 109 8
D 425 61 2 107 108 109 29
D 423 63 2 424 110 425 8
D 428 73 2 125 124 123 8
D 429 73 2 125 131 123 29
D 427 75 2 428 126 429 8
D 426 71 2 117 427 132 8
D 430 63 2 424 135 425 29
D 422 67 2 423 426 430 8
D 432 99 6 153 271 247 287 267 307 284 399 304 390 319 8
D 436 119 4 335 274 336 290 338 354 340 8
D 435 113 5 179 436 342 309 315 346 297 359 343 8
D 434 107 3 280 364 295 435 283 8
D 433 99 2 331 434 369 8
D 431 89 7 138 432 386 330 379 373 326 417 370 433 395 381 403 8
D 440 73 2 123 131 125 8
D 441 73 2 123 124 125 29
D 439 75 2 440 126 441 8
D 438 71 2 117 439 132 8
D 437 67 2 423 438 430 8
D 443 99 6 153 287 247 307 267 399 284 390 304 382 319 8
D 447 119 4 335 290 336 310 338 347 340 8
D 446 113 5 179 447 342 353 315 359 297 365 343 8
D 448 101 2 169 283 177 29
D 445 107 2 295 446 448 8
D 444 99 2 331 445 369 8
D 442 89 7 395 330 138 443 386 373 379 417 326 433 370 444 403 8
D 451 65 2 113 112 111 8
D 450 63 2 424 451 425 8
D 453 65 2 113 136 111 29
D 452 63 2 424 453 425 29
D 449 67 2 450 116 452 8
D 455 99 6 153 307 247 399 267 390 284 382 304 332 319 8
D 459 119 4 335 310 336 354 338 360 340 8
D 460 109 2 185 228 180 184
D 458 113 4 179 459 342 346 315 365 460 8
D 457 107 2 295 458 448 8
D 456 99 2 331 457 369 8
D 454 89 7 395 373 138 455 386 417 379 433 326 444 370 456 403 8
D 463 65 2 111 136 113 8
D 462 63 2 424 463 425 8
D 465 65 2 111 112 113 29
D 464 63 2 424 465 425 29
D 461 67 2 462 116 464 8
D 467 99 6 153 399 247 390 267 382 284 332 304 374 319 8
D 471 119 4 335 354 336 347 338 366 340 8
D 470 113 3 179 471 342 359 228 8
D 469 107 2 295 470 448 8
D 468 99 2 331 469 369 8
D 466 89 7 395 417 138 467 386 433 379 444 326 456 370 468 403 8
D 474 69 2 120 119 118 8
D 475 69 2 120 133 118 29
D 473 71 2 474 121 475 8
D 472 67 2 423 473 430 8
D 477 99 6 153 390 247 382 267 332 284 374 304 418 319 8
D 483 117 2 190 191 192 29
D 482 115 2 188 483 193 225
D 481 119 3 335 347 336 360 482 8
D 480 113 3 179 481 342 365 228 8
D 479 107 2 295 480 448 8
D 478 99 2 331 479 369 8
D 476 89 7 395 433 138 477 386 444 379 456 326 468 370 478 403 8
D 486 69 2 118 133 120 8
D 487 69 2 118 119 120 29
D 485 71 2 486 121 487 8
D 484 67 2 423 485 430 8
D 489 99 6 153 382 247 332 267 374 284 418 304 434 319 8
D 493 119 3 335 360 336 366 482 8
D 492 113 2 179 493 227 8
D 491 107 2 295 492 448 8
D 490 99 2 331 491 369 8
D 488 89 7 395 444 138 489 386 456 379 468 326 478 370 490 403 8
L 498 78 29
D 497 77 2 127 498 129 8
D 496 75 2 122 497 130 8
D 495 71 2 117 496 132 8
D 494 67 2 423 495 430 8
D 500 99 6 153 332 247 374 267 418 284 434 304 445 319 8
D 505 115 2 193 225 188 29
D 504 119 2 335 366 505 8
D 503 113 2 179 504 227 8
D 502 107 2 295 503 448 8
D 501 99 2 331 502 369 8
D 499 89 7 395 456 138 500 386 468 379 478 326 490 370 501 403 8
D 509 77 2 129 128 127 8
D 508 75 2 122 509 130 8
D 507 71 2 117 508 132 8
D 506 67 2 423 507 430 8
D 511 99 6 153 374 247 418 267 434 284 445 304 457 319 8
D 513 85 2 149 406 144 148
D 512 83 3 139 513 407 408 409 29
D 510 89 6 395 468 138 511 386 478 379 490 326 501 512 8
D 516 65 2 113 112 111 136
D 517 61 2 109 115 107 108
D 518 61 2 109 108 107 8
D 515 63 3 424 516 517 110 518 8
D 521 77 2 127 498 129 29
D 520 75 2 122 521 130 29
D 519 71 2 117 520 132 29
D 523 69 2 120 119 118 133
D 525 73 2 125 124 123 131
D 526 77 2 127 128 129 498
D 527 73 2 125 131 123 8
D 524 75 3 525 521 122 526 527 29
D 528 69 2 120 133 118 8
D 522 71 3 523 520 117 524 528 29
D 530 65 2 113 136 111 8
D 529 63 3 424 530 517 135 518 29
D 514 67 3 515 519 423 522 529 29
D 103 79 11 104 137 410 415 422 431 437 442 449 454 461 466 472 476 484 488 494 499 506 510 514 8
D 533 45 2 79 78 77 8
D 532 43 2 72 533 80 8
D 536 53 2 91 90 89 8
D 537 53 2 91 97 89 29
D 535 55 2 536 92 537 8
D 534 51 2 83 535 98 8
D 539 45 2 79 102 77 29
D 538 43 2 72 539 80 29
D 531 47 2 532 534 538 8
D 542 99 6 153 418 247 434 267 445 284 457 304 469 319 8
D 543 83 3 407 408 139 406 409 29
D 541 89 5 395 478 138 542 386 490 379 501 543 8
D 540 79 11 104 415 410 431 422 442 437 454 449 466 461 476 472 488 484 499 494 510 506 541 514 8
D 546 45 2 77 102 79 8
D 545 43 2 72 546 80 8
D 548 45 2 77 78 79 29
D 547 43 2 72 548 80 29
D 544 47 2 545 534 547 8
D 551 99 6 153 434 247 445 267 457 284 469 304 479 319 8
D 553 81 2 142 141 140 29
D 552 83 2 553 408 409 29
D 550 89 4 395 490 138 551 386 501 552 8
D 549 79 11 104 431 410 442 422 454 437 466 449 476 461 488 472 499 484 510 494 541 506 550 514 8
D 556 41 2 75 74 73 8
D 557 41 2 75 81 73 29
D 555 43 2 556 76 557 8
D 558 43 2 556 101 557 29
D 554 47 2 555 534 558 8
D 561 99 6 153 445 247 457 267 469 284 479 304 491 319 8
D 562 83 2 141 408 151 29
D 560 89 3 395 501 138 561 562 8
D 559 79 11 104 442 410 454 422 466 437 476 449 488 461 499 472 510 484 541 494 550 506 560 514 8
D 565 41 2 73 81 75 8
D 566 41 2 73 74 75 29
D 564 43 2 565 76 566 8
D 567 43 2 565 101 566 29
D 563 47 2 564 534 567 8
D 570 99 6 153 457 247 469 267 479 284 491 304 502 319 8
D 571 83 2 139 408 150 29
D 569 89 2 138 570 571 8
D 568 79 11 104 454 410 466 422 476 437 488 449 499 461 510 472 541 484 550 494 560 506 569 514 8
D 575 53 2 91 97 89 8
D 576 53 2 91 90 89 29
D 574 55 2 575 92 576 8
D 573 51 2 83 574 98 8
D 572 47 2 71 573 100 8
D 582 97 2 161 250 163 29
D 581 95 2 164 322 159 582
D 580 93 3 154 581 323 324 325 29
D 579 99 5 153 469 247 479 267 491 284 502 580 8
D 578 89 2 138 579 571 8
D 577 79 11 104 466 410 476 422 488 437 499 449 510 461 541 472 550 484 560 494 569 506 578 514 8
D 585 49 2 86 85 84 8
D 586 49 2 86 99 84 29
D 584 51 2 585 535 586 8
D 583 47 2 71 584 100 8
D 590 93 3 154 581 268 324 166 29
D 589 99 4 153 479 247 491 267 502 590 8
D 588 89 2 138 589 571 8
D 587 79 11 104 476 410 488 422 499 437 510 449 541 461 550 472 560 484 569 494 578 506 588 514 8
D 593 49 2 84 99 86 8
D 594 49 2 84 85 86 29
D 592 51 2 593 535 594 8
D 591 47 2 71 592 100 8
D 598 93 2 154 581 165 29
D 597 99 3 153 491 247 502 598 8
D 596 89 2 138 597 571 8
D 595 79 11 104 488 410 499 422 510 437 541 449 550 461 560 472 569 484 578 494 588 506 596 514 8
D 602 57 2 95 94 93 8
D 601 55 2 536 602 537 8
D 600 51 2 83 601 98 8
D 599 47 2 71 600 100 8
D 607 95 2 159 582 164 29
D 606 93 2 154 607 165 29
D 605 99 2 153 502 606 8
D 604 89 2 138 605 571 8
D 603 79 11 104 499 410 510 422 541 437 550 449 560 461 569 472 578 484 588 494 596 506 604 514 8
L 612 58 40
D 611 57 2 93 612 95 8
D 610 55 2 536 611 537 8
D 609 51 2 83 610 98 8
D 608 47 2 71 609 100 8
D 617 77 2 127 128 129 29
D 616 75 3 122 617 525 521 527 29
D 615 71 3 117 616 523 520 528 29
D 614 67 3 423 615 515 519 529 29
D 613 79 10 104 510 410 541 422 550 437 560 449 569 461 578 472 588 484 596 494 604 614 8
D 620 45 2 79 78 77 102
D 621 41 2 75 74 73 81
D 622 41 2 75 81 73 8
D 619 43 3 72 620 621 76 622 8
D 625 57 2 93 612 95 29
D 624 55 2 536 625 537 29
D 623 51 2 83 624 98 29
D 627 49 2 86 85 84 99
D 629 53 2 89 90 91 97
D 630 57 2 93 94 95 612
D 631 53 2 89 97 91 8
D 628 55 3 629 625 536 630 631 29
D 632 49 2 86 99 84 8
D 626 51 3 627 624 83 628 632 29
D 634 45 2 79 102 77 8
D 633 43 3 72 634 621 101 622 29
D 618 47 3 619 623 71 626 633 29
D 69 59 11 70 103 531 540 544 549 554 559 563 568 572 577 583 587 591 595 599 603 608 613 618 8
D 637 29 2 50 65 52 8
D 639 33 2 57 56 55 8
D 640 33 2 57 63 55 29
D 638 35 2 639 58 640 8
D 641 29 2 50 51 52 29
D 636 31 2 637 638 641 8
D 635 27 2 37 636 66 8
D 647 73 2 123 124 125 131
D 646 75 2 525 521 647 29
D 645 71 3 117 646 523 520 528 29
D 644 67 3 423 645 515 519 529 29
D 643 79 9 104 541 410 550 422 560 437 569 449 578 461 588 472 596 484 604 644 8
D 642 59 11 70 540 531 549 544 559 554 568 563 577 572 587 583 595 591 603 599 613 608 643 618 8
D 650 29 2 52 51 50 8
D 651 29 2 52 65 50 29
D 649 31 2 650 638 651 8
D 648 27 2 37 649 66 8
D 655 71 3 117 646 474 520 133 29
D 654 67 3 423 655 515 519 529 29
D 653 79 8 104 550 410 560 422 569 437 578 449 588 461 596 472 604 654 8
D 652 59 11 70 549 531 559 544 568 554 577 563 587 572 595 583 603 591 613 599 643 608 653 618 8
D 658 21 2 41 40 39 8
D 659 21 2 41 47 39 29
D 657 23 2 658 42 659 8
D 660 31 2 49 638 64 8
D 661 23 2 658 67 659 29
D 656 27 2 657 660 661 8
D 665 71 2 117 646 132 29
D 664 67 3 423 665 515 519 529 29
D 663 79 7 104 560 410 569 422 578 437 588 449 596 461 604 664 8
D 662 59 11 70 559 531 568 544 577 554 587 563 595 572 603 583 613 591 643 599 653 608 663 618 8
D 668 21 2 39 47 41 8
D 669 21 2 39 40 41 29
D 667 23 2 668 42 669 8
D 670 23 2 668 67 669 29
D 666 27 2 667 660 670 8
D 674 63 3 424 451 517 110 518 8
D 675 63 3 517 135 424 136 518 29
D 673 67 3 423 665 674 519 675 29
D 672 79 6 104 569 410 578 422 588 437 596 449 604 673 8
D 671 59 11 70 568 531 577 544 587 554 595 563 603 572 613 583 643 591 653 599 663 608 672 618 8
D 678 25 2 45 44 43 8
D 677 23 2 38 678 46 8
D 680 25 2 45 68 43 29
D 679 23 2 38 680 46 29
D 676 27 2 677 660 679 8
D 685 61 2 107 115 109 108
D 684 63 2 517 110 685 8
D 687 61 2 109 115 107 29
D 686 63 2 687 135 518 29
D 683 67 3 423 665 684 519 686 29
D 682 79 5 104 578 410 588 422 596 437 604 683 8
D 681 59 11 70 577 531 587 544 595 554 603 563 613 572 643 583 653 591 663 599 672 608 682 618 8
D 690 25 2 43 68 45 8
D 689 23 2 38 690 46 8
D 692 25 2 43 44 45 29
D 691 23 2 38 692 46 29
D 688 27 2 689 660 691 8
D 697 75 2 428 521 429 29
D 696 71 2 117 697 132 29
D 695 67 3 423 696 684 519 686 29
D 694 79 4 104 588 410 596 422 604 695 8
D 693 59 11 70 587 531 595 544 603 554 613 563 643 572 653 583 663 591 672 599 682 608 694 618 8
D 701 33 2 57 63 55 8
D 702 33 2 57 56 55 29
D 700 35 2 701 58 702 8
D 699 31 2 49 700 64 8
D 698 27 2 37 699 66 8
D 706 63 2 517 135 685 29
D 705 67 2 684 519 706 29
D 704 79 3 104 596 410 604 705 8
D 703 59 11 70 595 531 603 544 613 554 643 563 653 572 663 583 672 591 682 599 694 608 704 618 8
L 711 38 19
D 710 37 2 59 711 61 8
D 709 35 2 639 710 640 8
D 708 31 2 49 709 64 8
D 707 27 2 37 708 66 8
D 714 67 2 105 519 134 29
D 713 79 2 104 604 714 8
D 712 59 11 70 603 531 613 544 643 554 653 563 663 572 672 583 682 591 694 599 704 608 713 618 8
D 718 37 2 61 60 59 8
D 717 35 2 639 718 640 8
D 716 31 2 49 717 64 8
D 715 27 2 37 716 66 8
D 723 57 2 95 612 93 29
D 722 55 3 536 723 629 625 631 29
D 721 51 3 83 722 627 624 632 29
D 720 47 3 71 721 619 623 633 29
D 719 59 10 70 613 531 643 544 653 554 663 563 672 572 682 583 694 591 704 599 713 720 8
D 726 25 2 45 44 43 68
D 727 21 2 41 40 39 47
D 728 21 2 41 47 39 8
D 725 23 3 38 726 727 42 728 8
D 731 37 2 59 711 61 29
D 730 35 2 639 731 640 29
D 729 31 2 49 730 64 29
D 733 29 2 52 51 50 65
D 735 33 2 55 56 57 63
D 736 37 2 59 60 61 711
D 737 33 2 55 63 57 8
D 734 35 3 735 731 639 736 737 29
D 738 29 2 52 65 50 8
D 732 31 3 733 730 49 734 738 29
D 740 25 2 45 68 43 8
D 739 23 3 38 740 727 67 728 29
D 724 27 3 725 729 37 732 739 29
D 35 39 11 36 69 635 642 648 652 656 662 666 671 676 681 688 693 698 703 707 712 715 719 724 8
D 743 3 2 5 34 7 8
D 742 1 2 3 743 9 8
D 746 11 2 17 28 19 8
D 747 11 2 17 18 19 29
D 745 13 2 746 20 747 8
D 744 9 2 11 745 30 8
D 749 3 2 5 6 7 29
D 748 1 2 3 749 9 29
D 741 5 2 742 744 748 8
D 755 53 2 91 90 89 97
D 754 55 2 629 625 755 29
D 753 51 3 83 754 627 624 632 29
D 752 47 3 71 753 619 623 633 29
D 751 59 9 70 643 531 653 544 663 554 672 563 682 572 694 583 704 591 713 752 8
D 750 39 11 36 642 635 652 648 662 656 671 666 681 676 693 688 703 698 712 707 719 715 751 724 8
D 757 1 2 9 4 3 8
D 758 1 2 9 33 3 29
D 756 5 2 757 744 758 8
D 762 51 3 83 754 585 624 99 29
D 761 47 3 71 762 619 623 633 29
D 760 59 8 70 653 531 663 544 672 554 682 563 694 572 704 583 713 761 8
D 759 39 11 36 652 635 662 648 671 656 681 666 693 676 703 688 712 698 719 707 751 715 760 724 8
D 765 3 2 7 6 5 8
D 764 1 2 3 765 9 8
D 767 3 2 7 34 5 29
D 766 1 2 3 767 9 29
D 763 5 2 764 744 766 8
D 771 51 2 83 754 98 29
D 770 47 3 71 771 619 623 633 29
D 769 59 7 70 663 531 672 544 682 554 694 563 704 572 713 770 8
D 768 39 11 36 662 635 671 648 681 656 693 666 703 676 712 688 719 698 751 707 760 715 769 724 8
D 775 11 2 19 28 17 8
D 776 11 2 19 18 17 29
D 774 13 2 775 20 776 8
D 773 9 2 11 774 30 8
D 772 5 2 2 773 32 8
D 781 55 2 88 625 96 29
D 780 51 2 83 781 98 29
D 779 47 3 71 780 619 623 633 29
D 778 59 6 70 672 531 682 544 694 554 704 563 713 779 8
D 777 39 11 36 671 635 681 648 693 656 703 666 712 676 719 688 751 698 760 707 769 715 778 724 8
D 784 7 2 14 13 12 8
D 785 7 2 14 31 12 29
D 783 9 2 784 745 785 8
D 782 5 2 2 783 32 8
D 789 43 3 72 620 556 76 81 8
D 790 43 3 72 634 556 101 81 29
D 788 47 3 71 780 789 623 790 29
D 787 59 5 70 682 531 694 544 704 554 713 788 8
D 786 39 11 36 681 635 693 648 703 656 712 666 719 676 751 688 760 698 769 707 778 715 787 724 8
D 793 7 2 12 31 14 8
D 794 7 2 12 13 14 29
D 792 9 2 793 745 794 8
D 791 5 2 2 792 32 8
D 798 43 2 72 620 80 8
D 799 43 2 72 634 80 29
D 797 47 3 71 780 798 623 799 29
D 796 59 4 70 694 531 704 544 713 797 8
D 795 39 11 36 693 635 703 648 712 656 719 666 751 676 760 688 769 698 778 707 787 715 796 724 8
D 803 15 2 26 22 21 8
D 802 13 2 746 803 747 8
D 801 9 2 11 802 30 8
D 800 5 2 2 801 32 8
D 807 43 2 72 102 80 29
D 806 47 3 71 780 532 623 807 29
D 805 59 3 70 704 531 713 806 8
D 804 39 11 36 703 635 712 648 719 656 751 666 760 676 769 688 778 698 787 707 796 715 805 724 8
D 812 17 2 25 24 23 8
D 811 15 2 21 812 26 8
D 810 13 2 746 811 747 8
D 809 9 2 11 810 30 8
D 808 5 2 2 809 32 8
D 815 47 2 71 780 100 29
D 814 59 2 70 713 815 8
D 813 39 11 36 712 635 719 648 751 656 760 666 769 676 778 688 787 698 796 707 805 715 814 724 8
L 821 18 10
D 820 17 2 23 821 25 8
D 819 15 2 21 820 26 8
D 818 13 2 746 819 747 8
D 817 9 2 11 818 30 8
D 816 5 2 2 817 32 8
D 826 37 2 59 60 61 29
D 825 35 3 639 826 735 731 737 29
D 824 31 3 49 825 733 730 738 29
D 823 27 3 37 824 725 729 739 29
D 822 39 10 36 719 635 751 648 760 656 769 666 778 676 787 688 796 698 805 707 814 823 8
D 831 17 2 23 24 25 821
D 832 17 2 23 821 25 29
D 830 15 2 21 831 26 832
D 833 11 2 19 28 17 18
D 834 15 2 21 832 26 29
D 835 11 2 19 18 17 8
D 829 13 3 746 830 833 834 835 29
D 836 7 2 14 13 12 31
D 837 13 2 746 834 747 29
D 838 7 2 14 31 12 8
D 828 9 3 11 829 836 837 838 29
D 840 3 2 7 6 5 34
D 839 1 2 3 840 9 4
D 841 9 2 11 837 30 29
D 843 3 2 7 34 5 8
D 842 1 2 3 843 9 33
D 827 5 3 2 828 839 841 842 29
D 0 19 11 1 35 741 750 756 759 763 768 772 777 782 786 791 795 800 804 808 813 816 822 827 8
