c ids of sdd nodes start at 0
c sdd nodes appear bottom-up, children before parents
c
c file syntax:
c sdd count-of-sdd-nodes
c F id-of-false-sdd-node
c T id-of-true-sdd-node
c L id-of-literal-sdd-node id-of-vtree literal
c D id-of-decomposition-sdd-node id-of-vtree number-of-elements {id-of-prime id-of-sub}*
c
sdd 849
L 3 0 -3
L 5 2 -4
L 6 4 -2
L 7 2 4
F 8
D 4 3 2 5 6 7 8
L 9 0 3
D 2 1 2 3 4 9 8
L 12 6 -6
L 13 8 -7
L 14 6 6
D 11 7 2 12 13 14 8
L 17 10 -5
L 18 12 1
L 19 10 5
D 16 11 2 17 18 19 8
L 21 14 -8
L 23 16 -9
L 24 18 -10
L 25 16 9
D 22 17 2 23 24 25 8
L 26 14 8
D 20 15 2 21 22 26 8
L 28 12 -1
T 29
D 27 11 2 17 28 19 29
D 15 13 2 16 20 27 8
L 31 8 7
D 30 7 2 12 31 14 29
D 10 9 2 11 15 30 8
L 34 4 2
D 33 3 2 5 34 7 29
D 32 1 2 3 33 9 29
D 1 5 2 2 10 32 8
L 39 20 -14
L 40 22 -15
L 41 20 14
D 38 21 2 39 40 41 8
L 43 24 -16
L 44 26 -17
L 45 24 16
D 42 25 2 43 44 45 8
L 47 22 15
D 46 21 2 39 47 41 29
D 37 23 2 38 42 46 8
L 50 28 -13
L 51 30 -12
L 52 28 13
D 49 29 2 50 51 52 8
L 55 32 11
L 56 34 -18
L 57 32 -11
D 54 33 2 55 56 57 8
L 59 36 -20
L 60 38 -19
L 61 36 20
D 58 37 2 59 60 61 8
L 63 34 18
D 62 33 2 55 63 57 29
D 53 35 2 54 58 62 8
L 65 30 12
D 64 29 2 50 65 52 29
D 48 31 2 49 53 64 8
L 68 26 17
D 67 25 2 43 68 45 29
D 66 23 2 38 67 46 29
D 36 27 2 37 48 66 8
L 73 40 -34
L 74 42 -35
L 75 40 34
D 72 41 2 73 74 75 8
L 77 44 -32
L 78 46 -33
L 79 44 32
D 76 45 2 77 78 79 8
L 81 42 35
D 80 41 2 73 81 75 29
D 71 43 2 72 76 80 8
L 84 48 -37
L 85 50 -38
L 86 48 37
D 83 49 2 84 85 86 8
L 89 52 31
L 90 54 -36
L 91 52 -31
D 88 53 2 89 90 91 8
L 93 56 -39
L 94 58 -40
L 95 56 39
D 92 57 2 93 94 95 8
L 97 54 36
D 96 53 2 89 97 91 29
D 87 55 2 88 92 96 8
L 99 50 38
D 98 49 2 84 99 86 29
D 82 51 2 83 87 98 8
L 102 46 33
D 101 45 2 77 102 79 29
D 100 43 2 72 101 80 29
D 70 47 2 71 82 100 8
L 107 60 -22
L 108 62 21
L 109 60 22
D 106 61 2 107 108 109 8
L 111 64 -25
L 112 66 -26
L 113 64 25
D 110 65 2 111 112 113 8
L 115 62 -21
D 114 61 2 107 115 109 29
D 105 63 2 106 110 114 8
L 118 68 -27
L 119 70 -28
L 120 68 27
D 117 69 2 118 119 120 8
L 123 72 -23
L 124 74 -24
L 125 72 23
D 122 73 2 123 124 125 8
L 127 76 -30
L 128 78 -29
L 129 76 30
D 126 77 2 127 128 129 8
L 131 74 24
D 130 73 2 123 131 125 29
D 121 75 2 122 126 130 8
L 133 70 28
D 132 69 2 118 133 120 29
D 116 71 2 117 121 132 8
L 136 66 26
D 135 65 2 111 136 113 29
D 134 63 2 106 135 114 29
D 104 67 2 105 116 134 8
L 140 80 -46
L 141 82 -47
L 142 80 46
D 139 81 2 140 141 142 8
L 144 84 -48
L 146 86 -50
L 147 88 -49
L 148 86 50
D 145 87 2 146 147 148 8
L 149 84 48
D 143 85 2 144 145 149 8
L 151 82 47
D 150 81 2 140 151 142 29
D 138 83 2 139 143 150 8
L 155 90 -43
L 156 92 -44
L 157 90 43
D 154 91 2 155 156 157 8
L 159 94 -42
L 161 96 -45
L 162 98 41
L 163 96 45
D 160 97 2 161 162 163 8
L 164 94 42
D 158 95 2 159 160 164 8
L 166 92 44
D 165 91 2 155 166 157 29
D 153 93 2 154 158 165 8
L 169 100 -57
L 171 102 -58
L 173 104 60
L 174 106 -59
L 175 104 -60
D 172 105 2 173 174 175 8
L 176 102 58
D 170 103 2 171 172 176 8
L 177 100 57
D 168 101 2 169 170 177 8
L 180 108 -53
L 182 110 -56
L 183 112 -55
L 184 110 56
D 181 111 2 182 183 184 8
L 185 108 53
D 179 109 2 180 181 185 8
L 188 114 -51
L 190 116 -54
L 191 118 -52
L 192 116 54
D 189 117 2 190 191 192 8
L 193 114 51
D 187 115 2 188 189 193 8
L 196 120 -61
L 197 122 -62
L 198 120 61
D 195 121 2 196 197 198 8
L 201 124 -63
L 202 126 -64
L 203 124 63
D 200 125 2 201 202 203 8
L 205 128 -65
L 207 130 -66
L 209 132 -67
L 211 134 -68
L 213 136 -69
L 214 138 70
L 215 136 69
D 212 137 2 213 214 215 8
L 216 134 68
D 210 135 2 211 212 216 8
L 217 132 67
D 208 133 2 209 210 217 8
L 218 130 66
D 206 131 2 207 208 218 8
L 219 128 65
D 204 129 2 205 206 219 8
L 221 126 64
D 220 125 2 201 221 203 29
D 199 127 2 200 204 220 8
L 223 122 62
D 222 121 2 196 223 198 29
D 194 123 2 195 199 222 8
L 226 118 52
D 225 117 2 190 226 192 29
D 224 115 2 188 225 193 29
D 186 119 2 187 194 224 8
L 229 112 55
D 228 111 2 182 229 184 29
D 227 109 2 180 228 185 29
D 178 113 2 179 186 227 8
L 233 106 59
D 232 105 2 173 233 175 29
D 231 103 2 171 232 176 29
D 230 101 2 169 231 177 29
D 167 107 2 168 178 230 8
L 237 98 -41
D 236 97 2 161 237 163 8
D 235 95 2 164 236 159 8
D 234 93 2 154 235 165 8
D 241 105 2 175 233 173 8
D 240 103 2 171 241 176 8
D 239 101 2 169 240 177 8
L 251 138 -70
D 250 137 2 215 251 213 8
D 249 135 2 211 250 216 8
D 248 133 2 209 249 217 8
D 247 131 2 207 248 218 8
D 246 129 2 205 247 219 8
D 245 127 2 200 246 220 8
D 244 123 2 195 245 222 8
D 243 119 2 187 244 224 8
D 242 113 2 179 243 227 8
D 254 105 2 175 174 173 233
D 253 103 2 171 254 176 29
D 252 101 2 169 253 177 29
D 238 107 3 239 178 168 242 252 8
D 256 91 2 157 156 155 8
D 257 95 2 159 236 164 8
D 258 91 2 157 166 155 29
D 255 93 2 256 257 258 8
D 268 137 2 213 251 215 8
D 267 135 2 216 268 211 8
D 266 133 2 209 267 217 8
D 265 131 2 207 266 218 8
D 264 129 2 205 265 219 8
D 263 127 2 200 264 220 8
D 262 123 2 195 263 222 8
D 261 119 2 187 262 224 8
D 260 113 2 179 261 227 8
D 271 105 2 175 174 173 8
D 270 103 2 176 271 171 8
D 269 101 2 169 270 177 8
D 274 105 2 175 233 173 29
D 273 103 2 171 254 176 274
D 272 101 2 169 273 177 29
D 259 107 4 168 260 269 178 239 242 272 8
D 276 91 2 155 166 157 8
D 277 91 2 155 156 157 29
D 275 93 2 276 257 277 8
D 286 135 2 211 268 216 8
D 285 133 2 217 286 209 8
D 284 131 2 207 285 218 8
D 283 129 2 205 284 219 8
D 282 127 2 200 283 220 8
D 281 123 2 195 282 222 8
D 280 119 2 187 281 224 8
D 279 113 2 179 280 227 8
D 288 103 2 171 271 176 8
D 287 101 2 177 288 169 8
D 290 103 2 171 274 176 29
D 289 101 2 169 273 177 290
D 278 107 5 168 279 239 260 287 178 269 242 289 8
D 293 97 2 163 237 161 8
D 292 95 2 159 293 164 8
D 291 93 2 154 292 165 8
D 301 133 2 209 286 217 8
D 300 131 2 218 301 207 8
D 299 129 2 205 300 219 8
D 298 127 2 200 299 220 8
D 297 123 2 195 298 222 8
D 296 119 2 187 297 224 8
D 295 113 2 179 296 227 8
D 302 101 2 169 288 177 8
D 305 111 2 184 183 182 8
D 304 109 2 180 305 185 8
D 307 111 2 184 229 182 29
D 306 109 2 180 307 185 29
D 303 113 2 304 186 306 8
D 310 105 2 173 233 175 8
D 309 103 2 171 310 176 274
D 308 101 2 169 309 177 290
D 294 107 6 168 295 302 303 239 279 269 260 287 242 308 8
D 313 97 2 161 237 163 162
D 314 97 2 161 162 163 29
D 312 95 2 159 313 164 314
D 315 91 2 157 156 155 166
D 316 95 2 159 314 164 29
D 317 91 2 157 166 155 8
D 311 93 3 154 312 315 316 317 29
D 152 99 6 153 167 234 238 255 259 275 278 291 294 311 8
D 320 87 2 148 147 146 8
D 319 85 2 144 320 149 8
D 318 83 2 139 319 150 8
D 322 93 2 154 257 165 8
D 326 115 2 193 189 188 8
D 328 117 2 190 226 192 8
D 327 115 2 188 328 193 8
D 330 117 2 192 191 190 8
D 329 115 2 188 330 193 8
D 332 117 2 190 191 192 226
D 331 115 2 188 332 193 225
D 325 119 4 326 194 327 244 329 281 331 8
D 333 109 2 185 181 180 8
D 335 111 2 182 229 184 8
D 334 109 2 180 335 185 8
D 340 131 2 207 301 218 8
D 339 129 2 219 340 205 8
D 338 127 2 200 339 220 8
D 337 123 2 195 338 222 8
D 336 119 2 187 337 224 8
D 342 111 2 184 229 182 8
D 341 109 2 180 342 185 228
D 324 113 5 179 325 333 261 334 296 304 336 341 8
D 347 125 2 203 202 201 8
D 348 129 2 205 340 219 8
D 349 125 2 203 221 201 29
D 346 127 2 347 348 349 8
D 345 123 2 195 346 222 8
D 344 119 2 187 345 224 8
D 343 113 2 179 344 227 8
D 354 125 2 201 221 203 8
D 355 125 2 201 202 203 29
D 353 127 2 354 348 355 8
D 352 123 2 195 353 222 8
D 351 119 2 187 352 224 8
D 350 113 2 179 351 227 8
D 359 121 2 196 223 198 8
D 360 127 2 200 348 220 8
D 361 121 2 196 197 198 29
D 358 123 2 359 360 361 8
D 357 119 2 187 358 224 8
D 356 113 2 179 357 227 8
D 365 121 2 198 197 196 8
D 366 121 2 198 223 196 29
D 364 123 2 365 360 366 8
D 363 119 2 187 364 224 8
D 362 113 2 179 363 227 8
D 323 107 6 302 324 269 343 287 350 239 356 168 362 308 8
D 367 93 2 154 316 165 29
D 321 99 2 322 323 367 8
L 371 88 49
D 370 87 2 146 371 148 8
D 369 85 2 144 370 149 8
D 368 83 2 139 369 150 8
D 376 115 2 188 332 193 29
D 375 119 3 327 194 329 262 376 8
D 374 113 5 179 375 333 243 334 280 304 296 341 8
D 377 113 2 179 336 227 8
D 373 107 6 302 374 239 343 269 350 168 356 287 377 308 8
D 372 99 2 322 373 367 8
D 379 85 2 149 145 144 8
D 378 83 2 139 379 150 8
D 385 117 2 192 226 190 29
D 384 115 2 188 385 193 29
D 383 119 2 329 244 384 8
D 382 113 5 334 261 333 186 179 383 304 280 341 8
D 381 107 6 302 382 168 343 239 350 269 377 287 295 308 8
D 380 99 2 322 381 367 8
D 387 81 2 140 151 142 8
D 388 81 2 140 141 142 29
D 386 83 2 387 143 388 8
D 392 119 2 329 194 384 8
D 393 109 2 180 342 185 29
D 391 113 4 334 243 179 392 304 261 393 8
D 390 107 6 168 350 302 391 239 377 269 295 287 279 308 8
D 389 99 2 322 390 367 8
D 395 81 2 142 141 140 8
D 396 81 2 142 151 140 29
D 394 83 2 395 143 396 8
D 401 111 2 182 183 184 229
D 400 109 2 180 401 185 29
D 399 113 3 304 243 334 186 400 8
D 398 107 6 168 377 302 399 239 295 269 279 287 260 308 8
D 397 99 2 322 398 367 8
D 404 87 2 148 371 146 8
D 405 87 2 146 371 148 29
D 403 85 2 144 404 149 405
D 406 81 2 142 141 140 151
D 407 85 2 144 405 149 29
D 408 81 2 142 151 140 8
D 402 83 3 139 403 406 407 408 29
D 137 89 7 138 152 318 321 368 372 378 380 386 389 394 397 402 8
D 411 61 2 109 115 107 8
D 412 61 2 109 108 107 29
D 410 63 2 411 110 412 8
D 413 63 2 411 135 412 29
D 409 67 2 410 116 413 8
D 415 99 6 153 238 234 259 255 278 275 294 291 398 311 8
D 419 119 4 326 244 327 262 329 297 331 8
D 418 113 5 179 419 333 280 334 336 304 351 341 8
D 421 103 2 176 274 171 173
D 420 101 2 169 421 177 290
D 417 107 5 287 343 302 418 269 356 239 362 420 8
D 416 99 2 322 417 367 8
D 414 89 7 138 415 368 321 318 416 378 372 386 380 394 389 402 8
D 424 61 2 107 115 109 8
D 425 61 2 107 108 109 29
D 423 63 2 424 110 425 8
D 428 73 2 125 124 123 8
D 429 73 2 125 131 123 29
D 427 75 2 428 126 429 8
D 426 71 2 117 427 132 8
D 430 63 2 424 135 425 29
D 422 67 2 423 426 430 8
D 432 99 6 153 259 234 278 255 294 275 398 291 390 311 8
D 436 119 4 326 262 327 281 329 337 331 8
D 435 113 5 179 436 333 296 334 351 304 344 341 8
D 437 101 2 177 290 169 274
D 434 107 4 287 356 302 435 269 362 437 8
D 433 99 2 322 434 367 8
D 431 89 7 138 432 378 321 368 416 318 433 386 372 394 380 402 8
D 441 73 2 123 131 125 8
D 442 73 2 123 124 125 29
D 440 75 2 441 126 442 8
D 439 71 2 117 440 132 8
D 438 67 2 423 439 430 8
D 444 99 6 153 278 234 294 255 398 275 390 291 381 311 8
D 448 119 4 326 281 327 297 329 352 331 8
D 447 113 5 179 448 333 336 334 344 304 357 341 8
D 446 107 3 287 362 302 447 290 8
D 445 99 2 322 446 367 8
D 443 89 7 138 444 386 321 378 416 368 433 318 445 394 372 402 8
D 451 65 2 113 112 111 8
D 450 63 2 424 451 425 8
D 453 65 2 113 136 111 29
D 452 63 2 424 453 425 29
D 449 67 2 450 116 452 8
D 455 99 6 153 294 234 398 255 390 275 381 291 373 311 8
D 459 119 4 326 297 327 337 329 345 331 8
D 458 113 5 179 459 333 351 334 357 304 363 341 8
D 460 101 2 169 290 177 29
D 457 107 2 302 458 460 8
D 456 99 2 322 457 367 8
D 454 89 7 394 321 138 455 386 416 378 433 368 445 318 456 402 8
D 463 65 2 111 136 113 8
D 462 63 2 424 463 425 8
D 465 65 2 111 112 113 29
D 464 63 2 424 465 425 29
D 461 67 2 462 116 464 8
D 467 99 6 153 398 234 390 255 381 275 373 291 323 311 8
D 471 119 4 326 337 327 352 329 358 331 8
D 472 109 2 185 228 180 184
D 470 113 4 179 471 333 344 334 363 472 8
D 469 107 2 302 470 460 8
D 468 99 2 322 469 367 8
D 466 89 7 394 416 138 467 386 433 378 445 368 456 318 468 402 8
D 475 69 2 120 119 118 8
D 476 69 2 120 133 118 29
D 474 71 2 475 121 476 8
D 473 67 2 423 474 430 8
D 478 99 6 153 390 234 381 255 373 275 323 291 417 311 8
D 482 119 4 326 352 327 345 329 364 331 8
D 481 113 3 179 482 333 357 228 8
D 480 107 2 302 481 460 8
D 479 99 2 322 480 367 8
D 477 89 7 394 433 138 478 386 445 378 456 368 468 318 479 402 8
D 485 69 2 118 133 120 8
D 486 69 2 118 119 120 29
D 484 71 2 485 121 486 8
D 483 67 2 423 484 430 8
D 488 99 6 153 381 234 373 255 323 275 417 291 434 311 8
D 494 117 2 190 191 192 29
D 493 115 2 188 494 193 225
D 492 119 3 326 345 327 358 493 8
D 491 113 3 179 492 333 363 228 8
D 490 107 2 302 491 460 8
D 489 99 2 322 490 367 8
D 487 89 7 394 445 138 488 386 456 378 468 368 479 318 489 402 8
L 499 78 29
D 498 77 2 127 499 129 8
D 497 75 2 122 498 130 8
D 496 71 2 117 497 132 8
D 495 67 2 423 496 430 8
D 501 99 6 153 373 234 323 255 417 275 434 291 446 311 8
D 505 119 3 326 358 327 364 493 8
D 504 113 2 179 505 227 8
D 503 107 2 302 504 460 8
D 502 99 2 322 503 367 8
D 500 89 7 394 456 138 501 386 468 378 479 368 489 318 502 402 8
D 509 77 2 129 128 127 8
D 508 75 2 122 509 130 8
D 507 71 2 117 508 132 8
D 506 67 2 423 507 430 8
D 511 99 6 153 323 234 417 255 434 275 446 291 457 311 8
D 516 115 2 193 225 188 29
D 515 119 2 326 364 516 8
D 514 113 2 179 515 227 8
D 513 107 2 302 514 460 8
D 512 99 2 322 513 367 8
D 510 89 7 394 468 138 511 386 479 378 489 368 502 318 512 402 8
D 519 65 2 113 112 111 136
D 520 61 2 109 115 107 108
D 521 61 2 109 108 107 8
D 518 63 3 424 519 520 110 521 8
D 524 77 2 127 499 129 29
D 523 75 2 122 524 130 29
D 522 71 2 117 523 132 29
D 526 69 2 120 119 118 133
D 528 73 2 125 124 123 131
D 529 77 2 127 128 129 499
D 530 73 2 125 131 123 8
D 527 75 3 528 524 122 529 530 29
D 531 69 2 120 133 118 8
D 525 71 3 526 523 117 527 531 29
D 533 65 2 113 136 111 8
D 532 63 3 424 533 520 135 521 29
D 517 67 3 518 522 423 525 532 29
D 103 79 11 104 137 409 414 422 431 438 443 449 454 461 466 473 477 483 487 495 500 506 510 517 8
D 536 45 2 79 78 77 8
D 535 43 2 72 536 80 8
D 539 53 2 91 90 89 8
D 540 53 2 91 97 89 29
D 538 55 2 539 92 540 8
D 537 51 2 83 538 98 8
D 542 45 2 79 102 77 29
D 541 43 2 72 542 80 29
D 534 47 2 535 537 541 8
D 545 99 6 153 417 234 434 255 446 275 457 291 469 311 8
D 547 85 2 149 405 144 148
D 546 83 3 139 547 406 407 408 29
D 544 89 6 394 479 138 545 386 489 378 502 368 512 546 8
D 543 79 11 104 414 409 431 422 443 438 454 449 466 461 477 473 487 483 500 495 510 506 544 517 8
D 550 45 2 77 102 79 8
D 549 43 2 72 550 80 8
D 552 45 2 77 78 79 29
D 551 43 2 72 552 80 29
D 548 47 2 549 537 551 8
D 555 99 6 153 434 234 446 255 457 275 469 291 480 311 8
D 556 83 3 406 407 139 405 408 29
D 554 89 5 394 489 138 555 386 502 378 512 556 8
D 553 79 11 104 431 409 443 422 454 438 466 449 477 461 487 473 500 483 510 495 544 506 554 517 8
D 559 41 2 75 74 73 8
D 560 41 2 75 81 73 29
D 558 43 2 559 76 560 8
D 561 43 2 559 101 560 29
D 557 47 2 558 537 561 8
D 564 99 6 153 446 234 457 255 469 275 480 291 490 311 8
D 566 81 2 142 141 140 29
D 565 83 2 566 407 408 29
D 563 89 4 394 502 138 564 386 512 565 8
D 562 79 11 104 443 409 454 422 466 438 477 449 487 461 500 473 510 483 544 495 554 506 563 517 8
D 569 41 2 73 81 75 8
D 570 41 2 73 74 75 29
D 568 43 2 569 76 570 8
D 571 43 2 569 101 570 29
D 567 47 2 568 537 571 8
D 574 99 6 153 457 234 469 255 480 275 490 291 503 311 8
D 575 83 2 141 407 151 29
D 573 89 3 394 512 138 574 575 8
D 572 79 11 104 454 409 466 422 477 438 487 449 500 461 510 473 544 483 554 495 563 506 573 517 8
D 579 53 2 91 97 89 8
D 580 53 2 91 90 89 29
D 578 55 2 579 92 580 8
D 577 51 2 83 578 98 8
D 576 47 2 71 577 100 8
D 583 99 6 153 469 234 480 255 490 275 503 291 513 311 8
D 584 83 2 139 407 150 29
D 582 89 2 138 583 584 8
D 581 79 11 104 466 409 477 422 487 438 500 449 510 461 544 473 554 483 563 495 573 506 582 517 8
D 587 49 2 86 85 84 8
D 588 49 2 86 99 84 29
D 586 51 2 587 538 588 8
D 585 47 2 71 586 100 8
D 594 97 2 161 237 163 29
D 593 95 2 164 314 159 594
D 592 93 3 154 593 315 316 317 29
D 591 99 5 153 480 234 490 255 503 275 513 592 8
D 590 89 2 138 591 584 8
D 589 79 11 104 477 409 487 422 500 438 510 449 544 461 554 473 563 483 573 495 582 506 590 517 8
D 597 49 2 84 99 86 8
D 598 49 2 84 85 86 29
D 596 51 2 597 538 598 8
D 595 47 2 71 596 100 8
D 602 93 3 154 593 256 316 166 29
D 601 99 4 153 490 234 503 255 513 602 8
D 600 89 2 138 601 584 8
D 599 79 11 104 487 409 500 422 510 438 544 449 554 461 563 473 573 483 582 495 590 506 600 517 8
D 606 57 2 95 94 93 8
D 605 55 2 539 606 540 8
D 604 51 2 83 605 98 8
D 603 47 2 71 604 100 8
D 610 93 2 154 593 165 29
D 609 99 3 153 503 234 513 610 8
D 608 89 2 138 609 584 8
D 607 79 11 104 500 409 510 422 544 438 554 449 563 461 573 473 582 483 590 495 600 506 608 517 8
L 615 58 40
D 614 57 2 93 615 95 8
D 613 55 2 539 614 540 8
D 612 51 2 83 613 98 8
D 611 47 2 71 612 100 8
D 620 95 2 159 594 164 29
D 619 93 2 154 620 165 29
D 618 99 2 153 513 619 8
D 617 89 2 138 618 584 8
D 616 79 11 104 510 409 544 422 554 438 563 449 573 461 582 473 590 483 600 495 608 506 617 517 8
D 623 45 2 79 78 77 102
D 624 41 2 75 74 73 81
D 625 41 2 75 81 73 8
D 622 43 3 72 623 624 76 625 8
D 628 57 2 93 615 95 29
D 627 55 2 539 628 540 29
D 626 51 2 83 627 98 29
D 630 49 2 86 85 84 99
D 632 53 2 89 90 91 97
D 633 57 2 93 94 95 615
D 634 53 2 89 97 91 8
D 631 55 3 632 628 539 633 634 29
D 635 49 2 86 99 84 8
D 629 51 3 630 627 83 631 635 29
D 637 45 2 79 102 77 8
D 636 43 3 72 637 624 101 625 29
D 621 47 3 622 626 71 629 636 29
D 69 59 11 70 103 534 543 548 553 557 562 567 572 576 581 585 589 595 599 603 607 611 616 621 8
D 640 29 2 50 65 52 8
D 642 33 2 57 56 55 8
D 643 33 2 57 63 55 29
D 641 35 2 642 58 643 8
D 644 29 2 50 51 52 29
D 639 31 2 640 641 644 8
D 638 27 2 37 639 66 8
D 650 77 2 127 128 129 29
D 649 75 3 122 650 528 524 530 29
D 648 71 3 117 649 526 523 531 29
D 647 67 3 423 648 518 522 532 29
D 646 79 10 104 544 409 554 422 563 438 573 449 582 461 590 473 600 483 608 495 617 647 8
D 645 59 11 70 543 534 553 548 562 557 572 567 581 576 589 585 599 595 607 603 616 611 646 621 8
D 653 29 2 52 51 50 8
D 654 29 2 52 65 50 29
D 652 31 2 653 641 654 8
D 651 27 2 37 652 66 8
D 660 73 2 123 124 125 131
D 659 75 2 528 524 660 29
D 658 71 3 117 659 526 523 531 29
D 657 67 3 423 658 518 522 532 29
D 656 79 9 104 554 409 563 422 573 438 582 449 590 461 600 473 608 483 617 657 8
D 655 59 11 70 553 534 562 548 572 557 581 567 589 576 599 585 607 595 616 603 646 611 656 621 8
D 663 21 2 41 40 39 8
D 664 21 2 41 47 39 29
D 662 23 2 663 42 664 8
D 665 31 2 49 641 64 8
D 666 23 2 663 67 664 29
D 661 27 2 662 665 666 8
D 670 71 3 117 659 475 523 133 29
D 669 67 3 423 670 518 522 532 29
D 668 79 8 104 563 409 573 422 582 438 590 449 600 461 608 473 617 669 8
D 667 59 11 70 562 534 572 548 581 557 589 567 599 576 607 585 616 595 646 603 656 611 668 621 8
D 673 21 2 39 47 41 8
D 674 21 2 39 40 41 29
D 672 23 2 673 42 674 8
D 675 23 2 673 67 674 29
D 671 27 2 672 665 675 8
D 679 71 2 117 659 132 29
D 678 67 3 423 679 518 522 532 29
D 677 79 7 104 573 409 582 422 590 438 600 449 608 461 617 678 8
D 676 59 11 70 572 534 581 548 589 557 599 567 607 576 616 585 646 595 656 603 668 611 677 621 8
D 682 25 2 45 44 43 8
D 681 23 2 38 682 46 8
D 684 25 2 45 68 43 29
D 683 23 2 38 684 46 29
D 680 27 2 681 665 683 8
D 688 63 3 424 451 520 110 521 8
D 689 63 3 520 135 424 136 521 29
D 687 67 3 423 679 688 522 689 29
D 686 79 6 104 582 409 590 422 600 438 608 449 617 687 8
D 685 59 11 70 581 534 589 548 599 557 607 567 616 576 646 585 656 595 668 603 677 611 686 621 8
D 692 25 2 43 68 45 8
D 691 23 2 38 692 46 8
D 694 25 2 43 44 45 29
D 693 23 2 38 694 46 29
D 690 27 2 691 665 693 8
D 699 61 2 107 115 109 108
D 698 63 2 520 110 699 8
D 701 61 2 109 115 107 29
D 700 63 2 701 135 521 29
D 697 67 3 423 679 698 522 700 29
D 696 79 5 104 590 409 600 422 608 438 617 697 8
D 695 59 11 70 589 534 599 548 607 557 616 567 646 576 656 585 668 595 677 603 686 611 696 621 8
D 705 33 2 57 63 55 8
D 706 33 2 57 56 55 29
D 704 35 2 705 58 706 8
D 703 31 2 49 704 64 8
D 702 27 2 37 703 66 8
D 711 75 2 428 524 429 29
D 710 71 2 117 711 132 29
D 709 67 3 423 710 698 522 700 29
D 708 79 4 104 600 409 608 422 617 709 8
D 707 59 11 70 599 534 607 548 616 557 646 567 656 576 668 585 677 595 686 603 696 611 708 621 8
L 716 38 19
D 715 37 2 59 716 61 8
D 714 35 2 642 715 643 8
D 713 31 2 49 714 64 8
D 712 27 2 37 713 66 8
D 720 63 2 520 135 699 29
D 719 67 2 698 522 720 29
D 718 79 3 104 608 409 617 719 8
D 717 59 11 70 607 534 616 548 646 557 656 567 668 576 677 585 686 595 696 603 708 611 718 621 8
D 724 37 2 61 60 59 8
D 723 35 2 642 724 643 8
D 722 31 2 49 723 64 8
D 721 27 2 37 722 66 8
D 727 67 2 105 522 134 29
D 726 79 2 104 617 727 8
D 725 59 11 70 616 534 646 548 656 557 668 567 677 576 686 585 696 595 708 603 718 611 726 621 8
D 730 25 2 45 44 43 68
D 731 21 2 41 40 39 47
D 732 21 2 41 47 39 8
D 729 23 3 38 730 731 42 732 8
D 735 37 2 59 716 61 29
D 734 35 2 642 735 643 29
D 733 31 2 49 734 64 29
D 737 29 2 52 51 50 65
D 739 33 2 55 56 57 63
D 740 37 2 59 60 61 716
D 741 33 2 55 63 57 8
D 738 35 3 739 735 642 740 741 29
D 742 29 2 52 65 50 8
D 736 31 3 737 734 49 738 742 29
D 744 25 2 45 68 43 8
D 743 23 3 38 744 731 67 732 29
D 728 27 3 729 733 37 736 743 29
D 35 39 11 36 69 638 645 651 655 661 667 671 676 680 685 690 695 702 707 712 717 721 725 728 8
D 747 3 2 5 34 7 8
D 746 1 2 3 747 9 8
D 750 11 2 17 28 19 8
D 751 11 2 17 18 19 29
D 749 13 2 750 20 751 8
D 748 9 2 11 749 30 8
D 753 3 2 5 6 7 29
D 752 1 2 3 753 9 29
D 745 5 2 746 748 752 8
D 759 57 2 95 615 93 29
D 758 55 3 539 759 632 628 634 29
D 757 51 3 83 758 630 627 635 29
D 756 47 3 71 757 622 626 636 29
D 755 59 10 70 646 534 656 548 668 557 677 567 686 576 696 585 708 595 718 603 726 756 8
D 754 39 11 36 645 638 655 651 667 661 676 671 685 680 695 690 707 702 717 712 725 721 755 728 8
D 761 1 2 9 4 3 8
D 762 1 2 9 33 3 29
D 760 5 2 761 748 762 8
D 768 53 2 91 90 89 97
D 767 55 2 632 628 768 29
D 766 51 3 83 767 630 627 635 29
D 765 47 3 71 766 622 626 636 29
D 764 59 9 70 656 534 668 548 677 557 686 567 696 576 708 585 718 595 726 765 8
D 763 39 11 36 655 638 667 651 676 661 685 671 695 680 707 690 717 702 725 712 755 721 764 728 8
D 771 3 2 7 6 5 8
D 770 1 2 3 771 9 8
D 773 3 2 7 34 5 29
D 772 1 2 3 773 9 29
D 769 5 2 770 748 772 8
D 777 51 3 83 767 587 627 99 29
D 776 47 3 71 777 622 626 636 29
D 775 59 8 70 668 534 677 548 686 557 696 567 708 576 718 585 726 776 8
D 774 39 11 36 667 638 676 651 685 661 695 671 707 680 717 690 725 702 755 712 764 721 775 728 8
D 781 11 2 19 28 17 8
D 782 11 2 19 18 17 29
D 780 13 2 781 20 782 8
D 779 9 2 11 780 30 8
D 778 5 2 2 779 32 8
D 786 51 2 83 767 98 29
D 785 47 3 71 786 622 626 636 29
D 784 59 7 70 677 534 686 548 696 557 708 567 718 576 726 785 8
D 783 39 11 36 676 638 685 651 695 661 707 671 717 680 725 690 755 702 764 712 775 721 784 728 8
D 789 7 2 14 13 12 8
D 790 7 2 14 31 12 29
D 788 9 2 789 749 790 8
D 787 5 2 2 788 32 8
D 795 55 2 88 628 96 29
D 794 51 2 83 795 98 29
D 793 47 3 71 794 622 626 636 29
D 792 59 6 70 686 534 696 548 708 557 718 567 726 793 8
D 791 39 11 36 685 638 695 651 707 661 717 671 725 680 755 690 764 702 775 712 784 721 792 728 8
D 798 7 2 12 31 14 8
D 799 7 2 12 13 14 29
D 797 9 2 798 749 799 8
D 796 5 2 2 797 32 8
D 803 43 3 72 623 559 76 81 8
D 804 43 3 72 637 559 101 81 29
D 802 47 3 71 794 803 626 804 29
D 801 59 5 70 696 534 708 548 718 557 726 802 8
D 800 39 11 36 695 638 707 651 717 661 725 671 755 680 764 690 775 702 784 712 792 721 801 728 8
D 808 15 2 26 22 21 8
D 807 13 2 750 808 751 8
D 806 9 2 11 807 30 8
D 805 5 2 2 806 32 8
D 812 43 2 72 623 80 8
D 813 43 2 72 637 80 29
D 811 47 3 71 794 812 626 813 29
D 810 59 4 70 708 534 718 548 726 811 8
D 809 39 11 36 707 638 717 651 725 661 755 671 764 680 775 690 784 702 792 712 801 721 810 728 8
D 818 17 2 25 24 23 8
D 817 15 2 21 818 26 8
D 816 13 2 750 817 751 8
D 815 9 2 11 816 30 8
D 814 5 2 2 815 32 8
D 822 43 2 72 102 80 29
D 821 47 3 71 794 535 626 822 29
D 820 59 3 70 718 534 726 821 8
D 819 39 11 36 717 638 725 651 755 661 764 671 775 680 784 690 792 702 801 712 810 721 820 728 8
L 828 18 10
D 827 17 2 23 828 25 8
D 826 15 2 21 827 26 8
D 825 13 2 750 826 751 8
D 824 9 2 11 825 30 8
D 823 5 2 2 824 32 8
D 831 47 2 71 794 100 29
D 830 59 2 70 726 831 8
D 829 39 11 36 725 638 755 651 764 661 775 671 784 680 792 690 801 702 810 712 820 721 830 728 8
D 836 17 2 23 24 25 828
D 837 17 2 23 828 25 29
D 835 15 2 21 836 26 837
D 838 11 2 19 28 17 18
D 839 15 2 21 837 26 29
D 840 11 2 19 18 17 8
D 834 13 3 750 835 838 839 840 29
D 841 7 2 14 13 12 31
D 842 13 2 750 839 751 29
D 843 7 2 14 31 12 8
D 833 9 3 11 834 841 842 843 29
D 845 3 2 7 6 5 34
D 844 1 2 3 845 9 4
D 846 9 2 11 842 30 29
D 848 3 2 7 34 5 8
D 847 1 2 3 848 9 33
D 832 5 3 2 833 844 846 847 29
D 0 19 11 1 35 745 754 760 763 769 774 778 783 787 791 796 800 805 809 814 819 823 829 832 8
