c ids of sdd nodes start at 0
c sdd nodes appear bottom-up, children before parents
c
c file syntax:
c sdd count-of-sdd-nodes
c F id-of-false-sdd-node
c T id-of-true-sdd-node
c L id-of-literal-sdd-node id-of-vtree literal
c D id-of-decomposition-sdd-node id-of-vtree number-of-elements {id-of-prime id-of-sub}*
c
sdd 855
L 3 0 -3
L 5 2 -4
L 6 4 -2
L 7 2 4
F 8
D 4 3 2 5 6 7 8
L 9 0 3
D 2 1 2 3 4 9 8
L 12 6 -6
L 13 8 -7
L 14 6 6
D 11 7 2 12 13 14 8
L 17 10 -5
L 18 12 1
L 19 10 5
D 16 11 2 17 18 19 8
L 21 14 -8
L 23 16 -9
L 24 18 -10
L 25 16 9
D 22 17 2 23 24 25 8
L 26 14 8
D 20 15 2 21 22 26 8
L 28 12 -1
T 29
D 27 11 2 17 28 19 29
D 15 13 2 16 20 27 8
L 31 8 7
D 30 7 2 12 31 14 29
D 10 9 2 11 15 30 8
L 34 4 2
D 33 3 2 5 34 7 29
D 32 1 2 3 33 9 29
D 1 5 2 2 10 32 8
L 39 20 -14
L 40 22 -15
L 41 20 14
D 38 21 2 39 40 41 8
L 43 24 -16
L 44 26 -17
L 45 24 16
D 42 25 2 43 44 45 8
L 47 22 15
D 46 21 2 39 47 41 29
D 37 23 2 38 42 46 8
L 50 28 -13
L 51 30 -12
L 52 28 13
D 49 29 2 50 51 52 8
L 55 32 11
L 56 34 -18
L 57 32 -11
D 54 33 2 55 56 57 8
L 59 36 -20
L 60 38 -19
L 61 36 20
D 58 37 2 59 60 61 8
L 63 34 18
D 62 33 2 55 63 57 29
D 53 35 2 54 58 62 8
L 65 30 12
D 64 29 2 50 65 52 29
D 48 31 2 49 53 64 8
L 68 26 17
D 67 25 2 43 68 45 29
D 66 23 2 38 67 46 29
D 36 27 2 37 48 66 8
L 73 40 -34
L 74 42 -35
L 75 40 34
D 72 41 2 73 74 75 8
L 77 44 -32
L 78 46 -33
L 79 44 32
D 76 45 2 77 78 79 8
L 81 42 35
D 80 41 2 73 81 75 29
D 71 43 2 72 76 80 8
L 84 48 -37
L 85 50 -38
L 86 48 37
D 83 49 2 84 85 86 8
L 89 52 31
L 90 54 -36
L 91 52 -31
D 88 53 2 89 90 91 8
L 93 56 -39
L 94 58 -40
L 95 56 39
D 92 57 2 93 94 95 8
L 97 54 36
D 96 53 2 89 97 91 29
D 87 55 2 88 92 96 8
L 99 50 38
D 98 49 2 84 99 86 29
D 82 51 2 83 87 98 8
L 102 46 33
D 101 45 2 77 102 79 29
D 100 43 2 72 101 80 29
D 70 47 2 71 82 100 8
L 107 60 -22
L 108 62 21
L 109 60 22
D 106 61 2 107 108 109 8
L 111 64 -25
L 112 66 -26
L 113 64 25
D 110 65 2 111 112 113 8
L 115 62 -21
D 114 61 2 107 115 109 29
D 105 63 2 106 110 114 8
L 118 68 -27
L 119 70 -28
L 120 68 27
D 117 69 2 118 119 120 8
L 123 72 -23
L 124 74 -24
L 125 72 23
D 122 73 2 123 124 125 8
L 127 76 -30
L 128 78 -29
L 129 76 30
D 126 77 2 127 128 129 8
L 131 74 24
D 130 73 2 123 131 125 29
D 121 75 2 122 126 130 8
L 133 70 28
D 132 69 2 118 133 120 29
D 116 71 2 117 121 132 8
L 136 66 26
D 135 65 2 111 136 113 29
D 134 63 2 106 135 114 29
D 104 67 2 105 116 134 8
L 140 80 -46
L 141 82 -47
L 142 80 46
D 139 81 2 140 141 142 8
L 144 84 -48
L 146 86 50
L 147 88 -49
L 148 86 -50
D 145 87 2 146 147 148 8
L 149 84 48
D 143 85 2 144 145 149 8
L 151 82 47
D 150 81 2 140 151 142 29
D 138 83 2 139 143 150 8
L 155 90 -43
L 156 92 -44
L 157 90 43
D 154 91 2 155 156 157 8
L 159 94 -42
L 161 96 -45
L 162 98 -41
L 163 96 45
D 160 97 2 161 162 163 8
L 164 94 42
D 158 95 2 159 160 164 8
L 166 92 44
D 165 91 2 155 166 157 29
D 153 93 2 154 158 165 8
L 169 100 -57
L 171 102 -58
L 173 104 -60
L 174 106 -59
L 175 104 60
D 172 105 2 173 174 175 8
L 176 102 58
D 170 103 2 171 172 176 8
L 177 100 57
D 168 101 2 169 170 177 8
L 180 108 -53
L 182 110 -56
L 183 112 -55
L 184 110 56
D 181 111 2 182 183 184 8
L 185 108 53
D 179 109 2 180 181 185 8
L 188 114 -51
L 190 116 -54
L 191 118 52
L 192 116 54
D 189 117 2 190 191 192 8
L 193 114 51
D 187 115 2 188 189 193 8
L 196 120 -61
L 197 122 -62
L 198 120 61
D 195 121 2 196 197 198 8
L 201 124 -63
L 202 126 -64
L 203 124 63
D 200 125 2 201 202 203 8
L 205 128 -65
L 207 130 -66
L 209 132 -67
L 211 134 -68
L 213 136 -69
L 214 138 70
L 215 136 69
D 212 137 2 213 214 215 8
L 216 134 68
D 210 135 2 211 212 216 8
L 217 132 67
D 208 133 2 209 210 217 8
L 218 130 66
D 206 131 2 207 208 218 8
L 219 128 65
D 204 129 2 205 206 219 8
L 221 126 64
D 220 125 2 201 221 203 29
D 199 127 2 200 204 220 8
L 223 122 62
D 222 121 2 196 223 198 29
D 194 123 2 195 199 222 8
L 226 118 -52
D 225 117 2 192 226 190 8
D 224 115 2 188 225 193 8
L 234 138 -70
D 233 137 2 213 234 215 8
D 232 135 2 216 233 211 8
D 231 133 2 209 232 217 8
D 230 131 2 207 231 218 8
D 229 129 2 205 230 219 8
D 228 127 2 200 229 220 8
D 227 123 2 195 228 222 8
D 236 117 2 190 226 192 191
D 235 115 2 188 236 193 29
D 186 119 3 187 194 224 227 235 8
D 237 109 2 185 181 180 8
D 240 117 2 190 226 192 8
D 239 115 2 188 240 193 8
D 247 137 2 215 234 213 8
D 246 135 2 211 247 216 8
D 245 133 2 209 246 217 8
D 244 131 2 207 245 218 8
D 243 129 2 205 244 219 8
D 242 127 2 200 243 220 8
D 241 123 2 195 242 222 8
D 249 117 2 190 191 192 29
D 248 115 2 188 249 193 29
D 238 119 2 239 241 248 8
L 252 112 55
D 251 111 2 182 252 184 8
D 250 109 2 180 251 185 8
D 259 135 2 211 233 216 8
D 258 133 2 217 259 209 8
D 257 131 2 207 258 218 8
D 256 129 2 205 257 219 8
D 255 127 2 200 256 220 8
D 254 123 2 195 255 222 8
D 253 119 2 239 254 248 8
D 261 111 2 184 183 182 8
D 260 109 2 180 261 185 8
D 267 133 2 209 259 217 8
D 266 131 2 218 267 207 8
D 265 129 2 205 266 219 8
D 264 127 2 200 265 220 8
D 263 123 2 195 264 222 8
D 262 119 2 239 263 248 8
D 269 111 2 184 252 182 8
D 270 111 2 182 252 184 29
D 268 109 2 180 269 185 270
D 178 113 5 179 186 237 238 250 253 260 262 268 8
L 274 106 59
D 273 105 2 173 274 175 8
D 272 103 2 171 273 176 8
D 271 101 2 169 272 177 8
D 279 125 2 203 202 201 8
D 281 131 2 207 267 218 8
D 280 129 2 205 281 219 8
D 282 125 2 203 221 201 29
D 278 127 2 279 280 282 8
D 277 123 2 195 278 222 8
D 276 119 2 239 277 248 8
D 283 109 2 180 270 185 29
D 275 113 2 179 276 283 8
D 285 103 2 176 172 171 8
D 284 101 2 169 285 177 8
D 290 125 2 201 221 203 8
D 291 125 2 201 202 203 29
D 289 127 2 290 280 291 8
D 288 123 2 195 289 222 8
D 287 119 2 239 288 248 8
D 286 113 2 179 287 283 8
D 294 105 2 175 174 173 8
D 293 103 2 171 294 176 8
D 292 101 2 169 293 177 8
D 298 121 2 196 223 198 8
D 299 127 2 200 280 220 8
D 300 121 2 196 197 198 29
D 297 123 2 298 299 300 8
D 296 119 2 239 297 248 8
D 295 113 2 179 296 283 8
D 301 101 2 177 170 169 8
D 306 129 2 219 281 205 8
D 305 127 2 200 306 220 8
D 304 123 2 195 305 222 8
D 303 119 2 239 304 248 8
D 302 113 2 179 303 283 8
D 309 105 2 175 274 173 8
D 310 105 2 173 274 175 29
D 308 103 2 171 309 176 310
D 311 103 2 171 310 176 29
D 307 101 2 169 308 177 311
D 167 107 6 168 178 271 275 284 286 292 295 301 302 307 8
L 315 98 41
D 314 97 2 161 315 163 29
D 313 95 2 159 314 164 29
D 312 93 2 154 313 165 29
D 152 99 2 153 167 312 8
D 318 87 2 148 147 146 8
D 317 85 2 144 318 149 8
D 316 83 2 139 317 150 8
D 321 95 2 164 160 159 8
D 320 93 2 154 321 165 8
D 324 119 2 239 194 248 8
D 323 113 2 179 324 283 8
D 327 105 2 175 274 173 29
D 326 103 2 171 327 176 29
D 325 101 2 169 326 177 29
D 322 107 2 292 323 325 8
D 329 91 2 157 156 155 8
D 330 91 2 157 166 155 29
D 328 93 2 329 158 330 8
D 332 113 2 179 238 283 8
D 335 105 2 173 174 175 274
D 334 103 2 171 335 176 29
D 333 101 2 169 334 177 29
D 331 107 3 271 323 292 332 333 8
D 337 91 2 155 166 157 8
D 338 91 2 155 156 157 29
D 336 93 2 337 158 338 8
D 341 119 2 239 227 248 8
D 340 113 2 179 341 283 8
D 343 103 2 171 335 176 310
D 342 101 2 169 343 177 29
D 339 107 4 292 340 284 323 271 332 342 8
D 346 97 2 163 162 161 8
D 345 95 2 159 346 164 8
D 344 93 2 154 345 165 8
D 348 113 2 179 253 283 8
D 349 101 2 169 343 177 311
D 347 107 5 292 348 271 340 301 323 284 332 349 8
D 352 97 2 163 315 161 29
D 351 95 2 159 352 164 314
D 353 91 2 157 156 155 166
D 354 91 2 157 166 155 8
D 350 93 3 154 351 353 313 354 29
D 319 99 5 320 322 328 331 336 339 344 347 350 8
L 358 88 49
D 357 87 2 148 358 146 8
D 356 85 2 144 357 149 8
D 355 83 2 139 356 150 8
D 364 117 2 192 191 190 29
D 363 115 2 188 364 193 29
D 362 119 2 224 241 363 8
D 361 113 5 250 341 237 324 179 362 260 253 268 8
D 365 113 2 179 262 283 8
D 360 107 6 168 361 292 275 271 286 284 302 301 365 307 8
D 359 99 2 153 360 312 8
D 367 85 2 149 318 144 8
D 366 83 2 139 367 150 8
D 371 119 2 224 194 363 8
D 372 109 2 180 269 185 29
D 370 113 4 250 238 179 371 260 341 372 8
D 369 107 6 292 286 168 370 271 302 284 365 301 348 307 8
D 368 99 2 153 369 312 8
D 374 81 2 140 151 142 8
D 375 81 2 140 141 142 29
D 373 83 2 374 317 375 8
D 380 111 2 182 183 184 252
D 379 109 2 180 380 185 29
D 378 113 3 260 238 250 324 379 8
D 377 107 6 292 302 168 378 271 365 284 348 301 340 307 8
D 376 99 2 153 377 312 8
D 382 81 2 142 141 140 8
D 383 81 2 142 151 140 29
D 381 83 2 382 317 383 8
D 388 111 2 184 252 182 29
D 387 109 2 180 388 185 29
D 386 113 2 260 324 387 8
D 385 107 6 292 365 168 386 271 348 284 340 301 332 307 8
D 384 99 2 153 385 312 8
D 391 87 2 146 358 148 8
D 392 87 2 148 358 146 29
D 390 85 2 144 391 149 392
D 393 81 2 142 141 140 151
D 394 85 2 144 392 149 29
D 395 81 2 142 151 140 8
D 389 83 3 139 390 393 394 395 29
D 137 89 7 138 152 316 319 355 359 366 368 373 376 381 384 389 8
D 398 61 2 109 115 107 8
D 399 61 2 109 108 107 29
D 397 63 2 398 110 399 8
D 400 63 2 398 135 399 29
D 396 67 2 397 116 400 8
D 405 97 2 161 315 163 8
D 404 95 2 159 405 164 8
D 403 93 2 154 404 165 8
D 408 97 2 161 162 163 315
D 407 95 2 159 408 164 314
D 406 93 3 154 407 353 313 354 29
D 402 99 6 403 322 320 331 328 339 336 347 344 385 406 8
D 413 115 2 193 240 188 8
D 414 115 2 188 236 193 249
D 412 119 4 413 194 187 241 224 254 414 8
D 411 113 5 179 412 237 341 250 262 260 303 268 8
D 418 121 2 198 197 196 8
D 419 121 2 198 223 196 29
D 417 123 2 418 299 419 8
D 416 119 2 239 417 248 8
D 415 113 2 179 416 283 8
D 410 107 6 168 411 284 275 301 286 271 295 292 415 307 8
D 409 99 2 153 410 312 8
D 401 89 7 316 402 138 409 355 152 366 359 373 368 381 376 389 8
D 422 61 2 107 115 109 8
D 423 61 2 107 108 109 29
D 421 63 2 422 110 423 8
D 426 73 2 125 124 123 8
D 427 73 2 125 131 123 29
D 425 75 2 426 126 427 8
D 424 71 2 117 425 132 8
D 428 63 2 422 135 423 29
D 420 67 2 421 424 428 8
D 430 99 6 403 331 320 339 328 347 336 385 344 377 406 8
D 434 119 4 413 241 187 227 224 263 414 8
D 433 113 5 179 434 237 253 250 303 260 287 268 8
D 436 103 2 176 310 171 175
D 435 101 2 169 436 177 311
D 432 107 5 301 275 168 433 284 295 271 415 435 8
D 431 99 2 153 432 312 8
D 429 89 7 316 430 355 409 138 431 366 152 373 359 381 368 389 8
D 440 73 2 123 131 125 8
D 441 73 2 123 124 125 29
D 439 75 2 440 126 441 8
D 438 71 2 117 439 132 8
D 437 67 2 421 438 428 8
D 443 99 6 403 339 320 347 328 385 336 377 344 369 406 8
D 447 119 4 413 227 187 254 224 304 414 8
D 446 113 5 179 447 237 262 250 287 260 276 268 8
D 448 101 2 177 311 169 310
D 445 107 4 301 295 168 446 284 415 448 8
D 444 99 2 153 445 312 8
D 442 89 7 316 443 366 409 355 431 138 444 373 152 381 359 389 8
D 451 65 2 113 112 111 8
D 450 63 2 422 451 423 8
D 453 65 2 113 136 111 29
D 452 63 2 422 453 423 29
D 449 67 2 450 116 452 8
D 455 99 6 403 347 320 385 328 377 336 369 344 360 406 8
D 459 119 4 413 254 187 263 224 288 414 8
D 458 113 5 179 459 237 303 250 276 260 296 268 8
D 457 107 3 301 415 168 458 311 8
D 456 99 2 153 457 312 8
D 454 89 7 316 455 373 409 366 431 355 444 138 456 381 152 389 8
D 462 65 2 111 136 113 8
D 461 63 2 422 462 423 8
D 464 65 2 111 112 113 29
D 463 63 2 422 464 423 29
D 460 67 2 461 116 463 8
D 466 99 6 403 385 320 377 328 369 336 360 344 167 406 8
D 470 119 4 413 263 187 304 224 277 414 8
D 469 113 5 179 470 237 287 250 296 260 416 268 8
D 471 101 2 169 311 177 29
D 468 107 2 168 469 471 8
D 467 99 2 153 468 312 8
D 465 89 7 381 409 316 466 373 431 366 444 355 456 138 467 389 8
D 474 69 2 120 119 118 8
D 475 69 2 120 133 118 29
D 473 71 2 474 121 475 8
D 472 67 2 421 473 428 8
D 477 99 6 403 377 320 369 328 360 336 167 344 410 406 8
D 481 119 4 413 304 187 288 224 297 414 8
D 482 109 2 185 270 180 184
D 480 113 4 179 481 237 276 250 416 482 8
D 479 107 2 168 480 471 8
D 478 99 2 153 479 312 8
D 476 89 7 381 431 316 477 373 444 366 456 355 467 138 478 389 8
D 485 69 2 118 133 120 8
D 486 69 2 118 119 120 29
D 484 71 2 485 121 486 8
D 483 67 2 421 484 428 8
D 488 99 6 403 369 320 360 328 167 336 410 344 432 406 8
D 492 119 4 413 288 187 277 224 417 414 8
D 491 113 3 179 492 237 296 270 8
D 490 107 2 168 491 471 8
D 489 99 2 153 490 312 8
D 487 89 7 381 444 316 488 373 456 366 467 355 478 138 489 389 8
L 497 78 29
D 496 77 2 127 497 129 8
D 495 75 2 122 496 130 8
D 494 71 2 117 495 132 8
D 493 67 2 421 494 428 8
D 499 99 6 403 360 320 167 328 410 336 432 344 445 406 8
D 505 117 2 190 226 192 29
D 504 115 2 188 505 193 249
D 503 119 3 413 277 187 297 504 8
D 502 113 3 179 503 237 416 270 8
D 501 107 2 168 502 471 8
D 500 99 2 153 501 312 8
D 498 89 7 381 456 316 499 373 467 366 478 355 489 138 500 389 8
D 509 77 2 129 128 127 8
D 508 75 2 122 509 130 8
D 507 71 2 117 508 132 8
D 506 67 2 421 507 428 8
D 511 99 6 403 167 320 410 328 432 336 445 344 457 406 8
D 515 119 3 413 297 187 417 504 8
D 514 113 2 179 515 283 8
D 513 107 2 168 514 471 8
D 512 99 2 153 513 312 8
D 510 89 7 381 467 316 511 373 478 366 489 355 500 138 512 389 8
D 518 65 2 113 112 111 136
D 519 61 2 109 115 107 108
D 520 61 2 109 108 107 8
D 517 63 3 422 518 519 110 520 8
D 523 77 2 127 497 129 29
D 522 75 2 122 523 130 29
D 521 71 2 117 522 132 29
D 525 69 2 120 119 118 133
D 527 73 2 125 124 123 131
D 528 77 2 127 128 129 497
D 529 73 2 125 131 123 8
D 526 75 3 527 523 122 528 529 29
D 530 69 2 120 133 118 8
D 524 71 3 525 522 117 526 530 29
D 532 65 2 113 136 111 8
D 531 63 3 422 532 519 135 520 29
D 516 67 3 517 521 421 524 531 29
D 103 79 11 104 137 396 401 420 429 437 442 449 454 460 465 472 476 483 487 493 498 506 510 516 8
D 535 45 2 79 78 77 8
D 534 43 2 72 535 80 8
D 538 53 2 91 90 89 8
D 539 53 2 91 97 89 29
D 537 55 2 538 92 539 8
D 536 51 2 83 537 98 8
D 541 45 2 79 102 77 29
D 540 43 2 72 541 80 29
D 533 47 2 534 536 540 8
D 544 99 6 403 410 320 432 328 445 336 457 344 468 406 8
D 549 115 2 193 249 188 29
D 548 119 2 413 417 549 8
D 547 113 2 179 548 283 8
D 546 107 2 168 547 471 8
D 545 99 2 153 546 312 8
D 543 89 7 381 478 316 544 373 489 366 500 355 512 138 545 389 8
D 542 79 11 104 401 396 429 420 442 437 454 449 465 460 476 472 487 483 498 493 510 506 543 516 8
D 552 45 2 77 102 79 8
D 551 43 2 72 552 80 8
D 554 45 2 77 78 79 29
D 553 43 2 72 554 80 29
D 550 47 2 551 536 553 8
D 557 99 6 403 432 320 445 328 457 336 468 344 479 406 8
D 559 85 2 149 392 144 146
D 558 83 3 139 559 393 394 395 29
D 556 89 6 381 489 316 557 373 500 366 512 355 545 558 8
D 555 79 11 104 429 396 442 420 454 437 465 449 476 460 487 472 498 483 510 493 543 506 556 516 8
D 562 41 2 75 74 73 8
D 563 41 2 75 81 73 29
D 561 43 2 562 76 563 8
D 564 43 2 562 101 563 29
D 560 47 2 561 536 564 8
D 567 99 6 403 445 320 457 328 468 336 479 344 490 406 8
D 568 83 3 393 394 139 392 395 29
D 566 89 5 381 500 316 567 373 512 366 545 568 8
D 565 79 11 104 442 396 454 420 465 437 476 449 487 460 498 472 510 483 543 493 556 506 566 516 8
D 571 41 2 73 81 75 8
D 572 41 2 73 74 75 29
D 570 43 2 571 76 572 8
D 573 43 2 571 101 572 29
D 569 47 2 570 536 573 8
D 576 99 6 403 457 320 468 328 479 336 490 344 501 406 8
D 578 81 2 142 141 140 29
D 577 83 2 578 394 395 29
D 575 89 4 381 512 316 576 373 545 577 8
D 574 79 11 104 454 396 465 420 476 437 487 449 498 460 510 472 543 483 556 493 566 506 575 516 8
D 582 53 2 91 97 89 8
D 583 53 2 91 90 89 29
D 581 55 2 582 92 583 8
D 580 51 2 83 581 98 8
D 579 47 2 71 580 100 8
D 586 99 6 403 468 320 479 328 490 336 501 344 513 406 8
D 587 83 2 141 394 151 29
D 585 89 3 381 545 316 586 587 8
D 584 79 11 104 465 396 476 420 487 437 498 449 510 460 543 472 556 483 566 493 575 506 585 516 8
D 590 49 2 86 85 84 8
D 591 49 2 86 99 84 29
D 589 51 2 590 537 591 8
D 588 47 2 71 589 100 8
D 594 99 6 403 479 320 490 328 501 336 513 344 546 406 8
D 595 83 2 139 394 150 29
D 593 89 2 316 594 595 8
D 592 79 11 104 476 396 487 420 498 437 510 449 543 460 556 472 566 483 575 493 585 506 593 516 8
D 598 49 2 84 99 86 8
D 599 49 2 84 85 86 29
D 597 51 2 598 537 599 8
D 596 47 2 71 597 100 8
D 605 97 2 161 162 163 29
D 604 95 2 164 314 159 605
D 603 93 3 154 604 353 313 354 29
D 602 99 5 403 490 320 501 328 513 336 546 603 8
D 601 89 2 316 602 595 8
D 600 79 11 104 487 396 498 420 510 437 543 449 556 460 566 472 575 483 585 493 593 506 601 516 8
D 609 57 2 95 94 93 8
D 608 55 2 538 609 539 8
D 607 51 2 83 608 98 8
D 606 47 2 71 607 100 8
D 613 93 3 154 604 329 313 166 29
D 612 99 4 403 501 320 513 328 546 613 8
D 611 89 2 316 612 595 8
D 610 79 11 104 498 396 510 420 543 437 556 449 566 460 575 472 585 483 593 493 601 506 611 516 8
L 618 58 40
D 617 57 2 93 618 95 8
D 616 55 2 538 617 539 8
D 615 51 2 83 616 98 8
D 614 47 2 71 615 100 8
D 622 93 2 154 604 165 29
D 621 99 3 403 513 320 546 622 8
D 620 89 2 316 621 595 8
D 619 79 11 104 510 396 543 420 556 437 566 449 575 460 585 472 593 483 601 493 611 506 620 516 8
D 625 45 2 79 78 77 102
D 626 41 2 75 74 73 81
D 627 41 2 75 81 73 8
D 624 43 3 72 625 626 76 627 8
D 630 57 2 93 618 95 29
D 629 55 2 538 630 539 29
D 628 51 2 83 629 98 29
D 632 49 2 86 85 84 99
D 634 53 2 89 90 91 97
D 635 57 2 93 94 95 618
D 636 53 2 89 97 91 8
D 633 55 3 634 630 538 635 636 29
D 637 49 2 86 99 84 8
D 631 51 3 632 629 83 633 637 29
D 639 45 2 79 102 77 8
D 638 43 3 72 639 626 101 627 29
D 623 47 3 624 628 71 631 638 29
D 69 59 11 70 103 533 542 550 555 560 565 569 574 579 584 588 592 596 600 606 610 614 619 623 8
D 642 29 2 50 65 52 8
D 644 33 2 57 56 55 8
D 645 33 2 57 63 55 29
D 643 35 2 644 58 645 8
D 646 29 2 50 51 52 29
D 641 31 2 642 643 646 8
D 640 27 2 37 641 66 8
D 652 95 2 159 605 164 29
D 651 93 2 154 652 165 29
D 650 99 2 403 546 651 8
D 649 89 2 316 650 595 8
D 648 79 11 104 543 396 556 420 566 437 575 449 585 460 593 472 601 483 611 493 620 506 649 516 8
D 647 59 11 70 542 533 555 550 565 560 574 569 584 579 592 588 600 596 610 606 619 614 648 623 8
D 655 29 2 52 51 50 8
D 656 29 2 52 65 50 29
D 654 31 2 655 643 656 8
D 653 27 2 37 654 66 8
D 662 77 2 127 128 129 29
D 661 75 3 122 662 527 523 529 29
D 660 71 3 117 661 525 522 530 29
D 659 67 3 421 660 517 521 531 29
D 658 79 10 104 556 396 566 420 575 437 585 449 593 460 601 472 611 483 620 493 649 659 8
D 657 59 11 70 555 533 565 550 574 560 584 569 592 579 600 588 610 596 619 606 648 614 658 623 8
D 665 21 2 41 40 39 8
D 666 21 2 41 47 39 29
D 664 23 2 665 42 666 8
D 667 31 2 49 643 64 8
D 668 23 2 665 67 666 29
D 663 27 2 664 667 668 8
D 674 73 2 123 124 125 131
D 673 75 2 527 523 674 29
D 672 71 3 117 673 525 522 530 29
D 671 67 3 421 672 517 521 531 29
D 670 79 9 104 566 396 575 420 585 437 593 449 601 460 611 472 620 483 649 671 8
D 669 59 11 70 565 533 574 550 584 560 592 569 600 579 610 588 619 596 648 606 658 614 670 623 8
D 677 21 2 39 47 41 8
D 678 21 2 39 40 41 29
D 676 23 2 677 42 678 8
D 679 23 2 677 67 678 29
D 675 27 2 676 667 679 8
D 683 71 3 117 673 474 522 133 29
D 682 67 3 421 683 517 521 531 29
D 681 79 8 104 575 396 585 420 593 437 601 449 611 460 620 472 649 682 8
D 680 59 11 70 574 533 584 550 592 560 600 569 610 579 619 588 648 596 658 606 670 614 681 623 8
D 686 25 2 45 44 43 8
D 685 23 2 38 686 46 8
D 688 25 2 45 68 43 29
D 687 23 2 38 688 46 29
D 684 27 2 685 667 687 8
D 692 71 2 117 673 132 29
D 691 67 3 421 692 517 521 531 29
D 690 79 7 104 585 396 593 420 601 437 611 449 620 460 649 691 8
D 689 59 11 70 584 533 592 550 600 560 610 569 619 579 648 588 658 596 670 606 681 614 690 623 8
D 695 25 2 43 68 45 8
D 694 23 2 38 695 46 8
D 697 25 2 43 44 45 29
D 696 23 2 38 697 46 29
D 693 27 2 694 667 696 8
D 701 63 3 422 451 519 110 520 8
D 702 63 3 519 135 422 136 520 29
D 700 67 3 421 692 701 521 702 29
D 699 79 6 104 593 396 601 420 611 437 620 449 649 700 8
D 698 59 11 70 592 533 600 550 610 560 619 569 648 579 658 588 670 596 681 606 690 614 699 623 8
D 706 33 2 57 63 55 8
D 707 33 2 57 56 55 29
D 705 35 2 706 58 707 8
D 704 31 2 49 705 64 8
D 703 27 2 37 704 66 8
D 712 61 2 107 115 109 108
D 711 63 2 519 110 712 8
D 714 61 2 109 115 107 29
D 713 63 2 714 135 520 29
D 710 67 3 421 692 711 521 713 29
D 709 79 5 104 601 396 611 420 620 437 649 710 8
D 708 59 11 70 600 533 610 550 619 560 648 569 658 579 670 588 681 596 690 606 699 614 709 623 8
L 719 38 19
D 718 37 2 59 719 61 8
D 717 35 2 644 718 645 8
D 716 31 2 49 717 64 8
D 715 27 2 37 716 66 8
D 724 75 2 426 523 427 29
D 723 71 2 117 724 132 29
D 722 67 3 421 723 711 521 713 29
D 721 79 4 104 611 396 620 420 649 722 8
D 720 59 11 70 610 533 619 550 648 560 658 569 670 579 681 588 690 596 699 606 709 614 721 623 8
D 728 37 2 61 60 59 8
D 727 35 2 644 728 645 8
D 726 31 2 49 727 64 8
D 725 27 2 37 726 66 8
D 732 63 2 519 135 712 29
D 731 67 2 711 521 732 29
D 730 79 3 104 620 396 649 731 8
D 729 59 11 70 619 533 648 550 658 560 670 569 681 579 690 588 699 596 709 606 721 614 730 623 8
D 735 25 2 45 44 43 68
D 736 21 2 41 40 39 47
D 737 21 2 41 47 39 8
D 734 23 3 38 735 736 42 737 8
D 740 37 2 59 719 61 29
D 739 35 2 644 740 645 29
D 738 31 2 49 739 64 29
D 742 29 2 52 51 50 65
D 744 33 2 55 56 57 63
D 745 37 2 59 60 61 719
D 746 33 2 55 63 57 8
D 743 35 3 744 740 644 745 746 29
D 747 29 2 52 65 50 8
D 741 31 3 742 739 49 743 747 29
D 749 25 2 45 68 43 8
D 748 23 3 38 749 736 67 737 29
D 733 27 3 734 738 37 741 748 29
D 35 39 11 36 69 640 647 653 657 663 669 675 680 684 689 693 698 703 708 715 720 725 729 733 8
D 752 3 2 5 34 7 8
D 751 1 2 3 752 9 8
D 755 11 2 17 28 19 8
D 756 11 2 17 18 19 29
D 754 13 2 755 20 756 8
D 753 9 2 11 754 30 8
D 758 3 2 5 6 7 29
D 757 1 2 3 758 9 29
D 750 5 2 751 753 757 8
D 762 67 2 105 521 134 29
D 761 79 2 104 649 762 8
D 760 59 11 70 648 533 658 550 670 560 681 569 690 579 699 588 709 596 721 606 730 614 761 623 8
D 759 39 11 36 647 640 657 653 669 663 680 675 689 684 698 693 708 703 720 715 729 725 760 733 8
D 764 1 2 9 4 3 8
D 765 1 2 9 33 3 29
D 763 5 2 764 753 765 8
D 771 57 2 95 618 93 29
D 770 55 3 538 771 634 630 636 29
D 769 51 3 83 770 632 629 637 29
D 768 47 3 71 769 624 628 638 29
D 767 59 10 70 658 533 670 550 681 560 690 569 699 579 709 588 721 596 730 606 761 768 8
D 766 39 11 36 657 640 669 653 680 663 689 675 698 684 708 693 720 703 729 715 760 725 767 733 8
D 774 3 2 7 6 5 8
D 773 1 2 3 774 9 8
D 776 3 2 7 34 5 29
D 775 1 2 3 776 9 29
D 772 5 2 773 753 775 8
D 782 53 2 91 90 89 97
D 781 55 2 634 630 782 29
D 780 51 3 83 781 632 629 637 29
D 779 47 3 71 780 624 628 638 29
D 778 59 9 70 670 533 681 550 690 560 699 569 709 579 721 588 730 596 761 779 8
D 777 39 11 36 669 640 680 653 689 663 698 675 708 684 720 693 729 703 760 715 767 725 778 733 8
D 786 11 2 19 28 17 8
D 787 11 2 19 18 17 29
D 785 13 2 786 20 787 8
D 784 9 2 11 785 30 8
D 783 5 2 2 784 32 8
D 791 51 3 83 781 590 629 99 29
D 790 47 3 71 791 624 628 638 29
D 789 59 8 70 681 533 690 550 699 560 709 569 721 579 730 588 761 790 8
D 788 39 11 36 680 640 689 653 698 663 708 675 720 684 729 693 760 703 767 715 778 725 789 733 8
D 794 7 2 14 13 12 8
D 795 7 2 14 31 12 29
D 793 9 2 794 754 795 8
D 792 5 2 2 793 32 8
D 799 51 2 83 781 98 29
D 798 47 3 71 799 624 628 638 29
D 797 59 7 70 690 533 699 550 709 560 721 569 730 579 761 798 8
D 796 39 11 36 689 640 698 653 708 663 720 675 729 684 760 693 767 703 778 715 789 725 797 733 8
D 802 7 2 12 31 14 8
D 803 7 2 12 13 14 29
D 801 9 2 802 754 803 8
D 800 5 2 2 801 32 8
D 808 55 2 88 630 96 29
D 807 51 2 83 808 98 29
D 806 47 3 71 807 624 628 638 29
D 805 59 6 70 699 533 709 550 721 560 730 569 761 806 8
D 804 39 11 36 698 640 708 653 720 663 729 675 760 684 767 693 778 703 789 715 797 725 805 733 8
D 812 15 2 26 22 21 8
D 811 13 2 755 812 756 8
D 810 9 2 11 811 30 8
D 809 5 2 2 810 32 8
D 816 43 3 72 625 562 76 81 8
D 817 43 3 72 639 562 101 81 29
D 815 47 3 71 807 816 628 817 29
D 814 59 5 70 709 533 721 550 730 560 761 815 8
D 813 39 11 36 708 640 720 653 729 663 760 675 767 684 778 693 789 703 797 715 805 725 814 733 8
D 822 17 2 25 24 23 8
D 821 15 2 21 822 26 8
D 820 13 2 755 821 756 8
D 819 9 2 11 820 30 8
D 818 5 2 2 819 32 8
D 826 43 2 72 625 80 8
D 827 43 2 72 639 80 29
D 825 47 3 71 807 826 628 827 29
D 824 59 4 70 721 533 730 550 761 825 8
D 823 39 11 36 720 640 729 653 760 663 767 675 778 684 789 693 797 703 805 715 814 725 824 733 8
L 833 18 10
D 832 17 2 23 833 25 8
D 831 15 2 21 832 26 8
D 830 13 2 755 831 756 8
D 829 9 2 11 830 30 8
D 828 5 2 2 829 32 8
D 837 43 2 72 102 80 29
D 836 47 3 71 807 534 628 837 29
D 835 59 3 70 730 533 761 836 8
D 834 39 11 36 729 640 760 653 767 663 778 675 789 684 797 693 805 703 814 715 824 725 835 733 8
D 842 17 2 23 24 25 833
D 843 17 2 23 833 25 29
D 841 15 2 21 842 26 843
D 844 11 2 19 28 17 18
D 845 15 2 21 843 26 29
D 846 11 2 19 18 17 8
D 840 13 3 755 841 844 845 846 29
D 847 7 2 14 13 12 31
D 848 13 2 755 845 756 29
D 849 7 2 14 31 12 8
D 839 9 3 11 840 847 848 849 29
D 851 3 2 7 6 5 34
D 850 1 2 3 851 9 4
D 852 9 2 11 848 30 29
D 854 3 2 7 34 5 8
D 853 1 2 3 854 9 33
D 838 5 3 2 839 850 852 853 29
D 0 19 11 1 35 750 759 763 766 772 777 783 788 792 796 800 804 809 813 818 823 828 834 838 8
