c ids of sdd nodes start at 0
c sdd nodes appear bottom-up, children before parents
c
c file syntax:
c sdd count-of-sdd-nodes
c F id-of-false-sdd-node
c T id-of-true-sdd-node
c L id-of-literal-sdd-node id-of-vtree literal
c D id-of-decomposition-sdd-node id-of-vtree number-of-elements {id-of-prime id-of-sub}*
c
sdd 859
L 3 0 -3
L 5 2 -4
L 6 4 -2
L 7 2 4
F 8
D 4 3 2 5 6 7 8
L 9 0 3
D 2 1 2 3 4 9 8
L 12 6 -6
L 13 8 -7
L 14 6 6
D 11 7 2 12 13 14 8
L 17 10 -5
L 18 12 1
L 19 10 5
D 16 11 2 17 18 19 8
L 21 14 -8
L 23 16 -9
L 24 18 -10
L 25 16 9
D 22 17 2 23 24 25 8
L 26 14 8
D 20 15 2 21 22 26 8
L 28 12 -1
T 29
D 27 11 2 17 28 19 29
D 15 13 2 16 20 27 8
L 31 8 7
D 30 7 2 12 31 14 29
D 10 9 2 11 15 30 8
L 34 4 2
D 33 3 2 5 34 7 29
D 32 1 2 3 33 9 29
D 1 5 2 2 10 32 8
L 39 20 -14
L 40 22 -15
L 41 20 14
D 38 21 2 39 40 41 8
L 43 24 -16
L 44 26 -17
L 45 24 16
D 42 25 2 43 44 45 8
L 47 22 15
D 46 21 2 39 47 41 29
D 37 23 2 38 42 46 8
L 50 28 -13
L 51 30 -12
L 52 28 13
D 49 29 2 50 51 52 8
L 55 32 11
L 56 34 -18
L 57 32 -11
D 54 33 2 55 56 57 8
L 59 36 -20
L 60 38 -19
L 61 36 20
D 58 37 2 59 60 61 8
L 63 34 18
D 62 33 2 55 63 57 29
D 53 35 2 54 58 62 8
L 65 30 12
D 64 29 2 50 65 52 29
D 48 31 2 49 53 64 8
L 68 26 17
D 67 25 2 43 68 45 29
D 66 23 2 38 67 46 29
D 36 27 2 37 48 66 8
L 73 40 -34
L 74 42 -35
L 75 40 34
D 72 41 2 73 74 75 8
L 77 44 -32
L 78 46 -33
L 79 44 32
D 76 45 2 77 78 79 8
L 81 42 35
D 80 41 2 73 81 75 29
D 71 43 2 72 76 80 8
L 84 48 -37
L 85 50 -38
L 86 48 37
D 83 49 2 84 85 86 8
L 89 52 31
L 90 54 -36
L 91 52 -31
D 88 53 2 89 90 91 8
L 93 56 -39
L 94 58 -40
L 95 56 39
D 92 57 2 93 94 95 8
L 97 54 36
D 96 53 2 89 97 91 29
D 87 55 2 88 92 96 8
L 99 50 38
D 98 49 2 84 99 86 29
D 82 51 2 83 87 98 8
L 102 46 33
D 101 45 2 77 102 79 29
D 100 43 2 72 101 80 29
D 70 47 2 71 82 100 8
L 107 60 -22
L 108 62 21
L 109 60 22
D 106 61 2 107 108 109 8
L 111 64 -25
L 112 66 -26
L 113 64 25
D 110 65 2 111 112 113 8
L 115 62 -21
D 114 61 2 107 115 109 29
D 105 63 2 106 110 114 8
L 118 68 -27
L 119 70 -28
L 120 68 27
D 117 69 2 118 119 120 8
L 123 72 -23
L 124 74 -24
L 125 72 23
D 122 73 2 123 124 125 8
L 127 76 -30
L 128 78 -29
L 129 76 30
D 126 77 2 127 128 129 8
L 131 74 24
D 130 73 2 123 131 125 29
D 121 75 2 122 126 130 8
L 133 70 28
D 132 69 2 118 133 120 29
D 116 71 2 117 121 132 8
L 136 66 26
D 135 65 2 111 136 113 29
D 134 63 2 106 135 114 29
D 104 67 2 105 116 134 8
L 140 80 -46
L 141 82 -47
L 142 80 46
D 139 81 2 140 141 142 8
L 144 84 -48
L 146 86 50
L 147 88 -49
L 148 86 -50
D 145 87 2 146 147 148 8
L 149 84 48
D 143 85 2 144 145 149 8
L 151 82 47
D 150 81 2 140 151 142 29
D 138 83 2 139 143 150 8
L 155 90 -43
L 156 92 -44
L 157 90 43
D 154 91 2 155 156 157 8
L 159 94 -42
L 161 96 -45
L 162 98 -41
L 163 96 45
D 160 97 2 161 162 163 8
L 164 94 42
D 158 95 2 159 160 164 8
L 166 92 44
D 165 91 2 155 166 157 29
D 153 93 2 154 158 165 8
L 169 100 -57
L 171 102 -58
L 173 104 -60
L 174 106 -59
L 175 104 60
D 172 105 2 173 174 175 8
L 176 102 58
D 170 103 2 171 172 176 8
L 177 100 57
D 168 101 2 169 170 177 8
L 180 108 -53
L 182 110 -56
L 183 112 55
L 184 110 56
D 181 111 2 182 183 184 8
L 185 108 53
D 179 109 2 180 181 185 8
L 188 114 -51
L 190 116 -54
L 191 118 -52
L 192 116 54
D 189 117 2 190 191 192 8
L 193 114 51
D 187 115 2 188 189 193 8
L 196 120 -61
L 197 122 -62
L 198 120 61
D 195 121 2 196 197 198 8
L 201 124 -63
L 202 126 -64
L 203 124 63
D 200 125 2 201 202 203 8
L 205 128 -65
L 207 130 -66
L 209 132 -67
L 211 134 68
L 213 136 -69
L 214 138 -70
L 215 136 69
D 212 137 2 213 214 215 8
L 216 134 -68
D 210 135 2 211 212 216 8
L 217 132 67
D 208 133 2 209 210 217 8
L 218 130 66
D 206 131 2 207 208 218 8
L 219 128 65
D 204 129 2 205 206 219 8
L 221 126 64
D 220 125 2 201 221 203 29
D 199 127 2 200 204 220 8
L 223 122 62
D 222 121 2 196 223 198 29
D 194 123 2 195 199 222 8
L 226 118 52
D 225 117 2 190 226 192 29
D 224 115 2 188 225 193 29
D 186 119 2 187 194 224 8
L 229 112 -55
D 228 111 2 182 229 184 8
D 227 109 2 185 228 180 8
L 238 138 70
D 237 137 2 213 238 215 8
D 236 135 2 216 237 211 8
D 235 133 2 209 236 217 8
D 234 131 2 207 235 218 8
D 233 129 2 205 234 219 8
D 232 127 2 200 233 220 8
D 231 123 2 195 232 222 8
D 230 119 2 187 231 224 8
D 239 109 2 180 228 185 8
D 242 117 2 192 191 190 8
D 241 115 2 188 242 193 8
D 249 137 2 215 214 213 8
D 248 135 2 216 249 211 8
D 247 133 2 209 248 217 8
D 246 131 2 207 247 218 8
D 245 129 2 205 246 219 8
D 244 127 2 200 245 220 8
D 243 123 2 195 244 222 8
D 251 117 2 192 226 190 29
D 250 115 2 188 251 193 29
D 240 119 2 241 243 250 8
D 253 111 2 184 229 182 8
D 252 109 2 180 253 185 8
D 260 135 2 216 212 211 8
D 259 133 2 217 260 209 8
D 258 131 2 207 259 218 8
D 257 129 2 205 258 219 8
D 256 127 2 200 257 220 8
D 255 123 2 195 256 222 8
D 254 119 2 187 255 224 8
D 262 111 2 184 183 182 8
D 263 111 2 182 183 184 29
D 261 109 2 180 262 185 263
D 178 113 5 179 186 227 230 239 240 252 254 261 8
D 266 105 2 175 174 173 8
D 265 103 2 171 266 176 8
D 264 101 2 169 265 177 8
D 271 125 2 203 202 201 8
D 274 133 2 209 260 217 8
D 273 131 2 207 274 218 8
D 272 129 2 205 273 219 8
D 275 125 2 203 221 201 29
D 270 127 2 271 272 275 8
D 269 123 2 195 270 222 8
D 268 119 2 187 269 224 8
D 276 109 2 180 263 185 29
D 267 113 2 239 268 276 8
L 280 106 59
D 279 105 2 173 280 175 8
D 278 103 2 171 279 176 8
D 277 101 2 169 278 177 8
D 285 125 2 201 221 203 8
D 286 125 2 201 202 203 29
D 284 127 2 285 272 286 8
D 283 123 2 195 284 222 8
D 282 119 2 187 283 224 8
D 281 113 2 239 282 276 8
D 288 103 2 176 172 171 8
D 287 101 2 169 288 177 8
D 293 129 2 219 273 205 8
D 292 127 2 200 293 220 8
D 291 123 2 195 292 222 8
D 290 119 2 187 291 224 8
D 289 113 2 239 290 276 8
D 294 101 2 177 170 169 8
D 300 131 2 218 274 207 8
D 299 129 2 205 300 219 8
D 298 127 2 200 299 220 8
D 297 123 2 195 298 222 8
D 296 119 2 187 297 224 8
D 295 113 2 239 296 276 8
D 303 105 2 175 280 173 8
D 304 105 2 173 280 175 29
D 302 103 2 171 303 176 304
D 305 103 2 171 304 176 29
D 301 101 2 169 302 177 305
D 167 107 6 168 178 264 267 277 281 287 289 294 295 301 8
L 309 98 41
D 308 97 2 161 309 163 29
D 307 95 2 159 308 164 29
D 306 93 2 154 307 165 29
D 152 99 2 153 167 306 8
D 312 87 2 148 147 146 8
D 311 85 2 144 312 149 8
D 310 83 2 139 311 150 8
D 315 91 2 157 156 155 8
D 316 91 2 157 166 155 29
D 314 93 2 315 158 316 8
D 318 113 2 239 230 276 8
D 321 105 2 175 280 173 29
D 320 103 2 171 321 176 29
D 319 101 2 169 320 177 29
D 317 107 2 264 318 319 8
D 323 91 2 155 166 157 8
D 324 91 2 155 156 157 29
D 322 93 2 323 158 324 8
D 327 119 2 187 243 224 8
D 326 113 2 239 327 276 8
D 330 105 2 173 174 175 280
D 329 103 2 171 330 176 29
D 328 101 2 169 329 177 29
D 325 107 3 277 318 264 326 328 8
D 333 97 2 163 162 161 8
D 332 95 2 159 333 164 8
D 331 93 2 154 332 165 8
D 335 113 2 239 186 276 8
D 337 103 2 171 330 176 304
D 336 101 2 169 337 177 29
D 334 107 4 264 335 287 318 277 326 336 8
D 340 97 2 163 309 161 29
D 339 95 2 159 340 164 29
D 341 91 2 157 156 155 166
D 342 91 2 157 166 155 8
D 338 93 3 154 339 341 307 342 29
D 313 99 4 314 317 322 325 331 334 338 8
L 346 88 49
D 345 87 2 148 346 146 8
D 344 85 2 144 345 149 8
D 343 83 2 139 344 150 8
D 350 119 2 241 231 250 8
D 351 109 2 180 262 185 29
D 349 113 4 179 327 239 350 252 186 351 8
D 352 113 2 239 254 276 8
D 348 107 6 264 281 168 349 277 289 287 295 294 352 301 8
D 347 99 2 153 348 306 8
D 354 85 2 149 312 144 8
D 353 83 2 139 354 150 8
D 359 111 2 182 229 184 183
D 358 109 2 180 359 185 29
D 357 113 3 252 327 179 230 358 8
D 356 107 6 264 289 168 357 277 295 287 352 294 335 301 8
D 355 99 2 153 356 306 8
D 361 81 2 140 151 142 8
D 362 81 2 140 141 142 29
D 360 83 2 361 311 362 8
D 367 111 2 184 183 182 29
D 366 109 2 180 367 185 29
D 365 113 2 252 230 366 8
D 364 107 6 264 295 168 365 277 352 287 335 294 326 301 8
D 363 99 2 153 364 306 8
D 369 81 2 142 141 140 8
D 370 81 2 142 151 140 29
D 368 83 2 369 311 370 8
D 373 101 2 169 337 177 305
D 372 107 5 264 352 277 335 294 318 287 326 373 8
D 371 99 2 153 372 306 8
D 376 87 2 146 346 148 8
D 377 87 2 148 346 146 29
D 375 85 2 144 376 149 377
D 378 81 2 142 141 140 151
D 379 85 2 144 377 149 29
D 380 81 2 142 151 140 8
D 374 83 3 139 375 378 379 380 29
D 137 89 7 138 152 310 313 343 347 353 355 360 363 368 371 374 8
D 383 61 2 109 115 107 8
D 384 61 2 109 108 107 29
D 382 63 2 383 110 384 8
D 385 63 2 383 135 384 29
D 381 67 2 382 116 385 8
D 392 117 2 190 226 192 8
D 391 115 2 188 392 193 8
D 394 117 2 190 191 192 226
D 393 115 2 188 394 193 29
D 390 119 3 391 231 241 194 393 8
D 389 113 5 239 390 227 327 179 254 252 296 261 8
D 398 121 2 196 223 198 8
D 399 127 2 200 272 220 8
D 400 121 2 196 197 198 29
D 397 123 2 398 399 400 8
D 396 119 2 187 397 224 8
D 395 113 2 239 396 276 8
D 388 107 6 168 389 277 267 287 281 264 395 294 289 301 8
D 387 99 2 153 388 306 8
D 403 95 2 164 160 159 8
D 402 93 2 154 403 165 8
D 405 95 2 159 340 164 308
D 404 93 3 154 405 341 307 342 29
D 401 99 5 402 317 314 325 322 334 331 372 404 8
D 386 89 7 138 387 310 401 343 152 353 347 360 355 368 363 374 8
D 408 61 2 107 115 109 8
D 409 61 2 107 108 109 29
D 407 63 2 408 110 409 8
D 412 73 2 125 124 123 8
D 413 73 2 125 131 123 29
D 411 75 2 412 126 413 8
D 410 71 2 117 411 132 8
D 414 63 2 408 135 409 29
D 406 67 2 407 410 414 8
D 419 97 2 161 309 163 8
D 418 95 2 159 419 164 8
D 417 93 2 154 418 165 8
D 422 97 2 161 162 163 309
D 421 95 2 159 422 164 308
D 420 93 3 154 421 341 307 342 29
D 416 99 6 417 317 402 325 314 334 322 372 331 364 420 8
D 427 115 2 193 189 188 8
D 428 115 2 188 394 193 225
D 426 119 4 427 231 391 243 241 255 428 8
D 425 113 5 239 426 227 186 179 296 252 290 261 8
D 432 121 2 198 197 196 8
D 433 121 2 198 223 196 29
D 431 123 2 432 399 433 8
D 430 119 2 187 431 224 8
D 429 113 2 239 430 276 8
D 424 107 6 168 425 287 267 294 281 277 395 264 429 301 8
D 423 99 2 153 424 306 8
D 415 89 7 310 416 138 423 343 387 353 152 360 347 368 355 374 8
D 437 73 2 123 131 125 8
D 438 73 2 123 124 125 29
D 436 75 2 437 126 438 8
D 435 71 2 117 436 132 8
D 434 67 2 407 435 414 8
D 440 99 6 417 325 402 334 314 372 322 364 331 356 420 8
D 444 119 4 427 243 391 194 241 297 428 8
D 443 113 5 239 444 227 254 179 290 252 282 261 8
D 446 103 2 176 304 171 175
D 445 101 2 169 446 177 305
D 442 107 5 294 267 168 443 287 395 277 429 445 8
D 441 99 2 153 442 306 8
D 439 89 7 310 440 343 423 138 441 353 387 360 152 368 347 374 8
D 449 65 2 113 112 111 8
D 448 63 2 408 449 409 8
D 451 65 2 113 136 111 29
D 450 63 2 408 451 409 29
D 447 67 2 448 116 450 8
D 453 99 6 417 334 402 372 314 364 322 356 331 348 420 8
D 457 119 4 427 194 391 255 241 291 428 8
D 456 113 5 239 457 227 296 179 282 252 268 261 8
D 458 101 2 177 305 169 304
D 455 107 4 294 395 168 456 287 429 458 8
D 454 99 2 153 455 306 8
D 452 89 7 310 453 353 423 343 441 138 454 360 387 368 152 374 8
D 461 65 2 111 136 113 8
D 460 63 2 408 461 409 8
D 463 65 2 111 112 113 29
D 462 63 2 408 463 409 29
D 459 67 2 460 116 462 8
D 465 99 6 417 372 402 364 314 356 322 348 331 167 420 8
D 469 119 4 427 255 391 297 241 283 428 8
D 468 113 5 239 469 227 290 179 268 252 396 261 8
D 467 107 3 294 429 168 468 305 8
D 466 99 2 153 467 306 8
D 464 89 7 310 465 360 423 353 441 343 454 138 466 368 387 374 8
D 472 69 2 120 119 118 8
D 473 69 2 120 133 118 29
D 471 71 2 472 121 473 8
D 470 67 2 407 471 414 8
D 475 99 6 417 364 402 356 314 348 322 167 331 388 420 8
D 479 119 4 427 297 391 291 241 269 428 8
D 478 113 5 239 479 227 282 179 396 252 430 261 8
D 480 101 2 169 305 177 29
D 477 107 2 168 478 480 8
D 476 99 2 153 477 306 8
D 474 89 7 368 423 310 475 360 441 353 454 343 466 138 476 374 8
D 483 69 2 118 133 120 8
D 484 69 2 118 119 120 29
D 482 71 2 483 121 484 8
D 481 67 2 407 482 414 8
D 486 99 6 417 356 402 348 314 167 322 388 331 424 420 8
D 490 119 4 427 291 391 283 241 397 428 8
D 491 109 2 185 263 180 184
D 489 113 4 239 490 227 268 179 430 491 8
D 488 107 2 168 489 480 8
D 487 99 2 153 488 306 8
D 485 89 7 368 441 310 486 360 454 353 466 343 476 138 487 374 8
L 496 78 29
D 495 77 2 127 496 129 8
D 494 75 2 122 495 130 8
D 493 71 2 117 494 132 8
D 492 67 2 407 493 414 8
D 498 99 6 417 348 402 167 314 388 322 424 331 442 420 8
D 502 119 4 427 283 391 269 241 431 428 8
D 501 113 3 239 502 227 396 263 8
D 500 107 2 168 501 480 8
D 499 99 2 153 500 306 8
D 497 89 7 368 454 310 498 360 466 353 476 343 487 138 499 374 8
D 506 77 2 129 128 127 8
D 505 75 2 122 506 130 8
D 504 71 2 117 505 132 8
D 503 67 2 407 504 414 8
D 508 99 6 417 167 402 388 314 424 322 442 331 455 420 8
D 514 117 2 190 191 192 29
D 513 115 2 188 514 193 225
D 512 119 3 427 269 391 397 513 8
D 511 113 3 239 512 227 430 263 8
D 510 107 2 168 511 480 8
D 509 99 2 153 510 306 8
D 507 89 7 368 466 310 508 360 476 353 487 343 499 138 509 374 8
D 517 65 2 113 112 111 136
D 518 61 2 109 115 107 108
D 519 61 2 109 108 107 8
D 516 63 3 408 517 518 110 519 8
D 522 77 2 127 496 129 29
D 521 75 2 122 522 130 29
D 520 71 2 117 521 132 29
D 524 69 2 120 119 118 133
D 526 73 2 125 124 123 131
D 527 77 2 127 128 129 496
D 528 73 2 125 131 123 8
D 525 75 3 526 522 122 527 528 29
D 529 69 2 120 133 118 8
D 523 71 3 524 521 117 525 529 29
D 531 65 2 113 136 111 8
D 530 63 3 408 531 518 135 519 29
D 515 67 3 516 520 407 523 530 29
D 103 79 11 104 137 381 386 406 415 434 439 447 452 459 464 470 474 481 485 492 497 503 507 515 8
D 534 45 2 79 78 77 8
D 533 43 2 72 534 80 8
D 537 53 2 91 90 89 8
D 538 53 2 91 97 89 29
D 536 55 2 537 92 538 8
D 535 51 2 83 536 98 8
D 540 45 2 79 102 77 29
D 539 43 2 72 540 80 29
D 532 47 2 533 535 539 8
D 543 99 6 417 388 402 424 314 442 322 455 331 467 420 8
D 547 119 3 427 397 391 431 513 8
D 546 113 2 239 547 276 8
D 545 107 2 168 546 480 8
D 544 99 2 153 545 306 8
D 542 89 7 368 476 310 543 360 487 353 499 343 509 138 544 374 8
D 541 79 11 104 386 381 415 406 439 434 452 447 464 459 474 470 485 481 497 492 507 503 542 515 8
D 550 45 2 77 102 79 8
D 549 43 2 72 550 80 8
D 552 45 2 77 78 79 29
D 551 43 2 72 552 80 29
D 548 47 2 549 535 551 8
D 555 99 6 417 424 402 442 314 455 322 467 331 477 420 8
D 560 115 2 193 225 188 29
D 559 119 2 427 431 560 8
D 558 113 2 239 559 276 8
D 557 107 2 168 558 480 8
D 556 99 2 153 557 306 8
D 554 89 7 368 487 310 555 360 499 353 509 343 544 138 556 374 8
D 553 79 11 104 415 381 439 406 452 434 464 447 474 459 485 470 497 481 507 492 542 503 554 515 8
D 563 41 2 75 74 73 8
D 564 41 2 75 81 73 29
D 562 43 2 563 76 564 8
D 565 43 2 563 101 564 29
D 561 47 2 562 535 565 8
D 568 99 6 417 442 402 455 314 467 322 477 331 488 420 8
D 570 85 2 149 377 144 146
D 569 83 3 139 570 378 379 380 29
D 567 89 6 368 499 310 568 360 509 353 544 343 556 569 8
D 566 79 11 104 439 381 452 406 464 434 474 447 485 459 497 470 507 481 542 492 554 503 567 515 8
D 573 41 2 73 81 75 8
D 574 41 2 73 74 75 29
D 572 43 2 573 76 574 8
D 575 43 2 573 101 574 29
D 571 47 2 572 535 575 8
D 578 99 6 417 455 402 467 314 477 322 488 331 500 420 8
D 579 83 3 378 379 139 377 380 29
D 577 89 5 368 509 310 578 360 544 353 556 579 8
D 576 79 11 104 452 381 464 406 474 434 485 447 497 459 507 470 542 481 554 492 567 503 577 515 8
D 583 53 2 91 97 89 8
D 584 53 2 91 90 89 29
D 582 55 2 583 92 584 8
D 581 51 2 83 582 98 8
D 580 47 2 71 581 100 8
D 587 99 6 417 467 402 477 314 488 322 500 331 510 420 8
D 589 81 2 142 141 140 29
D 588 83 2 589 379 380 29
D 586 89 4 368 544 310 587 360 556 588 8
D 585 79 11 104 464 381 474 406 485 434 497 447 507 459 542 470 554 481 567 492 577 503 586 515 8
D 592 49 2 86 85 84 8
D 593 49 2 86 99 84 29
D 591 51 2 592 536 593 8
D 590 47 2 71 591 100 8
D 596 99 6 417 477 402 488 314 500 322 510 331 545 420 8
D 597 83 2 141 379 151 29
D 595 89 3 368 556 310 596 597 8
D 594 79 11 104 474 381 485 406 497 434 507 447 542 459 554 470 567 481 577 492 586 503 595 515 8
D 600 49 2 84 99 86 8
D 601 49 2 84 85 86 29
D 599 51 2 600 536 601 8
D 598 47 2 71 599 100 8
D 604 99 6 417 488 402 500 314 510 322 545 331 557 420 8
D 605 83 2 139 379 150 29
D 603 89 2 310 604 605 8
D 602 79 11 104 485 381 497 406 507 434 542 447 554 459 567 470 577 481 586 492 595 503 603 515 8
D 609 57 2 95 94 93 8
D 608 55 2 537 609 538 8
D 607 51 2 83 608 98 8
D 606 47 2 71 607 100 8
D 615 97 2 161 162 163 29
D 614 95 2 164 308 159 615
D 613 93 3 154 614 341 307 342 29
D 612 99 5 417 500 402 510 314 545 322 557 613 8
D 611 89 2 310 612 605 8
D 610 79 11 104 497 381 507 406 542 434 554 447 567 459 577 470 586 481 595 492 603 503 611 515 8
L 620 58 40
D 619 57 2 93 620 95 8
D 618 55 2 537 619 538 8
D 617 51 2 83 618 98 8
D 616 47 2 71 617 100 8
D 624 93 3 154 614 315 307 166 29
D 623 99 4 417 510 402 545 314 557 624 8
D 622 89 2 310 623 605 8
D 621 79 11 104 507 381 542 406 554 434 567 447 577 459 586 470 595 481 603 492 611 503 622 515 8
D 627 45 2 79 78 77 102
D 628 41 2 75 74 73 81
D 629 41 2 75 81 73 8
D 626 43 3 72 627 628 76 629 8
D 632 57 2 93 620 95 29
D 631 55 2 537 632 538 29
D 630 51 2 83 631 98 29
D 634 49 2 86 85 84 99
D 636 53 2 89 90 91 97
D 637 57 2 93 94 95 620
D 638 53 2 89 97 91 8
D 635 55 3 636 632 537 637 638 29
D 639 49 2 86 99 84 8
D 633 51 3 634 631 83 635 639 29
D 641 45 2 79 102 77 8
D 640 43 3 72 641 628 101 629 29
D 625 47 3 626 630 71 633 640 29
D 69 59 11 70 103 532 541 548 553 561 566 571 576 580 585 590 594 598 602 606 610 616 621 625 8
D 644 29 2 50 65 52 8
D 646 33 2 57 56 55 8
D 647 33 2 57 63 55 29
D 645 35 2 646 58 647 8
D 648 29 2 50 51 52 29
D 643 31 2 644 645 648 8
D 642 27 2 37 643 66 8
D 653 93 2 154 614 165 29
D 652 99 3 417 545 402 557 653 8
D 651 89 2 310 652 605 8
D 650 79 11 104 542 381 554 406 567 434 577 447 586 459 595 470 603 481 611 492 622 503 651 515 8
D 649 59 11 70 541 532 553 548 566 561 576 571 585 580 594 590 602 598 610 606 621 616 650 625 8
D 656 29 2 52 51 50 8
D 657 29 2 52 65 50 29
D 655 31 2 656 645 657 8
D 654 27 2 37 655 66 8
D 663 95 2 159 615 164 29
D 662 93 2 154 663 165 29
D 661 99 2 417 557 662 8
D 660 89 2 310 661 605 8
D 659 79 11 104 554 381 567 406 577 434 586 447 595 459 603 470 611 481 622 492 651 503 660 515 8
D 658 59 11 70 553 532 566 548 576 561 585 571 594 580 602 590 610 598 621 606 650 616 659 625 8
D 666 21 2 41 40 39 8
D 667 21 2 41 47 39 29
D 665 23 2 666 42 667 8
D 668 31 2 49 645 64 8
D 669 23 2 666 67 667 29
D 664 27 2 665 668 669 8
D 675 77 2 127 128 129 29
D 674 75 3 122 675 526 522 528 29
D 673 71 3 117 674 524 521 529 29
D 672 67 3 407 673 516 520 530 29
D 671 79 10 104 567 381 577 406 586 434 595 447 603 459 611 470 622 481 651 492 660 672 8
D 670 59 11 70 566 532 576 548 585 561 594 571 602 580 610 590 621 598 650 606 659 616 671 625 8
D 678 21 2 39 47 41 8
D 679 21 2 39 40 41 29
D 677 23 2 678 42 679 8
D 680 23 2 678 67 679 29
D 676 27 2 677 668 680 8
D 686 73 2 123 124 125 131
D 685 75 2 526 522 686 29
D 684 71 3 117 685 524 521 529 29
D 683 67 3 407 684 516 520 530 29
D 682 79 9 104 577 381 586 406 595 434 603 447 611 459 622 470 651 481 660 683 8
D 681 59 11 70 576 532 585 548 594 561 602 571 610 580 621 590 650 598 659 606 671 616 682 625 8
D 689 25 2 45 44 43 8
D 688 23 2 38 689 46 8
D 691 25 2 45 68 43 29
D 690 23 2 38 691 46 29
D 687 27 2 688 668 690 8
D 695 71 3 117 685 472 521 133 29
D 694 67 3 407 695 516 520 530 29
D 693 79 8 104 586 381 595 406 603 434 611 447 622 459 651 470 660 694 8
D 692 59 11 70 585 532 594 548 602 561 610 571 621 580 650 590 659 598 671 606 682 616 693 625 8
D 698 25 2 43 68 45 8
D 697 23 2 38 698 46 8
D 700 25 2 43 44 45 29
D 699 23 2 38 700 46 29
D 696 27 2 697 668 699 8
D 704 71 2 117 685 132 29
D 703 67 3 407 704 516 520 530 29
D 702 79 7 104 595 381 603 406 611 434 622 447 651 459 660 703 8
D 701 59 11 70 594 532 602 548 610 561 621 571 650 580 659 590 671 598 682 606 693 616 702 625 8
D 708 33 2 57 63 55 8
D 709 33 2 57 56 55 29
D 707 35 2 708 58 709 8
D 706 31 2 49 707 64 8
D 705 27 2 37 706 66 8
D 713 63 3 408 449 518 110 519 8
D 714 63 3 518 135 408 136 519 29
D 712 67 3 407 704 713 520 714 29
D 711 79 6 104 603 381 611 406 622 434 651 447 660 712 8
D 710 59 11 70 602 532 610 548 621 561 650 571 659 580 671 590 682 598 693 606 702 616 711 625 8
L 719 38 19
D 718 37 2 59 719 61 8
D 717 35 2 646 718 647 8
D 716 31 2 49 717 64 8
D 715 27 2 37 716 66 8
D 724 61 2 107 115 109 108
D 723 63 2 518 110 724 8
D 726 61 2 109 115 107 29
D 725 63 2 726 135 519 29
D 722 67 3 407 704 723 520 725 29
D 721 79 5 104 611 381 622 406 651 434 660 722 8
D 720 59 11 70 610 532 621 548 650 561 659 571 671 580 682 590 693 598 702 606 711 616 721 625 8
D 730 37 2 61 60 59 8
D 729 35 2 646 730 647 8
D 728 31 2 49 729 64 8
D 727 27 2 37 728 66 8
D 735 75 2 412 522 413 29
D 734 71 2 117 735 132 29
D 733 67 3 407 734 723 520 725 29
D 732 79 4 104 622 381 651 406 660 733 8
D 731 59 11 70 621 532 650 548 659 561 671 571 682 580 693 590 702 598 711 606 721 616 732 625 8
D 738 25 2 45 44 43 68
D 739 21 2 41 40 39 47
D 740 21 2 41 47 39 8
D 737 23 3 38 738 739 42 740 8
D 743 37 2 59 719 61 29
D 742 35 2 646 743 647 29
D 741 31 2 49 742 64 29
D 745 29 2 52 51 50 65
D 747 33 2 55 56 57 63
D 748 37 2 59 60 61 719
D 749 33 2 55 63 57 8
D 746 35 3 747 743 646 748 749 29
D 750 29 2 52 65 50 8
D 744 31 3 745 742 49 746 750 29
D 752 25 2 45 68 43 8
D 751 23 3 38 752 739 67 740 29
D 736 27 3 737 741 37 744 751 29
D 35 39 11 36 69 642 649 654 658 664 670 676 681 687 692 696 701 705 710 715 720 727 731 736 8
D 755 3 2 5 34 7 8
D 754 1 2 3 755 9 8
D 758 11 2 17 28 19 8
D 759 11 2 17 18 19 29
D 757 13 2 758 20 759 8
D 756 9 2 11 757 30 8
D 761 3 2 5 6 7 29
D 760 1 2 3 761 9 29
D 753 5 2 754 756 760 8
D 766 63 2 518 135 724 29
D 765 67 2 723 520 766 29
D 764 79 3 104 651 381 660 765 8
D 763 59 11 70 650 532 659 548 671 561 682 571 693 580 702 590 711 598 721 606 732 616 764 625 8
D 762 39 11 36 649 642 658 654 670 664 681 676 692 687 701 696 710 705 720 715 731 727 763 736 8
D 768 1 2 9 4 3 8
D 769 1 2 9 33 3 29
D 767 5 2 768 756 769 8
D 773 67 2 105 520 134 29
D 772 79 2 104 660 773 8
D 771 59 11 70 659 532 671 548 682 561 693 571 702 580 711 590 721 598 732 606 764 616 772 625 8
D 770 39 11 36 658 642 670 654 681 664 692 676 701 687 710 696 720 705 731 715 763 727 771 736 8
D 776 3 2 7 6 5 8
D 775 1 2 3 776 9 8
D 778 3 2 7 34 5 29
D 777 1 2 3 778 9 29
D 774 5 2 775 756 777 8
D 784 57 2 95 620 93 29
D 783 55 3 537 784 636 632 638 29
D 782 51 3 83 783 634 631 639 29
D 781 47 3 71 782 626 630 640 29
D 780 59 10 70 671 532 682 548 693 561 702 571 711 580 721 590 732 598 764 606 772 781 8
D 779 39 11 36 670 642 681 654 692 664 701 676 710 687 720 696 731 705 763 715 771 727 780 736 8
D 788 11 2 19 28 17 8
D 789 11 2 19 18 17 29
D 787 13 2 788 20 789 8
D 786 9 2 11 787 30 8
D 785 5 2 2 786 32 8
D 795 53 2 91 90 89 97
D 794 55 2 636 632 795 29
D 793 51 3 83 794 634 631 639 29
D 792 47 3 71 793 626 630 640 29
D 791 59 9 70 682 532 693 548 702 561 711 571 721 580 732 590 764 598 772 792 8
D 790 39 11 36 681 642 692 654 701 664 710 676 720 687 731 696 763 705 771 715 780 727 791 736 8
D 798 7 2 14 13 12 8
D 799 7 2 14 31 12 29
D 797 9 2 798 757 799 8
D 796 5 2 2 797 32 8
D 803 51 3 83 794 592 631 99 29
D 802 47 3 71 803 626 630 640 29
D 801 59 8 70 693 532 702 548 711 561 721 571 732 580 764 590 772 802 8
D 800 39 11 36 692 642 701 654 710 664 720 676 731 687 763 696 771 705 780 715 791 727 801 736 8
D 806 7 2 12 31 14 8
D 807 7 2 12 13 14 29
D 805 9 2 806 757 807 8
D 804 5 2 2 805 32 8
D 811 51 2 83 794 98 29
D 810 47 3 71 811 626 630 640 29
D 809 59 7 70 702 532 711 548 721 561 732 571 764 580 772 810 8
D 808 39 11 36 701 642 710 654 720 664 731 676 763 687 771 696 780 705 791 715 801 727 809 736 8
D 815 15 2 26 22 21 8
D 814 13 2 758 815 759 8
D 813 9 2 11 814 30 8
D 812 5 2 2 813 32 8
D 820 55 2 88 632 96 29
D 819 51 2 83 820 98 29
D 818 47 3 71 819 626 630 640 29
D 817 59 6 70 711 532 721 548 732 561 764 571 772 818 8
D 816 39 11 36 710 642 720 654 731 664 763 676 771 687 780 696 791 705 801 715 809 727 817 736 8
D 825 17 2 25 24 23 8
D 824 15 2 21 825 26 8
D 823 13 2 758 824 759 8
D 822 9 2 11 823 30 8
D 821 5 2 2 822 32 8
D 829 43 3 72 627 563 76 81 8
D 830 43 3 72 641 563 101 81 29
D 828 47 3 71 819 829 630 830 29
D 827 59 5 70 721 532 732 548 764 561 772 828 8
D 826 39 11 36 720 642 731 654 763 664 771 676 780 687 791 696 801 705 809 715 817 727 827 736 8
L 836 18 10
D 835 17 2 23 836 25 8
D 834 15 2 21 835 26 8
D 833 13 2 758 834 759 8
D 832 9 2 11 833 30 8
D 831 5 2 2 832 32 8
D 840 43 2 72 627 80 8
D 841 43 2 72 641 80 29
D 839 47 3 71 819 840 630 841 29
D 838 59 4 70 732 532 764 548 772 839 8
D 837 39 11 36 731 642 763 654 771 664 780 676 791 687 801 696 809 705 817 715 827 727 838 736 8
D 846 17 2 23 24 25 836
D 847 17 2 23 836 25 29
D 845 15 2 21 846 26 847
D 848 11 2 19 28 17 18
D 849 15 2 21 847 26 29
D 850 11 2 19 18 17 8
D 844 13 3 758 845 848 849 850 29
D 851 7 2 14 13 12 31
D 852 13 2 758 849 759 29
D 853 7 2 14 31 12 8
D 843 9 3 11 844 851 852 853 29
D 855 3 2 7 6 5 34
D 854 1 2 3 855 9 4
D 856 9 2 11 852 30 29
D 858 3 2 7 34 5 8
D 857 1 2 3 858 9 33
D 842 5 3 2 843 854 856 857 29
D 0 19 11 1 35 753 762 767 770 774 779 785 790 796 800 804 808 812 816 821 826 831 837 842 8
