c ids of sdd nodes start at 0
c sdd nodes appear bottom-up, children before parents
c
c file syntax:
c sdd count-of-sdd-nodes
c F id-of-false-sdd-node
c T id-of-true-sdd-node
c L id-of-literal-sdd-node id-of-vtree literal
c D id-of-decomposition-sdd-node id-of-vtree number-of-elements {id-of-prime id-of-sub}*
c
sdd 861
L 3 0 -3
L 5 2 -4
L 6 4 -2
L 7 2 4
F 8
D 4 3 2 5 6 7 8
L 9 0 3
D 2 1 2 3 4 9 8
L 12 6 -6
L 13 8 -7
L 14 6 6
D 11 7 2 12 13 14 8
L 17 10 -5
L 18 12 1
L 19 10 5
D 16 11 2 17 18 19 8
L 21 14 -8
L 23 16 -9
L 24 18 -10
L 25 16 9
D 22 17 2 23 24 25 8
L 26 14 8
D 20 15 2 21 22 26 8
L 28 12 -1
T 29
D 27 11 2 17 28 19 29
D 15 13 2 16 20 27 8
L 31 8 7
D 30 7 2 12 31 14 29
D 10 9 2 11 15 30 8
L 34 4 2
D 33 3 2 5 34 7 29
D 32 1 2 3 33 9 29
D 1 5 2 2 10 32 8
L 39 20 -14
L 40 22 -15
L 41 20 14
D 38 21 2 39 40 41 8
L 43 24 -16
L 44 26 -17
L 45 24 16
D 42 25 2 43 44 45 8
L 47 22 15
D 46 21 2 39 47 41 29
D 37 23 2 38 42 46 8
L 50 28 -13
L 51 30 -12
L 52 28 13
D 49 29 2 50 51 52 8
L 55 32 11
L 56 34 -18
L 57 32 -11
D 54 33 2 55 56 57 8
L 59 36 -20
L 60 38 -19
L 61 36 20
D 58 37 2 59 60 61 8
L 63 34 18
D 62 33 2 55 63 57 29
D 53 35 2 54 58 62 8
L 65 30 12
D 64 29 2 50 65 52 29
D 48 31 2 49 53 64 8
L 68 26 17
D 67 25 2 43 68 45 29
D 66 23 2 38 67 46 29
D 36 27 2 37 48 66 8
L 73 40 -34
L 74 42 -35
L 75 40 34
D 72 41 2 73 74 75 8
L 77 44 -32
L 78 46 -33
L 79 44 32
D 76 45 2 77 78 79 8
L 81 42 35
D 80 41 2 73 81 75 29
D 71 43 2 72 76 80 8
L 84 48 -37
L 85 50 -38
L 86 48 37
D 83 49 2 84 85 86 8
L 89 52 31
L 90 54 -36
L 91 52 -31
D 88 53 2 89 90 91 8
L 93 56 -39
L 94 58 -40
L 95 56 39
D 92 57 2 93 94 95 8
L 97 54 36
D 96 53 2 89 97 91 29
D 87 55 2 88 92 96 8
L 99 50 38
D 98 49 2 84 99 86 29
D 82 51 2 83 87 98 8
L 102 46 33
D 101 45 2 77 102 79 29
D 100 43 2 72 101 80 29
D 70 47 2 71 82 100 8
L 107 60 -22
L 108 62 21
L 109 60 22
D 106 61 2 107 108 109 8
L 111 64 -25
L 112 66 -26
L 113 64 25
D 110 65 2 111 112 113 8
L 115 62 -21
D 114 61 2 107 115 109 29
D 105 63 2 106 110 114 8
L 118 68 -27
L 119 70 -28
L 120 68 27
D 117 69 2 118 119 120 8
L 123 72 -23
L 124 74 -24
L 125 72 23
D 122 73 2 123 124 125 8
L 127 76 -30
L 128 78 -29
L 129 76 30
D 126 77 2 127 128 129 8
L 131 74 24
D 130 73 2 123 131 125 29
D 121 75 2 122 126 130 8
L 133 70 28
D 132 69 2 118 133 120 29
D 116 71 2 117 121 132 8
L 136 66 26
D 135 65 2 111 136 113 29
D 134 63 2 106 135 114 29
D 104 67 2 105 116 134 8
L 140 80 -46
L 141 82 -47
L 142 80 46
D 139 81 2 140 141 142 8
L 144 84 -48
L 146 86 50
L 147 88 -49
L 148 86 -50
D 145 87 2 146 147 148 8
L 149 84 48
D 143 85 2 144 145 149 8
L 151 82 47
D 150 81 2 140 151 142 29
D 138 83 2 139 143 150 8
L 155 90 -43
L 156 92 -44
L 157 90 43
D 154 91 2 155 156 157 8
L 159 94 -42
L 161 96 -45
L 162 98 -41
L 163 96 45
D 160 97 2 161 162 163 8
L 164 94 42
D 158 95 2 159 160 164 8
L 166 92 44
D 165 91 2 155 166 157 29
D 153 93 2 154 158 165 8
L 169 100 -57
L 171 102 -58
L 173 104 60
L 174 106 -59
L 175 104 -60
D 172 105 2 173 174 175 8
L 176 102 58
D 170 103 2 171 172 176 8
L 177 100 57
D 168 101 2 169 170 177 8
L 180 108 -53
L 182 110 -56
L 183 112 -55
L 184 110 56
D 181 111 2 182 183 184 8
L 185 108 53
D 179 109 2 180 181 185 8
L 188 114 -51
L 190 116 -54
L 191 118 -52
L 192 116 54
D 189 117 2 190 191 192 8
L 193 114 51
D 187 115 2 188 189 193 8
L 196 120 -61
L 197 122 -62
L 198 120 61
D 195 121 2 196 197 198 8
L 201 124 -63
L 202 126 64
L 203 124 63
D 200 125 2 201 202 203 8
L 205 128 -65
L 207 130 -66
L 209 132 -67
L 211 134 -68
L 213 136 -69
L 214 138 -70
L 215 136 69
D 212 137 2 213 214 215 8
L 216 134 68
D 210 135 2 211 212 216 8
L 217 132 67
D 208 133 2 209 210 217 8
L 218 130 66
D 206 131 2 207 208 218 8
L 219 128 65
D 204 129 2 205 206 219 8
L 221 126 -64
D 220 125 2 201 221 203 29
D 199 127 2 200 204 220 8
L 223 122 62
D 222 121 2 196 223 198 29
D 194 123 2 195 199 222 8
L 226 118 52
D 225 117 2 190 226 192 29
D 224 115 2 188 225 193 29
D 186 119 2 187 194 224 8
L 229 112 55
D 228 111 2 182 229 184 29
D 227 109 2 180 228 185 29
D 178 113 2 179 186 227 8
D 232 105 2 175 174 173 8
D 231 103 2 171 232 176 8
D 230 101 2 169 231 177 8
D 235 111 2 182 229 184 8
D 234 109 2 180 235 185 8
D 239 125 2 201 221 203 8
D 244 137 2 215 214 213 8
D 243 135 2 211 244 216 8
D 242 133 2 209 243 217 8
D 241 131 2 207 242 218 8
D 240 129 2 205 241 219 8
D 245 125 2 201 202 203 29
D 238 127 2 239 240 245 8
D 237 123 2 195 238 222 8
D 236 119 2 187 237 224 8
D 248 117 2 192 191 190 8
D 247 115 2 188 248 193 8
L 256 138 70
D 255 137 2 213 256 215 8
D 254 135 2 211 255 216 8
D 253 133 2 209 254 217 8
D 252 131 2 207 253 218 8
D 251 129 2 205 252 219 8
D 250 127 2 239 251 245 8
D 249 123 2 195 250 222 8
D 258 117 2 192 226 190 29
D 257 115 2 188 258 193 29
D 246 119 2 247 249 257 8
D 260 111 2 184 183 182 8
D 259 109 2 180 260 185 8
D 267 135 2 216 212 211 8
D 266 133 2 209 267 217 8
D 265 131 2 207 266 218 8
D 264 129 2 205 265 219 8
D 263 127 2 239 264 245 8
D 262 123 2 195 263 222 8
D 261 119 2 187 262 224 8
D 269 111 2 184 229 182 8
D 268 109 2 180 269 185 29
D 233 113 4 234 236 179 246 259 261 268 8
L 273 106 59
D 272 105 2 175 273 173 8
D 271 103 2 171 272 176 8
D 270 101 2 169 271 177 8
D 278 129 2 219 206 205 8
D 277 127 2 239 278 245 8
D 276 123 2 195 277 222 8
D 275 119 2 187 276 224 8
D 274 113 2 179 275 227 8
D 280 103 2 176 232 171 8
D 279 101 2 169 280 177 8
D 286 131 2 218 208 207 8
D 285 129 2 205 286 219 8
D 284 127 2 239 285 245 8
D 283 123 2 195 284 222 8
D 282 119 2 187 283 224 8
D 281 113 2 179 282 227 8
D 287 101 2 177 231 169 8
D 294 133 2 217 210 209 8
D 293 131 2 207 294 218 8
D 292 129 2 205 293 219 8
D 291 127 2 239 292 245 8
D 290 123 2 195 291 222 8
D 289 119 2 187 290 224 8
D 288 113 2 179 289 227 8
D 297 105 2 173 273 175 8
D 298 105 2 175 273 173 29
D 296 103 2 171 297 176 298
D 299 103 2 171 298 176 29
D 295 101 2 169 296 177 299
D 167 107 6 168 178 230 233 270 274 279 281 287 288 295 8
L 303 98 41
D 302 97 2 161 303 163 29
D 301 95 2 159 302 164 29
D 300 93 2 154 301 165 29
D 152 99 2 153 167 300 8
D 306 87 2 148 147 146 8
D 305 85 2 144 306 149 8
D 304 83 2 139 305 150 8
D 309 91 2 155 166 157 8
D 310 91 2 155 156 157 29
D 308 93 2 309 158 310 8
D 313 119 2 187 249 224 8
D 312 113 2 179 313 227 8
D 316 105 2 173 273 175 29
D 315 103 2 171 316 176 29
D 314 101 2 169 315 177 29
D 311 107 2 168 312 314 8
D 319 97 2 163 162 161 8
D 318 95 2 159 319 164 8
D 317 93 2 154 318 165 8
D 321 113 2 179 236 227 8
D 324 105 2 175 174 173 273
D 323 103 2 171 324 176 29
D 322 101 2 169 323 177 29
D 320 107 3 270 312 168 321 322 8
D 327 97 2 163 303 161 29
D 326 95 2 159 327 164 29
D 325 93 3 154 326 309 301 157 29
D 307 99 3 308 311 317 320 325 8
L 331 88 49
D 330 87 2 148 331 146 8
D 329 85 2 144 330 149 8
D 328 83 2 139 329 150 8
D 336 111 2 182 183 184 229
D 335 109 2 180 336 185 29
D 334 113 3 259 236 234 313 335 8
D 337 113 2 179 261 227 8
D 333 107 6 168 274 230 334 270 281 279 288 287 337 295 8
D 332 99 2 153 333 300 8
D 339 85 2 149 306 144 8
D 338 83 2 139 339 150 8
D 344 111 2 184 229 182 29
D 343 109 2 180 344 185 29
D 342 113 2 259 313 343 8
D 341 107 6 168 281 230 342 270 288 279 337 287 321 295 8
D 340 99 2 153 341 300 8
D 346 81 2 140 151 142 8
D 347 81 2 140 141 142 29
D 345 83 2 346 305 347 8
D 351 103 2 171 324 176 298
D 350 101 2 169 351 177 299
D 349 107 5 168 288 270 337 287 312 279 321 350 8
D 348 99 2 153 349 300 8
D 353 81 2 142 141 140 8
D 354 81 2 142 151 140 29
D 352 83 2 353 305 354 8
D 357 101 2 169 351 177 29
D 356 107 4 168 337 279 312 270 321 357 8
D 355 99 2 153 356 300 8
D 360 87 2 146 331 148 8
D 361 87 2 148 331 146 29
D 359 85 2 144 360 149 361
D 362 81 2 142 141 140 151
D 363 85 2 144 361 149 29
D 364 81 2 142 151 140 8
D 358 83 3 139 359 362 363 364 29
D 137 89 7 138 152 304 307 328 332 338 340 345 348 352 355 358 8
D 367 61 2 109 115 107 8
D 368 61 2 109 108 107 29
D 366 63 2 367 110 368 8
D 369 63 2 367 135 368 29
D 365 67 2 366 116 369 8
D 374 109 2 185 181 180 8
D 375 119 2 247 237 257 8
D 376 109 2 180 269 185 228
D 373 113 5 234 261 374 313 179 375 259 289 376 8
D 381 125 2 203 221 201 8
D 382 125 2 203 202 201 29
D 380 127 2 381 204 382 8
D 379 123 2 195 380 222 8
D 378 119 2 187 379 224 8
D 377 113 2 179 378 227 8
D 372 107 6 230 373 168 377 270 178 279 274 287 281 295 8
D 371 99 2 153 372 300 8
D 385 91 2 157 156 155 8
D 386 91 2 157 166 155 29
D 384 93 2 385 158 386 8
D 388 91 2 157 156 155 166
D 389 91 2 157 166 155 8
D 387 93 3 154 326 388 301 389 29
D 383 99 4 384 311 308 320 317 356 387 8
D 370 89 7 138 371 304 383 328 152 338 332 345 340 352 348 358 8
D 392 61 2 107 115 109 8
D 393 61 2 107 108 109 29
D 391 63 2 392 110 393 8
D 396 73 2 125 124 123 8
D 397 73 2 125 131 123 29
D 395 75 2 396 126 397 8
D 394 71 2 117 395 132 8
D 398 63 2 392 135 393 29
D 390 67 2 391 394 398 8
D 405 117 2 190 226 192 8
D 404 115 2 188 405 193 8
D 407 117 2 190 191 192 226
D 406 115 2 188 407 193 29
D 403 119 3 404 249 247 262 406 8
D 402 113 5 179 403 374 236 234 289 259 282 376 8
D 411 121 2 196 223 198 8
D 412 127 2 239 204 245 8
D 413 121 2 196 197 198 29
D 410 123 2 411 412 413 8
D 409 119 2 187 410 224 8
D 408 113 2 179 409 227 8
D 401 107 6 230 402 270 377 279 178 168 408 287 274 295 8
D 400 99 2 153 401 300 8
D 416 95 2 164 160 159 8
D 415 93 2 154 416 165 8
D 418 95 2 159 327 164 302
D 417 93 3 154 418 388 301 389 29
D 414 99 5 415 311 384 320 308 356 317 349 417 8
D 399 89 7 138 400 304 414 328 371 338 152 345 332 352 340 358 8
D 422 73 2 123 131 125 8
D 423 73 2 123 124 125 29
D 421 75 2 422 126 423 8
D 420 71 2 117 421 132 8
D 419 67 2 391 420 398 8
D 428 97 2 161 303 163 8
D 427 95 2 159 428 164 8
D 426 93 2 154 427 165 8
D 431 97 2 161 162 163 303
D 430 95 2 159 431 164 302
D 429 93 3 154 430 388 301 389 29
D 425 99 6 426 311 415 320 384 356 308 349 317 341 429 8
D 436 115 2 193 189 188 8
D 437 115 2 188 407 193 225
D 435 119 4 436 249 404 237 247 290 437 8
D 434 113 5 179 435 374 261 234 282 259 275 376 8
D 441 121 2 198 197 196 8
D 442 121 2 198 223 196 29
D 440 123 2 441 412 442 8
D 439 119 2 187 440 224 8
D 438 113 2 179 439 227 8
D 433 107 6 230 434 279 377 287 178 270 408 168 438 295 8
D 432 99 2 153 433 300 8
D 424 89 7 304 425 138 432 328 400 338 371 345 152 352 332 358 8
D 445 65 2 113 112 111 8
D 444 63 2 392 445 393 8
D 447 65 2 113 136 111 29
D 446 63 2 392 447 393 29
D 443 67 2 444 116 446 8
D 449 99 6 426 320 415 356 384 349 308 341 317 333 429 8
D 453 119 4 436 237 404 262 247 283 437 8
D 452 113 5 179 453 374 289 234 275 259 186 376 8
D 455 103 2 176 298 171 173
D 454 101 2 169 455 177 299
D 451 107 5 287 377 230 452 279 408 270 438 454 8
D 450 99 2 153 451 300 8
D 448 89 7 304 449 328 432 138 450 338 400 345 371 352 152 358 8
D 458 65 2 111 136 113 8
D 457 63 2 392 458 393 8
D 460 65 2 111 112 113 29
D 459 63 2 392 460 393 29
D 456 67 2 457 116 459 8
D 462 99 6 426 356 415 349 384 341 308 333 317 167 429 8
D 466 119 4 436 262 404 290 247 276 437 8
D 465 113 5 179 466 374 282 234 186 259 378 376 8
D 467 101 2 177 299 169 298
D 464 107 4 287 408 230 465 279 438 467 8
D 463 99 2 153 464 300 8
D 461 89 7 304 462 338 432 328 450 138 463 345 400 352 371 358 8
D 470 69 2 120 119 118 8
D 471 69 2 120 133 118 29
D 469 71 2 470 121 471 8
D 468 67 2 391 469 398 8
D 473 99 6 426 349 415 341 384 333 308 167 317 372 429 8
D 477 119 4 436 290 404 283 247 194 437 8
D 476 113 5 179 477 374 275 234 378 259 409 376 8
D 475 107 3 287 438 230 476 299 8
D 474 99 2 153 475 300 8
D 472 89 7 304 473 345 432 338 450 328 463 138 474 352 400 358 8
D 480 69 2 118 133 120 8
D 481 69 2 118 119 120 29
D 479 71 2 480 121 481 8
D 478 67 2 391 479 398 8
D 483 99 6 426 341 415 333 384 167 308 372 317 401 429 8
D 487 119 4 436 283 404 276 247 379 437 8
D 486 113 5 179 487 374 186 234 409 259 439 376 8
D 488 101 2 169 299 177 29
D 485 107 2 230 486 488 8
D 484 99 2 153 485 300 8
D 482 89 7 352 432 304 483 345 450 338 463 328 474 138 484 358 8
L 493 78 29
D 492 77 2 127 493 129 8
D 491 75 2 122 492 130 8
D 490 71 2 117 491 132 8
D 489 67 2 391 490 398 8
D 495 99 6 426 333 415 167 384 372 308 401 317 433 429 8
D 499 119 4 436 276 404 194 247 410 437 8
D 500 109 2 185 228 180 184
D 498 113 4 179 499 374 378 234 439 500 8
D 497 107 2 230 498 488 8
D 496 99 2 153 497 300 8
D 494 89 7 352 450 304 495 345 463 338 474 328 484 138 496 358 8
D 504 77 2 129 128 127 8
D 503 75 2 122 504 130 8
D 502 71 2 117 503 132 8
D 501 67 2 391 502 398 8
D 506 99 6 426 167 415 372 384 401 308 433 317 451 429 8
D 510 119 4 436 194 404 379 247 440 437 8
D 509 113 3 179 510 374 409 228 8
D 508 107 2 230 509 488 8
D 507 99 2 153 508 300 8
D 505 89 7 352 463 304 506 345 474 338 484 328 496 138 507 358 8
D 513 65 2 113 112 111 136
D 514 61 2 109 115 107 108
D 515 61 2 109 108 107 8
D 512 63 3 392 513 514 110 515 8
D 518 77 2 127 493 129 29
D 517 75 2 122 518 130 29
D 516 71 2 117 517 132 29
D 520 69 2 120 119 118 133
D 522 73 2 125 124 123 131
D 523 77 2 127 128 129 493
D 524 73 2 125 131 123 8
D 521 75 3 522 518 122 523 524 29
D 525 69 2 120 133 118 8
D 519 71 3 520 517 117 521 525 29
D 527 65 2 113 136 111 8
D 526 63 3 392 527 514 135 515 29
D 511 67 3 512 516 391 519 526 29
D 103 79 11 104 137 365 370 390 399 419 424 443 448 456 461 468 472 478 482 489 494 501 505 511 8
D 530 45 2 79 78 77 8
D 529 43 2 72 530 80 8
D 533 53 2 91 90 89 8
D 534 53 2 91 97 89 29
D 532 55 2 533 92 534 8
D 531 51 2 83 532 98 8
D 536 45 2 79 102 77 29
D 535 43 2 72 536 80 29
D 528 47 2 529 531 535 8
D 539 99 6 426 372 415 401 384 433 308 451 317 464 429 8
D 545 117 2 190 191 192 29
D 544 115 2 188 545 193 225
D 543 119 3 436 379 404 410 544 8
D 542 113 3 179 543 374 439 228 8
D 541 107 2 230 542 488 8
D 540 99 2 153 541 300 8
D 538 89 7 352 474 304 539 345 484 338 496 328 507 138 540 358 8
D 537 79 11 104 370 365 399 390 424 419 448 443 461 456 472 468 482 478 494 489 505 501 538 511 8
D 548 45 2 77 102 79 8
D 547 43 2 72 548 80 8
D 550 45 2 77 78 79 29
D 549 43 2 72 550 80 29
D 546 47 2 547 531 549 8
D 553 99 6 426 401 415 433 384 451 308 464 317 475 429 8
D 557 119 3 436 410 404 440 544 8
D 556 113 2 179 557 227 8
D 555 107 2 230 556 488 8
D 554 99 2 153 555 300 8
D 552 89 7 352 484 304 553 345 496 338 507 328 540 138 554 358 8
D 551 79 11 104 399 365 424 390 448 419 461 443 472 456 482 468 494 478 505 489 538 501 552 511 8
D 560 41 2 75 74 73 8
D 561 41 2 75 81 73 29
D 559 43 2 560 76 561 8
D 562 43 2 560 101 561 29
D 558 47 2 559 531 562 8
D 565 99 6 426 433 415 451 384 464 308 475 317 485 429 8
D 570 115 2 193 225 188 29
D 569 119 2 436 440 570 8
D 568 113 2 179 569 227 8
D 567 107 2 230 568 488 8
D 566 99 2 153 567 300 8
D 564 89 7 352 496 304 565 345 507 338 540 328 554 138 566 358 8
D 563 79 11 104 424 365 448 390 461 419 472 443 482 456 494 468 505 478 538 489 552 501 564 511 8
D 573 41 2 73 81 75 8
D 574 41 2 73 74 75 29
D 572 43 2 573 76 574 8
D 575 43 2 573 101 574 29
D 571 47 2 572 531 575 8
D 578 99 6 426 451 415 464 384 475 308 485 317 497 429 8
D 580 85 2 149 361 144 146
D 579 83 3 139 580 362 363 364 29
D 577 89 6 352 507 304 578 345 540 338 554 328 566 579 8
D 576 79 11 104 448 365 461 390 472 419 482 443 494 456 505 468 538 478 552 489 564 501 577 511 8
D 584 53 2 91 97 89 8
D 585 53 2 91 90 89 29
D 583 55 2 584 92 585 8
D 582 51 2 83 583 98 8
D 581 47 2 71 582 100 8
D 588 99 6 426 464 415 475 384 485 308 497 317 508 429 8
D 589 83 3 362 363 139 361 364 29
D 587 89 5 352 540 304 588 345 554 338 566 589 8
D 586 79 11 104 461 365 472 390 482 419 494 443 505 456 538 468 552 478 564 489 577 501 587 511 8
D 592 49 2 86 85 84 8
D 593 49 2 86 99 84 29
D 591 51 2 592 532 593 8
D 590 47 2 71 591 100 8
D 596 99 6 426 475 415 485 384 497 308 508 317 541 429 8
D 598 81 2 142 141 140 29
D 597 83 2 598 363 364 29
D 595 89 4 352 554 304 596 345 566 597 8
D 594 79 11 104 472 365 482 390 494 419 505 443 538 456 552 468 564 478 577 489 587 501 595 511 8
D 601 49 2 84 99 86 8
D 602 49 2 84 85 86 29
D 600 51 2 601 532 602 8
D 599 47 2 71 600 100 8
D 605 99 6 426 485 415 497 384 508 308 541 317 555 429 8
D 606 83 2 141 363 151 29
D 604 89 3 352 566 304 605 606 8
D 603 79 11 104 482 365 494 390 505 419 538 443 552 456 564 468 577 478 587 489 595 501 604 511 8
D 610 57 2 95 94 93 8
D 609 55 2 533 610 534 8
D 608 51 2 83 609 98 8
D 607 47 2 71 608 100 8
D 613 99 6 426 497 415 508 384 541 308 555 317 567 429 8
D 614 83 2 139 363 150 29
D 612 89 2 304 613 614 8
D 611 79 11 104 494 365 505 390 538 419 552 443 564 456 577 468 587 478 595 489 604 501 612 511 8
L 619 58 40
D 618 57 2 93 619 95 8
D 617 55 2 533 618 534 8
D 616 51 2 83 617 98 8
D 615 47 2 71 616 100 8
D 625 97 2 161 162 163 29
D 624 95 2 164 302 159 625
D 623 93 3 154 624 388 301 389 29
D 622 99 5 426 508 415 541 384 555 308 567 623 8
D 621 89 2 304 622 614 8
D 620 79 11 104 505 365 538 390 552 419 564 443 577 456 587 468 595 478 604 489 612 501 621 511 8
D 628 45 2 79 78 77 102
D 629 41 2 75 74 73 81
D 630 41 2 75 81 73 8
D 627 43 3 72 628 629 76 630 8
D 633 57 2 93 619 95 29
D 632 55 2 533 633 534 29
D 631 51 2 83 632 98 29
D 635 49 2 86 85 84 99
D 637 53 2 89 90 91 97
D 638 57 2 93 94 95 619
D 639 53 2 89 97 91 8
D 636 55 3 637 633 533 638 639 29
D 640 49 2 86 99 84 8
D 634 51 3 635 632 83 636 640 29
D 642 45 2 79 102 77 8
D 641 43 3 72 642 629 101 630 29
D 626 47 3 627 631 71 634 641 29
D 69 59 11 70 103 528 537 546 551 558 563 571 576 581 586 590 594 599 603 607 611 615 620 626 8
D 645 29 2 50 65 52 8
D 647 33 2 57 56 55 8
D 648 33 2 57 63 55 29
D 646 35 2 647 58 648 8
D 649 29 2 50 51 52 29
D 644 31 2 645 646 649 8
D 643 27 2 37 644 66 8
D 654 93 3 154 624 385 301 166 29
D 653 99 4 426 541 415 555 384 567 654 8
D 652 89 2 304 653 614 8
D 651 79 11 104 538 365 552 390 564 419 577 443 587 456 595 468 604 478 612 489 621 501 652 511 8
D 650 59 11 70 537 528 551 546 563 558 576 571 586 581 594 590 603 599 611 607 620 615 651 626 8
D 657 29 2 52 51 50 8
D 658 29 2 52 65 50 29
D 656 31 2 657 646 658 8
D 655 27 2 37 656 66 8
D 663 93 2 154 624 165 29
D 662 99 3 426 555 415 567 663 8
D 661 89 2 304 662 614 8
D 660 79 11 104 552 365 564 390 577 419 587 443 595 456 604 468 612 478 621 489 652 501 661 511 8
D 659 59 11 70 551 528 563 546 576 558 586 571 594 581 603 590 611 599 620 607 651 615 660 626 8
D 666 21 2 41 40 39 8
D 667 21 2 41 47 39 29
D 665 23 2 666 42 667 8
D 668 31 2 49 646 64 8
D 669 23 2 666 67 667 29
D 664 27 2 665 668 669 8
D 675 95 2 159 625 164 29
D 674 93 2 154 675 165 29
D 673 99 2 426 567 674 8
D 672 89 2 304 673 614 8
D 671 79 11 104 564 365 577 390 587 419 595 443 604 456 612 468 621 478 652 489 661 501 672 511 8
D 670 59 11 70 563 528 576 546 586 558 594 571 603 581 611 590 620 599 651 607 660 615 671 626 8
D 678 21 2 39 47 41 8
D 679 21 2 39 40 41 29
D 677 23 2 678 42 679 8
D 680 23 2 678 67 679 29
D 676 27 2 677 668 680 8
D 686 77 2 127 128 129 29
D 685 75 3 122 686 522 518 524 29
D 684 71 3 117 685 520 517 525 29
D 683 67 3 391 684 512 516 526 29
D 682 79 10 104 577 365 587 390 595 419 604 443 612 456 621 468 652 478 661 489 672 683 8
D 681 59 11 70 576 528 586 546 594 558 603 571 611 581 620 590 651 599 660 607 671 615 682 626 8
D 689 25 2 45 44 43 8
D 688 23 2 38 689 46 8
D 691 25 2 45 68 43 29
D 690 23 2 38 691 46 29
D 687 27 2 688 668 690 8
D 697 73 2 123 124 125 131
D 696 75 2 522 518 697 29
D 695 71 3 117 696 520 517 525 29
D 694 67 3 391 695 512 516 526 29
D 693 79 9 104 587 365 595 390 604 419 612 443 621 456 652 468 661 478 672 694 8
D 692 59 11 70 586 528 594 546 603 558 611 571 620 581 651 590 660 599 671 607 682 615 693 626 8
D 700 25 2 43 68 45 8
D 699 23 2 38 700 46 8
D 702 25 2 43 44 45 29
D 701 23 2 38 702 46 29
D 698 27 2 699 668 701 8
D 706 71 3 117 696 470 517 133 29
D 705 67 3 391 706 512 516 526 29
D 704 79 8 104 595 365 604 390 612 419 621 443 652 456 661 468 672 705 8
D 703 59 11 70 594 528 603 546 611 558 620 571 651 581 660 590 671 599 682 607 693 615 704 626 8
D 710 33 2 57 63 55 8
D 711 33 2 57 56 55 29
D 709 35 2 710 58 711 8
D 708 31 2 49 709 64 8
D 707 27 2 37 708 66 8
D 715 71 2 117 696 132 29
D 714 67 3 391 715 512 516 526 29
D 713 79 7 104 604 365 612 390 621 419 652 443 661 456 672 714 8
D 712 59 11 70 603 528 611 546 620 558 651 571 660 581 671 590 682 599 693 607 704 615 713 626 8
L 720 38 19
D 719 37 2 59 720 61 8
D 718 35 2 647 719 648 8
D 717 31 2 49 718 64 8
D 716 27 2 37 717 66 8
D 724 63 3 392 445 514 110 515 8
D 725 63 3 514 135 392 136 515 29
D 723 67 3 391 715 724 516 725 29
D 722 79 6 104 612 365 621 390 652 419 661 443 672 723 8
D 721 59 11 70 611 528 620 546 651 558 660 571 671 581 682 590 693 599 704 607 713 615 722 626 8
D 729 37 2 61 60 59 8
D 728 35 2 647 729 648 8
D 727 31 2 49 728 64 8
D 726 27 2 37 727 66 8
D 734 61 2 107 115 109 108
D 733 63 2 514 110 734 8
D 736 61 2 109 115 107 29
D 735 63 2 736 135 515 29
D 732 67 3 391 715 733 516 735 29
D 731 79 5 104 621 365 652 390 661 419 672 732 8
D 730 59 11 70 620 528 651 546 660 558 671 571 682 581 693 590 704 599 713 607 722 615 731 626 8
D 739 25 2 45 44 43 68
D 740 21 2 41 40 39 47
D 741 21 2 41 47 39 8
D 738 23 3 38 739 740 42 741 8
D 744 37 2 59 720 61 29
D 743 35 2 647 744 648 29
D 742 31 2 49 743 64 29
D 746 29 2 52 51 50 65
D 748 33 2 55 56 57 63
D 749 37 2 59 60 61 720
D 750 33 2 55 63 57 8
D 747 35 3 748 744 647 749 750 29
D 751 29 2 52 65 50 8
D 745 31 3 746 743 49 747 751 29
D 753 25 2 45 68 43 8
D 752 23 3 38 753 740 67 741 29
D 737 27 3 738 742 37 745 752 29
D 35 39 11 36 69 643 650 655 659 664 670 676 681 687 692 698 703 707 712 716 721 726 730 737 8
D 756 3 2 5 34 7 8
D 755 1 2 3 756 9 8
D 759 11 2 17 28 19 8
D 760 11 2 17 18 19 29
D 758 13 2 759 20 760 8
D 757 9 2 11 758 30 8
D 762 3 2 5 6 7 29
D 761 1 2 3 762 9 29
D 754 5 2 755 757 761 8
D 768 75 2 396 518 397 29
D 767 71 2 117 768 132 29
D 766 67 3 391 767 733 516 735 29
D 765 79 4 104 652 365 661 390 672 766 8
D 764 59 11 70 651 528 660 546 671 558 682 571 693 581 704 590 713 599 722 607 731 615 765 626 8
D 763 39 11 36 650 643 659 655 670 664 681 676 692 687 703 698 712 707 721 716 730 726 764 737 8
D 770 1 2 9 4 3 8
D 771 1 2 9 33 3 29
D 769 5 2 770 757 771 8
D 776 63 2 514 135 734 29
D 775 67 2 733 516 776 29
D 774 79 3 104 661 365 672 775 8
D 773 59 11 70 660 528 671 546 682 558 693 571 704 581 713 590 722 599 731 607 765 615 774 626 8
D 772 39 11 36 659 643 670 655 681 664 692 676 703 687 712 698 721 707 730 716 764 726 773 737 8
D 779 3 2 7 6 5 8
D 778 1 2 3 779 9 8
D 781 3 2 7 34 5 29
D 780 1 2 3 781 9 29
D 777 5 2 778 757 780 8
D 785 67 2 105 516 134 29
D 784 79 2 104 672 785 8
D 783 59 11 70 671 528 682 546 693 558 704 571 713 581 722 590 731 599 765 607 774 615 784 626 8
D 782 39 11 36 670 643 681 655 692 664 703 676 712 687 721 698 730 707 764 716 773 726 783 737 8
D 789 11 2 19 28 17 8
D 790 11 2 19 18 17 29
D 788 13 2 789 20 790 8
D 787 9 2 11 788 30 8
D 786 5 2 2 787 32 8
D 796 57 2 95 619 93 29
D 795 55 3 533 796 637 633 639 29
D 794 51 3 83 795 635 632 640 29
D 793 47 3 71 794 627 631 641 29
D 792 59 10 70 682 528 693 546 704 558 713 571 722 581 731 590 765 599 774 607 784 793 8
D 791 39 11 36 681 643 692 655 703 664 712 676 721 687 730 698 764 707 773 716 783 726 792 737 8
D 799 7 2 14 13 12 8
D 800 7 2 14 31 12 29
D 798 9 2 799 758 800 8
D 797 5 2 2 798 32 8
D 806 53 2 91 90 89 97
D 805 55 2 637 633 806 29
D 804 51 3 83 805 635 632 640 29
D 803 47 3 71 804 627 631 641 29
D 802 59 9 70 693 528 704 546 713 558 722 571 731 581 765 590 774 599 784 803 8
D 801 39 11 36 692 643 703 655 712 664 721 676 730 687 764 698 773 707 783 716 792 726 802 737 8
D 809 7 2 12 31 14 8
D 810 7 2 12 13 14 29
D 808 9 2 809 758 810 8
D 807 5 2 2 808 32 8
D 814 51 3 83 805 592 632 99 29
D 813 47 3 71 814 627 631 641 29
D 812 59 8 70 704 528 713 546 722 558 731 571 765 581 774 590 784 813 8
D 811 39 11 36 703 643 712 655 721 664 730 676 764 687 773 698 783 707 792 716 802 726 812 737 8
D 818 15 2 26 22 21 8
D 817 13 2 759 818 760 8
D 816 9 2 11 817 30 8
D 815 5 2 2 816 32 8
D 822 51 2 83 805 98 29
D 821 47 3 71 822 627 631 641 29
D 820 59 7 70 713 528 722 546 731 558 765 571 774 581 784 821 8
D 819 39 11 36 712 643 721 655 730 664 764 676 773 687 783 698 792 707 802 716 812 726 820 737 8
D 827 17 2 25 24 23 8
D 826 15 2 21 827 26 8
D 825 13 2 759 826 760 8
D 824 9 2 11 825 30 8
D 823 5 2 2 824 32 8
D 832 55 2 88 633 96 29
D 831 51 2 83 832 98 29
D 830 47 3 71 831 627 631 641 29
D 829 59 6 70 722 528 731 546 765 558 774 571 784 830 8
D 828 39 11 36 721 643 730 655 764 664 773 676 783 687 792 698 802 707 812 716 820 726 829 737 8
L 838 18 10
D 837 17 2 23 838 25 8
D 836 15 2 21 837 26 8
D 835 13 2 759 836 760 8
D 834 9 2 11 835 30 8
D 833 5 2 2 834 32 8
D 842 43 3 72 628 560 76 81 8
D 843 43 3 72 642 560 101 81 29
D 841 47 3 71 831 842 631 843 29
D 840 59 5 70 731 528 765 546 774 558 784 841 8
D 839 39 11 36 730 643 764 655 773 664 783 676 792 687 802 698 812 707 820 716 829 726 840 737 8
D 848 17 2 23 24 25 838
D 849 17 2 23 838 25 29
D 847 15 2 21 848 26 849
D 850 11 2 19 28 17 18
D 851 15 2 21 849 26 29
D 852 11 2 19 18 17 8
D 846 13 3 759 847 850 851 852 29
D 853 7 2 14 13 12 31
D 854 13 2 759 851 760 29
D 855 7 2 14 31 12 8
D 845 9 3 11 846 853 854 855 29
D 857 3 2 7 6 5 34
D 856 1 2 3 857 9 4
D 858 9 2 11 854 30 29
D 860 3 2 7 34 5 8
D 859 1 2 3 860 9 33
D 844 5 3 2 845 856 858 859 29
D 0 19 11 1 35 754 763 769 772 777 782 786 791 797 801 807 811 815 819 823 828 833 839 844 8
