c ids of sdd nodes start at 0
c sdd nodes appear bottom-up, children before parents
c
c file syntax:
c sdd count-of-sdd-nodes
c F id-of-false-sdd-node
c T id-of-true-sdd-node
c L id-of-literal-sdd-node id-of-vtree literal
c D id-of-decomposition-sdd-node id-of-vtree number-of-elements {id-of-prime id-of-sub}*
c
sdd 863
L 3 0 -3
L 5 2 -4
L 6 4 -2
L 7 2 4
F 8
D 4 3 2 5 6 7 8
L 9 0 3
D 2 1 2 3 4 9 8
L 12 6 -6
L 13 8 -7
L 14 6 6
D 11 7 2 12 13 14 8
L 17 10 -5
L 18 12 1
L 19 10 5
D 16 11 2 17 18 19 8
L 21 14 -8
L 23 16 -9
L 24 18 -10
L 25 16 9
D 22 17 2 23 24 25 8
L 26 14 8
D 20 15 2 21 22 26 8
L 28 12 -1
T 29
D 27 11 2 17 28 19 29
D 15 13 2 16 20 27 8
L 31 8 7
D 30 7 2 12 31 14 29
D 10 9 2 11 15 30 8
L 34 4 2
D 33 3 2 5 34 7 29
D 32 1 2 3 33 9 29
D 1 5 2 2 10 32 8
L 39 20 -14
L 40 22 -15
L 41 20 14
D 38 21 2 39 40 41 8
L 43 24 -16
L 44 26 -17
L 45 24 16
D 42 25 2 43 44 45 8
L 47 22 15
D 46 21 2 39 47 41 29
D 37 23 2 38 42 46 8
L 50 28 -13
L 51 30 -12
L 52 28 13
D 49 29 2 50 51 52 8
L 55 32 11
L 56 34 -18
L 57 32 -11
D 54 33 2 55 56 57 8
L 59 36 -20
L 60 38 -19
L 61 36 20
D 58 37 2 59 60 61 8
L 63 34 18
D 62 33 2 55 63 57 29
D 53 35 2 54 58 62 8
L 65 30 12
D 64 29 2 50 65 52 29
D 48 31 2 49 53 64 8
L 68 26 17
D 67 25 2 43 68 45 29
D 66 23 2 38 67 46 29
D 36 27 2 37 48 66 8
L 73 40 -34
L 74 42 -35
L 75 40 34
D 72 41 2 73 74 75 8
L 77 44 -32
L 78 46 -33
L 79 44 32
D 76 45 2 77 78 79 8
L 81 42 35
D 80 41 2 73 81 75 29
D 71 43 2 72 76 80 8
L 84 48 -37
L 85 50 -38
L 86 48 37
D 83 49 2 84 85 86 8
L 89 52 31
L 90 54 -36
L 91 52 -31
D 88 53 2 89 90 91 8
L 93 56 -39
L 94 58 -40
L 95 56 39
D 92 57 2 93 94 95 8
L 97 54 36
D 96 53 2 89 97 91 29
D 87 55 2 88 92 96 8
L 99 50 38
D 98 49 2 84 99 86 29
D 82 51 2 83 87 98 8
L 102 46 33
D 101 45 2 77 102 79 29
D 100 43 2 72 101 80 29
D 70 47 2 71 82 100 8
L 107 60 -22
L 108 62 21
L 109 60 22
D 106 61 2 107 108 109 8
L 111 64 -25
L 112 66 -26
L 113 64 25
D 110 65 2 111 112 113 8
L 115 62 -21
D 114 61 2 107 115 109 29
D 105 63 2 106 110 114 8
L 118 68 -27
L 119 70 -28
L 120 68 27
D 117 69 2 118 119 120 8
L 123 72 -23
L 124 74 -24
L 125 72 23
D 122 73 2 123 124 125 8
L 127 76 -30
L 128 78 -29
L 129 76 30
D 126 77 2 127 128 129 8
L 131 74 24
D 130 73 2 123 131 125 29
D 121 75 2 122 126 130 8
L 133 70 28
D 132 69 2 118 133 120 29
D 116 71 2 117 121 132 8
L 136 66 26
D 135 65 2 111 136 113 29
D 134 63 2 106 135 114 29
D 104 67 2 105 116 134 8
L 140 80 -46
L 141 82 -47
L 142 80 46
D 139 81 2 140 141 142 8
L 144 84 -48
L 146 86 50
L 147 88 -49
L 148 86 -50
D 145 87 2 146 147 148 8
L 149 84 48
D 143 85 2 144 145 149 8
L 151 82 47
D 150 81 2 140 151 142 29
D 138 83 2 139 143 150 8
L 155 90 -43
L 156 92 -44
L 157 90 43
D 154 91 2 155 156 157 8
L 159 94 -42
L 161 96 -45
L 162 98 -41
L 163 96 45
D 160 97 2 161 162 163 8
L 164 94 42
D 158 95 2 159 160 164 8
L 166 92 44
D 165 91 2 155 166 157 29
D 153 93 2 154 158 165 8
L 169 100 -57
L 171 102 -58
L 173 104 60
L 174 106 -59
L 175 104 -60
D 172 105 2 173 174 175 8
L 176 102 58
D 170 103 2 171 172 176 8
L 177 100 57
D 168 101 2 169 170 177 8
L 180 108 -53
L 182 110 -56
L 183 112 -55
L 184 110 56
D 181 111 2 182 183 184 8
L 185 108 53
D 179 109 2 180 181 185 8
L 188 114 -51
L 190 116 -54
L 191 118 -52
L 192 116 54
D 189 117 2 190 191 192 8
L 193 114 51
D 187 115 2 188 189 193 8
L 196 120 -61
L 197 122 -62
L 198 120 61
D 195 121 2 196 197 198 8
L 201 124 -63
L 202 126 -64
L 203 124 63
D 200 125 2 201 202 203 8
L 205 128 65
L 207 130 -66
L 209 132 -67
L 211 134 -68
L 213 136 -69
L 214 138 -70
L 215 136 69
D 212 137 2 213 214 215 8
L 216 134 68
D 210 135 2 211 212 216 8
L 217 132 67
D 208 133 2 209 210 217 8
L 218 130 66
D 206 131 2 207 208 218 8
L 219 128 -65
D 204 129 2 205 206 219 8
L 221 126 64
D 220 125 2 201 221 203 29
D 199 127 2 200 204 220 8
L 223 122 62
D 222 121 2 196 223 198 29
D 194 123 2 195 199 222 8
L 226 118 52
D 225 117 2 190 226 192 29
D 224 115 2 188 225 193 29
D 186 119 2 187 194 224 8
L 229 112 55
D 228 111 2 182 229 184 29
D 227 109 2 180 228 185 29
D 178 113 2 179 186 227 8
D 232 105 2 175 174 173 8
D 231 103 2 171 232 176 8
D 230 101 2 169 231 177 8
D 235 111 2 184 183 182 8
D 234 109 2 180 235 185 8
D 243 137 2 215 214 213 8
D 242 135 2 211 243 216 8
D 241 133 2 209 242 217 8
D 240 131 2 207 241 218 8
D 239 129 2 219 240 205 8
D 238 127 2 200 239 220 8
D 237 123 2 195 238 222 8
D 236 119 2 187 237 224 8
D 245 111 2 182 229 184 8
D 244 109 2 180 245 185 8
L 254 138 70
D 253 137 2 213 254 215 8
D 252 135 2 211 253 216 8
D 251 133 2 209 252 217 8
D 250 131 2 207 251 218 8
D 249 129 2 219 250 205 8
D 248 127 2 200 249 220 8
D 247 123 2 195 248 222 8
D 246 119 2 187 247 224 8
D 256 111 2 182 183 184 229
D 255 109 2 180 256 185 29
D 233 113 3 234 236 244 246 255 8
L 260 106 59
D 259 105 2 175 260 173 8
D 258 103 2 171 259 176 8
D 257 101 2 169 258 177 8
D 266 131 2 218 208 207 8
D 265 129 2 219 266 205 8
D 264 127 2 200 265 220 8
D 263 123 2 195 264 222 8
D 262 119 2 187 263 224 8
D 261 113 2 179 262 227 8
D 268 103 2 176 232 171 8
D 267 101 2 169 268 177 8
D 275 133 2 217 210 209 8
D 274 131 2 207 275 218 8
D 273 129 2 219 274 205 8
D 272 127 2 200 273 220 8
D 271 123 2 195 272 222 8
D 270 119 2 187 271 224 8
D 269 113 2 179 270 227 8
D 276 101 2 177 231 169 8
D 284 135 2 216 212 211 8
D 283 133 2 209 284 217 8
D 282 131 2 207 283 218 8
D 281 129 2 219 282 205 8
D 280 127 2 200 281 220 8
D 279 123 2 195 280 222 8
D 278 119 2 187 279 224 8
D 277 113 2 179 278 227 8
D 287 105 2 173 260 175 8
D 288 105 2 175 260 173 29
D 286 103 2 171 287 176 288
D 289 103 2 171 288 176 29
D 285 101 2 169 286 177 289
D 167 107 6 168 178 230 233 257 261 267 269 276 277 285 8
L 293 98 41
D 292 97 2 161 293 163 29
D 291 95 2 159 292 164 29
D 290 93 2 154 291 165 29
D 152 99 2 153 167 290 8
D 296 87 2 148 147 146 8
D 295 85 2 144 296 149 8
D 294 83 2 139 295 150 8
D 300 97 2 163 162 161 8
D 299 95 2 159 300 164 8
D 298 93 2 154 299 165 8
D 302 113 2 179 246 227 8
D 305 105 2 173 260 175 29
D 304 103 2 171 305 176 29
D 303 101 2 169 304 177 29
D 301 107 2 168 302 303 8
D 308 97 2 163 293 161 29
D 307 95 2 159 308 164 29
D 306 93 2 154 307 165 29
D 297 99 2 298 301 306 8
L 312 88 49
D 311 87 2 148 312 146 8
D 310 85 2 144 311 149 8
D 309 83 2 139 310 150 8
D 317 111 2 184 229 182 29
D 316 109 2 180 317 185 29
D 315 113 2 234 246 316 8
D 318 113 2 179 236 227 8
D 314 107 6 168 261 230 315 257 269 267 277 276 318 285 8
D 313 99 2 153 314 290 8
D 320 85 2 149 296 144 8
D 319 83 2 139 320 150 8
D 325 105 2 175 174 173 260
D 324 103 2 171 325 176 288
D 323 101 2 169 324 177 289
D 322 107 5 168 269 257 277 276 302 267 318 323 8
D 321 99 2 153 322 290 8
D 327 81 2 140 151 142 8
D 328 81 2 140 141 142 29
D 326 83 2 327 295 328 8
D 331 101 2 169 324 177 29
D 330 107 4 168 277 267 302 257 318 331 8
D 329 99 2 153 330 290 8
D 333 81 2 142 141 140 8
D 334 81 2 142 151 140 29
D 332 83 2 333 295 334 8
D 338 103 2 171 325 176 29
D 337 101 2 169 338 177 29
D 336 107 3 257 302 168 318 337 8
D 335 99 2 153 336 290 8
D 341 87 2 146 312 148 8
D 342 87 2 148 312 146 29
D 340 85 2 144 341 149 342
D 343 81 2 142 141 140 151
D 344 85 2 144 342 149 29
D 345 81 2 142 151 140 8
D 339 83 3 139 340 343 344 345 29
D 137 89 7 138 152 294 297 309 313 319 321 326 329 332 335 339 8
D 348 61 2 109 115 107 8
D 349 61 2 109 108 107 29
D 347 63 2 348 110 349 8
D 350 63 2 348 135 349 29
D 346 67 2 347 116 350 8
D 358 125 2 201 221 203 8
D 359 129 2 219 206 205 8
D 360 125 2 201 202 203 29
D 357 127 2 358 359 360 8
D 356 123 2 195 357 222 8
D 355 119 2 187 356 224 8
D 354 113 2 179 355 227 8
D 364 117 2 192 191 190 8
D 363 115 2 188 364 193 8
D 366 117 2 192 226 190 29
D 365 115 2 188 366 193 29
D 362 119 2 363 247 365 8
D 368 111 2 184 229 182 8
D 367 109 2 180 368 185 29
D 361 113 4 244 236 179 362 234 278 367 8
D 353 107 6 168 354 230 361 257 178 267 261 276 269 285 8
D 352 99 2 153 353 290 8
D 371 91 2 155 166 157 8
D 372 91 2 155 156 157 29
D 370 93 2 371 158 372 8
D 373 93 3 154 307 371 291 157 29
D 369 99 3 370 301 298 336 373 8
D 351 89 7 138 352 294 369 309 152 319 313 326 321 332 329 339 8
D 376 61 2 107 115 109 8
D 377 61 2 107 108 109 29
D 375 63 2 376 110 377 8
D 380 73 2 125 124 123 8
D 381 73 2 125 131 123 29
D 379 75 2 380 126 381 8
D 378 71 2 117 379 132 8
D 382 63 2 376 135 377 29
D 374 67 2 375 378 382 8
D 387 109 2 185 181 180 8
D 388 119 2 363 237 365 8
D 389 109 2 180 368 185 228
D 386 113 5 244 278 387 246 179 388 234 270 389 8
D 394 125 2 203 202 201 8
D 395 125 2 203 221 201 29
D 393 127 2 394 359 395 8
D 392 123 2 195 393 222 8
D 391 119 2 187 392 224 8
D 390 113 2 179 391 227 8
D 385 107 6 230 386 168 390 257 354 267 178 276 261 285 8
D 384 99 2 153 385 290 8
D 398 91 2 157 156 155 8
D 399 91 2 157 166 155 29
D 397 93 2 398 158 399 8
D 401 91 2 157 156 155 166
D 402 91 2 157 166 155 8
D 400 93 3 154 307 401 291 402 29
D 396 99 4 397 301 370 336 298 330 400 8
D 383 89 7 138 384 294 396 309 352 319 152 326 313 332 321 339 8
D 406 73 2 123 131 125 8
D 407 73 2 123 124 125 29
D 405 75 2 406 126 407 8
D 404 71 2 117 405 132 8
D 403 67 2 375 404 382 8
D 414 117 2 190 226 192 8
D 413 115 2 188 414 193 8
D 416 117 2 190 191 192 226
D 415 115 2 188 416 193 29
D 412 119 3 413 247 363 279 415 8
D 411 113 5 179 412 387 236 244 270 234 262 389 8
D 420 121 2 196 223 198 8
D 421 127 2 200 359 220 8
D 422 121 2 196 197 198 29
D 419 123 2 420 421 422 8
D 418 119 2 187 419 224 8
D 417 113 2 179 418 227 8
D 410 107 6 230 411 257 390 267 354 168 417 276 178 285 8
D 409 99 2 153 410 290 8
D 425 95 2 164 160 159 8
D 424 93 2 154 425 165 8
D 427 95 2 159 308 164 292
D 426 93 3 154 427 401 291 402 29
D 423 99 5 424 301 397 336 370 330 298 322 426 8
D 408 89 7 138 409 294 423 309 384 319 352 326 152 332 313 339 8
D 430 65 2 113 112 111 8
D 429 63 2 376 430 377 8
D 432 65 2 113 136 111 29
D 431 63 2 376 432 377 29
D 428 67 2 429 116 431 8
D 437 97 2 161 293 163 8
D 436 95 2 159 437 164 8
D 435 93 2 154 436 165 8
D 440 97 2 161 162 163 293
D 439 95 2 159 440 164 292
D 438 93 3 154 439 401 291 402 29
D 434 99 6 435 301 424 336 397 330 370 322 298 314 438 8
D 445 115 2 193 189 188 8
D 446 115 2 188 416 193 225
D 444 119 4 445 247 413 237 363 271 446 8
D 443 113 5 179 444 387 278 244 262 234 186 389 8
D 450 121 2 198 197 196 8
D 451 121 2 198 223 196 29
D 449 123 2 450 421 451 8
D 448 119 2 187 449 224 8
D 447 113 2 179 448 227 8
D 442 107 6 230 443 267 390 276 354 257 417 168 447 285 8
D 441 99 2 153 442 290 8
D 433 89 7 294 434 138 441 309 409 319 384 326 352 332 152 339 8
D 454 65 2 111 136 113 8
D 453 63 2 376 454 377 8
D 456 65 2 111 112 113 29
D 455 63 2 376 456 377 29
D 452 67 2 453 116 455 8
D 458 99 6 435 336 424 330 397 322 370 314 298 167 438 8
D 462 119 4 445 237 413 279 363 263 446 8
D 461 113 5 179 462 387 270 244 186 234 355 389 8
D 464 103 2 176 288 171 173
D 463 101 2 169 464 177 289
D 460 107 5 276 390 230 461 267 417 257 447 463 8
D 459 99 2 153 460 290 8
D 457 89 7 294 458 309 441 138 459 319 409 326 384 332 352 339 8
D 467 69 2 120 119 118 8
D 468 69 2 120 133 118 29
D 466 71 2 467 121 468 8
D 465 67 2 375 466 382 8
D 470 99 6 435 330 424 322 397 314 370 167 298 353 438 8
D 474 119 4 445 279 413 271 363 194 446 8
D 473 113 5 179 474 387 262 244 355 234 391 389 8
D 475 101 2 177 289 169 288
D 472 107 4 276 417 230 473 267 447 475 8
D 471 99 2 153 472 290 8
D 469 89 7 294 470 319 441 309 459 138 471 326 409 332 384 339 8
D 478 69 2 118 133 120 8
D 479 69 2 118 119 120 29
D 477 71 2 478 121 479 8
D 476 67 2 375 477 382 8
D 481 99 6 435 322 424 314 397 167 370 353 298 385 438 8
D 485 119 4 445 271 413 263 363 356 446 8
D 484 113 5 179 485 387 186 244 391 234 418 389 8
D 483 107 3 276 447 230 484 289 8
D 482 99 2 153 483 290 8
D 480 89 7 294 481 326 441 319 459 309 471 138 482 332 409 339 8
L 490 78 29
D 489 77 2 127 490 129 8
D 488 75 2 122 489 130 8
D 487 71 2 117 488 132 8
D 486 67 2 375 487 382 8
D 492 99 6 435 314 424 167 397 353 370 385 298 410 438 8
D 496 119 4 445 263 413 194 363 392 446 8
D 495 113 5 179 496 387 355 244 418 234 448 389 8
D 497 101 2 169 289 177 29
D 494 107 2 230 495 497 8
D 493 99 2 153 494 290 8
D 491 89 7 332 441 294 492 326 459 319 471 309 482 138 493 339 8
D 501 77 2 129 128 127 8
D 500 75 2 122 501 130 8
D 499 71 2 117 500 132 8
D 498 67 2 375 499 382 8
D 503 99 6 435 167 424 353 397 385 370 410 298 442 438 8
D 507 119 4 445 194 413 356 363 419 446 8
D 508 109 2 185 228 180 184
D 506 113 4 179 507 387 391 244 448 508 8
D 505 107 2 230 506 497 8
D 504 99 2 153 505 290 8
D 502 89 7 332 459 294 503 326 471 319 482 309 493 138 504 339 8
D 511 65 2 113 112 111 136
D 512 61 2 109 115 107 108
D 513 61 2 109 108 107 8
D 510 63 3 376 511 512 110 513 8
D 516 77 2 127 490 129 29
D 515 75 2 122 516 130 29
D 514 71 2 117 515 132 29
D 518 69 2 120 119 118 133
D 520 73 2 125 124 123 131
D 521 77 2 127 128 129 490
D 522 73 2 125 131 123 8
D 519 75 3 520 516 122 521 522 29
D 523 69 2 120 133 118 8
D 517 71 3 518 515 117 519 523 29
D 525 65 2 113 136 111 8
D 524 63 3 376 525 512 135 513 29
D 509 67 3 510 514 375 517 524 29
D 103 79 11 104 137 346 351 374 383 403 408 428 433 452 457 465 469 476 480 486 491 498 502 509 8
D 528 45 2 79 78 77 8
D 527 43 2 72 528 80 8
D 531 53 2 91 90 89 8
D 532 53 2 91 97 89 29
D 530 55 2 531 92 532 8
D 529 51 2 83 530 98 8
D 534 45 2 79 102 77 29
D 533 43 2 72 534 80 29
D 526 47 2 527 529 533 8
D 537 99 6 435 353 424 385 397 410 370 442 298 460 438 8
D 541 119 4 445 356 413 392 363 449 446 8
D 540 113 3 179 541 387 418 228 8
D 539 107 2 230 540 497 8
D 538 99 2 153 539 290 8
D 536 89 7 332 471 294 537 326 482 319 493 309 504 138 538 339 8
D 535 79 11 104 351 346 383 374 408 403 433 428 457 452 469 465 480 476 491 486 502 498 536 509 8
D 544 45 2 77 102 79 8
D 543 43 2 72 544 80 8
D 546 45 2 77 78 79 29
D 545 43 2 72 546 80 29
D 542 47 2 543 529 545 8
D 549 99 6 435 385 424 410 397 442 370 460 298 472 438 8
D 555 117 2 190 191 192 29
D 554 115 2 188 555 193 225
D 553 119 3 445 392 413 419 554 8
D 552 113 3 179 553 387 448 228 8
D 551 107 2 230 552 497 8
D 550 99 2 153 551 290 8
D 548 89 7 332 482 294 549 326 493 319 504 309 538 138 550 339 8
D 547 79 11 104 383 346 408 374 433 403 457 428 469 452 480 465 491 476 502 486 536 498 548 509 8
D 558 41 2 75 74 73 8
D 559 41 2 75 81 73 29
D 557 43 2 558 76 559 8
D 560 43 2 558 101 559 29
D 556 47 2 557 529 560 8
D 563 99 6 435 410 424 442 397 460 370 472 298 483 438 8
D 567 119 3 445 419 413 449 554 8
D 566 113 2 179 567 227 8
D 565 107 2 230 566 497 8
D 564 99 2 153 565 290 8
D 562 89 7 332 493 294 563 326 504 319 538 309 550 138 564 339 8
D 561 79 11 104 408 346 433 374 457 403 469 428 480 452 491 465 502 476 536 486 548 498 562 509 8
D 570 41 2 73 81 75 8
D 571 41 2 73 74 75 29
D 569 43 2 570 76 571 8
D 572 43 2 570 101 571 29
D 568 47 2 569 529 572 8
D 575 99 6 435 442 424 460 397 472 370 483 298 494 438 8
D 580 115 2 193 225 188 29
D 579 119 2 445 449 580 8
D 578 113 2 179 579 227 8
D 577 107 2 230 578 497 8
D 576 99 2 153 577 290 8
D 574 89 7 332 504 294 575 326 538 319 550 309 564 138 576 339 8
D 573 79 11 104 433 346 457 374 469 403 480 428 491 452 502 465 536 476 548 486 562 498 574 509 8
D 584 53 2 91 97 89 8
D 585 53 2 91 90 89 29
D 583 55 2 584 92 585 8
D 582 51 2 83 583 98 8
D 581 47 2 71 582 100 8
D 588 99 6 435 460 424 472 397 483 370 494 298 505 438 8
D 590 85 2 149 342 144 146
D 589 83 3 139 590 343 344 345 29
D 587 89 6 332 538 294 588 326 550 319 564 309 576 589 8
D 586 79 11 104 457 346 469 374 480 403 491 428 502 452 536 465 548 476 562 486 574 498 587 509 8
D 593 49 2 86 85 84 8
D 594 49 2 86 99 84 29
D 592 51 2 593 530 594 8
D 591 47 2 71 592 100 8
D 597 99 6 435 472 424 483 397 494 370 505 298 539 438 8
D 598 83 3 343 344 139 342 345 29
D 596 89 5 332 550 294 597 326 564 319 576 598 8
D 595 79 11 104 469 346 480 374 491 403 502 428 536 452 548 465 562 476 574 486 587 498 596 509 8
D 601 49 2 84 99 86 8
D 602 49 2 84 85 86 29
D 600 51 2 601 530 602 8
D 599 47 2 71 600 100 8
D 605 99 6 435 483 424 494 397 505 370 539 298 551 438 8
D 607 81 2 142 141 140 29
D 606 83 2 607 344 345 29
D 604 89 4 332 564 294 605 326 576 606 8
D 603 79 11 104 480 346 491 374 502 403 536 428 548 452 562 465 574 476 587 486 596 498 604 509 8
D 611 57 2 95 94 93 8
D 610 55 2 531 611 532 8
D 609 51 2 83 610 98 8
D 608 47 2 71 609 100 8
D 614 99 6 435 494 424 505 397 539 370 551 298 565 438 8
D 615 83 2 141 344 151 29
D 613 89 3 332 576 294 614 615 8
D 612 79 11 104 491 346 502 374 536 403 548 428 562 452 574 465 587 476 596 486 604 498 613 509 8
L 620 58 40
D 619 57 2 93 620 95 8
D 618 55 2 531 619 532 8
D 617 51 2 83 618 98 8
D 616 47 2 71 617 100 8
D 623 99 6 435 505 424 539 397 551 370 565 298 577 438 8
D 624 83 2 139 344 150 29
D 622 89 2 294 623 624 8
D 621 79 11 104 502 346 536 374 548 403 562 428 574 452 587 465 596 476 604 486 613 498 622 509 8
D 627 45 2 79 78 77 102
D 628 41 2 75 74 73 81
D 629 41 2 75 81 73 8
D 626 43 3 72 627 628 76 629 8
D 632 57 2 93 620 95 29
D 631 55 2 531 632 532 29
D 630 51 2 83 631 98 29
D 634 49 2 86 85 84 99
D 636 53 2 89 90 91 97
D 637 57 2 93 94 95 620
D 638 53 2 89 97 91 8
D 635 55 3 636 632 531 637 638 29
D 639 49 2 86 99 84 8
D 633 51 3 634 631 83 635 639 29
D 641 45 2 79 102 77 8
D 640 43 3 72 641 628 101 629 29
D 625 47 3 626 630 71 633 640 29
D 69 59 11 70 103 526 535 542 547 556 561 568 573 581 586 591 595 599 603 608 612 616 621 625 8
D 644 29 2 50 65 52 8
D 646 33 2 57 56 55 8
D 647 33 2 57 63 55 29
D 645 35 2 646 58 647 8
D 648 29 2 50 51 52 29
D 643 31 2 644 645 648 8
D 642 27 2 37 643 66 8
D 655 97 2 161 162 163 29
D 654 95 2 164 292 159 655
D 653 93 3 154 654 401 291 402 29
D 652 99 5 435 539 424 551 397 565 370 577 653 8
D 651 89 2 294 652 624 8
D 650 79 11 104 536 346 548 374 562 403 574 428 587 452 596 465 604 476 613 486 622 498 651 509 8
D 649 59 11 70 535 526 547 542 561 556 573 568 586 581 595 591 603 599 612 608 621 616 650 625 8
D 658 29 2 52 51 50 8
D 659 29 2 52 65 50 29
D 657 31 2 658 645 659 8
D 656 27 2 37 657 66 8
D 664 93 3 154 654 398 291 166 29
D 663 99 4 435 551 424 565 397 577 664 8
D 662 89 2 294 663 624 8
D 661 79 11 104 548 346 562 374 574 403 587 428 596 452 604 465 613 476 622 486 651 498 662 509 8
D 660 59 11 70 547 526 561 542 573 556 586 568 595 581 603 591 612 599 621 608 650 616 661 625 8
D 667 21 2 41 40 39 8
D 668 21 2 41 47 39 29
D 666 23 2 667 42 668 8
D 669 31 2 49 645 64 8
D 670 23 2 667 67 668 29
D 665 27 2 666 669 670 8
D 675 93 2 154 654 165 29
D 674 99 3 435 565 424 577 675 8
D 673 89 2 294 674 624 8
D 672 79 11 104 562 346 574 374 587 403 596 428 604 452 613 465 622 476 651 486 662 498 673 509 8
D 671 59 11 70 561 526 573 542 586 556 595 568 603 581 612 591 621 599 650 608 661 616 672 625 8
D 678 21 2 39 47 41 8
D 679 21 2 39 40 41 29
D 677 23 2 678 42 679 8
D 680 23 2 678 67 679 29
D 676 27 2 677 669 680 8
D 686 95 2 159 655 164 29
D 685 93 2 154 686 165 29
D 684 99 2 435 577 685 8
D 683 89 2 294 684 624 8
D 682 79 11 104 574 346 587 374 596 403 604 428 613 452 622 465 651 476 662 486 673 498 683 509 8
D 681 59 11 70 573 526 586 542 595 556 603 568 612 581 621 591 650 599 661 608 672 616 682 625 8
D 689 25 2 45 44 43 8
D 688 23 2 38 689 46 8
D 691 25 2 45 68 43 29
D 690 23 2 38 691 46 29
D 687 27 2 688 669 690 8
D 697 77 2 127 128 129 29
D 696 75 3 122 697 520 516 522 29
D 695 71 3 117 696 518 515 523 29
D 694 67 3 375 695 510 514 524 29
D 693 79 10 104 587 346 596 374 604 403 613 428 622 452 651 465 662 476 673 486 683 694 8
D 692 59 11 70 586 526 595 542 603 556 612 568 621 581 650 591 661 599 672 608 682 616 693 625 8
D 700 25 2 43 68 45 8
D 699 23 2 38 700 46 8
D 702 25 2 43 44 45 29
D 701 23 2 38 702 46 29
D 698 27 2 699 669 701 8
D 708 73 2 123 124 125 131
D 707 75 2 520 516 708 29
D 706 71 3 117 707 518 515 523 29
D 705 67 3 375 706 510 514 524 29
D 704 79 9 104 596 346 604 374 613 403 622 428 651 452 662 465 673 476 683 705 8
D 703 59 11 70 595 526 603 542 612 556 621 568 650 581 661 591 672 599 682 608 693 616 704 625 8
D 712 33 2 57 63 55 8
D 713 33 2 57 56 55 29
D 711 35 2 712 58 713 8
D 710 31 2 49 711 64 8
D 709 27 2 37 710 66 8
D 717 71 3 117 707 467 515 133 29
D 716 67 3 375 717 510 514 524 29
D 715 79 8 104 604 346 613 374 622 403 651 428 662 452 673 465 683 716 8
D 714 59 11 70 603 526 612 542 621 556 650 568 661 581 672 591 682 599 693 608 704 616 715 625 8
L 722 38 19
D 721 37 2 59 722 61 8
D 720 35 2 646 721 647 8
D 719 31 2 49 720 64 8
D 718 27 2 37 719 66 8
D 726 71 2 117 707 132 29
D 725 67 3 375 726 510 514 524 29
D 724 79 7 104 613 346 622 374 651 403 662 428 673 452 683 725 8
D 723 59 11 70 612 526 621 542 650 556 661 568 672 581 682 591 693 599 704 608 715 616 724 625 8
D 730 37 2 61 60 59 8
D 729 35 2 646 730 647 8
D 728 31 2 49 729 64 8
D 727 27 2 37 728 66 8
D 734 63 3 376 430 512 110 513 8
D 735 63 3 512 135 376 136 513 29
D 733 67 3 375 726 734 514 735 29
D 732 79 6 104 622 346 651 374 662 403 673 428 683 733 8
D 731 59 11 70 621 526 650 542 661 556 672 568 682 581 693 591 704 599 715 608 724 616 732 625 8
D 738 25 2 45 44 43 68
D 739 21 2 41 40 39 47
D 740 21 2 41 47 39 8
D 737 23 3 38 738 739 42 740 8
D 743 37 2 59 722 61 29
D 742 35 2 646 743 647 29
D 741 31 2 49 742 64 29
D 745 29 2 52 51 50 65
D 747 33 2 55 56 57 63
D 748 37 2 59 60 61 722
D 749 33 2 55 63 57 8
D 746 35 3 747 743 646 748 749 29
D 750 29 2 52 65 50 8
D 744 31 3 745 742 49 746 750 29
D 752 25 2 45 68 43 8
D 751 23 3 38 752 739 67 740 29
D 736 27 3 737 741 37 744 751 29
D 35 39 11 36 69 642 649 656 660 665 671 676 681 687 692 698 703 709 714 718 723 727 731 736 8
D 755 3 2 5 34 7 8
D 754 1 2 3 755 9 8
D 758 11 2 17 28 19 8
D 759 11 2 17 18 19 29
D 757 13 2 758 20 759 8
D 756 9 2 11 757 30 8
D 761 3 2 5 6 7 29
D 760 1 2 3 761 9 29
D 753 5 2 754 756 760 8
D 767 61 2 107 115 109 108
D 766 63 2 512 110 767 8
D 769 61 2 109 115 107 29
D 768 63 2 769 135 513 29
D 765 67 3 375 726 766 514 768 29
D 764 79 5 104 651 346 662 374 673 403 683 765 8
D 763 59 11 70 650 526 661 542 672 556 682 568 693 581 704 591 715 599 724 608 732 616 764 625 8
D 762 39 11 36 649 642 660 656 671 665 681 676 692 687 703 698 714 709 723 718 731 727 763 736 8
D 771 1 2 9 4 3 8
D 772 1 2 9 33 3 29
D 770 5 2 771 756 772 8
D 778 75 2 380 516 381 29
D 777 71 2 117 778 132 29
D 776 67 3 375 777 766 514 768 29
D 775 79 4 104 662 346 673 374 683 776 8
D 774 59 11 70 661 526 672 542 682 556 693 568 704 581 715 591 724 599 732 608 764 616 775 625 8
D 773 39 11 36 660 642 671 656 681 665 692 676 703 687 714 698 723 709 731 718 763 727 774 736 8
D 781 3 2 7 6 5 8
D 780 1 2 3 781 9 8
D 783 3 2 7 34 5 29
D 782 1 2 3 783 9 29
D 779 5 2 780 756 782 8
D 788 63 2 512 135 767 29
D 787 67 2 766 514 788 29
D 786 79 3 104 673 346 683 787 8
D 785 59 11 70 672 526 682 542 693 556 704 568 715 581 724 591 732 599 764 608 775 616 786 625 8
D 784 39 11 36 671 642 681 656 692 665 703 676 714 687 723 698 731 709 763 718 774 727 785 736 8
D 792 11 2 19 28 17 8
D 793 11 2 19 18 17 29
D 791 13 2 792 20 793 8
D 790 9 2 11 791 30 8
D 789 5 2 2 790 32 8
D 797 67 2 105 514 134 29
D 796 79 2 104 683 797 8
D 795 59 11 70 682 526 693 542 704 556 715 568 724 581 732 591 764 599 775 608 786 616 796 625 8
D 794 39 11 36 681 642 692 656 703 665 714 676 723 687 731 698 763 709 774 718 785 727 795 736 8
D 800 7 2 14 13 12 8
D 801 7 2 14 31 12 29
D 799 9 2 800 757 801 8
D 798 5 2 2 799 32 8
D 807 57 2 95 620 93 29
D 806 55 3 531 807 636 632 638 29
D 805 51 3 83 806 634 631 639 29
D 804 47 3 71 805 626 630 640 29
D 803 59 10 70 693 526 704 542 715 556 724 568 732 581 764 591 775 599 786 608 796 804 8
D 802 39 11 36 692 642 703 656 714 665 723 676 731 687 763 698 774 709 785 718 795 727 803 736 8
D 810 7 2 12 31 14 8
D 811 7 2 12 13 14 29
D 809 9 2 810 757 811 8
D 808 5 2 2 809 32 8
D 817 53 2 91 90 89 97
D 816 55 2 636 632 817 29
D 815 51 3 83 816 634 631 639 29
D 814 47 3 71 815 626 630 640 29
D 813 59 9 70 704 526 715 542 724 556 732 568 764 581 775 591 786 599 796 814 8
D 812 39 11 36 703 642 714 656 723 665 731 676 763 687 774 698 785 709 795 718 803 727 813 736 8
D 821 15 2 26 22 21 8
D 820 13 2 758 821 759 8
D 819 9 2 11 820 30 8
D 818 5 2 2 819 32 8
D 825 51 3 83 816 593 631 99 29
D 824 47 3 71 825 626 630 640 29
D 823 59 8 70 715 526 724 542 732 556 764 568 775 581 786 591 796 824 8
D 822 39 11 36 714 642 723 656 731 665 763 676 774 687 785 698 795 709 803 718 813 727 823 736 8
D 830 17 2 25 24 23 8
D 829 15 2 21 830 26 8
D 828 13 2 758 829 759 8
D 827 9 2 11 828 30 8
D 826 5 2 2 827 32 8
D 834 51 2 83 816 98 29
D 833 47 3 71 834 626 630 640 29
D 832 59 7 70 724 526 732 542 764 556 775 568 786 581 796 833 8
D 831 39 11 36 723 642 731 656 763 665 774 676 785 687 795 698 803 709 813 718 823 727 832 736 8
L 840 18 10
D 839 17 2 23 840 25 8
D 838 15 2 21 839 26 8
D 837 13 2 758 838 759 8
D 836 9 2 11 837 30 8
D 835 5 2 2 836 32 8
D 845 55 2 88 632 96 29
D 844 51 2 83 845 98 29
D 843 47 3 71 844 626 630 640 29
D 842 59 6 70 732 526 764 542 775 556 786 568 796 843 8
D 841 39 11 36 731 642 763 656 774 665 785 676 795 687 803 698 813 709 823 718 832 727 842 736 8
D 850 17 2 23 24 25 840
D 851 17 2 23 840 25 29
D 849 15 2 21 850 26 851
D 852 11 2 19 28 17 18
D 853 15 2 21 851 26 29
D 854 11 2 19 18 17 8
D 848 13 3 758 849 852 853 854 29
D 855 7 2 14 13 12 31
D 856 13 2 758 853 759 29
D 857 7 2 14 31 12 8
D 847 9 3 11 848 855 856 857 29
D 859 3 2 7 6 5 34
D 858 1 2 3 859 9 4
D 860 9 2 11 856 30 29
D 862 3 2 7 34 5 8
D 861 1 2 3 862 9 33
D 846 5 3 2 847 858 860 861 29
D 0 19 11 1 35 753 762 770 773 779 784 789 794 798 802 808 812 818 822 826 831 835 841 846 8
