c ids of sdd nodes start at 0
c sdd nodes appear bottom-up, children before parents
c
c file syntax:
c sdd count-of-sdd-nodes
c F id-of-false-sdd-node
c T id-of-true-sdd-node
c L id-of-literal-sdd-node id-of-vtree literal
c D id-of-decomposition-sdd-node id-of-vtree number-of-elements {id-of-prime id-of-sub}*
c
sdd 866
L 3 0 -3
L 5 2 -4
L 6 4 -2
L 7 2 4
F 8
D 4 3 2 5 6 7 8
L 9 0 3
D 2 1 2 3 4 9 8
L 12 6 -6
L 13 8 -7
L 14 6 6
D 11 7 2 12 13 14 8
L 17 10 -5
L 18 12 1
L 19 10 5
D 16 11 2 17 18 19 8
L 21 14 -8
L 23 16 -9
L 24 18 -10
L 25 16 9
D 22 17 2 23 24 25 8
L 26 14 8
D 20 15 2 21 22 26 8
L 28 12 -1
T 29
D 27 11 2 17 28 19 29
D 15 13 2 16 20 27 8
L 31 8 7
D 30 7 2 12 31 14 29
D 10 9 2 11 15 30 8
L 34 4 2
D 33 3 2 5 34 7 29
D 32 1 2 3 33 9 29
D 1 5 2 2 10 32 8
L 39 20 -14
L 40 22 -15
L 41 20 14
D 38 21 2 39 40 41 8
L 43 24 -16
L 44 26 -17
L 45 24 16
D 42 25 2 43 44 45 8
L 47 22 15
D 46 21 2 39 47 41 29
D 37 23 2 38 42 46 8
L 50 28 -13
L 51 30 -12
L 52 28 13
D 49 29 2 50 51 52 8
L 55 32 11
L 56 34 -18
L 57 32 -11
D 54 33 2 55 56 57 8
L 59 36 -20
L 60 38 -19
L 61 36 20
D 58 37 2 59 60 61 8
L 63 34 18
D 62 33 2 55 63 57 29
D 53 35 2 54 58 62 8
L 65 30 12
D 64 29 2 50 65 52 29
D 48 31 2 49 53 64 8
L 68 26 17
D 67 25 2 43 68 45 29
D 66 23 2 38 67 46 29
D 36 27 2 37 48 66 8
L 73 40 -34
L 74 42 -35
L 75 40 34
D 72 41 2 73 74 75 8
L 77 44 -32
L 78 46 -33
L 79 44 32
D 76 45 2 77 78 79 8
L 81 42 35
D 80 41 2 73 81 75 29
D 71 43 2 72 76 80 8
L 84 48 -37
L 85 50 -38
L 86 48 37
D 83 49 2 84 85 86 8
L 89 52 31
L 90 54 -36
L 91 52 -31
D 88 53 2 89 90 91 8
L 93 56 -39
L 94 58 -40
L 95 56 39
D 92 57 2 93 94 95 8
L 97 54 36
D 96 53 2 89 97 91 29
D 87 55 2 88 92 96 8
L 99 50 38
D 98 49 2 84 99 86 29
D 82 51 2 83 87 98 8
L 102 46 33
D 101 45 2 77 102 79 29
D 100 43 2 72 101 80 29
D 70 47 2 71 82 100 8
L 107 60 -22
L 108 62 21
L 109 60 22
D 106 61 2 107 108 109 8
L 111 64 -25
L 112 66 -26
L 113 64 25
D 110 65 2 111 112 113 8
L 115 62 -21
D 114 61 2 107 115 109 29
D 105 63 2 106 110 114 8
L 118 68 -27
L 119 70 -28
L 120 68 27
D 117 69 2 118 119 120 8
L 123 72 -23
L 124 74 -24
L 125 72 23
D 122 73 2 123 124 125 8
L 127 76 -30
L 128 78 -29
L 129 76 30
D 126 77 2 127 128 129 8
L 131 74 24
D 130 73 2 123 131 125 29
D 121 75 2 122 126 130 8
L 133 70 28
D 132 69 2 118 133 120 29
D 116 71 2 117 121 132 8
L 136 66 26
D 135 65 2 111 136 113 29
D 134 63 2 106 135 114 29
D 104 67 2 105 116 134 8
L 140 80 -46
L 141 82 -47
L 142 80 46
D 139 81 2 140 141 142 8
L 144 84 -48
L 146 86 50
L 147 88 -49
L 148 86 -50
D 145 87 2 146 147 148 8
L 149 84 48
D 143 85 2 144 145 149 8
L 151 82 47
D 150 81 2 140 151 142 29
D 138 83 2 139 143 150 8
L 155 90 -43
L 156 92 -44
L 157 90 43
D 154 91 2 155 156 157 8
L 159 94 -42
L 161 96 -45
L 162 98 -41
L 163 96 45
D 160 97 2 161 162 163 8
L 164 94 42
D 158 95 2 159 160 164 8
L 166 92 44
D 165 91 2 155 166 157 29
D 153 93 2 154 158 165 8
L 169 100 -57
L 171 102 -58
L 173 104 60
L 174 106 -59
L 175 104 -60
D 172 105 2 173 174 175 8
L 176 102 58
D 170 103 2 171 172 176 8
L 177 100 57
D 168 101 2 169 170 177 8
L 180 108 -53
L 182 110 -56
L 183 112 -55
L 184 110 56
D 181 111 2 182 183 184 8
L 185 108 53
D 179 109 2 180 181 185 8
L 188 114 -51
L 190 116 -54
L 191 118 -52
L 192 116 54
D 189 117 2 190 191 192 8
L 193 114 51
D 187 115 2 188 189 193 8
L 196 120 -61
L 197 122 -62
L 198 120 61
D 195 121 2 196 197 198 8
L 201 124 -63
L 202 126 -64
L 203 124 63
D 200 125 2 201 202 203 8
L 205 128 -65
L 207 130 66
L 209 132 -67
L 211 134 -68
L 213 136 -69
L 214 138 -70
L 215 136 69
D 212 137 2 213 214 215 8
L 216 134 68
D 210 135 2 211 212 216 8
L 217 132 67
D 208 133 2 209 210 217 8
L 218 130 -66
D 206 131 2 207 208 218 8
L 219 128 65
D 204 129 2 205 206 219 8
L 221 126 64
D 220 125 2 201 221 203 29
D 199 127 2 200 204 220 8
L 223 122 62
D 222 121 2 196 223 198 29
D 194 123 2 195 199 222 8
L 226 118 52
D 225 117 2 190 226 192 29
D 224 115 2 188 225 193 29
D 186 119 2 187 194 224 8
L 229 112 55
D 228 111 2 182 229 184 29
D 227 109 2 180 228 185 29
D 178 113 2 179 186 227 8
D 232 105 2 175 174 173 8
D 231 103 2 171 232 176 8
D 230 101 2 169 231 177 8
D 235 111 2 184 183 182 8
D 234 109 2 180 235 185 8
L 244 138 70
D 243 137 2 213 244 215 8
D 242 135 2 211 243 216 8
D 241 133 2 209 242 217 8
D 240 131 2 218 241 207 8
D 239 129 2 205 240 219 8
D 238 127 2 200 239 220 8
D 237 123 2 195 238 222 8
D 236 119 2 187 237 224 8
D 246 111 2 184 229 182 29
D 245 109 2 180 246 185 29
D 233 113 2 234 236 245 8
L 250 106 59
D 249 105 2 175 250 173 8
D 248 103 2 171 249 176 8
D 247 101 2 169 248 177 8
D 257 133 2 217 210 209 8
D 256 131 2 218 257 207 8
D 255 129 2 205 256 219 8
D 254 127 2 200 255 220 8
D 253 123 2 195 254 222 8
D 252 119 2 187 253 224 8
D 251 113 2 179 252 227 8
D 259 103 2 176 232 171 8
D 258 101 2 169 259 177 8
D 267 135 2 216 212 211 8
D 266 133 2 209 267 217 8
D 265 131 2 218 266 207 8
D 264 129 2 205 265 219 8
D 263 127 2 200 264 220 8
D 262 123 2 195 263 222 8
D 261 119 2 187 262 224 8
D 260 113 2 179 261 227 8
D 268 101 2 177 231 169 8
D 277 137 2 215 214 213 8
D 276 135 2 211 277 216 8
D 275 133 2 209 276 217 8
D 274 131 2 218 275 207 8
D 273 129 2 205 274 219 8
D 272 127 2 200 273 220 8
D 271 123 2 195 272 222 8
D 270 119 2 187 271 224 8
D 269 113 2 179 270 227 8
D 280 105 2 173 250 175 8
D 281 105 2 175 250 173 29
D 279 103 2 171 280 176 281
D 282 103 2 171 281 176 29
D 278 101 2 169 279 177 282
D 167 107 6 168 178 230 233 247 251 258 260 268 269 278 8
L 286 98 41
D 285 97 2 161 286 163 29
D 284 95 2 159 285 164 29
D 283 93 2 154 284 165 29
D 152 99 2 153 167 283 8
L 290 88 49
D 289 87 2 148 290 146 8
D 288 85 2 144 289 149 8
D 287 83 2 139 288 150 8
D 293 113 2 179 236 227 8
D 296 105 2 175 174 173 250
D 295 103 2 171 296 176 281
D 294 101 2 169 295 177 282
D 292 107 5 168 251 247 260 268 293 258 269 294 8
D 291 99 2 153 292 283 8
D 299 87 2 148 147 146 8
D 298 85 2 149 299 144 8
D 297 83 2 139 298 150 8
D 302 101 2 169 295 177 29
D 301 107 4 168 260 258 293 247 269 302 8
D 300 99 2 153 301 283 8
D 304 81 2 140 151 142 8
D 305 85 2 144 299 149 8
D 306 81 2 140 141 142 29
D 303 83 2 304 305 306 8
D 310 103 2 171 296 176 29
D 309 101 2 169 310 177 29
D 308 107 3 247 293 168 269 309 8
D 307 99 2 153 308 283 8
D 312 81 2 142 141 140 8
D 313 81 2 142 151 140 29
D 311 83 2 312 305 313 8
D 318 105 2 173 250 175 29
D 317 103 2 171 318 176 29
D 316 101 2 169 317 177 29
D 315 107 2 168 293 316 8
D 314 99 2 153 315 283 8
D 321 87 2 148 147 146 290
D 322 87 2 148 290 146 29
D 320 85 2 144 321 149 322
D 323 81 2 142 141 140 151
D 324 85 2 144 322 149 29
D 325 81 2 142 151 140 8
D 319 83 3 139 320 323 324 325 29
D 137 89 6 138 152 287 291 297 300 303 307 311 314 319 8
D 328 61 2 109 115 107 8
D 329 61 2 109 108 107 29
D 327 63 2 328 110 329 8
D 330 63 2 328 135 329 29
D 326 67 2 327 116 330 8
D 339 131 2 218 208 207 8
D 338 129 2 219 339 205 8
D 337 127 2 200 338 220 8
D 336 123 2 195 337 222 8
D 335 119 2 187 336 224 8
D 334 113 2 179 335 227 8
D 342 111 2 182 229 184 8
D 341 109 2 180 342 185 8
D 344 111 2 182 183 184 229
D 343 109 2 180 344 185 29
D 340 113 3 234 270 341 236 343 8
D 333 107 6 168 334 230 340 247 178 258 251 268 260 278 8
D 332 99 2 153 333 283 8
D 345 83 2 139 305 150 8
D 349 97 2 163 162 161 8
D 348 95 2 159 349 164 8
D 347 93 2 154 348 165 8
D 352 97 2 163 286 161 29
D 351 95 2 159 352 164 29
D 350 93 2 154 351 165 29
D 346 99 2 347 315 350 8
D 355 87 2 146 290 148 8
D 354 85 2 144 355 149 322
D 353 83 3 139 354 323 324 325 29
D 331 89 7 138 332 345 346 287 152 297 291 303 300 311 307 353 8
D 358 61 2 107 115 109 8
D 359 61 2 107 108 109 29
D 357 63 2 358 110 359 8
D 362 73 2 125 124 123 8
D 363 73 2 125 131 123 29
D 361 75 2 362 126 363 8
D 360 71 2 117 361 132 8
D 364 63 2 358 135 359 29
D 356 67 2 357 360 364 8
D 372 125 2 201 221 203 8
D 373 129 2 205 339 219 8
D 374 125 2 201 202 203 29
D 371 127 2 372 373 374 8
D 370 123 2 195 371 222 8
D 369 119 2 187 370 224 8
D 368 113 2 179 369 227 8
D 378 117 2 192 191 190 8
D 377 115 2 188 378 193 8
D 380 117 2 192 226 190 29
D 379 115 2 188 380 193 29
D 376 119 2 377 237 379 8
D 382 111 2 184 229 182 8
D 381 109 2 180 382 185 29
D 375 113 4 341 270 179 376 234 261 381 8
D 367 107 6 168 368 230 375 247 334 258 178 268 251 278 8
D 366 99 2 153 367 283 8
D 385 91 2 155 166 157 8
D 386 91 2 155 156 157 29
D 384 93 2 385 158 386 8
D 387 93 3 154 351 385 284 157 29
D 383 99 3 384 315 347 308 387 8
D 365 89 7 138 366 345 383 287 332 297 152 303 291 311 300 353 8
D 391 73 2 123 131 125 8
D 392 73 2 123 124 125 29
D 390 75 2 391 126 392 8
D 389 71 2 117 390 132 8
D 388 67 2 357 389 364 8
D 397 109 2 185 181 180 8
D 398 119 2 377 271 379 8
D 399 109 2 180 382 185 228
D 396 113 5 341 261 397 236 179 398 234 252 399 8
D 404 125 2 203 202 201 8
D 405 125 2 203 221 201 29
D 403 127 2 404 373 405 8
D 402 123 2 195 403 222 8
D 401 119 2 187 402 224 8
D 400 113 2 179 401 227 8
D 395 107 6 230 396 168 400 247 368 258 334 268 178 278 8
D 394 99 2 153 395 283 8
D 408 91 2 157 156 155 8
D 409 91 2 157 166 155 29
D 407 93 2 408 158 409 8
D 411 91 2 157 156 155 166
D 412 91 2 157 166 155 8
D 410 93 3 154 351 411 284 412 29
D 406 99 4 407 315 384 308 347 301 410 8
D 393 89 7 138 394 345 406 287 366 297 332 303 152 311 291 353 8
D 415 65 2 113 112 111 8
D 414 63 2 358 415 359 8
D 417 65 2 113 136 111 29
D 416 63 2 358 417 359 29
D 413 67 2 414 116 416 8
D 424 117 2 190 226 192 8
D 423 115 2 188 424 193 8
D 426 117 2 190 191 192 226
D 425 115 2 188 426 193 29
D 422 119 3 423 237 377 262 425 8
D 421 113 5 179 422 397 270 341 252 234 186 399 8
D 430 121 2 196 223 198 8
D 431 127 2 200 373 220 8
D 432 121 2 196 197 198 29
D 429 123 2 430 431 432 8
D 428 119 2 187 429 224 8
D 427 113 2 179 428 227 8
D 420 107 6 230 421 247 400 258 368 168 427 268 334 278 8
D 419 99 2 153 420 283 8
D 435 95 2 164 160 159 8
D 434 93 2 154 435 165 8
D 437 95 2 159 352 164 285
D 436 93 3 154 437 411 284 412 29
D 433 99 5 434 315 407 308 384 301 347 292 436 8
D 418 89 7 138 419 345 433 287 394 297 366 303 332 311 152 353 8
D 440 65 2 111 136 113 8
D 439 63 2 358 440 359 8
D 442 65 2 111 112 113 29
D 441 63 2 358 442 359 29
D 438 67 2 439 116 441 8
D 447 97 2 161 286 163 8
D 446 95 2 159 447 164 8
D 445 93 2 154 446 165 8
D 450 97 2 161 162 163 286
D 449 95 2 159 450 164 285
D 448 93 3 154 449 411 284 412 29
D 444 99 6 445 315 434 308 407 301 384 292 347 167 448 8
D 455 115 2 193 189 188 8
D 456 115 2 188 426 193 225
D 454 119 4 455 237 423 271 377 253 456 8
D 453 113 5 179 454 397 261 341 186 234 335 399 8
D 460 121 2 198 197 196 8
D 461 121 2 198 223 196 29
D 459 123 2 460 431 461 8
D 458 119 2 187 459 224 8
D 457 113 2 179 458 227 8
D 452 107 6 230 453 258 400 268 368 247 427 168 457 278 8
D 451 99 2 153 452 283 8
D 443 89 7 345 444 138 451 287 419 297 394 303 366 311 332 353 8
D 464 69 2 120 119 118 8
D 465 69 2 120 133 118 29
D 463 71 2 464 121 465 8
D 462 67 2 357 463 364 8
D 467 99 6 445 308 434 301 407 292 384 167 347 333 448 8
D 471 119 4 455 271 423 262 377 194 456 8
D 470 113 5 179 471 397 252 341 335 234 369 399 8
D 473 103 2 176 281 171 173
D 472 101 2 169 473 177 282
D 469 107 5 268 400 230 470 258 427 247 457 472 8
D 468 99 2 153 469 283 8
D 466 89 7 345 467 287 451 138 468 297 419 303 394 311 366 353 8
D 476 69 2 118 133 120 8
D 477 69 2 118 119 120 29
D 475 71 2 476 121 477 8
D 474 67 2 357 475 364 8
D 479 99 6 445 301 434 292 407 167 384 333 347 367 448 8
D 483 119 4 455 262 423 253 377 336 456 8
D 482 113 5 179 483 397 186 341 369 234 401 399 8
D 484 101 2 177 282 169 281
D 481 107 4 268 427 230 482 258 457 484 8
D 480 99 2 153 481 283 8
D 478 89 7 345 479 297 451 287 468 138 480 303 419 311 394 353 8
L 489 78 29
D 488 77 2 127 489 129 8
D 487 75 2 122 488 130 8
D 486 71 2 117 487 132 8
D 485 67 2 357 486 364 8
D 491 99 6 445 292 434 167 407 333 384 367 347 395 448 8
D 495 119 4 455 253 423 194 377 370 456 8
D 494 113 5 179 495 397 335 341 401 234 428 399 8
D 493 107 3 268 457 230 494 282 8
D 492 99 2 153 493 283 8
D 490 89 7 345 491 303 451 297 468 287 480 138 492 311 419 353 8
D 499 77 2 129 128 127 8
D 498 75 2 122 499 130 8
D 497 71 2 117 498 132 8
D 496 67 2 357 497 364 8
D 501 99 6 445 167 434 333 407 367 384 395 347 420 448 8
D 505 119 4 455 194 423 336 377 402 456 8
D 504 113 5 179 505 397 369 341 428 234 458 399 8
D 506 101 2 169 282 177 29
D 503 107 2 230 504 506 8
D 502 99 2 153 503 283 8
D 500 89 7 311 451 345 501 303 468 297 480 287 492 138 502 353 8
D 509 65 2 113 112 111 136
D 510 61 2 109 115 107 108
D 511 61 2 109 108 107 8
D 508 63 3 358 509 510 110 511 8
D 514 77 2 127 489 129 29
D 513 75 2 122 514 130 29
D 512 71 2 117 513 132 29
D 516 69 2 120 119 118 133
D 518 73 2 125 124 123 131
D 519 77 2 127 128 129 489
D 520 73 2 125 131 123 8
D 517 75 3 518 514 122 519 520 29
D 521 69 2 120 133 118 8
D 515 71 3 516 513 117 517 521 29
D 523 65 2 113 136 111 8
D 522 63 3 358 523 510 135 511 29
D 507 67 3 508 512 357 515 522 29
D 103 79 11 104 137 326 331 356 365 388 393 413 418 438 443 462 466 474 478 485 490 496 500 507 8
D 526 45 2 79 78 77 8
D 525 43 2 72 526 80 8
D 529 53 2 91 90 89 8
D 530 53 2 91 97 89 29
D 528 55 2 529 92 530 8
D 527 51 2 83 528 98 8
D 532 45 2 79 102 77 29
D 531 43 2 72 532 80 29
D 524 47 2 525 527 531 8
D 535 99 6 445 333 434 367 407 395 384 420 347 452 448 8
D 539 119 4 455 336 423 370 377 429 456 8
D 540 109 2 185 228 180 184
D 538 113 4 179 539 397 401 341 458 540 8
D 537 107 2 230 538 506 8
D 536 99 2 153 537 283 8
D 534 89 7 311 468 345 535 303 480 297 492 287 502 138 536 353 8
D 533 79 11 104 331 326 365 356 393 388 418 413 443 438 466 462 478 474 490 485 500 496 534 507 8
D 543 45 2 77 102 79 8
D 542 43 2 72 543 80 8
D 545 45 2 77 78 79 29
D 544 43 2 72 545 80 29
D 541 47 2 542 527 544 8
D 548 99 6 445 367 434 395 407 420 384 452 347 469 448 8
D 552 119 4 455 370 423 402 377 459 456 8
D 551 113 3 179 552 397 428 228 8
D 550 107 2 230 551 506 8
D 549 99 2 153 550 283 8
D 547 89 7 311 480 345 548 303 492 297 502 287 536 138 549 353 8
D 546 79 11 104 365 326 393 356 418 388 443 413 466 438 478 462 490 474 500 485 534 496 547 507 8
D 555 41 2 75 74 73 8
D 556 41 2 75 81 73 29
D 554 43 2 555 76 556 8
D 557 43 2 555 101 556 29
D 553 47 2 554 527 557 8
D 560 99 6 445 395 434 420 407 452 384 469 347 481 448 8
D 566 117 2 190 191 192 29
D 565 115 2 188 566 193 225
D 564 119 3 455 402 423 429 565 8
D 563 113 3 179 564 397 458 228 8
D 562 107 2 230 563 506 8
D 561 99 2 153 562 283 8
D 559 89 7 311 492 345 560 303 502 297 536 287 549 138 561 353 8
D 558 79 11 104 393 326 418 356 443 388 466 413 478 438 490 462 500 474 534 485 547 496 559 507 8
D 569 41 2 73 81 75 8
D 570 41 2 73 74 75 29
D 568 43 2 569 76 570 8
D 571 43 2 569 101 570 29
D 567 47 2 568 527 571 8
D 574 99 6 445 420 434 452 407 469 384 481 347 493 448 8
D 578 119 3 455 429 423 459 565 8
D 577 113 2 179 578 227 8
D 576 107 2 230 577 506 8
D 575 99 2 153 576 283 8
D 573 89 7 311 502 345 574 303 536 297 549 287 561 138 575 353 8
D 572 79 11 104 418 326 443 356 466 388 478 413 490 438 500 462 534 474 547 485 559 496 573 507 8
D 582 53 2 91 97 89 8
D 583 53 2 91 90 89 29
D 581 55 2 582 92 583 8
D 580 51 2 83 581 98 8
D 579 47 2 71 580 100 8
D 586 99 6 445 452 434 469 407 481 384 493 347 503 448 8
D 591 115 2 193 225 188 29
D 590 119 2 455 459 591 8
D 589 113 2 179 590 227 8
D 588 107 2 230 589 506 8
D 587 99 2 153 588 283 8
D 585 89 7 311 536 345 586 303 549 297 561 287 575 138 587 353 8
D 584 79 11 104 443 326 466 356 478 388 490 413 500 438 534 462 547 474 559 485 573 496 585 507 8
D 594 49 2 86 85 84 8
D 595 49 2 86 99 84 29
D 593 51 2 594 528 595 8
D 592 47 2 71 593 100 8
D 598 99 6 445 469 434 481 407 493 384 503 347 537 448 8
D 600 85 2 149 322 144 146
D 599 83 3 139 600 323 324 325 29
D 597 89 6 311 549 345 598 303 561 297 575 287 587 599 8
D 596 79 11 104 466 326 478 356 490 388 500 413 534 438 547 462 559 474 573 485 585 496 597 507 8
D 603 49 2 84 99 86 8
D 604 49 2 84 85 86 29
D 602 51 2 603 528 604 8
D 601 47 2 71 602 100 8
D 607 99 6 445 481 434 493 407 503 384 537 347 550 448 8
D 608 83 3 323 324 139 322 325 29
D 606 89 5 311 561 345 607 303 575 297 587 608 8
D 605 79 11 104 478 326 490 356 500 388 534 413 547 438 559 462 573 474 585 485 597 496 606 507 8
D 612 57 2 95 94 93 8
D 611 55 2 529 612 530 8
D 610 51 2 83 611 98 8
D 609 47 2 71 610 100 8
D 615 99 6 445 493 434 503 407 537 384 550 347 562 448 8
D 617 81 2 142 141 140 29
D 616 83 2 617 324 325 29
D 614 89 4 311 575 345 615 303 587 616 8
D 613 79 11 104 490 326 500 356 534 388 547 413 559 438 573 462 585 474 597 485 606 496 614 507 8
L 622 58 40
D 621 57 2 93 622 95 8
D 620 55 2 529 621 530 8
D 619 51 2 83 620 98 8
D 618 47 2 71 619 100 8
D 625 99 6 445 503 434 537 407 550 384 562 347 576 448 8
D 626 83 2 141 324 151 29
D 624 89 3 311 587 345 625 626 8
D 623 79 11 104 500 326 534 356 547 388 559 413 573 438 585 462 597 474 606 485 614 496 624 507 8
D 629 45 2 79 78 77 102
D 630 41 2 75 74 73 81
D 631 41 2 75 81 73 8
D 628 43 3 72 629 630 76 631 8
D 634 57 2 93 622 95 29
D 633 55 2 529 634 530 29
D 632 51 2 83 633 98 29
D 636 49 2 86 85 84 99
D 638 53 2 89 90 91 97
D 639 57 2 93 94 95 622
D 640 53 2 89 97 91 8
D 637 55 3 638 634 529 639 640 29
D 641 49 2 86 99 84 8
D 635 51 3 636 633 83 637 641 29
D 643 45 2 79 102 77 8
D 642 43 3 72 643 630 101 631 29
D 627 47 3 628 632 71 635 642 29
D 69 59 11 70 103 524 533 541 546 553 558 567 572 579 584 592 596 601 605 609 613 618 623 627 8
D 646 29 2 50 65 52 8
D 648 33 2 57 56 55 8
D 649 33 2 57 63 55 29
D 647 35 2 648 58 649 8
D 650 29 2 50 51 52 29
D 645 31 2 646 647 650 8
D 644 27 2 37 645 66 8
D 654 99 6 445 537 434 550 407 562 384 576 347 588 448 8
D 655 83 2 139 324 150 29
D 653 89 2 345 654 655 8
D 652 79 11 104 534 326 547 356 559 388 573 413 585 438 597 462 606 474 614 485 624 496 653 507 8
D 651 59 11 70 533 524 546 541 558 553 572 567 584 579 596 592 605 601 613 609 623 618 652 627 8
D 658 29 2 52 51 50 8
D 659 29 2 52 65 50 29
D 657 31 2 658 647 659 8
D 656 27 2 37 657 66 8
D 666 97 2 161 162 163 29
D 665 95 2 164 285 159 666
D 664 93 3 154 665 411 284 412 29
D 663 99 5 445 550 434 562 407 576 384 588 664 8
D 662 89 2 345 663 655 8
D 661 79 11 104 547 326 559 356 573 388 585 413 597 438 606 462 614 474 624 485 653 496 662 507 8
D 660 59 11 70 546 524 558 541 572 553 584 567 596 579 605 592 613 601 623 609 652 618 661 627 8
D 669 21 2 41 40 39 8
D 670 21 2 41 47 39 29
D 668 23 2 669 42 670 8
D 671 31 2 49 647 64 8
D 672 23 2 669 67 670 29
D 667 27 2 668 671 672 8
D 677 93 3 154 665 408 284 166 29
D 676 99 4 445 562 434 576 407 588 677 8
D 675 89 2 345 676 655 8
D 674 79 11 104 559 326 573 356 585 388 597 413 606 438 614 462 624 474 653 485 662 496 675 507 8
D 673 59 11 70 558 524 572 541 584 553 596 567 605 579 613 592 623 601 652 609 661 618 674 627 8
D 680 21 2 39 47 41 8
D 681 21 2 39 40 41 29
D 679 23 2 680 42 681 8
D 682 23 2 680 67 681 29
D 678 27 2 679 671 682 8
D 687 93 2 154 665 165 29
D 686 99 3 445 576 434 588 687 8
D 685 89 2 345 686 655 8
D 684 79 11 104 573 326 585 356 597 388 606 413 614 438 624 462 653 474 662 485 675 496 685 507 8
D 683 59 11 70 572 524 584 541 596 553 605 567 613 579 623 592 652 601 661 609 674 618 684 627 8
D 690 25 2 45 44 43 8
D 689 23 2 38 690 46 8
D 692 25 2 45 68 43 29
D 691 23 2 38 692 46 29
D 688 27 2 689 671 691 8
D 698 95 2 159 666 164 29
D 697 93 2 154 698 165 29
D 696 99 2 445 588 697 8
D 695 89 2 345 696 655 8
D 694 79 11 104 585 326 597 356 606 388 614 413 624 438 653 462 662 474 675 485 685 496 695 507 8
D 693 59 11 70 584 524 596 541 605 553 613 567 623 579 652 592 661 601 674 609 684 618 694 627 8
D 701 25 2 43 68 45 8
D 700 23 2 38 701 46 8
D 703 25 2 43 44 45 29
D 702 23 2 38 703 46 29
D 699 27 2 700 671 702 8
D 709 77 2 127 128 129 29
D 708 75 3 122 709 518 514 520 29
D 707 71 3 117 708 516 513 521 29
D 706 67 3 357 707 508 512 522 29
D 705 79 10 104 597 326 606 356 614 388 624 413 653 438 662 462 675 474 685 485 695 706 8
D 704 59 11 70 596 524 605 541 613 553 623 567 652 579 661 592 674 601 684 609 694 618 705 627 8
D 713 33 2 57 63 55 8
D 714 33 2 57 56 55 29
D 712 35 2 713 58 714 8
D 711 31 2 49 712 64 8
D 710 27 2 37 711 66 8
D 720 73 2 123 124 125 131
D 719 75 2 518 514 720 29
D 718 71 3 117 719 516 513 521 29
D 717 67 3 357 718 508 512 522 29
D 716 79 9 104 606 326 614 356 624 388 653 413 662 438 675 462 685 474 695 717 8
D 715 59 11 70 605 524 613 541 623 553 652 567 661 579 674 592 684 601 694 609 705 618 716 627 8
L 725 38 19
D 724 37 2 59 725 61 8
D 723 35 2 648 724 649 8
D 722 31 2 49 723 64 8
D 721 27 2 37 722 66 8
D 729 71 3 117 719 464 513 133 29
D 728 67 3 357 729 508 512 522 29
D 727 79 8 104 614 326 624 356 653 388 662 413 675 438 685 462 695 728 8
D 726 59 11 70 613 524 623 541 652 553 661 567 674 579 684 592 694 601 705 609 716 618 727 627 8
D 733 37 2 61 60 59 8
D 732 35 2 648 733 649 8
D 731 31 2 49 732 64 8
D 730 27 2 37 731 66 8
D 737 71 2 117 719 132 29
D 736 67 3 357 737 508 512 522 29
D 735 79 7 104 624 326 653 356 662 388 675 413 685 438 695 736 8
D 734 59 11 70 623 524 652 541 661 553 674 567 684 579 694 592 705 601 716 609 727 618 735 627 8
D 740 25 2 45 44 43 68
D 741 21 2 41 40 39 47
D 742 21 2 41 47 39 8
D 739 23 3 38 740 741 42 742 8
D 745 37 2 59 725 61 29
D 744 35 2 648 745 649 29
D 743 31 2 49 744 64 29
D 747 29 2 52 51 50 65
D 749 33 2 55 56 57 63
D 750 37 2 59 60 61 725
D 751 33 2 55 63 57 8
D 748 35 3 749 745 648 750 751 29
D 752 29 2 52 65 50 8
D 746 31 3 747 744 49 748 752 29
D 754 25 2 45 68 43 8
D 753 23 3 38 754 741 67 742 29
D 738 27 3 739 743 37 746 753 29
D 35 39 11 36 69 644 651 656 660 667 673 678 683 688 693 699 704 710 715 721 726 730 734 738 8
D 757 3 2 5 34 7 8
D 756 1 2 3 757 9 8
D 760 11 2 17 28 19 8
D 761 11 2 17 18 19 29
D 759 13 2 760 20 761 8
D 758 9 2 11 759 30 8
D 763 3 2 5 6 7 29
D 762 1 2 3 763 9 29
D 755 5 2 756 758 762 8
D 768 63 3 358 415 510 110 511 8
D 769 63 3 510 135 358 136 511 29
D 767 67 3 357 737 768 512 769 29
D 766 79 6 104 653 326 662 356 675 388 685 413 695 767 8
D 765 59 11 70 652 524 661 541 674 553 684 567 694 579 705 592 716 601 727 609 735 618 766 627 8
D 764 39 11 36 651 644 660 656 673 667 683 678 693 688 704 699 715 710 726 721 734 730 765 738 8
D 771 1 2 9 4 3 8
D 772 1 2 9 33 3 29
D 770 5 2 771 758 772 8
D 778 61 2 107 115 109 108
D 777 63 2 510 110 778 8
D 780 61 2 109 115 107 29
D 779 63 2 780 135 511 29
D 776 67 3 357 737 777 512 779 29
D 775 79 5 104 662 326 675 356 685 388 695 776 8
D 774 59 11 70 661 524 674 541 684 553 694 567 705 579 716 592 727 601 735 609 766 618 775 627 8
D 773 39 11 36 660 644 673 656 683 667 693 678 704 688 715 699 726 710 734 721 765 730 774 738 8
D 783 3 2 7 6 5 8
D 782 1 2 3 783 9 8
D 785 3 2 7 34 5 29
D 784 1 2 3 785 9 29
D 781 5 2 782 758 784 8
D 791 75 2 362 514 363 29
D 790 71 2 117 791 132 29
D 789 67 3 357 790 777 512 779 29
D 788 79 4 104 675 326 685 356 695 789 8
D 787 59 11 70 674 524 684 541 694 553 705 567 716 579 727 592 735 601 766 609 775 618 788 627 8
D 786 39 11 36 673 644 683 656 693 667 704 678 715 688 726 699 734 710 765 721 774 730 787 738 8
D 795 11 2 19 28 17 8
D 796 11 2 19 18 17 29
D 794 13 2 795 20 796 8
D 793 9 2 11 794 30 8
D 792 5 2 2 793 32 8
D 801 63 2 510 135 778 29
D 800 67 2 777 512 801 29
D 799 79 3 104 685 326 695 800 8
D 798 59 11 70 684 524 694 541 705 553 716 567 727 579 735 592 766 601 775 609 788 618 799 627 8
D 797 39 11 36 683 644 693 656 704 667 715 678 726 688 734 699 765 710 774 721 787 730 798 738 8
D 804 7 2 14 13 12 8
D 805 7 2 14 31 12 29
D 803 9 2 804 759 805 8
D 802 5 2 2 803 32 8
D 809 67 2 105 512 134 29
D 808 79 2 104 695 809 8
D 807 59 11 70 694 524 705 541 716 553 727 567 735 579 766 592 775 601 788 609 799 618 808 627 8
D 806 39 11 36 693 644 704 656 715 667 726 678 734 688 765 699 774 710 787 721 798 730 807 738 8
D 812 7 2 12 31 14 8
D 813 7 2 12 13 14 29
D 811 9 2 812 759 813 8
D 810 5 2 2 811 32 8
D 819 57 2 95 622 93 29
D 818 55 3 529 819 638 634 640 29
D 817 51 3 83 818 636 633 641 29
D 816 47 3 71 817 628 632 642 29
D 815 59 10 70 705 524 716 541 727 553 735 567 766 579 775 592 788 601 799 609 808 816 8
D 814 39 11 36 704 644 715 656 726 667 734 678 765 688 774 699 787 710 798 721 807 730 815 738 8
D 823 15 2 26 22 21 8
D 822 13 2 760 823 761 8
D 821 9 2 11 822 30 8
D 820 5 2 2 821 32 8
D 829 53 2 91 90 89 97
D 828 55 2 638 634 829 29
D 827 51 3 83 828 636 633 641 29
D 826 47 3 71 827 628 632 642 29
D 825 59 9 70 716 524 727 541 735 553 766 567 775 579 788 592 799 601 808 826 8
D 824 39 11 36 715 644 726 656 734 667 765 678 774 688 787 699 798 710 807 721 815 730 825 738 8
D 834 17 2 25 24 23 8
D 833 15 2 21 834 26 8
D 832 13 2 760 833 761 8
D 831 9 2 11 832 30 8
D 830 5 2 2 831 32 8
D 838 51 3 83 828 594 633 99 29
D 837 47 3 71 838 628 632 642 29
D 836 59 8 70 727 524 735 541 766 553 775 567 788 579 799 592 808 837 8
D 835 39 11 36 726 644 734 656 765 667 774 678 787 688 798 699 807 710 815 721 825 730 836 738 8
L 844 18 10
D 843 17 2 23 844 25 8
D 842 15 2 21 843 26 8
D 841 13 2 760 842 761 8
D 840 9 2 11 841 30 8
D 839 5 2 2 840 32 8
D 848 51 2 83 828 98 29
D 847 47 3 71 848 628 632 642 29
D 846 59 7 70 735 524 766 541 775 553 788 567 799 579 808 847 8
D 845 39 11 36 734 644 765 656 774 667 787 678 798 688 807 699 815 710 825 721 836 730 846 738 8
D 853 17 2 23 24 25 844
D 854 17 2 23 844 25 29
D 852 15 2 21 853 26 854
D 855 11 2 19 28 17 18
D 856 15 2 21 854 26 29
D 857 11 2 19 18 17 8
D 851 13 3 760 852 855 856 857 29
D 858 7 2 14 13 12 31
D 859 13 2 760 856 761 29
D 860 7 2 14 31 12 8
D 850 9 3 11 851 858 859 860 29
D 862 3 2 7 6 5 34
D 861 1 2 3 862 9 4
D 863 9 2 11 859 30 29
D 865 3 2 7 34 5 8
D 864 1 2 3 865 9 33
D 849 5 3 2 850 861 863 864 29
D 0 19 11 1 35 755 764 770 773 781 786 792 797 802 806 810 814 820 824 830 835 839 845 849 8
