c ids of sdd nodes start at 0
c sdd nodes appear bottom-up, children before parents
c
c file syntax:
c sdd count-of-sdd-nodes
c F id-of-false-sdd-node
c T id-of-true-sdd-node
c L id-of-literal-sdd-node id-of-vtree literal
c D id-of-decomposition-sdd-node id-of-vtree number-of-elements {id-of-prime id-of-sub}*
c
sdd 868
L 3 0 -3
L 5 2 -4
L 6 4 -2
L 7 2 4
F 8
D 4 3 2 5 6 7 8
L 9 0 3
D 2 1 2 3 4 9 8
L 12 6 -6
L 13 8 -7
L 14 6 6
D 11 7 2 12 13 14 8
L 17 10 -5
L 18 12 1
L 19 10 5
D 16 11 2 17 18 19 8
L 21 14 -8
L 23 16 -9
L 24 18 -10
L 25 16 9
D 22 17 2 23 24 25 8
L 26 14 8
D 20 15 2 21 22 26 8
L 28 12 -1
T 29
D 27 11 2 17 28 19 29
D 15 13 2 16 20 27 8
L 31 8 7
D 30 7 2 12 31 14 29
D 10 9 2 11 15 30 8
L 34 4 2
D 33 3 2 5 34 7 29
D 32 1 2 3 33 9 29
D 1 5 2 2 10 32 8
L 39 20 -14
L 40 22 -15
L 41 20 14
D 38 21 2 39 40 41 8
L 43 24 -16
L 44 26 -17
L 45 24 16
D 42 25 2 43 44 45 8
L 47 22 15
D 46 21 2 39 47 41 29
D 37 23 2 38 42 46 8
L 50 28 -13
L 51 30 -12
L 52 28 13
D 49 29 2 50 51 52 8
L 55 32 11
L 56 34 -18
L 57 32 -11
D 54 33 2 55 56 57 8
L 59 36 -20
L 60 38 -19
L 61 36 20
D 58 37 2 59 60 61 8
L 63 34 18
D 62 33 2 55 63 57 29
D 53 35 2 54 58 62 8
L 65 30 12
D 64 29 2 50 65 52 29
D 48 31 2 49 53 64 8
L 68 26 17
D 67 25 2 43 68 45 29
D 66 23 2 38 67 46 29
D 36 27 2 37 48 66 8
L 73 40 -34
L 74 42 -35
L 75 40 34
D 72 41 2 73 74 75 8
L 77 44 -32
L 78 46 -33
L 79 44 32
D 76 45 2 77 78 79 8
L 81 42 35
D 80 41 2 73 81 75 29
D 71 43 2 72 76 80 8
L 84 48 -37
L 85 50 -38
L 86 48 37
D 83 49 2 84 85 86 8
L 89 52 31
L 90 54 -36
L 91 52 -31
D 88 53 2 89 90 91 8
L 93 56 -39
L 94 58 -40
L 95 56 39
D 92 57 2 93 94 95 8
L 97 54 36
D 96 53 2 89 97 91 29
D 87 55 2 88 92 96 8
L 99 50 38
D 98 49 2 84 99 86 29
D 82 51 2 83 87 98 8
L 102 46 33
D 101 45 2 77 102 79 29
D 100 43 2 72 101 80 29
D 70 47 2 71 82 100 8
L 107 60 -22
L 108 62 21
L 109 60 22
D 106 61 2 107 108 109 8
L 111 64 -25
L 112 66 -26
L 113 64 25
D 110 65 2 111 112 113 8
L 115 62 -21
D 114 61 2 107 115 109 29
D 105 63 2 106 110 114 8
L 118 68 -27
L 119 70 -28
L 120 68 27
D 117 69 2 118 119 120 8
L 123 72 -23
L 124 74 -24
L 125 72 23
D 122 73 2 123 124 125 8
L 127 76 -30
L 128 78 -29
L 129 76 30
D 126 77 2 127 128 129 8
L 131 74 24
D 130 73 2 123 131 125 29
D 121 75 2 122 126 130 8
L 133 70 28
D 132 69 2 118 133 120 29
D 116 71 2 117 121 132 8
L 136 66 26
D 135 65 2 111 136 113 29
D 134 63 2 106 135 114 29
D 104 67 2 105 116 134 8
L 140 80 -46
L 141 82 -47
L 142 80 46
D 139 81 2 140 141 142 8
L 144 84 -48
L 146 86 50
L 147 88 -49
L 148 86 -50
D 145 87 2 146 147 148 8
L 149 84 48
D 143 85 2 144 145 149 8
L 151 82 47
D 150 81 2 140 151 142 29
D 138 83 2 139 143 150 8
L 155 90 -43
L 156 92 -44
L 157 90 43
D 154 91 2 155 156 157 8
L 159 94 -42
L 161 96 -45
L 162 98 -41
L 163 96 45
D 160 97 2 161 162 163 8
L 164 94 42
D 158 95 2 159 160 164 8
L 166 92 44
D 165 91 2 155 166 157 29
D 153 93 2 154 158 165 8
L 169 100 -57
L 171 102 -58
L 173 104 60
L 174 106 -59
L 175 104 -60
D 172 105 2 173 174 175 8
L 176 102 58
D 170 103 2 171 172 176 8
L 177 100 57
D 168 101 2 169 170 177 8
L 180 108 -53
L 182 110 -56
L 183 112 -55
L 184 110 56
D 181 111 2 182 183 184 8
L 185 108 53
D 179 109 2 180 181 185 8
L 188 114 -51
L 190 116 -54
L 191 118 -52
L 192 116 54
D 189 117 2 190 191 192 8
L 193 114 51
D 187 115 2 188 189 193 8
L 196 120 -61
L 197 122 -62
L 198 120 61
D 195 121 2 196 197 198 8
L 201 124 -63
L 202 126 -64
L 203 124 63
D 200 125 2 201 202 203 8
L 205 128 -65
L 207 130 -66
L 209 132 -67
L 211 134 68
L 213 136 -69
L 214 138 -70
L 215 136 69
D 212 137 2 213 214 215 8
L 216 134 -68
D 210 135 2 211 212 216 8
L 217 132 67
D 208 133 2 209 210 217 8
L 218 130 66
D 206 131 2 207 208 218 8
L 219 128 65
D 204 129 2 205 206 219 8
L 221 126 64
D 220 125 2 201 221 203 29
D 199 127 2 200 204 220 8
L 223 122 62
D 222 121 2 196 223 198 29
D 194 123 2 195 199 222 8
L 226 118 52
D 225 117 2 190 226 192 29
D 224 115 2 188 225 193 29
D 186 119 2 187 194 224 8
L 229 112 55
D 228 111 2 182 229 184 29
D 227 109 2 180 228 185 29
D 178 113 2 179 186 227 8
D 232 105 2 175 174 173 8
D 231 103 2 176 232 171 8
D 230 101 2 169 231 177 8
L 242 138 70
D 241 137 2 213 242 215 8
D 240 135 2 216 241 211 8
D 239 133 2 209 240 217 8
D 238 131 2 207 239 218 8
D 237 129 2 205 238 219 8
D 236 127 2 200 237 220 8
D 235 123 2 195 236 222 8
D 234 119 2 187 235 224 8
D 233 113 2 179 234 227 8
L 246 106 59
D 245 105 2 175 246 173 8
D 244 103 2 171 245 176 8
D 243 101 2 169 244 177 8
D 255 137 2 215 214 213 8
D 254 135 2 216 255 211 8
D 253 133 2 209 254 217 8
D 252 131 2 207 253 218 8
D 251 129 2 205 252 219 8
D 250 127 2 200 251 220 8
D 249 123 2 195 250 222 8
D 248 119 2 187 249 224 8
D 247 113 2 179 248 227 8
D 258 105 2 175 174 173 246
D 259 105 2 175 246 173 29
D 257 103 2 171 258 176 259
D 256 101 2 169 257 177 29
D 167 107 4 168 178 230 233 243 247 256 8
L 263 98 41
D 262 97 2 161 263 163 29
D 261 95 2 159 262 164 29
D 260 93 2 154 261 165 29
D 152 99 2 153 167 260 8
L 267 88 49
D 266 87 2 148 267 146 8
D 265 85 2 144 266 149 8
D 264 83 2 139 265 150 8
D 271 103 2 171 258 176 29
D 270 101 2 169 271 177 29
D 269 107 3 243 233 168 247 270 8
D 268 99 2 153 269 260 8
D 274 87 2 148 147 146 8
D 273 85 2 149 274 144 8
D 272 83 2 139 273 150 8
D 279 105 2 173 246 175 29
D 278 103 2 171 279 176 29
D 277 101 2 169 278 177 29
D 276 107 2 168 233 277 8
D 275 99 2 153 276 260 8
D 282 87 2 148 147 146 267
D 283 87 2 148 267 146 29
D 281 85 2 144 282 149 283
D 280 83 2 139 281 150 29
D 137 89 4 138 152 264 268 272 275 280 8
D 286 61 2 109 115 107 8
D 287 61 2 109 108 107 29
D 285 63 2 286 110 287 8
D 288 63 2 286 135 287 29
D 284 67 2 285 116 288 8
D 299 135 2 216 212 211 8
D 298 133 2 217 299 209 8
D 297 131 2 207 298 218 8
D 296 129 2 205 297 219 8
D 295 127 2 200 296 220 8
D 294 123 2 195 295 222 8
D 293 119 2 187 294 224 8
D 292 113 2 179 293 227 8
D 301 103 2 171 232 176 8
D 300 101 2 177 301 169 8
D 303 103 2 171 259 176 29
D 302 101 2 169 257 177 303
D 291 107 5 168 292 243 178 300 233 230 247 302 8
D 290 99 2 153 291 260 8
D 305 81 2 140 151 142 8
D 306 85 2 144 274 149 8
D 307 81 2 140 141 142 29
D 304 83 2 305 306 307 8
D 309 85 2 144 283 149 29
D 308 83 3 139 281 305 309 142 29
D 289 89 5 138 290 264 152 272 268 304 275 308 8
D 312 61 2 107 115 109 8
D 313 61 2 107 108 109 29
D 311 63 2 312 110 313 8
D 316 73 2 125 124 123 8
D 317 73 2 125 131 123 29
D 315 75 2 316 126 317 8
D 314 71 2 117 315 132 8
D 318 63 2 312 135 313 29
D 310 67 2 311 314 318 8
D 328 133 2 209 299 217 8
D 327 131 2 218 328 207 8
D 326 129 2 205 327 219 8
D 325 127 2 200 326 220 8
D 324 123 2 195 325 222 8
D 323 119 2 187 324 224 8
D 322 113 2 179 323 227 8
D 329 101 2 169 301 177 8
D 332 111 2 184 183 182 8
D 331 109 2 180 332 185 8
D 334 111 2 184 229 182 29
D 333 109 2 180 334 185 29
D 330 113 2 331 234 333 8
D 337 105 2 173 246 175 8
D 336 103 2 171 337 176 259
D 335 101 2 169 336 177 303
D 321 107 6 168 322 329 330 243 292 230 178 300 247 335 8
D 320 99 2 153 321 260 8
D 339 81 2 142 141 140 8
D 340 81 2 142 151 140 29
D 338 83 2 339 306 340 8
D 342 81 2 142 141 140 151
D 343 81 2 142 151 140 8
D 341 83 3 139 281 342 309 343 29
D 319 89 6 138 320 264 290 272 152 304 268 338 275 341 8
D 347 73 2 123 131 125 8
D 348 73 2 123 124 125 29
D 346 75 2 347 126 348 8
D 345 71 2 117 346 132 8
D 344 67 2 311 345 318 8
D 357 131 2 207 328 218 8
D 356 129 2 219 357 205 8
D 355 127 2 200 356 220 8
D 354 123 2 195 355 222 8
D 353 119 2 187 354 224 8
D 352 113 2 179 353 227 8
D 360 111 2 182 229 184 8
D 359 109 2 180 360 185 8
D 362 111 2 182 183 184 229
D 361 109 2 180 362 185 29
D 358 113 3 331 248 359 234 361 8
D 351 107 6 168 352 329 358 243 322 230 292 300 178 335 8
D 350 99 2 153 351 260 8
D 363 83 2 139 306 150 8
D 367 97 2 163 162 161 8
D 366 95 2 159 367 164 8
D 365 93 2 154 366 165 8
D 370 97 2 163 263 161 29
D 369 95 2 159 370 164 29
D 368 93 2 154 369 165 29
D 364 99 2 365 276 368 8
D 373 87 2 146 267 148 8
D 372 85 2 144 373 149 283
D 371 83 3 139 372 342 309 343 29
D 349 89 7 138 350 363 364 264 320 272 290 304 152 338 268 371 8
D 376 65 2 113 112 111 8
D 375 63 2 312 376 313 8
D 378 65 2 113 136 111 29
D 377 63 2 312 378 313 29
D 374 67 2 375 116 377 8
D 386 125 2 201 221 203 8
D 387 129 2 205 357 219 8
D 388 125 2 201 202 203 29
D 385 127 2 386 387 388 8
D 384 123 2 195 385 222 8
D 383 119 2 187 384 224 8
D 382 113 2 179 383 227 8
D 392 117 2 192 191 190 8
D 391 115 2 188 392 193 8
D 394 117 2 192 226 190 29
D 393 115 2 188 394 193 29
D 390 119 2 391 235 393 8
D 396 111 2 184 229 182 8
D 395 109 2 180 396 185 29
D 389 113 4 359 248 179 390 331 186 395 8
D 381 107 6 168 382 329 389 243 352 230 322 300 292 335 8
D 380 99 2 153 381 260 8
D 399 91 2 155 166 157 8
D 400 91 2 155 156 157 29
D 398 93 2 399 158 400 8
D 401 93 3 154 369 399 261 157 29
D 397 99 3 398 276 365 269 401 8
D 379 89 7 138 380 363 397 264 350 272 320 304 290 338 152 371 8
D 404 65 2 111 136 113 8
D 403 63 2 312 404 313 8
D 406 65 2 111 112 113 29
D 405 63 2 312 406 313 29
D 402 67 2 403 116 405 8
D 411 109 2 185 181 180 8
D 412 119 2 391 249 393 8
D 413 109 2 180 396 185 228
D 410 113 5 359 186 411 234 179 412 331 293 413 8
D 418 125 2 203 202 201 8
D 419 125 2 203 221 201 29
D 417 127 2 418 387 419 8
D 416 123 2 195 417 222 8
D 415 119 2 187 416 224 8
D 414 113 2 179 415 227 8
D 409 107 6 329 410 168 414 243 382 230 352 300 322 335 8
D 408 99 2 153 409 260 8
D 422 91 2 157 156 155 8
D 423 91 2 157 166 155 29
D 421 93 2 422 158 423 8
D 425 91 2 157 156 155 166
D 426 91 2 157 166 155 8
D 424 93 3 154 369 425 261 426 29
D 420 99 4 421 276 398 269 365 167 424 8
D 407 89 7 138 408 363 420 264 380 272 350 304 320 338 290 371 8
D 429 69 2 120 119 118 8
D 430 69 2 120 133 118 29
D 428 71 2 429 121 430 8
D 427 67 2 311 428 318 8
D 437 117 2 190 226 192 8
D 436 115 2 188 437 193 8
D 439 117 2 190 191 192 226
D 438 115 2 188 439 193 29
D 435 119 3 436 235 391 194 438 8
D 434 113 5 179 435 411 248 359 293 331 323 413 8
D 443 121 2 196 223 198 8
D 444 127 2 200 387 220 8
D 445 121 2 196 197 198 29
D 442 123 2 443 444 445 8
D 441 119 2 187 442 224 8
D 440 113 2 179 441 227 8
D 433 107 6 329 434 243 414 230 382 168 440 300 352 335 8
D 432 99 2 153 433 260 8
D 448 95 2 164 160 159 8
D 447 93 2 154 448 165 8
D 450 95 2 159 370 164 262
D 449 93 3 154 450 425 261 426 29
D 446 99 5 447 276 421 269 398 167 365 291 449 8
D 431 89 7 138 432 363 446 264 408 272 380 304 350 338 320 371 8
D 453 69 2 118 133 120 8
D 454 69 2 118 119 120 29
D 452 71 2 453 121 454 8
D 451 67 2 311 452 318 8
D 459 97 2 161 263 163 8
D 458 95 2 159 459 164 8
D 457 93 2 154 458 165 8
D 462 97 2 161 162 163 263
D 461 95 2 159 462 164 262
D 460 93 3 154 461 425 261 426 29
D 456 99 6 457 276 447 269 421 167 398 291 365 321 460 8
D 467 115 2 193 189 188 8
D 468 115 2 188 439 193 225
D 466 119 4 467 235 436 249 391 294 468 8
D 465 113 5 179 466 411 186 359 323 331 353 413 8
D 472 121 2 198 197 196 8
D 473 121 2 198 223 196 29
D 471 123 2 472 444 473 8
D 470 119 2 187 471 224 8
D 469 113 2 179 470 227 8
D 464 107 6 329 465 230 414 300 382 243 440 168 469 335 8
D 463 99 2 153 464 260 8
D 455 89 7 363 456 138 463 264 432 272 408 304 380 338 350 371 8
L 478 78 29
D 477 77 2 127 478 129 8
D 476 75 2 122 477 130 8
D 475 71 2 117 476 132 8
D 474 67 2 311 475 318 8
D 480 99 6 457 269 447 167 421 291 398 321 365 351 460 8
D 484 119 4 467 249 436 194 391 324 468 8
D 483 113 5 179 484 411 293 359 353 331 383 413 8
D 486 103 2 176 259 171 173
D 485 101 2 169 486 177 303
D 482 107 5 300 414 329 483 230 440 243 469 485 8
D 481 99 2 153 482 260 8
D 479 89 7 363 480 264 463 138 481 272 432 304 408 338 380 371 8
D 490 77 2 129 128 127 8
D 489 75 2 122 490 130 8
D 488 71 2 117 489 132 8
D 487 67 2 311 488 318 8
D 492 99 6 457 167 447 291 421 321 398 351 365 381 460 8
D 496 119 4 467 194 436 294 391 354 468 8
D 495 113 5 179 496 411 323 359 383 331 415 413 8
D 497 101 2 177 303 169 259
D 494 107 4 300 440 329 495 230 469 497 8
D 493 99 2 153 494 260 8
D 491 89 7 363 492 272 463 264 481 138 493 304 432 338 408 371 8
D 500 65 2 113 112 111 136
D 501 61 2 109 115 107 108
D 502 61 2 109 108 107 8
D 499 63 3 312 500 501 110 502 8
D 505 77 2 127 478 129 29
D 504 75 2 122 505 130 29
D 503 71 2 117 504 132 29
D 507 69 2 120 119 118 133
D 509 73 2 125 124 123 131
D 510 77 2 127 128 129 478
D 511 73 2 125 131 123 8
D 508 75 3 509 505 122 510 511 29
D 512 69 2 120 133 118 8
D 506 71 3 507 504 117 508 512 29
D 514 65 2 113 136 111 8
D 513 63 3 312 514 501 135 502 29
D 498 67 3 499 503 311 506 513 29
D 103 79 11 104 137 284 289 310 319 344 349 374 379 402 407 427 431 451 455 474 479 487 491 498 8
D 517 45 2 79 78 77 8
D 516 43 2 72 517 80 8
D 520 53 2 91 90 89 8
D 521 53 2 91 97 89 29
D 519 55 2 520 92 521 8
D 518 51 2 83 519 98 8
D 523 45 2 79 102 77 29
D 522 43 2 72 523 80 29
D 515 47 2 516 518 522 8
D 526 99 6 457 291 447 321 421 351 398 381 365 409 460 8
D 530 119 4 467 294 436 324 391 384 468 8
D 529 113 5 179 530 411 353 359 415 331 441 413 8
D 528 107 3 300 469 329 529 303 8
D 527 99 2 153 528 260 8
D 525 89 7 363 526 304 463 272 481 264 493 138 527 338 432 371 8
D 524 79 11 104 289 284 319 310 349 344 379 374 407 402 431 427 455 451 479 474 491 487 525 498 8
D 533 45 2 77 102 79 8
D 532 43 2 72 533 80 8
D 535 45 2 77 78 79 29
D 534 43 2 72 535 80 29
D 531 47 2 532 518 534 8
D 538 99 6 457 321 447 351 421 381 398 409 365 433 460 8
D 542 119 4 467 324 436 354 391 416 468 8
D 541 113 5 179 542 411 383 359 441 331 470 413 8
D 543 101 2 169 303 177 29
D 540 107 2 329 541 543 8
D 539 99 2 153 540 260 8
D 537 89 7 338 463 363 538 304 481 272 493 264 527 138 539 371 8
D 536 79 11 104 319 284 349 310 379 344 407 374 431 402 455 427 479 451 491 474 525 487 537 498 8
D 546 41 2 75 74 73 8
D 547 41 2 75 81 73 29
D 545 43 2 546 76 547 8
D 548 43 2 546 101 547 29
D 544 47 2 545 518 548 8
D 551 99 6 457 351 447 381 421 409 398 433 365 464 460 8
D 555 119 4 467 354 436 384 391 442 468 8
D 556 109 2 185 228 180 184
D 554 113 4 179 555 411 415 359 470 556 8
D 553 107 2 329 554 543 8
D 552 99 2 153 553 260 8
D 550 89 7 338 481 363 551 304 493 272 527 264 539 138 552 371 8
D 549 79 11 104 349 284 379 310 407 344 431 374 455 402 479 427 491 451 525 474 537 487 550 498 8
D 559 41 2 73 81 75 8
D 560 41 2 73 74 75 29
D 558 43 2 559 76 560 8
D 561 43 2 559 101 560 29
D 557 47 2 558 518 561 8
D 564 99 6 457 381 447 409 421 433 398 464 365 482 460 8
D 568 119 4 467 384 436 416 391 471 468 8
D 567 113 3 179 568 411 441 228 8
D 566 107 2 329 567 543 8
D 565 99 2 153 566 260 8
D 563 89 7 338 493 363 564 304 527 272 539 264 552 138 565 371 8
D 562 79 11 104 379 284 407 310 431 344 455 374 479 402 491 427 525 451 537 474 550 487 563 498 8
D 572 53 2 91 97 89 8
D 573 53 2 91 90 89 29
D 571 55 2 572 92 573 8
D 570 51 2 83 571 98 8
D 569 47 2 71 570 100 8
D 576 99 6 457 409 447 433 421 464 398 482 365 494 460 8
D 582 117 2 190 191 192 29
D 581 115 2 188 582 193 225
D 580 119 3 467 416 436 442 581 8
D 579 113 3 179 580 411 470 228 8
D 578 107 2 329 579 543 8
D 577 99 2 153 578 260 8
D 575 89 7 338 527 363 576 304 539 272 552 264 565 138 577 371 8
D 574 79 11 104 407 284 431 310 455 344 479 374 491 402 525 427 537 451 550 474 563 487 575 498 8
D 585 49 2 86 85 84 8
D 586 49 2 86 99 84 29
D 584 51 2 585 519 586 8
D 583 47 2 71 584 100 8
D 589 99 6 457 433 447 464 421 482 398 494 365 528 460 8
D 593 119 3 467 442 436 471 581 8
D 592 113 2 179 593 227 8
D 591 107 2 329 592 543 8
D 590 99 2 153 591 260 8
D 588 89 7 338 539 363 589 304 552 272 565 264 577 138 590 371 8
D 587 79 11 104 431 284 455 310 479 344 491 374 525 402 537 427 550 451 563 474 575 487 588 498 8
D 596 49 2 84 99 86 8
D 597 49 2 84 85 86 29
D 595 51 2 596 519 597 8
D 594 47 2 71 595 100 8
D 600 99 6 457 464 447 482 421 494 398 528 365 540 460 8
D 605 115 2 193 225 188 29
D 604 119 2 467 471 605 8
D 603 113 2 179 604 227 8
D 602 107 2 329 603 543 8
D 601 99 2 153 602 260 8
D 599 89 7 338 552 363 600 304 565 272 577 264 590 138 601 371 8
D 598 79 11 104 455 284 479 310 491 344 525 374 537 402 550 427 563 451 575 474 588 487 599 498 8
D 609 57 2 95 94 93 8
D 608 55 2 520 609 521 8
D 607 51 2 83 608 98 8
D 606 47 2 71 607 100 8
D 612 99 6 457 482 447 494 421 528 398 540 365 553 460 8
D 614 85 2 149 283 144 146
D 613 83 3 139 614 342 309 343 29
D 611 89 6 338 565 363 612 304 577 272 590 264 601 613 8
D 610 79 11 104 479 284 491 310 525 344 537 374 550 402 563 427 575 451 588 474 599 487 611 498 8
L 619 58 40
D 618 57 2 93 619 95 8
D 617 55 2 520 618 521 8
D 616 51 2 83 617 98 8
D 615 47 2 71 616 100 8
D 622 99 6 457 494 447 528 421 540 398 553 365 566 460 8
D 623 83 3 342 309 139 283 343 29
D 621 89 5 338 577 363 622 304 590 272 601 623 8
D 620 79 11 104 491 284 525 310 537 344 550 374 563 402 575 427 588 451 599 474 611 487 621 498 8
D 626 45 2 79 78 77 102
D 627 41 2 75 74 73 81
D 628 41 2 75 81 73 8
D 625 43 3 72 626 627 76 628 8
D 631 57 2 93 619 95 29
D 630 55 2 520 631 521 29
D 629 51 2 83 630 98 29
D 633 49 2 86 85 84 99
D 635 53 2 89 90 91 97
D 636 57 2 93 94 95 619
D 637 53 2 89 97 91 8
D 634 55 3 635 631 520 636 637 29
D 638 49 2 86 99 84 8
D 632 51 3 633 630 83 634 638 29
D 640 45 2 79 102 77 8
D 639 43 3 72 640 627 101 628 29
D 624 47 3 625 629 71 632 639 29
D 69 59 11 70 103 515 524 531 536 544 549 557 562 569 574 583 587 594 598 606 610 615 620 624 8
D 643 29 2 50 65 52 8
D 645 33 2 57 56 55 8
D 646 33 2 57 63 55 29
D 644 35 2 645 58 646 8
D 647 29 2 50 51 52 29
D 642 31 2 643 644 647 8
D 641 27 2 37 642 66 8
D 651 99 6 457 528 447 540 421 553 398 566 365 578 460 8
D 653 81 2 142 141 140 29
D 652 83 2 653 309 343 29
D 650 89 4 338 590 363 651 304 601 652 8
D 649 79 11 104 525 284 537 310 550 344 563 374 575 402 588 427 599 451 611 474 621 487 650 498 8
D 648 59 11 70 524 515 536 531 549 544 562 557 574 569 587 583 598 594 610 606 620 615 649 624 8
D 656 29 2 52 51 50 8
D 657 29 2 52 65 50 29
D 655 31 2 656 644 657 8
D 654 27 2 37 655 66 8
D 661 99 6 457 540 447 553 421 566 398 578 365 591 460 8
D 662 83 2 141 309 151 29
D 660 89 3 338 601 363 661 662 8
D 659 79 11 104 537 284 550 310 563 344 575 374 588 402 599 427 611 451 621 474 650 487 660 498 8
D 658 59 11 70 536 515 549 531 562 544 574 557 587 569 598 583 610 594 620 606 649 615 659 624 8
D 665 21 2 41 40 39 8
D 666 21 2 41 47 39 29
D 664 23 2 665 42 666 8
D 667 31 2 49 644 64 8
D 668 23 2 665 67 666 29
D 663 27 2 664 667 668 8
D 672 99 6 457 553 447 566 421 578 398 591 365 602 460 8
D 673 83 2 139 309 150 29
D 671 89 2 363 672 673 8
D 670 79 11 104 550 284 563 310 575 344 588 374 599 402 611 427 621 451 650 474 660 487 671 498 8
D 669 59 11 70 549 515 562 531 574 544 587 557 598 569 610 583 620 594 649 606 659 615 670 624 8
D 676 21 2 39 47 41 8
D 677 21 2 39 40 41 29
D 675 23 2 676 42 677 8
D 678 23 2 676 67 677 29
D 674 27 2 675 667 678 8
D 685 97 2 161 162 163 29
D 684 95 2 164 262 159 685
D 683 93 3 154 684 425 261 426 29
D 682 99 5 457 566 447 578 421 591 398 602 683 8
D 681 89 2 363 682 673 8
D 680 79 11 104 563 284 575 310 588 344 599 374 611 402 621 427 650 451 660 474 671 487 681 498 8
D 679 59 11 70 562 515 574 531 587 544 598 557 610 569 620 583 649 594 659 606 670 615 680 624 8
D 688 25 2 45 44 43 8
D 687 23 2 38 688 46 8
D 690 25 2 45 68 43 29
D 689 23 2 38 690 46 29
D 686 27 2 687 667 689 8
D 695 93 3 154 684 422 261 166 29
D 694 99 4 457 578 447 591 421 602 695 8
D 693 89 2 363 694 673 8
D 692 79 11 104 575 284 588 310 599 344 611 374 621 402 650 427 660 451 671 474 681 487 693 498 8
D 691 59 11 70 574 515 587 531 598 544 610 557 620 569 649 583 659 594 670 606 680 615 692 624 8
D 698 25 2 43 68 45 8
D 697 23 2 38 698 46 8
D 700 25 2 43 44 45 29
D 699 23 2 38 700 46 29
D 696 27 2 697 667 699 8
D 705 93 2 154 684 165 29
D 704 99 3 457 591 447 602 705 8
D 703 89 2 363 704 673 8
D 702 79 11 104 588 284 599 310 611 344 621 374 650 402 660 427 671 451 681 474 693 487 703 498 8
D 701 59 11 70 587 515 598 531 610 544 620 557 649 569 659 583 670 594 680 606 692 615 702 624 8
D 709 33 2 57 63 55 8
D 710 33 2 57 56 55 29
D 708 35 2 709 58 710 8
D 707 31 2 49 708 64 8
D 706 27 2 37 707 66 8
D 716 95 2 159 685 164 29
D 715 93 2 154 716 165 29
D 714 99 2 457 602 715 8
D 713 89 2 363 714 673 8
D 712 79 11 104 599 284 611 310 621 344 650 374 660 402 671 427 681 451 693 474 703 487 713 498 8
D 711 59 11 70 598 515 610 531 620 544 649 557 659 569 670 583 680 594 692 606 702 615 712 624 8
L 721 38 19
D 720 37 2 59 721 61 8
D 719 35 2 645 720 646 8
D 718 31 2 49 719 64 8
D 717 27 2 37 718 66 8
D 727 77 2 127 128 129 29
D 726 75 3 122 727 509 505 511 29
D 725 71 3 117 726 507 504 512 29
D 724 67 3 311 725 499 503 513 29
D 723 79 10 104 611 284 621 310 650 344 660 374 671 402 681 427 693 451 703 474 713 724 8
D 722 59 11 70 610 515 620 531 649 544 659 557 670 569 680 583 692 594 702 606 712 615 723 624 8
D 731 37 2 61 60 59 8
D 730 35 2 645 731 646 8
D 729 31 2 49 730 64 8
D 728 27 2 37 729 66 8
D 737 73 2 123 124 125 131
D 736 75 2 509 505 737 29
D 735 71 3 117 736 507 504 512 29
D 734 67 3 311 735 499 503 513 29
D 733 79 9 104 621 284 650 310 660 344 671 374 681 402 693 427 703 451 713 734 8
D 732 59 11 70 620 515 649 531 659 544 670 557 680 569 692 583 702 594 712 606 723 615 733 624 8
D 740 25 2 45 44 43 68
D 741 21 2 41 40 39 47
D 742 21 2 41 47 39 8
D 739 23 3 38 740 741 42 742 8
D 745 37 2 59 721 61 29
D 744 35 2 645 745 646 29
D 743 31 2 49 744 64 29
D 747 29 2 52 51 50 65
D 749 33 2 55 56 57 63
D 750 37 2 59 60 61 721
D 751 33 2 55 63 57 8
D 748 35 3 749 745 645 750 751 29
D 752 29 2 52 65 50 8
D 746 31 3 747 744 49 748 752 29
D 754 25 2 45 68 43 8
D 753 23 3 38 754 741 67 742 29
D 738 27 3 739 743 37 746 753 29
D 35 39 11 36 69 641 648 654 658 663 669 674 679 686 691 696 701 706 711 717 722 728 732 738 8
D 757 3 2 5 34 7 8
D 756 1 2 3 757 9 8
D 760 11 2 17 28 19 8
D 761 11 2 17 18 19 29
D 759 13 2 760 20 761 8
D 758 9 2 11 759 30 8
D 763 3 2 5 6 7 29
D 762 1 2 3 763 9 29
D 755 5 2 756 758 762 8
D 768 71 3 117 736 429 504 133 29
D 767 67 3 311 768 499 503 513 29
D 766 79 8 104 650 284 660 310 671 344 681 374 693 402 703 427 713 767 8
D 765 59 11 70 649 515 659 531 670 544 680 557 692 569 702 583 712 594 723 606 733 615 766 624 8
D 764 39 11 36 648 641 658 654 669 663 679 674 691 686 701 696 711 706 722 717 732 728 765 738 8
D 770 1 2 9 4 3 8
D 771 1 2 9 33 3 29
D 769 5 2 770 758 771 8
D 776 71 2 117 736 132 29
D 775 67 3 311 776 499 503 513 29
D 774 79 7 104 660 284 671 310 681 344 693 374 703 402 713 775 8
D 773 59 11 70 659 515 670 531 680 544 692 557 702 569 712 583 723 594 733 606 766 615 774 624 8
D 772 39 11 36 658 641 669 654 679 663 691 674 701 686 711 696 722 706 732 717 765 728 773 738 8
D 779 3 2 7 6 5 8
D 778 1 2 3 779 9 8
D 781 3 2 7 34 5 29
D 780 1 2 3 781 9 29
D 777 5 2 778 758 780 8
D 786 63 3 312 376 501 110 502 8
D 787 63 3 501 135 312 136 502 29
D 785 67 3 311 776 786 503 787 29
D 784 79 6 104 671 284 681 310 693 344 703 374 713 785 8
D 783 59 11 70 670 515 680 531 692 544 702 557 712 569 723 583 733 594 766 606 774 615 784 624 8
D 782 39 11 36 669 641 679 654 691 663 701 674 711 686 722 696 732 706 765 717 773 728 783 738 8
D 791 11 2 19 28 17 8
D 792 11 2 19 18 17 29
D 790 13 2 791 20 792 8
D 789 9 2 11 790 30 8
D 788 5 2 2 789 32 8
D 798 61 2 107 115 109 108
D 797 63 2 501 110 798 8
D 800 61 2 109 115 107 29
D 799 63 2 800 135 502 29
D 796 67 3 311 776 797 503 799 29
D 795 79 5 104 681 284 693 310 703 344 713 796 8
D 794 59 11 70 680 515 692 531 702 544 712 557 723 569 733 583 766 594 774 606 784 615 795 624 8
D 793 39 11 36 679 641 691 654 701 663 711 674 722 686 732 696 765 706 773 717 783 728 794 738 8
D 803 7 2 14 13 12 8
D 804 7 2 14 31 12 29
D 802 9 2 803 759 804 8
D 801 5 2 2 802 32 8
D 810 75 2 316 505 317 29
D 809 71 2 117 810 132 29
D 808 67 3 311 809 797 503 799 29
D 807 79 4 104 693 284 703 310 713 808 8
D 806 59 11 70 692 515 702 531 712 544 723 557 733 569 766 583 774 594 784 606 795 615 807 624 8
D 805 39 11 36 691 641 701 654 711 663 722 674 732 686 765 696 773 706 783 717 794 728 806 738 8
D 813 7 2 12 31 14 8
D 814 7 2 12 13 14 29
D 812 9 2 813 759 814 8
D 811 5 2 2 812 32 8
D 819 63 2 501 135 798 29
D 818 67 2 797 503 819 29
D 817 79 3 104 703 284 713 818 8
D 816 59 11 70 702 515 712 531 723 544 733 557 766 569 774 583 784 594 795 606 807 615 817 624 8
D 815 39 11 36 701 641 711 654 722 663 732 674 765 686 773 696 783 706 794 717 806 728 816 738 8
D 823 15 2 26 22 21 8
D 822 13 2 760 823 761 8
D 821 9 2 11 822 30 8
D 820 5 2 2 821 32 8
D 827 67 2 105 503 134 29
D 826 79 2 104 713 827 8
D 825 59 11 70 712 515 723 531 733 544 766 557 774 569 784 583 795 594 807 606 817 615 826 624 8
D 824 39 11 36 711 641 722 654 732 663 765 674 773 686 783 696 794 706 806 717 816 728 825 738 8
D 832 17 2 25 24 23 8
D 831 15 2 21 832 26 8
D 830 13 2 760 831 761 8
D 829 9 2 11 830 30 8
D 828 5 2 2 829 32 8
D 838 57 2 95 619 93 29
D 837 55 3 520 838 635 631 637 29
D 836 51 3 83 837 633 630 638 29
D 835 47 3 71 836 625 629 639 29
D 834 59 10 70 723 515 733 531 766 544 774 557 784 569 795 583 807 594 817 606 826 835 8
D 833 39 11 36 722 641 732 654 765 663 773 674 783 686 794 696 806 706 816 717 825 728 834 738 8
L 844 18 10
D 843 17 2 23 844 25 8
D 842 15 2 21 843 26 8
D 841 13 2 760 842 761 8
D 840 9 2 11 841 30 8
D 839 5 2 2 840 32 8
D 850 53 2 91 90 89 97
D 849 55 2 635 631 850 29
D 848 51 3 83 849 633 630 638 29
D 847 47 3 71 848 625 629 639 29
D 846 59 9 70 733 515 766 531 774 544 784 557 795 569 807 583 817 594 826 847 8
D 845 39 11 36 732 641 765 654 773 663 783 674 794 686 806 696 816 706 825 717 834 728 846 738 8
D 855 17 2 23 24 25 844
D 856 17 2 23 844 25 29
D 854 15 2 21 855 26 856
D 857 11 2 19 28 17 18
D 858 15 2 21 856 26 29
D 859 11 2 19 18 17 8
D 853 13 3 760 854 857 858 859 29
D 860 7 2 14 13 12 31
D 861 13 2 760 858 761 29
D 862 7 2 14 31 12 8
D 852 9 3 11 853 860 861 862 29
D 864 3 2 7 6 5 34
D 863 1 2 3 864 9 4
D 865 9 2 11 861 30 29
D 867 3 2 7 34 5 8
D 866 1 2 3 867 9 33
D 851 5 3 2 852 863 865 866 29
D 0 19 11 1 35 755 764 769 772 777 782 788 793 801 805 811 815 820 824 828 833 839 845 851 8
