c ids of sdd nodes start at 0
c sdd nodes appear bottom-up, children before parents
c
c file syntax:
c sdd count-of-sdd-nodes
c F id-of-false-sdd-node
c T id-of-true-sdd-node
c L id-of-literal-sdd-node id-of-vtree literal
c D id-of-decomposition-sdd-node id-of-vtree number-of-elements {id-of-prime id-of-sub}*
c
sdd 868
L 3 0 -3
L 5 2 -4
L 6 4 -2
L 7 2 4
F 8
D 4 3 2 5 6 7 8
L 9 0 3
D 2 1 2 3 4 9 8
L 12 6 -6
L 13 8 -7
L 14 6 6
D 11 7 2 12 13 14 8
L 17 10 -5
L 18 12 1
L 19 10 5
D 16 11 2 17 18 19 8
L 21 14 -8
L 23 16 -9
L 24 18 -10
L 25 16 9
D 22 17 2 23 24 25 8
L 26 14 8
D 20 15 2 21 22 26 8
L 28 12 -1
T 29
D 27 11 2 17 28 19 29
D 15 13 2 16 20 27 8
L 31 8 7
D 30 7 2 12 31 14 29
D 10 9 2 11 15 30 8
L 34 4 2
D 33 3 2 5 34 7 29
D 32 1 2 3 33 9 29
D 1 5 2 2 10 32 8
L 39 20 -14
L 40 22 -15
L 41 20 14
D 38 21 2 39 40 41 8
L 43 24 -16
L 44 26 -17
L 45 24 16
D 42 25 2 43 44 45 8
L 47 22 15
D 46 21 2 39 47 41 29
D 37 23 2 38 42 46 8
L 50 28 -13
L 51 30 -12
L 52 28 13
D 49 29 2 50 51 52 8
L 55 32 11
L 56 34 -18
L 57 32 -11
D 54 33 2 55 56 57 8
L 59 36 -20
L 60 38 -19
L 61 36 20
D 58 37 2 59 60 61 8
L 63 34 18
D 62 33 2 55 63 57 29
D 53 35 2 54 58 62 8
L 65 30 12
D 64 29 2 50 65 52 29
D 48 31 2 49 53 64 8
L 68 26 17
D 67 25 2 43 68 45 29
D 66 23 2 38 67 46 29
D 36 27 2 37 48 66 8
L 73 40 -34
L 74 42 -35
L 75 40 34
D 72 41 2 73 74 75 8
L 77 44 -32
L 78 46 -33
L 79 44 32
D 76 45 2 77 78 79 8
L 81 42 35
D 80 41 2 73 81 75 29
D 71 43 2 72 76 80 8
L 84 48 -37
L 85 50 -38
L 86 48 37
D 83 49 2 84 85 86 8
L 89 52 31
L 90 54 -36
L 91 52 -31
D 88 53 2 89 90 91 8
L 93 56 -39
L 94 58 -40
L 95 56 39
D 92 57 2 93 94 95 8
L 97 54 36
D 96 53 2 89 97 91 29
D 87 55 2 88 92 96 8
L 99 50 38
D 98 49 2 84 99 86 29
D 82 51 2 83 87 98 8
L 102 46 33
D 101 45 2 77 102 79 29
D 100 43 2 72 101 80 29
D 70 47 2 71 82 100 8
L 107 60 -22
L 108 62 21
L 109 60 22
D 106 61 2 107 108 109 8
L 111 64 -25
L 112 66 -26
L 113 64 25
D 110 65 2 111 112 113 8
L 115 62 -21
D 114 61 2 107 115 109 29
D 105 63 2 106 110 114 8
L 118 68 -27
L 119 70 -28
L 120 68 27
D 117 69 2 118 119 120 8
L 123 72 -23
L 124 74 -24
L 125 72 23
D 122 73 2 123 124 125 8
L 127 76 -30
L 128 78 -29
L 129 76 30
D 126 77 2 127 128 129 8
L 131 74 24
D 130 73 2 123 131 125 29
D 121 75 2 122 126 130 8
L 133 70 28
D 132 69 2 118 133 120 29
D 116 71 2 117 121 132 8
L 136 66 26
D 135 65 2 111 136 113 29
D 134 63 2 106 135 114 29
D 104 67 2 105 116 134 8
L 140 80 -46
L 141 82 -47
L 142 80 46
D 139 81 2 140 141 142 8
L 144 84 -48
L 146 86 50
L 147 88 -49
L 148 86 -50
D 145 87 2 146 147 148 8
L 149 84 48
D 143 85 2 144 145 149 8
L 151 82 47
D 150 81 2 140 151 142 29
D 138 83 2 139 143 150 8
L 155 90 -43
L 156 92 -44
L 157 90 43
D 154 91 2 155 156 157 8
L 159 94 -42
L 161 96 -45
L 162 98 -41
L 163 96 45
D 160 97 2 161 162 163 8
L 164 94 42
D 158 95 2 159 160 164 8
L 166 92 44
D 165 91 2 155 166 157 29
D 153 93 2 154 158 165 8
L 169 100 -57
L 171 102 -58
L 173 104 -60
L 174 106 59
L 175 104 60
D 172 105 2 173 174 175 8
L 176 102 58
D 170 103 2 171 172 176 8
L 177 100 57
D 168 101 2 169 170 177 8
L 180 108 -53
L 182 110 -56
L 183 112 -55
L 184 110 56
D 181 111 2 182 183 184 8
L 185 108 53
D 179 109 2 180 181 185 8
L 188 114 -51
L 190 116 -54
L 191 118 -52
L 192 116 54
D 189 117 2 190 191 192 8
L 193 114 51
D 187 115 2 188 189 193 8
L 196 120 -61
L 197 122 -62
L 198 120 61
D 195 121 2 196 197 198 8
L 201 124 -63
L 202 126 -64
L 203 124 63
D 200 125 2 201 202 203 8
L 205 128 -65
L 207 130 -66
L 209 132 -67
L 211 134 -68
L 213 136 -69
L 214 138 70
L 215 136 69
D 212 137 2 213 214 215 8
L 216 134 68
D 210 135 2 211 212 216 8
L 217 132 67
D 208 133 2 209 210 217 8
L 218 130 66
D 206 131 2 207 208 218 8
L 219 128 65
D 204 129 2 205 206 219 8
L 221 126 64
D 220 125 2 201 221 203 29
D 199 127 2 200 204 220 8
L 223 122 62
D 222 121 2 196 223 198 29
D 194 123 2 195 199 222 8
L 226 118 52
D 225 117 2 190 226 192 29
D 224 115 2 188 225 193 29
D 186 119 2 187 194 224 8
L 229 112 55
D 228 111 2 182 229 184 29
D 227 109 2 180 228 185 29
D 178 113 2 179 186 227 8
L 233 106 -59
D 232 105 2 175 233 173 8
D 231 103 2 171 232 176 8
D 230 101 2 169 231 177 8
L 243 138 -70
D 242 137 2 215 243 213 8
D 241 135 2 211 242 216 8
D 240 133 2 209 241 217 8
D 239 131 2 207 240 218 8
D 238 129 2 205 239 219 8
D 237 127 2 200 238 220 8
D 236 123 2 195 237 222 8
D 235 119 2 187 236 224 8
D 234 113 2 179 235 227 8
D 246 105 2 173 233 175 174
D 245 103 2 171 246 176 29
D 244 101 2 169 245 177 29
D 167 107 3 168 178 230 234 244 8
L 250 98 41
D 249 97 2 161 250 163 29
D 248 95 2 159 249 164 29
D 247 93 2 154 248 165 29
D 152 99 2 153 167 247 8
L 254 88 49
D 253 87 2 148 254 146 8
D 252 85 2 144 253 149 8
D 251 83 2 139 252 150 8
D 259 105 2 175 174 173 29
D 258 103 2 171 259 176 29
D 257 101 2 169 258 177 29
D 256 107 2 230 178 257 8
D 255 99 2 153 256 247 8
D 262 87 2 148 147 146 254
D 261 85 2 144 262 149 29
D 260 83 2 139 261 150 29
D 137 89 3 138 152 251 255 260 8
D 265 61 2 109 115 107 8
D 266 61 2 109 108 107 29
D 264 63 2 265 110 266 8
D 267 63 2 265 135 266 29
D 263 67 2 264 116 267 8
D 279 137 2 213 243 215 8
D 278 135 2 216 279 211 8
D 277 133 2 209 278 217 8
D 276 131 2 207 277 218 8
D 275 129 2 205 276 219 8
D 274 127 2 200 275 220 8
D 273 123 2 195 274 222 8
D 272 119 2 187 273 224 8
D 271 113 2 179 272 227 8
D 282 105 2 173 233 175 8
D 281 103 2 176 282 171 8
D 280 101 2 169 281 177 8
D 285 105 2 173 174 175 29
D 284 103 2 171 246 176 285
D 283 101 2 169 284 177 29
D 270 107 4 230 271 280 178 168 234 283 8
D 269 99 2 153 270 247 8
D 288 87 2 148 147 146 8
D 287 85 2 149 288 144 8
D 286 83 2 139 287 150 8
D 291 87 2 148 254 146 29
D 290 85 2 144 262 149 291
D 289 83 2 139 290 150 29
D 268 89 4 138 269 251 152 286 255 289 8
D 294 61 2 107 115 109 8
D 295 61 2 107 108 109 29
D 293 63 2 294 110 295 8
D 298 73 2 125 124 123 8
D 299 73 2 125 131 123 29
D 297 75 2 298 126 299 8
D 296 71 2 117 297 132 8
D 300 63 2 294 135 295 29
D 292 67 2 293 296 300 8
D 311 135 2 211 279 216 8
D 310 133 2 217 311 209 8
D 309 131 2 207 310 218 8
D 308 129 2 205 309 219 8
D 307 127 2 200 308 220 8
D 306 123 2 195 307 222 8
D 305 119 2 187 306 224 8
D 304 113 2 179 305 227 8
D 313 103 2 171 282 176 8
D 312 101 2 177 313 169 8
D 315 103 2 171 285 176 29
D 314 101 2 169 284 177 315
D 303 107 5 230 304 168 271 312 178 280 234 314 8
D 302 99 2 153 303 247 8
D 317 81 2 140 151 142 8
D 318 85 2 144 288 149 8
D 319 81 2 140 141 142 29
D 316 83 2 317 318 319 8
D 321 85 2 144 291 149 29
D 320 83 3 139 290 317 321 142 29
D 301 89 5 138 302 251 269 286 152 316 255 320 8
D 325 73 2 123 131 125 8
D 326 73 2 123 124 125 29
D 324 75 2 325 126 326 8
D 323 71 2 117 324 132 8
D 322 67 2 293 323 300 8
D 336 133 2 209 311 217 8
D 335 131 2 218 336 207 8
D 334 129 2 205 335 219 8
D 333 127 2 200 334 220 8
D 332 123 2 195 333 222 8
D 331 119 2 187 332 224 8
D 330 113 2 179 331 227 8
D 337 101 2 169 313 177 8
D 340 111 2 184 183 182 8
D 339 109 2 180 340 185 8
D 342 111 2 184 229 182 29
D 341 109 2 180 342 185 29
D 338 113 2 339 186 341 8
D 345 105 2 175 174 173 8
D 344 103 2 171 345 176 285
D 343 101 2 169 344 177 315
D 329 107 6 230 330 337 338 168 304 280 271 312 234 343 8
D 328 99 2 153 329 247 8
D 347 81 2 142 141 140 8
D 348 81 2 142 151 140 29
D 346 83 2 347 318 348 8
D 350 81 2 142 141 140 151
D 351 81 2 142 151 140 8
D 349 83 3 139 290 350 321 351 29
D 327 89 6 138 328 251 302 286 269 316 152 346 255 349 8
D 354 65 2 113 112 111 8
D 353 63 2 294 354 295 8
D 356 65 2 113 136 111 29
D 355 63 2 294 356 295 29
D 352 67 2 353 116 355 8
D 365 131 2 207 336 218 8
D 364 129 2 219 365 205 8
D 363 127 2 200 364 220 8
D 362 123 2 195 363 222 8
D 361 119 2 187 362 224 8
D 360 113 2 179 361 227 8
D 368 111 2 182 229 184 8
D 367 109 2 180 368 185 8
D 370 111 2 182 183 184 229
D 369 109 2 180 370 185 29
D 366 113 3 339 235 367 186 369 8
D 359 107 6 230 360 337 366 168 330 280 304 312 271 343 8
D 358 99 2 153 359 247 8
D 371 83 2 139 318 150 8
D 375 97 2 163 162 161 8
D 374 95 2 159 375 164 8
D 373 93 2 154 374 165 8
D 378 97 2 163 250 161 29
D 377 95 2 159 378 164 29
D 376 93 2 154 377 165 29
D 372 99 2 373 256 376 8
D 381 87 2 146 254 148 8
D 380 85 2 144 381 149 291
D 379 83 3 139 380 350 321 351 29
D 357 89 7 138 358 371 372 251 328 286 302 316 269 346 152 379 8
D 384 65 2 111 136 113 8
D 383 63 2 294 384 295 8
D 386 65 2 111 112 113 29
D 385 63 2 294 386 295 29
D 382 67 2 383 116 385 8
D 394 125 2 201 221 203 8
D 395 129 2 205 365 219 8
D 396 125 2 201 202 203 29
D 393 127 2 394 395 396 8
D 392 123 2 195 393 222 8
D 391 119 2 187 392 224 8
D 390 113 2 179 391 227 8
D 400 117 2 192 191 190 8
D 399 115 2 188 400 193 8
D 402 117 2 192 226 190 29
D 401 115 2 188 402 193 29
D 398 119 2 399 194 401 8
D 404 111 2 184 229 182 8
D 403 109 2 180 404 185 29
D 397 113 4 367 235 179 398 339 272 403 8
D 389 107 6 230 390 337 397 168 360 280 330 312 304 343 8
D 388 99 2 153 389 247 8
D 407 91 2 155 166 157 8
D 408 91 2 155 156 157 29
D 406 93 2 407 158 408 8
D 409 93 3 154 377 407 248 157 29
D 405 99 3 406 256 373 167 409 8
D 387 89 7 138 388 371 405 251 358 286 328 316 302 346 269 379 8
D 412 69 2 120 119 118 8
D 413 69 2 120 133 118 29
D 411 71 2 412 121 413 8
D 410 67 2 293 411 300 8
D 418 109 2 185 181 180 8
D 419 119 2 399 236 401 8
D 420 109 2 180 404 185 228
D 417 113 5 367 272 418 186 179 419 339 305 420 8
D 425 125 2 203 202 201 8
D 426 125 2 203 221 201 29
D 424 127 2 425 395 426 8
D 423 123 2 195 424 222 8
D 422 119 2 187 423 224 8
D 421 113 2 179 422 227 8
D 416 107 6 337 417 230 421 168 390 280 360 312 330 343 8
D 415 99 2 153 416 247 8
D 429 91 2 157 156 155 8
D 430 91 2 157 166 155 29
D 428 93 2 429 158 430 8
D 432 91 2 157 156 155 166
D 433 91 2 157 166 155 8
D 431 93 3 154 377 432 248 433 29
D 427 99 4 428 256 406 167 373 270 431 8
D 414 89 7 138 415 371 427 251 388 286 358 316 328 346 302 379 8
D 436 69 2 118 133 120 8
D 437 69 2 118 119 120 29
D 435 71 2 436 121 437 8
D 434 67 2 293 435 300 8
D 444 117 2 190 226 192 8
D 443 115 2 188 444 193 8
D 446 117 2 190 191 192 226
D 445 115 2 188 446 193 29
D 442 119 3 443 194 399 273 445 8
D 441 113 5 179 442 418 235 367 305 339 331 420 8
D 450 121 2 196 223 198 8
D 451 127 2 200 395 220 8
D 452 121 2 196 197 198 29
D 449 123 2 450 451 452 8
D 448 119 2 187 449 224 8
D 447 113 2 179 448 227 8
D 440 107 6 337 441 168 421 280 390 230 447 312 360 343 8
D 439 99 2 153 440 247 8
D 455 95 2 164 160 159 8
D 454 93 2 154 455 165 8
D 457 95 2 159 378 164 249
D 456 93 3 154 457 432 248 433 29
D 453 99 5 454 256 428 167 406 270 373 303 456 8
D 438 89 7 138 439 371 453 251 415 286 388 316 358 346 328 379 8
L 462 78 29
D 461 77 2 127 462 129 8
D 460 75 2 122 461 130 8
D 459 71 2 117 460 132 8
D 458 67 2 293 459 300 8
D 467 97 2 161 250 163 8
D 466 95 2 159 467 164 8
D 465 93 2 154 466 165 8
D 470 97 2 161 162 163 250
D 469 95 2 159 470 164 249
D 468 93 3 154 469 432 248 433 29
D 464 99 6 465 256 454 167 428 270 406 303 373 329 468 8
D 475 115 2 193 189 188 8
D 476 115 2 188 446 193 225
D 474 119 4 475 194 443 236 399 306 476 8
D 473 113 5 179 474 418 272 367 331 339 361 420 8
D 480 121 2 198 197 196 8
D 481 121 2 198 223 196 29
D 479 123 2 480 451 481 8
D 478 119 2 187 479 224 8
D 477 113 2 179 478 227 8
D 472 107 6 337 473 280 421 312 390 168 447 230 477 343 8
D 471 99 2 153 472 247 8
D 463 89 7 371 464 138 471 251 439 286 415 316 388 346 358 379 8
D 485 77 2 129 128 127 8
D 484 75 2 122 485 130 8
D 483 71 2 117 484 132 8
D 482 67 2 293 483 300 8
D 487 99 6 465 167 454 270 428 303 406 329 373 359 468 8
D 491 119 4 475 236 443 273 399 332 476 8
D 490 113 5 179 491 418 305 367 361 339 391 420 8
D 493 103 2 176 285 171 175
D 492 101 2 169 493 177 315
D 489 107 5 312 421 337 490 280 447 168 477 492 8
D 488 99 2 153 489 247 8
D 486 89 7 371 487 251 471 138 488 286 439 316 415 346 388 379 8
D 496 65 2 113 112 111 136
D 497 61 2 109 115 107 108
D 498 61 2 109 108 107 8
D 495 63 3 294 496 497 110 498 8
D 501 77 2 127 462 129 29
D 500 75 2 122 501 130 29
D 499 71 2 117 500 132 29
D 503 69 2 120 119 118 133
D 505 73 2 125 124 123 131
D 506 77 2 127 128 129 462
D 507 73 2 125 131 123 8
D 504 75 3 505 501 122 506 507 29
D 508 69 2 120 133 118 8
D 502 71 3 503 500 117 504 508 29
D 510 65 2 113 136 111 8
D 509 63 3 294 510 497 135 498 29
D 494 67 3 495 499 293 502 509 29
D 103 79 11 104 137 263 268 292 301 322 327 352 357 382 387 410 414 434 438 458 463 482 486 494 8
D 513 45 2 79 78 77 8
D 512 43 2 72 513 80 8
D 516 53 2 91 90 89 8
D 517 53 2 91 97 89 29
D 515 55 2 516 92 517 8
D 514 51 2 83 515 98 8
D 519 45 2 79 102 77 29
D 518 43 2 72 519 80 29
D 511 47 2 512 514 518 8
D 522 99 6 465 270 454 303 428 329 406 359 373 389 468 8
D 526 119 4 475 273 443 306 399 362 476 8
D 525 113 5 179 526 418 331 367 391 339 422 420 8
D 527 101 2 177 315 169 285
D 524 107 4 312 447 337 525 280 477 527 8
D 523 99 2 153 524 247 8
D 521 89 7 371 522 286 471 251 488 138 523 316 439 346 415 379 8
D 520 79 11 104 268 263 301 292 327 322 357 352 387 382 414 410 438 434 463 458 486 482 521 494 8
D 530 45 2 77 102 79 8
D 529 43 2 72 530 80 8
D 532 45 2 77 78 79 29
D 531 43 2 72 532 80 29
D 528 47 2 529 514 531 8
D 535 99 6 465 303 454 329 428 359 406 389 373 416 468 8
D 539 119 4 475 306 443 332 399 392 476 8
D 538 113 5 179 539 418 361 367 422 339 448 420 8
D 537 107 3 312 477 337 538 315 8
D 536 99 2 153 537 247 8
D 534 89 7 371 535 316 471 286 488 251 523 138 536 346 439 379 8
D 533 79 11 104 301 263 327 292 357 322 387 352 414 382 438 410 463 434 486 458 521 482 534 494 8
D 542 41 2 75 74 73 8
D 543 41 2 75 81 73 29
D 541 43 2 542 76 543 8
D 544 43 2 542 101 543 29
D 540 47 2 541 514 544 8
D 547 99 6 465 329 454 359 428 389 406 416 373 440 468 8
D 551 119 4 475 332 443 362 399 423 476 8
D 550 113 5 179 551 418 391 367 448 339 478 420 8
D 552 101 2 169 315 177 29
D 549 107 2 337 550 552 8
D 548 99 2 153 549 247 8
D 546 89 7 346 471 371 547 316 488 286 523 251 536 138 548 379 8
D 545 79 11 104 327 263 357 292 387 322 414 352 438 382 463 410 486 434 521 458 534 482 546 494 8
D 555 41 2 73 81 75 8
D 556 41 2 73 74 75 29
D 554 43 2 555 76 556 8
D 557 43 2 555 101 556 29
D 553 47 2 554 514 557 8
D 560 99 6 465 359 454 389 428 416 406 440 373 472 468 8
D 564 119 4 475 362 443 392 399 449 476 8
D 565 109 2 185 228 180 184
D 563 113 4 179 564 418 422 367 478 565 8
D 562 107 2 337 563 552 8
D 561 99 2 153 562 247 8
D 559 89 7 346 488 371 560 316 523 286 536 251 548 138 561 379 8
D 558 79 11 104 357 263 387 292 414 322 438 352 463 382 486 410 521 434 534 458 546 482 559 494 8
D 569 53 2 91 97 89 8
D 570 53 2 91 90 89 29
D 568 55 2 569 92 570 8
D 567 51 2 83 568 98 8
D 566 47 2 71 567 100 8
D 573 99 6 465 389 454 416 428 440 406 472 373 489 468 8
D 577 119 4 475 392 443 423 399 479 476 8
D 576 113 3 179 577 418 448 228 8
D 575 107 2 337 576 552 8
D 574 99 2 153 575 247 8
D 572 89 7 346 523 371 573 316 536 286 548 251 561 138 574 379 8
D 571 79 11 104 387 263 414 292 438 322 463 352 486 382 521 410 534 434 546 458 559 482 572 494 8
D 580 49 2 86 85 84 8
D 581 49 2 86 99 84 29
D 579 51 2 580 515 581 8
D 578 47 2 71 579 100 8
D 584 99 6 465 416 454 440 428 472 406 489 373 524 468 8
D 590 117 2 190 191 192 29
D 589 115 2 188 590 193 225
D 588 119 3 475 423 443 449 589 8
D 587 113 3 179 588 418 478 228 8
D 586 107 2 337 587 552 8
D 585 99 2 153 586 247 8
D 583 89 7 346 536 371 584 316 548 286 561 251 574 138 585 379 8
D 582 79 11 104 414 263 438 292 463 322 486 352 521 382 534 410 546 434 559 458 572 482 583 494 8
D 593 49 2 84 99 86 8
D 594 49 2 84 85 86 29
D 592 51 2 593 515 594 8
D 591 47 2 71 592 100 8
D 597 99 6 465 440 454 472 428 489 406 524 373 537 468 8
D 601 119 3 475 449 443 479 589 8
D 600 113 2 179 601 227 8
D 599 107 2 337 600 552 8
D 598 99 2 153 599 247 8
D 596 89 7 346 548 371 597 316 561 286 574 251 585 138 598 379 8
D 595 79 11 104 438 263 463 292 486 322 521 352 534 382 546 410 559 434 572 458 583 482 596 494 8
D 605 57 2 95 94 93 8
D 604 55 2 516 605 517 8
D 603 51 2 83 604 98 8
D 602 47 2 71 603 100 8
D 608 99 6 465 472 454 489 428 524 406 537 373 549 468 8
D 613 115 2 193 225 188 29
D 612 119 2 475 479 613 8
D 611 113 2 179 612 227 8
D 610 107 2 337 611 552 8
D 609 99 2 153 610 247 8
D 607 89 7 346 561 371 608 316 574 286 585 251 598 138 609 379 8
D 606 79 11 104 463 263 486 292 521 322 534 352 546 382 559 410 572 434 583 458 596 482 607 494 8
L 618 58 40
D 617 57 2 93 618 95 8
D 616 55 2 516 617 517 8
D 615 51 2 83 616 98 8
D 614 47 2 71 615 100 8
D 621 99 6 465 489 454 524 428 537 406 549 373 562 468 8
D 623 85 2 149 291 144 146
D 622 83 3 139 623 350 321 351 29
D 620 89 6 346 574 371 621 316 585 286 598 251 609 622 8
D 619 79 11 104 486 263 521 292 534 322 546 352 559 382 572 410 583 434 596 458 607 482 620 494 8
D 626 45 2 79 78 77 102
D 627 41 2 75 74 73 81
D 628 41 2 75 81 73 8
D 625 43 3 72 626 627 76 628 8
D 631 57 2 93 618 95 29
D 630 55 2 516 631 517 29
D 629 51 2 83 630 98 29
D 633 49 2 86 85 84 99
D 635 53 2 89 90 91 97
D 636 57 2 93 94 95 618
D 637 53 2 89 97 91 8
D 634 55 3 635 631 516 636 637 29
D 638 49 2 86 99 84 8
D 632 51 3 633 630 83 634 638 29
D 640 45 2 79 102 77 8
D 639 43 3 72 640 627 101 628 29
D 624 47 3 625 629 71 632 639 29
D 69 59 11 70 103 511 520 528 533 540 545 553 558 566 571 578 582 591 595 602 606 614 619 624 8
D 643 29 2 50 65 52 8
D 645 33 2 57 56 55 8
D 646 33 2 57 63 55 29
D 644 35 2 645 58 646 8
D 647 29 2 50 51 52 29
D 642 31 2 643 644 647 8
D 641 27 2 37 642 66 8
D 651 99 6 465 524 454 537 428 549 406 562 373 575 468 8
D 652 83 3 350 321 139 291 351 29
D 650 89 5 346 585 371 651 316 598 286 609 652 8
D 649 79 11 104 521 263 534 292 546 322 559 352 572 382 583 410 596 434 607 458 620 482 650 494 8
D 648 59 11 70 520 511 533 528 545 540 558 553 571 566 582 578 595 591 606 602 619 614 649 624 8
D 655 29 2 52 51 50 8
D 656 29 2 52 65 50 29
D 654 31 2 655 644 656 8
D 653 27 2 37 654 66 8
D 660 99 6 465 537 454 549 428 562 406 575 373 586 468 8
D 662 81 2 142 141 140 29
D 661 83 2 662 321 351 29
D 659 89 4 346 598 371 660 316 609 661 8
D 658 79 11 104 534 263 546 292 559 322 572 352 583 382 596 410 607 434 620 458 650 482 659 494 8
D 657 59 11 70 533 511 545 528 558 540 571 553 582 566 595 578 606 591 619 602 649 614 658 624 8
D 665 21 2 41 40 39 8
D 666 21 2 41 47 39 29
D 664 23 2 665 42 666 8
D 667 31 2 49 644 64 8
D 668 23 2 665 67 666 29
D 663 27 2 664 667 668 8
D 672 99 6 465 549 454 562 428 575 406 586 373 599 468 8
D 673 83 2 141 321 151 29
D 671 89 3 346 609 371 672 673 8
D 670 79 11 104 546 263 559 292 572 322 583 352 596 382 607 410 620 434 650 458 659 482 671 494 8
D 669 59 11 70 545 511 558 528 571 540 582 553 595 566 606 578 619 591 649 602 658 614 670 624 8
D 676 21 2 39 47 41 8
D 677 21 2 39 40 41 29
D 675 23 2 676 42 677 8
D 678 23 2 676 67 677 29
D 674 27 2 675 667 678 8
D 682 99 6 465 562 454 575 428 586 406 599 373 610 468 8
D 683 83 2 139 321 150 29
D 681 89 2 371 682 683 8
D 680 79 11 104 559 263 572 292 583 322 596 352 607 382 620 410 650 434 659 458 671 482 681 494 8
D 679 59 11 70 558 511 571 528 582 540 595 553 606 566 619 578 649 591 658 602 670 614 680 624 8
D 686 25 2 45 44 43 8
D 685 23 2 38 686 46 8
D 688 25 2 45 68 43 29
D 687 23 2 38 688 46 29
D 684 27 2 685 667 687 8
D 695 97 2 161 162 163 29
D 694 95 2 164 249 159 695
D 693 93 3 154 694 432 248 433 29
D 692 99 5 465 575 454 586 428 599 406 610 693 8
D 691 89 2 371 692 683 8
D 690 79 11 104 572 263 583 292 596 322 607 352 620 382 650 410 659 434 671 458 681 482 691 494 8
D 689 59 11 70 571 511 582 528 595 540 606 553 619 566 649 578 658 591 670 602 680 614 690 624 8
D 698 25 2 43 68 45 8
D 697 23 2 38 698 46 8
D 700 25 2 43 44 45 29
D 699 23 2 38 700 46 29
D 696 27 2 697 667 699 8
D 705 93 3 154 694 429 248 166 29
D 704 99 4 465 586 454 599 428 610 705 8
D 703 89 2 371 704 683 8
D 702 79 11 104 583 263 596 292 607 322 620 352 650 382 659 410 671 434 681 458 691 482 703 494 8
D 701 59 11 70 582 511 595 528 606 540 619 553 649 566 658 578 670 591 680 602 690 614 702 624 8
D 709 33 2 57 63 55 8
D 710 33 2 57 56 55 29
D 708 35 2 709 58 710 8
D 707 31 2 49 708 64 8
D 706 27 2 37 707 66 8
D 715 93 2 154 694 165 29
D 714 99 3 465 599 454 610 715 8
D 713 89 2 371 714 683 8
D 712 79 11 104 596 263 607 292 620 322 650 352 659 382 671 410 681 434 691 458 703 482 713 494 8
D 711 59 11 70 595 511 606 528 619 540 649 553 658 566 670 578 680 591 690 602 702 614 712 624 8
L 720 38 19
D 719 37 2 59 720 61 8
D 718 35 2 645 719 646 8
D 717 31 2 49 718 64 8
D 716 27 2 37 717 66 8
D 726 95 2 159 695 164 29
D 725 93 2 154 726 165 29
D 724 99 2 465 610 725 8
D 723 89 2 371 724 683 8
D 722 79 11 104 607 263 620 292 650 322 659 352 671 382 681 410 691 434 703 458 713 482 723 494 8
D 721 59 11 70 606 511 619 528 649 540 658 553 670 566 680 578 690 591 702 602 712 614 722 624 8
D 730 37 2 61 60 59 8
D 729 35 2 645 730 646 8
D 728 31 2 49 729 64 8
D 727 27 2 37 728 66 8
D 736 77 2 127 128 129 29
D 735 75 3 122 736 505 501 507 29
D 734 71 3 117 735 503 500 508 29
D 733 67 3 293 734 495 499 509 29
D 732 79 10 104 620 263 650 292 659 322 671 352 681 382 691 410 703 434 713 458 723 733 8
D 731 59 11 70 619 511 649 528 658 540 670 553 680 566 690 578 702 591 712 602 722 614 732 624 8
D 739 25 2 45 44 43 68
D 740 21 2 41 40 39 47
D 741 21 2 41 47 39 8
D 738 23 3 38 739 740 42 741 8
D 744 37 2 59 720 61 29
D 743 35 2 645 744 646 29
D 742 31 2 49 743 64 29
D 746 29 2 52 51 50 65
D 748 33 2 55 56 57 63
D 749 37 2 59 60 61 720
D 750 33 2 55 63 57 8
D 747 35 3 748 744 645 749 750 29
D 751 29 2 52 65 50 8
D 745 31 3 746 743 49 747 751 29
D 753 25 2 45 68 43 8
D 752 23 3 38 753 740 67 741 29
D 737 27 3 738 742 37 745 752 29
D 35 39 11 36 69 641 648 653 657 663 669 674 679 684 689 696 701 706 711 716 721 727 731 737 8
D 756 3 2 5 34 7 8
D 755 1 2 3 756 9 8
D 759 11 2 17 28 19 8
D 760 11 2 17 18 19 29
D 758 13 2 759 20 760 8
D 757 9 2 11 758 30 8
D 762 3 2 5 6 7 29
D 761 1 2 3 762 9 29
D 754 5 2 755 757 761 8
D 769 73 2 123 124 125 131
D 768 75 2 505 501 769 29
D 767 71 3 117 768 503 500 508 29
D 766 67 3 293 767 495 499 509 29
D 765 79 9 104 650 263 659 292 671 322 681 352 691 382 703 410 713 434 723 766 8
D 764 59 11 70 649 511 658 528 670 540 680 553 690 566 702 578 712 591 722 602 732 614 765 624 8
D 763 39 11 36 648 641 657 653 669 663 679 674 689 684 701 696 711 706 721 716 731 727 764 737 8
D 771 1 2 9 4 3 8
D 772 1 2 9 33 3 29
D 770 5 2 771 757 772 8
D 777 71 3 117 768 412 500 133 29
D 776 67 3 293 777 495 499 509 29
D 775 79 8 104 659 263 671 292 681 322 691 352 703 382 713 410 723 776 8
D 774 59 11 70 658 511 670 528 680 540 690 553 702 566 712 578 722 591 732 602 765 614 775 624 8
D 773 39 11 36 657 641 669 653 679 663 689 674 701 684 711 696 721 706 731 716 764 727 774 737 8
D 780 3 2 7 6 5 8
D 779 1 2 3 780 9 8
D 782 3 2 7 34 5 29
D 781 1 2 3 782 9 29
D 778 5 2 779 757 781 8
D 787 71 2 117 768 132 29
D 786 67 3 293 787 495 499 509 29
D 785 79 7 104 671 263 681 292 691 322 703 352 713 382 723 786 8
D 784 59 11 70 670 511 680 528 690 540 702 553 712 566 722 578 732 591 765 602 775 614 785 624 8
D 783 39 11 36 669 641 679 653 689 663 701 674 711 684 721 696 731 706 764 716 774 727 784 737 8
D 791 11 2 19 28 17 8
D 792 11 2 19 18 17 29
D 790 13 2 791 20 792 8
D 789 9 2 11 790 30 8
D 788 5 2 2 789 32 8
D 797 63 3 294 354 497 110 498 8
D 798 63 3 497 135 294 136 498 29
D 796 67 3 293 787 797 499 798 29
D 795 79 6 104 681 263 691 292 703 322 713 352 723 796 8
D 794 59 11 70 680 511 690 528 702 540 712 553 722 566 732 578 765 591 775 602 785 614 795 624 8
D 793 39 11 36 679 641 689 653 701 663 711 674 721 684 731 696 764 706 774 716 784 727 794 737 8
D 801 7 2 14 13 12 8
D 802 7 2 14 31 12 29
D 800 9 2 801 758 802 8
D 799 5 2 2 800 32 8
D 808 61 2 107 115 109 108
D 807 63 2 497 110 808 8
D 810 61 2 109 115 107 29
D 809 63 2 810 135 498 29
D 806 67 3 293 787 807 499 809 29
D 805 79 5 104 691 263 703 292 713 322 723 806 8
D 804 59 11 70 690 511 702 528 712 540 722 553 732 566 765 578 775 591 785 602 795 614 805 624 8
D 803 39 11 36 689 641 701 653 711 663 721 674 731 684 764 696 774 706 784 716 794 727 804 737 8
D 813 7 2 12 31 14 8
D 814 7 2 12 13 14 29
D 812 9 2 813 758 814 8
D 811 5 2 2 812 32 8
D 820 75 2 298 501 299 29
D 819 71 2 117 820 132 29
D 818 67 3 293 819 807 499 809 29
D 817 79 4 104 703 263 713 292 723 818 8
D 816 59 11 70 702 511 712 528 722 540 732 553 765 566 775 578 785 591 795 602 805 614 817 624 8
D 815 39 11 36 701 641 711 653 721 663 731 674 764 684 774 696 784 706 794 716 804 727 816 737 8
D 824 15 2 26 22 21 8
D 823 13 2 759 824 760 8
D 822 9 2 11 823 30 8
D 821 5 2 2 822 32 8
D 829 63 2 497 135 808 29
D 828 67 2 807 499 829 29
D 827 79 3 104 713 263 723 828 8
D 826 59 11 70 712 511 722 528 732 540 765 553 775 566 785 578 795 591 805 602 817 614 827 624 8
D 825 39 11 36 711 641 721 653 731 663 764 674 774 684 784 696 794 706 804 716 816 727 826 737 8
D 834 17 2 25 24 23 8
D 833 15 2 21 834 26 8
D 832 13 2 759 833 760 8
D 831 9 2 11 832 30 8
D 830 5 2 2 831 32 8
D 838 67 2 105 499 134 29
D 837 79 2 104 723 838 8
D 836 59 11 70 722 511 732 528 765 540 775 553 785 566 795 578 805 591 817 602 827 614 837 624 8
D 835 39 11 36 721 641 731 653 764 663 774 674 784 684 794 696 804 706 816 716 826 727 836 737 8
L 844 18 10
D 843 17 2 23 844 25 8
D 842 15 2 21 843 26 8
D 841 13 2 759 842 760 8
D 840 9 2 11 841 30 8
D 839 5 2 2 840 32 8
D 850 57 2 95 618 93 29
D 849 55 3 516 850 635 631 637 29
D 848 51 3 83 849 633 630 638 29
D 847 47 3 71 848 625 629 639 29
D 846 59 10 70 732 511 765 528 775 540 785 553 795 566 805 578 817 591 827 602 837 847 8
D 845 39 11 36 731 641 764 653 774 663 784 674 794 684 804 696 816 706 826 716 836 727 846 737 8
D 855 17 2 23 24 25 844
D 856 17 2 23 844 25 29
D 854 15 2 21 855 26 856
D 857 11 2 19 28 17 18
D 858 15 2 21 856 26 29
D 859 11 2 19 18 17 8
D 853 13 3 759 854 857 858 859 29
D 860 7 2 14 13 12 31
D 861 13 2 759 858 760 29
D 862 7 2 14 31 12 8
D 852 9 3 11 853 860 861 862 29
D 864 3 2 7 6 5 34
D 863 1 2 3 864 9 4
D 865 9 2 11 861 30 29
D 867 3 2 7 34 5 8
D 866 1 2 3 867 9 33
D 851 5 3 2 852 863 865 866 29
D 0 19 11 1 35 754 763 770 773 778 783 788 793 799 803 811 815 821 825 830 835 839 845 851 8
