c ids of sdd nodes start at 0
c sdd nodes appear bottom-up, children before parents
c
c file syntax:
c sdd count-of-sdd-nodes
c F id-of-false-sdd-node
c T id-of-true-sdd-node
c L id-of-literal-sdd-node id-of-vtree literal
c D id-of-decomposition-sdd-node id-of-vtree number-of-elements {id-of-prime id-of-sub}*
c
sdd 869
L 3 0 -3
L 5 2 -4
L 6 4 -2
L 7 2 4
F 8
D 4 3 2 5 6 7 8
L 9 0 3
D 2 1 2 3 4 9 8
L 12 6 -6
L 13 8 -7
L 14 6 6
D 11 7 2 12 13 14 8
L 17 10 -5
L 18 12 1
L 19 10 5
D 16 11 2 17 18 19 8
L 21 14 -8
L 23 16 -9
L 24 18 -10
L 25 16 9
D 22 17 2 23 24 25 8
L 26 14 8
D 20 15 2 21 22 26 8
L 28 12 -1
T 29
D 27 11 2 17 28 19 29
D 15 13 2 16 20 27 8
L 31 8 7
D 30 7 2 12 31 14 29
D 10 9 2 11 15 30 8
L 34 4 2
D 33 3 2 5 34 7 29
D 32 1 2 3 33 9 29
D 1 5 2 2 10 32 8
L 39 20 -14
L 40 22 -15
L 41 20 14
D 38 21 2 39 40 41 8
L 43 24 -16
L 44 26 -17
L 45 24 16
D 42 25 2 43 44 45 8
L 47 22 15
D 46 21 2 39 47 41 29
D 37 23 2 38 42 46 8
L 50 28 -13
L 51 30 -12
L 52 28 13
D 49 29 2 50 51 52 8
L 55 32 11
L 56 34 -18
L 57 32 -11
D 54 33 2 55 56 57 8
L 59 36 -20
L 60 38 -19
L 61 36 20
D 58 37 2 59 60 61 8
L 63 34 18
D 62 33 2 55 63 57 29
D 53 35 2 54 58 62 8
L 65 30 12
D 64 29 2 50 65 52 29
D 48 31 2 49 53 64 8
L 68 26 17
D 67 25 2 43 68 45 29
D 66 23 2 38 67 46 29
D 36 27 2 37 48 66 8
L 73 40 -34
L 74 42 -35
L 75 40 34
D 72 41 2 73 74 75 8
L 77 44 -32
L 78 46 -33
L 79 44 32
D 76 45 2 77 78 79 8
L 81 42 35
D 80 41 2 73 81 75 29
D 71 43 2 72 76 80 8
L 84 48 -37
L 85 50 -38
L 86 48 37
D 83 49 2 84 85 86 8
L 89 52 31
L 90 54 -36
L 91 52 -31
D 88 53 2 89 90 91 8
L 93 56 -39
L 94 58 -40
L 95 56 39
D 92 57 2 93 94 95 8
L 97 54 36
D 96 53 2 89 97 91 29
D 87 55 2 88 92 96 8
L 99 50 38
D 98 49 2 84 99 86 29
D 82 51 2 83 87 98 8
L 102 46 33
D 101 45 2 77 102 79 29
D 100 43 2 72 101 80 29
D 70 47 2 71 82 100 8
L 107 60 -22
L 108 62 21
L 109 60 22
D 106 61 2 107 108 109 8
L 111 64 -25
L 112 66 -26
L 113 64 25
D 110 65 2 111 112 113 8
L 115 62 -21
D 114 61 2 107 115 109 29
D 105 63 2 106 110 114 8
L 118 68 -27
L 119 70 -28
L 120 68 27
D 117 69 2 118 119 120 8
L 123 72 -23
L 124 74 -24
L 125 72 23
D 122 73 2 123 124 125 8
L 127 76 -30
L 128 78 -29
L 129 76 30
D 126 77 2 127 128 129 8
L 131 74 24
D 130 73 2 123 131 125 29
D 121 75 2 122 126 130 8
L 133 70 28
D 132 69 2 118 133 120 29
D 116 71 2 117 121 132 8
L 136 66 26
D 135 65 2 111 136 113 29
D 134 63 2 106 135 114 29
D 104 67 2 105 116 134 8
L 140 80 -46
L 141 82 -47
L 142 80 46
D 139 81 2 140 141 142 8
L 144 84 -48
L 146 86 50
L 147 88 -49
L 148 86 -50
D 145 87 2 146 147 148 8
L 149 84 48
D 143 85 2 144 145 149 8
L 151 82 47
D 150 81 2 140 151 142 29
D 138 83 2 139 143 150 8
L 155 90 -43
L 156 92 -44
L 157 90 43
D 154 91 2 155 156 157 8
L 159 94 -42
L 161 96 -45
L 162 98 -41
L 163 96 45
D 160 97 2 161 162 163 8
L 164 94 42
D 158 95 2 159 160 164 8
L 166 92 44
D 165 91 2 155 166 157 29
D 153 93 2 154 158 165 8
L 169 100 -57
L 171 102 -58
L 173 104 60
L 174 106 -59
L 175 104 -60
D 172 105 2 173 174 175 8
L 176 102 58
D 170 103 2 171 172 176 8
L 177 100 57
D 168 101 2 169 170 177 8
L 180 108 -53
L 182 110 -56
L 183 112 -55
L 184 110 56
D 181 111 2 182 183 184 8
L 185 108 53
D 179 109 2 180 181 185 8
L 188 114 -51
L 190 116 -54
L 191 118 -52
L 192 116 54
D 189 117 2 190 191 192 8
L 193 114 51
D 187 115 2 188 189 193 8
L 196 120 -61
L 197 122 -62
L 198 120 61
D 195 121 2 196 197 198 8
L 201 124 -63
L 202 126 -64
L 203 124 63
D 200 125 2 201 202 203 8
L 205 128 -65
L 207 130 -66
L 209 132 -67
L 211 134 -68
L 213 136 -69
L 214 138 70
L 215 136 69
D 212 137 2 213 214 215 8
L 216 134 68
D 210 135 2 211 212 216 8
L 217 132 67
D 208 133 2 209 210 217 8
L 218 130 66
D 206 131 2 207 208 218 8
L 219 128 65
D 204 129 2 205 206 219 8
L 221 126 64
D 220 125 2 201 221 203 29
D 199 127 2 200 204 220 8
L 223 122 62
D 222 121 2 196 223 198 29
D 194 123 2 195 199 222 8
L 226 118 52
D 225 117 2 190 226 192 29
D 224 115 2 188 225 193 29
D 186 119 2 187 194 224 8
L 229 112 55
D 228 111 2 182 229 184 29
D 227 109 2 180 228 185 29
D 178 113 2 179 186 227 8
L 233 106 59
D 232 105 2 173 233 175 29
D 231 103 2 171 232 176 29
D 230 101 2 169 231 177 29
D 167 107 2 168 178 230 8
L 237 98 41
D 236 97 2 161 237 163 29
D 235 95 2 159 236 164 29
D 234 93 2 154 235 165 29
D 152 99 2 153 167 234 8
L 241 88 49
D 240 87 2 146 241 148 29
D 239 85 2 144 240 149 29
D 238 83 2 139 239 150 29
D 137 89 2 138 152 238 8
D 244 61 2 109 115 107 8
D 245 61 2 109 108 107 29
D 243 63 2 244 110 245 8
D 246 63 2 244 135 245 29
D 242 67 2 243 116 246 8
D 252 105 2 175 233 173 8
D 251 103 2 171 252 176 8
D 250 101 2 169 251 177 8
L 262 138 -70
D 261 137 2 215 262 213 8
D 260 135 2 211 261 216 8
D 259 133 2 209 260 217 8
D 258 131 2 207 259 218 8
D 257 129 2 205 258 219 8
D 256 127 2 200 257 220 8
D 255 123 2 195 256 222 8
D 254 119 2 187 255 224 8
D 253 113 2 179 254 227 8
D 265 105 2 175 174 173 233
D 264 103 2 171 265 176 29
D 263 101 2 169 264 177 29
D 249 107 3 250 178 168 253 263 8
D 248 99 2 153 249 234 8
D 268 87 2 148 241 146 8
D 267 85 2 144 268 149 8
D 266 83 2 139 267 150 8
D 271 87 2 148 147 146 241
D 270 85 2 144 271 149 29
D 269 83 2 139 270 150 29
D 247 89 3 138 248 266 152 269 8
D 274 61 2 107 115 109 8
D 275 61 2 107 108 109 29
D 273 63 2 274 110 275 8
D 278 73 2 125 124 123 8
D 279 73 2 125 131 123 29
D 277 75 2 278 126 279 8
D 276 71 2 117 277 132 8
D 280 63 2 274 135 275 29
D 272 67 2 273 276 280 8
D 292 137 2 213 262 215 8
D 291 135 2 216 292 211 8
D 290 133 2 209 291 217 8
D 289 131 2 207 290 218 8
D 288 129 2 205 289 219 8
D 287 127 2 200 288 220 8
D 286 123 2 195 287 222 8
D 285 119 2 187 286 224 8
D 284 113 2 179 285 227 8
D 295 105 2 175 174 173 8
D 294 103 2 176 295 171 8
D 293 101 2 169 294 177 8
D 298 105 2 175 233 173 29
D 297 103 2 171 265 176 298
D 296 101 2 169 297 177 29
D 283 107 4 168 284 293 178 250 253 296 8
D 282 99 2 153 283 234 8
D 301 87 2 148 147 146 8
D 300 85 2 149 301 144 8
D 299 83 2 139 300 150 8
D 304 87 2 148 241 146 29
D 303 85 2 144 271 149 304
D 302 83 2 139 303 150 29
D 281 89 4 138 282 266 248 299 152 302 8
D 308 73 2 123 131 125 8
D 309 73 2 123 124 125 29
D 307 75 2 308 126 309 8
D 306 71 2 117 307 132 8
D 305 67 2 273 306 280 8
D 320 135 2 211 292 216 8
D 319 133 2 217 320 209 8
D 318 131 2 207 319 218 8
D 317 129 2 205 318 219 8
D 316 127 2 200 317 220 8
D 315 123 2 195 316 222 8
D 314 119 2 187 315 224 8
D 313 113 2 179 314 227 8
D 322 103 2 171 295 176 8
D 321 101 2 177 322 169 8
D 324 103 2 171 298 176 29
D 323 101 2 169 297 177 324
D 312 107 5 168 313 250 284 321 178 293 253 323 8
D 311 99 2 153 312 234 8
D 326 81 2 140 151 142 8
D 327 85 2 144 301 149 8
D 328 81 2 140 141 142 29
D 325 83 2 326 327 328 8
D 330 85 2 144 304 149 29
D 329 83 3 139 303 326 330 142 29
D 310 89 5 138 311 266 282 299 248 325 152 329 8
D 333 65 2 113 112 111 8
D 332 63 2 274 333 275 8
D 335 65 2 113 136 111 29
D 334 63 2 274 335 275 29
D 331 67 2 332 116 334 8
D 345 133 2 209 320 217 8
D 344 131 2 218 345 207 8
D 343 129 2 205 344 219 8
D 342 127 2 200 343 220 8
D 341 123 2 195 342 222 8
D 340 119 2 187 341 224 8
D 339 113 2 179 340 227 8
D 346 101 2 169 322 177 8
D 349 111 2 184 183 182 8
D 348 109 2 180 349 185 8
D 351 111 2 184 229 182 29
D 350 109 2 180 351 185 29
D 347 113 2 348 186 350 8
D 354 105 2 173 233 175 8
D 353 103 2 171 354 176 298
D 352 101 2 169 353 177 324
D 338 107 6 168 339 346 347 250 313 293 284 321 253 352 8
D 337 99 2 153 338 234 8
D 356 81 2 142 141 140 8
D 357 81 2 142 151 140 29
D 355 83 2 356 327 357 8
D 359 81 2 142 141 140 151
D 360 81 2 142 151 140 8
D 358 83 3 139 303 359 330 360 29
D 336 89 6 138 337 266 311 299 282 325 248 355 152 358 8
D 363 65 2 111 136 113 8
D 362 63 2 274 363 275 8
D 365 65 2 111 112 113 29
D 364 63 2 274 365 275 29
D 361 67 2 362 116 364 8
D 374 131 2 207 345 218 8
D 373 129 2 219 374 205 8
D 372 127 2 200 373 220 8
D 371 123 2 195 372 222 8
D 370 119 2 187 371 224 8
D 369 113 2 179 370 227 8
D 377 111 2 182 229 184 8
D 376 109 2 180 377 185 8
D 379 111 2 182 183 184 229
D 378 109 2 180 379 185 29
D 375 113 3 348 254 376 186 378 8
D 368 107 6 168 369 346 375 250 339 293 313 321 284 352 8
D 367 99 2 153 368 234 8
D 380 83 2 139 327 150 8
D 384 97 2 163 162 161 8
D 383 95 2 159 384 164 8
D 382 93 2 154 383 165 8
D 387 97 2 163 237 161 29
D 386 95 2 159 387 164 29
D 385 93 2 154 386 165 29
D 381 99 2 382 167 385 8
D 390 87 2 146 241 148 8
D 389 85 2 144 390 149 304
D 388 83 3 139 389 359 330 360 29
D 366 89 7 138 367 380 381 266 337 299 311 325 282 355 248 388 8
D 393 69 2 120 119 118 8
D 394 69 2 120 133 118 29
D 392 71 2 393 121 394 8
D 391 67 2 273 392 280 8
D 402 125 2 201 221 203 8
D 403 129 2 205 374 219 8
D 404 125 2 201 202 203 29
D 401 127 2 402 403 404 8
D 400 123 2 195 401 222 8
D 399 119 2 187 400 224 8
D 398 113 2 179 399 227 8
D 408 117 2 192 191 190 8
D 407 115 2 188 408 193 8
D 410 117 2 192 226 190 29
D 409 115 2 188 410 193 29
D 406 119 2 407 194 409 8
D 412 111 2 184 229 182 8
D 411 109 2 180 412 185 29
D 405 113 4 376 254 179 406 348 285 411 8
D 397 107 6 168 398 346 405 250 369 293 339 321 313 352 8
D 396 99 2 153 397 234 8
D 415 91 2 155 166 157 8
D 416 91 2 155 156 157 29
D 414 93 2 415 158 416 8
D 417 93 3 154 386 415 235 157 29
D 413 99 3 414 167 382 249 417 8
D 395 89 7 138 396 380 413 266 367 299 337 325 311 355 282 388 8
D 420 69 2 118 133 120 8
D 421 69 2 118 119 120 29
D 419 71 2 420 121 421 8
D 418 67 2 273 419 280 8
D 426 109 2 185 181 180 8
D 427 119 2 407 255 409 8
D 428 109 2 180 412 185 228
D 425 113 5 376 285 426 186 179 427 348 314 428 8
D 433 125 2 203 202 201 8
D 434 125 2 203 221 201 29
D 432 127 2 433 403 434 8
D 431 123 2 195 432 222 8
D 430 119 2 187 431 224 8
D 429 113 2 179 430 227 8
D 424 107 6 346 425 168 429 250 398 293 369 321 339 352 8
D 423 99 2 153 424 234 8
D 437 91 2 157 156 155 8
D 438 91 2 157 166 155 29
D 436 93 2 437 158 438 8
D 440 91 2 157 156 155 166
D 441 91 2 157 166 155 8
D 439 93 3 154 386 440 235 441 29
D 435 99 4 436 167 414 249 382 283 439 8
D 422 89 7 138 423 380 435 266 396 299 367 325 337 355 311 388 8
L 446 78 29
D 445 77 2 127 446 129 8
D 444 75 2 122 445 130 8
D 443 71 2 117 444 132 8
D 442 67 2 273 443 280 8
D 453 117 2 190 226 192 8
D 452 115 2 188 453 193 8
D 455 117 2 190 191 192 226
D 454 115 2 188 455 193 29
D 451 119 3 452 194 407 286 454 8
D 450 113 5 179 451 426 254 376 314 348 340 428 8
D 459 121 2 196 223 198 8
D 460 127 2 200 403 220 8
D 461 121 2 196 197 198 29
D 458 123 2 459 460 461 8
D 457 119 2 187 458 224 8
D 456 113 2 179 457 227 8
D 449 107 6 346 450 250 429 293 398 168 456 321 369 352 8
D 448 99 2 153 449 234 8
D 464 95 2 164 160 159 8
D 463 93 2 154 464 165 8
D 466 95 2 159 387 164 236
D 465 93 3 154 466 440 235 441 29
D 462 99 5 463 167 436 249 414 283 382 312 465 8
D 447 89 7 138 448 380 462 266 423 299 396 325 367 355 337 388 8
D 470 77 2 129 128 127 8
D 469 75 2 122 470 130 8
D 468 71 2 117 469 132 8
D 467 67 2 273 468 280 8
D 475 97 2 161 237 163 8
D 474 95 2 159 475 164 8
D 473 93 2 154 474 165 8
D 478 97 2 161 162 163 237
D 477 95 2 159 478 164 236
D 476 93 3 154 477 440 235 441 29
D 472 99 6 473 167 463 249 436 283 414 312 382 338 476 8
D 483 115 2 193 189 188 8
D 484 115 2 188 455 193 225
D 482 119 4 483 194 452 255 407 315 484 8
D 481 113 5 179 482 426 285 376 340 348 370 428 8
D 488 121 2 198 197 196 8
D 489 121 2 198 223 196 29
D 487 123 2 488 460 489 8
D 486 119 2 187 487 224 8
D 485 113 2 179 486 227 8
D 480 107 6 346 481 293 429 321 398 250 456 168 485 352 8
D 479 99 2 153 480 234 8
D 471 89 7 380 472 138 479 266 448 299 423 325 396 355 367 388 8
D 492 65 2 113 112 111 136
D 493 61 2 109 115 107 108
D 494 61 2 109 108 107 8
D 491 63 3 274 492 493 110 494 8
D 497 77 2 127 446 129 29
D 496 75 2 122 497 130 29
D 495 71 2 117 496 132 29
D 499 69 2 120 119 118 133
D 501 73 2 125 124 123 131
D 502 77 2 127 128 129 446
D 503 73 2 125 131 123 8
D 500 75 3 501 497 122 502 503 29
D 504 69 2 120 133 118 8
D 498 71 3 499 496 117 500 504 29
D 506 65 2 113 136 111 8
D 505 63 3 274 506 493 135 494 29
D 490 67 3 491 495 273 498 505 29
D 103 79 11 104 137 242 247 272 281 305 310 331 336 361 366 391 395 418 422 442 447 467 471 490 8
D 509 45 2 79 78 77 8
D 508 43 2 72 509 80 8
D 512 53 2 91 90 89 8
D 513 53 2 91 97 89 29
D 511 55 2 512 92 513 8
D 510 51 2 83 511 98 8
D 515 45 2 79 102 77 29
D 514 43 2 72 515 80 29
D 507 47 2 508 510 514 8
D 518 99 6 473 249 463 283 436 312 414 338 382 368 476 8
D 522 119 4 483 255 452 286 407 341 484 8
D 521 113 5 179 522 426 314 376 370 348 399 428 8
D 524 103 2 176 298 171 173
D 523 101 2 169 524 177 324
D 520 107 5 321 429 346 521 293 456 250 485 523 8
D 519 99 2 153 520 234 8
D 517 89 7 380 518 266 479 138 519 299 448 325 423 355 396 388 8
D 516 79 11 104 247 242 281 272 310 305 336 331 366 361 395 391 422 418 447 442 471 467 517 490 8
D 527 45 2 77 102 79 8
D 526 43 2 72 527 80 8
D 529 45 2 77 78 79 29
D 528 43 2 72 529 80 29
D 525 47 2 526 510 528 8
D 532 99 6 473 283 463 312 436 338 414 368 382 397 476 8
D 536 119 4 483 286 452 315 407 371 484 8
D 535 113 5 179 536 426 340 376 399 348 430 428 8
D 537 101 2 177 324 169 298
D 534 107 4 321 456 346 535 293 485 537 8
D 533 99 2 153 534 234 8
D 531 89 7 380 532 299 479 266 519 138 533 325 448 355 423 388 8
D 530 79 11 104 281 242 310 272 336 305 366 331 395 361 422 391 447 418 471 442 517 467 531 490 8
D 540 41 2 75 74 73 8
D 541 41 2 75 81 73 29
D 539 43 2 540 76 541 8
D 542 43 2 540 101 541 29
D 538 47 2 539 510 542 8
D 545 99 6 473 312 463 338 436 368 414 397 382 424 476 8
D 549 119 4 483 315 452 341 407 400 484 8
D 548 113 5 179 549 426 370 376 430 348 457 428 8
D 547 107 3 321 485 346 548 324 8
D 546 99 2 153 547 234 8
D 544 89 7 380 545 325 479 299 519 266 533 138 546 355 448 388 8
D 543 79 11 104 310 242 336 272 366 305 395 331 422 361 447 391 471 418 517 442 531 467 544 490 8
D 552 41 2 73 81 75 8
D 553 41 2 73 74 75 29
D 551 43 2 552 76 553 8
D 554 43 2 552 101 553 29
D 550 47 2 551 510 554 8
D 557 99 6 473 338 463 368 436 397 414 424 382 449 476 8
D 561 119 4 483 341 452 371 407 431 484 8
D 560 113 5 179 561 426 399 376 457 348 486 428 8
D 562 101 2 169 324 177 29
D 559 107 2 346 560 562 8
D 558 99 2 153 559 234 8
D 556 89 7 355 479 380 557 325 519 299 533 266 546 138 558 388 8
D 555 79 11 104 336 242 366 272 395 305 422 331 447 361 471 391 517 418 531 442 544 467 556 490 8
D 566 53 2 91 97 89 8
D 567 53 2 91 90 89 29
D 565 55 2 566 92 567 8
D 564 51 2 83 565 98 8
D 563 47 2 71 564 100 8
D 570 99 6 473 368 463 397 436 424 414 449 382 480 476 8
D 574 119 4 483 371 452 400 407 458 484 8
D 575 109 2 185 228 180 184
D 573 113 4 179 574 426 430 376 486 575 8
D 572 107 2 346 573 562 8
D 571 99 2 153 572 234 8
D 569 89 7 355 519 380 570 325 533 299 546 266 558 138 571 388 8
D 568 79 11 104 366 242 395 272 422 305 447 331 471 361 517 391 531 418 544 442 556 467 569 490 8
D 578 49 2 86 85 84 8
D 579 49 2 86 99 84 29
D 577 51 2 578 511 579 8
D 576 47 2 71 577 100 8
D 582 99 6 473 397 463 424 436 449 414 480 382 520 476 8
D 586 119 4 483 400 452 431 407 487 484 8
D 585 113 3 179 586 426 457 228 8
D 584 107 2 346 585 562 8
D 583 99 2 153 584 234 8
D 581 89 7 355 533 380 582 325 546 299 558 266 571 138 583 388 8
D 580 79 11 104 395 242 422 272 447 305 471 331 517 361 531 391 544 418 556 442 569 467 581 490 8
D 589 49 2 84 99 86 8
D 590 49 2 84 85 86 29
D 588 51 2 589 511 590 8
D 587 47 2 71 588 100 8
D 593 99 6 473 424 463 449 436 480 414 520 382 534 476 8
D 599 117 2 190 191 192 29
D 598 115 2 188 599 193 225
D 597 119 3 483 431 452 458 598 8
D 596 113 3 179 597 426 486 228 8
D 595 107 2 346 596 562 8
D 594 99 2 153 595 234 8
D 592 89 7 355 546 380 593 325 558 299 571 266 583 138 594 388 8
D 591 79 11 104 422 242 447 272 471 305 517 331 531 361 544 391 556 418 569 442 581 467 592 490 8
D 603 57 2 95 94 93 8
D 602 55 2 512 603 513 8
D 601 51 2 83 602 98 8
D 600 47 2 71 601 100 8
D 606 99 6 473 449 463 480 436 520 414 534 382 547 476 8
D 610 119 3 483 458 452 487 598 8
D 609 113 2 179 610 227 8
D 608 107 2 346 609 562 8
D 607 99 2 153 608 234 8
D 605 89 7 355 558 380 606 325 571 299 583 266 594 138 607 388 8
D 604 79 11 104 447 242 471 272 517 305 531 331 544 361 556 391 569 418 581 442 592 467 605 490 8
L 615 58 40
D 614 57 2 93 615 95 8
D 613 55 2 512 614 513 8
D 612 51 2 83 613 98 8
D 611 47 2 71 612 100 8
D 618 99 6 473 480 463 520 436 534 414 547 382 559 476 8
D 623 115 2 193 225 188 29
D 622 119 2 483 487 623 8
D 621 113 2 179 622 227 8
D 620 107 2 346 621 562 8
D 619 99 2 153 620 234 8
D 617 89 7 355 571 380 618 325 583 299 594 266 607 138 619 388 8
D 616 79 11 104 471 242 517 272 531 305 544 331 556 361 569 391 581 418 592 442 605 467 617 490 8
D 626 45 2 79 78 77 102
D 627 41 2 75 74 73 81
D 628 41 2 75 81 73 8
D 625 43 3 72 626 627 76 628 8
D 631 57 2 93 615 95 29
D 630 55 2 512 631 513 29
D 629 51 2 83 630 98 29
D 633 49 2 86 85 84 99
D 635 53 2 89 90 91 97
D 636 57 2 93 94 95 615
D 637 53 2 89 97 91 8
D 634 55 3 635 631 512 636 637 29
D 638 49 2 86 99 84 8
D 632 51 3 633 630 83 634 638 29
D 640 45 2 79 102 77 8
D 639 43 3 72 640 627 101 628 29
D 624 47 3 625 629 71 632 639 29
D 69 59 11 70 103 507 516 525 530 538 543 550 555 563 568 576 580 587 591 600 604 611 616 624 8
D 643 29 2 50 65 52 8
D 645 33 2 57 56 55 8
D 646 33 2 57 63 55 29
D 644 35 2 645 58 646 8
D 647 29 2 50 51 52 29
D 642 31 2 643 644 647 8
D 641 27 2 37 642 66 8
D 651 99 6 473 520 463 534 436 547 414 559 382 572 476 8
D 653 85 2 149 304 144 146
D 652 83 3 139 653 359 330 360 29
D 650 89 6 355 583 380 651 325 594 299 607 266 619 652 8
D 649 79 11 104 517 242 531 272 544 305 556 331 569 361 581 391 592 418 605 442 617 467 650 490 8
D 648 59 11 70 516 507 530 525 543 538 555 550 568 563 580 576 591 587 604 600 616 611 649 624 8
D 656 29 2 52 51 50 8
D 657 29 2 52 65 50 29
D 655 31 2 656 644 657 8
D 654 27 2 37 655 66 8
D 661 99 6 473 534 463 547 436 559 414 572 382 584 476 8
D 662 83 3 359 330 139 304 360 29
D 660 89 5 355 594 380 661 325 607 299 619 662 8
D 659 79 11 104 531 242 544 272 556 305 569 331 581 361 592 391 605 418 617 442 650 467 660 490 8
D 658 59 11 70 530 507 543 525 555 538 568 550 580 563 591 576 604 587 616 600 649 611 659 624 8
D 665 21 2 41 40 39 8
D 666 21 2 41 47 39 29
D 664 23 2 665 42 666 8
D 667 31 2 49 644 64 8
D 668 23 2 665 67 666 29
D 663 27 2 664 667 668 8
D 672 99 6 473 547 463 559 436 572 414 584 382 595 476 8
D 674 81 2 142 141 140 29
D 673 83 2 674 330 360 29
D 671 89 4 355 607 380 672 325 619 673 8
D 670 79 11 104 544 242 556 272 569 305 581 331 592 361 605 391 617 418 650 442 660 467 671 490 8
D 669 59 11 70 543 507 555 525 568 538 580 550 591 563 604 576 616 587 649 600 659 611 670 624 8
D 677 21 2 39 47 41 8
D 678 21 2 39 40 41 29
D 676 23 2 677 42 678 8
D 679 23 2 677 67 678 29
D 675 27 2 676 667 679 8
D 683 99 6 473 559 463 572 436 584 414 595 382 608 476 8
D 684 83 2 141 330 151 29
D 682 89 3 355 619 380 683 684 8
D 681 79 11 104 556 242 569 272 581 305 592 331 605 361 617 391 650 418 660 442 671 467 682 490 8
D 680 59 11 70 555 507 568 525 580 538 591 550 604 563 616 576 649 587 659 600 670 611 681 624 8
D 687 25 2 45 44 43 8
D 686 23 2 38 687 46 8
D 689 25 2 45 68 43 29
D 688 23 2 38 689 46 29
D 685 27 2 686 667 688 8
D 693 99 6 473 572 463 584 436 595 414 608 382 620 476 8
D 694 83 2 139 330 150 29
D 692 89 2 380 693 694 8
D 691 79 11 104 569 242 581 272 592 305 605 331 617 361 650 391 660 418 671 442 682 467 692 490 8
D 690 59 11 70 568 507 580 525 591 538 604 550 616 563 649 576 659 587 670 600 681 611 691 624 8
D 697 25 2 43 68 45 8
D 696 23 2 38 697 46 8
D 699 25 2 43 44 45 29
D 698 23 2 38 699 46 29
D 695 27 2 696 667 698 8
D 706 97 2 161 162 163 29
D 705 95 2 164 236 159 706
D 704 93 3 154 705 440 235 441 29
D 703 99 5 473 584 463 595 436 608 414 620 704 8
D 702 89 2 380 703 694 8
D 701 79 11 104 581 242 592 272 605 305 617 331 650 361 660 391 671 418 682 442 692 467 702 490 8
D 700 59 11 70 580 507 591 525 604 538 616 550 649 563 659 576 670 587 681 600 691 611 701 624 8
D 710 33 2 57 63 55 8
D 711 33 2 57 56 55 29
D 709 35 2 710 58 711 8
D 708 31 2 49 709 64 8
D 707 27 2 37 708 66 8
D 716 93 3 154 705 437 235 166 29
D 715 99 4 473 595 463 608 436 620 716 8
D 714 89 2 380 715 694 8
D 713 79 11 104 592 242 605 272 617 305 650 331 660 361 671 391 682 418 692 442 702 467 714 490 8
D 712 59 11 70 591 507 604 525 616 538 649 550 659 563 670 576 681 587 691 600 701 611 713 624 8
L 721 38 19
D 720 37 2 59 721 61 8
D 719 35 2 645 720 646 8
D 718 31 2 49 719 64 8
D 717 27 2 37 718 66 8
D 726 93 2 154 705 165 29
D 725 99 3 473 608 463 620 726 8
D 724 89 2 380 725 694 8
D 723 79 11 104 605 242 617 272 650 305 660 331 671 361 682 391 692 418 702 442 714 467 724 490 8
D 722 59 11 70 604 507 616 525 649 538 659 550 670 563 681 576 691 587 701 600 713 611 723 624 8
D 730 37 2 61 60 59 8
D 729 35 2 645 730 646 8
D 728 31 2 49 729 64 8
D 727 27 2 37 728 66 8
D 736 95 2 159 706 164 29
D 735 93 2 154 736 165 29
D 734 99 2 473 620 735 8
D 733 89 2 380 734 694 8
D 732 79 11 104 617 242 650 272 660 305 671 331 682 361 692 391 702 418 714 442 724 467 733 490 8
D 731 59 11 70 616 507 649 525 659 538 670 550 681 563 691 576 701 587 713 600 723 611 732 624 8
D 739 25 2 45 44 43 68
D 740 21 2 41 40 39 47
D 741 21 2 41 47 39 8
D 738 23 3 38 739 740 42 741 8
D 744 37 2 59 721 61 29
D 743 35 2 645 744 646 29
D 742 31 2 49 743 64 29
D 746 29 2 52 51 50 65
D 748 33 2 55 56 57 63
D 749 37 2 59 60 61 721
D 750 33 2 55 63 57 8
D 747 35 3 748 744 645 749 750 29
D 751 29 2 52 65 50 8
D 745 31 3 746 743 49 747 751 29
D 753 25 2 45 68 43 8
D 752 23 3 38 753 740 67 741 29
D 737 27 3 738 742 37 745 752 29
D 35 39 11 36 69 641 648 654 658 663 669 675 680 685 690 695 700 707 712 717 722 727 731 737 8
D 756 3 2 5 34 7 8
D 755 1 2 3 756 9 8
D 759 11 2 17 28 19 8
D 760 11 2 17 18 19 29
D 758 13 2 759 20 760 8
D 757 9 2 11 758 30 8
D 762 3 2 5 6 7 29
D 761 1 2 3 762 9 29
D 754 5 2 755 757 761 8
D 769 77 2 127 128 129 29
D 768 75 3 122 769 501 497 503 29
D 767 71 3 117 768 499 496 504 29
D 766 67 3 273 767 491 495 505 29
D 765 79 10 104 650 242 660 272 671 305 682 331 692 361 702 391 714 418 724 442 733 766 8
D 764 59 11 70 649 507 659 525 670 538 681 550 691 563 701 576 713 587 723 600 732 611 765 624 8
D 763 39 11 36 648 641 658 654 669 663 680 675 690 685 700 695 712 707 722 717 731 727 764 737 8
D 771 1 2 9 4 3 8
D 772 1 2 9 33 3 29
D 770 5 2 771 757 772 8
D 779 73 2 123 124 125 131
D 778 75 2 501 497 779 29
D 777 71 3 117 778 499 496 504 29
D 776 67 3 273 777 491 495 505 29
D 775 79 9 104 660 242 671 272 682 305 692 331 702 361 714 391 724 418 733 776 8
D 774 59 11 70 659 507 670 525 681 538 691 550 701 563 713 576 723 587 732 600 765 611 775 624 8
D 773 39 11 36 658 641 669 654 680 663 690 675 700 685 712 695 722 707 731 717 764 727 774 737 8
D 782 3 2 7 6 5 8
D 781 1 2 3 782 9 8
D 784 3 2 7 34 5 29
D 783 1 2 3 784 9 29
D 780 5 2 781 757 783 8
D 789 71 3 117 778 393 496 133 29
D 788 67 3 273 789 491 495 505 29
D 787 79 8 104 671 242 682 272 692 305 702 331 714 361 724 391 733 788 8
D 786 59 11 70 670 507 681 525 691 538 701 550 713 563 723 576 732 587 765 600 775 611 787 624 8
D 785 39 11 36 669 641 680 654 690 663 700 675 712 685 722 695 731 707 764 717 774 727 786 737 8
D 793 11 2 19 28 17 8
D 794 11 2 19 18 17 29
D 792 13 2 793 20 794 8
D 791 9 2 11 792 30 8
D 790 5 2 2 791 32 8
D 799 71 2 117 778 132 29
D 798 67 3 273 799 491 495 505 29
D 797 79 7 104 682 242 692 272 702 305 714 331 724 361 733 798 8
D 796 59 11 70 681 507 691 525 701 538 713 550 723 563 732 576 765 587 775 600 787 611 797 624 8
D 795 39 11 36 680 641 690 654 700 663 712 675 722 685 731 695 764 707 774 717 786 727 796 737 8
D 802 7 2 14 13 12 8
D 803 7 2 14 31 12 29
D 801 9 2 802 758 803 8
D 800 5 2 2 801 32 8
D 808 63 3 274 333 493 110 494 8
D 809 63 3 493 135 274 136 494 29
D 807 67 3 273 799 808 495 809 29
D 806 79 6 104 692 242 702 272 714 305 724 331 733 807 8
D 805 59 11 70 691 507 701 525 713 538 723 550 732 563 765 576 775 587 787 600 797 611 806 624 8
D 804 39 11 36 690 641 700 654 712 663 722 675 731 685 764 695 774 707 786 717 796 727 805 737 8
D 812 7 2 12 31 14 8
D 813 7 2 12 13 14 29
D 811 9 2 812 758 813 8
D 810 5 2 2 811 32 8
D 819 61 2 107 115 109 108
D 818 63 2 493 110 819 8
D 821 61 2 109 115 107 29
D 820 63 2 821 135 494 29
D 817 67 3 273 799 818 495 820 29
D 816 79 5 104 702 242 714 272 724 305 733 817 8
D 815 59 11 70 701 507 713 525 723 538 732 550 765 563 775 576 787 587 797 600 806 611 816 624 8
D 814 39 11 36 700 641 712 654 722 663 731 675 764 685 774 695 786 707 796 717 805 727 815 737 8
D 825 15 2 26 22 21 8
D 824 13 2 759 825 760 8
D 823 9 2 11 824 30 8
D 822 5 2 2 823 32 8
D 831 75 2 278 497 279 29
D 830 71 2 117 831 132 29
D 829 67 3 273 830 818 495 820 29
D 828 79 4 104 714 242 724 272 733 829 8
D 827 59 11 70 713 507 723 525 732 538 765 550 775 563 787 576 797 587 806 600 816 611 828 624 8
D 826 39 11 36 712 641 722 654 731 663 764 675 774 685 786 695 796 707 805 717 815 727 827 737 8
D 836 17 2 25 24 23 8
D 835 15 2 21 836 26 8
D 834 13 2 759 835 760 8
D 833 9 2 11 834 30 8
D 832 5 2 2 833 32 8
D 841 63 2 493 135 819 29
D 840 67 2 818 495 841 29
D 839 79 3 104 724 242 733 840 8
D 838 59 11 70 723 507 732 525 765 538 775 550 787 563 797 576 806 587 816 600 828 611 839 624 8
D 837 39 11 36 722 641 731 654 764 663 774 675 786 685 796 695 805 707 815 717 827 727 838 737 8
L 847 18 10
D 846 17 2 23 847 25 8
D 845 15 2 21 846 26 8
D 844 13 2 759 845 760 8
D 843 9 2 11 844 30 8
D 842 5 2 2 843 32 8
D 851 67 2 105 495 134 29
D 850 79 2 104 733 851 8
D 849 59 11 70 732 507 765 525 775 538 787 550 797 563 806 576 816 587 828 600 839 611 850 624 8
D 848 39 11 36 731 641 764 654 774 663 786 675 796 685 805 695 815 707 827 717 838 727 849 737 8
D 856 17 2 23 24 25 847
D 857 17 2 23 847 25 29
D 855 15 2 21 856 26 857
D 858 11 2 19 28 17 18
D 859 15 2 21 857 26 29
D 860 11 2 19 18 17 8
D 854 13 3 759 855 858 859 860 29
D 861 7 2 14 13 12 31
D 862 13 2 759 859 760 29
D 863 7 2 14 31 12 8
D 853 9 3 11 854 861 862 863 29
D 865 3 2 7 6 5 34
D 864 1 2 3 865 9 4
D 866 9 2 11 862 30 29
D 868 3 2 7 34 5 8
D 867 1 2 3 868 9 33
D 852 5 3 2 853 864 866 867 29
D 0 19 11 1 35 754 763 770 773 780 785 790 795 800 804 810 814 822 826 832 837 842 848 852 8
