c ids of sdd nodes start at 0
c sdd nodes appear bottom-up, children before parents
c
c file syntax:
c sdd count-of-sdd-nodes
c F id-of-false-sdd-node
c T id-of-true-sdd-node
c L id-of-literal-sdd-node id-of-vtree literal
c D id-of-decomposition-sdd-node id-of-vtree number-of-elements {id-of-prime id-of-sub}*
c
sdd 871
L 3 0 -3
L 5 2 -4
L 6 4 -2
L 7 2 4
F 8
D 4 3 2 5 6 7 8
L 9 0 3
D 2 1 2 3 4 9 8
L 12 6 -6
L 13 8 -7
L 14 6 6
D 11 7 2 12 13 14 8
L 17 10 -5
L 18 12 1
L 19 10 5
D 16 11 2 17 18 19 8
L 21 14 -8
L 23 16 -9
L 24 18 -10
L 25 16 9
D 22 17 2 23 24 25 8
L 26 14 8
D 20 15 2 21 22 26 8
L 28 12 -1
T 29
D 27 11 2 17 28 19 29
D 15 13 2 16 20 27 8
L 31 8 7
D 30 7 2 12 31 14 29
D 10 9 2 11 15 30 8
L 34 4 2
D 33 3 2 5 34 7 29
D 32 1 2 3 33 9 29
D 1 5 2 2 10 32 8
L 39 20 -14
L 40 22 -15
L 41 20 14
D 38 21 2 39 40 41 8
L 43 24 -16
L 44 26 -17
L 45 24 16
D 42 25 2 43 44 45 8
L 47 22 15
D 46 21 2 39 47 41 29
D 37 23 2 38 42 46 8
L 50 28 -13
L 51 30 -12
L 52 28 13
D 49 29 2 50 51 52 8
L 55 32 11
L 56 34 -18
L 57 32 -11
D 54 33 2 55 56 57 8
L 59 36 -20
L 60 38 -19
L 61 36 20
D 58 37 2 59 60 61 8
L 63 34 18
D 62 33 2 55 63 57 29
D 53 35 2 54 58 62 8
L 65 30 12
D 64 29 2 50 65 52 29
D 48 31 2 49 53 64 8
L 68 26 17
D 67 25 2 43 68 45 29
D 66 23 2 38 67 46 29
D 36 27 2 37 48 66 8
L 73 40 -34
L 74 42 -35
L 75 40 34
D 72 41 2 73 74 75 8
L 77 44 -32
L 78 46 -33
L 79 44 32
D 76 45 2 77 78 79 8
L 81 42 35
D 80 41 2 73 81 75 29
D 71 43 2 72 76 80 8
L 84 48 -37
L 85 50 -38
L 86 48 37
D 83 49 2 84 85 86 8
L 89 52 31
L 90 54 -36
L 91 52 -31
D 88 53 2 89 90 91 8
L 93 56 -39
L 94 58 -40
L 95 56 39
D 92 57 2 93 94 95 8
L 97 54 36
D 96 53 2 89 97 91 29
D 87 55 2 88 92 96 8
L 99 50 38
D 98 49 2 84 99 86 29
D 82 51 2 83 87 98 8
L 102 46 33
D 101 45 2 77 102 79 29
D 100 43 2 72 101 80 29
D 70 47 2 71 82 100 8
L 107 60 22
L 108 62 -21
L 109 60 -22
D 106 61 2 107 108 109 8
L 111 64 -25
L 112 66 -26
L 113 64 25
D 110 65 2 111 112 113 8
L 115 62 21
D 114 61 2 107 115 109 29
D 105 63 2 106 110 114 8
L 118 68 -27
L 119 70 -28
L 120 68 27
D 117 69 2 118 119 120 8
L 123 72 -23
L 124 74 -24
L 125 72 23
D 122 73 2 123 124 125 8
L 127 76 -30
L 128 78 -29
L 129 76 30
D 126 77 2 127 128 129 8
L 131 74 24
D 130 73 2 123 131 125 29
D 121 75 2 122 126 130 8
L 133 70 28
D 132 69 2 118 133 120 29
D 116 71 2 117 121 132 8
L 136 66 26
D 135 65 2 111 136 113 29
D 134 63 2 106 135 114 29
D 104 67 2 105 116 134 8
L 140 80 -46
L 141 82 -47
L 142 80 46
D 139 81 2 140 141 142 8
L 144 84 -48
L 146 86 50
L 147 88 -49
L 148 86 -50
D 145 87 2 146 147 148 8
L 149 84 48
D 143 85 2 144 145 149 8
L 151 82 47
D 150 81 2 140 151 142 29
D 138 83 2 139 143 150 8
L 155 90 -43
L 156 92 -44
L 157 90 43
D 154 91 2 155 156 157 8
L 159 94 -42
L 161 96 -45
L 162 98 -41
L 163 96 45
D 160 97 2 161 162 163 8
L 164 94 42
D 158 95 2 159 160 164 8
L 166 92 44
D 165 91 2 155 166 157 29
D 153 93 2 154 158 165 8
L 169 100 -57
L 171 102 -58
L 173 104 60
L 174 106 -59
L 175 104 -60
D 172 105 2 173 174 175 8
L 176 102 58
D 170 103 2 171 172 176 8
L 177 100 57
D 168 101 2 169 170 177 8
L 180 108 -53
L 182 110 -56
L 183 112 -55
L 184 110 56
D 181 111 2 182 183 184 8
L 185 108 53
D 179 109 2 180 181 185 8
L 188 114 -51
L 190 116 -54
L 191 118 -52
L 192 116 54
D 189 117 2 190 191 192 8
L 193 114 51
D 187 115 2 188 189 193 8
L 196 120 -61
L 197 122 -62
L 198 120 61
D 195 121 2 196 197 198 8
L 201 124 -63
L 202 126 -64
L 203 124 63
D 200 125 2 201 202 203 8
L 205 128 -65
L 207 130 -66
L 209 132 -67
L 211 134 -68
L 213 136 -69
L 214 138 70
L 215 136 69
D 212 137 2 213 214 215 8
L 216 134 68
D 210 135 2 211 212 216 8
L 217 132 67
D 208 133 2 209 210 217 8
L 218 130 66
D 206 131 2 207 208 218 8
L 219 128 65
D 204 129 2 205 206 219 8
L 221 126 64
D 220 125 2 201 221 203 29
D 199 127 2 200 204 220 8
L 223 122 62
D 222 121 2 196 223 198 29
D 194 123 2 195 199 222 8
L 226 118 52
D 225 117 2 190 226 192 29
D 224 115 2 188 225 193 29
D 186 119 2 187 194 224 8
L 229 112 55
D 228 111 2 182 229 184 29
D 227 109 2 180 228 185 29
D 178 113 2 179 186 227 8
L 233 106 59
D 232 105 2 173 233 175 29
D 231 103 2 171 232 176 29
D 230 101 2 169 231 177 29
D 167 107 2 168 178 230 8
L 237 98 41
D 236 97 2 161 237 163 29
D 235 95 2 159 236 164 29
D 234 93 2 154 235 165 29
D 152 99 2 153 167 234 8
L 241 88 49
D 240 87 2 146 241 148 29
D 239 85 2 144 240 149 29
D 238 83 2 139 239 150 29
D 137 89 2 138 152 238 8
D 244 61 2 109 108 107 8
D 245 61 2 109 115 107 29
D 243 63 2 244 110 245 8
D 248 73 2 125 124 123 8
D 249 73 2 125 131 123 29
D 247 75 2 248 126 249 8
D 246 71 2 117 247 132 8
D 250 63 2 244 135 245 29
D 242 67 2 243 246 250 8
D 256 105 2 175 233 173 8
D 255 103 2 171 256 176 8
D 254 101 2 169 255 177 8
L 266 138 -70
D 265 137 2 215 266 213 8
D 264 135 2 211 265 216 8
D 263 133 2 209 264 217 8
D 262 131 2 207 263 218 8
D 261 129 2 205 262 219 8
D 260 127 2 200 261 220 8
D 259 123 2 195 260 222 8
D 258 119 2 187 259 224 8
D 257 113 2 179 258 227 8
D 269 105 2 175 174 173 233
D 268 103 2 171 269 176 29
D 267 101 2 169 268 177 29
D 253 107 3 254 178 168 257 267 8
D 252 99 2 153 253 234 8
D 272 87 2 148 241 146 8
D 271 85 2 144 272 149 8
D 270 83 2 139 271 150 8
D 275 87 2 148 147 146 241
D 274 85 2 144 275 149 29
D 273 83 2 139 274 150 29
D 251 89 3 138 252 270 152 273 8
D 279 73 2 123 131 125 8
D 280 73 2 123 124 125 29
D 278 75 2 279 126 280 8
D 277 71 2 117 278 132 8
D 276 67 2 243 277 250 8
D 292 137 2 213 266 215 8
D 291 135 2 216 292 211 8
D 290 133 2 209 291 217 8
D 289 131 2 207 290 218 8
D 288 129 2 205 289 219 8
D 287 127 2 200 288 220 8
D 286 123 2 195 287 222 8
D 285 119 2 187 286 224 8
D 284 113 2 179 285 227 8
D 295 105 2 175 174 173 8
D 294 103 2 176 295 171 8
D 293 101 2 169 294 177 8
D 298 105 2 175 233 173 29
D 297 103 2 171 269 176 298
D 296 101 2 169 297 177 29
D 283 107 4 168 284 293 178 254 257 296 8
D 282 99 2 153 283 234 8
D 301 87 2 148 147 146 8
D 300 85 2 149 301 144 8
D 299 83 2 139 300 150 8
D 304 87 2 148 241 146 29
D 303 85 2 144 275 149 304
D 302 83 2 139 303 150 29
D 281 89 4 138 282 270 252 299 152 302 8
D 307 65 2 113 112 111 8
D 306 63 2 244 307 245 8
D 309 65 2 113 136 111 29
D 308 63 2 244 309 245 29
D 305 67 2 306 116 308 8
D 320 135 2 211 292 216 8
D 319 133 2 217 320 209 8
D 318 131 2 207 319 218 8
D 317 129 2 205 318 219 8
D 316 127 2 200 317 220 8
D 315 123 2 195 316 222 8
D 314 119 2 187 315 224 8
D 313 113 2 179 314 227 8
D 322 103 2 171 295 176 8
D 321 101 2 177 322 169 8
D 324 103 2 171 298 176 29
D 323 101 2 169 297 177 324
D 312 107 5 168 313 254 284 321 178 293 257 323 8
D 311 99 2 153 312 234 8
D 326 81 2 140 151 142 8
D 327 85 2 144 301 149 8
D 328 81 2 140 141 142 29
D 325 83 2 326 327 328 8
D 330 85 2 144 304 149 29
D 329 83 3 139 303 326 330 142 29
D 310 89 5 138 311 270 282 299 252 325 152 329 8
D 333 65 2 111 136 113 8
D 332 63 2 244 333 245 8
D 335 65 2 111 112 113 29
D 334 63 2 244 335 245 29
D 331 67 2 332 116 334 8
D 345 133 2 209 320 217 8
D 344 131 2 218 345 207 8
D 343 129 2 205 344 219 8
D 342 127 2 200 343 220 8
D 341 123 2 195 342 222 8
D 340 119 2 187 341 224 8
D 339 113 2 179 340 227 8
D 346 101 2 169 322 177 8
D 349 111 2 184 183 182 8
D 348 109 2 180 349 185 8
D 351 111 2 184 229 182 29
D 350 109 2 180 351 185 29
D 347 113 2 348 186 350 8
D 354 105 2 173 233 175 8
D 353 103 2 171 354 176 298
D 352 101 2 169 353 177 324
D 338 107 6 168 339 346 347 254 313 293 284 321 257 352 8
D 337 99 2 153 338 234 8
D 356 81 2 142 141 140 8
D 357 81 2 142 151 140 29
D 355 83 2 356 327 357 8
D 359 81 2 142 141 140 151
D 360 81 2 142 151 140 8
D 358 83 3 139 303 359 330 360 29
D 336 89 6 138 337 270 311 299 282 325 252 355 152 358 8
D 363 69 2 120 119 118 8
D 364 69 2 120 133 118 29
D 362 71 2 363 121 364 8
D 361 67 2 243 362 250 8
D 373 131 2 207 345 218 8
D 372 129 2 219 373 205 8
D 371 127 2 200 372 220 8
D 370 123 2 195 371 222 8
D 369 119 2 187 370 224 8
D 368 113 2 179 369 227 8
D 376 111 2 182 229 184 8
D 375 109 2 180 376 185 8
D 378 111 2 182 183 184 229
D 377 109 2 180 378 185 29
D 374 113 3 348 258 375 186 377 8
D 367 107 6 168 368 346 374 254 339 293 313 321 284 352 8
D 366 99 2 153 367 234 8
D 379 83 2 139 327 150 8
D 383 97 2 163 162 161 8
D 382 95 2 159 383 164 8
D 381 93 2 154 382 165 8
D 386 97 2 163 237 161 29
D 385 95 2 159 386 164 29
D 384 93 2 154 385 165 29
D 380 99 2 381 167 384 8
D 389 87 2 146 241 148 8
D 388 85 2 144 389 149 304
D 387 83 3 139 388 359 330 360 29
D 365 89 7 138 366 379 380 270 337 299 311 325 282 355 252 387 8
D 392 69 2 118 133 120 8
D 393 69 2 118 119 120 29
D 391 71 2 392 121 393 8
D 390 67 2 243 391 250 8
D 401 125 2 201 221 203 8
D 402 129 2 205 373 219 8
D 403 125 2 201 202 203 29
D 400 127 2 401 402 403 8
D 399 123 2 195 400 222 8
D 398 119 2 187 399 224 8
D 397 113 2 179 398 227 8
D 407 117 2 192 191 190 8
D 406 115 2 188 407 193 8
D 409 117 2 192 226 190 29
D 408 115 2 188 409 193 29
D 405 119 2 406 194 408 8
D 411 111 2 184 229 182 8
D 410 109 2 180 411 185 29
D 404 113 4 375 258 179 405 348 285 410 8
D 396 107 6 168 397 346 404 254 368 293 339 321 313 352 8
D 395 99 2 153 396 234 8
D 414 91 2 155 166 157 8
D 415 91 2 155 156 157 29
D 413 93 2 414 158 415 8
D 416 93 3 154 385 414 235 157 29
D 412 99 3 413 167 381 253 416 8
D 394 89 7 138 395 379 412 270 366 299 337 325 311 355 282 387 8
L 421 78 29
D 420 77 2 127 421 129 8
D 419 75 2 122 420 130 8
D 418 71 2 117 419 132 8
D 417 67 2 243 418 250 8
D 426 109 2 185 181 180 8
D 427 119 2 406 259 408 8
D 428 109 2 180 411 185 228
D 425 113 5 375 285 426 186 179 427 348 314 428 8
D 433 125 2 203 202 201 8
D 434 125 2 203 221 201 29
D 432 127 2 433 402 434 8
D 431 123 2 195 432 222 8
D 430 119 2 187 431 224 8
D 429 113 2 179 430 227 8
D 424 107 6 346 425 168 429 254 397 293 368 321 339 352 8
D 423 99 2 153 424 234 8
D 437 91 2 157 156 155 8
D 438 91 2 157 166 155 29
D 436 93 2 437 158 438 8
D 440 91 2 157 156 155 166
D 441 91 2 157 166 155 8
D 439 93 3 154 385 440 235 441 29
D 435 99 4 436 167 413 253 381 283 439 8
D 422 89 7 138 423 379 435 270 395 299 366 325 337 355 311 387 8
D 445 77 2 129 128 127 8
D 444 75 2 122 445 130 8
D 443 71 2 117 444 132 8
D 442 67 2 243 443 250 8
D 452 117 2 190 226 192 8
D 451 115 2 188 452 193 8
D 454 117 2 190 191 192 226
D 453 115 2 188 454 193 29
D 450 119 3 451 194 406 286 453 8
D 449 113 5 179 450 426 258 375 314 348 340 428 8
D 458 121 2 196 223 198 8
D 459 127 2 200 402 220 8
D 460 121 2 196 197 198 29
D 457 123 2 458 459 460 8
D 456 119 2 187 457 224 8
D 455 113 2 179 456 227 8
D 448 107 6 346 449 254 429 293 397 168 455 321 368 352 8
D 447 99 2 153 448 234 8
D 463 95 2 164 160 159 8
D 462 93 2 154 463 165 8
D 465 95 2 159 386 164 236
D 464 93 3 154 465 440 235 441 29
D 461 99 5 462 167 436 253 413 283 381 312 464 8
D 446 89 7 138 447 379 461 270 423 299 395 325 366 355 337 387 8
D 468 65 2 113 112 111 136
D 467 63 3 244 468 106 110 115 8
D 471 77 2 127 421 129 29
D 470 75 2 122 471 130 29
D 469 71 2 117 470 132 29
D 473 69 2 120 119 118 133
D 475 73 2 125 124 123 131
D 476 77 2 127 128 129 421
D 477 73 2 125 131 123 8
D 474 75 3 475 471 122 476 477 29
D 478 69 2 120 133 118 8
D 472 71 3 473 470 117 474 478 29
D 480 65 2 113 136 111 8
D 479 63 3 244 480 106 135 115 29
D 466 67 3 467 469 243 472 479 29
D 103 79 10 104 137 242 251 276 281 305 310 331 336 361 365 390 394 417 422 442 446 466 8
D 483 45 2 79 78 77 8
D 482 43 2 72 483 80 8
D 486 53 2 91 90 89 8
D 487 53 2 91 97 89 29
D 485 55 2 486 92 487 8
D 484 51 2 83 485 98 8
D 489 45 2 79 102 77 29
D 488 43 2 72 489 80 29
D 481 47 2 482 484 488 8
D 493 61 2 109 115 107 8
D 494 61 2 109 108 107 29
D 492 63 2 493 110 494 8
D 495 63 2 493 135 494 29
D 491 67 2 492 116 495 8
D 500 97 2 161 237 163 8
D 499 95 2 159 500 164 8
D 498 93 2 154 499 165 8
D 503 97 2 161 162 163 237
D 502 95 2 159 503 164 236
D 501 93 3 154 502 440 235 441 29
D 497 99 6 498 167 462 253 436 283 413 312 381 338 501 8
D 508 115 2 193 189 188 8
D 509 115 2 188 454 193 225
D 507 119 4 508 194 451 259 406 315 509 8
D 506 113 5 179 507 426 285 375 340 348 369 428 8
D 513 121 2 198 197 196 8
D 514 121 2 198 223 196 29
D 512 123 2 513 459 514 8
D 511 119 2 187 512 224 8
D 510 113 2 179 511 227 8
D 505 107 6 346 506 293 429 321 397 254 455 168 510 352 8
D 504 99 2 153 505 234 8
D 496 89 7 379 497 138 504 270 447 299 423 325 395 355 366 387 8
D 517 61 2 107 108 109 115
D 518 61 2 107 115 109 8
D 516 63 3 244 468 517 110 518 8
D 519 63 3 244 480 517 135 518 29
D 515 67 3 516 469 243 472 519 29
D 490 79 11 491 137 104 251 242 281 276 310 305 336 331 365 361 394 390 422 417 446 442 496 515 8
D 522 45 2 77 102 79 8
D 521 43 2 72 522 80 8
D 524 45 2 77 78 79 29
D 523 43 2 72 524 80 29
D 520 47 2 521 484 523 8
D 527 99 6 498 253 462 283 436 312 413 338 381 367 501 8
D 531 119 4 508 259 451 286 406 341 509 8
D 530 113 5 179 531 426 314 375 369 348 398 428 8
D 533 103 2 176 298 171 173
D 532 101 2 169 533 177 324
D 529 107 5 321 429 346 530 293 455 254 510 532 8
D 528 99 2 153 529 234 8
D 526 89 7 379 527 270 504 138 528 299 447 325 423 355 395 387 8
D 525 79 11 491 251 104 281 242 310 276 336 305 365 331 394 361 422 390 446 417 496 442 526 515 8
D 536 41 2 75 74 73 8
D 537 41 2 75 81 73 29
D 535 43 2 536 76 537 8
D 538 43 2 536 101 537 29
D 534 47 2 535 484 538 8
D 541 99 6 498 283 462 312 436 338 413 367 381 396 501 8
D 545 119 4 508 286 451 315 406 370 509 8
D 544 113 5 179 545 426 340 375 398 348 430 428 8
D 546 101 2 177 324 169 298
D 543 107 4 321 455 346 544 293 510 546 8
D 542 99 2 153 543 234 8
D 540 89 7 379 541 299 504 270 528 138 542 325 447 355 423 387 8
D 539 79 11 491 281 104 310 242 336 276 365 305 394 331 422 361 446 390 496 417 526 442 540 515 8
D 549 41 2 73 81 75 8
D 550 41 2 73 74 75 29
D 548 43 2 549 76 550 8
D 551 43 2 549 101 550 29
D 547 47 2 548 484 551 8
D 554 99 6 498 312 462 338 436 367 413 396 381 424 501 8
D 558 119 4 508 315 451 341 406 399 509 8
D 557 113 5 179 558 426 369 375 430 348 456 428 8
D 556 107 3 321 510 346 557 324 8
D 555 99 2 153 556 234 8
D 553 89 7 379 554 325 504 299 528 270 542 138 555 355 447 387 8
D 552 79 11 491 310 104 336 242 365 276 394 305 422 331 446 361 496 390 526 417 540 442 553 515 8
D 562 53 2 91 97 89 8
D 563 53 2 91 90 89 29
D 561 55 2 562 92 563 8
D 560 51 2 83 561 98 8
D 559 47 2 71 560 100 8
D 566 99 6 498 338 462 367 436 396 413 424 381 448 501 8
D 570 119 4 508 341 451 370 406 431 509 8
D 569 113 5 179 570 426 398 375 456 348 511 428 8
D 571 101 2 169 324 177 29
D 568 107 2 346 569 571 8
D 567 99 2 153 568 234 8
D 565 89 7 355 504 379 566 325 528 299 542 270 555 138 567 387 8
D 564 79 11 491 336 104 365 242 394 276 422 305 446 331 496 361 526 390 540 417 553 442 565 515 8
D 574 49 2 86 85 84 8
D 575 49 2 86 99 84 29
D 573 51 2 574 485 575 8
D 572 47 2 71 573 100 8
D 578 99 6 498 367 462 396 436 424 413 448 381 505 501 8
D 582 119 4 508 370 451 399 406 457 509 8
D 583 109 2 185 228 180 184
D 581 113 4 179 582 426 430 375 511 583 8
D 580 107 2 346 581 571 8
D 579 99 2 153 580 234 8
D 577 89 7 355 528 379 578 325 542 299 555 270 567 138 579 387 8
D 576 79 11 491 365 104 394 242 422 276 446 305 496 331 526 361 540 390 553 417 565 442 577 515 8
D 586 49 2 84 99 86 8
D 587 49 2 84 85 86 29
D 585 51 2 586 485 587 8
D 584 47 2 71 585 100 8
D 590 99 6 498 396 462 424 436 448 413 505 381 529 501 8
D 594 119 4 508 399 451 431 406 512 509 8
D 593 113 3 179 594 426 456 228 8
D 592 107 2 346 593 571 8
D 591 99 2 153 592 234 8
D 589 89 7 355 542 379 590 325 555 299 567 270 579 138 591 387 8
D 588 79 11 491 394 104 422 242 446 276 496 305 526 331 540 361 553 390 565 417 577 442 589 515 8
D 598 57 2 95 94 93 8
D 597 55 2 486 598 487 8
D 596 51 2 83 597 98 8
D 595 47 2 71 596 100 8
D 601 99 6 498 424 462 448 436 505 413 529 381 543 501 8
D 607 117 2 190 191 192 29
D 606 115 2 188 607 193 225
D 605 119 3 508 431 451 457 606 8
D 604 113 3 179 605 426 511 228 8
D 603 107 2 346 604 571 8
D 602 99 2 153 603 234 8
D 600 89 7 355 555 379 601 325 567 299 579 270 591 138 602 387 8
D 599 79 11 491 422 104 446 242 496 276 526 305 540 331 553 361 565 390 577 417 589 442 600 515 8
L 612 58 40
D 611 57 2 93 612 95 8
D 610 55 2 486 611 487 8
D 609 51 2 83 610 98 8
D 608 47 2 71 609 100 8
D 615 99 6 498 448 462 505 436 529 413 543 381 556 501 8
D 619 119 3 508 457 451 512 606 8
D 618 113 2 179 619 227 8
D 617 107 2 346 618 571 8
D 616 99 2 153 617 234 8
D 614 89 7 355 567 379 615 325 579 299 591 270 602 138 616 387 8
D 613 79 11 491 446 104 496 242 526 276 540 305 553 331 565 361 577 390 589 417 600 442 614 515 8
D 622 45 2 79 78 77 102
D 623 41 2 75 74 73 81
D 624 41 2 75 81 73 8
D 621 43 3 72 622 623 76 624 8
D 627 57 2 93 612 95 29
D 626 55 2 486 627 487 29
D 625 51 2 83 626 98 29
D 629 49 2 86 85 84 99
D 631 53 2 89 90 91 97
D 632 57 2 93 94 95 612
D 633 53 2 89 97 91 8
D 630 55 3 631 627 486 632 633 29
D 634 49 2 86 99 84 8
D 628 51 3 629 626 83 630 634 29
D 636 45 2 79 102 77 8
D 635 43 3 72 636 623 101 624 29
D 620 47 3 621 625 71 628 635 29
D 69 59 11 70 103 481 490 520 525 534 539 547 552 559 564 572 576 584 588 595 599 608 613 620 8
D 639 29 2 50 65 52 8
D 641 33 2 57 56 55 8
D 642 33 2 57 63 55 29
D 640 35 2 641 58 642 8
D 643 29 2 50 51 52 29
D 638 31 2 639 640 643 8
D 637 27 2 37 638 66 8
D 647 99 6 498 505 462 529 436 543 413 556 381 568 501 8
D 652 115 2 193 225 188 29
D 651 119 2 508 512 652 8
D 650 113 2 179 651 227 8
D 649 107 2 346 650 571 8
D 648 99 2 153 649 234 8
D 646 89 7 355 579 379 647 325 591 299 602 270 616 138 648 387 8
D 645 79 11 491 496 104 526 242 540 276 553 305 565 331 577 361 589 390 600 417 614 442 646 515 8
D 644 59 11 70 490 481 525 520 539 534 552 547 564 559 576 572 588 584 599 595 613 608 645 620 8
D 655 29 2 52 51 50 8
D 656 29 2 52 65 50 29
D 654 31 2 655 640 656 8
D 653 27 2 37 654 66 8
D 660 99 6 498 529 462 543 436 556 413 568 381 580 501 8
D 662 85 2 149 304 144 146
D 661 83 3 139 662 359 330 360 29
D 659 89 6 355 591 379 660 325 602 299 616 270 648 661 8
D 658 79 11 491 526 104 540 242 553 276 565 305 577 331 589 361 600 390 614 417 646 442 659 515 8
D 657 59 11 70 525 481 539 520 552 534 564 547 576 559 588 572 599 584 613 595 645 608 658 620 8
D 665 21 2 41 40 39 8
D 666 21 2 41 47 39 29
D 664 23 2 665 42 666 8
D 667 31 2 49 640 64 8
D 668 23 2 665 67 666 29
D 663 27 2 664 667 668 8
D 672 99 6 498 543 462 556 436 568 413 580 381 592 501 8
D 673 83 3 359 330 139 304 360 29
D 671 89 5 355 602 379 672 325 616 299 648 673 8
D 670 79 11 491 540 104 553 242 565 276 577 305 589 331 600 361 614 390 646 417 659 442 671 515 8
D 669 59 11 70 539 481 552 520 564 534 576 547 588 559 599 572 613 584 645 595 658 608 670 620 8
D 676 21 2 39 47 41 8
D 677 21 2 39 40 41 29
D 675 23 2 676 42 677 8
D 678 23 2 676 67 677 29
D 674 27 2 675 667 678 8
D 682 99 6 498 556 462 568 436 580 413 592 381 603 501 8
D 684 81 2 142 141 140 29
D 683 83 2 684 330 360 29
D 681 89 4 355 616 379 682 325 648 683 8
D 680 79 11 491 553 104 565 242 577 276 589 305 600 331 614 361 646 390 659 417 671 442 681 515 8
D 679 59 11 70 552 481 564 520 576 534 588 547 599 559 613 572 645 584 658 595 670 608 680 620 8
D 687 25 2 45 44 43 8
D 686 23 2 38 687 46 8
D 689 25 2 45 68 43 29
D 688 23 2 38 689 46 29
D 685 27 2 686 667 688 8
D 693 99 6 498 568 462 580 436 592 413 603 381 617 501 8
D 694 83 2 141 330 151 29
D 692 89 3 355 648 379 693 694 8
D 691 79 11 491 565 104 577 242 589 276 600 305 614 331 646 361 659 390 671 417 681 442 692 515 8
D 690 59 11 70 564 481 576 520 588 534 599 547 613 559 645 572 658 584 670 595 680 608 691 620 8
D 697 25 2 43 68 45 8
D 696 23 2 38 697 46 8
D 699 25 2 43 44 45 29
D 698 23 2 38 699 46 29
D 695 27 2 696 667 698 8
D 703 99 6 498 580 462 592 436 603 413 617 381 649 501 8
D 704 83 2 139 330 150 29
D 702 89 2 379 703 704 8
D 701 79 11 491 577 104 589 242 600 276 614 305 646 331 659 361 671 390 681 417 692 442 702 515 8
D 700 59 11 70 576 481 588 520 599 534 613 547 645 559 658 572 670 584 680 595 691 608 701 620 8
D 708 33 2 57 63 55 8
D 709 33 2 57 56 55 29
D 707 35 2 708 58 709 8
D 706 31 2 49 707 64 8
D 705 27 2 37 706 66 8
D 716 97 2 161 162 163 29
D 715 95 2 164 236 159 716
D 714 93 3 154 715 440 235 441 29
D 713 99 5 498 592 462 603 436 617 413 649 714 8
D 712 89 2 379 713 704 8
D 711 79 11 491 589 104 600 242 614 276 646 305 659 331 671 361 681 390 692 417 702 442 712 515 8
D 710 59 11 70 588 481 599 520 613 534 645 547 658 559 670 572 680 584 691 595 701 608 711 620 8
L 721 38 19
D 720 37 2 59 721 61 8
D 719 35 2 641 720 642 8
D 718 31 2 49 719 64 8
D 717 27 2 37 718 66 8
D 726 93 3 154 715 437 235 166 29
D 725 99 4 498 603 462 617 436 649 726 8
D 724 89 2 379 725 704 8
D 723 79 11 491 600 104 614 242 646 276 659 305 671 331 681 361 692 390 702 417 712 442 724 515 8
D 722 59 11 70 599 481 613 520 645 534 658 547 670 559 680 572 691 584 701 595 711 608 723 620 8
D 730 37 2 61 60 59 8
D 729 35 2 641 730 642 8
D 728 31 2 49 729 64 8
D 727 27 2 37 728 66 8
D 735 93 2 154 715 165 29
D 734 99 3 498 617 462 649 735 8
D 733 89 2 379 734 704 8
D 732 79 11 491 614 104 646 242 659 276 671 305 681 331 692 361 702 390 712 417 724 442 733 515 8
D 731 59 11 70 613 481 645 520 658 534 670 547 680 559 691 572 701 584 711 595 723 608 732 620 8
D 738 25 2 45 44 43 68
D 739 21 2 41 40 39 47
D 740 21 2 41 47 39 8
D 737 23 3 38 738 739 42 740 8
D 743 37 2 59 721 61 29
D 742 35 2 641 743 642 29
D 741 31 2 49 742 64 29
D 745 29 2 52 51 50 65
D 747 33 2 55 56 57 63
D 748 37 2 59 60 61 721
D 749 33 2 55 63 57 8
D 746 35 3 747 743 641 748 749 29
D 750 29 2 52 65 50 8
D 744 31 3 745 742 49 746 750 29
D 752 25 2 45 68 43 8
D 751 23 3 38 752 739 67 740 29
D 736 27 3 737 741 37 744 751 29
D 35 39 11 36 69 637 644 653 657 663 669 674 679 685 690 695 700 705 710 717 722 727 731 736 8
D 755 3 2 5 34 7 8
D 754 1 2 3 755 9 8
D 758 11 2 17 28 19 8
D 759 11 2 17 18 19 29
D 757 13 2 758 20 759 8
D 756 9 2 11 757 30 8
D 761 3 2 5 6 7 29
D 760 1 2 3 761 9 29
D 753 5 2 754 756 760 8
D 768 95 2 159 716 164 29
D 767 93 2 154 768 165 29
D 766 99 2 498 649 767 8
D 765 89 2 379 766 704 8
D 764 79 11 491 646 104 659 242 671 276 681 305 692 331 702 361 712 390 724 417 733 442 765 515 8
D 763 59 11 70 645 481 658 520 670 534 680 547 691 559 701 572 711 584 723 595 732 608 764 620 8
D 762 39 11 36 644 637 657 653 669 663 679 674 690 685 700 695 710 705 722 717 731 727 763 736 8
D 770 1 2 9 4 3 8
D 771 1 2 9 33 3 29
D 769 5 2 770 756 771 8
D 778 77 2 127 128 129 29
D 777 75 3 122 778 475 471 477 29
D 776 71 3 117 777 473 470 478 29
D 775 67 3 243 776 516 469 519 29
D 774 79 10 491 659 104 671 242 681 276 692 305 702 331 712 361 724 390 733 417 765 775 8
D 773 59 11 70 658 481 670 520 680 534 691 547 701 559 711 572 723 584 732 595 764 608 774 620 8
D 772 39 11 36 657 637 669 653 679 663 690 674 700 685 710 695 722 705 731 717 763 727 773 736 8
D 781 3 2 7 6 5 8
D 780 1 2 3 781 9 8
D 783 3 2 7 34 5 29
D 782 1 2 3 783 9 29
D 779 5 2 780 756 782 8
D 790 73 2 123 124 125 131
D 789 75 2 475 471 790 29
D 788 71 3 117 789 473 470 478 29
D 787 67 3 243 788 516 469 519 29
D 786 79 9 491 671 104 681 242 692 276 702 305 712 331 724 361 733 390 765 787 8
D 785 59 11 70 670 481 680 520 691 534 701 547 711 559 723 572 732 584 764 595 774 608 786 620 8
D 784 39 11 36 669 637 679 653 690 663 700 674 710 685 722 695 731 705 763 717 773 727 785 736 8
D 794 11 2 19 28 17 8
D 795 11 2 19 18 17 29
D 793 13 2 794 20 795 8
D 792 9 2 11 793 30 8
D 791 5 2 2 792 32 8
D 800 71 3 117 789 363 470 133 29
D 799 67 3 243 800 516 469 519 29
D 798 79 8 491 681 104 692 242 702 276 712 305 724 331 733 361 765 799 8
D 797 59 11 70 680 481 691 520 701 534 711 547 723 559 732 572 764 584 774 595 786 608 798 620 8
D 796 39 11 36 679 637 690 653 700 663 710 674 722 685 731 695 763 705 773 717 785 727 797 736 8
D 803 7 2 14 13 12 8
D 804 7 2 14 31 12 29
D 802 9 2 803 757 804 8
D 801 5 2 2 802 32 8
D 809 71 2 117 789 132 29
D 808 67 3 243 809 516 469 519 29
D 807 79 7 491 692 104 702 242 712 276 724 305 733 331 765 808 8
D 806 59 11 70 691 481 701 520 711 534 723 547 732 559 764 572 774 584 786 595 798 608 807 620 8
D 805 39 11 36 690 637 700 653 710 663 722 674 731 685 763 695 773 705 785 717 797 727 806 736 8
D 812 7 2 12 31 14 8
D 813 7 2 12 13 14 29
D 811 9 2 812 757 813 8
D 810 5 2 2 811 32 8
D 818 63 3 244 307 517 110 518 8
D 819 63 3 517 135 244 136 518 29
D 817 67 3 243 809 818 469 819 29
D 816 79 6 491 702 104 712 242 724 276 733 305 765 817 8
D 815 59 11 70 701 481 711 520 723 534 732 547 764 559 774 572 786 584 798 595 807 608 816 620 8
D 814 39 11 36 700 637 710 653 722 663 731 674 763 685 773 695 785 705 797 717 806 727 815 736 8
D 823 15 2 26 22 21 8
D 822 13 2 758 823 759 8
D 821 9 2 11 822 30 8
D 820 5 2 2 821 32 8
D 829 61 2 109 108 107 115
D 828 63 2 517 110 829 8
D 831 61 2 107 108 109 29
D 830 63 2 831 135 518 29
D 827 67 3 243 809 828 469 830 29
D 826 79 5 491 712 104 724 242 733 276 765 827 8
D 825 59 11 70 711 481 723 520 732 534 764 547 774 559 786 572 798 584 807 595 816 608 826 620 8
D 824 39 11 36 710 637 722 653 731 663 763 674 773 685 785 695 797 705 806 717 815 727 825 736 8
D 836 17 2 25 24 23 8
D 835 15 2 21 836 26 8
D 834 13 2 758 835 759 8
D 833 9 2 11 834 30 8
D 832 5 2 2 833 32 8
D 842 75 2 248 471 249 29
D 841 71 2 117 842 132 29
D 840 67 3 243 841 828 469 830 29
D 839 79 4 491 724 104 733 242 765 840 8
D 838 59 11 70 723 481 732 520 764 534 774 547 786 559 798 572 807 584 816 595 826 608 839 620 8
D 837 39 11 36 722 637 731 653 763 663 773 674 785 685 797 695 806 705 815 717 825 727 838 736 8
L 848 18 10
D 847 17 2 23 848 25 8
D 846 15 2 21 847 26 8
D 845 13 2 758 846 759 8
D 844 9 2 11 845 30 8
D 843 5 2 2 844 32 8
D 853 63 2 517 135 829 29
D 852 67 2 828 469 853 29
D 851 79 3 491 733 104 765 852 8
D 850 59 11 70 732 481 764 520 774 534 786 547 798 559 807 572 816 584 826 595 839 608 851 620 8
D 849 39 11 36 731 637 763 653 773 663 785 674 797 685 806 695 815 705 825 717 838 727 850 736 8
D 858 17 2 23 24 25 848
D 859 17 2 23 848 25 29
D 857 15 2 21 858 26 859
D 860 11 2 19 28 17 18
D 861 15 2 21 859 26 29
D 862 11 2 19 18 17 8
D 856 13 3 758 857 860 861 862 29
D 863 7 2 14 13 12 31
D 864 13 2 758 861 759 29
D 865 7 2 14 31 12 8
D 855 9 3 11 856 863 864 865 29
D 867 3 2 7 6 5 34
D 866 1 2 3 867 9 4
D 868 9 2 11 864 30 29
D 870 3 2 7 34 5 8
D 869 1 2 3 870 9 33
D 854 5 3 2 855 866 868 869 29
D 0 19 11 1 35 753 762 769 772 779 784 791 796 801 805 810 814 820 824 832 837 843 849 854 8
