c ids of sdd nodes start at 0
c sdd nodes appear bottom-up, children before parents
c
c file syntax:
c sdd count-of-sdd-nodes
c F id-of-false-sdd-node
c T id-of-true-sdd-node
c L id-of-literal-sdd-node id-of-vtree literal
c D id-of-decomposition-sdd-node id-of-vtree number-of-elements {id-of-prime id-of-sub}*
c
sdd 872
L 3 0 -3
L 5 2 -4
L 6 4 -2
L 7 2 4
F 8
D 4 3 2 5 6 7 8
L 9 0 3
D 2 1 2 3 4 9 8
L 12 6 -6
L 13 8 -7
L 14 6 6
D 11 7 2 12 13 14 8
L 17 10 -5
L 18 12 1
L 19 10 5
D 16 11 2 17 18 19 8
L 21 14 -8
L 23 16 -9
L 24 18 -10
L 25 16 9
D 22 17 2 23 24 25 8
L 26 14 8
D 20 15 2 21 22 26 8
L 28 12 -1
T 29
D 27 11 2 17 28 19 29
D 15 13 2 16 20 27 8
L 31 8 7
D 30 7 2 12 31 14 29
D 10 9 2 11 15 30 8
L 34 4 2
D 33 3 2 5 34 7 29
D 32 1 2 3 33 9 29
D 1 5 2 2 10 32 8
L 39 20 -14
L 40 22 -15
L 41 20 14
D 38 21 2 39 40 41 8
L 43 24 -16
L 44 26 -17
L 45 24 16
D 42 25 2 43 44 45 8
L 47 22 15
D 46 21 2 39 47 41 29
D 37 23 2 38 42 46 8
L 50 28 -13
L 51 30 -12
L 52 28 13
D 49 29 2 50 51 52 8
L 55 32 11
L 56 34 -18
L 57 32 -11
D 54 33 2 55 56 57 8
L 59 36 -20
L 60 38 -19
L 61 36 20
D 58 37 2 59 60 61 8
L 63 34 18
D 62 33 2 55 63 57 29
D 53 35 2 54 58 62 8
L 65 30 12
D 64 29 2 50 65 52 29
D 48 31 2 49 53 64 8
L 68 26 17
D 67 25 2 43 68 45 29
D 66 23 2 38 67 46 29
D 36 27 2 37 48 66 8
L 73 40 -34
L 74 42 -35
L 75 40 34
D 72 41 2 73 74 75 8
L 77 44 -32
L 78 46 -33
L 79 44 32
D 76 45 2 77 78 79 8
L 81 42 35
D 80 41 2 73 81 75 29
D 71 43 2 72 76 80 8
L 84 48 -37
L 85 50 -38
L 86 48 37
D 83 49 2 84 85 86 8
L 89 52 31
L 90 54 -36
L 91 52 -31
D 88 53 2 89 90 91 8
L 93 56 -39
L 94 58 -40
L 95 56 39
D 92 57 2 93 94 95 8
L 97 54 36
D 96 53 2 89 97 91 29
D 87 55 2 88 92 96 8
L 99 50 38
D 98 49 2 84 99 86 29
D 82 51 2 83 87 98 8
L 102 46 33
D 101 45 2 77 102 79 29
D 100 43 2 72 101 80 29
D 70 47 2 71 82 100 8
L 107 60 -22
L 108 62 -21
L 109 60 22
D 106 61 2 107 108 109 8
L 111 64 -25
L 112 66 -26
L 113 64 25
D 110 65 2 111 112 113 8
L 115 62 21
D 114 61 2 107 115 109 29
D 105 63 2 106 110 114 8
L 118 68 -27
L 119 70 -28
L 120 68 27
D 117 69 2 118 119 120 8
L 123 72 23
L 124 74 -24
L 125 72 -23
D 122 73 2 123 124 125 8
L 127 76 -30
L 128 78 -29
L 129 76 30
D 126 77 2 127 128 129 8
L 131 74 24
D 130 73 2 123 131 125 29
D 121 75 2 122 126 130 8
L 133 70 28
D 132 69 2 118 133 120 29
D 116 71 2 117 121 132 8
L 136 66 26
D 135 65 2 111 136 113 29
D 134 63 2 106 135 114 29
D 104 67 2 105 116 134 8
L 140 80 -46
L 141 82 -47
L 142 80 46
D 139 81 2 140 141 142 8
L 144 84 -48
L 146 86 50
L 147 88 -49
L 148 86 -50
D 145 87 2 146 147 148 8
L 149 84 48
D 143 85 2 144 145 149 8
L 151 82 47
D 150 81 2 140 151 142 29
D 138 83 2 139 143 150 8
L 155 90 -43
L 156 92 -44
L 157 90 43
D 154 91 2 155 156 157 8
L 159 94 -42
L 161 96 -45
L 162 98 -41
L 163 96 45
D 160 97 2 161 162 163 8
L 164 94 42
D 158 95 2 159 160 164 8
L 166 92 44
D 165 91 2 155 166 157 29
D 153 93 2 154 158 165 8
L 169 100 -57
L 171 102 -58
L 173 104 60
L 174 106 -59
L 175 104 -60
D 172 105 2 173 174 175 8
L 176 102 58
D 170 103 2 171 172 176 8
L 177 100 57
D 168 101 2 169 170 177 8
L 180 108 -53
L 182 110 -56
L 183 112 -55
L 184 110 56
D 181 111 2 182 183 184 8
L 185 108 53
D 179 109 2 180 181 185 8
L 188 114 -51
L 190 116 -54
L 191 118 -52
L 192 116 54
D 189 117 2 190 191 192 8
L 193 114 51
D 187 115 2 188 189 193 8
L 196 120 -61
L 197 122 -62
L 198 120 61
D 195 121 2 196 197 198 8
L 201 124 -63
L 202 126 -64
L 203 124 63
D 200 125 2 201 202 203 8
L 205 128 -65
L 207 130 -66
L 209 132 -67
L 211 134 -68
L 213 136 -69
L 214 138 70
L 215 136 69
D 212 137 2 213 214 215 8
L 216 134 68
D 210 135 2 211 212 216 8
L 217 132 67
D 208 133 2 209 210 217 8
L 218 130 66
D 206 131 2 207 208 218 8
L 219 128 65
D 204 129 2 205 206 219 8
L 221 126 64
D 220 125 2 201 221 203 29
D 199 127 2 200 204 220 8
L 223 122 62
D 222 121 2 196 223 198 29
D 194 123 2 195 199 222 8
L 226 118 52
D 225 117 2 190 226 192 29
D 224 115 2 188 225 193 29
D 186 119 2 187 194 224 8
L 229 112 55
D 228 111 2 182 229 184 29
D 227 109 2 180 228 185 29
D 178 113 2 179 186 227 8
L 233 106 59
D 232 105 2 173 233 175 29
D 231 103 2 171 232 176 29
D 230 101 2 169 231 177 29
D 167 107 2 168 178 230 8
L 237 98 41
D 236 97 2 161 237 163 29
D 235 95 2 159 236 164 29
D 234 93 2 154 235 165 29
D 152 99 2 153 167 234 8
L 241 88 49
D 240 87 2 146 241 148 29
D 239 85 2 144 240 149 29
D 238 83 2 139 239 150 29
D 137 89 2 138 152 238 8
D 245 73 2 125 131 123 8
D 246 73 2 125 124 123 29
D 244 75 2 245 126 246 8
D 243 71 2 117 244 132 8
D 242 67 2 105 243 134 8
D 252 105 2 175 233 173 8
D 251 103 2 171 252 176 8
D 250 101 2 169 251 177 8
L 262 138 -70
D 261 137 2 215 262 213 8
D 260 135 2 211 261 216 8
D 259 133 2 209 260 217 8
D 258 131 2 207 259 218 8
D 257 129 2 205 258 219 8
D 256 127 2 200 257 220 8
D 255 123 2 195 256 222 8
D 254 119 2 187 255 224 8
D 253 113 2 179 254 227 8
D 265 105 2 175 174 173 233
D 264 103 2 171 265 176 29
D 263 101 2 169 264 177 29
D 249 107 3 250 178 168 253 263 8
D 248 99 2 153 249 234 8
D 268 87 2 148 241 146 8
D 267 85 2 144 268 149 8
D 266 83 2 139 267 150 8
D 271 87 2 148 147 146 241
D 270 85 2 144 271 149 29
D 269 83 2 139 270 150 29
D 247 89 3 138 248 266 152 269 8
D 274 65 2 113 112 111 8
D 273 63 2 106 274 114 8
D 277 73 2 125 124 123 8
D 278 73 2 125 131 123 29
D 276 75 2 277 126 278 8
D 275 71 2 117 276 132 8
D 280 65 2 113 136 111 29
D 279 63 2 106 280 114 29
D 272 67 2 273 275 279 8
D 292 137 2 213 262 215 8
D 291 135 2 216 292 211 8
D 290 133 2 209 291 217 8
D 289 131 2 207 290 218 8
D 288 129 2 205 289 219 8
D 287 127 2 200 288 220 8
D 286 123 2 195 287 222 8
D 285 119 2 187 286 224 8
D 284 113 2 179 285 227 8
D 295 105 2 175 174 173 8
D 294 103 2 176 295 171 8
D 293 101 2 169 294 177 8
D 298 105 2 175 233 173 29
D 297 103 2 171 265 176 298
D 296 101 2 169 297 177 29
D 283 107 4 168 284 293 178 250 253 296 8
D 282 99 2 153 283 234 8
D 301 87 2 148 147 146 8
D 300 85 2 149 301 144 8
D 299 83 2 139 300 150 8
D 304 87 2 148 241 146 29
D 303 85 2 144 271 149 304
D 302 83 2 139 303 150 29
D 281 89 4 138 282 266 248 299 152 302 8
D 307 65 2 111 136 113 8
D 306 63 2 106 307 114 8
D 309 65 2 111 112 113 29
D 308 63 2 106 309 114 29
D 305 67 2 306 275 308 8
D 320 135 2 211 292 216 8
D 319 133 2 217 320 209 8
D 318 131 2 207 319 218 8
D 317 129 2 205 318 219 8
D 316 127 2 200 317 220 8
D 315 123 2 195 316 222 8
D 314 119 2 187 315 224 8
D 313 113 2 179 314 227 8
D 322 103 2 171 295 176 8
D 321 101 2 177 322 169 8
D 324 103 2 171 298 176 29
D 323 101 2 169 297 177 324
D 312 107 5 168 313 250 284 321 178 293 253 323 8
D 311 99 2 153 312 234 8
D 326 81 2 140 151 142 8
D 327 85 2 144 301 149 8
D 328 81 2 140 141 142 29
D 325 83 2 326 327 328 8
D 330 85 2 144 304 149 29
D 329 83 3 139 303 326 330 142 29
D 310 89 5 138 311 266 282 299 248 325 152 329 8
D 333 69 2 120 119 118 8
D 334 69 2 120 133 118 29
D 332 71 2 333 276 334 8
D 331 67 2 105 332 134 8
D 344 133 2 209 320 217 8
D 343 131 2 218 344 207 8
D 342 129 2 205 343 219 8
D 341 127 2 200 342 220 8
D 340 123 2 195 341 222 8
D 339 119 2 187 340 224 8
D 338 113 2 179 339 227 8
D 345 101 2 169 322 177 8
D 348 111 2 184 183 182 8
D 347 109 2 180 348 185 8
D 350 111 2 184 229 182 29
D 349 109 2 180 350 185 29
D 346 113 2 347 186 349 8
D 353 105 2 173 233 175 8
D 352 103 2 171 353 176 298
D 351 101 2 169 352 177 324
D 337 107 6 168 338 345 346 250 313 293 284 321 253 351 8
D 336 99 2 153 337 234 8
D 355 81 2 142 141 140 8
D 356 81 2 142 151 140 29
D 354 83 2 355 327 356 8
D 358 81 2 142 141 140 151
D 359 81 2 142 151 140 8
D 357 83 3 139 303 358 330 359 29
D 335 89 6 138 336 266 311 299 282 325 248 354 152 357 8
D 362 69 2 118 133 120 8
D 363 69 2 118 119 120 29
D 361 71 2 362 276 363 8
D 360 67 2 105 361 134 8
D 372 131 2 207 344 218 8
D 371 129 2 219 372 205 8
D 370 127 2 200 371 220 8
D 369 123 2 195 370 222 8
D 368 119 2 187 369 224 8
D 367 113 2 179 368 227 8
D 375 111 2 182 229 184 8
D 374 109 2 180 375 185 8
D 377 111 2 182 183 184 229
D 376 109 2 180 377 185 29
D 373 113 3 347 254 374 186 376 8
D 366 107 6 168 367 345 373 250 338 293 313 321 284 351 8
D 365 99 2 153 366 234 8
D 378 83 2 139 327 150 8
D 382 97 2 163 162 161 8
D 381 95 2 159 382 164 8
D 380 93 2 154 381 165 8
D 385 97 2 163 237 161 29
D 384 95 2 159 385 164 29
D 383 93 2 154 384 165 29
D 379 99 2 380 167 383 8
D 388 87 2 146 241 148 8
D 387 85 2 144 388 149 304
D 386 83 3 139 387 358 330 359 29
D 364 89 7 138 365 378 379 266 336 299 311 325 282 354 248 386 8
L 393 78 29
D 392 77 2 127 393 129 8
D 391 75 2 277 392 278 8
D 390 71 2 117 391 132 8
D 389 67 2 105 390 134 8
D 401 125 2 201 221 203 8
D 402 129 2 205 372 219 8
D 403 125 2 201 202 203 29
D 400 127 2 401 402 403 8
D 399 123 2 195 400 222 8
D 398 119 2 187 399 224 8
D 397 113 2 179 398 227 8
D 407 117 2 192 191 190 8
D 406 115 2 188 407 193 8
D 409 117 2 192 226 190 29
D 408 115 2 188 409 193 29
D 405 119 2 406 194 408 8
D 411 111 2 184 229 182 8
D 410 109 2 180 411 185 29
D 404 113 4 374 254 179 405 347 285 410 8
D 396 107 6 168 397 345 404 250 367 293 338 321 313 351 8
D 395 99 2 153 396 234 8
D 414 91 2 155 166 157 8
D 415 91 2 155 156 157 29
D 413 93 2 414 158 415 8
D 416 93 3 154 384 414 235 157 29
D 412 99 3 413 167 380 249 416 8
D 394 89 7 138 395 378 412 266 365 299 336 325 311 354 282 386 8
D 420 77 2 129 128 127 8
D 419 75 2 277 420 278 8
D 418 71 2 117 419 132 8
D 417 67 2 105 418 134 8
D 425 109 2 185 181 180 8
D 426 119 2 406 255 408 8
D 427 109 2 180 411 185 228
D 424 113 5 374 285 425 186 179 426 347 314 427 8
D 432 125 2 203 202 201 8
D 433 125 2 203 221 201 29
D 431 127 2 432 402 433 8
D 430 123 2 195 431 222 8
D 429 119 2 187 430 224 8
D 428 113 2 179 429 227 8
D 423 107 6 345 424 168 428 250 397 293 367 321 338 351 8
D 422 99 2 153 423 234 8
D 436 91 2 157 156 155 8
D 437 91 2 157 166 155 29
D 435 93 2 436 158 437 8
D 439 91 2 157 156 155 166
D 440 91 2 157 166 155 8
D 438 93 3 154 384 439 235 440 29
D 434 99 4 435 167 413 249 380 283 438 8
D 421 89 7 138 422 378 434 266 395 299 365 325 336 354 311 386 8
D 443 65 2 113 112 111 136
D 442 63 2 106 443 114 8
D 446 77 2 127 393 129 29
D 445 75 2 277 446 278 29
D 444 71 2 117 445 132 29
D 448 69 2 120 119 118 133
D 450 73 2 123 124 125 131
D 451 77 2 127 128 129 393
D 452 73 2 123 131 125 8
D 449 75 3 450 446 277 451 452 29
D 453 69 2 120 133 118 8
D 447 71 3 448 445 117 449 453 29
D 455 65 2 113 136 111 8
D 454 63 2 106 455 114 29
D 441 67 3 442 444 105 447 454 29
D 103 79 9 104 137 242 247 272 281 305 310 331 335 360 364 389 394 417 421 441 8
D 458 45 2 79 78 77 8
D 457 43 2 72 458 80 8
D 461 53 2 91 90 89 8
D 462 53 2 91 97 89 29
D 460 55 2 461 92 462 8
D 459 51 2 83 460 98 8
D 464 45 2 79 102 77 29
D 463 43 2 72 464 80 29
D 456 47 2 457 459 463 8
D 468 61 2 109 108 107 8
D 469 61 2 109 115 107 29
D 467 63 2 468 110 469 8
D 470 63 2 468 135 469 29
D 466 67 2 467 275 470 8
D 477 117 2 190 226 192 8
D 476 115 2 188 477 193 8
D 479 117 2 190 191 192 226
D 478 115 2 188 479 193 29
D 475 119 3 476 194 406 286 478 8
D 474 113 5 179 475 425 254 374 314 347 339 427 8
D 483 121 2 196 223 198 8
D 484 127 2 200 402 220 8
D 485 121 2 196 197 198 29
D 482 123 2 483 484 485 8
D 481 119 2 187 482 224 8
D 480 113 2 179 481 227 8
D 473 107 6 345 474 250 428 293 397 168 480 321 367 351 8
D 472 99 2 153 473 234 8
D 488 95 2 164 160 159 8
D 487 93 2 154 488 165 8
D 490 95 2 159 385 164 236
D 489 93 3 154 490 439 235 440 29
D 486 99 5 487 167 435 249 413 283 380 312 489 8
D 471 89 7 138 472 378 486 266 422 299 395 325 365 354 336 386 8
D 492 63 3 106 443 468 110 115 8
D 493 63 3 106 455 468 135 115 29
D 491 67 3 492 444 105 447 493 29
D 465 79 10 466 137 104 247 242 281 272 310 305 335 331 364 360 394 389 421 417 471 491 8
D 496 45 2 77 102 79 8
D 495 43 2 72 496 80 8
D 498 45 2 77 78 79 29
D 497 43 2 72 498 80 29
D 494 47 2 495 459 497 8
D 502 61 2 107 115 109 8
D 503 61 2 107 108 109 29
D 501 63 2 502 110 503 8
D 504 63 2 502 135 503 29
D 500 67 2 501 275 504 8
D 509 97 2 161 237 163 8
D 508 95 2 159 509 164 8
D 507 93 2 154 508 165 8
D 512 97 2 161 162 163 237
D 511 95 2 159 512 164 236
D 510 93 3 154 511 439 235 440 29
D 506 99 6 507 167 487 249 435 283 413 312 380 337 510 8
D 517 115 2 193 189 188 8
D 518 115 2 188 479 193 225
D 516 119 4 517 194 476 255 406 315 518 8
D 515 113 5 179 516 425 285 374 339 347 368 427 8
D 522 121 2 198 197 196 8
D 523 121 2 198 223 196 29
D 521 123 2 522 484 523 8
D 520 119 2 187 521 224 8
D 519 113 2 179 520 227 8
D 514 107 6 345 515 293 428 321 397 250 480 168 519 351 8
D 513 99 2 153 514 234 8
D 505 89 7 378 506 138 513 266 472 299 422 325 395 354 365 386 8
D 526 61 2 109 108 107 115
D 527 61 2 109 115 107 8
D 525 63 3 106 443 526 110 527 8
D 528 63 3 106 455 526 135 527 29
D 524 67 3 525 444 105 447 528 29
D 499 79 11 500 137 466 247 104 281 242 310 272 335 305 364 331 394 360 421 389 471 417 505 524 8
D 531 41 2 75 74 73 8
D 532 41 2 75 81 73 29
D 530 43 2 531 76 532 8
D 533 43 2 531 101 532 29
D 529 47 2 530 459 533 8
D 536 99 6 507 249 487 283 435 312 413 337 380 366 510 8
D 540 119 4 517 255 476 286 406 340 518 8
D 539 113 5 179 540 425 314 374 368 347 398 427 8
D 542 103 2 176 298 171 173
D 541 101 2 169 542 177 324
D 538 107 5 321 428 345 539 293 480 250 519 541 8
D 537 99 2 153 538 234 8
D 535 89 7 378 536 266 513 138 537 299 472 325 422 354 395 386 8
D 534 79 11 500 247 466 281 104 310 242 335 272 364 305 394 331 421 360 471 389 505 417 535 524 8
D 545 41 2 73 81 75 8
D 546 41 2 73 74 75 29
D 544 43 2 545 76 546 8
D 547 43 2 545 101 546 29
D 543 47 2 544 459 547 8
D 550 99 6 507 283 487 312 435 337 413 366 380 396 510 8
D 554 119 4 517 286 476 315 406 369 518 8
D 553 113 5 179 554 425 339 374 398 347 429 427 8
D 555 101 2 177 324 169 298
D 552 107 4 321 480 345 553 293 519 555 8
D 551 99 2 153 552 234 8
D 549 89 7 378 550 299 513 266 537 138 551 325 472 354 422 386 8
D 548 79 11 500 281 466 310 104 335 242 364 272 394 305 421 331 471 360 505 389 535 417 549 524 8
D 559 53 2 91 97 89 8
D 560 53 2 91 90 89 29
D 558 55 2 559 92 560 8
D 557 51 2 83 558 98 8
D 556 47 2 71 557 100 8
D 563 99 6 507 312 487 337 435 366 413 396 380 423 510 8
D 567 119 4 517 315 476 340 406 399 518 8
D 566 113 5 179 567 425 368 374 429 347 481 427 8
D 565 107 3 321 519 345 566 324 8
D 564 99 2 153 565 234 8
D 562 89 7 378 563 325 513 299 537 266 551 138 564 354 472 386 8
D 561 79 11 500 310 466 335 104 364 242 394 272 421 305 471 331 505 360 535 389 549 417 562 524 8
D 570 49 2 86 85 84 8
D 571 49 2 86 99 84 29
D 569 51 2 570 460 571 8
D 568 47 2 71 569 100 8
D 574 99 6 507 337 487 366 435 396 413 423 380 473 510 8
D 578 119 4 517 340 476 369 406 430 518 8
D 577 113 5 179 578 425 398 374 481 347 520 427 8
D 579 101 2 169 324 177 29
D 576 107 2 345 577 579 8
D 575 99 2 153 576 234 8
D 573 89 7 354 513 378 574 325 537 299 551 266 564 138 575 386 8
D 572 79 11 500 335 466 364 104 394 242 421 272 471 305 505 331 535 360 549 389 562 417 573 524 8
D 582 49 2 84 99 86 8
D 583 49 2 84 85 86 29
D 581 51 2 582 460 583 8
D 580 47 2 71 581 100 8
D 586 99 6 507 366 487 396 435 423 413 473 380 514 510 8
D 590 119 4 517 369 476 399 406 482 518 8
D 591 109 2 185 228 180 184
D 589 113 4 179 590 425 429 374 520 591 8
D 588 107 2 345 589 579 8
D 587 99 2 153 588 234 8
D 585 89 7 354 537 378 586 325 551 299 564 266 575 138 587 386 8
D 584 79 11 500 364 466 394 104 421 242 471 272 505 305 535 331 549 360 562 389 573 417 585 524 8
D 595 57 2 95 94 93 8
D 594 55 2 461 595 462 8
D 593 51 2 83 594 98 8
D 592 47 2 71 593 100 8
D 598 99 6 507 396 487 423 435 473 413 514 380 538 510 8
D 602 119 4 517 399 476 430 406 521 518 8
D 601 113 3 179 602 425 481 228 8
D 600 107 2 345 601 579 8
D 599 99 2 153 600 234 8
D 597 89 7 354 551 378 598 325 564 299 575 266 587 138 599 386 8
D 596 79 11 500 394 466 421 104 471 242 505 272 535 305 549 331 562 360 573 389 585 417 597 524 8
L 607 58 40
D 606 57 2 93 607 95 8
D 605 55 2 461 606 462 8
D 604 51 2 83 605 98 8
D 603 47 2 71 604 100 8
D 610 99 6 507 423 487 473 435 514 413 538 380 552 510 8
D 616 117 2 190 191 192 29
D 615 115 2 188 616 193 225
D 614 119 3 517 430 476 482 615 8
D 613 113 3 179 614 425 520 228 8
D 612 107 2 345 613 579 8
D 611 99 2 153 612 234 8
D 609 89 7 354 564 378 610 325 575 299 587 266 599 138 611 386 8
D 608 79 11 500 421 466 471 104 505 242 535 272 549 305 562 331 573 360 585 389 597 417 609 524 8
D 619 45 2 79 78 77 102
D 620 41 2 75 74 73 81
D 621 41 2 75 81 73 8
D 618 43 3 72 619 620 76 621 8
D 624 57 2 93 607 95 29
D 623 55 2 461 624 462 29
D 622 51 2 83 623 98 29
D 626 49 2 86 85 84 99
D 628 53 2 89 90 91 97
D 629 57 2 93 94 95 607
D 630 53 2 89 97 91 8
D 627 55 3 628 624 461 629 630 29
D 631 49 2 86 99 84 8
D 625 51 3 626 623 83 627 631 29
D 633 45 2 79 102 77 8
D 632 43 3 72 633 620 101 621 29
D 617 47 3 618 622 71 625 632 29
D 69 59 11 70 103 456 465 494 499 529 534 543 548 556 561 568 572 580 584 592 596 603 608 617 8
D 636 29 2 50 65 52 8
D 638 33 2 57 56 55 8
D 639 33 2 57 63 55 29
D 637 35 2 638 58 639 8
D 640 29 2 50 51 52 29
D 635 31 2 636 637 640 8
D 634 27 2 37 635 66 8
D 644 99 6 507 473 487 514 435 538 413 552 380 565 510 8
D 648 119 3 517 482 476 521 615 8
D 647 113 2 179 648 227 8
D 646 107 2 345 647 579 8
D 645 99 2 153 646 234 8
D 643 89 7 354 575 378 644 325 587 299 599 266 611 138 645 386 8
D 642 79 11 500 471 466 505 104 535 242 549 272 562 305 573 331 585 360 597 389 609 417 643 524 8
D 641 59 11 70 465 456 499 494 534 529 548 543 561 556 572 568 584 580 596 592 608 603 642 617 8
D 651 29 2 52 51 50 8
D 652 29 2 52 65 50 29
D 650 31 2 651 637 652 8
D 649 27 2 37 650 66 8
D 656 99 6 507 514 487 538 435 552 413 565 380 576 510 8
D 661 115 2 193 225 188 29
D 660 119 2 517 521 661 8
D 659 113 2 179 660 227 8
D 658 107 2 345 659 579 8
D 657 99 2 153 658 234 8
D 655 89 7 354 587 378 656 325 599 299 611 266 645 138 657 386 8
D 654 79 11 500 505 466 535 104 549 242 562 272 573 305 585 331 597 360 609 389 643 417 655 524 8
D 653 59 11 70 499 456 534 494 548 529 561 543 572 556 584 568 596 580 608 592 642 603 654 617 8
D 664 21 2 41 40 39 8
D 665 21 2 41 47 39 29
D 663 23 2 664 42 665 8
D 666 31 2 49 637 64 8
D 667 23 2 664 67 665 29
D 662 27 2 663 666 667 8
D 671 99 6 507 538 487 552 435 565 413 576 380 588 510 8
D 673 85 2 149 304 144 146
D 672 83 3 139 673 358 330 359 29
D 670 89 6 354 599 378 671 325 611 299 645 266 657 672 8
D 669 79 11 500 535 466 549 104 562 242 573 272 585 305 597 331 609 360 643 389 655 417 670 524 8
D 668 59 11 70 534 456 548 494 561 529 572 543 584 556 596 568 608 580 642 592 654 603 669 617 8
D 676 21 2 39 47 41 8
D 677 21 2 39 40 41 29
D 675 23 2 676 42 677 8
D 678 23 2 676 67 677 29
D 674 27 2 675 666 678 8
D 682 99 6 507 552 487 565 435 576 413 588 380 600 510 8
D 683 83 3 358 330 139 304 359 29
D 681 89 5 354 611 378 682 325 645 299 657 683 8
D 680 79 11 500 549 466 562 104 573 242 585 272 597 305 609 331 643 360 655 389 670 417 681 524 8
D 679 59 11 70 548 456 561 494 572 529 584 543 596 556 608 568 642 580 654 592 669 603 680 617 8
D 686 25 2 45 44 43 8
D 685 23 2 38 686 46 8
D 688 25 2 45 68 43 29
D 687 23 2 38 688 46 29
D 684 27 2 685 666 687 8
D 692 99 6 507 565 487 576 435 588 413 600 380 612 510 8
D 694 81 2 142 141 140 29
D 693 83 2 694 330 359 29
D 691 89 4 354 645 378 692 325 657 693 8
D 690 79 11 500 562 466 573 104 585 242 597 272 609 305 643 331 655 360 670 389 681 417 691 524 8
D 689 59 11 70 561 456 572 494 584 529 596 543 608 556 642 568 654 580 669 592 680 603 690 617 8
D 697 25 2 43 68 45 8
D 696 23 2 38 697 46 8
D 699 25 2 43 44 45 29
D 698 23 2 38 699 46 29
D 695 27 2 696 666 698 8
D 703 99 6 507 576 487 588 435 600 413 612 380 646 510 8
D 704 83 2 141 330 151 29
D 702 89 3 354 657 378 703 704 8
D 701 79 11 500 573 466 585 104 597 242 609 272 643 305 655 331 670 360 681 389 691 417 702 524 8
D 700 59 11 70 572 456 584 494 596 529 608 543 642 556 654 568 669 580 680 592 690 603 701 617 8
D 708 33 2 57 63 55 8
D 709 33 2 57 56 55 29
D 707 35 2 708 58 709 8
D 706 31 2 49 707 64 8
D 705 27 2 37 706 66 8
D 713 99 6 507 588 487 600 435 612 413 646 380 658 510 8
D 714 83 2 139 330 150 29
D 712 89 2 378 713 714 8
D 711 79 11 500 585 466 597 104 609 242 643 272 655 305 670 331 681 360 691 389 702 417 712 524 8
D 710 59 11 70 584 456 596 494 608 529 642 543 654 556 669 568 680 580 690 592 701 603 711 617 8
L 719 38 19
D 718 37 2 59 719 61 8
D 717 35 2 638 718 639 8
D 716 31 2 49 717 64 8
D 715 27 2 37 716 66 8
D 726 97 2 161 162 163 29
D 725 95 2 164 236 159 726
D 724 93 3 154 725 439 235 440 29
D 723 99 5 507 600 487 612 435 646 413 658 724 8
D 722 89 2 378 723 714 8
D 721 79 11 500 597 466 609 104 643 242 655 272 670 305 681 331 691 360 702 389 712 417 722 524 8
D 720 59 11 70 596 456 608 494 642 529 654 543 669 556 680 568 690 580 701 592 711 603 721 617 8
D 730 37 2 61 60 59 8
D 729 35 2 638 730 639 8
D 728 31 2 49 729 64 8
D 727 27 2 37 728 66 8
D 735 93 3 154 725 436 235 166 29
D 734 99 4 507 612 487 646 435 658 735 8
D 733 89 2 378 734 714 8
D 732 79 11 500 609 466 643 104 655 242 670 272 681 305 691 331 702 360 712 389 722 417 733 524 8
D 731 59 11 70 608 456 642 494 654 529 669 543 680 556 690 568 701 580 711 592 721 603 732 617 8
D 738 25 2 45 44 43 68
D 739 21 2 41 40 39 47
D 740 21 2 41 47 39 8
D 737 23 3 38 738 739 42 740 8
D 743 37 2 59 719 61 29
D 742 35 2 638 743 639 29
D 741 31 2 49 742 64 29
D 745 29 2 52 51 50 65
D 747 33 2 55 56 57 63
D 748 37 2 59 60 61 719
D 749 33 2 55 63 57 8
D 746 35 3 747 743 638 748 749 29
D 750 29 2 52 65 50 8
D 744 31 3 745 742 49 746 750 29
D 752 25 2 45 68 43 8
D 751 23 3 38 752 739 67 740 29
D 736 27 3 737 741 37 744 751 29
D 35 39 11 36 69 634 641 649 653 662 668 674 679 684 689 695 700 705 710 715 720 727 731 736 8
D 755 3 2 5 34 7 8
D 754 1 2 3 755 9 8
D 758 11 2 17 28 19 8
D 759 11 2 17 18 19 29
D 757 13 2 758 20 759 8
D 756 9 2 11 757 30 8
D 761 3 2 5 6 7 29
D 760 1 2 3 761 9 29
D 753 5 2 754 756 760 8
D 767 93 2 154 725 165 29
D 766 99 3 507 646 487 658 767 8
D 765 89 2 378 766 714 8
D 764 79 11 500 643 466 655 104 670 242 681 272 691 305 702 331 712 360 722 389 733 417 765 524 8
D 763 59 11 70 642 456 654 494 669 529 680 543 690 556 701 568 711 580 721 592 732 603 764 617 8
D 762 39 11 36 641 634 653 649 668 662 679 674 689 684 700 695 710 705 720 715 731 727 763 736 8
D 769 1 2 9 4 3 8
D 770 1 2 9 33 3 29
D 768 5 2 769 756 770 8
D 777 95 2 159 726 164 29
D 776 93 2 154 777 165 29
D 775 99 2 507 658 776 8
D 774 89 2 378 775 714 8
D 773 79 11 500 655 466 670 104 681 242 691 272 702 305 712 331 722 360 733 389 765 417 774 524 8
D 772 59 11 70 654 456 669 494 680 529 690 543 701 556 711 568 721 580 732 592 764 603 773 617 8
D 771 39 11 36 653 634 668 649 679 662 689 674 700 684 710 695 720 705 731 715 763 727 772 736 8
D 780 3 2 7 6 5 8
D 779 1 2 3 780 9 8
D 782 3 2 7 34 5 29
D 781 1 2 3 782 9 29
D 778 5 2 779 756 781 8
D 789 77 2 127 128 129 29
D 788 75 3 277 789 450 446 452 29
D 787 71 3 117 788 448 445 453 29
D 786 67 3 105 787 525 444 528 29
D 785 79 10 500 670 466 681 104 691 242 702 272 712 305 722 331 733 360 765 389 774 786 8
D 784 59 11 70 669 456 680 494 690 529 701 543 711 556 721 568 732 580 764 592 773 603 785 617 8
D 783 39 11 36 668 634 679 649 689 662 700 674 710 684 720 695 731 705 763 715 772 727 784 736 8
D 793 11 2 19 28 17 8
D 794 11 2 19 18 17 29
D 792 13 2 793 20 794 8
D 791 9 2 11 792 30 8
D 790 5 2 2 791 32 8
D 801 73 2 125 124 123 131
D 800 75 2 450 446 801 29
D 799 71 3 117 800 448 445 453 29
D 798 67 3 105 799 525 444 528 29
D 797 79 9 500 681 466 691 104 702 242 712 272 722 305 733 331 765 360 774 798 8
D 796 59 11 70 680 456 690 494 701 529 711 543 721 556 732 568 764 580 773 592 785 603 797 617 8
D 795 39 11 36 679 634 689 649 700 662 710 674 720 684 731 695 763 705 772 715 784 727 796 736 8
D 804 7 2 14 13 12 8
D 805 7 2 14 31 12 29
D 803 9 2 804 757 805 8
D 802 5 2 2 803 32 8
D 810 71 3 117 800 333 445 133 29
D 809 67 3 105 810 525 444 528 29
D 808 79 8 500 691 466 702 104 712 242 722 272 733 305 765 331 774 809 8
D 807 59 11 70 690 456 701 494 711 529 721 543 732 556 764 568 773 580 785 592 797 603 808 617 8
D 806 39 11 36 689 634 700 649 710 662 720 674 731 684 763 695 772 705 784 715 796 727 807 736 8
D 813 7 2 12 31 14 8
D 814 7 2 12 13 14 29
D 812 9 2 813 757 814 8
D 811 5 2 2 812 32 8
D 819 71 2 117 800 132 29
D 818 67 3 105 819 525 444 528 29
D 817 79 7 500 702 466 712 104 722 242 733 272 765 305 774 818 8
D 816 59 11 70 701 456 711 494 721 529 732 543 764 556 773 568 785 580 797 592 808 603 817 617 8
D 815 39 11 36 700 634 710 649 720 662 731 674 763 684 772 695 784 705 796 715 807 727 816 736 8
D 823 15 2 26 22 21 8
D 822 13 2 758 823 759 8
D 821 9 2 11 822 30 8
D 820 5 2 2 821 32 8
D 828 63 3 106 274 526 110 527 8
D 829 63 3 526 135 106 136 527 29
D 827 67 3 105 819 828 444 829 29
D 826 79 6 500 712 466 722 104 733 242 765 272 774 827 8
D 825 59 11 70 711 456 721 494 732 529 764 543 773 556 785 568 797 580 808 592 817 603 826 617 8
D 824 39 11 36 710 634 720 649 731 662 763 674 772 684 784 695 796 705 807 715 816 727 825 736 8
D 834 17 2 25 24 23 8
D 833 15 2 21 834 26 8
D 832 13 2 758 833 759 8
D 831 9 2 11 832 30 8
D 830 5 2 2 831 32 8
D 840 61 2 107 108 109 115
D 839 63 2 526 110 840 8
D 842 61 2 109 108 107 29
D 841 63 2 842 135 527 29
D 838 67 3 105 819 839 444 841 29
D 837 79 5 500 722 466 733 104 765 242 774 838 8
D 836 59 11 70 721 456 732 494 764 529 773 543 785 556 797 568 808 580 817 592 826 603 837 617 8
D 835 39 11 36 720 634 731 649 763 662 772 674 784 684 796 695 807 705 816 715 825 727 836 736 8
L 848 18 10
D 847 17 2 23 848 25 8
D 846 15 2 21 847 26 8
D 845 13 2 758 846 759 8
D 844 9 2 11 845 30 8
D 843 5 2 2 844 32 8
D 854 75 2 122 446 130 29
D 853 71 2 117 854 132 29
D 852 67 3 105 853 839 444 841 29
D 851 79 4 500 733 466 765 104 774 852 8
D 850 59 11 70 732 456 764 494 773 529 785 543 797 556 808 568 817 580 826 592 837 603 851 617 8
D 849 39 11 36 731 634 763 649 772 662 784 674 796 684 807 695 816 705 825 715 836 727 850 736 8
D 859 17 2 23 24 25 848
D 860 17 2 23 848 25 29
D 858 15 2 21 859 26 860
D 861 11 2 19 28 17 18
D 862 15 2 21 860 26 29
D 863 11 2 19 18 17 8
D 857 13 3 758 858 861 862 863 29
D 864 7 2 14 13 12 31
D 865 13 2 758 862 759 29
D 866 7 2 14 31 12 8
D 856 9 3 11 857 864 865 866 29
D 868 3 2 7 6 5 34
D 867 1 2 3 868 9 4
D 869 9 2 11 865 30 29
D 871 3 2 7 34 5 8
D 870 1 2 3 871 9 33
D 855 5 3 2 856 867 869 870 29
D 0 19 11 1 35 753 762 768 771 778 783 790 795 802 806 811 815 820 824 830 835 843 849 855 8
