c ids of sdd nodes start at 0
c sdd nodes appear bottom-up, children before parents
c
c file syntax:
c sdd count-of-sdd-nodes
c F id-of-false-sdd-node
c T id-of-true-sdd-node
c L id-of-literal-sdd-node id-of-vtree literal
c D id-of-decomposition-sdd-node id-of-vtree number-of-elements {id-of-prime id-of-sub}*
c
sdd 447
L 3 0 -3
L 5 2 -4
L 6 4 -2
L 7 2 4
F 8
D 4 3 2 5 6 7 8
L 9 0 3
D 2 1 2 3 4 9 8
L 12 6 -6
L 13 8 -7
L 14 6 6
D 11 7 2 12 13 14 8
L 17 10 -5
L 18 12 1
L 19 10 5
D 16 11 2 17 18 19 8
L 21 14 -8
L 23 16 -9
L 24 18 -10
L 25 16 9
D 22 17 2 23 24 25 8
L 26 14 8
D 20 15 2 21 22 26 8
L 28 12 -1
T 29
D 27 11 2 17 28 19 29
D 15 13 2 16 20 27 8
L 31 8 7
D 30 7 2 12 31 14 29
D 10 9 2 11 15 30 8
L 34 4 2
D 33 3 2 5 34 7 29
D 32 1 2 3 33 9 29
D 1 5 2 2 10 32 8
L 39 20 -14
L 40 22 -15
L 41 20 14
D 38 21 2 39 40 41 8
L 43 24 -16
L 44 26 -17
L 45 24 16
D 42 25 2 43 44 45 8
L 47 22 15
D 46 21 2 39 47 41 29
D 37 23 2 38 42 46 8
L 50 28 -13
L 51 30 -12
L 52 28 13
D 49 29 2 50 51 52 8
L 55 32 11
L 56 34 -18
L 57 32 -11
D 54 33 2 55 56 57 8
L 59 36 -20
L 60 38 -19
L 61 36 20
D 58 37 2 59 60 61 8
L 63 34 18
D 62 33 2 55 63 57 29
D 53 35 2 54 58 62 8
L 65 30 12
D 64 29 2 50 65 52 29
D 48 31 2 49 53 64 8
L 68 26 17
D 67 25 2 43 68 45 29
D 66 23 2 38 67 46 29
D 36 27 2 37 48 66 8
L 73 40 -34
L 74 42 -35
L 75 40 34
D 72 41 2 73 74 75 8
L 77 44 -32
L 78 46 -33
L 79 44 32
D 76 45 2 77 78 79 8
L 81 42 35
D 80 41 2 73 81 75 29
D 71 43 2 72 76 80 8
L 84 48 -37
L 85 50 -38
L 86 48 37
D 83 49 2 84 85 86 8
L 89 52 31
L 90 54 -36
L 91 52 -31
D 88 53 2 89 90 91 8
L 93 56 -39
L 94 58 -40
L 95 56 39
D 92 57 2 93 94 95 8
L 97 54 36
D 96 53 2 89 97 91 29
D 87 55 2 88 92 96 8
L 99 50 38
D 98 49 2 84 99 86 29
D 82 51 2 83 87 98 8
L 102 46 33
D 101 45 2 77 102 79 29
D 100 43 2 72 101 80 29
D 70 47 2 71 82 100 8
L 107 60 -22
L 108 62 21
L 109 60 22
D 106 61 2 107 108 109 8
L 111 64 -25
L 112 66 -26
L 113 64 25
D 110 65 2 111 112 113 8
L 115 62 -21
D 114 61 2 107 115 109 29
D 105 63 2 106 110 114 8
L 118 68 -27
L 119 70 -28
L 120 68 27
D 117 69 2 118 119 120 8
L 123 72 -23
L 124 74 -24
L 125 72 23
D 122 73 2 123 124 125 8
L 127 76 -30
L 128 78 -29
L 129 76 30
D 126 77 2 127 128 129 8
L 131 74 24
D 130 73 2 123 131 125 29
D 121 75 2 122 126 130 8
L 133 70 28
D 132 69 2 118 133 120 29
D 116 71 2 117 121 132 8
L 136 66 26
D 135 65 2 111 136 113 29
D 134 63 2 106 135 114 29
D 104 67 2 105 116 134 8
L 140 80 -46
L 141 82 -47
L 142 80 46
D 139 81 2 140 141 142 8
L 144 84 -48
L 146 86 -50
L 147 88 -49
L 148 86 50
D 145 87 2 146 147 148 8
L 149 84 48
D 143 85 2 144 145 149 8
L 151 82 47
D 150 81 2 140 151 142 29
D 138 83 2 139 143 150 8
L 155 90 -43
L 156 92 -44
L 157 90 43
D 154 91 2 155 156 157 8
L 159 94 -42
L 161 96 -45
L 162 98 41
L 163 96 45
D 160 97 2 161 162 163 8
L 164 94 42
D 158 95 2 159 160 164 8
L 166 92 44
D 165 91 2 155 166 157 29
D 153 93 2 154 158 165 8
L 169 100 -57
L 171 102 -58
L 173 104 -60
L 174 106 -59
L 175 104 60
D 172 105 2 173 174 175 8
L 176 102 58
D 170 103 2 171 172 176 8
L 177 100 57
D 168 101 2 169 170 177 8
L 180 108 -53
L 182 110 -56
L 183 112 -55
L 184 110 56
D 181 111 2 182 183 184 8
L 185 108 53
D 179 109 2 180 181 185 8
L 188 114 51
L 190 116 -54
L 191 118 -52
L 192 116 54
D 189 117 2 190 191 192 8
L 193 114 -51
D 187 115 2 188 189 193 8
L 196 120 -61
L 197 122 -62
L 198 120 61
D 195 121 2 196 197 198 8
L 201 124 -63
L 202 126 64
L 203 124 63
D 200 125 2 201 202 203 8
L 205 128 -65
L 207 130 -66
L 209 132 -67
L 211 134 -68
L 213 136 -69
L 214 138 -70
L 215 136 69
D 212 137 2 213 214 215 8
L 216 134 68
D 210 135 2 211 212 216 8
L 217 132 67
D 208 133 2 209 210 217 8
L 218 130 66
D 206 131 2 207 208 218 8
L 219 128 65
D 204 129 2 205 206 219 8
L 221 126 -64
D 220 125 2 201 221 203 29
D 199 127 2 200 204 220 8
L 223 122 62
D 222 121 2 196 223 198 29
D 194 123 2 195 199 222 8
L 226 118 52
D 225 117 2 190 226 192 8
D 224 115 2 193 225 188 8
D 229 125 2 203 221 201 8
D 230 125 2 203 202 201 29
D 228 127 2 229 204 230 8
D 227 123 2 195 228 222 8
D 232 117 2 192 191 190 8
D 231 115 2 193 232 188 8
D 234 121 2 198 197 196 8
D 236 125 2 201 221 203 8
D 237 125 2 201 202 203 29
D 235 127 2 236 204 237 8
D 238 121 2 198 223 196 29
D 233 123 2 234 235 238 8
D 240 117 2 190 191 192 226
D 241 117 2 190 226 192 29
D 239 115 2 193 240 188 241
D 186 119 4 187 194 224 227 231 233 239 8
D 242 109 2 185 181 180 8
D 244 115 2 193 189 188 8
D 246 121 2 196 223 198 8
D 247 121 2 196 197 198 29
D 245 123 2 246 235 247 8
D 248 115 2 193 241 188 29
D 243 119 2 244 245 248 8
L 250 112 55
D 249 111 2 182 250 184 29
D 178 113 3 179 186 242 243 249 8
L 254 106 59
D 253 105 2 173 254 175 29
D 252 103 2 171 253 176 29
D 251 101 2 169 252 177 29
D 167 107 2 168 178 251 8
L 258 98 -41
D 257 97 2 161 258 163 8
D 256 95 2 164 257 159 8
D 255 93 2 154 256 165 8
D 263 117 2 190 191 192 29
D 262 115 2 193 263 188 241
D 261 119 3 187 227 224 245 262 8
D 264 119 2 244 233 248 8
D 260 113 3 179 261 242 264 249 8
D 259 107 2 168 260 251 8
D 266 91 2 157 156 155 8
D 267 95 2 159 257 164 8
D 268 91 2 157 166 155 29
D 265 93 2 266 267 268 8
D 271 119 3 187 245 224 233 262 8
D 272 109 2 180 249 185 29
D 270 113 2 179 271 272 8
D 269 107 2 168 270 251 8
D 274 91 2 155 166 157 8
D 275 91 2 155 156 157 29
D 273 93 2 274 267 275 8
D 279 115 2 188 241 193 29
D 278 119 2 187 233 279 8
D 277 113 2 179 278 272 8
D 276 107 2 168 277 251 8
D 282 97 2 161 162 163 29
D 283 97 2 161 258 163 29
D 281 95 2 164 282 159 283
D 284 91 2 157 156 155 166
D 285 95 2 159 282 164 29
D 286 91 2 157 166 155 8
D 280 93 3 154 281 284 285 286 29
D 152 99 5 153 167 255 259 265 269 273 276 280 8
L 290 88 49
D 289 87 2 146 290 148 29
D 288 85 2 144 289 149 29
D 287 83 2 139 288 150 29
D 137 89 2 138 152 287 8
D 293 61 2 109 115 107 8
D 294 61 2 109 108 107 29
D 292 63 2 293 110 294 8
D 295 63 2 293 135 294 29
D 291 67 2 292 116 295 8
D 298 93 3 154 281 266 285 166 29
D 297 99 4 153 259 255 269 265 276 298 8
D 296 89 2 138 297 287 8
D 301 61 2 107 115 109 8
D 302 61 2 107 108 109 29
D 300 63 2 301 110 302 8
D 305 73 2 125 124 123 8
D 306 73 2 125 131 123 29
D 304 75 2 305 126 306 8
D 303 71 2 117 304 132 8
D 307 63 2 301 135 302 29
D 299 67 2 300 303 307 8
D 310 93 2 154 281 165 29
D 309 99 3 153 269 255 276 310 8
D 308 89 2 138 309 287 8
D 314 73 2 123 131 125 8
D 315 73 2 123 124 125 29
D 313 75 2 314 126 315 8
D 312 71 2 117 313 132 8
D 311 67 2 300 312 307 8
D 319 95 2 159 283 164 29
D 318 93 2 154 319 165 29
D 317 99 2 153 276 318 8
D 316 89 2 138 317 287 8
D 323 73 2 125 124 123 131
L 325 78 29
D 324 77 2 127 325 129 29
D 326 73 2 123 124 125 131
D 322 75 2 323 324 326 29
D 321 71 2 117 322 132 29
D 328 61 2 109 115 107 108
D 329 61 2 107 115 109 108
D 327 63 2 328 110 329 8
D 331 75 2 122 324 130 29
D 330 71 2 117 331 132 29
D 333 61 2 109 115 107 29
D 334 61 2 109 108 107 8
D 332 63 2 333 135 334 29
D 320 67 3 300 321 327 330 332 29
D 103 79 5 104 137 291 296 299 308 311 316 320 8
D 337 45 2 79 78 77 8
D 336 43 2 72 337 80 8
D 340 53 2 91 90 89 8
D 341 53 2 91 97 89 29
D 339 55 2 340 92 341 8
D 338 51 2 83 339 98 8
D 343 45 2 79 102 77 29
D 342 43 2 72 343 80 29
D 335 47 2 336 338 342 8
D 347 75 2 305 324 306 29
D 346 71 2 117 347 132 29
D 345 67 3 300 346 327 330 332 29
D 344 79 4 104 296 291 308 299 316 345 8
D 350 45 2 77 102 79 8
D 349 43 2 72 350 80 8
D 352 45 2 77 78 79 29
D 351 43 2 72 352 80 29
D 348 47 2 349 338 351 8
D 355 63 2 328 135 329 29
D 354 67 2 327 330 355 29
D 353 79 3 104 308 291 316 354 8
D 358 41 2 75 74 73 8
D 359 41 2 75 81 73 29
D 357 43 2 358 76 359 8
D 360 43 2 358 101 359 29
D 356 47 2 357 338 360 8
D 362 67 2 105 330 134 29
D 361 79 2 104 316 362 8
L 367 58 40
D 366 57 2 93 367 95 29
D 365 55 2 88 366 96 29
D 364 51 2 83 365 98 29
D 369 45 2 79 78 77 102
D 368 43 3 72 369 358 76 81 8
D 371 55 2 340 366 341 29
D 370 51 2 83 371 98 29
D 373 45 2 79 102 77 8
D 372 43 3 72 373 358 101 81 29
D 363 47 3 71 364 368 370 372 29
D 69 59 5 70 103 335 344 348 353 356 361 363 8
D 376 29 2 50 65 52 8
D 378 33 2 57 56 55 8
D 379 33 2 57 63 55 29
D 377 35 2 378 58 379 8
D 380 29 2 50 51 52 29
D 375 31 2 376 377 380 8
D 374 27 2 37 375 66 8
D 383 43 2 72 369 80 8
D 384 43 2 72 373 80 29
D 382 47 3 71 364 383 370 384 29
D 381 59 4 70 344 335 353 348 361 382 8
D 387 29 2 52 51 50 8
D 388 29 2 52 65 50 29
D 386 31 2 387 377 388 8
D 385 27 2 37 386 66 8
D 391 43 2 72 102 80 29
D 390 47 3 71 364 336 370 391 29
D 389 59 3 70 353 335 361 390 8
D 394 21 2 41 40 39 8
D 395 21 2 41 47 39 29
D 393 23 2 394 42 395 8
D 396 31 2 49 377 64 8
D 397 23 2 394 67 395 29
D 392 27 2 393 396 397 8
D 399 47 2 71 364 100 29
D 398 59 2 70 361 399 8
L 404 38 19
D 403 37 2 59 404 61 29
D 402 35 2 54 403 62 29
D 405 29 2 52 51 50 65
D 406 35 2 378 403 379 29
D 407 29 2 52 65 50 8
D 401 31 3 49 402 405 406 407 29
D 408 31 2 49 406 64 29
D 409 23 2 40 67 47 29
D 400 27 3 37 401 393 408 409 29
D 35 39 5 36 69 374 381 385 389 392 398 400 8
D 412 3 2 5 34 7 8
D 411 1 2 3 412 9 8
D 415 11 2 17 28 19 8
D 416 11 2 17 18 19 29
D 414 13 2 415 20 416 8
D 413 9 2 11 414 30 8
D 418 3 2 5 6 7 29
D 417 1 2 3 418 9 29
D 410 5 2 411 413 417 8
D 420 27 2 37 401 66 29
D 419 39 4 36 381 374 389 385 398 420 8
D 422 1 2 9 4 3 8
D 423 1 2 9 33 3 29
D 421 5 2 422 413 423 8
D 426 31 3 49 402 376 406 52 29
D 425 27 2 37 426 66 29
D 424 39 3 36 389 374 398 425 8
D 429 3 2 7 6 5 8
D 428 1 2 3 429 9 8
D 431 3 2 7 34 5 29
D 430 1 2 3 431 9 29
D 427 5 2 428 413 430 8
D 434 31 2 49 402 64 29
D 433 27 2 37 434 66 29
D 432 39 2 36 398 433 8
D 437 3 2 7 6 5 34
D 436 1 2 3 437 9 4
L 442 18 10
D 441 17 2 23 442 25 29
D 440 15 2 21 441 26 29
D 439 13 2 415 440 416 29
D 438 9 2 11 439 30 29
D 444 13 2 16 440 27 29
D 443 9 2 11 444 30 29
D 446 3 2 7 34 5 8
D 445 1 2 3 446 9 33
D 435 5 3 436 438 2 443 445 29
D 0 19 5 1 35 410 419 421 424 427 432 435 8
