c ids of sdd nodes start at 0
c sdd nodes appear bottom-up, children before parents
c
c file syntax:
c sdd count-of-sdd-nodes
c F id-of-false-sdd-node
c T id-of-true-sdd-node
c L id-of-literal-sdd-node id-of-vtree literal
c D id-of-decomposition-sdd-node id-of-vtree number-of-elements {id-of-prime id-of-sub}*
c
sdd 872
L 3 0 -3
L 5 2 -4
L 6 4 -2
L 7 2 4
F 8
D 4 3 2 5 6 7 8
L 9 0 3
D 2 1 2 3 4 9 8
L 12 6 -6
L 13 8 -7
L 14 6 6
D 11 7 2 12 13 14 8
L 17 10 -5
L 18 12 1
L 19 10 5
D 16 11 2 17 18 19 8
L 21 14 -8
L 23 16 -9
L 24 18 -10
L 25 16 9
D 22 17 2 23 24 25 8
L 26 14 8
D 20 15 2 21 22 26 8
L 28 12 -1
T 29
D 27 11 2 17 28 19 29
D 15 13 2 16 20 27 8
L 31 8 7
D 30 7 2 12 31 14 29
D 10 9 2 11 15 30 8
L 34 4 2
D 33 3 2 5 34 7 29
D 32 1 2 3 33 9 29
D 1 5 2 2 10 32 8
L 39 20 -14
L 40 22 -15
L 41 20 14
D 38 21 2 39 40 41 8
L 43 24 -16
L 44 26 -17
L 45 24 16
D 42 25 2 43 44 45 8
L 47 22 15
D 46 21 2 39 47 41 29
D 37 23 2 38 42 46 8
L 50 28 -13
L 51 30 -12
L 52 28 13
D 49 29 2 50 51 52 8
L 55 32 11
L 56 34 -18
L 57 32 -11
D 54 33 2 55 56 57 8
L 59 36 -20
L 60 38 -19
L 61 36 20
D 58 37 2 59 60 61 8
L 63 34 18
D 62 33 2 55 63 57 29
D 53 35 2 54 58 62 8
L 65 30 12
D 64 29 2 50 65 52 29
D 48 31 2 49 53 64 8
L 68 26 17
D 67 25 2 43 68 45 29
D 66 23 2 38 67 46 29
D 36 27 2 37 48 66 8
L 73 40 -34
L 74 42 -35
L 75 40 34
D 72 41 2 73 74 75 8
L 77 44 -32
L 78 46 -33
L 79 44 32
D 76 45 2 77 78 79 8
L 81 42 35
D 80 41 2 73 81 75 29
D 71 43 2 72 76 80 8
L 84 48 -37
L 85 50 -38
L 86 48 37
D 83 49 2 84 85 86 8
L 89 52 31
L 90 54 -36
L 91 52 -31
D 88 53 2 89 90 91 8
L 93 56 -39
L 94 58 -40
L 95 56 39
D 92 57 2 93 94 95 8
L 97 54 36
D 96 53 2 89 97 91 29
D 87 55 2 88 92 96 8
L 99 50 38
D 98 49 2 84 99 86 29
D 82 51 2 83 87 98 8
L 102 46 33
D 101 45 2 77 102 79 29
D 100 43 2 72 101 80 29
D 70 47 2 71 82 100 8
L 107 60 -22
L 108 62 -21
L 109 60 22
D 106 61 2 107 108 109 8
L 111 64 -25
L 112 66 -26
L 113 64 25
D 110 65 2 111 112 113 8
L 115 62 21
D 114 61 2 107 115 109 29
D 105 63 2 106 110 114 8
L 118 68 -27
L 119 70 -28
L 120 68 27
D 117 69 2 118 119 120 8
L 123 72 -23
L 124 74 24
L 125 72 23
D 122 73 2 123 124 125 8
L 127 76 -30
L 128 78 -29
L 129 76 30
D 126 77 2 127 128 129 8
L 131 74 -24
D 130 73 2 123 131 125 29
D 121 75 2 122 126 130 8
L 133 70 28
D 132 69 2 118 133 120 29
D 116 71 2 117 121 132 8
L 136 66 26
D 135 65 2 111 136 113 29
D 134 63 2 106 135 114 29
D 104 67 2 105 116 134 8
L 140 80 -46
L 141 82 -47
L 142 80 46
D 139 81 2 140 141 142 8
L 144 84 -48
L 146 86 50
L 147 88 -49
L 148 86 -50
D 145 87 2 146 147 148 8
L 149 84 48
D 143 85 2 144 145 149 8
L 151 82 47
D 150 81 2 140 151 142 29
D 138 83 2 139 143 150 8
L 155 90 -43
L 156 92 -44
L 157 90 43
D 154 91 2 155 156 157 8
L 159 94 -42
L 161 96 -45
L 162 98 -41
L 163 96 45
D 160 97 2 161 162 163 8
L 164 94 42
D 158 95 2 159 160 164 8
L 166 92 44
D 165 91 2 155 166 157 29
D 153 93 2 154 158 165 8
L 169 100 -57
L 171 102 -58
L 173 104 60
L 174 106 -59
L 175 104 -60
D 172 105 2 173 174 175 8
L 176 102 58
D 170 103 2 171 172 176 8
L 177 100 57
D 168 101 2 169 170 177 8
L 180 108 -53
L 182 110 -56
L 183 112 -55
L 184 110 56
D 181 111 2 182 183 184 8
L 185 108 53
D 179 109 2 180 181 185 8
L 188 114 -51
L 190 116 -54
L 191 118 -52
L 192 116 54
D 189 117 2 190 191 192 8
L 193 114 51
D 187 115 2 188 189 193 8
L 196 120 -61
L 197 122 -62
L 198 120 61
D 195 121 2 196 197 198 8
L 201 124 -63
L 202 126 -64
L 203 124 63
D 200 125 2 201 202 203 8
L 205 128 -65
L 207 130 -66
L 209 132 -67
L 211 134 -68
L 213 136 -69
L 214 138 70
L 215 136 69
D 212 137 2 213 214 215 8
L 216 134 68
D 210 135 2 211 212 216 8
L 217 132 67
D 208 133 2 209 210 217 8
L 218 130 66
D 206 131 2 207 208 218 8
L 219 128 65
D 204 129 2 205 206 219 8
L 221 126 64
D 220 125 2 201 221 203 29
D 199 127 2 200 204 220 8
L 223 122 62
D 222 121 2 196 223 198 29
D 194 123 2 195 199 222 8
L 226 118 52
D 225 117 2 190 226 192 29
D 224 115 2 188 225 193 29
D 186 119 2 187 194 224 8
L 229 112 55
D 228 111 2 182 229 184 29
D 227 109 2 180 228 185 29
D 178 113 2 179 186 227 8
L 233 106 59
D 232 105 2 173 233 175 29
D 231 103 2 171 232 176 29
D 230 101 2 169 231 177 29
D 167 107 2 168 178 230 8
L 237 98 41
D 236 97 2 161 237 163 29
D 235 95 2 159 236 164 29
D 234 93 2 154 235 165 29
D 152 99 2 153 167 234 8
L 241 88 49
D 240 87 2 146 241 148 29
D 239 85 2 144 240 149 29
D 238 83 2 139 239 150 29
D 137 89 2 138 152 238 8
D 244 65 2 113 112 111 8
D 243 63 2 106 244 114 8
D 247 73 2 123 131 125 8
D 248 73 2 123 124 125 29
D 246 75 2 247 126 248 8
D 245 71 2 117 246 132 8
D 250 65 2 113 136 111 29
D 249 63 2 106 250 114 29
D 242 67 2 243 245 249 8
D 256 105 2 175 233 173 8
D 255 103 2 171 256 176 8
D 254 101 2 169 255 177 8
L 266 138 -70
D 265 137 2 215 266 213 8
D 264 135 2 211 265 216 8
D 263 133 2 209 264 217 8
D 262 131 2 207 263 218 8
D 261 129 2 205 262 219 8
D 260 127 2 200 261 220 8
D 259 123 2 195 260 222 8
D 258 119 2 187 259 224 8
D 257 113 2 179 258 227 8
D 269 105 2 175 174 173 233
D 268 103 2 171 269 176 29
D 267 101 2 169 268 177 29
D 253 107 3 254 178 168 257 267 8
D 252 99 2 153 253 234 8
D 272 87 2 148 241 146 8
D 271 85 2 144 272 149 8
D 270 83 2 139 271 150 8
D 275 87 2 148 147 146 241
D 274 85 2 144 275 149 29
D 273 83 2 139 274 150 29
D 251 89 3 138 252 270 152 273 8
D 278 65 2 111 136 113 8
D 277 63 2 106 278 114 8
D 280 65 2 111 112 113 29
D 279 63 2 106 280 114 29
D 276 67 2 277 245 279 8
D 292 137 2 213 266 215 8
D 291 135 2 216 292 211 8
D 290 133 2 209 291 217 8
D 289 131 2 207 290 218 8
D 288 129 2 205 289 219 8
D 287 127 2 200 288 220 8
D 286 123 2 195 287 222 8
D 285 119 2 187 286 224 8
D 284 113 2 179 285 227 8
D 295 105 2 175 174 173 8
D 294 103 2 176 295 171 8
D 293 101 2 169 294 177 8
D 298 105 2 175 233 173 29
D 297 103 2 171 269 176 298
D 296 101 2 169 297 177 29
D 283 107 4 168 284 293 178 254 257 296 8
D 282 99 2 153 283 234 8
D 301 87 2 148 147 146 8
D 300 85 2 149 301 144 8
D 299 83 2 139 300 150 8
D 304 87 2 148 241 146 29
D 303 85 2 144 275 149 304
D 302 83 2 139 303 150 29
D 281 89 4 138 282 270 252 299 152 302 8
D 307 69 2 120 119 118 8
D 308 69 2 120 133 118 29
D 306 71 2 307 246 308 8
D 305 67 2 105 306 134 8
D 319 135 2 211 292 216 8
D 318 133 2 217 319 209 8
D 317 131 2 207 318 218 8
D 316 129 2 205 317 219 8
D 315 127 2 200 316 220 8
D 314 123 2 195 315 222 8
D 313 119 2 187 314 224 8
D 312 113 2 179 313 227 8
D 321 103 2 171 295 176 8
D 320 101 2 177 321 169 8
D 323 103 2 171 298 176 29
D 322 101 2 169 297 177 323
D 311 107 5 168 312 254 284 320 178 293 257 322 8
D 310 99 2 153 311 234 8
D 325 81 2 140 151 142 8
D 326 85 2 144 301 149 8
D 327 81 2 140 141 142 29
D 324 83 2 325 326 327 8
D 329 85 2 144 304 149 29
D 328 83 3 139 303 325 329 142 29
D 309 89 5 138 310 270 282 299 252 324 152 328 8
D 332 69 2 118 133 120 8
D 333 69 2 118 119 120 29
D 331 71 2 332 246 333 8
D 330 67 2 105 331 134 8
D 343 133 2 209 319 217 8
D 342 131 2 218 343 207 8
D 341 129 2 205 342 219 8
D 340 127 2 200 341 220 8
D 339 123 2 195 340 222 8
D 338 119 2 187 339 224 8
D 337 113 2 179 338 227 8
D 344 101 2 169 321 177 8
D 347 111 2 184 183 182 8
D 346 109 2 180 347 185 8
D 349 111 2 184 229 182 29
D 348 109 2 180 349 185 29
D 345 113 2 346 186 348 8
D 352 105 2 173 233 175 8
D 351 103 2 171 352 176 298
D 350 101 2 169 351 177 323
D 336 107 6 168 337 344 345 254 312 293 284 320 257 350 8
D 335 99 2 153 336 234 8
D 354 81 2 142 141 140 8
D 355 81 2 142 151 140 29
D 353 83 2 354 326 355 8
D 357 81 2 142 141 140 151
D 358 81 2 142 151 140 8
D 356 83 3 139 303 357 329 358 29
D 334 89 6 138 335 270 310 299 282 324 252 353 152 356 8
L 363 78 29
D 362 77 2 127 363 129 8
D 361 75 2 247 362 248 8
D 360 71 2 117 361 132 8
D 359 67 2 105 360 134 8
D 372 131 2 207 343 218 8
D 371 129 2 219 372 205 8
D 370 127 2 200 371 220 8
D 369 123 2 195 370 222 8
D 368 119 2 187 369 224 8
D 367 113 2 179 368 227 8
D 375 111 2 182 229 184 8
D 374 109 2 180 375 185 8
D 377 111 2 182 183 184 229
D 376 109 2 180 377 185 29
D 373 113 3 346 258 374 186 376 8
D 366 107 6 168 367 344 373 254 337 293 312 320 284 350 8
D 365 99 2 153 366 234 8
D 378 83 2 139 326 150 8
D 382 97 2 163 162 161 8
D 381 95 2 159 382 164 8
D 380 93 2 154 381 165 8
D 385 97 2 163 237 161 29
D 384 95 2 159 385 164 29
D 383 93 2 154 384 165 29
D 379 99 2 380 167 383 8
D 388 87 2 146 241 148 8
D 387 85 2 144 388 149 304
D 386 83 3 139 387 357 329 358 29
D 364 89 7 138 365 378 379 270 335 299 310 324 282 353 252 386 8
D 392 77 2 129 128 127 8
D 391 75 2 247 392 248 8
D 390 71 2 117 391 132 8
D 389 67 2 105 390 134 8
D 400 125 2 201 221 203 8
D 401 129 2 205 372 219 8
D 402 125 2 201 202 203 29
D 399 127 2 400 401 402 8
D 398 123 2 195 399 222 8
D 397 119 2 187 398 224 8
D 396 113 2 179 397 227 8
D 406 117 2 192 191 190 8
D 405 115 2 188 406 193 8
D 408 117 2 192 226 190 29
D 407 115 2 188 408 193 29
D 404 119 2 405 194 407 8
D 410 111 2 184 229 182 8
D 409 109 2 180 410 185 29
D 403 113 4 374 258 179 404 346 285 409 8
D 395 107 6 168 396 344 403 254 367 293 337 320 312 350 8
D 394 99 2 153 395 234 8
D 413 91 2 155 166 157 8
D 414 91 2 155 156 157 29
D 412 93 2 413 158 414 8
D 415 93 3 154 384 413 235 157 29
D 411 99 3 412 167 380 253 415 8
D 393 89 7 138 394 378 411 270 365 299 335 324 310 353 282 386 8
D 419 77 2 127 363 129 29
D 420 77 2 127 128 129 363
D 418 75 3 122 419 247 420 125 29
D 421 69 2 120 119 118 133
D 422 75 2 247 419 248 29
D 423 69 2 120 133 118 8
D 417 71 3 117 418 421 422 423 29
D 425 65 2 113 112 111 136
D 424 63 2 106 425 114 8
D 426 71 2 117 422 132 29
D 428 65 2 113 136 111 8
D 427 63 2 106 428 114 29
D 416 67 3 105 417 424 426 427 29
D 103 79 8 104 137 242 251 276 281 305 309 330 334 359 364 389 393 416 8
D 431 45 2 79 78 77 8
D 430 43 2 72 431 80 8
D 434 53 2 91 90 89 8
D 435 53 2 91 97 89 29
D 433 55 2 434 92 435 8
D 432 51 2 83 433 98 8
D 437 45 2 79 102 77 29
D 436 43 2 72 437 80 29
D 429 47 2 430 432 436 8
D 442 73 2 125 131 123 8
D 443 73 2 125 124 123 29
D 441 75 2 442 126 443 8
D 440 71 2 117 441 132 8
D 439 67 2 105 440 134 8
D 448 109 2 185 181 180 8
D 449 119 2 405 259 407 8
D 450 109 2 180 410 185 228
D 447 113 5 374 285 448 186 179 449 346 313 450 8
D 455 125 2 203 202 201 8
D 456 125 2 203 221 201 29
D 454 127 2 455 401 456 8
D 453 123 2 195 454 222 8
D 452 119 2 187 453 224 8
D 451 113 2 179 452 227 8
D 446 107 6 344 447 168 451 254 396 293 367 320 337 350 8
D 445 99 2 153 446 234 8
D 459 91 2 157 156 155 8
D 460 91 2 157 166 155 29
D 458 93 2 459 158 460 8
D 462 91 2 157 156 155 166
D 463 91 2 157 166 155 8
D 461 93 3 154 384 462 235 463 29
D 457 99 4 458 167 412 253 380 283 461 8
D 444 89 7 138 445 378 457 270 394 299 365 324 335 353 310 386 8
D 467 73 2 125 131 123 124
D 468 73 2 125 124 123 8
D 466 75 3 467 419 247 420 468 29
D 465 71 3 421 422 117 466 423 29
D 464 67 3 424 426 105 465 427 29
D 438 79 9 439 137 104 251 242 281 276 309 305 334 330 364 359 393 389 444 464 8
D 471 45 2 77 102 79 8
D 470 43 2 72 471 80 8
D 473 45 2 77 78 79 29
D 472 43 2 72 473 80 29
D 469 47 2 470 432 472 8
D 477 61 2 109 108 107 8
D 478 61 2 109 115 107 29
D 476 63 2 477 110 478 8
D 479 63 2 477 135 478 29
D 475 67 2 476 245 479 8
D 486 117 2 190 226 192 8
D 485 115 2 188 486 193 8
D 488 117 2 190 191 192 226
D 487 115 2 188 488 193 29
D 484 119 3 485 194 405 286 487 8
D 483 113 5 179 484 448 258 374 313 346 338 450 8
D 492 121 2 196 223 198 8
D 493 127 2 200 401 220 8
D 494 121 2 196 197 198 29
D 491 123 2 492 493 494 8
D 490 119 2 187 491 224 8
D 489 113 2 179 490 227 8
D 482 107 6 344 483 254 451 293 396 168 489 320 367 350 8
D 481 99 2 153 482 234 8
D 497 95 2 164 160 159 8
D 496 93 2 154 497 165 8
D 499 95 2 159 385 164 236
D 498 93 3 154 499 462 235 463 29
D 495 99 5 496 167 458 253 412 283 380 311 498 8
D 480 89 7 138 481 378 495 270 445 299 394 324 365 353 335 386 8
D 501 63 3 106 425 477 110 115 8
D 502 63 3 106 428 477 135 115 29
D 500 67 3 501 426 105 465 502 29
D 474 79 10 475 137 439 251 104 281 242 309 276 334 305 364 330 393 359 444 389 480 500 8
D 505 41 2 75 74 73 8
D 506 41 2 75 81 73 29
D 504 43 2 505 76 506 8
D 507 43 2 505 101 506 29
D 503 47 2 504 432 507 8
D 511 61 2 107 115 109 8
D 512 61 2 107 108 109 29
D 510 63 2 511 110 512 8
D 513 63 2 511 135 512 29
D 509 67 2 510 245 513 8
D 518 97 2 161 237 163 8
D 517 95 2 159 518 164 8
D 516 93 2 154 517 165 8
D 521 97 2 161 162 163 237
D 520 95 2 159 521 164 236
D 519 93 3 154 520 462 235 463 29
D 515 99 6 516 167 496 253 458 283 412 311 380 336 519 8
D 526 115 2 193 189 188 8
D 527 115 2 188 488 193 225
D 525 119 4 526 194 485 259 405 314 527 8
D 524 113 5 179 525 448 285 374 338 346 368 450 8
D 531 121 2 198 197 196 8
D 532 121 2 198 223 196 29
D 530 123 2 531 493 532 8
D 529 119 2 187 530 224 8
D 528 113 2 179 529 227 8
D 523 107 6 344 524 293 451 320 396 254 489 168 528 350 8
D 522 99 2 153 523 234 8
D 514 89 7 378 515 138 522 270 481 299 445 324 394 353 365 386 8
D 535 61 2 109 108 107 115
D 536 61 2 109 115 107 8
D 534 63 3 106 425 535 110 536 8
D 537 63 3 106 428 535 135 536 29
D 533 67 3 534 426 105 465 537 29
D 508 79 11 509 137 475 251 439 281 104 309 242 334 276 364 305 393 330 444 359 480 389 514 533 8
D 540 41 2 73 81 75 8
D 541 41 2 73 74 75 29
D 539 43 2 540 76 541 8
D 542 43 2 540 101 541 29
D 538 47 2 539 432 542 8
D 545 99 6 516 253 496 283 458 311 412 336 380 366 519 8
D 549 119 4 526 259 485 286 405 339 527 8
D 548 113 5 179 549 448 313 374 368 346 397 450 8
D 551 103 2 176 298 171 173
D 550 101 2 169 551 177 323
D 547 107 5 320 451 344 548 293 489 254 528 550 8
D 546 99 2 153 547 234 8
D 544 89 7 378 545 270 522 138 546 299 481 324 445 353 394 386 8
D 543 79 11 509 251 475 281 439 309 104 334 242 364 276 393 305 444 330 480 359 514 389 544 533 8
D 555 53 2 91 97 89 8
D 556 53 2 91 90 89 29
D 554 55 2 555 92 556 8
D 553 51 2 83 554 98 8
D 552 47 2 71 553 100 8
D 559 99 6 516 283 496 311 458 336 412 366 380 395 519 8
D 563 119 4 526 286 485 314 405 369 527 8
D 562 113 5 179 563 448 338 374 397 346 452 450 8
D 564 101 2 177 323 169 298
D 561 107 4 320 489 344 562 293 528 564 8
D 560 99 2 153 561 234 8
D 558 89 7 378 559 299 522 270 546 138 560 324 481 353 445 386 8
D 557 79 11 509 281 475 309 439 334 104 364 242 393 276 444 305 480 330 514 359 544 389 558 533 8
D 567 49 2 86 85 84 8
D 568 49 2 86 99 84 29
D 566 51 2 567 433 568 8
D 565 47 2 71 566 100 8
D 571 99 6 516 311 496 336 458 366 412 395 380 446 519 8
D 575 119 4 526 314 485 339 405 398 527 8
D 574 113 5 179 575 448 368 374 452 346 490 450 8
D 573 107 3 320 528 344 574 323 8
D 572 99 2 153 573 234 8
D 570 89 7 378 571 324 522 299 546 270 560 138 572 353 481 386 8
D 569 79 11 509 309 475 334 439 364 104 393 242 444 276 480 305 514 330 544 359 558 389 570 533 8
D 578 49 2 84 99 86 8
D 579 49 2 84 85 86 29
D 577 51 2 578 433 579 8
D 576 47 2 71 577 100 8
D 582 99 6 516 336 496 366 458 395 412 446 380 482 519 8
D 586 119 4 526 339 485 369 405 453 527 8
D 585 113 5 179 586 448 397 374 490 346 529 450 8
D 587 101 2 169 323 177 29
D 584 107 2 344 585 587 8
D 583 99 2 153 584 234 8
D 581 89 7 353 522 378 582 324 546 299 560 270 572 138 583 386 8
D 580 79 11 509 334 475 364 439 393 104 444 242 480 276 514 305 544 330 558 359 570 389 581 533 8
D 591 57 2 95 94 93 8
D 590 55 2 434 591 435 8
D 589 51 2 83 590 98 8
D 588 47 2 71 589 100 8
D 594 99 6 516 366 496 395 458 446 412 482 380 523 519 8
D 598 119 4 526 369 485 398 405 491 527 8
D 599 109 2 185 228 180 184
D 597 113 4 179 598 448 452 374 529 599 8
D 596 107 2 344 597 587 8
D 595 99 2 153 596 234 8
D 593 89 7 353 546 378 594 324 560 299 572 270 583 138 595 386 8
D 592 79 11 509 364 475 393 439 444 104 480 242 514 276 544 305 558 330 570 359 581 389 593 533 8
L 604 58 40
D 603 57 2 93 604 95 8
D 602 55 2 434 603 435 8
D 601 51 2 83 602 98 8
D 600 47 2 71 601 100 8
D 607 99 6 516 395 496 446 458 482 412 523 380 547 519 8
D 611 119 4 526 398 485 453 405 530 527 8
D 610 113 3 179 611 448 490 228 8
D 609 107 2 344 610 587 8
D 608 99 2 153 609 234 8
D 606 89 7 353 560 378 607 324 572 299 583 270 595 138 608 386 8
D 605 79 11 509 393 475 444 439 480 104 514 242 544 276 558 305 570 330 581 359 593 389 606 533 8
D 614 45 2 79 78 77 102
D 615 41 2 75 74 73 81
D 616 41 2 75 81 73 8
D 613 43 3 72 614 615 76 616 8
D 619 57 2 93 604 95 29
D 618 55 2 434 619 435 29
D 617 51 2 83 618 98 29
D 621 49 2 86 85 84 99
D 623 53 2 89 90 91 97
D 624 57 2 93 94 95 604
D 625 53 2 89 97 91 8
D 622 55 3 623 619 434 624 625 29
D 626 49 2 86 99 84 8
D 620 51 3 621 618 83 622 626 29
D 628 45 2 79 102 77 8
D 627 43 3 72 628 615 101 616 29
D 612 47 3 613 617 71 620 627 29
D 69 59 11 70 103 429 438 469 474 503 508 538 543 552 557 565 569 576 580 588 592 600 605 612 8
D 631 29 2 50 65 52 8
D 633 33 2 57 56 55 8
D 634 33 2 57 63 55 29
D 632 35 2 633 58 634 8
D 635 29 2 50 51 52 29
D 630 31 2 631 632 635 8
D 629 27 2 37 630 66 8
D 639 99 6 516 446 496 482 458 523 412 547 380 561 519 8
D 645 117 2 190 191 192 29
D 644 115 2 188 645 193 225
D 643 119 3 526 453 485 491 644 8
D 642 113 3 179 643 448 529 228 8
D 641 107 2 344 642 587 8
D 640 99 2 153 641 234 8
D 638 89 7 353 572 378 639 324 583 299 595 270 608 138 640 386 8
D 637 79 11 509 444 475 480 439 514 104 544 242 558 276 570 305 581 330 593 359 606 389 638 533 8
D 636 59 11 70 438 429 474 469 508 503 543 538 557 552 569 565 580 576 592 588 605 600 637 612 8
D 648 29 2 52 51 50 8
D 649 29 2 52 65 50 29
D 647 31 2 648 632 649 8
D 646 27 2 37 647 66 8
D 653 99 6 516 482 496 523 458 547 412 561 380 573 519 8
D 657 119 3 526 491 485 530 644 8
D 656 113 2 179 657 227 8
D 655 107 2 344 656 587 8
D 654 99 2 153 655 234 8
D 652 89 7 353 583 378 653 324 595 299 608 270 640 138 654 386 8
D 651 79 11 509 480 475 514 439 544 104 558 242 570 276 581 305 593 330 606 359 638 389 652 533 8
D 650 59 11 70 474 429 508 469 543 503 557 538 569 552 580 565 592 576 605 588 637 600 651 612 8
D 660 21 2 41 40 39 8
D 661 21 2 41 47 39 29
D 659 23 2 660 42 661 8
D 662 31 2 49 632 64 8
D 663 23 2 660 67 661 29
D 658 27 2 659 662 663 8
D 667 99 6 516 523 496 547 458 561 412 573 380 584 519 8
D 672 115 2 193 225 188 29
D 671 119 2 526 530 672 8
D 670 113 2 179 671 227 8
D 669 107 2 344 670 587 8
D 668 99 2 153 669 234 8
D 666 89 7 353 595 378 667 324 608 299 640 270 654 138 668 386 8
D 665 79 11 509 514 475 544 439 558 104 570 242 581 276 593 305 606 330 638 359 652 389 666 533 8
D 664 59 11 70 508 429 543 469 557 503 569 538 580 552 592 565 605 576 637 588 651 600 665 612 8
D 675 21 2 39 47 41 8
D 676 21 2 39 40 41 29
D 674 23 2 675 42 676 8
D 677 23 2 675 67 676 29
D 673 27 2 674 662 677 8
D 681 99 6 516 547 496 561 458 573 412 584 380 596 519 8
D 683 85 2 149 304 144 146
D 682 83 3 139 683 357 329 358 29
D 680 89 6 353 608 378 681 324 640 299 654 270 668 682 8
D 679 79 11 509 544 475 558 439 570 104 581 242 593 276 606 305 638 330 652 359 666 389 680 533 8
D 678 59 11 70 543 429 557 469 569 503 580 538 592 552 605 565 637 576 651 588 665 600 679 612 8
D 686 25 2 45 44 43 8
D 685 23 2 38 686 46 8
D 688 25 2 45 68 43 29
D 687 23 2 38 688 46 29
D 684 27 2 685 662 687 8
D 692 99 6 516 561 496 573 458 584 412 596 380 609 519 8
D 693 83 3 357 329 139 304 358 29
D 691 89 5 353 640 378 692 324 654 299 668 693 8
D 690 79 11 509 558 475 570 439 581 104 593 242 606 276 638 305 652 330 666 359 680 389 691 533 8
D 689 59 11 70 557 429 569 469 580 503 592 538 605 552 637 565 651 576 665 588 679 600 690 612 8
D 696 25 2 43 68 45 8
D 695 23 2 38 696 46 8
D 698 25 2 43 44 45 29
D 697 23 2 38 698 46 29
D 694 27 2 695 662 697 8
D 702 99 6 516 573 496 584 458 596 412 609 380 641 519 8
D 704 81 2 142 141 140 29
D 703 83 2 704 329 358 29
D 701 89 4 353 654 378 702 324 668 703 8
D 700 79 11 509 570 475 581 439 593 104 606 242 638 276 652 305 666 330 680 359 691 389 701 533 8
D 699 59 11 70 569 429 580 469 592 503 605 538 637 552 651 565 665 576 679 588 690 600 700 612 8
D 708 33 2 57 63 55 8
D 709 33 2 57 56 55 29
D 707 35 2 708 58 709 8
D 706 31 2 49 707 64 8
D 705 27 2 37 706 66 8
D 713 99 6 516 584 496 596 458 609 412 641 380 655 519 8
D 714 83 2 141 329 151 29
D 712 89 3 353 668 378 713 714 8
D 711 79 11 509 581 475 593 439 606 104 638 242 652 276 666 305 680 330 691 359 701 389 712 533 8
D 710 59 11 70 580 429 592 469 605 503 637 538 651 552 665 565 679 576 690 588 700 600 711 612 8
L 719 38 19
D 718 37 2 59 719 61 8
D 717 35 2 633 718 634 8
D 716 31 2 49 717 64 8
D 715 27 2 37 716 66 8
D 723 99 6 516 596 496 609 458 641 412 655 380 669 519 8
D 724 83 2 139 329 150 29
D 722 89 2 378 723 724 8
D 721 79 11 509 593 475 606 439 638 104 652 242 666 276 680 305 691 330 701 359 712 389 722 533 8
D 720 59 11 70 592 429 605 469 637 503 651 538 665 552 679 565 690 576 700 588 711 600 721 612 8
D 728 37 2 61 60 59 8
D 727 35 2 633 728 634 8
D 726 31 2 49 727 64 8
D 725 27 2 37 726 66 8
D 735 97 2 161 162 163 29
D 734 95 2 164 236 159 735
D 733 93 3 154 734 462 235 463 29
D 732 99 5 516 609 496 641 458 655 412 669 733 8
D 731 89 2 378 732 724 8
D 730 79 11 509 606 475 638 439 652 104 666 242 680 276 691 305 701 330 712 359 722 389 731 533 8
D 729 59 11 70 605 429 637 469 651 503 665 538 679 552 690 565 700 576 711 588 721 600 730 612 8
D 738 25 2 45 44 43 68
D 739 21 2 41 40 39 47
D 740 21 2 41 47 39 8
D 737 23 3 38 738 739 42 740 8
D 743 37 2 59 719 61 29
D 742 35 2 633 743 634 29
D 741 31 2 49 742 64 29
D 745 29 2 52 51 50 65
D 747 33 2 55 56 57 63
D 748 37 2 59 60 61 719
D 749 33 2 55 63 57 8
D 746 35 3 747 743 633 748 749 29
D 750 29 2 52 65 50 8
D 744 31 3 745 742 49 746 750 29
D 752 25 2 45 68 43 8
D 751 23 3 38 752 739 67 740 29
D 736 27 3 737 741 37 744 751 29
D 35 39 11 36 69 629 636 646 650 658 664 673 678 684 689 694 699 705 710 715 720 725 729 736 8
D 755 3 2 5 34 7 8
D 754 1 2 3 755 9 8
D 758 11 2 17 28 19 8
D 759 11 2 17 18 19 29
D 757 13 2 758 20 759 8
D 756 9 2 11 757 30 8
D 761 3 2 5 6 7 29
D 760 1 2 3 761 9 29
D 753 5 2 754 756 760 8
D 767 93 3 154 734 459 235 166 29
D 766 99 4 516 641 496 655 458 669 767 8
D 765 89 2 378 766 724 8
D 764 79 11 509 638 475 652 439 666 104 680 242 691 276 701 305 712 330 722 359 731 389 765 533 8
D 763 59 11 70 637 429 651 469 665 503 679 538 690 552 700 565 711 576 721 588 730 600 764 612 8
D 762 39 11 36 636 629 650 646 664 658 678 673 689 684 699 694 710 705 720 715 729 725 763 736 8
D 769 1 2 9 4 3 8
D 770 1 2 9 33 3 29
D 768 5 2 769 756 770 8
D 776 93 2 154 734 165 29
D 775 99 3 516 655 496 669 776 8
D 774 89 2 378 775 724 8
D 773 79 11 509 652 475 666 439 680 104 691 242 701 276 712 305 722 330 731 359 765 389 774 533 8
D 772 59 11 70 651 429 665 469 679 503 690 538 700 552 711 565 721 576 730 588 764 600 773 612 8
D 771 39 11 36 650 629 664 646 678 658 689 673 699 684 710 694 720 705 729 715 763 725 772 736 8
D 779 3 2 7 6 5 8
D 778 1 2 3 779 9 8
D 781 3 2 7 34 5 29
D 780 1 2 3 781 9 29
D 777 5 2 778 756 780 8
D 788 95 2 159 735 164 29
D 787 93 2 154 788 165 29
D 786 99 2 516 669 787 8
D 785 89 2 378 786 724 8
D 784 79 11 509 666 475 680 439 691 104 701 242 712 276 722 305 731 330 765 359 774 389 785 533 8
D 783 59 11 70 665 429 679 469 690 503 700 538 711 552 721 565 730 576 764 588 773 600 784 612 8
D 782 39 11 36 664 629 678 646 689 658 699 673 710 684 720 694 729 705 763 715 772 725 783 736 8
D 792 11 2 19 28 17 8
D 793 11 2 19 18 17 29
D 791 13 2 792 20 793 8
D 790 9 2 11 791 30 8
D 789 5 2 2 790 32 8
D 800 77 2 127 128 129 29
D 799 75 3 247 800 467 419 468 29
D 798 71 3 117 799 421 422 423 29
D 797 67 3 105 798 534 426 537 29
D 796 79 10 509 680 475 691 439 701 104 712 242 722 276 731 305 765 330 774 359 785 797 8
D 795 59 11 70 679 429 690 469 700 503 711 538 721 552 730 565 764 576 773 588 784 600 796 612 8
D 794 39 11 36 678 629 689 646 699 658 710 673 720 684 729 694 763 705 772 715 783 725 795 736 8
D 803 7 2 14 13 12 8
D 804 7 2 14 31 12 29
D 802 9 2 803 757 804 8
D 801 5 2 2 802 32 8
D 811 73 2 123 131 125 124
D 810 75 2 467 419 811 29
D 809 71 3 117 810 421 422 423 29
D 808 67 3 105 809 534 426 537 29
D 807 79 9 509 691 475 701 439 712 104 722 242 731 276 765 305 774 330 785 808 8
D 806 59 11 70 690 429 700 469 711 503 721 538 730 552 764 565 773 576 784 588 796 600 807 612 8
D 805 39 11 36 689 629 699 646 710 658 720 673 729 684 763 694 772 705 783 715 795 725 806 736 8
D 814 7 2 12 31 14 8
D 815 7 2 12 13 14 29
D 813 9 2 814 757 815 8
D 812 5 2 2 813 32 8
D 820 71 3 117 810 307 422 133 29
D 819 67 3 105 820 534 426 537 29
D 818 79 8 509 701 475 712 439 722 104 731 242 765 276 774 305 785 819 8
D 817 59 11 70 700 429 711 469 721 503 730 538 764 552 773 565 784 576 796 588 807 600 818 612 8
D 816 39 11 36 699 629 710 646 720 658 729 673 763 684 772 694 783 705 795 715 806 725 817 736 8
D 824 15 2 26 22 21 8
D 823 13 2 758 824 759 8
D 822 9 2 11 823 30 8
D 821 5 2 2 822 32 8
D 829 71 2 117 810 132 29
D 828 67 3 105 829 534 426 537 29
D 827 79 7 509 712 475 722 439 731 104 765 242 774 276 785 828 8
D 826 59 11 70 711 429 721 469 730 503 764 538 773 552 784 565 796 576 807 588 818 600 827 612 8
D 825 39 11 36 710 629 720 646 729 658 763 673 772 684 783 694 795 705 806 715 817 725 826 736 8
D 834 17 2 25 24 23 8
D 833 15 2 21 834 26 8
D 832 13 2 758 833 759 8
D 831 9 2 11 832 30 8
D 830 5 2 2 831 32 8
D 839 63 3 106 244 535 110 536 8
D 840 63 3 535 135 106 136 536 29
D 838 67 3 105 829 839 426 840 29
D 837 79 6 509 722 475 731 439 765 104 774 242 785 838 8
D 836 59 11 70 721 429 730 469 764 503 773 538 784 552 796 565 807 576 818 588 827 600 837 612 8
D 835 39 11 36 720 629 729 646 763 658 772 673 783 684 795 694 806 705 817 715 826 725 836 736 8
L 846 18 10
D 845 17 2 23 846 25 8
D 844 15 2 21 845 26 8
D 843 13 2 758 844 759 8
D 842 9 2 11 843 30 8
D 841 5 2 2 842 32 8
D 852 61 2 107 108 109 115
D 851 63 2 535 110 852 8
D 854 61 2 109 108 107 29
D 853 63 2 854 135 536 29
D 850 67 3 105 829 851 426 853 29
D 849 79 5 509 731 475 765 439 774 104 785 850 8
D 848 59 11 70 730 429 764 469 773 503 784 538 796 552 807 565 818 576 827 588 837 600 849 612 8
D 847 39 11 36 729 629 763 646 772 658 783 673 795 684 806 694 817 705 826 715 836 725 848 736 8
D 859 17 2 23 24 25 846
D 860 17 2 23 846 25 29
D 858 15 2 21 859 26 860
D 861 11 2 19 28 17 18
D 862 15 2 21 860 26 29
D 863 11 2 19 18 17 8
D 857 13 3 758 858 861 862 863 29
D 864 7 2 14 13 12 31
D 865 13 2 758 862 759 29
D 866 7 2 14 31 12 8
D 856 9 3 11 857 864 865 866 29
D 868 3 2 7 6 5 34
D 867 1 2 3 868 9 4
D 869 9 2 11 865 30 29
D 871 3 2 7 34 5 8
D 870 1 2 3 871 9 33
D 855 5 3 2 856 867 869 870 29
D 0 19 11 1 35 753 762 768 771 777 782 789 794 801 805 812 816 821 825 830 835 841 847 855 8
