c ids of sdd nodes start at 0
c sdd nodes appear bottom-up, children before parents
c
c file syntax:
c sdd count-of-sdd-nodes
c F id-of-false-sdd-node
c T id-of-true-sdd-node
c L id-of-literal-sdd-node id-of-vtree literal
c D id-of-decomposition-sdd-node id-of-vtree number-of-elements {id-of-prime id-of-sub}*
c
sdd 869
L 3 0 -3
L 5 2 -4
L 6 4 -2
L 7 2 4
F 8
D 4 3 2 5 6 7 8
L 9 0 3
D 2 1 2 3 4 9 8
L 12 6 -6
L 13 8 -7
L 14 6 6
D 11 7 2 12 13 14 8
L 17 10 -5
L 18 12 1
L 19 10 5
D 16 11 2 17 18 19 8
L 21 14 -8
L 23 16 -9
L 24 18 -10
L 25 16 9
D 22 17 2 23 24 25 8
L 26 14 8
D 20 15 2 21 22 26 8
L 28 12 -1
T 29
D 27 11 2 17 28 19 29
D 15 13 2 16 20 27 8
L 31 8 7
D 30 7 2 12 31 14 29
D 10 9 2 11 15 30 8
L 34 4 2
D 33 3 2 5 34 7 29
D 32 1 2 3 33 9 29
D 1 5 2 2 10 32 8
L 39 20 -14
L 40 22 -15
L 41 20 14
D 38 21 2 39 40 41 8
L 43 24 -16
L 44 26 -17
L 45 24 16
D 42 25 2 43 44 45 8
L 47 22 15
D 46 21 2 39 47 41 29
D 37 23 2 38 42 46 8
L 50 28 -13
L 51 30 -12
L 52 28 13
D 49 29 2 50 51 52 8
L 55 32 11
L 56 34 -18
L 57 32 -11
D 54 33 2 55 56 57 8
L 59 36 -20
L 60 38 -19
L 61 36 20
D 58 37 2 59 60 61 8
L 63 34 18
D 62 33 2 55 63 57 29
D 53 35 2 54 58 62 8
L 65 30 12
D 64 29 2 50 65 52 29
D 48 31 2 49 53 64 8
L 68 26 17
D 67 25 2 43 68 45 29
D 66 23 2 38 67 46 29
D 36 27 2 37 48 66 8
L 73 40 -34
L 74 42 -35
L 75 40 34
D 72 41 2 73 74 75 8
L 77 44 -32
L 78 46 -33
L 79 44 32
D 76 45 2 77 78 79 8
L 81 42 35
D 80 41 2 73 81 75 29
D 71 43 2 72 76 80 8
L 84 48 -37
L 85 50 -38
L 86 48 37
D 83 49 2 84 85 86 8
L 89 52 31
L 90 54 -36
L 91 52 -31
D 88 53 2 89 90 91 8
L 93 56 -39
L 94 58 -40
L 95 56 39
D 92 57 2 93 94 95 8
L 97 54 36
D 96 53 2 89 97 91 29
D 87 55 2 88 92 96 8
L 99 50 38
D 98 49 2 84 99 86 29
D 82 51 2 83 87 98 8
L 102 46 33
D 101 45 2 77 102 79 29
D 100 43 2 72 101 80 29
D 70 47 2 71 82 100 8
L 107 60 -22
L 108 62 -21
L 109 60 22
D 106 61 2 107 108 109 8
L 111 64 -25
L 112 66 26
L 113 64 25
D 110 65 2 111 112 113 8
L 115 62 21
D 114 61 2 107 115 109 29
D 105 63 2 106 110 114 8
L 118 68 -27
L 119 70 -28
L 120 68 27
D 117 69 2 118 119 120 8
L 123 72 -23
L 124 74 -24
L 125 72 23
D 122 73 2 123 124 125 8
L 127 76 -30
L 128 78 -29
L 129 76 30
D 126 77 2 127 128 129 8
L 131 74 24
D 130 73 2 123 131 125 29
D 121 75 2 122 126 130 8
L 133 70 28
D 132 69 2 118 133 120 29
D 116 71 2 117 121 132 8
L 136 66 -26
D 135 65 2 111 136 113 29
D 134 63 2 106 135 114 29
D 104 67 2 105 116 134 8
L 140 80 -46
L 141 82 -47
L 142 80 46
D 139 81 2 140 141 142 8
L 144 84 -48
L 146 86 50
L 147 88 -49
L 148 86 -50
D 145 87 2 146 147 148 8
L 149 84 48
D 143 85 2 144 145 149 8
L 151 82 47
D 150 81 2 140 151 142 29
D 138 83 2 139 143 150 8
L 155 90 -43
L 156 92 -44
L 157 90 43
D 154 91 2 155 156 157 8
L 159 94 -42
L 161 96 -45
L 162 98 -41
L 163 96 45
D 160 97 2 161 162 163 8
L 164 94 42
D 158 95 2 159 160 164 8
L 166 92 44
D 165 91 2 155 166 157 29
D 153 93 2 154 158 165 8
L 169 100 -57
L 171 102 -58
L 173 104 60
L 174 106 -59
L 175 104 -60
D 172 105 2 173 174 175 8
L 176 102 58
D 170 103 2 171 172 176 8
L 177 100 57
D 168 101 2 169 170 177 8
L 180 108 -53
L 182 110 -56
L 183 112 -55
L 184 110 56
D 181 111 2 182 183 184 8
L 185 108 53
D 179 109 2 180 181 185 8
L 188 114 -51
L 190 116 -54
L 191 118 -52
L 192 116 54
D 189 117 2 190 191 192 8
L 193 114 51
D 187 115 2 188 189 193 8
L 196 120 -61
L 197 122 -62
L 198 120 61
D 195 121 2 196 197 198 8
L 201 124 -63
L 202 126 -64
L 203 124 63
D 200 125 2 201 202 203 8
L 205 128 -65
L 207 130 -66
L 209 132 -67
L 211 134 -68
L 213 136 -69
L 214 138 70
L 215 136 69
D 212 137 2 213 214 215 8
L 216 134 68
D 210 135 2 211 212 216 8
L 217 132 67
D 208 133 2 209 210 217 8
L 218 130 66
D 206 131 2 207 208 218 8
L 219 128 65
D 204 129 2 205 206 219 8
L 221 126 64
D 220 125 2 201 221 203 29
D 199 127 2 200 204 220 8
L 223 122 62
D 222 121 2 196 223 198 29
D 194 123 2 195 199 222 8
L 226 118 52
D 225 117 2 190 226 192 29
D 224 115 2 188 225 193 29
D 186 119 2 187 194 224 8
L 229 112 55
D 228 111 2 182 229 184 29
D 227 109 2 180 228 185 29
D 178 113 2 179 186 227 8
L 233 106 59
D 232 105 2 173 233 175 29
D 231 103 2 171 232 176 29
D 230 101 2 169 231 177 29
D 167 107 2 168 178 230 8
L 237 98 41
D 236 97 2 161 237 163 29
D 235 95 2 159 236 164 29
D 234 93 2 154 235 165 29
D 152 99 2 153 167 234 8
L 241 88 49
D 240 87 2 146 241 148 29
D 239 85 2 144 240 149 29
D 238 83 2 139 239 150 29
D 137 89 2 138 152 238 8
D 244 65 2 111 136 113 8
D 243 63 2 106 244 114 8
D 246 69 2 120 119 118 8
D 247 69 2 120 133 118 29
D 245 71 2 246 121 247 8
D 249 65 2 111 112 113 29
D 248 63 2 106 249 114 29
D 242 67 2 243 245 248 8
D 255 105 2 175 233 173 8
D 254 103 2 171 255 176 8
D 253 101 2 169 254 177 8
L 265 138 -70
D 264 137 2 215 265 213 8
D 263 135 2 211 264 216 8
D 262 133 2 209 263 217 8
D 261 131 2 207 262 218 8
D 260 129 2 205 261 219 8
D 259 127 2 200 260 220 8
D 258 123 2 195 259 222 8
D 257 119 2 187 258 224 8
D 256 113 2 179 257 227 8
D 268 105 2 175 174 173 233
D 267 103 2 171 268 176 29
D 266 101 2 169 267 177 29
D 252 107 3 253 178 168 256 266 8
D 251 99 2 153 252 234 8
D 271 87 2 148 241 146 8
D 270 85 2 144 271 149 8
D 269 83 2 139 270 150 8
D 274 87 2 148 147 146 241
D 273 85 2 144 274 149 29
D 272 83 2 139 273 150 29
D 250 89 3 138 251 269 152 272 8
D 277 69 2 118 133 120 8
D 278 69 2 118 119 120 29
D 276 71 2 277 121 278 8
D 275 67 2 243 276 248 8
D 290 137 2 213 265 215 8
D 289 135 2 216 290 211 8
D 288 133 2 209 289 217 8
D 287 131 2 207 288 218 8
D 286 129 2 205 287 219 8
D 285 127 2 200 286 220 8
D 284 123 2 195 285 222 8
D 283 119 2 187 284 224 8
D 282 113 2 179 283 227 8
D 293 105 2 175 174 173 8
D 292 103 2 176 293 171 8
D 291 101 2 169 292 177 8
D 296 105 2 175 233 173 29
D 295 103 2 171 268 176 296
D 294 101 2 169 295 177 29
D 281 107 4 168 282 291 178 253 256 294 8
D 280 99 2 153 281 234 8
D 299 87 2 148 147 146 8
D 298 85 2 149 299 144 8
D 297 83 2 139 298 150 8
D 302 87 2 148 241 146 29
D 301 85 2 144 274 149 302
D 300 83 2 139 301 150 29
D 279 89 4 138 280 269 251 297 152 300 8
L 307 78 29
D 306 77 2 127 307 129 8
D 305 75 2 122 306 130 8
D 304 71 2 117 305 132 8
D 303 67 2 243 304 248 8
D 318 135 2 211 290 216 8
D 317 133 2 217 318 209 8
D 316 131 2 207 317 218 8
D 315 129 2 205 316 219 8
D 314 127 2 200 315 220 8
D 313 123 2 195 314 222 8
D 312 119 2 187 313 224 8
D 311 113 2 179 312 227 8
D 320 103 2 171 293 176 8
D 319 101 2 177 320 169 8
D 322 103 2 171 296 176 29
D 321 101 2 169 295 177 322
D 310 107 5 168 311 253 282 319 178 291 256 321 8
D 309 99 2 153 310 234 8
D 324 81 2 140 151 142 8
D 325 85 2 144 299 149 8
D 326 81 2 140 141 142 29
D 323 83 2 324 325 326 8
D 328 85 2 144 302 149 29
D 327 83 3 139 301 324 328 142 29
D 308 89 5 138 309 269 280 297 251 323 152 327 8
D 332 77 2 129 128 127 8
D 331 75 2 122 332 130 8
D 330 71 2 117 331 132 8
D 329 67 2 243 330 248 8
D 342 133 2 209 318 217 8
D 341 131 2 218 342 207 8
D 340 129 2 205 341 219 8
D 339 127 2 200 340 220 8
D 338 123 2 195 339 222 8
D 337 119 2 187 338 224 8
D 336 113 2 179 337 227 8
D 343 101 2 169 320 177 8
D 346 111 2 184 183 182 8
D 345 109 2 180 346 185 8
D 348 111 2 184 229 182 29
D 347 109 2 180 348 185 29
D 344 113 2 345 186 347 8
D 351 105 2 173 233 175 8
D 350 103 2 171 351 176 296
D 349 101 2 169 350 177 322
D 335 107 6 168 336 343 344 253 311 291 282 319 256 349 8
D 334 99 2 153 335 234 8
D 353 81 2 142 141 140 8
D 354 81 2 142 151 140 29
D 352 83 2 353 325 354 8
D 356 81 2 142 141 140 151
D 357 81 2 142 151 140 8
D 355 83 3 139 301 356 328 357 29
D 333 89 6 138 334 269 309 297 280 323 251 352 152 355 8
D 361 77 2 127 128 129 307
D 360 75 2 122 361 130 29
D 362 69 2 120 119 118 133
D 364 77 2 127 307 129 29
D 363 75 2 122 364 130 29
D 365 69 2 120 133 118 8
D 359 71 3 117 360 362 363 365 29
D 366 71 2 117 363 132 29
D 367 63 2 106 113 114 29
D 358 67 3 243 359 105 366 367 29
D 103 79 6 104 137 242 250 275 279 303 308 329 333 358 8
D 370 45 2 79 78 77 8
D 369 43 2 72 370 80 8
D 373 53 2 91 90 89 8
D 374 53 2 91 97 89 29
D 372 55 2 373 92 374 8
D 371 51 2 83 372 98 8
D 376 45 2 79 102 77 29
D 375 43 2 72 376 80 29
D 368 47 2 369 371 375 8
D 380 65 2 113 136 111 8
D 379 63 2 106 380 114 8
D 382 65 2 113 112 111 29
D 381 63 2 106 382 114 29
D 378 67 2 379 116 381 8
D 391 131 2 207 342 218 8
D 390 129 2 219 391 205 8
D 389 127 2 200 390 220 8
D 388 123 2 195 389 222 8
D 387 119 2 187 388 224 8
D 386 113 2 179 387 227 8
D 394 111 2 182 229 184 8
D 393 109 2 180 394 185 8
D 396 111 2 182 183 184 229
D 395 109 2 180 396 185 29
D 392 113 3 345 257 393 186 395 8
D 385 107 6 168 386 343 392 253 336 291 311 319 282 349 8
D 384 99 2 153 385 234 8
D 397 83 2 139 325 150 8
D 401 97 2 163 162 161 8
D 400 95 2 159 401 164 8
D 399 93 2 154 400 165 8
D 404 97 2 163 237 161 29
D 403 95 2 159 404 164 29
D 402 93 2 154 403 165 29
D 398 99 2 399 167 402 8
D 407 87 2 146 241 148 8
D 406 85 2 144 407 149 302
D 405 83 3 139 406 356 328 357 29
D 383 89 7 138 384 397 398 269 334 297 309 323 280 352 251 405 8
D 410 65 2 113 136 111 112
D 409 63 2 106 410 114 8
D 412 65 2 113 112 111 8
D 411 63 2 106 412 114 29
D 408 67 3 243 359 409 366 411 29
D 377 79 7 378 137 104 250 242 279 275 308 303 333 329 383 408 8
D 415 45 2 77 102 79 8
D 414 43 2 72 415 80 8
D 417 45 2 77 78 79 29
D 416 43 2 72 417 80 29
D 413 47 2 414 371 416 8
D 422 73 2 123 131 125 8
D 423 73 2 123 124 125 29
D 421 75 2 422 126 423 8
D 420 71 2 117 421 132 8
D 419 67 2 243 420 248 8
D 431 125 2 201 221 203 8
D 432 129 2 205 391 219 8
D 433 125 2 201 202 203 29
D 430 127 2 431 432 433 8
D 429 123 2 195 430 222 8
D 428 119 2 187 429 224 8
D 427 113 2 179 428 227 8
D 437 117 2 192 191 190 8
D 436 115 2 188 437 193 8
D 439 117 2 192 226 190 29
D 438 115 2 188 439 193 29
D 435 119 2 436 194 438 8
D 441 111 2 184 229 182 8
D 440 109 2 180 441 185 29
D 434 113 4 393 257 179 435 345 283 440 8
D 426 107 6 168 427 343 434 253 386 291 336 319 311 349 8
D 425 99 2 153 426 234 8
D 444 91 2 155 166 157 8
D 445 91 2 155 156 157 29
D 443 93 2 444 158 445 8
D 446 93 3 154 403 444 235 157 29
D 442 99 3 443 167 399 252 446 8
D 424 89 7 138 425 397 442 269 384 297 334 323 309 352 280 405 8
D 449 75 3 422 364 122 361 125 29
D 448 71 3 117 449 362 363 365 29
D 447 67 3 243 448 409 366 411 29
D 418 79 8 419 137 378 250 104 279 242 308 275 333 303 383 329 424 447 8
D 452 41 2 75 74 73 8
D 453 41 2 75 81 73 29
D 451 43 2 452 76 453 8
D 454 43 2 452 101 453 29
D 450 47 2 451 371 454 8
D 459 73 2 125 124 123 8
D 460 73 2 125 131 123 29
D 458 75 2 459 126 460 8
D 457 71 2 117 458 132 8
D 456 67 2 243 457 248 8
D 465 109 2 185 181 180 8
D 466 119 2 436 258 438 8
D 467 109 2 180 441 185 228
D 464 113 5 393 283 465 186 179 466 345 312 467 8
D 472 125 2 203 202 201 8
D 473 125 2 203 221 201 29
D 471 127 2 472 432 473 8
D 470 123 2 195 471 222 8
D 469 119 2 187 470 224 8
D 468 113 2 179 469 227 8
D 463 107 6 343 464 168 468 253 427 291 386 319 336 349 8
D 462 99 2 153 463 234 8
D 476 91 2 157 156 155 8
D 477 91 2 157 166 155 29
D 475 93 2 476 158 477 8
D 479 91 2 157 156 155 166
D 480 91 2 157 166 155 8
D 478 93 3 154 403 479 235 480 29
D 474 99 4 475 167 443 252 399 281 478 8
D 461 89 7 138 462 397 474 269 425 297 384 323 334 352 309 405 8
D 484 73 2 125 124 123 131
D 485 73 2 125 131 123 8
D 483 75 3 484 364 122 361 485 29
D 482 71 3 362 363 117 483 365 29
D 481 67 3 409 366 243 482 411 29
D 455 79 9 456 137 419 250 378 279 104 308 242 333 275 383 303 424 329 461 481 8
D 488 41 2 73 81 75 8
D 489 41 2 73 74 75 29
D 487 43 2 488 76 489 8
D 490 43 2 488 101 489 29
D 486 47 2 487 371 490 8
D 494 61 2 109 108 107 8
D 495 61 2 109 115 107 29
D 493 63 2 494 244 495 8
D 496 63 2 494 249 495 29
D 492 67 2 493 116 496 8
D 503 117 2 190 226 192 8
D 502 115 2 188 503 193 8
D 505 117 2 190 191 192 226
D 504 115 2 188 505 193 29
D 501 119 3 502 194 436 284 504 8
D 500 113 5 179 501 465 257 393 312 345 337 467 8
D 509 121 2 196 223 198 8
D 510 127 2 200 432 220 8
D 511 121 2 196 197 198 29
D 508 123 2 509 510 511 8
D 507 119 2 187 508 224 8
D 506 113 2 179 507 227 8
D 499 107 6 343 500 253 468 291 427 168 506 319 386 349 8
D 498 99 2 153 499 234 8
D 514 95 2 164 160 159 8
D 513 93 2 154 514 165 8
D 516 95 2 159 404 164 236
D 515 93 3 154 516 479 235 480 29
D 512 99 5 513 167 475 252 443 281 399 310 515 8
D 497 89 7 138 498 397 512 269 462 297 425 323 384 352 334 405 8
D 518 63 3 106 410 494 244 115 8
D 519 63 3 106 412 494 249 115 29
D 517 67 3 518 366 243 482 519 29
D 491 79 10 492 137 456 250 419 279 378 308 104 333 242 383 275 424 303 461 329 497 517 8
D 523 53 2 91 97 89 8
D 524 53 2 91 90 89 29
D 522 55 2 523 92 524 8
D 521 51 2 83 522 98 8
D 520 47 2 71 521 100 8
D 528 61 2 107 115 109 8
D 529 61 2 107 108 109 29
D 527 63 2 528 244 529 8
D 530 63 2 528 249 529 29
D 526 67 2 527 116 530 8
D 535 97 2 161 237 163 8
D 534 95 2 159 535 164 8
D 533 93 2 154 534 165 8
D 538 97 2 161 162 163 237
D 537 95 2 159 538 164 236
D 536 93 3 154 537 479 235 480 29
D 532 99 6 533 167 513 252 475 281 443 310 399 335 536 8
D 543 115 2 193 189 188 8
D 544 115 2 188 505 193 225
D 542 119 4 543 194 502 258 436 313 544 8
D 541 113 5 179 542 465 283 393 337 345 387 467 8
D 548 121 2 198 197 196 8
D 549 121 2 198 223 196 29
D 547 123 2 548 510 549 8
D 546 119 2 187 547 224 8
D 545 113 2 179 546 227 8
D 540 107 6 343 541 291 468 319 427 253 506 168 545 349 8
D 539 99 2 153 540 234 8
D 531 89 7 397 532 138 539 269 498 297 462 323 425 352 384 405 8
D 552 61 2 109 108 107 115
D 553 61 2 109 115 107 8
D 551 63 3 106 410 552 244 553 8
D 554 63 3 106 412 552 249 553 29
D 550 67 3 551 366 243 482 554 29
D 525 79 11 526 137 492 250 456 279 419 308 378 333 104 383 242 424 275 461 303 497 329 531 550 8
D 557 49 2 86 85 84 8
D 558 49 2 86 99 84 29
D 556 51 2 557 372 558 8
D 555 47 2 71 556 100 8
D 561 99 6 533 252 513 281 475 310 443 335 399 385 536 8
D 565 119 4 543 258 502 284 436 338 544 8
D 564 113 5 179 565 465 312 393 387 345 428 467 8
D 567 103 2 176 296 171 173
D 566 101 2 169 567 177 322
D 563 107 5 319 468 343 564 291 506 253 545 566 8
D 562 99 2 153 563 234 8
D 560 89 7 397 561 269 539 138 562 297 498 323 462 352 425 405 8
D 559 79 11 526 250 492 279 456 308 419 333 378 383 104 424 242 461 275 497 303 531 329 560 550 8
D 570 49 2 84 99 86 8
D 571 49 2 84 85 86 29
D 569 51 2 570 372 571 8
D 568 47 2 71 569 100 8
D 574 99 6 533 281 513 310 475 335 443 385 399 426 536 8
D 578 119 4 543 284 502 313 436 388 544 8
D 577 113 5 179 578 465 337 393 428 345 469 467 8
D 579 101 2 177 322 169 296
D 576 107 4 319 506 343 577 291 545 579 8
D 575 99 2 153 576 234 8
D 573 89 7 397 574 297 539 269 562 138 575 323 498 352 462 405 8
D 572 79 11 526 279 492 308 456 333 419 383 378 424 104 461 242 497 275 531 303 560 329 573 550 8
D 583 57 2 95 94 93 8
D 582 55 2 373 583 374 8
D 581 51 2 83 582 98 8
D 580 47 2 71 581 100 8
D 586 99 6 533 310 513 335 475 385 443 426 399 463 536 8
D 590 119 4 543 313 502 338 436 429 544 8
D 589 113 5 179 590 465 387 393 469 345 507 467 8
D 588 107 3 319 545 343 589 322 8
D 587 99 2 153 588 234 8
D 585 89 7 397 586 323 539 297 562 269 575 138 587 352 498 405 8
D 584 79 11 526 308 492 333 456 383 419 424 378 461 104 497 242 531 275 560 303 573 329 585 550 8
L 595 58 40
D 594 57 2 93 595 95 8
D 593 55 2 373 594 374 8
D 592 51 2 83 593 98 8
D 591 47 2 71 592 100 8
D 598 99 6 533 335 513 385 475 426 443 463 399 499 536 8
D 602 119 4 543 338 502 388 436 470 544 8
D 601 113 5 179 602 465 428 393 507 345 546 467 8
D 603 101 2 169 322 177 29
D 600 107 2 343 601 603 8
D 599 99 2 153 600 234 8
D 597 89 7 352 539 397 598 323 562 297 575 269 587 138 599 405 8
D 596 79 11 526 333 492 383 456 424 419 461 378 497 104 531 242 560 275 573 303 585 329 597 550 8
D 606 45 2 79 78 77 102
D 607 41 2 75 74 73 81
D 608 41 2 75 81 73 8
D 605 43 3 72 606 607 76 608 8
D 611 57 2 93 595 95 29
D 610 55 2 373 611 374 29
D 609 51 2 83 610 98 29
D 613 49 2 86 85 84 99
D 615 53 2 89 90 91 97
D 616 57 2 93 94 95 595
D 617 53 2 89 97 91 8
D 614 55 3 615 611 373 616 617 29
D 618 49 2 86 99 84 8
D 612 51 3 613 610 83 614 618 29
D 620 45 2 79 102 77 8
D 619 43 3 72 620 607 101 608 29
D 604 47 3 605 609 71 612 619 29
D 69 59 11 70 103 368 377 413 418 450 455 486 491 520 525 555 559 568 572 580 584 591 596 604 8
D 623 29 2 50 65 52 8
D 625 33 2 57 56 55 8
D 626 33 2 57 63 55 29
D 624 35 2 625 58 626 8
D 627 29 2 50 51 52 29
D 622 31 2 623 624 627 8
D 621 27 2 37 622 66 8
D 631 99 6 533 385 513 426 475 463 443 499 399 540 536 8
D 635 119 4 543 388 502 429 436 508 544 8
D 636 109 2 185 228 180 184
D 634 113 4 179 635 465 469 393 546 636 8
D 633 107 2 343 634 603 8
D 632 99 2 153 633 234 8
D 630 89 7 352 562 397 631 323 575 297 587 269 599 138 632 405 8
D 629 79 11 526 383 492 424 456 461 419 497 378 531 104 560 242 573 275 585 303 597 329 630 550 8
D 628 59 11 70 377 368 418 413 455 450 491 486 525 520 559 555 572 568 584 580 596 591 629 604 8
D 639 29 2 52 51 50 8
D 640 29 2 52 65 50 29
D 638 31 2 639 624 640 8
D 637 27 2 37 638 66 8
D 644 99 6 533 426 513 463 475 499 443 540 399 563 536 8
D 648 119 4 543 429 502 470 436 547 544 8
D 647 113 3 179 648 465 507 228 8
D 646 107 2 343 647 603 8
D 645 99 2 153 646 234 8
D 643 89 7 352 575 397 644 323 587 297 599 269 632 138 645 405 8
D 642 79 11 526 424 492 461 456 497 419 531 378 560 104 573 242 585 275 597 303 630 329 643 550 8
D 641 59 11 70 418 368 455 413 491 450 525 486 559 520 572 555 584 568 596 580 629 591 642 604 8
D 651 21 2 41 40 39 8
D 652 21 2 41 47 39 29
D 650 23 2 651 42 652 8
D 653 31 2 49 624 64 8
D 654 23 2 651 67 652 29
D 649 27 2 650 653 654 8
D 658 99 6 533 463 513 499 475 540 443 563 399 576 536 8
D 664 117 2 190 191 192 29
D 663 115 2 188 664 193 225
D 662 119 3 543 470 502 508 663 8
D 661 113 3 179 662 465 546 228 8
D 660 107 2 343 661 603 8
D 659 99 2 153 660 234 8
D 657 89 7 352 587 397 658 323 599 297 632 269 645 138 659 405 8
D 656 79 11 526 461 492 497 456 531 419 560 378 573 104 585 242 597 275 630 303 643 329 657 550 8
D 655 59 11 70 455 368 491 413 525 450 559 486 572 520 584 555 596 568 629 580 642 591 656 604 8
D 667 21 2 39 47 41 8
D 668 21 2 39 40 41 29
D 666 23 2 667 42 668 8
D 669 23 2 667 67 668 29
D 665 27 2 666 653 669 8
D 673 99 6 533 499 513 540 475 563 443 576 399 588 536 8
D 677 119 3 543 508 502 547 663 8
D 676 113 2 179 677 227 8
D 675 107 2 343 676 603 8
D 674 99 2 153 675 234 8
D 672 89 7 352 599 397 673 323 632 297 645 269 659 138 674 405 8
D 671 79 11 526 497 492 531 456 560 419 573 378 585 104 597 242 630 275 643 303 657 329 672 550 8
D 670 59 11 70 491 368 525 413 559 450 572 486 584 520 596 555 629 568 642 580 656 591 671 604 8
D 680 25 2 45 44 43 8
D 679 23 2 38 680 46 8
D 682 25 2 45 68 43 29
D 681 23 2 38 682 46 29
D 678 27 2 679 653 681 8
D 686 99 6 533 540 513 563 475 576 443 588 399 600 536 8
D 691 115 2 193 225 188 29
D 690 119 2 543 547 691 8
D 689 113 2 179 690 227 8
D 688 107 2 343 689 603 8
D 687 99 2 153 688 234 8
D 685 89 7 352 632 397 686 323 645 297 659 269 674 138 687 405 8
D 684 79 11 526 531 492 560 456 573 419 585 378 597 104 630 242 643 275 657 303 672 329 685 550 8
D 683 59 11 70 525 368 559 413 572 450 584 486 596 520 629 555 642 568 656 580 671 591 684 604 8
D 694 25 2 43 68 45 8
D 693 23 2 38 694 46 8
D 696 25 2 43 44 45 29
D 695 23 2 38 696 46 29
D 692 27 2 693 653 695 8
D 700 99 6 533 563 513 576 475 588 443 600 399 633 536 8
D 702 85 2 149 302 144 146
D 701 83 3 139 702 356 328 357 29
D 699 89 6 352 645 397 700 323 659 297 674 269 687 701 8
D 698 79 11 526 560 492 573 456 585 419 597 378 630 104 643 242 657 275 672 303 685 329 699 550 8
D 697 59 11 70 559 368 572 413 584 450 596 486 629 520 642 555 656 568 671 580 684 591 698 604 8
D 706 33 2 57 63 55 8
D 707 33 2 57 56 55 29
D 705 35 2 706 58 707 8
D 704 31 2 49 705 64 8
D 703 27 2 37 704 66 8
D 711 99 6 533 576 513 588 475 600 443 633 399 646 536 8
D 712 83 3 356 328 139 302 357 29
D 710 89 5 352 659 397 711 323 674 297 687 712 8
D 709 79 11 526 573 492 585 456 597 419 630 378 643 104 657 242 672 275 685 303 699 329 710 550 8
D 708 59 11 70 572 368 584 413 596 450 629 486 642 520 656 555 671 568 684 580 698 591 709 604 8
L 717 38 19
D 716 37 2 59 717 61 8
D 715 35 2 625 716 626 8
D 714 31 2 49 715 64 8
D 713 27 2 37 714 66 8
D 721 99 6 533 588 513 600 475 633 443 646 399 660 536 8
D 723 81 2 142 141 140 29
D 722 83 2 723 328 357 29
D 720 89 4 352 674 397 721 323 687 722 8
D 719 79 11 526 585 492 597 456 630 419 643 378 657 104 672 242 685 275 699 303 710 329 720 550 8
D 718 59 11 70 584 368 596 413 629 450 642 486 656 520 671 555 684 568 698 580 709 591 719 604 8
D 727 37 2 61 60 59 8
D 726 35 2 625 727 626 8
D 725 31 2 49 726 64 8
D 724 27 2 37 725 66 8
D 731 99 6 533 600 513 633 475 646 443 660 399 675 536 8
D 732 83 2 141 328 151 29
D 730 89 3 352 687 397 731 732 8
D 729 79 11 526 597 492 630 456 643 419 657 378 672 104 685 242 699 275 710 303 720 329 730 550 8
D 728 59 11 70 596 368 629 413 642 450 656 486 671 520 684 555 698 568 709 580 719 591 729 604 8
D 735 25 2 45 44 43 68
D 736 21 2 41 40 39 47
D 737 21 2 41 47 39 8
D 734 23 3 38 735 736 42 737 8
D 740 37 2 59 717 61 29
D 739 35 2 625 740 626 29
D 738 31 2 49 739 64 29
D 742 29 2 52 51 50 65
D 744 33 2 55 56 57 63
D 745 37 2 59 60 61 717
D 746 33 2 55 63 57 8
D 743 35 3 744 740 625 745 746 29
D 747 29 2 52 65 50 8
D 741 31 3 742 739 49 743 747 29
D 749 25 2 45 68 43 8
D 748 23 3 38 749 736 67 737 29
D 733 27 3 734 738 37 741 748 29
D 35 39 11 36 69 621 628 637 641 649 655 665 670 678 683 692 697 703 708 713 718 724 728 733 8
D 752 3 2 5 34 7 8
D 751 1 2 3 752 9 8
D 755 11 2 17 28 19 8
D 756 11 2 17 18 19 29
D 754 13 2 755 20 756 8
D 753 9 2 11 754 30 8
D 758 3 2 5 6 7 29
D 757 1 2 3 758 9 29
D 750 5 2 751 753 757 8
D 763 99 6 533 633 513 646 475 660 443 675 399 688 536 8
D 764 83 2 139 328 150 29
D 762 89 2 397 763 764 8
D 761 79 11 526 630 492 643 456 657 419 672 378 685 104 699 242 710 275 720 303 730 329 762 550 8
D 760 59 11 70 629 368 642 413 656 450 671 486 684 520 698 555 709 568 719 580 729 591 761 604 8
D 759 39 11 36 628 621 641 637 655 649 670 665 683 678 697 692 708 703 718 713 728 724 760 733 8
D 766 1 2 9 4 3 8
D 767 1 2 9 33 3 29
D 765 5 2 766 753 767 8
D 775 97 2 161 162 163 29
D 774 95 2 164 236 159 775
D 773 93 3 154 774 479 235 480 29
D 772 99 5 533 646 513 660 475 675 443 688 773 8
D 771 89 2 397 772 764 8
D 770 79 11 526 643 492 657 456 672 419 685 378 699 104 710 242 720 275 730 303 762 329 771 550 8
D 769 59 11 70 642 368 656 413 671 450 684 486 698 520 709 555 719 568 729 580 761 591 770 604 8
D 768 39 11 36 641 621 655 637 670 649 683 665 697 678 708 692 718 703 728 713 760 724 769 733 8
D 778 3 2 7 6 5 8
D 777 1 2 3 778 9 8
D 780 3 2 7 34 5 29
D 779 1 2 3 780 9 29
D 776 5 2 777 753 779 8
D 786 93 3 154 774 476 235 166 29
D 785 99 4 533 660 513 675 475 688 786 8
D 784 89 2 397 785 764 8
D 783 79 11 526 657 492 672 456 685 419 699 378 710 104 720 242 730 275 762 303 771 329 784 550 8
D 782 59 11 70 656 368 671 413 684 450 698 486 709 520 719 555 729 568 761 580 770 591 783 604 8
D 781 39 11 36 655 621 670 637 683 649 697 665 708 678 718 692 728 703 760 713 769 724 782 733 8
D 790 11 2 19 28 17 8
D 791 11 2 19 18 17 29
D 789 13 2 790 20 791 8
D 788 9 2 11 789 30 8
D 787 5 2 2 788 32 8
D 797 93 2 154 774 165 29
D 796 99 3 533 675 513 688 797 8
D 795 89 2 397 796 764 8
D 794 79 11 526 672 492 685 456 699 419 710 378 720 104 730 242 762 275 771 303 784 329 795 550 8
D 793 59 11 70 671 368 684 413 698 450 709 486 719 520 729 555 761 568 770 580 783 591 794 604 8
D 792 39 11 36 670 621 683 637 697 649 708 665 718 678 728 692 760 703 769 713 782 724 793 733 8
D 800 7 2 14 13 12 8
D 801 7 2 14 31 12 29
D 799 9 2 800 754 801 8
D 798 5 2 2 799 32 8
D 808 95 2 159 775 164 29
D 807 93 2 154 808 165 29
D 806 99 2 533 688 807 8
D 805 89 2 397 806 764 8
D 804 79 11 526 685 492 699 456 710 419 720 378 730 104 762 242 771 275 784 303 795 329 805 550 8
D 803 59 11 70 684 368 698 413 709 450 719 486 729 520 761 555 770 568 783 580 794 591 804 604 8
D 802 39 11 36 683 621 697 637 708 649 718 665 728 678 760 692 769 703 782 713 793 724 803 733 8
D 811 7 2 12 31 14 8
D 812 7 2 12 13 14 29
D 810 9 2 811 754 812 8
D 809 5 2 2 810 32 8
D 819 77 2 127 128 129 29
D 818 75 3 122 819 484 364 485 29
D 817 71 3 117 818 362 363 365 29
D 816 67 3 243 817 551 366 554 29
D 815 79 10 526 699 492 710 456 720 419 730 378 762 104 771 242 784 275 795 303 805 816 8
D 814 59 11 70 698 368 709 413 719 450 729 486 761 520 770 555 783 568 794 580 804 591 815 604 8
D 813 39 11 36 697 621 708 637 718 649 728 665 760 678 769 692 782 703 793 713 803 724 814 733 8
D 823 15 2 26 22 21 8
D 822 13 2 755 823 756 8
D 821 9 2 11 822 30 8
D 820 5 2 2 821 32 8
D 830 73 2 123 124 125 131
D 829 75 2 484 364 830 29
D 828 71 3 117 829 362 363 365 29
D 827 67 3 243 828 551 366 554 29
D 826 79 9 526 710 492 720 456 730 419 762 378 771 104 784 242 795 275 805 827 8
D 825 59 11 70 709 368 719 413 729 450 761 486 770 520 783 555 794 568 804 580 815 591 826 604 8
D 824 39 11 36 708 621 718 637 728 649 760 665 769 678 782 692 793 703 803 713 814 724 825 733 8
D 835 17 2 25 24 23 8
D 834 15 2 21 835 26 8
D 833 13 2 755 834 756 8
D 832 9 2 11 833 30 8
D 831 5 2 2 832 32 8
D 840 71 3 117 829 246 363 133 29
D 839 67 3 243 840 551 366 554 29
D 838 79 8 526 720 492 730 456 762 419 771 378 784 104 795 242 805 839 8
D 837 59 11 70 719 368 729 413 761 450 770 486 783 520 794 555 804 568 815 580 826 591 838 604 8
D 836 39 11 36 718 621 728 637 760 649 769 665 782 678 793 692 803 703 814 713 825 724 837 733 8
L 846 18 10
D 845 17 2 23 846 25 8
D 844 15 2 21 845 26 8
D 843 13 2 755 844 756 8
D 842 9 2 11 843 30 8
D 841 5 2 2 842 32 8
D 851 71 2 117 829 132 29
D 850 67 3 243 851 551 366 554 29
D 849 79 7 526 730 492 762 456 771 419 784 378 795 104 805 850 8
D 848 59 11 70 729 368 761 413 770 450 783 486 794 520 804 555 815 568 826 580 838 591 849 604 8
D 847 39 11 36 728 621 760 637 769 649 782 665 793 678 803 692 814 703 825 713 837 724 848 733 8
D 856 17 2 23 24 25 846
D 857 17 2 23 846 25 29
D 855 15 2 21 856 26 857
D 858 11 2 19 28 17 18
D 859 15 2 21 857 26 29
D 860 11 2 19 18 17 8
D 854 13 3 755 855 858 859 860 29
D 861 7 2 14 13 12 31
D 862 13 2 755 859 756 29
D 863 7 2 14 31 12 8
D 853 9 3 11 854 861 862 863 29
D 865 3 2 7 6 5 34
D 864 1 2 3 865 9 4
D 866 9 2 11 862 30 29
D 868 3 2 7 34 5 8
D 867 1 2 3 868 9 33
D 852 5 3 2 853 864 866 867 29
D 0 19 11 1 35 750 759 765 768 776 781 787 792 798 802 809 813 820 824 831 836 841 847 852 8
