c ids of sdd nodes start at 0
c sdd nodes appear bottom-up, children before parents
c
c file syntax:
c sdd count-of-sdd-nodes
c F id-of-false-sdd-node
c T id-of-true-sdd-node
c L id-of-literal-sdd-node id-of-vtree literal
c D id-of-decomposition-sdd-node id-of-vtree number-of-elements {id-of-prime id-of-sub}*
c
sdd 868
L 3 0 -3
L 5 2 -4
L 6 4 -2
L 7 2 4
F 8
D 4 3 2 5 6 7 8
L 9 0 3
D 2 1 2 3 4 9 8
L 12 6 -6
L 13 8 -7
L 14 6 6
D 11 7 2 12 13 14 8
L 17 10 -5
L 18 12 1
L 19 10 5
D 16 11 2 17 18 19 8
L 21 14 -8
L 23 16 -9
L 24 18 -10
L 25 16 9
D 22 17 2 23 24 25 8
L 26 14 8
D 20 15 2 21 22 26 8
L 28 12 -1
T 29
D 27 11 2 17 28 19 29
D 15 13 2 16 20 27 8
L 31 8 7
D 30 7 2 12 31 14 29
D 10 9 2 11 15 30 8
L 34 4 2
D 33 3 2 5 34 7 29
D 32 1 2 3 33 9 29
D 1 5 2 2 10 32 8
L 39 20 -14
L 40 22 -15
L 41 20 14
D 38 21 2 39 40 41 8
L 43 24 -16
L 44 26 -17
L 45 24 16
D 42 25 2 43 44 45 8
L 47 22 15
D 46 21 2 39 47 41 29
D 37 23 2 38 42 46 8
L 50 28 -13
L 51 30 -12
L 52 28 13
D 49 29 2 50 51 52 8
L 55 32 11
L 56 34 -18
L 57 32 -11
D 54 33 2 55 56 57 8
L 59 36 -20
L 60 38 -19
L 61 36 20
D 58 37 2 59 60 61 8
L 63 34 18
D 62 33 2 55 63 57 29
D 53 35 2 54 58 62 8
L 65 30 12
D 64 29 2 50 65 52 29
D 48 31 2 49 53 64 8
L 68 26 17
D 67 25 2 43 68 45 29
D 66 23 2 38 67 46 29
D 36 27 2 37 48 66 8
L 73 40 -34
L 74 42 -35
L 75 40 34
D 72 41 2 73 74 75 8
L 77 44 -32
L 78 46 -33
L 79 44 32
D 76 45 2 77 78 79 8
L 81 42 35
D 80 41 2 73 81 75 29
D 71 43 2 72 76 80 8
L 84 48 -37
L 85 50 -38
L 86 48 37
D 83 49 2 84 85 86 8
L 89 52 31
L 90 54 -36
L 91 52 -31
D 88 53 2 89 90 91 8
L 93 56 -39
L 94 58 -40
L 95 56 39
D 92 57 2 93 94 95 8
L 97 54 36
D 96 53 2 89 97 91 29
D 87 55 2 88 92 96 8
L 99 50 38
D 98 49 2 84 99 86 29
D 82 51 2 83 87 98 8
L 102 46 33
D 101 45 2 77 102 79 29
D 100 43 2 72 101 80 29
D 70 47 2 71 82 100 8
L 107 60 -22
L 108 62 -21
L 109 60 22
D 106 61 2 107 108 109 8
L 111 64 -25
L 112 66 -26
L 113 64 25
D 110 65 2 111 112 113 8
L 115 62 21
D 114 61 2 107 115 109 29
D 105 63 2 106 110 114 8
L 118 68 27
L 119 70 -28
L 120 68 -27
D 117 69 2 118 119 120 8
L 123 72 -23
L 124 74 -24
L 125 72 23
D 122 73 2 123 124 125 8
L 127 76 -30
L 128 78 -29
L 129 76 30
D 126 77 2 127 128 129 8
L 131 74 24
D 130 73 2 123 131 125 29
D 121 75 2 122 126 130 8
L 133 70 28
D 132 69 2 118 133 120 29
D 116 71 2 117 121 132 8
L 136 66 26
D 135 65 2 111 136 113 29
D 134 63 2 106 135 114 29
D 104 67 2 105 116 134 8
L 140 80 -46
L 141 82 -47
L 142 80 46
D 139 81 2 140 141 142 8
L 144 84 -48
L 146 86 50
L 147 88 -49
L 148 86 -50
D 145 87 2 146 147 148 8
L 149 84 48
D 143 85 2 144 145 149 8
L 151 82 47
D 150 81 2 140 151 142 29
D 138 83 2 139 143 150 8
L 155 90 -43
L 156 92 -44
L 157 90 43
D 154 91 2 155 156 157 8
L 159 94 -42
L 161 96 -45
L 162 98 -41
L 163 96 45
D 160 97 2 161 162 163 8
L 164 94 42
D 158 95 2 159 160 164 8
L 166 92 44
D 165 91 2 155 166 157 29
D 153 93 2 154 158 165 8
L 169 100 -57
L 171 102 -58
L 173 104 60
L 174 106 -59
L 175 104 -60
D 172 105 2 173 174 175 8
L 176 102 58
D 170 103 2 171 172 176 8
L 177 100 57
D 168 101 2 169 170 177 8
L 180 108 -53
L 182 110 -56
L 183 112 -55
L 184 110 56
D 181 111 2 182 183 184 8
L 185 108 53
D 179 109 2 180 181 185 8
L 188 114 -51
L 190 116 -54
L 191 118 -52
L 192 116 54
D 189 117 2 190 191 192 8
L 193 114 51
D 187 115 2 188 189 193 8
L 196 120 -61
L 197 122 -62
L 198 120 61
D 195 121 2 196 197 198 8
L 201 124 -63
L 202 126 -64
L 203 124 63
D 200 125 2 201 202 203 8
L 205 128 -65
L 207 130 -66
L 209 132 -67
L 211 134 -68
L 213 136 -69
L 214 138 70
L 215 136 69
D 212 137 2 213 214 215 8
L 216 134 68
D 210 135 2 211 212 216 8
L 217 132 67
D 208 133 2 209 210 217 8
L 218 130 66
D 206 131 2 207 208 218 8
L 219 128 65
D 204 129 2 205 206 219 8
L 221 126 64
D 220 125 2 201 221 203 29
D 199 127 2 200 204 220 8
L 223 122 62
D 222 121 2 196 223 198 29
D 194 123 2 195 199 222 8
L 226 118 52
D 225 117 2 190 226 192 29
D 224 115 2 188 225 193 29
D 186 119 2 187 194 224 8
L 229 112 55
D 228 111 2 182 229 184 29
D 227 109 2 180 228 185 29
D 178 113 2 179 186 227 8
L 233 106 59
D 232 105 2 173 233 175 29
D 231 103 2 171 232 176 29
D 230 101 2 169 231 177 29
D 167 107 2 168 178 230 8
L 237 98 41
D 236 97 2 161 237 163 29
D 235 95 2 159 236 164 29
D 234 93 2 154 235 165 29
D 152 99 2 153 167 234 8
L 241 88 49
D 240 87 2 146 241 148 29
D 239 85 2 144 240 149 29
D 238 83 2 139 239 150 29
D 137 89 2 138 152 238 8
D 244 69 2 120 133 118 8
D 245 69 2 120 119 118 29
D 243 71 2 244 121 245 8
D 242 67 2 105 243 134 8
D 251 105 2 175 233 173 8
D 250 103 2 171 251 176 8
D 249 101 2 169 250 177 8
L 261 138 -70
D 260 137 2 215 261 213 8
D 259 135 2 211 260 216 8
D 258 133 2 209 259 217 8
D 257 131 2 207 258 218 8
D 256 129 2 205 257 219 8
D 255 127 2 200 256 220 8
D 254 123 2 195 255 222 8
D 253 119 2 187 254 224 8
D 252 113 2 179 253 227 8
D 264 105 2 175 174 173 233
D 263 103 2 171 264 176 29
D 262 101 2 169 263 177 29
D 248 107 3 249 178 168 252 262 8
D 247 99 2 153 248 234 8
D 267 87 2 148 241 146 8
D 266 85 2 144 267 149 8
D 265 83 2 139 266 150 8
D 270 87 2 148 147 146 241
D 269 85 2 144 270 149 29
D 268 83 2 139 269 150 29
D 246 89 3 138 247 265 152 268 8
D 273 69 2 120 119 118 8
L 276 78 29
D 275 77 2 127 276 129 8
D 274 75 2 122 275 130 8
D 277 69 2 120 133 118 29
D 272 71 2 273 274 277 8
D 271 67 2 105 272 134 8
D 289 137 2 213 261 215 8
D 288 135 2 216 289 211 8
D 287 133 2 209 288 217 8
D 286 131 2 207 287 218 8
D 285 129 2 205 286 219 8
D 284 127 2 200 285 220 8
D 283 123 2 195 284 222 8
D 282 119 2 187 283 224 8
D 281 113 2 179 282 227 8
D 292 105 2 175 174 173 8
D 291 103 2 176 292 171 8
D 290 101 2 169 291 177 8
D 295 105 2 175 233 173 29
D 294 103 2 171 264 176 295
D 293 101 2 169 294 177 29
D 280 107 4 168 281 290 178 249 252 293 8
D 279 99 2 153 280 234 8
D 298 87 2 148 147 146 8
D 297 85 2 149 298 144 8
D 296 83 2 139 297 150 8
D 301 87 2 148 241 146 29
D 300 85 2 144 270 149 301
D 299 83 2 139 300 150 29
D 278 89 4 138 279 265 247 296 152 299 8
D 305 77 2 129 128 127 8
D 304 75 2 122 305 130 8
D 303 71 2 273 304 277 8
D 302 67 2 105 303 134 8
D 316 135 2 211 289 216 8
D 315 133 2 217 316 209 8
D 314 131 2 207 315 218 8
D 313 129 2 205 314 219 8
D 312 127 2 200 313 220 8
D 311 123 2 195 312 222 8
D 310 119 2 187 311 224 8
D 309 113 2 179 310 227 8
D 318 103 2 171 292 176 8
D 317 101 2 177 318 169 8
D 320 103 2 171 295 176 29
D 319 101 2 169 294 177 320
D 308 107 5 168 309 249 281 317 178 290 252 319 8
D 307 99 2 153 308 234 8
D 322 81 2 140 151 142 8
D 323 85 2 144 298 149 8
D 324 81 2 140 141 142 29
D 321 83 2 322 323 324 8
D 326 85 2 144 301 149 29
D 325 83 3 139 300 322 326 142 29
D 306 89 5 138 307 265 279 296 247 321 152 325 8
D 330 77 2 127 128 129 276
D 329 75 2 122 330 130 29
D 331 69 2 118 119 120 133
D 333 77 2 127 276 129 29
D 332 75 2 122 333 130 29
D 334 69 2 118 133 120 8
D 328 71 3 273 329 331 332 334 29
D 327 67 2 105 328 134 29
D 103 79 5 104 137 242 246 271 278 302 306 327 8
D 337 45 2 79 78 77 8
D 336 43 2 72 337 80 8
D 340 53 2 91 90 89 8
D 341 53 2 91 97 89 29
D 339 55 2 340 92 341 8
D 338 51 2 83 339 98 8
D 343 45 2 79 102 77 29
D 342 43 2 72 343 80 29
D 335 47 2 336 338 342 8
D 347 65 2 111 136 113 8
D 346 63 2 106 347 114 8
D 348 71 2 273 121 277 8
D 350 65 2 111 112 113 29
D 349 63 2 106 350 114 29
D 345 67 2 346 348 349 8
D 360 133 2 209 316 217 8
D 359 131 2 218 360 207 8
D 358 129 2 205 359 219 8
D 357 127 2 200 358 220 8
D 356 123 2 195 357 222 8
D 355 119 2 187 356 224 8
D 354 113 2 179 355 227 8
D 361 101 2 169 318 177 8
D 364 111 2 184 183 182 8
D 363 109 2 180 364 185 8
D 366 111 2 184 229 182 29
D 365 109 2 180 366 185 29
D 362 113 2 363 186 365 8
D 369 105 2 173 233 175 8
D 368 103 2 171 369 176 295
D 367 101 2 169 368 177 320
D 353 107 6 168 354 361 362 249 309 290 281 317 252 367 8
D 352 99 2 153 353 234 8
D 371 81 2 142 141 140 8
D 372 81 2 142 151 140 29
D 370 83 2 371 323 372 8
D 374 81 2 142 141 140 151
D 375 81 2 142 151 140 8
D 373 83 3 139 300 374 326 375 29
D 351 89 6 138 352 265 307 296 279 321 247 370 152 373 8
D 377 71 2 273 332 277 29
D 378 63 2 106 113 114 29
D 376 67 3 105 328 346 377 378 29
D 344 79 6 345 137 104 246 242 278 271 306 302 351 376 8
D 381 45 2 77 102 79 8
D 380 43 2 72 381 80 8
D 383 45 2 77 78 79 29
D 382 43 2 72 383 80 29
D 379 47 2 380 338 382 8
D 387 65 2 113 112 111 8
D 386 63 2 106 387 114 8
D 389 65 2 113 136 111 29
D 388 63 2 106 389 114 29
D 385 67 2 386 348 388 8
D 398 131 2 207 360 218 8
D 397 129 2 219 398 205 8
D 396 127 2 200 397 220 8
D 395 123 2 195 396 222 8
D 394 119 2 187 395 224 8
D 393 113 2 179 394 227 8
D 401 111 2 182 229 184 8
D 400 109 2 180 401 185 8
D 403 111 2 182 183 184 229
D 402 109 2 180 403 185 29
D 399 113 3 363 253 400 186 402 8
D 392 107 6 168 393 361 399 249 354 290 309 317 281 367 8
D 391 99 2 153 392 234 8
D 404 83 2 139 323 150 8
D 408 97 2 163 162 161 8
D 407 95 2 159 408 164 8
D 406 93 2 154 407 165 8
D 411 97 2 163 237 161 29
D 410 95 2 159 411 164 29
D 409 93 2 154 410 165 29
D 405 99 2 406 167 409 8
D 414 87 2 146 241 148 8
D 413 85 2 144 414 149 301
D 412 83 3 139 413 374 326 375 29
D 390 89 7 138 391 404 405 265 352 296 307 321 279 370 247 412 8
D 417 65 2 113 112 111 136
D 416 63 2 106 417 114 8
D 419 65 2 113 136 111 8
D 418 63 2 106 419 114 29
D 415 67 3 105 328 416 377 418 29
D 384 79 7 385 137 345 246 104 278 242 306 271 351 302 390 415 8
D 422 41 2 75 74 73 8
D 423 41 2 75 81 73 29
D 421 43 2 422 76 423 8
D 424 43 2 422 101 423 29
D 420 47 2 421 338 424 8
D 429 73 2 123 131 125 8
D 430 73 2 123 124 125 29
D 428 75 2 429 126 430 8
D 427 71 2 273 428 277 8
D 426 67 2 105 427 134 8
D 438 125 2 201 221 203 8
D 439 129 2 205 398 219 8
D 440 125 2 201 202 203 29
D 437 127 2 438 439 440 8
D 436 123 2 195 437 222 8
D 435 119 2 187 436 224 8
D 434 113 2 179 435 227 8
D 444 117 2 192 191 190 8
D 443 115 2 188 444 193 8
D 446 117 2 192 226 190 29
D 445 115 2 188 446 193 29
D 442 119 2 443 194 445 8
D 448 111 2 184 229 182 8
D 447 109 2 180 448 185 29
D 441 113 4 400 253 179 442 363 282 447 8
D 433 107 6 168 434 361 441 249 393 290 354 317 309 367 8
D 432 99 2 153 433 234 8
D 451 91 2 155 166 157 8
D 452 91 2 155 156 157 29
D 450 93 2 451 158 452 8
D 453 93 3 154 410 451 235 157 29
D 449 99 3 450 167 406 248 453 8
D 431 89 7 138 432 404 449 265 391 296 352 321 307 370 279 412 8
D 456 75 3 429 333 122 330 125 29
D 455 71 3 273 456 331 332 334 29
D 454 67 3 105 455 416 377 418 29
D 425 79 8 426 137 385 246 345 278 104 306 242 351 271 390 302 431 454 8
D 459 41 2 73 81 75 8
D 460 41 2 73 74 75 29
D 458 43 2 459 76 460 8
D 461 43 2 459 101 460 29
D 457 47 2 458 338 461 8
D 466 73 2 125 124 123 8
D 467 73 2 125 131 123 29
D 465 75 2 466 126 467 8
D 464 71 2 273 465 277 8
D 463 67 2 105 464 134 8
D 472 109 2 185 181 180 8
D 473 119 2 443 254 445 8
D 474 109 2 180 448 185 228
D 471 113 5 400 282 472 186 179 473 363 310 474 8
D 479 125 2 203 202 201 8
D 480 125 2 203 221 201 29
D 478 127 2 479 439 480 8
D 477 123 2 195 478 222 8
D 476 119 2 187 477 224 8
D 475 113 2 179 476 227 8
D 470 107 6 361 471 168 475 249 434 290 393 317 354 367 8
D 469 99 2 153 470 234 8
D 483 91 2 157 156 155 8
D 484 91 2 157 166 155 29
D 482 93 2 483 158 484 8
D 486 91 2 157 156 155 166
D 487 91 2 157 166 155 8
D 485 93 3 154 410 486 235 487 29
D 481 99 4 482 167 450 248 406 280 485 8
D 468 89 7 138 469 404 481 265 432 296 391 321 352 370 307 412 8
D 491 73 2 125 124 123 131
D 492 73 2 125 131 123 8
D 490 75 3 491 333 122 330 492 29
D 489 71 3 331 332 273 490 334 29
D 488 67 3 416 377 105 489 418 29
D 462 79 9 463 137 426 246 385 278 345 306 104 351 242 390 271 431 302 468 488 8
D 496 53 2 91 97 89 8
D 497 53 2 91 90 89 29
D 495 55 2 496 92 497 8
D 494 51 2 83 495 98 8
D 493 47 2 71 494 100 8
D 501 61 2 109 108 107 8
D 502 61 2 109 115 107 29
D 500 63 2 501 110 502 8
D 503 63 2 501 135 502 29
D 499 67 2 500 348 503 8
D 510 117 2 190 226 192 8
D 509 115 2 188 510 193 8
D 512 117 2 190 191 192 226
D 511 115 2 188 512 193 29
D 508 119 3 509 194 443 283 511 8
D 507 113 5 179 508 472 253 400 310 363 355 474 8
D 516 121 2 196 223 198 8
D 517 127 2 200 439 220 8
D 518 121 2 196 197 198 29
D 515 123 2 516 517 518 8
D 514 119 2 187 515 224 8
D 513 113 2 179 514 227 8
D 506 107 6 361 507 249 475 290 434 168 513 317 393 367 8
D 505 99 2 153 506 234 8
D 521 95 2 164 160 159 8
D 520 93 2 154 521 165 8
D 523 95 2 159 411 164 236
D 522 93 3 154 523 486 235 487 29
D 519 99 5 520 167 482 248 450 280 406 308 522 8
D 504 89 7 138 505 404 519 265 469 296 432 321 391 370 352 412 8
D 525 63 3 106 417 501 110 115 8
D 526 63 3 106 419 501 135 115 29
D 524 67 3 525 377 105 489 526 29
D 498 79 10 499 137 463 246 426 278 385 306 345 351 104 390 242 431 271 468 302 504 524 8
D 529 49 2 86 85 84 8
D 530 49 2 86 99 84 29
D 528 51 2 529 339 530 8
D 527 47 2 71 528 100 8
D 534 61 2 107 115 109 8
D 535 61 2 107 108 109 29
D 533 63 2 534 110 535 8
D 536 63 2 534 135 535 29
D 532 67 2 533 348 536 8
D 541 97 2 161 237 163 8
D 540 95 2 159 541 164 8
D 539 93 2 154 540 165 8
D 544 97 2 161 162 163 237
D 543 95 2 159 544 164 236
D 542 93 3 154 543 486 235 487 29
D 538 99 6 539 167 520 248 482 280 450 308 406 353 542 8
D 549 115 2 193 189 188 8
D 550 115 2 188 512 193 225
D 548 119 4 549 194 509 254 443 311 550 8
D 547 113 5 179 548 472 282 400 355 363 394 474 8
D 554 121 2 198 197 196 8
D 555 121 2 198 223 196 29
D 553 123 2 554 517 555 8
D 552 119 2 187 553 224 8
D 551 113 2 179 552 227 8
D 546 107 6 361 547 290 475 317 434 249 513 168 551 367 8
D 545 99 2 153 546 234 8
D 537 89 7 404 538 138 545 265 505 296 469 321 432 370 391 412 8
D 558 61 2 109 108 107 115
D 559 61 2 109 115 107 8
D 557 63 3 106 417 558 110 559 8
D 560 63 3 106 419 558 135 559 29
D 556 67 3 557 377 105 489 560 29
D 531 79 11 532 137 499 246 463 278 426 306 385 351 345 390 104 431 242 468 271 504 302 537 556 8
D 563 49 2 84 99 86 8
D 564 49 2 84 85 86 29
D 562 51 2 563 339 564 8
D 561 47 2 71 562 100 8
D 567 99 6 539 248 520 280 482 308 450 353 406 392 542 8
D 571 119 4 549 254 509 283 443 356 550 8
D 570 113 5 179 571 472 310 400 394 363 435 474 8
D 573 103 2 176 295 171 173
D 572 101 2 169 573 177 320
D 569 107 5 317 475 361 570 290 513 249 551 572 8
D 568 99 2 153 569 234 8
D 566 89 7 404 567 265 545 138 568 296 505 321 469 370 432 412 8
D 565 79 11 532 246 499 278 463 306 426 351 385 390 345 431 104 468 242 504 271 537 302 566 556 8
D 577 57 2 95 94 93 8
D 576 55 2 340 577 341 8
D 575 51 2 83 576 98 8
D 574 47 2 71 575 100 8
D 580 99 6 539 280 520 308 482 353 450 392 406 433 542 8
D 584 119 4 549 283 509 311 443 395 550 8
D 583 113 5 179 584 472 355 400 435 363 476 474 8
D 585 101 2 177 320 169 295
D 582 107 4 317 513 361 583 290 551 585 8
D 581 99 2 153 582 234 8
D 579 89 7 404 580 296 545 265 568 138 581 321 505 370 469 412 8
D 578 79 11 532 278 499 306 463 351 426 390 385 431 345 468 104 504 242 537 271 566 302 579 556 8
L 590 58 40
D 589 57 2 93 590 95 8
D 588 55 2 340 589 341 8
D 587 51 2 83 588 98 8
D 586 47 2 71 587 100 8
D 593 99 6 539 308 520 353 482 392 450 433 406 470 542 8
D 597 119 4 549 311 509 356 443 436 550 8
D 596 113 5 179 597 472 394 400 476 363 514 474 8
D 595 107 3 317 551 361 596 320 8
D 594 99 2 153 595 234 8
D 592 89 7 404 593 321 545 296 568 265 581 138 594 370 505 412 8
D 591 79 11 532 306 499 351 463 390 426 431 385 468 345 504 104 537 242 566 271 579 302 592 556 8
D 600 45 2 79 78 77 102
D 601 41 2 75 74 73 81
D 602 41 2 75 81 73 8
D 599 43 3 72 600 601 76 602 8
D 605 57 2 93 590 95 29
D 604 55 2 340 605 341 29
D 603 51 2 83 604 98 29
D 607 49 2 86 85 84 99
D 609 53 2 89 90 91 97
D 610 57 2 93 94 95 590
D 611 53 2 89 97 91 8
D 608 55 3 609 605 340 610 611 29
D 612 49 2 86 99 84 8
D 606 51 3 607 604 83 608 612 29
D 614 45 2 79 102 77 8
D 613 43 3 72 614 601 101 602 29
D 598 47 3 599 603 71 606 613 29
D 69 59 11 70 103 335 344 379 384 420 425 457 462 493 498 527 531 561 565 574 578 586 591 598 8
D 617 29 2 50 65 52 8
D 619 33 2 57 56 55 8
D 620 33 2 57 63 55 29
D 618 35 2 619 58 620 8
D 621 29 2 50 51 52 29
D 616 31 2 617 618 621 8
D 615 27 2 37 616 66 8
D 625 99 6 539 353 520 392 482 433 450 470 406 506 542 8
D 629 119 4 549 356 509 395 443 477 550 8
D 628 113 5 179 629 472 435 400 514 363 552 474 8
D 630 101 2 169 320 177 29
D 627 107 2 361 628 630 8
D 626 99 2 153 627 234 8
D 624 89 7 370 545 404 625 321 568 296 581 265 594 138 626 412 8
D 623 79 11 532 351 499 390 463 431 426 468 385 504 345 537 104 566 242 579 271 592 302 624 556 8
D 622 59 11 70 344 335 384 379 425 420 462 457 498 493 531 527 565 561 578 574 591 586 623 598 8
D 633 29 2 52 51 50 8
D 634 29 2 52 65 50 29
D 632 31 2 633 618 634 8
D 631 27 2 37 632 66 8
D 638 99 6 539 392 520 433 482 470 450 506 406 546 542 8
D 642 119 4 549 395 509 436 443 515 550 8
D 643 109 2 185 228 180 184
D 641 113 4 179 642 472 476 400 552 643 8
D 640 107 2 361 641 630 8
D 639 99 2 153 640 234 8
D 637 89 7 370 568 404 638 321 581 296 594 265 626 138 639 412 8
D 636 79 11 532 390 499 431 463 468 426 504 385 537 345 566 104 579 242 592 271 624 302 637 556 8
D 635 59 11 70 384 335 425 379 462 420 498 457 531 493 565 527 578 561 591 574 623 586 636 598 8
D 646 21 2 41 40 39 8
D 647 21 2 41 47 39 29
D 645 23 2 646 42 647 8
D 648 31 2 49 618 64 8
D 649 23 2 646 67 647 29
D 644 27 2 645 648 649 8
D 653 99 6 539 433 520 470 482 506 450 546 406 569 542 8
D 657 119 4 549 436 509 477 443 553 550 8
D 656 113 3 179 657 472 514 228 8
D 655 107 2 361 656 630 8
D 654 99 2 153 655 234 8
D 652 89 7 370 581 404 653 321 594 296 626 265 639 138 654 412 8
D 651 79 11 532 431 499 468 463 504 426 537 385 566 345 579 104 592 242 624 271 637 302 652 556 8
D 650 59 11 70 425 335 462 379 498 420 531 457 565 493 578 527 591 561 623 574 636 586 651 598 8
D 660 21 2 39 47 41 8
D 661 21 2 39 40 41 29
D 659 23 2 660 42 661 8
D 662 23 2 660 67 661 29
D 658 27 2 659 648 662 8
D 666 99 6 539 470 520 506 482 546 450 569 406 582 542 8
D 672 117 2 190 191 192 29
D 671 115 2 188 672 193 225
D 670 119 3 549 477 509 515 671 8
D 669 113 3 179 670 472 552 228 8
D 668 107 2 361 669 630 8
D 667 99 2 153 668 234 8
D 665 89 7 370 594 404 666 321 626 296 639 265 654 138 667 412 8
D 664 79 11 532 468 499 504 463 537 426 566 385 579 345 592 104 624 242 637 271 652 302 665 556 8
D 663 59 11 70 462 335 498 379 531 420 565 457 578 493 591 527 623 561 636 574 651 586 664 598 8
D 675 25 2 45 44 43 8
D 674 23 2 38 675 46 8
D 677 25 2 45 68 43 29
D 676 23 2 38 677 46 29
D 673 27 2 674 648 676 8
D 681 99 6 539 506 520 546 482 569 450 582 406 595 542 8
D 685 119 3 549 515 509 553 671 8
D 684 113 2 179 685 227 8
D 683 107 2 361 684 630 8
D 682 99 2 153 683 234 8
D 680 89 7 370 626 404 681 321 639 296 654 265 667 138 682 412 8
D 679 79 11 532 504 499 537 463 566 426 579 385 592 345 624 104 637 242 652 271 665 302 680 556 8
D 678 59 11 70 498 335 531 379 565 420 578 457 591 493 623 527 636 561 651 574 664 586 679 598 8
D 688 25 2 43 68 45 8
D 687 23 2 38 688 46 8
D 690 25 2 43 44 45 29
D 689 23 2 38 690 46 29
D 686 27 2 687 648 689 8
D 694 99 6 539 546 520 569 482 582 450 595 406 627 542 8
D 699 115 2 193 225 188 29
D 698 119 2 549 553 699 8
D 697 113 2 179 698 227 8
D 696 107 2 361 697 630 8
D 695 99 2 153 696 234 8
D 693 89 7 370 639 404 694 321 654 296 667 265 682 138 695 412 8
D 692 79 11 532 537 499 566 463 579 426 592 385 624 345 637 104 652 242 665 271 680 302 693 556 8
D 691 59 11 70 531 335 565 379 578 420 591 457 623 493 636 527 651 561 664 574 679 586 692 598 8
D 703 33 2 57 63 55 8
D 704 33 2 57 56 55 29
D 702 35 2 703 58 704 8
D 701 31 2 49 702 64 8
D 700 27 2 37 701 66 8
D 708 99 6 539 569 520 582 482 595 450 627 406 640 542 8
D 710 85 2 149 301 144 146
D 709 83 3 139 710 374 326 375 29
D 707 89 6 370 654 404 708 321 667 296 682 265 695 709 8
D 706 79 11 532 566 499 579 463 592 426 624 385 637 345 652 104 665 242 680 271 693 302 707 556 8
D 705 59 11 70 565 335 578 379 591 420 623 457 636 493 651 527 664 561 679 574 692 586 706 598 8
L 715 38 19
D 714 37 2 59 715 61 8
D 713 35 2 619 714 620 8
D 712 31 2 49 713 64 8
D 711 27 2 37 712 66 8
D 719 99 6 539 582 520 595 482 627 450 640 406 655 542 8
D 720 83 3 374 326 139 301 375 29
D 718 89 5 370 667 404 719 321 682 296 695 720 8
D 717 79 11 532 579 499 592 463 624 426 637 385 652 345 665 104 680 242 693 271 707 302 718 556 8
D 716 59 11 70 578 335 591 379 623 420 636 457 651 493 664 527 679 561 692 574 706 586 717 598 8
D 724 37 2 61 60 59 8
D 723 35 2 619 724 620 8
D 722 31 2 49 723 64 8
D 721 27 2 37 722 66 8
D 728 99 6 539 595 520 627 482 640 450 655 406 668 542 8
D 730 81 2 142 141 140 29
D 729 83 2 730 326 375 29
D 727 89 4 370 682 404 728 321 695 729 8
D 726 79 11 532 592 499 624 463 637 426 652 385 665 345 680 104 693 242 707 271 718 302 727 556 8
D 725 59 11 70 591 335 623 379 636 420 651 457 664 493 679 527 692 561 706 574 717 586 726 598 8
D 733 25 2 45 44 43 68
D 734 21 2 41 40 39 47
D 735 21 2 41 47 39 8
D 732 23 3 38 733 734 42 735 8
D 738 37 2 59 715 61 29
D 737 35 2 619 738 620 29
D 736 31 2 49 737 64 29
D 740 29 2 52 51 50 65
D 742 33 2 55 56 57 63
D 743 37 2 59 60 61 715
D 744 33 2 55 63 57 8
D 741 35 3 742 738 619 743 744 29
D 745 29 2 52 65 50 8
D 739 31 3 740 737 49 741 745 29
D 747 25 2 45 68 43 8
D 746 23 3 38 747 734 67 735 29
D 731 27 3 732 736 37 739 746 29
D 35 39 11 36 69 615 622 631 635 644 650 658 663 673 678 686 691 700 705 711 716 721 725 731 8
D 750 3 2 5 34 7 8
D 749 1 2 3 750 9 8
D 753 11 2 17 28 19 8
D 754 11 2 17 18 19 29
D 752 13 2 753 20 754 8
D 751 9 2 11 752 30 8
D 756 3 2 5 6 7 29
D 755 1 2 3 756 9 29
D 748 5 2 749 751 755 8
D 761 99 6 539 627 520 640 482 655 450 668 406 683 542 8
D 762 83 2 141 326 151 29
D 760 89 3 370 695 404 761 762 8
D 759 79 11 532 624 499 637 463 652 426 665 385 680 345 693 104 707 242 718 271 727 302 760 556 8
D 758 59 11 70 623 335 636 379 651 420 664 457 679 493 692 527 706 561 717 574 726 586 759 598 8
D 757 39 11 36 622 615 635 631 650 644 663 658 678 673 691 686 705 700 716 711 725 721 758 731 8
D 764 1 2 9 4 3 8
D 765 1 2 9 33 3 29
D 763 5 2 764 751 765 8
D 770 99 6 539 640 520 655 482 668 450 683 406 696 542 8
D 771 83 2 139 326 150 29
D 769 89 2 404 770 771 8
D 768 79 11 532 637 499 652 463 665 426 680 385 693 345 707 104 718 242 727 271 760 302 769 556 8
D 767 59 11 70 636 335 651 379 664 420 679 457 692 493 706 527 717 561 726 574 759 586 768 598 8
D 766 39 11 36 635 615 650 631 663 644 678 658 691 673 705 686 716 700 725 711 758 721 767 731 8
D 774 3 2 7 6 5 8
D 773 1 2 3 774 9 8
D 776 3 2 7 34 5 29
D 775 1 2 3 776 9 29
D 772 5 2 773 751 775 8
D 784 97 2 161 162 163 29
D 783 95 2 164 236 159 784
D 782 93 3 154 783 486 235 487 29
D 781 99 5 539 655 520 668 482 683 450 696 782 8
D 780 89 2 404 781 771 8
D 779 79 11 532 652 499 665 463 680 426 693 385 707 345 718 104 727 242 760 271 769 302 780 556 8
D 778 59 11 70 651 335 664 379 679 420 692 457 706 493 717 527 726 561 759 574 768 586 779 598 8
D 777 39 11 36 650 615 663 631 678 644 691 658 705 673 716 686 725 700 758 711 767 721 778 731 8
D 788 11 2 19 28 17 8
D 789 11 2 19 18 17 29
D 787 13 2 788 20 789 8
D 786 9 2 11 787 30 8
D 785 5 2 2 786 32 8
D 795 93 3 154 783 483 235 166 29
D 794 99 4 539 668 520 683 482 696 795 8
D 793 89 2 404 794 771 8
D 792 79 11 532 665 499 680 463 693 426 707 385 718 345 727 104 760 242 769 271 780 302 793 556 8
D 791 59 11 70 664 335 679 379 692 420 706 457 717 493 726 527 759 561 768 574 779 586 792 598 8
D 790 39 11 36 663 615 678 631 691 644 705 658 716 673 725 686 758 700 767 711 778 721 791 731 8
D 798 7 2 14 13 12 8
D 799 7 2 14 31 12 29
D 797 9 2 798 752 799 8
D 796 5 2 2 797 32 8
D 805 93 2 154 783 165 29
D 804 99 3 539 683 520 696 805 8
D 803 89 2 404 804 771 8
D 802 79 11 532 680 499 693 463 707 426 718 385 727 345 760 104 769 242 780 271 793 302 803 556 8
D 801 59 11 70 679 335 692 379 706 420 717 457 726 493 759 527 768 561 779 574 792 586 802 598 8
D 800 39 11 36 678 615 691 631 705 644 716 658 725 673 758 686 767 700 778 711 791 721 801 731 8
D 808 7 2 12 31 14 8
D 809 7 2 12 13 14 29
D 807 9 2 808 752 809 8
D 806 5 2 2 807 32 8
D 816 95 2 159 784 164 29
D 815 93 2 154 816 165 29
D 814 99 2 539 696 815 8
D 813 89 2 404 814 771 8
D 812 79 11 532 693 499 707 463 718 426 727 385 760 345 769 104 780 242 793 271 803 302 813 556 8
D 811 59 11 70 692 335 706 379 717 420 726 457 759 493 768 527 779 561 792 574 802 586 812 598 8
D 810 39 11 36 691 615 705 631 716 644 725 658 758 673 767 686 778 700 791 711 801 721 811 731 8
D 820 15 2 26 22 21 8
D 819 13 2 753 820 754 8
D 818 9 2 11 819 30 8
D 817 5 2 2 818 32 8
D 827 77 2 127 128 129 29
D 826 75 3 122 827 491 333 492 29
D 825 71 3 273 826 331 332 334 29
D 824 67 3 105 825 557 377 560 29
D 823 79 10 532 707 499 718 463 727 426 760 385 769 345 780 104 793 242 803 271 813 824 8
D 822 59 11 70 706 335 717 379 726 420 759 457 768 493 779 527 792 561 802 574 812 586 823 598 8
D 821 39 11 36 705 615 716 631 725 644 758 658 767 673 778 686 791 700 801 711 811 721 822 731 8
D 832 17 2 25 24 23 8
D 831 15 2 21 832 26 8
D 830 13 2 753 831 754 8
D 829 9 2 11 830 30 8
D 828 5 2 2 829 32 8
D 839 73 2 123 124 125 131
D 838 75 2 491 333 839 29
D 837 71 3 273 838 331 332 334 29
D 836 67 3 105 837 557 377 560 29
D 835 79 9 532 718 499 727 463 760 426 769 385 780 345 793 104 803 242 813 836 8
D 834 59 11 70 717 335 726 379 759 420 768 457 779 493 792 527 802 561 812 574 823 586 835 598 8
D 833 39 11 36 716 615 725 631 758 644 767 658 778 673 791 686 801 700 811 711 822 721 834 731 8
L 845 18 10
D 844 17 2 23 845 25 8
D 843 15 2 21 844 26 8
D 842 13 2 753 843 754 8
D 841 9 2 11 842 30 8
D 840 5 2 2 841 32 8
D 850 71 3 273 838 117 332 133 29
D 849 67 3 105 850 557 377 560 29
D 848 79 8 532 727 499 760 463 769 426 780 385 793 345 803 104 813 849 8
D 847 59 11 70 726 335 759 379 768 420 779 457 792 493 802 527 812 561 823 574 835 586 848 598 8
D 846 39 11 36 725 615 758 631 767 644 778 658 791 673 801 686 811 700 822 711 834 721 847 731 8
D 855 17 2 23 24 25 845
D 856 17 2 23 845 25 29
D 854 15 2 21 855 26 856
D 857 11 2 19 28 17 18
D 858 15 2 21 856 26 29
D 859 11 2 19 18 17 8
D 853 13 3 753 854 857 858 859 29
D 860 7 2 14 13 12 31
D 861 13 2 753 858 754 29
D 862 7 2 14 31 12 8
D 852 9 3 11 853 860 861 862 29
D 864 3 2 7 6 5 34
D 863 1 2 3 864 9 4
D 865 9 2 11 861 30 29
D 867 3 2 7 34 5 8
D 866 1 2 3 867 9 33
D 851 5 3 2 852 863 865 866 29
D 0 19 11 1 35 748 757 763 766 772 777 785 790 796 800 806 810 817 821 828 833 840 846 851 8
