c ids of sdd nodes start at 0
c sdd nodes appear bottom-up, children before parents
c
c file syntax:
c sdd count-of-sdd-nodes
c F id-of-false-sdd-node
c T id-of-true-sdd-node
c L id-of-literal-sdd-node id-of-vtree literal
c D id-of-decomposition-sdd-node id-of-vtree number-of-elements {id-of-prime id-of-sub}*
c
sdd 868
L 3 0 -3
L 5 2 -4
L 6 4 -2
L 7 2 4
F 8
D 4 3 2 5 6 7 8
L 9 0 3
D 2 1 2 3 4 9 8
L 12 6 -6
L 13 8 -7
L 14 6 6
D 11 7 2 12 13 14 8
L 17 10 -5
L 18 12 1
L 19 10 5
D 16 11 2 17 18 19 8
L 21 14 -8
L 23 16 -9
L 24 18 -10
L 25 16 9
D 22 17 2 23 24 25 8
L 26 14 8
D 20 15 2 21 22 26 8
L 28 12 -1
T 29
D 27 11 2 17 28 19 29
D 15 13 2 16 20 27 8
L 31 8 7
D 30 7 2 12 31 14 29
D 10 9 2 11 15 30 8
L 34 4 2
D 33 3 2 5 34 7 29
D 32 1 2 3 33 9 29
D 1 5 2 2 10 32 8
L 39 20 -14
L 40 22 -15
L 41 20 14
D 38 21 2 39 40 41 8
L 43 24 -16
L 44 26 -17
L 45 24 16
D 42 25 2 43 44 45 8
L 47 22 15
D 46 21 2 39 47 41 29
D 37 23 2 38 42 46 8
L 50 28 -13
L 51 30 -12
L 52 28 13
D 49 29 2 50 51 52 8
L 55 32 11
L 56 34 -18
L 57 32 -11
D 54 33 2 55 56 57 8
L 59 36 -20
L 60 38 -19
L 61 36 20
D 58 37 2 59 60 61 8
L 63 34 18
D 62 33 2 55 63 57 29
D 53 35 2 54 58 62 8
L 65 30 12
D 64 29 2 50 65 52 29
D 48 31 2 49 53 64 8
L 68 26 17
D 67 25 2 43 68 45 29
D 66 23 2 38 67 46 29
D 36 27 2 37 48 66 8
L 73 40 -34
L 74 42 -35
L 75 40 34
D 72 41 2 73 74 75 8
L 77 44 -32
L 78 46 -33
L 79 44 32
D 76 45 2 77 78 79 8
L 81 42 35
D 80 41 2 73 81 75 29
D 71 43 2 72 76 80 8
L 84 48 -37
L 85 50 -38
L 86 48 37
D 83 49 2 84 85 86 8
L 89 52 31
L 90 54 -36
L 91 52 -31
D 88 53 2 89 90 91 8
L 93 56 -39
L 94 58 -40
L 95 56 39
D 92 57 2 93 94 95 8
L 97 54 36
D 96 53 2 89 97 91 29
D 87 55 2 88 92 96 8
L 99 50 38
D 98 49 2 84 99 86 29
D 82 51 2 83 87 98 8
L 102 46 33
D 101 45 2 77 102 79 29
D 100 43 2 72 101 80 29
D 70 47 2 71 82 100 8
L 107 60 -22
L 108 62 -21
L 109 60 22
D 106 61 2 107 108 109 8
L 111 64 -25
L 112 66 -26
L 113 64 25
D 110 65 2 111 112 113 8
L 115 62 21
D 114 61 2 107 115 109 29
D 105 63 2 106 110 114 8
L 118 68 -27
L 119 70 28
L 120 68 27
D 117 69 2 118 119 120 8
L 123 72 -23
L 124 74 -24
L 125 72 23
D 122 73 2 123 124 125 8
L 127 76 -30
L 128 78 -29
L 129 76 30
D 126 77 2 127 128 129 8
L 131 74 24
D 130 73 2 123 131 125 29
D 121 75 2 122 126 130 8
L 133 70 -28
D 132 69 2 118 133 120 29
D 116 71 2 117 121 132 8
L 136 66 26
D 135 65 2 111 136 113 29
D 134 63 2 106 135 114 29
D 104 67 2 105 116 134 8
L 140 80 -46
L 141 82 -47
L 142 80 46
D 139 81 2 140 141 142 8
L 144 84 -48
L 146 86 50
L 147 88 -49
L 148 86 -50
D 145 87 2 146 147 148 8
L 149 84 48
D 143 85 2 144 145 149 8
L 151 82 47
D 150 81 2 140 151 142 29
D 138 83 2 139 143 150 8
L 155 90 -43
L 156 92 -44
L 157 90 43
D 154 91 2 155 156 157 8
L 159 94 -42
L 161 96 -45
L 162 98 -41
L 163 96 45
D 160 97 2 161 162 163 8
L 164 94 42
D 158 95 2 159 160 164 8
L 166 92 44
D 165 91 2 155 166 157 29
D 153 93 2 154 158 165 8
L 169 100 -57
L 171 102 -58
L 173 104 60
L 174 106 -59
L 175 104 -60
D 172 105 2 173 174 175 8
L 176 102 58
D 170 103 2 171 172 176 8
L 177 100 57
D 168 101 2 169 170 177 8
L 180 108 -53
L 182 110 -56
L 183 112 -55
L 184 110 56
D 181 111 2 182 183 184 8
L 185 108 53
D 179 109 2 180 181 185 8
L 188 114 -51
L 190 116 -54
L 191 118 -52
L 192 116 54
D 189 117 2 190 191 192 8
L 193 114 51
D 187 115 2 188 189 193 8
L 196 120 -61
L 197 122 -62
L 198 120 61
D 195 121 2 196 197 198 8
L 201 124 -63
L 202 126 -64
L 203 124 63
D 200 125 2 201 202 203 8
L 205 128 -65
L 207 130 -66
L 209 132 -67
L 211 134 -68
L 213 136 -69
L 214 138 70
L 215 136 69
D 212 137 2 213 214 215 8
L 216 134 68
D 210 135 2 211 212 216 8
L 217 132 67
D 208 133 2 209 210 217 8
L 218 130 66
D 206 131 2 207 208 218 8
L 219 128 65
D 204 129 2 205 206 219 8
L 221 126 64
D 220 125 2 201 221 203 29
D 199 127 2 200 204 220 8
L 223 122 62
D 222 121 2 196 223 198 29
D 194 123 2 195 199 222 8
L 226 118 52
D 225 117 2 190 226 192 29
D 224 115 2 188 225 193 29
D 186 119 2 187 194 224 8
L 229 112 55
D 228 111 2 182 229 184 29
D 227 109 2 180 228 185 29
D 178 113 2 179 186 227 8
L 233 106 59
D 232 105 2 173 233 175 29
D 231 103 2 171 232 176 29
D 230 101 2 169 231 177 29
D 167 107 2 168 178 230 8
L 237 98 41
D 236 97 2 161 237 163 29
D 235 95 2 159 236 164 29
D 234 93 2 154 235 165 29
D 152 99 2 153 167 234 8
L 241 88 49
D 240 87 2 146 241 148 29
D 239 85 2 144 240 149 29
D 238 83 2 139 239 150 29
D 137 89 2 138 152 238 8
D 244 69 2 118 133 120 8
L 247 78 29
D 246 77 2 127 247 129 8
D 245 75 2 122 246 130 8
D 248 69 2 118 119 120 29
D 243 71 2 244 245 248 8
D 242 67 2 105 243 134 8
D 254 105 2 175 233 173 8
D 253 103 2 171 254 176 8
D 252 101 2 169 253 177 8
L 264 138 -70
D 263 137 2 215 264 213 8
D 262 135 2 211 263 216 8
D 261 133 2 209 262 217 8
D 260 131 2 207 261 218 8
D 259 129 2 205 260 219 8
D 258 127 2 200 259 220 8
D 257 123 2 195 258 222 8
D 256 119 2 187 257 224 8
D 255 113 2 179 256 227 8
D 267 105 2 175 174 173 233
D 266 103 2 171 267 176 29
D 265 101 2 169 266 177 29
D 251 107 3 252 178 168 255 265 8
D 250 99 2 153 251 234 8
D 270 87 2 148 241 146 8
D 269 85 2 144 270 149 8
D 268 83 2 139 269 150 8
D 273 87 2 148 147 146 241
D 272 85 2 144 273 149 29
D 271 83 2 139 272 150 29
D 249 89 3 138 250 268 152 271 8
D 277 77 2 129 128 127 8
D 276 75 2 122 277 130 8
D 275 71 2 244 276 248 8
D 274 67 2 105 275 134 8
D 289 137 2 213 264 215 8
D 288 135 2 216 289 211 8
D 287 133 2 209 288 217 8
D 286 131 2 207 287 218 8
D 285 129 2 205 286 219 8
D 284 127 2 200 285 220 8
D 283 123 2 195 284 222 8
D 282 119 2 187 283 224 8
D 281 113 2 179 282 227 8
D 292 105 2 175 174 173 8
D 291 103 2 176 292 171 8
D 290 101 2 169 291 177 8
D 295 105 2 175 233 173 29
D 294 103 2 171 267 176 295
D 293 101 2 169 294 177 29
D 280 107 4 168 281 290 178 252 255 293 8
D 279 99 2 153 280 234 8
D 298 87 2 148 147 146 8
D 297 85 2 149 298 144 8
D 296 83 2 139 297 150 8
D 301 87 2 148 241 146 29
D 300 85 2 144 273 149 301
D 299 83 2 139 300 150 29
D 278 89 4 138 279 268 250 296 152 299 8
D 305 77 2 127 128 129 247
D 304 75 2 122 305 130 29
D 307 77 2 127 247 129 29
D 306 75 2 122 307 130 29
D 303 71 3 244 304 117 306 120 29
D 302 67 2 105 303 134 29
D 103 79 4 104 137 242 249 274 278 302 8
D 310 45 2 79 78 77 8
D 309 43 2 72 310 80 8
D 313 53 2 91 90 89 8
D 314 53 2 91 97 89 29
D 312 55 2 313 92 314 8
D 311 51 2 83 312 98 8
D 316 45 2 79 102 77 29
D 315 43 2 72 316 80 29
D 308 47 2 309 311 315 8
D 320 69 2 120 133 118 8
D 321 69 2 120 119 118 29
D 319 71 2 320 121 321 8
D 318 67 2 105 319 134 8
D 332 135 2 211 289 216 8
D 331 133 2 217 332 209 8
D 330 131 2 207 331 218 8
D 329 129 2 205 330 219 8
D 328 127 2 200 329 220 8
D 327 123 2 195 328 222 8
D 326 119 2 187 327 224 8
D 325 113 2 179 326 227 8
D 334 103 2 171 292 176 8
D 333 101 2 177 334 169 8
D 336 103 2 171 295 176 29
D 335 101 2 169 294 177 336
D 324 107 5 168 325 252 281 333 178 290 255 335 8
D 323 99 2 153 324 234 8
D 338 81 2 140 151 142 8
D 339 85 2 144 298 149 8
D 340 81 2 140 141 142 29
D 337 83 2 338 339 340 8
D 342 85 2 144 301 149 29
D 341 83 3 139 300 338 342 142 29
D 322 89 5 138 323 268 279 296 250 337 152 341 8
D 345 69 2 120 133 118 119
D 346 69 2 120 119 118 8
D 344 71 3 244 304 345 306 346 29
D 343 67 2 105 344 134 29
D 317 79 5 318 137 104 249 242 278 274 322 343 8
D 349 45 2 77 102 79 8
D 348 43 2 72 349 80 8
D 351 45 2 77 78 79 29
D 350 43 2 72 351 80 29
D 347 47 2 348 311 350 8
D 355 65 2 111 136 113 8
D 354 63 2 106 355 114 8
D 356 71 2 244 121 248 8
D 358 65 2 111 112 113 29
D 357 63 2 106 358 114 29
D 353 67 2 354 356 357 8
D 368 133 2 209 332 217 8
D 367 131 2 218 368 207 8
D 366 129 2 205 367 219 8
D 365 127 2 200 366 220 8
D 364 123 2 195 365 222 8
D 363 119 2 187 364 224 8
D 362 113 2 179 363 227 8
D 369 101 2 169 334 177 8
D 372 111 2 184 183 182 8
D 371 109 2 180 372 185 8
D 374 111 2 184 229 182 29
D 373 109 2 180 374 185 29
D 370 113 2 371 186 373 8
D 377 105 2 173 233 175 8
D 376 103 2 171 377 176 295
D 375 101 2 169 376 177 336
D 361 107 6 168 362 369 370 252 325 290 281 333 255 375 8
D 360 99 2 153 361 234 8
D 379 81 2 142 141 140 8
D 380 81 2 142 151 140 29
D 378 83 2 379 339 380 8
D 382 81 2 142 141 140 151
D 383 81 2 142 151 140 8
D 381 83 3 139 300 382 342 383 29
D 359 89 6 138 360 268 323 296 279 337 250 378 152 381 8
D 385 71 2 244 306 248 29
D 386 63 2 106 113 114 29
D 384 67 3 105 344 354 385 386 29
D 352 79 6 353 137 318 249 104 278 242 322 274 359 384 8
D 389 41 2 75 74 73 8
D 390 41 2 75 81 73 29
D 388 43 2 389 76 390 8
D 391 43 2 389 101 390 29
D 387 47 2 388 311 391 8
D 395 65 2 113 112 111 8
D 394 63 2 106 395 114 8
D 397 65 2 113 136 111 29
D 396 63 2 106 397 114 29
D 393 67 2 394 356 396 8
D 406 131 2 207 368 218 8
D 405 129 2 219 406 205 8
D 404 127 2 200 405 220 8
D 403 123 2 195 404 222 8
D 402 119 2 187 403 224 8
D 401 113 2 179 402 227 8
D 409 111 2 182 229 184 8
D 408 109 2 180 409 185 8
D 411 111 2 182 183 184 229
D 410 109 2 180 411 185 29
D 407 113 3 371 256 408 186 410 8
D 400 107 6 168 401 369 407 252 362 290 325 333 281 375 8
D 399 99 2 153 400 234 8
D 412 83 2 139 339 150 8
D 416 97 2 163 162 161 8
D 415 95 2 159 416 164 8
D 414 93 2 154 415 165 8
D 419 97 2 163 237 161 29
D 418 95 2 159 419 164 29
D 417 93 2 154 418 165 29
D 413 99 2 414 167 417 8
D 422 87 2 146 241 148 8
D 421 85 2 144 422 149 301
D 420 83 3 139 421 382 342 383 29
D 398 89 7 138 399 412 413 268 360 296 323 337 279 378 250 420 8
D 425 65 2 113 112 111 136
D 424 63 2 106 425 114 8
D 427 65 2 113 136 111 8
D 426 63 2 106 427 114 29
D 423 67 3 105 344 424 385 426 29
D 392 79 7 393 137 353 249 318 278 104 322 242 359 274 398 423 8
D 430 41 2 73 81 75 8
D 431 41 2 73 74 75 29
D 429 43 2 430 76 431 8
D 432 43 2 430 101 431 29
D 428 47 2 429 311 432 8
D 437 73 2 123 131 125 8
D 438 73 2 123 124 125 29
D 436 75 2 437 126 438 8
D 435 71 2 244 436 248 8
D 434 67 2 105 435 134 8
D 446 125 2 201 221 203 8
D 447 129 2 205 406 219 8
D 448 125 2 201 202 203 29
D 445 127 2 446 447 448 8
D 444 123 2 195 445 222 8
D 443 119 2 187 444 224 8
D 442 113 2 179 443 227 8
D 452 117 2 192 191 190 8
D 451 115 2 188 452 193 8
D 454 117 2 192 226 190 29
D 453 115 2 188 454 193 29
D 450 119 2 451 194 453 8
D 456 111 2 184 229 182 8
D 455 109 2 180 456 185 29
D 449 113 4 408 256 179 450 371 282 455 8
D 441 107 6 168 442 369 449 252 401 290 362 333 325 375 8
D 440 99 2 153 441 234 8
D 459 91 2 155 166 157 8
D 460 91 2 155 156 157 29
D 458 93 2 459 158 460 8
D 461 93 3 154 418 459 235 157 29
D 457 99 3 458 167 414 251 461 8
D 439 89 7 138 440 412 457 268 399 296 360 337 323 378 279 420 8
D 464 75 3 437 307 122 305 125 29
D 463 71 3 244 464 345 306 346 29
D 462 67 3 105 463 424 385 426 29
D 433 79 8 434 137 393 249 353 278 318 322 104 359 242 398 274 439 462 8
D 468 53 2 91 97 89 8
D 469 53 2 91 90 89 29
D 467 55 2 468 92 469 8
D 466 51 2 83 467 98 8
D 465 47 2 71 466 100 8
D 474 73 2 125 124 123 8
D 475 73 2 125 131 123 29
D 473 75 2 474 126 475 8
D 472 71 2 244 473 248 8
D 471 67 2 105 472 134 8
D 480 109 2 185 181 180 8
D 481 119 2 451 257 453 8
D 482 109 2 180 456 185 228
D 479 113 5 408 282 480 186 179 481 371 326 482 8
D 487 125 2 203 202 201 8
D 488 125 2 203 221 201 29
D 486 127 2 487 447 488 8
D 485 123 2 195 486 222 8
D 484 119 2 187 485 224 8
D 483 113 2 179 484 227 8
D 478 107 6 369 479 168 483 252 442 290 401 333 362 375 8
D 477 99 2 153 478 234 8
D 491 91 2 157 156 155 8
D 492 91 2 157 166 155 29
D 490 93 2 491 158 492 8
D 494 91 2 157 156 155 166
D 495 91 2 157 166 155 8
D 493 93 3 154 418 494 235 495 29
D 489 99 4 490 167 458 251 414 280 493 8
D 476 89 7 138 477 412 489 268 440 296 399 337 360 378 323 420 8
D 499 73 2 125 124 123 131
D 500 73 2 125 131 123 8
D 498 75 3 499 307 122 305 500 29
D 497 71 3 345 306 244 498 346 29
D 496 67 3 424 385 105 497 426 29
D 470 79 9 471 137 434 249 393 278 353 322 318 359 104 398 242 439 274 476 496 8
D 503 49 2 86 85 84 8
D 504 49 2 86 99 84 29
D 502 51 2 503 312 504 8
D 501 47 2 71 502 100 8
D 508 61 2 109 108 107 8
D 509 61 2 109 115 107 29
D 507 63 2 508 110 509 8
D 510 63 2 508 135 509 29
D 506 67 2 507 356 510 8
D 517 117 2 190 226 192 8
D 516 115 2 188 517 193 8
D 519 117 2 190 191 192 226
D 518 115 2 188 519 193 29
D 515 119 3 516 194 451 283 518 8
D 514 113 5 179 515 480 256 408 326 371 363 482 8
D 523 121 2 196 223 198 8
D 524 127 2 200 447 220 8
D 525 121 2 196 197 198 29
D 522 123 2 523 524 525 8
D 521 119 2 187 522 224 8
D 520 113 2 179 521 227 8
D 513 107 6 369 514 252 483 290 442 168 520 333 401 375 8
D 512 99 2 153 513 234 8
D 528 95 2 164 160 159 8
D 527 93 2 154 528 165 8
D 530 95 2 159 419 164 236
D 529 93 3 154 530 494 235 495 29
D 526 99 5 527 167 490 251 458 280 414 324 529 8
D 511 89 7 138 512 412 526 268 477 296 440 337 399 378 360 420 8
D 532 63 3 106 425 508 110 115 8
D 533 63 3 106 427 508 135 115 29
D 531 67 3 532 385 105 497 533 29
D 505 79 10 506 137 471 249 434 278 393 322 353 359 318 398 104 439 242 476 274 511 531 8
D 536 49 2 84 99 86 8
D 537 49 2 84 85 86 29
D 535 51 2 536 312 537 8
D 534 47 2 71 535 100 8
D 541 61 2 107 115 109 8
D 542 61 2 107 108 109 29
D 540 63 2 541 110 542 8
D 543 63 2 541 135 542 29
D 539 67 2 540 356 543 8
D 548 97 2 161 237 163 8
D 547 95 2 159 548 164 8
D 546 93 2 154 547 165 8
D 551 97 2 161 162 163 237
D 550 95 2 159 551 164 236
D 549 93 3 154 550 494 235 495 29
D 545 99 6 546 167 527 251 490 280 458 324 414 361 549 8
D 556 115 2 193 189 188 8
D 557 115 2 188 519 193 225
D 555 119 4 556 194 516 257 451 327 557 8
D 554 113 5 179 555 480 282 408 363 371 402 482 8
D 561 121 2 198 197 196 8
D 562 121 2 198 223 196 29
D 560 123 2 561 524 562 8
D 559 119 2 187 560 224 8
D 558 113 2 179 559 227 8
D 553 107 6 369 554 290 483 333 442 252 520 168 558 375 8
D 552 99 2 153 553 234 8
D 544 89 7 412 545 138 552 268 512 296 477 337 440 378 399 420 8
D 565 61 2 109 108 107 115
D 566 61 2 109 115 107 8
D 564 63 3 106 425 565 110 566 8
D 567 63 3 106 427 565 135 566 29
D 563 67 3 564 385 105 497 567 29
D 538 79 11 539 137 506 249 471 278 434 322 393 359 353 398 318 439 104 476 242 511 274 544 563 8
D 571 57 2 95 94 93 8
D 570 55 2 313 571 314 8
D 569 51 2 83 570 98 8
D 568 47 2 71 569 100 8
D 574 99 6 546 251 527 280 490 324 458 361 414 400 549 8
D 578 119 4 556 257 516 283 451 364 557 8
D 577 113 5 179 578 480 326 408 402 371 443 482 8
D 580 103 2 176 295 171 173
D 579 101 2 169 580 177 336
D 576 107 5 333 483 369 577 290 520 252 558 579 8
D 575 99 2 153 576 234 8
D 573 89 7 412 574 268 552 138 575 296 512 337 477 378 440 420 8
D 572 79 11 539 249 506 278 471 322 434 359 393 398 353 439 318 476 104 511 242 544 274 573 563 8
L 585 58 40
D 584 57 2 93 585 95 8
D 583 55 2 313 584 314 8
D 582 51 2 83 583 98 8
D 581 47 2 71 582 100 8
D 588 99 6 546 280 527 324 490 361 458 400 414 441 549 8
D 592 119 4 556 283 516 327 451 403 557 8
D 591 113 5 179 592 480 363 408 443 371 484 482 8
D 593 101 2 177 336 169 295
D 590 107 4 333 520 369 591 290 558 593 8
D 589 99 2 153 590 234 8
D 587 89 7 412 588 296 552 268 575 138 589 337 512 378 477 420 8
D 586 79 11 539 278 506 322 471 359 434 398 393 439 353 476 318 511 104 544 242 573 274 587 563 8
D 596 45 2 79 78 77 102
D 597 41 2 75 74 73 81
D 598 41 2 75 81 73 8
D 595 43 3 72 596 597 76 598 8
D 601 57 2 93 585 95 29
D 600 55 2 313 601 314 29
D 599 51 2 83 600 98 29
D 603 49 2 86 85 84 99
D 605 53 2 89 90 91 97
D 606 57 2 93 94 95 585
D 607 53 2 89 97 91 8
D 604 55 3 605 601 313 606 607 29
D 608 49 2 86 99 84 8
D 602 51 3 603 600 83 604 608 29
D 610 45 2 79 102 77 8
D 609 43 3 72 610 597 101 598 29
D 594 47 3 595 599 71 602 609 29
D 69 59 11 70 103 308 317 347 352 387 392 428 433 465 470 501 505 534 538 568 572 581 586 594 8
D 613 29 2 50 65 52 8
D 615 33 2 57 56 55 8
D 616 33 2 57 63 55 29
D 614 35 2 615 58 616 8
D 617 29 2 50 51 52 29
D 612 31 2 613 614 617 8
D 611 27 2 37 612 66 8
D 621 99 6 546 324 527 361 490 400 458 441 414 478 549 8
D 625 119 4 556 327 516 364 451 444 557 8
D 624 113 5 179 625 480 402 408 484 371 521 482 8
D 623 107 3 333 558 369 624 336 8
D 622 99 2 153 623 234 8
D 620 89 7 412 621 337 552 296 575 268 589 138 622 378 512 420 8
D 619 79 11 539 322 506 359 471 398 434 439 393 476 353 511 318 544 104 573 242 587 274 620 563 8
D 618 59 11 70 317 308 352 347 392 387 433 428 470 465 505 501 538 534 572 568 586 581 619 594 8
D 628 29 2 52 51 50 8
D 629 29 2 52 65 50 29
D 627 31 2 628 614 629 8
D 626 27 2 37 627 66 8
D 633 99 6 546 361 527 400 490 441 458 478 414 513 549 8
D 637 119 4 556 364 516 403 451 485 557 8
D 636 113 5 179 637 480 443 408 521 371 559 482 8
D 638 101 2 169 336 177 29
D 635 107 2 369 636 638 8
D 634 99 2 153 635 234 8
D 632 89 7 378 552 412 633 337 575 296 589 268 622 138 634 420 8
D 631 79 11 539 359 506 398 471 439 434 476 393 511 353 544 318 573 104 587 242 620 274 632 563 8
D 630 59 11 70 352 308 392 347 433 387 470 428 505 465 538 501 572 534 586 568 619 581 631 594 8
D 641 21 2 41 40 39 8
D 642 21 2 41 47 39 29
D 640 23 2 641 42 642 8
D 643 31 2 49 614 64 8
D 644 23 2 641 67 642 29
D 639 27 2 640 643 644 8
D 648 99 6 546 400 527 441 490 478 458 513 414 553 549 8
D 652 119 4 556 403 516 444 451 522 557 8
D 653 109 2 185 228 180 184
D 651 113 4 179 652 480 484 408 559 653 8
D 650 107 2 369 651 638 8
D 649 99 2 153 650 234 8
D 647 89 7 378 575 412 648 337 589 296 622 268 634 138 649 420 8
D 646 79 11 539 398 506 439 471 476 434 511 393 544 353 573 318 587 104 620 242 632 274 647 563 8
D 645 59 11 70 392 308 433 347 470 387 505 428 538 465 572 501 586 534 619 568 631 581 646 594 8
D 656 21 2 39 47 41 8
D 657 21 2 39 40 41 29
D 655 23 2 656 42 657 8
D 658 23 2 656 67 657 29
D 654 27 2 655 643 658 8
D 662 99 6 546 441 527 478 490 513 458 553 414 576 549 8
D 666 119 4 556 444 516 485 451 560 557 8
D 665 113 3 179 666 480 521 228 8
D 664 107 2 369 665 638 8
D 663 99 2 153 664 234 8
D 661 89 7 378 589 412 662 337 622 296 634 268 649 138 663 420 8
D 660 79 11 539 439 506 476 471 511 434 544 393 573 353 587 318 620 104 632 242 647 274 661 563 8
D 659 59 11 70 433 308 470 347 505 387 538 428 572 465 586 501 619 534 631 568 646 581 660 594 8
D 669 25 2 45 44 43 8
D 668 23 2 38 669 46 8
D 671 25 2 45 68 43 29
D 670 23 2 38 671 46 29
D 667 27 2 668 643 670 8
D 675 99 6 546 478 527 513 490 553 458 576 414 590 549 8
D 681 117 2 190 191 192 29
D 680 115 2 188 681 193 225
D 679 119 3 556 485 516 522 680 8
D 678 113 3 179 679 480 559 228 8
D 677 107 2 369 678 638 8
D 676 99 2 153 677 234 8
D 674 89 7 378 622 412 675 337 634 296 649 268 663 138 676 420 8
D 673 79 11 539 476 506 511 471 544 434 573 393 587 353 620 318 632 104 647 242 661 274 674 563 8
D 672 59 11 70 470 308 505 347 538 387 572 428 586 465 619 501 631 534 646 568 660 581 673 594 8
D 684 25 2 43 68 45 8
D 683 23 2 38 684 46 8
D 686 25 2 43 44 45 29
D 685 23 2 38 686 46 29
D 682 27 2 683 643 685 8
D 690 99 6 546 513 527 553 490 576 458 590 414 623 549 8
D 694 119 3 556 522 516 560 680 8
D 693 113 2 179 694 227 8
D 692 107 2 369 693 638 8
D 691 99 2 153 692 234 8
D 689 89 7 378 634 412 690 337 649 296 663 268 676 138 691 420 8
D 688 79 11 539 511 506 544 471 573 434 587 393 620 353 632 318 647 104 661 242 674 274 689 563 8
D 687 59 11 70 505 308 538 347 572 387 586 428 619 465 631 501 646 534 660 568 673 581 688 594 8
D 698 33 2 57 63 55 8
D 699 33 2 57 56 55 29
D 697 35 2 698 58 699 8
D 696 31 2 49 697 64 8
D 695 27 2 37 696 66 8
D 703 99 6 546 553 527 576 490 590 458 623 414 635 549 8
D 708 115 2 193 225 188 29
D 707 119 2 556 560 708 8
D 706 113 2 179 707 227 8
D 705 107 2 369 706 638 8
D 704 99 2 153 705 234 8
D 702 89 7 378 649 412 703 337 663 296 676 268 691 138 704 420 8
D 701 79 11 539 544 506 573 471 587 434 620 393 632 353 647 318 661 104 674 242 689 274 702 563 8
D 700 59 11 70 538 308 572 347 586 387 619 428 631 465 646 501 660 534 673 568 688 581 701 594 8
L 713 38 19
D 712 37 2 59 713 61 8
D 711 35 2 615 712 616 8
D 710 31 2 49 711 64 8
D 709 27 2 37 710 66 8
D 717 99 6 546 576 527 590 490 623 458 635 414 650 549 8
D 719 85 2 149 301 144 146
D 718 83 3 139 719 382 342 383 29
D 716 89 6 378 663 412 717 337 676 296 691 268 704 718 8
D 715 79 11 539 573 506 587 471 620 434 632 393 647 353 661 318 674 104 689 242 702 274 716 563 8
D 714 59 11 70 572 308 586 347 619 387 631 428 646 465 660 501 673 534 688 568 701 581 715 594 8
D 723 37 2 61 60 59 8
D 722 35 2 615 723 616 8
D 721 31 2 49 722 64 8
D 720 27 2 37 721 66 8
D 727 99 6 546 590 527 623 490 635 458 650 414 664 549 8
D 728 83 3 382 342 139 301 383 29
D 726 89 5 378 676 412 727 337 691 296 704 728 8
D 725 79 11 539 587 506 620 471 632 434 647 393 661 353 674 318 689 104 702 242 716 274 726 563 8
D 724 59 11 70 586 308 619 347 631 387 646 428 660 465 673 501 688 534 701 568 715 581 725 594 8
D 731 25 2 45 44 43 68
D 732 21 2 41 40 39 47
D 733 21 2 41 47 39 8
D 730 23 3 38 731 732 42 733 8
D 736 37 2 59 713 61 29
D 735 35 2 615 736 616 29
D 734 31 2 49 735 64 29
D 738 29 2 52 51 50 65
D 740 33 2 55 56 57 63
D 741 37 2 59 60 61 713
D 742 33 2 55 63 57 8
D 739 35 3 740 736 615 741 742 29
D 743 29 2 52 65 50 8
D 737 31 3 738 735 49 739 743 29
D 745 25 2 45 68 43 8
D 744 23 3 38 745 732 67 733 29
D 729 27 3 730 734 37 737 744 29
D 35 39 11 36 69 611 618 626 630 639 645 654 659 667 672 682 687 695 700 709 714 720 724 729 8
D 748 3 2 5 34 7 8
D 747 1 2 3 748 9 8
D 751 11 2 17 28 19 8
D 752 11 2 17 18 19 29
D 750 13 2 751 20 752 8
D 749 9 2 11 750 30 8
D 754 3 2 5 6 7 29
D 753 1 2 3 754 9 29
D 746 5 2 747 749 753 8
D 759 99 6 546 623 527 635 490 650 458 664 414 677 549 8
D 761 81 2 142 141 140 29
D 760 83 2 761 342 383 29
D 758 89 4 378 691 412 759 337 704 760 8
D 757 79 11 539 620 506 632 471 647 434 661 393 674 353 689 318 702 104 716 242 726 274 758 563 8
D 756 59 11 70 619 308 631 347 646 387 660 428 673 465 688 501 701 534 715 568 725 581 757 594 8
D 755 39 11 36 618 611 630 626 645 639 659 654 672 667 687 682 700 695 714 709 724 720 756 729 8
D 763 1 2 9 4 3 8
D 764 1 2 9 33 3 29
D 762 5 2 763 749 764 8
D 769 99 6 546 635 527 650 490 664 458 677 414 692 549 8
D 770 83 2 141 342 151 29
D 768 89 3 378 704 412 769 770 8
D 767 79 11 539 632 506 647 471 661 434 674 393 689 353 702 318 716 104 726 242 758 274 768 563 8
D 766 59 11 70 631 308 646 347 660 387 673 428 688 465 701 501 715 534 725 568 757 581 767 594 8
D 765 39 11 36 630 611 645 626 659 639 672 654 687 667 700 682 714 695 724 709 756 720 766 729 8
D 773 3 2 7 6 5 8
D 772 1 2 3 773 9 8
D 775 3 2 7 34 5 29
D 774 1 2 3 775 9 29
D 771 5 2 772 749 774 8
D 780 99 6 546 650 527 664 490 677 458 692 414 705 549 8
D 781 83 2 139 342 150 29
D 779 89 2 412 780 781 8
D 778 79 11 539 647 506 661 471 674 434 689 393 702 353 716 318 726 104 758 242 768 274 779 563 8
D 777 59 11 70 646 308 660 347 673 387 688 428 701 465 715 501 725 534 757 568 767 581 778 594 8
D 776 39 11 36 645 611 659 626 672 639 687 654 700 667 714 682 724 695 756 709 766 720 777 729 8
D 785 11 2 19 28 17 8
D 786 11 2 19 18 17 29
D 784 13 2 785 20 786 8
D 783 9 2 11 784 30 8
D 782 5 2 2 783 32 8
D 794 97 2 161 162 163 29
D 793 95 2 164 236 159 794
D 792 93 3 154 793 494 235 495 29
D 791 99 5 546 664 527 677 490 692 458 705 792 8
D 790 89 2 412 791 781 8
D 789 79 11 539 661 506 674 471 689 434 702 393 716 353 726 318 758 104 768 242 779 274 790 563 8
D 788 59 11 70 660 308 673 347 688 387 701 428 715 465 725 501 757 534 767 568 778 581 789 594 8
D 787 39 11 36 659 611 672 626 687 639 700 654 714 667 724 682 756 695 766 709 777 720 788 729 8
D 797 7 2 14 13 12 8
D 798 7 2 14 31 12 29
D 796 9 2 797 750 798 8
D 795 5 2 2 796 32 8
D 804 93 3 154 793 491 235 166 29
D 803 99 4 546 677 527 692 490 705 804 8
D 802 89 2 412 803 781 8
D 801 79 11 539 674 506 689 471 702 434 716 393 726 353 758 318 768 104 779 242 790 274 802 563 8
D 800 59 11 70 673 308 688 347 701 387 715 428 725 465 757 501 767 534 778 568 789 581 801 594 8
D 799 39 11 36 672 611 687 626 700 639 714 654 724 667 756 682 766 695 777 709 788 720 800 729 8
D 807 7 2 12 31 14 8
D 808 7 2 12 13 14 29
D 806 9 2 807 750 808 8
D 805 5 2 2 806 32 8
D 814 93 2 154 793 165 29
D 813 99 3 546 692 527 705 814 8
D 812 89 2 412 813 781 8
D 811 79 11 539 689 506 702 471 716 434 726 393 758 353 768 318 779 104 790 242 802 274 812 563 8
D 810 59 11 70 688 308 701 347 715 387 725 428 757 465 767 501 778 534 789 568 801 581 811 594 8
D 809 39 11 36 687 611 700 626 714 639 724 654 756 667 766 682 777 695 788 709 800 720 810 729 8
D 818 15 2 26 22 21 8
D 817 13 2 751 818 752 8
D 816 9 2 11 817 30 8
D 815 5 2 2 816 32 8
D 825 95 2 159 794 164 29
D 824 93 2 154 825 165 29
D 823 99 2 546 705 824 8
D 822 89 2 412 823 781 8
D 821 79 11 539 702 506 716 471 726 434 758 393 768 353 779 318 790 104 802 242 812 274 822 563 8
D 820 59 11 70 701 308 715 347 725 387 757 428 767 465 778 501 789 534 801 568 811 581 821 594 8
D 819 39 11 36 700 611 714 626 724 639 756 654 766 667 777 682 788 695 800 709 810 720 820 729 8
D 830 17 2 25 24 23 8
D 829 15 2 21 830 26 8
D 828 13 2 751 829 752 8
D 827 9 2 11 828 30 8
D 826 5 2 2 827 32 8
D 837 77 2 127 128 129 29
D 836 75 3 122 837 499 307 500 29
D 835 71 3 244 836 345 306 346 29
D 834 67 3 105 835 564 385 567 29
D 833 79 10 539 716 506 726 471 758 434 768 393 779 353 790 318 802 104 812 242 822 834 8
D 832 59 11 70 715 308 725 347 757 387 767 428 778 465 789 501 801 534 811 568 821 581 833 594 8
D 831 39 11 36 714 611 724 626 756 639 766 654 777 667 788 682 800 695 810 709 820 720 832 729 8
L 843 18 10
D 842 17 2 23 843 25 8
D 841 15 2 21 842 26 8
D 840 13 2 751 841 752 8
D 839 9 2 11 840 30 8
D 838 5 2 2 839 32 8
D 850 73 2 123 124 125 131
D 849 75 2 499 307 850 29
D 848 71 3 244 849 345 306 346 29
D 847 67 3 105 848 564 385 567 29
D 846 79 9 539 726 506 758 471 768 434 779 393 790 353 802 318 812 104 822 847 8
D 845 59 11 70 725 308 757 347 767 387 778 428 789 465 801 501 811 534 821 568 833 581 846 594 8
D 844 39 11 36 724 611 756 626 766 639 777 654 788 667 800 682 810 695 820 709 832 720 845 729 8
D 855 17 2 23 24 25 843
D 856 17 2 23 843 25 29
D 854 15 2 21 855 26 856
D 857 11 2 19 28 17 18
D 858 15 2 21 856 26 29
D 859 11 2 19 18 17 8
D 853 13 3 751 854 857 858 859 29
D 860 7 2 14 13 12 31
D 861 13 2 751 858 752 29
D 862 7 2 14 31 12 8
D 852 9 3 11 853 860 861 862 29
D 864 3 2 7 6 5 34
D 863 1 2 3 864 9 4
D 865 9 2 11 861 30 29
D 867 3 2 7 34 5 8
D 866 1 2 3 867 9 33
D 851 5 3 2 852 863 865 866 29
D 0 19 11 1 35 746 755 762 765 771 776 782 787 795 799 805 809 815 819 826 831 838 844 851 8
