c ids of sdd nodes start at 0
c sdd nodes appear bottom-up, children before parents
c
c file syntax:
c sdd count-of-sdd-nodes
c F id-of-false-sdd-node
c T id-of-true-sdd-node
c L id-of-literal-sdd-node id-of-vtree literal
c D id-of-decomposition-sdd-node id-of-vtree number-of-elements {id-of-prime id-of-sub}*
c
sdd 864
L 3 0 -3
L 5 2 -4
L 6 4 -2
L 7 2 4
F 8
D 4 3 2 5 6 7 8
L 9 0 3
D 2 1 2 3 4 9 8
L 12 6 -6
L 13 8 -7
L 14 6 6
D 11 7 2 12 13 14 8
L 17 10 -5
L 18 12 1
L 19 10 5
D 16 11 2 17 18 19 8
L 21 14 -8
L 23 16 -9
L 24 18 -10
L 25 16 9
D 22 17 2 23 24 25 8
L 26 14 8
D 20 15 2 21 22 26 8
L 28 12 -1
T 29
D 27 11 2 17 28 19 29
D 15 13 2 16 20 27 8
L 31 8 7
D 30 7 2 12 31 14 29
D 10 9 2 11 15 30 8
L 34 4 2
D 33 3 2 5 34 7 29
D 32 1 2 3 33 9 29
D 1 5 2 2 10 32 8
L 39 20 -14
L 40 22 -15
L 41 20 14
D 38 21 2 39 40 41 8
L 43 24 -16
L 44 26 -17
L 45 24 16
D 42 25 2 43 44 45 8
L 47 22 15
D 46 21 2 39 47 41 29
D 37 23 2 38 42 46 8
L 50 28 -13
L 51 30 -12
L 52 28 13
D 49 29 2 50 51 52 8
L 55 32 11
L 56 34 -18
L 57 32 -11
D 54 33 2 55 56 57 8
L 59 36 -20
L 60 38 -19
L 61 36 20
D 58 37 2 59 60 61 8
L 63 34 18
D 62 33 2 55 63 57 29
D 53 35 2 54 58 62 8
L 65 30 12
D 64 29 2 50 65 52 29
D 48 31 2 49 53 64 8
L 68 26 17
D 67 25 2 43 68 45 29
D 66 23 2 38 67 46 29
D 36 27 2 37 48 66 8
L 73 40 -34
L 74 42 -35
L 75 40 34
D 72 41 2 73 74 75 8
L 77 44 32
L 78 46 -33
L 79 44 -32
D 76 45 2 77 78 79 8
L 81 42 35
D 80 41 2 73 81 75 29
D 71 43 2 72 76 80 8
L 84 48 -37
L 85 50 -38
L 86 48 37
D 83 49 2 84 85 86 8
L 89 52 -31
L 90 54 -36
L 91 52 31
D 88 53 2 89 90 91 8
L 93 56 -39
L 94 58 -40
L 95 56 39
D 92 57 2 93 94 95 8
L 97 54 36
D 96 53 2 89 97 91 29
D 87 55 2 88 92 96 8
L 99 50 38
D 98 49 2 84 99 86 29
D 82 51 2 83 87 98 8
L 102 46 33
D 101 45 2 77 102 79 29
D 100 43 2 72 101 80 29
D 70 47 2 71 82 100 8
L 107 60 -22
L 108 62 -21
L 109 60 22
D 106 61 2 107 108 109 8
L 111 64 -25
L 112 66 -26
L 113 64 25
D 110 65 2 111 112 113 8
L 115 62 21
D 114 61 2 107 115 109 29
D 105 63 2 106 110 114 8
L 118 68 -27
L 119 70 -28
L 120 68 27
D 117 69 2 118 119 120 8
L 123 72 -23
L 124 74 -24
L 125 72 23
D 122 73 2 123 124 125 8
L 127 76 30
L 128 78 -29
L 129 76 -30
D 126 77 2 127 128 129 8
L 131 74 24
D 130 73 2 123 131 125 29
D 121 75 2 122 126 130 8
L 133 70 28
D 132 69 2 118 133 120 29
D 116 71 2 117 121 132 8
L 136 66 26
D 135 65 2 111 136 113 29
D 134 63 2 106 135 114 29
D 104 67 2 105 116 134 8
L 140 80 -46
L 141 82 -47
L 142 80 46
D 139 81 2 140 141 142 8
L 144 84 -48
L 146 86 50
L 147 88 -49
L 148 86 -50
D 145 87 2 146 147 148 8
L 149 84 48
D 143 85 2 144 145 149 8
L 151 82 47
D 150 81 2 140 151 142 29
D 138 83 2 139 143 150 8
L 155 90 -43
L 156 92 -44
L 157 90 43
D 154 91 2 155 156 157 8
L 159 94 -42
L 161 96 -45
L 162 98 -41
L 163 96 45
D 160 97 2 161 162 163 8
L 164 94 42
D 158 95 2 159 160 164 8
L 166 92 44
D 165 91 2 155 166 157 29
D 153 93 2 154 158 165 8
L 169 100 -57
L 171 102 -58
L 173 104 60
L 174 106 -59
L 175 104 -60
D 172 105 2 173 174 175 8
L 176 102 58
D 170 103 2 171 172 176 8
L 177 100 57
D 168 101 2 169 170 177 8
L 180 108 -53
L 182 110 -56
L 183 112 -55
L 184 110 56
D 181 111 2 182 183 184 8
L 185 108 53
D 179 109 2 180 181 185 8
L 188 114 -51
L 190 116 -54
L 191 118 -52
L 192 116 54
D 189 117 2 190 191 192 8
L 193 114 51
D 187 115 2 188 189 193 8
L 196 120 -61
L 197 122 -62
L 198 120 61
D 195 121 2 196 197 198 8
L 201 124 -63
L 202 126 -64
L 203 124 63
D 200 125 2 201 202 203 8
L 205 128 -65
L 207 130 -66
L 209 132 -67
L 211 134 -68
L 213 136 -69
L 214 138 70
L 215 136 69
D 212 137 2 213 214 215 8
L 216 134 68
D 210 135 2 211 212 216 8
L 217 132 67
D 208 133 2 209 210 217 8
L 218 130 66
D 206 131 2 207 208 218 8
L 219 128 65
D 204 129 2 205 206 219 8
L 221 126 64
D 220 125 2 201 221 203 29
D 199 127 2 200 204 220 8
L 223 122 62
D 222 121 2 196 223 198 29
D 194 123 2 195 199 222 8
L 226 118 52
D 225 117 2 190 226 192 29
D 224 115 2 188 225 193 29
D 186 119 2 187 194 224 8
L 229 112 55
D 228 111 2 182 229 184 29
D 227 109 2 180 228 185 29
D 178 113 2 179 186 227 8
L 233 106 59
D 232 105 2 173 233 175 29
D 231 103 2 171 232 176 29
D 230 101 2 169 231 177 29
D 167 107 2 168 178 230 8
L 237 98 41
D 236 97 2 161 237 163 29
D 235 95 2 159 236 164 29
D 234 93 2 154 235 165 29
D 152 99 2 153 167 234 8
L 241 88 49
D 240 87 2 146 241 148 29
D 239 85 2 144 240 149 29
D 238 83 2 139 239 150 29
D 137 89 2 138 152 238 8
L 246 78 29
D 245 77 2 127 246 129 29
D 244 75 2 122 245 130 29
D 243 71 2 117 244 132 29
D 242 67 2 105 243 134 29
D 103 79 2 104 137 242 8
D 249 45 2 79 102 77 8
D 248 43 2 72 249 80 8
D 251 45 2 79 78 77 29
D 250 43 2 72 251 80 29
D 247 47 2 248 82 250 8
D 256 77 2 129 246 127 8
D 255 75 2 122 256 130 8
D 254 71 2 117 255 132 8
D 253 67 2 105 254 134 8
D 262 105 2 175 233 173 8
D 261 103 2 171 262 176 8
D 260 101 2 169 261 177 8
L 272 138 -70
D 271 137 2 215 272 213 8
D 270 135 2 211 271 216 8
D 269 133 2 209 270 217 8
D 268 131 2 207 269 218 8
D 267 129 2 205 268 219 8
D 266 127 2 200 267 220 8
D 265 123 2 195 266 222 8
D 264 119 2 187 265 224 8
D 263 113 2 179 264 227 8
D 275 105 2 175 174 173 233
D 274 103 2 171 275 176 29
D 273 101 2 169 274 177 29
D 259 107 3 260 178 168 263 273 8
D 258 99 2 153 259 234 8
D 278 87 2 148 241 146 8
D 277 85 2 144 278 149 8
D 276 83 2 139 277 150 8
D 281 87 2 148 147 146 241
D 280 85 2 144 281 149 29
D 279 83 2 139 280 150 29
D 257 89 3 138 258 276 152 279 8
D 285 77 2 129 128 127 246
D 284 75 2 122 285 130 29
D 283 71 2 117 284 132 29
D 282 67 2 105 283 134 29
D 252 79 3 253 137 104 257 282 8
D 288 41 2 75 74 73 8
D 289 45 2 79 78 77 8
D 290 41 2 75 81 73 29
D 287 43 2 288 289 290 8
D 292 45 2 79 102 77 29
D 291 43 2 288 292 290 29
D 286 47 2 287 82 291 8
D 296 69 2 118 133 120 8
D 298 77 2 129 128 127 8
D 297 75 2 122 298 130 8
D 299 69 2 118 119 120 29
D 295 71 2 296 297 299 8
D 294 67 2 105 295 134 8
D 311 137 2 213 272 215 8
D 310 135 2 216 311 211 8
D 309 133 2 209 310 217 8
D 308 131 2 207 309 218 8
D 307 129 2 205 308 219 8
D 306 127 2 200 307 220 8
D 305 123 2 195 306 222 8
D 304 119 2 187 305 224 8
D 303 113 2 179 304 227 8
D 314 105 2 175 174 173 8
D 313 103 2 176 314 171 8
D 312 101 2 169 313 177 8
D 317 105 2 175 233 173 29
D 316 103 2 171 275 176 317
D 315 101 2 169 316 177 29
D 302 107 4 168 303 312 178 260 263 315 8
D 301 99 2 153 302 234 8
D 320 87 2 148 147 146 8
D 319 85 2 149 320 144 8
D 318 83 2 139 319 150 8
D 323 87 2 148 241 146 29
D 322 85 2 144 281 149 323
D 321 83 2 139 322 150 29
D 300 89 4 138 301 276 258 318 152 321 8
D 327 77 2 129 246 127 29
D 326 75 2 122 327 130 29
D 325 71 3 117 284 296 326 120 29
D 324 67 2 105 325 134 29
D 293 79 4 294 137 253 257 104 300 324 8
D 330 41 2 73 81 75 8
D 331 41 2 73 74 75 29
D 329 43 2 330 289 331 8
D 332 43 2 330 292 331 29
D 328 47 2 329 82 332 8
D 336 69 2 120 119 118 8
D 337 69 2 120 133 118 29
D 335 71 2 336 297 337 8
D 334 67 2 105 335 134 8
D 348 135 2 211 311 216 8
D 347 133 2 217 348 209 8
D 346 131 2 207 347 218 8
D 345 129 2 205 346 219 8
D 344 127 2 200 345 220 8
D 343 123 2 195 344 222 8
D 342 119 2 187 343 224 8
D 341 113 2 179 342 227 8
D 350 103 2 171 314 176 8
D 349 101 2 177 350 169 8
D 352 103 2 171 317 176 29
D 351 101 2 169 316 177 352
D 340 107 5 168 341 260 303 349 178 312 263 351 8
D 339 99 2 153 340 234 8
D 354 81 2 140 151 142 8
D 355 85 2 144 320 149 8
D 356 81 2 140 141 142 29
D 353 83 2 354 355 356 8
D 358 85 2 144 323 149 29
D 357 83 3 139 322 354 358 142 29
D 338 89 5 138 339 276 301 318 258 353 152 357 8
D 361 69 2 120 119 118 133
D 362 69 2 120 133 118 8
D 360 71 3 117 284 361 326 362 29
D 359 67 2 105 360 134 29
D 333 79 5 334 137 294 257 253 300 104 338 359 8
D 364 43 2 72 289 80 8
D 367 53 2 89 97 91 8
D 368 53 2 89 90 91 29
D 366 55 2 367 92 368 8
D 365 51 2 83 366 98 8
D 369 43 2 72 292 80 29
D 363 47 2 364 365 369 8
D 373 65 2 111 136 113 8
D 372 63 2 106 373 114 8
D 374 71 2 117 297 132 8
D 376 65 2 111 112 113 29
D 375 63 2 106 376 114 29
D 371 67 2 372 374 375 8
D 386 133 2 209 348 217 8
D 385 131 2 218 386 207 8
D 384 129 2 205 385 219 8
D 383 127 2 200 384 220 8
D 382 123 2 195 383 222 8
D 381 119 2 187 382 224 8
D 380 113 2 179 381 227 8
D 387 101 2 169 350 177 8
D 390 111 2 184 183 182 8
D 389 109 2 180 390 185 8
D 392 111 2 184 229 182 29
D 391 109 2 180 392 185 29
D 388 113 2 389 186 391 8
D 395 105 2 173 233 175 8
D 394 103 2 171 395 176 317
D 393 101 2 169 394 177 352
D 379 107 6 168 380 387 388 260 341 312 303 349 263 393 8
D 378 99 2 153 379 234 8
D 397 81 2 142 141 140 8
D 398 81 2 142 151 140 29
D 396 83 2 397 355 398 8
D 400 81 2 142 141 140 151
D 401 81 2 142 151 140 8
D 399 83 3 139 322 400 358 401 29
D 377 89 6 138 378 276 339 318 301 353 258 396 152 399 8
D 403 71 2 117 326 132 29
D 404 63 2 106 113 114 29
D 402 67 3 105 360 372 403 404 29
D 370 79 6 371 137 334 257 294 300 253 338 104 377 402 8
D 407 49 2 86 85 84 8
D 408 49 2 86 99 84 29
D 406 51 2 407 87 408 8
D 405 47 2 364 406 369 8
D 412 65 2 113 112 111 8
D 411 63 2 106 412 114 8
D 414 65 2 113 136 111 29
D 413 63 2 106 414 114 29
D 410 67 2 411 374 413 8
D 423 131 2 207 386 218 8
D 422 129 2 219 423 205 8
D 421 127 2 200 422 220 8
D 420 123 2 195 421 222 8
D 419 119 2 187 420 224 8
D 418 113 2 179 419 227 8
D 426 111 2 182 229 184 8
D 425 109 2 180 426 185 8
D 428 111 2 182 183 184 229
D 427 109 2 180 428 185 29
D 424 113 3 389 264 425 186 427 8
D 417 107 6 168 418 387 424 260 380 312 341 349 303 393 8
D 416 99 2 153 417 234 8
D 429 83 2 139 355 150 8
D 433 97 2 163 162 161 8
D 432 95 2 159 433 164 8
D 431 93 2 154 432 165 8
D 436 97 2 163 237 161 29
D 435 95 2 159 436 164 29
D 434 93 2 154 435 165 29
D 430 99 2 431 167 434 8
D 439 87 2 146 241 148 8
D 438 85 2 144 439 149 323
D 437 83 3 139 438 400 358 401 29
D 415 89 7 138 416 429 430 276 378 318 339 353 301 396 258 437 8
D 442 65 2 113 112 111 136
D 441 63 2 106 442 114 8
D 444 65 2 113 136 111 8
D 443 63 2 106 444 114 29
D 440 67 3 105 360 441 403 443 29
D 409 79 7 410 137 371 257 334 300 294 338 253 377 104 415 440 8
D 447 49 2 84 99 86 8
D 448 49 2 84 85 86 29
D 446 51 2 447 87 448 8
D 445 47 2 364 446 369 8
D 453 73 2 123 131 125 8
D 454 73 2 123 124 125 29
D 452 75 2 453 298 454 8
D 451 71 2 117 452 132 8
D 450 67 2 105 451 134 8
D 462 125 2 201 221 203 8
D 463 129 2 205 423 219 8
D 464 125 2 201 202 203 29
D 461 127 2 462 463 464 8
D 460 123 2 195 461 222 8
D 459 119 2 187 460 224 8
D 458 113 2 179 459 227 8
D 468 117 2 192 191 190 8
D 467 115 2 188 468 193 8
D 470 117 2 192 226 190 29
D 469 115 2 188 470 193 29
D 466 119 2 467 194 469 8
D 472 111 2 184 229 182 8
D 471 109 2 180 472 185 29
D 465 113 4 425 264 179 466 389 304 471 8
D 457 107 6 168 458 387 465 260 418 312 380 349 341 393 8
D 456 99 2 153 457 234 8
D 475 91 2 155 166 157 8
D 476 91 2 155 156 157 29
D 474 93 2 475 158 476 8
D 477 93 3 154 435 475 235 157 29
D 473 99 3 474 167 431 259 477 8
D 455 89 7 138 456 429 473 276 416 318 378 353 339 396 301 437 8
D 480 75 3 453 327 122 285 125 29
D 479 71 3 117 480 361 326 362 29
D 478 67 3 105 479 441 403 443 29
D 449 79 8 450 137 410 257 371 300 334 338 294 377 253 415 104 455 478 8
D 484 57 2 95 94 93 8
D 483 55 2 88 484 96 8
D 482 51 2 83 483 98 8
D 481 47 2 364 482 369 8
D 489 73 2 125 124 123 8
D 490 73 2 125 131 123 29
D 488 75 2 489 298 490 8
D 487 71 2 117 488 132 8
D 486 67 2 105 487 134 8
D 495 109 2 185 181 180 8
D 496 119 2 467 265 469 8
D 497 109 2 180 472 185 228
D 494 113 5 425 304 495 186 179 496 389 342 497 8
D 502 125 2 203 202 201 8
D 503 125 2 203 221 201 29
D 501 127 2 502 463 503 8
D 500 123 2 195 501 222 8
D 499 119 2 187 500 224 8
D 498 113 2 179 499 227 8
D 493 107 6 387 494 168 498 260 458 312 418 349 380 393 8
D 492 99 2 153 493 234 8
D 506 91 2 157 156 155 8
D 507 91 2 157 166 155 29
D 505 93 2 506 158 507 8
D 509 91 2 157 156 155 166
D 510 91 2 157 166 155 8
D 508 93 3 154 435 509 235 510 29
D 504 99 4 505 167 474 259 431 302 508 8
D 491 89 7 138 492 429 504 276 456 318 416 353 378 396 339 437 8
D 514 73 2 125 124 123 131
D 515 73 2 125 131 123 8
D 513 75 3 514 327 122 285 515 29
D 512 71 3 361 326 117 513 362 29
D 511 67 3 441 403 105 512 443 29
D 485 79 9 486 137 450 257 410 300 371 338 334 377 294 415 253 455 104 491 511 8
L 520 58 40
D 519 57 2 93 520 95 8
D 518 55 2 88 519 96 8
D 517 51 2 83 518 98 8
D 516 47 2 364 517 369 8
D 524 61 2 109 108 107 8
D 525 61 2 109 115 107 29
D 523 63 2 524 110 525 8
D 526 63 2 524 135 525 29
D 522 67 2 523 374 526 8
D 533 117 2 190 226 192 8
D 532 115 2 188 533 193 8
D 535 117 2 190 191 192 226
D 534 115 2 188 535 193 29
D 531 119 3 532 194 467 305 534 8
D 530 113 5 179 531 495 264 425 342 389 381 497 8
D 539 121 2 196 223 198 8
D 540 127 2 200 463 220 8
D 541 121 2 196 197 198 29
D 538 123 2 539 540 541 8
D 537 119 2 187 538 224 8
D 536 113 2 179 537 227 8
D 529 107 6 387 530 260 498 312 458 168 536 349 418 393 8
D 528 99 2 153 529 234 8
D 544 95 2 164 160 159 8
D 543 93 2 154 544 165 8
D 546 95 2 159 436 164 236
D 545 93 3 154 546 509 235 510 29
D 542 99 5 543 167 505 259 474 302 431 340 545 8
D 527 89 7 138 528 429 542 276 492 318 456 353 416 396 378 437 8
D 548 63 3 106 442 524 110 115 8
D 549 63 3 106 444 524 135 115 29
D 547 67 3 548 403 105 512 549 29
D 521 79 10 522 137 486 257 450 300 410 338 371 377 334 415 294 455 253 491 104 527 547 8
D 553 57 2 93 520 95 29
D 554 57 2 93 94 95 520
D 552 55 3 367 553 88 554 91 29
D 555 49 2 86 85 84 99
D 556 55 2 88 553 96 29
D 557 49 2 86 99 84 8
D 551 51 3 83 552 555 556 557 29
D 559 45 2 77 78 79 102
D 560 41 2 75 74 73 81
D 561 41 2 75 81 73 8
D 558 43 3 72 559 560 289 561 8
D 562 51 2 83 556 98 29
D 564 45 2 77 102 79 8
D 563 43 3 72 564 560 292 561 29
D 550 47 3 364 551 558 562 563 29
D 69 59 10 70 103 247 252 286 293 328 333 363 370 405 409 445 449 481 485 516 521 550 8
D 567 29 2 50 65 52 8
D 569 33 2 57 56 55 8
D 570 33 2 57 63 55 29
D 568 35 2 569 58 570 8
D 571 29 2 50 51 52 29
D 566 31 2 567 568 571 8
D 565 27 2 37 566 66 8
D 576 53 2 91 90 89 8
D 577 53 2 91 97 89 29
D 575 55 2 576 92 577 8
D 574 51 2 83 575 98 8
D 573 47 2 364 574 369 8
D 581 61 2 107 115 109 8
D 582 61 2 107 108 109 29
D 580 63 2 581 110 582 8
D 583 63 2 581 135 582 29
D 579 67 2 580 374 583 8
D 588 97 2 161 237 163 8
D 587 95 2 159 588 164 8
D 586 93 2 154 587 165 8
D 591 97 2 161 162 163 237
D 590 95 2 159 591 164 236
D 589 93 3 154 590 509 235 510 29
D 585 99 6 586 167 543 259 505 302 474 340 431 379 589 8
D 596 115 2 193 189 188 8
D 597 115 2 188 535 193 225
D 595 119 4 596 194 532 265 467 343 597 8
D 594 113 5 179 595 495 304 425 381 389 419 497 8
D 601 121 2 198 197 196 8
D 602 121 2 198 223 196 29
D 600 123 2 601 540 602 8
D 599 119 2 187 600 224 8
D 598 113 2 179 599 227 8
D 593 107 6 387 594 312 498 349 458 260 536 168 598 393 8
D 592 99 2 153 593 234 8
D 584 89 7 429 585 138 592 276 528 318 492 353 456 396 416 437 8
D 605 61 2 109 108 107 115
D 606 61 2 109 115 107 8
D 604 63 3 106 442 605 110 606 8
D 607 63 3 106 444 605 135 606 29
D 603 67 3 604 403 105 512 607 29
D 578 79 11 579 137 522 257 486 300 450 338 410 377 371 415 334 455 294 491 253 527 104 584 603 8
D 611 53 2 91 90 89 97
D 612 53 2 91 97 89 8
D 610 55 3 611 553 88 554 612 29
D 609 51 3 555 556 83 610 557 29
D 608 47 3 558 562 364 609 563 29
D 572 59 11 573 103 70 252 247 293 286 333 328 370 363 409 405 449 445 485 481 521 516 578 608 8
D 615 29 2 52 51 50 8
D 616 29 2 52 65 50 29
D 614 31 2 615 568 616 8
D 613 27 2 37 614 66 8
D 620 99 6 586 259 543 302 505 340 474 379 431 417 589 8
D 624 119 4 596 265 532 305 467 382 597 8
D 623 113 5 179 624 495 342 425 419 389 459 497 8
D 626 103 2 176 317 171 173
D 625 101 2 169 626 177 352
D 622 107 5 349 498 387 623 312 536 260 598 625 8
D 621 99 2 153 622 234 8
D 619 89 7 429 620 276 592 138 621 318 528 353 492 396 456 437 8
D 618 79 11 579 257 522 300 486 338 450 377 410 415 371 455 334 491 294 527 253 584 104 619 603 8
D 617 59 11 573 252 70 293 247 333 286 370 328 409 363 449 405 485 445 521 481 578 516 618 608 8
D 629 21 2 41 40 39 8
D 630 21 2 41 47 39 29
D 628 23 2 629 42 630 8
D 631 31 2 49 568 64 8
D 632 23 2 629 67 630 29
D 627 27 2 628 631 632 8
D 636 99 6 586 302 543 340 505 379 474 417 431 457 589 8
D 640 119 4 596 305 532 343 467 420 597 8
D 639 113 5 179 640 495 381 425 459 389 499 497 8
D 641 101 2 177 352 169 317
D 638 107 4 349 536 387 639 312 598 641 8
D 637 99 2 153 638 234 8
D 635 89 7 429 636 318 592 276 621 138 637 353 528 396 492 437 8
D 634 79 11 579 300 522 338 486 377 450 415 410 455 371 491 334 527 294 584 253 619 104 635 603 8
D 633 59 11 573 293 70 333 247 370 286 409 328 449 363 485 405 521 445 578 481 618 516 634 608 8
D 644 21 2 39 47 41 8
D 645 21 2 39 40 41 29
D 643 23 2 644 42 645 8
D 646 23 2 644 67 645 29
D 642 27 2 643 631 646 8
D 650 99 6 586 340 543 379 505 417 474 457 431 493 589 8
D 654 119 4 596 343 532 382 467 460 597 8
D 653 113 5 179 654 495 419 425 499 389 537 497 8
D 652 107 3 349 598 387 653 352 8
D 651 99 2 153 652 234 8
D 649 89 7 429 650 353 592 318 621 276 637 138 651 396 528 437 8
D 648 79 11 579 338 522 377 486 415 450 455 410 491 371 527 334 584 294 619 253 635 104 649 603 8
D 647 59 11 573 333 70 370 247 409 286 449 328 485 363 521 405 578 445 618 481 634 516 648 608 8
D 657 25 2 45 44 43 8
D 656 23 2 38 657 46 8
D 659 25 2 45 68 43 29
D 658 23 2 38 659 46 29
D 655 27 2 656 631 658 8
D 663 99 6 586 379 543 417 505 457 474 493 431 529 589 8
D 667 119 4 596 382 532 420 467 500 597 8
D 666 113 5 179 667 495 459 425 537 389 599 497 8
D 668 101 2 169 352 177 29
D 665 107 2 387 666 668 8
D 664 99 2 153 665 234 8
D 662 89 7 396 592 429 663 353 621 318 637 276 651 138 664 437 8
D 661 79 11 579 377 522 415 486 455 450 491 410 527 371 584 334 619 294 635 253 649 104 662 603 8
D 660 59 11 573 370 70 409 247 449 286 485 328 521 363 578 405 618 445 634 481 648 516 661 608 8
D 671 25 2 43 68 45 8
D 670 23 2 38 671 46 8
D 673 25 2 43 44 45 29
D 672 23 2 38 673 46 29
D 669 27 2 670 631 672 8
D 677 99 6 586 417 543 457 505 493 474 529 431 593 589 8
D 681 119 4 596 420 532 460 467 538 597 8
D 682 109 2 185 228 180 184
D 680 113 4 179 681 495 499 425 599 682 8
D 679 107 2 387 680 668 8
D 678 99 2 153 679 234 8
D 676 89 7 396 621 429 677 353 637 318 651 276 664 138 678 437 8
D 675 79 11 579 415 522 455 486 491 450 527 410 584 371 619 334 635 294 649 253 662 104 676 603 8
D 674 59 11 573 409 70 449 247 485 286 521 328 578 363 618 405 634 445 648 481 661 516 675 608 8
D 686 33 2 57 63 55 8
D 687 33 2 57 56 55 29
D 685 35 2 686 58 687 8
D 684 31 2 49 685 64 8
D 683 27 2 37 684 66 8
D 691 99 6 586 457 543 493 505 529 474 593 431 622 589 8
D 695 119 4 596 460 532 500 467 600 597 8
D 694 113 3 179 695 495 537 228 8
D 693 107 2 387 694 668 8
D 692 99 2 153 693 234 8
D 690 89 7 396 637 429 691 353 651 318 664 276 678 138 692 437 8
D 689 79 11 579 455 522 491 486 527 450 584 410 619 371 635 334 649 294 662 253 676 104 690 603 8
D 688 59 11 573 449 70 485 247 521 286 578 328 618 363 634 405 648 445 661 481 675 516 689 608 8
L 700 38 19
D 699 37 2 59 700 61 8
D 698 35 2 569 699 570 8
D 697 31 2 49 698 64 8
D 696 27 2 37 697 66 8
D 704 99 6 586 493 543 529 505 593 474 622 431 638 589 8
D 710 117 2 190 191 192 29
D 709 115 2 188 710 193 225
D 708 119 3 596 500 532 538 709 8
D 707 113 3 179 708 495 599 228 8
D 706 107 2 387 707 668 8
D 705 99 2 153 706 234 8
D 703 89 7 396 651 429 704 353 664 318 678 276 692 138 705 437 8
D 702 79 11 579 491 522 527 486 584 450 619 410 635 371 649 334 662 294 676 253 690 104 703 603 8
D 701 59 11 573 485 70 521 247 578 286 618 328 634 363 648 405 661 445 675 481 689 516 702 608 8
D 714 37 2 61 60 59 8
D 713 35 2 569 714 570 8
D 712 31 2 49 713 64 8
D 711 27 2 37 712 66 8
D 718 99 6 586 529 543 593 505 622 474 638 431 652 589 8
D 722 119 3 596 538 532 600 709 8
D 721 113 2 179 722 227 8
D 720 107 2 387 721 668 8
D 719 99 2 153 720 234 8
D 717 89 7 396 664 429 718 353 678 318 692 276 705 138 719 437 8
D 716 79 11 579 527 522 584 486 619 450 635 410 649 371 662 334 676 294 690 253 703 104 717 603 8
D 715 59 11 573 521 70 578 247 618 286 634 328 648 363 661 405 675 445 689 481 702 516 716 608 8
D 725 25 2 45 44 43 68
D 726 21 2 41 40 39 47
D 727 21 2 41 47 39 8
D 724 23 3 38 725 726 42 727 8
D 730 37 2 59 700 61 29
D 729 35 2 569 730 570 29
D 728 31 2 49 729 64 29
D 732 29 2 52 51 50 65
D 734 33 2 55 56 57 63
D 735 37 2 59 60 61 700
D 736 33 2 55 63 57 8
D 733 35 3 734 730 569 735 736 29
D 737 29 2 52 65 50 8
D 731 31 3 732 729 49 733 737 29
D 739 25 2 45 68 43 8
D 738 23 3 38 739 726 67 727 29
D 723 27 3 724 728 37 731 738 29
D 35 39 11 36 69 565 572 613 617 627 633 642 647 655 660 669 674 683 688 696 701 711 715 723 8
D 742 3 2 5 34 7 8
D 741 1 2 3 742 9 8
D 745 11 2 17 28 19 8
D 746 11 2 17 18 19 29
D 744 13 2 745 20 746 8
D 743 9 2 11 744 30 8
D 748 3 2 5 6 7 29
D 747 1 2 3 748 9 29
D 740 5 2 741 743 747 8
D 753 99 6 586 593 543 622 505 638 474 652 431 665 589 8
D 758 115 2 193 225 188 29
D 757 119 2 596 600 758 8
D 756 113 2 179 757 227 8
D 755 107 2 387 756 668 8
D 754 99 2 153 755 234 8
D 752 89 7 396 678 429 753 353 692 318 705 276 719 138 754 437 8
D 751 79 11 579 584 522 619 486 635 450 649 410 662 371 676 334 690 294 703 253 717 104 752 603 8
D 750 59 11 573 578 70 618 247 634 286 648 328 661 363 675 405 689 445 702 481 716 516 751 608 8
D 749 39 11 36 572 565 617 613 633 627 647 642 660 655 674 669 688 683 701 696 715 711 750 723 8
D 760 1 2 9 4 3 8
D 761 1 2 9 33 3 29
D 759 5 2 760 743 761 8
D 766 99 6 586 622 543 638 505 652 474 665 431 679 589 8
D 768 85 2 149 323 144 146
D 767 83 3 139 768 400 358 401 29
D 765 89 6 396 692 429 766 353 705 318 719 276 754 767 8
D 764 79 11 579 619 522 635 486 649 450 662 410 676 371 690 334 703 294 717 253 752 104 765 603 8
D 763 59 11 573 618 70 634 247 648 286 661 328 675 363 689 405 702 445 716 481 751 516 764 608 8
D 762 39 11 36 617 565 633 613 647 627 660 642 674 655 688 669 701 683 715 696 750 711 763 723 8
D 771 3 2 7 6 5 8
D 770 1 2 3 771 9 8
D 773 3 2 7 34 5 29
D 772 1 2 3 773 9 29
D 769 5 2 770 743 772 8
D 778 99 6 586 638 543 652 505 665 474 679 431 693 589 8
D 779 83 3 400 358 139 323 401 29
D 777 89 5 396 705 429 778 353 719 318 754 779 8
D 776 79 11 579 635 522 649 486 662 450 676 410 690 371 703 334 717 294 752 253 765 104 777 603 8
D 775 59 11 573 634 70 648 247 661 286 675 328 689 363 702 405 716 445 751 481 764 516 776 608 8
D 774 39 11 36 633 565 647 613 660 627 674 642 688 655 701 669 715 683 750 696 763 711 775 723 8
D 783 11 2 19 28 17 8
D 784 11 2 19 18 17 29
D 782 13 2 783 20 784 8
D 781 9 2 11 782 30 8
D 780 5 2 2 781 32 8
D 789 99 6 586 652 543 665 505 679 474 693 431 706 589 8
D 791 81 2 142 141 140 29
D 790 83 2 791 358 401 29
D 788 89 4 396 719 429 789 353 754 790 8
D 787 79 11 579 649 522 662 486 676 450 690 410 703 371 717 334 752 294 765 253 777 104 788 603 8
D 786 59 11 573 648 70 661 247 675 286 689 328 702 363 716 405 751 445 764 481 776 516 787 608 8
D 785 39 11 36 647 565 660 613 674 627 688 642 701 655 715 669 750 683 763 696 775 711 786 723 8
D 794 7 2 14 13 12 8
D 795 7 2 14 31 12 29
D 793 9 2 794 744 795 8
D 792 5 2 2 793 32 8
D 800 99 6 586 665 543 679 505 693 474 706 431 720 589 8
D 801 83 2 141 358 151 29
D 799 89 3 396 754 429 800 801 8
D 798 79 11 579 662 522 676 486 690 450 703 410 717 371 752 334 765 294 777 253 788 104 799 603 8
D 797 59 11 573 661 70 675 247 689 286 702 328 716 363 751 405 764 445 776 481 787 516 798 608 8
D 796 39 11 36 660 565 674 613 688 627 701 642 715 655 750 669 763 683 775 696 786 711 797 723 8
D 804 7 2 12 31 14 8
D 805 7 2 12 13 14 29
D 803 9 2 804 744 805 8
D 802 5 2 2 803 32 8
D 810 99 6 586 679 543 693 505 706 474 720 431 755 589 8
D 811 83 2 139 358 150 29
D 809 89 2 429 810 811 8
D 808 79 11 579 676 522 690 486 703 450 717 410 752 371 765 334 777 294 788 253 799 104 809 603 8
D 807 59 11 573 675 70 689 247 702 286 716 328 751 363 764 405 776 445 787 481 798 516 808 608 8
D 806 39 11 36 674 565 688 613 701 627 715 642 750 655 763 669 775 683 786 696 797 711 807 723 8
D 815 15 2 26 22 21 8
D 814 13 2 745 815 746 8
D 813 9 2 11 814 30 8
D 812 5 2 2 813 32 8
D 823 97 2 161 162 163 29
D 822 95 2 164 236 159 823
D 821 93 3 154 822 509 235 510 29
D 820 99 5 586 693 543 706 505 720 474 755 821 8
D 819 89 2 429 820 811 8
D 818 79 11 579 690 522 703 486 717 450 752 410 765 371 777 334 788 294 799 253 809 104 819 603 8
D 817 59 11 573 689 70 702 247 716 286 751 328 764 363 776 405 787 445 798 481 808 516 818 608 8
D 816 39 11 36 688 565 701 613 715 627 750 642 763 655 775 669 786 683 797 696 807 711 817 723 8
D 828 17 2 25 24 23 8
D 827 15 2 21 828 26 8
D 826 13 2 745 827 746 8
D 825 9 2 11 826 30 8
D 824 5 2 2 825 32 8
D 834 93 3 154 822 506 235 166 29
D 833 99 4 586 706 543 720 505 755 834 8
D 832 89 2 429 833 811 8
D 831 79 11 579 703 522 717 486 752 450 765 410 777 371 788 334 799 294 809 253 819 104 832 603 8
D 830 59 11 573 702 70 716 247 751 286 764 328 776 363 787 405 798 445 808 481 818 516 831 608 8
D 829 39 11 36 701 565 715 613 750 627 763 642 775 655 786 669 797 683 807 696 817 711 830 723 8
L 840 18 10
D 839 17 2 23 840 25 8
D 838 15 2 21 839 26 8
D 837 13 2 745 838 746 8
D 836 9 2 11 837 30 8
D 835 5 2 2 836 32 8
D 846 93 2 154 822 165 29
D 845 99 3 586 720 543 755 846 8
D 844 89 2 429 845 811 8
D 843 79 11 579 717 522 752 486 765 450 777 410 788 371 799 334 809 294 819 253 832 104 844 603 8
D 842 59 11 573 716 70 751 247 764 286 776 328 787 363 798 405 808 445 818 481 831 516 843 608 8
D 841 39 11 36 715 565 750 613 763 627 775 642 786 655 797 669 807 683 817 696 830 711 842 723 8
D 851 17 2 23 24 25 840
D 852 17 2 23 840 25 29
D 850 15 2 21 851 26 852
D 853 11 2 19 28 17 18
D 854 15 2 21 852 26 29
D 855 11 2 19 18 17 8
D 849 13 3 745 850 853 854 855 29
D 856 7 2 14 13 12 31
D 857 13 2 745 854 746 29
D 858 7 2 14 31 12 8
D 848 9 3 11 849 856 857 858 29
D 860 3 2 7 6 5 34
D 859 1 2 3 860 9 4
D 861 9 2 11 857 30 29
D 863 3 2 7 34 5 8
D 862 1 2 3 863 9 33
D 847 5 3 2 848 859 861 862 29
D 0 19 11 1 35 740 749 759 762 769 774 780 785 792 796 802 806 812 816 824 829 835 841 847 8
