c ids of sdd nodes start at 0
c sdd nodes appear bottom-up, children before parents
c
c file syntax:
c sdd count-of-sdd-nodes
c F id-of-false-sdd-node
c T id-of-true-sdd-node
c L id-of-literal-sdd-node id-of-vtree literal
c D id-of-decomposition-sdd-node id-of-vtree number-of-elements {id-of-prime id-of-sub}*
c
sdd 863
L 3 0 -3
L 5 2 -4
L 6 4 -2
L 7 2 4
F 8
D 4 3 2 5 6 7 8
L 9 0 3
D 2 1 2 3 4 9 8
L 12 6 -6
L 13 8 -7
L 14 6 6
D 11 7 2 12 13 14 8
L 17 10 -5
L 18 12 1
L 19 10 5
D 16 11 2 17 18 19 8
L 21 14 -8
L 23 16 -9
L 24 18 -10
L 25 16 9
D 22 17 2 23 24 25 8
L 26 14 8
D 20 15 2 21 22 26 8
L 28 12 -1
T 29
D 27 11 2 17 28 19 29
D 15 13 2 16 20 27 8
L 31 8 7
D 30 7 2 12 31 14 29
D 10 9 2 11 15 30 8
L 34 4 2
D 33 3 2 5 34 7 29
D 32 1 2 3 33 9 29
D 1 5 2 2 10 32 8
L 39 20 -14
L 40 22 -15
L 41 20 14
D 38 21 2 39 40 41 8
L 43 24 -16
L 44 26 -17
L 45 24 16
D 42 25 2 43 44 45 8
L 47 22 15
D 46 21 2 39 47 41 29
D 37 23 2 38 42 46 8
L 50 28 -13
L 51 30 -12
L 52 28 13
D 49 29 2 50 51 52 8
L 55 32 11
L 56 34 -18
L 57 32 -11
D 54 33 2 55 56 57 8
L 59 36 -20
L 60 38 -19
L 61 36 20
D 58 37 2 59 60 61 8
L 63 34 18
D 62 33 2 55 63 57 29
D 53 35 2 54 58 62 8
L 65 30 12
D 64 29 2 50 65 52 29
D 48 31 2 49 53 64 8
L 68 26 17
D 67 25 2 43 68 45 29
D 66 23 2 38 67 46 29
D 36 27 2 37 48 66 8
L 73 40 -34
L 74 42 -35
L 75 40 34
D 72 41 2 73 74 75 8
L 77 44 -32
L 78 46 33
L 79 44 32
D 76 45 2 77 78 79 8
L 81 42 35
D 80 41 2 73 81 75 29
D 71 43 2 72 76 80 8
L 84 48 -37
L 85 50 -38
L 86 48 37
D 83 49 2 84 85 86 8
L 89 52 -31
L 90 54 -36
L 91 52 31
D 88 53 2 89 90 91 8
L 93 56 -39
L 94 58 -40
L 95 56 39
D 92 57 2 93 94 95 8
L 97 54 36
D 96 53 2 89 97 91 29
D 87 55 2 88 92 96 8
L 99 50 38
D 98 49 2 84 99 86 29
D 82 51 2 83 87 98 8
L 102 46 -33
D 101 45 2 77 102 79 29
D 100 43 2 72 101 80 29
D 70 47 2 71 82 100 8
L 107 60 -22
L 108 62 -21
L 109 60 22
D 106 61 2 107 108 109 8
L 111 64 -25
L 112 66 -26
L 113 64 25
D 110 65 2 111 112 113 8
L 115 62 21
D 114 61 2 107 115 109 29
D 105 63 2 106 110 114 8
L 118 68 -27
L 119 70 -28
L 120 68 27
D 117 69 2 118 119 120 8
L 123 72 -23
L 124 74 -24
L 125 72 23
D 122 73 2 123 124 125 8
L 127 76 30
L 128 78 -29
L 129 76 -30
D 126 77 2 127 128 129 8
L 131 74 24
D 130 73 2 123 131 125 29
D 121 75 2 122 126 130 8
L 133 70 28
D 132 69 2 118 133 120 29
D 116 71 2 117 121 132 8
L 136 66 26
D 135 65 2 111 136 113 29
D 134 63 2 106 135 114 29
D 104 67 2 105 116 134 8
L 140 80 -46
L 141 82 -47
L 142 80 46
D 139 81 2 140 141 142 8
L 144 84 -48
L 146 86 50
L 147 88 -49
L 148 86 -50
D 145 87 2 146 147 148 8
L 149 84 48
D 143 85 2 144 145 149 8
L 151 82 47
D 150 81 2 140 151 142 29
D 138 83 2 139 143 150 8
L 155 90 -43
L 156 92 -44
L 157 90 43
D 154 91 2 155 156 157 8
L 159 94 -42
L 161 96 -45
L 162 98 -41
L 163 96 45
D 160 97 2 161 162 163 8
L 164 94 42
D 158 95 2 159 160 164 8
L 166 92 44
D 165 91 2 155 166 157 29
D 153 93 2 154 158 165 8
L 169 100 -57
L 171 102 -58
L 173 104 60
L 174 106 -59
L 175 104 -60
D 172 105 2 173 174 175 8
L 176 102 58
D 170 103 2 171 172 176 8
L 177 100 57
D 168 101 2 169 170 177 8
L 180 108 -53
L 182 110 -56
L 183 112 -55
L 184 110 56
D 181 111 2 182 183 184 8
L 185 108 53
D 179 109 2 180 181 185 8
L 188 114 -51
L 190 116 -54
L 191 118 -52
L 192 116 54
D 189 117 2 190 191 192 8
L 193 114 51
D 187 115 2 188 189 193 8
L 196 120 -61
L 197 122 -62
L 198 120 61
D 195 121 2 196 197 198 8
L 201 124 -63
L 202 126 -64
L 203 124 63
D 200 125 2 201 202 203 8
L 205 128 -65
L 207 130 -66
L 209 132 -67
L 211 134 -68
L 213 136 -69
L 214 138 70
L 215 136 69
D 212 137 2 213 214 215 8
L 216 134 68
D 210 135 2 211 212 216 8
L 217 132 67
D 208 133 2 209 210 217 8
L 218 130 66
D 206 131 2 207 208 218 8
L 219 128 65
D 204 129 2 205 206 219 8
L 221 126 64
D 220 125 2 201 221 203 29
D 199 127 2 200 204 220 8
L 223 122 62
D 222 121 2 196 223 198 29
D 194 123 2 195 199 222 8
L 226 118 52
D 225 117 2 190 226 192 29
D 224 115 2 188 225 193 29
D 186 119 2 187 194 224 8
L 229 112 55
D 228 111 2 182 229 184 29
D 227 109 2 180 228 185 29
D 178 113 2 179 186 227 8
L 233 106 59
D 232 105 2 173 233 175 29
D 231 103 2 171 232 176 29
D 230 101 2 169 231 177 29
D 167 107 2 168 178 230 8
L 237 98 41
D 236 97 2 161 237 163 29
D 235 95 2 159 236 164 29
D 234 93 2 154 235 165 29
D 152 99 2 153 167 234 8
L 241 88 49
D 240 87 2 146 241 148 29
D 239 85 2 144 240 149 29
D 238 83 2 139 239 150 29
D 137 89 2 138 152 238 8
L 246 78 29
D 245 77 2 127 246 129 29
D 244 75 2 122 245 130 29
D 243 71 2 117 244 132 29
D 242 67 2 105 243 134 29
D 103 79 2 104 137 242 8
D 249 41 2 75 74 73 8
D 250 45 2 77 102 79 8
D 251 41 2 75 81 73 29
D 248 43 2 249 250 251 8
D 253 45 2 77 78 79 29
D 252 43 2 249 253 251 29
D 247 47 2 248 82 252 8
D 258 77 2 129 246 127 8
D 257 75 2 122 258 130 8
D 256 71 2 117 257 132 8
D 255 67 2 105 256 134 8
D 264 105 2 175 233 173 8
D 263 103 2 171 264 176 8
D 262 101 2 169 263 177 8
L 274 138 -70
D 273 137 2 215 274 213 8
D 272 135 2 211 273 216 8
D 271 133 2 209 272 217 8
D 270 131 2 207 271 218 8
D 269 129 2 205 270 219 8
D 268 127 2 200 269 220 8
D 267 123 2 195 268 222 8
D 266 119 2 187 267 224 8
D 265 113 2 179 266 227 8
D 277 105 2 175 174 173 233
D 276 103 2 171 277 176 29
D 275 101 2 169 276 177 29
D 261 107 3 262 178 168 265 275 8
D 260 99 2 153 261 234 8
D 280 87 2 148 241 146 8
D 279 85 2 144 280 149 8
D 278 83 2 139 279 150 8
D 283 87 2 148 147 146 241
D 282 85 2 144 283 149 29
D 281 83 2 139 282 150 29
D 259 89 3 138 260 278 152 281 8
D 287 77 2 129 128 127 246
D 286 75 2 122 287 130 29
D 285 71 2 117 286 132 29
D 284 67 2 105 285 134 29
D 254 79 3 255 137 104 259 284 8
D 290 41 2 73 81 75 8
D 291 41 2 73 74 75 29
D 289 43 2 290 250 291 8
D 292 43 2 290 253 291 29
D 288 47 2 289 82 292 8
D 296 69 2 118 133 120 8
D 298 77 2 129 128 127 8
D 297 75 2 122 298 130 8
D 299 69 2 118 119 120 29
D 295 71 2 296 297 299 8
D 294 67 2 105 295 134 8
D 311 137 2 213 274 215 8
D 310 135 2 216 311 211 8
D 309 133 2 209 310 217 8
D 308 131 2 207 309 218 8
D 307 129 2 205 308 219 8
D 306 127 2 200 307 220 8
D 305 123 2 195 306 222 8
D 304 119 2 187 305 224 8
D 303 113 2 179 304 227 8
D 314 105 2 175 174 173 8
D 313 103 2 176 314 171 8
D 312 101 2 169 313 177 8
D 317 105 2 175 233 173 29
D 316 103 2 171 277 176 317
D 315 101 2 169 316 177 29
D 302 107 4 168 303 312 178 262 265 315 8
D 301 99 2 153 302 234 8
D 320 87 2 148 147 146 8
D 319 85 2 149 320 144 8
D 318 83 2 139 319 150 8
D 323 87 2 148 241 146 29
D 322 85 2 144 283 149 323
D 321 83 2 139 322 150 29
D 300 89 4 138 301 278 260 318 152 321 8
D 327 77 2 129 246 127 29
D 326 75 2 122 327 130 29
D 325 71 3 117 286 296 326 120 29
D 324 67 2 105 325 134 29
D 293 79 4 294 137 255 259 104 300 324 8
D 329 43 2 72 250 80 8
D 332 53 2 89 97 91 8
D 333 53 2 89 90 91 29
D 331 55 2 332 92 333 8
D 330 51 2 83 331 98 8
D 334 43 2 72 253 80 29
D 328 47 2 329 330 334 8
D 338 69 2 120 119 118 8
D 339 69 2 120 133 118 29
D 337 71 2 338 297 339 8
D 336 67 2 105 337 134 8
D 350 135 2 211 311 216 8
D 349 133 2 217 350 209 8
D 348 131 2 207 349 218 8
D 347 129 2 205 348 219 8
D 346 127 2 200 347 220 8
D 345 123 2 195 346 222 8
D 344 119 2 187 345 224 8
D 343 113 2 179 344 227 8
D 352 103 2 171 314 176 8
D 351 101 2 177 352 169 8
D 354 103 2 171 317 176 29
D 353 101 2 169 316 177 354
D 342 107 5 168 343 262 303 351 178 312 265 353 8
D 341 99 2 153 342 234 8
D 356 81 2 140 151 142 8
D 357 85 2 144 320 149 8
D 358 81 2 140 141 142 29
D 355 83 2 356 357 358 8
D 360 85 2 144 323 149 29
D 359 83 3 139 322 356 360 142 29
D 340 89 5 138 341 278 301 318 260 355 152 359 8
D 363 69 2 120 119 118 133
D 364 69 2 120 133 118 8
D 362 71 3 117 286 363 326 364 29
D 361 67 2 105 362 134 29
D 335 79 5 336 137 294 259 255 300 104 340 361 8
D 367 49 2 86 85 84 8
D 368 49 2 86 99 84 29
D 366 51 2 367 87 368 8
D 365 47 2 329 366 334 8
D 372 65 2 111 136 113 8
D 371 63 2 106 372 114 8
D 373 71 2 117 297 132 8
D 375 65 2 111 112 113 29
D 374 63 2 106 375 114 29
D 370 67 2 371 373 374 8
D 385 133 2 209 350 217 8
D 384 131 2 218 385 207 8
D 383 129 2 205 384 219 8
D 382 127 2 200 383 220 8
D 381 123 2 195 382 222 8
D 380 119 2 187 381 224 8
D 379 113 2 179 380 227 8
D 386 101 2 169 352 177 8
D 389 111 2 184 183 182 8
D 388 109 2 180 389 185 8
D 391 111 2 184 229 182 29
D 390 109 2 180 391 185 29
D 387 113 2 388 186 390 8
D 394 105 2 173 233 175 8
D 393 103 2 171 394 176 317
D 392 101 2 169 393 177 354
D 378 107 6 168 379 386 387 262 343 312 303 351 265 392 8
D 377 99 2 153 378 234 8
D 396 81 2 142 141 140 8
D 397 81 2 142 151 140 29
D 395 83 2 396 357 397 8
D 399 81 2 142 141 140 151
D 400 81 2 142 151 140 8
D 398 83 3 139 322 399 360 400 29
D 376 89 6 138 377 278 341 318 301 355 260 395 152 398 8
D 402 71 2 117 326 132 29
D 403 63 2 106 113 114 29
D 401 67 3 105 362 371 402 403 29
D 369 79 6 370 137 336 259 294 300 255 340 104 376 401 8
D 406 49 2 84 99 86 8
D 407 49 2 84 85 86 29
D 405 51 2 406 87 407 8
D 404 47 2 329 405 334 8
D 411 65 2 113 112 111 8
D 410 63 2 106 411 114 8
D 413 65 2 113 136 111 29
D 412 63 2 106 413 114 29
D 409 67 2 410 373 412 8
D 422 131 2 207 385 218 8
D 421 129 2 219 422 205 8
D 420 127 2 200 421 220 8
D 419 123 2 195 420 222 8
D 418 119 2 187 419 224 8
D 417 113 2 179 418 227 8
D 425 111 2 182 229 184 8
D 424 109 2 180 425 185 8
D 427 111 2 182 183 184 229
D 426 109 2 180 427 185 29
D 423 113 3 388 266 424 186 426 8
D 416 107 6 168 417 386 423 262 379 312 343 351 303 392 8
D 415 99 2 153 416 234 8
D 428 83 2 139 357 150 8
D 432 97 2 163 162 161 8
D 431 95 2 159 432 164 8
D 430 93 2 154 431 165 8
D 435 97 2 163 237 161 29
D 434 95 2 159 435 164 29
D 433 93 2 154 434 165 29
D 429 99 2 430 167 433 8
D 438 87 2 146 241 148 8
D 437 85 2 144 438 149 323
D 436 83 3 139 437 399 360 400 29
D 414 89 7 138 415 428 429 278 377 318 341 355 301 395 260 436 8
D 441 65 2 113 112 111 136
D 440 63 2 106 441 114 8
D 443 65 2 113 136 111 8
D 442 63 2 106 443 114 29
D 439 67 3 105 362 440 402 442 29
D 408 79 7 409 137 370 259 336 300 294 340 255 376 104 414 439 8
D 447 57 2 95 94 93 8
D 446 55 2 88 447 96 8
D 445 51 2 83 446 98 8
D 444 47 2 329 445 334 8
D 452 73 2 123 131 125 8
D 453 73 2 123 124 125 29
D 451 75 2 452 298 453 8
D 450 71 2 117 451 132 8
D 449 67 2 105 450 134 8
D 461 125 2 201 221 203 8
D 462 129 2 205 422 219 8
D 463 125 2 201 202 203 29
D 460 127 2 461 462 463 8
D 459 123 2 195 460 222 8
D 458 119 2 187 459 224 8
D 457 113 2 179 458 227 8
D 467 117 2 192 191 190 8
D 466 115 2 188 467 193 8
D 469 117 2 192 226 190 29
D 468 115 2 188 469 193 29
D 465 119 2 466 194 468 8
D 471 111 2 184 229 182 8
D 470 109 2 180 471 185 29
D 464 113 4 424 266 179 465 388 304 470 8
D 456 107 6 168 457 386 464 262 417 312 379 351 343 392 8
D 455 99 2 153 456 234 8
D 474 91 2 155 166 157 8
D 475 91 2 155 156 157 29
D 473 93 2 474 158 475 8
D 476 93 3 154 434 474 235 157 29
D 472 99 3 473 167 430 261 476 8
D 454 89 7 138 455 428 472 278 415 318 377 355 341 395 301 436 8
D 479 75 3 452 327 122 287 125 29
D 478 71 3 117 479 363 326 364 29
D 477 67 3 105 478 440 402 442 29
D 448 79 8 449 137 409 259 370 300 336 340 294 376 255 414 104 454 477 8
L 484 58 40
D 483 57 2 93 484 95 8
D 482 55 2 88 483 96 8
D 481 51 2 83 482 98 8
D 480 47 2 329 481 334 8
D 489 73 2 125 124 123 8
D 490 73 2 125 131 123 29
D 488 75 2 489 298 490 8
D 487 71 2 117 488 132 8
D 486 67 2 105 487 134 8
D 495 109 2 185 181 180 8
D 496 119 2 466 267 468 8
D 497 109 2 180 471 185 228
D 494 113 5 424 304 495 186 179 496 388 344 497 8
D 502 125 2 203 202 201 8
D 503 125 2 203 221 201 29
D 501 127 2 502 462 503 8
D 500 123 2 195 501 222 8
D 499 119 2 187 500 224 8
D 498 113 2 179 499 227 8
D 493 107 6 386 494 168 498 262 457 312 417 351 379 392 8
D 492 99 2 153 493 234 8
D 506 91 2 157 156 155 8
D 507 91 2 157 166 155 29
D 505 93 2 506 158 507 8
D 509 91 2 157 156 155 166
D 510 91 2 157 166 155 8
D 508 93 3 154 434 509 235 510 29
D 504 99 4 505 167 473 261 430 302 508 8
D 491 89 7 138 492 428 504 278 455 318 415 355 377 395 341 436 8
D 514 73 2 125 124 123 131
D 515 73 2 125 131 123 8
D 513 75 3 514 327 122 287 515 29
D 512 71 3 363 326 117 513 364 29
D 511 67 3 440 402 105 512 442 29
D 485 79 9 486 137 449 259 409 300 370 340 336 376 294 414 255 454 104 491 511 8
D 519 57 2 93 484 95 29
D 520 57 2 93 94 95 484
D 518 55 3 332 519 88 520 91 29
D 521 49 2 86 85 84 99
D 522 55 2 88 519 96 29
D 523 49 2 86 99 84 8
D 517 51 3 83 518 521 522 523 29
D 525 41 2 75 74 73 81
D 526 41 2 75 81 73 8
D 524 43 3 72 76 525 250 526 8
D 527 51 2 83 522 98 29
D 528 43 3 525 253 72 79 526 29
D 516 47 3 329 517 524 527 528 29
D 69 59 9 70 103 247 254 288 293 328 335 365 369 404 408 444 448 480 485 516 8
D 531 29 2 50 65 52 8
D 533 33 2 57 56 55 8
D 534 33 2 57 63 55 29
D 532 35 2 533 58 534 8
D 535 29 2 50 51 52 29
D 530 31 2 531 532 535 8
D 529 27 2 37 530 66 8
D 539 45 2 79 102 77 8
D 538 43 2 72 539 80 8
D 541 45 2 79 78 77 29
D 540 43 2 72 541 80 29
D 537 47 2 538 82 540 8
D 545 61 2 109 108 107 8
D 546 61 2 109 115 107 29
D 544 63 2 545 110 546 8
D 547 63 2 545 135 546 29
D 543 67 2 544 373 547 8
D 554 117 2 190 226 192 8
D 553 115 2 188 554 193 8
D 556 117 2 190 191 192 226
D 555 115 2 188 556 193 29
D 552 119 3 553 194 466 305 555 8
D 551 113 5 179 552 495 266 424 344 388 380 497 8
D 560 121 2 196 223 198 8
D 561 127 2 200 462 220 8
D 562 121 2 196 197 198 29
D 559 123 2 560 561 562 8
D 558 119 2 187 559 224 8
D 557 113 2 179 558 227 8
D 550 107 6 386 551 262 498 312 457 168 557 351 417 392 8
D 549 99 2 153 550 234 8
D 565 95 2 164 160 159 8
D 564 93 2 154 565 165 8
D 567 95 2 159 435 164 236
D 566 93 3 154 567 509 235 510 29
D 563 99 5 564 167 505 261 473 302 430 342 566 8
D 548 89 7 138 549 428 563 278 492 318 455 355 415 395 377 436 8
D 569 63 3 106 441 545 110 115 8
D 570 63 3 106 443 545 135 115 29
D 568 67 3 569 402 105 512 570 29
D 542 79 10 543 137 486 259 449 300 409 340 370 376 336 414 294 454 255 491 104 548 568 8
D 573 45 2 79 102 77 78
D 572 43 3 72 573 525 250 526 8
D 575 45 2 79 78 77 8
D 574 43 3 72 575 525 253 526 29
D 571 47 3 329 517 572 527 574 29
D 536 59 10 537 103 70 254 247 293 288 335 328 369 365 408 404 448 444 485 480 542 571 8
D 578 29 2 52 51 50 8
D 579 29 2 52 65 50 29
D 577 31 2 578 532 579 8
D 576 27 2 37 577 66 8
D 584 53 2 91 90 89 8
D 585 53 2 91 97 89 29
D 583 55 2 584 92 585 8
D 582 51 2 83 583 98 8
D 581 47 2 329 582 334 8
D 589 61 2 107 115 109 8
D 590 61 2 107 108 109 29
D 588 63 2 589 110 590 8
D 591 63 2 589 135 590 29
D 587 67 2 588 373 591 8
D 596 97 2 161 237 163 8
D 595 95 2 159 596 164 8
D 594 93 2 154 595 165 8
D 599 97 2 161 162 163 237
D 598 95 2 159 599 164 236
D 597 93 3 154 598 509 235 510 29
D 593 99 6 594 167 564 261 505 302 473 342 430 378 597 8
D 604 115 2 193 189 188 8
D 605 115 2 188 556 193 225
D 603 119 4 604 194 553 267 466 345 605 8
D 602 113 5 179 603 495 304 424 380 388 418 497 8
D 609 121 2 198 197 196 8
D 610 121 2 198 223 196 29
D 608 123 2 609 561 610 8
D 607 119 2 187 608 224 8
D 606 113 2 179 607 227 8
D 601 107 6 386 602 312 498 351 457 262 557 168 606 392 8
D 600 99 2 153 601 234 8
D 592 89 7 428 593 138 600 278 549 318 492 355 455 395 415 436 8
D 613 61 2 109 108 107 115
D 614 61 2 109 115 107 8
D 612 63 3 106 441 613 110 614 8
D 615 63 3 106 443 613 135 614 29
D 611 67 3 612 402 105 512 615 29
D 586 79 11 587 137 543 259 486 300 449 340 409 376 370 414 336 454 294 491 255 548 104 592 611 8
D 619 53 2 91 90 89 97
D 620 53 2 91 97 89 8
D 618 55 3 619 519 88 520 620 29
D 617 51 3 521 522 83 618 523 29
D 616 47 3 572 527 329 617 574 29
D 580 59 11 581 103 537 254 70 293 247 335 288 369 328 408 365 448 404 485 444 542 480 586 616 8
D 623 21 2 41 40 39 8
D 624 21 2 41 47 39 29
D 622 23 2 623 42 624 8
D 625 31 2 49 532 64 8
D 626 23 2 623 67 624 29
D 621 27 2 622 625 626 8
D 630 99 6 594 261 564 302 505 342 473 378 430 416 597 8
D 634 119 4 604 267 553 305 466 381 605 8
D 633 113 5 179 634 495 344 424 418 388 458 497 8
D 636 103 2 176 317 171 173
D 635 101 2 169 636 177 354
D 632 107 5 351 498 386 633 312 557 262 606 635 8
D 631 99 2 153 632 234 8
D 629 89 7 428 630 278 600 138 631 318 549 355 492 395 455 436 8
D 628 79 11 587 259 543 300 486 340 449 376 409 414 370 454 336 491 294 548 255 592 104 629 611 8
D 627 59 11 581 254 537 293 70 335 247 369 288 408 328 448 365 485 404 542 444 586 480 628 616 8
D 639 21 2 39 47 41 8
D 640 21 2 39 40 41 29
D 638 23 2 639 42 640 8
D 641 23 2 639 67 640 29
D 637 27 2 638 625 641 8
D 645 99 6 594 302 564 342 505 378 473 416 430 456 597 8
D 649 119 4 604 305 553 345 466 419 605 8
D 648 113 5 179 649 495 380 424 458 388 499 497 8
D 650 101 2 177 354 169 317
D 647 107 4 351 557 386 648 312 606 650 8
D 646 99 2 153 647 234 8
D 644 89 7 428 645 318 600 278 631 138 646 355 549 395 492 436 8
D 643 79 11 587 300 543 340 486 376 449 414 409 454 370 491 336 548 294 592 255 629 104 644 611 8
D 642 59 11 581 293 537 335 70 369 247 408 288 448 328 485 365 542 404 586 444 628 480 643 616 8
D 653 25 2 45 44 43 8
D 652 23 2 38 653 46 8
D 655 25 2 45 68 43 29
D 654 23 2 38 655 46 29
D 651 27 2 652 625 654 8
D 659 99 6 594 342 564 378 505 416 473 456 430 493 597 8
D 663 119 4 604 345 553 381 466 459 605 8
D 662 113 5 179 663 495 418 424 499 388 558 497 8
D 661 107 3 351 606 386 662 354 8
D 660 99 2 153 661 234 8
D 658 89 7 428 659 355 600 318 631 278 646 138 660 395 549 436 8
D 657 79 11 587 340 543 376 486 414 449 454 409 491 370 548 336 592 294 629 255 644 104 658 611 8
D 656 59 11 581 335 537 369 70 408 247 448 288 485 328 542 365 586 404 628 444 643 480 657 616 8
D 666 25 2 43 68 45 8
D 665 23 2 38 666 46 8
D 668 25 2 43 44 45 29
D 667 23 2 38 668 46 29
D 664 27 2 665 625 667 8
D 672 99 6 594 378 564 416 505 456 473 493 430 550 597 8
D 676 119 4 604 381 553 419 466 500 605 8
D 675 113 5 179 676 495 458 424 558 388 607 497 8
D 677 101 2 169 354 177 29
D 674 107 2 386 675 677 8
D 673 99 2 153 674 234 8
D 671 89 7 395 600 428 672 355 631 318 646 278 660 138 673 436 8
D 670 79 11 587 376 543 414 486 454 449 491 409 548 370 592 336 629 294 644 255 658 104 671 611 8
D 669 59 11 581 369 537 408 70 448 247 485 288 542 328 586 365 628 404 643 444 657 480 670 616 8
D 681 33 2 57 63 55 8
D 682 33 2 57 56 55 29
D 680 35 2 681 58 682 8
D 679 31 2 49 680 64 8
D 678 27 2 37 679 66 8
D 686 99 6 594 416 564 456 505 493 473 550 430 601 597 8
D 690 119 4 604 419 553 459 466 559 605 8
D 691 109 2 185 228 180 184
D 689 113 4 179 690 495 499 424 607 691 8
D 688 107 2 386 689 677 8
D 687 99 2 153 688 234 8
D 685 89 7 395 631 428 686 355 646 318 660 278 673 138 687 436 8
D 684 79 11 587 414 543 454 486 491 449 548 409 592 370 629 336 644 294 658 255 671 104 685 611 8
D 683 59 11 581 408 537 448 70 485 247 542 288 586 328 628 365 643 404 657 444 670 480 684 616 8
L 696 38 19
D 695 37 2 59 696 61 8
D 694 35 2 533 695 534 8
D 693 31 2 49 694 64 8
D 692 27 2 37 693 66 8
D 700 99 6 594 456 564 493 505 550 473 601 430 632 597 8
D 704 119 4 604 459 553 500 466 608 605 8
D 703 113 3 179 704 495 558 228 8
D 702 107 2 386 703 677 8
D 701 99 2 153 702 234 8
D 699 89 7 395 646 428 700 355 660 318 673 278 687 138 701 436 8
D 698 79 11 587 454 543 491 486 548 449 592 409 629 370 644 336 658 294 671 255 685 104 699 611 8
D 697 59 11 581 448 537 485 70 542 247 586 288 628 328 643 365 657 404 670 444 684 480 698 616 8
D 708 37 2 61 60 59 8
D 707 35 2 533 708 534 8
D 706 31 2 49 707 64 8
D 705 27 2 37 706 66 8
D 712 99 6 594 493 564 550 505 601 473 632 430 647 597 8
D 718 117 2 190 191 192 29
D 717 115 2 188 718 193 225
D 716 119 3 604 500 553 559 717 8
D 715 113 3 179 716 495 607 228 8
D 714 107 2 386 715 677 8
D 713 99 2 153 714 234 8
D 711 89 7 395 660 428 712 355 673 318 687 278 701 138 713 436 8
D 710 79 11 587 491 543 548 486 592 449 629 409 644 370 658 336 671 294 685 255 699 104 711 611 8
D 709 59 11 581 485 537 542 70 586 247 628 288 643 328 657 365 670 404 684 444 698 480 710 616 8
D 721 25 2 45 44 43 68
D 722 21 2 41 40 39 47
D 723 21 2 41 47 39 8
D 720 23 3 38 721 722 42 723 8
D 726 37 2 59 696 61 29
D 725 35 2 533 726 534 29
D 724 31 2 49 725 64 29
D 728 29 2 52 51 50 65
D 730 33 2 55 56 57 63
D 731 37 2 59 60 61 696
D 732 33 2 55 63 57 8
D 729 35 3 730 726 533 731 732 29
D 733 29 2 52 65 50 8
D 727 31 3 728 725 49 729 733 29
D 735 25 2 45 68 43 8
D 734 23 3 38 735 722 67 723 29
D 719 27 3 720 724 37 727 734 29
D 35 39 11 36 69 529 536 576 580 621 627 637 642 651 656 664 669 678 683 692 697 705 709 719 8
D 738 3 2 5 34 7 8
D 737 1 2 3 738 9 8
D 741 11 2 17 28 19 8
D 742 11 2 17 18 19 29
D 740 13 2 741 20 742 8
D 739 9 2 11 740 30 8
D 744 3 2 5 6 7 29
D 743 1 2 3 744 9 29
D 736 5 2 737 739 743 8
D 749 99 6 594 550 564 601 505 632 473 647 430 661 597 8
D 753 119 3 604 559 553 608 717 8
D 752 113 2 179 753 227 8
D 751 107 2 386 752 677 8
D 750 99 2 153 751 234 8
D 748 89 7 395 673 428 749 355 687 318 701 278 713 138 750 436 8
D 747 79 11 587 548 543 592 486 629 449 644 409 658 370 671 336 685 294 699 255 711 104 748 611 8
D 746 59 11 581 542 537 586 70 628 247 643 288 657 328 670 365 684 404 698 444 710 480 747 616 8
D 745 39 11 36 536 529 580 576 627 621 642 637 656 651 669 664 683 678 697 692 709 705 746 719 8
D 755 1 2 9 4 3 8
D 756 1 2 9 33 3 29
D 754 5 2 755 739 756 8
D 761 99 6 594 601 564 632 505 647 473 661 430 674 597 8
D 766 115 2 193 225 188 29
D 765 119 2 604 608 766 8
D 764 113 2 179 765 227 8
D 763 107 2 386 764 677 8
D 762 99 2 153 763 234 8
D 760 89 7 395 687 428 761 355 701 318 713 278 750 138 762 436 8
D 759 79 11 587 592 543 629 486 644 449 658 409 671 370 685 336 699 294 711 255 748 104 760 611 8
D 758 59 11 581 586 537 628 70 643 247 657 288 670 328 684 365 698 404 710 444 747 480 759 616 8
D 757 39 11 36 580 529 627 576 642 621 656 637 669 651 683 664 697 678 709 692 746 705 758 719 8
D 769 3 2 7 6 5 8
D 768 1 2 3 769 9 8
D 771 3 2 7 34 5 29
D 770 1 2 3 771 9 29
D 767 5 2 768 739 770 8
D 776 99 6 594 632 564 647 505 661 473 674 430 688 597 8
D 778 85 2 149 323 144 146
D 777 83 3 139 778 399 360 400 29
D 775 89 6 395 701 428 776 355 713 318 750 278 762 777 8
D 774 79 11 587 629 543 644 486 658 449 671 409 685 370 699 336 711 294 748 255 760 104 775 611 8
D 773 59 11 581 628 537 643 70 657 247 670 288 684 328 698 365 710 404 747 444 759 480 774 616 8
D 772 39 11 36 627 529 642 576 656 621 669 637 683 651 697 664 709 678 746 692 758 705 773 719 8
D 782 11 2 19 28 17 8
D 783 11 2 19 18 17 29
D 781 13 2 782 20 783 8
D 780 9 2 11 781 30 8
D 779 5 2 2 780 32 8
D 788 99 6 594 647 564 661 505 674 473 688 430 702 597 8
D 789 83 3 399 360 139 323 400 29
D 787 89 5 395 713 428 788 355 750 318 762 789 8
D 786 79 11 587 644 543 658 486 671 449 685 409 699 370 711 336 748 294 760 255 775 104 787 611 8
D 785 59 11 581 643 537 657 70 670 247 684 288 698 328 710 365 747 404 759 444 774 480 786 616 8
D 784 39 11 36 642 529 656 576 669 621 683 637 697 651 709 664 746 678 758 692 773 705 785 719 8
D 792 7 2 14 13 12 8
D 793 7 2 14 31 12 29
D 791 9 2 792 740 793 8
D 790 5 2 2 791 32 8
D 798 99 6 594 661 564 674 505 688 473 702 430 714 597 8
D 800 81 2 142 141 140 29
D 799 83 2 800 360 400 29
D 797 89 4 395 750 428 798 355 762 799 8
D 796 79 11 587 658 543 671 486 685 449 699 409 711 370 748 336 760 294 775 255 787 104 797 611 8
D 795 59 11 581 657 537 670 70 684 247 698 288 710 328 747 365 759 404 774 444 786 480 796 616 8
D 794 39 11 36 656 529 669 576 683 621 697 637 709 651 746 664 758 678 773 692 785 705 795 719 8
D 803 7 2 12 31 14 8
D 804 7 2 12 13 14 29
D 802 9 2 803 740 804 8
D 801 5 2 2 802 32 8
D 809 99 6 594 674 564 688 505 702 473 714 430 751 597 8
D 810 83 2 141 360 151 29
D 808 89 3 395 762 428 809 810 8
D 807 79 11 587 671 543 685 486 699 449 711 409 748 370 760 336 775 294 787 255 797 104 808 611 8
D 806 59 11 581 670 537 684 70 698 247 710 288 747 328 759 365 774 404 786 444 796 480 807 616 8
D 805 39 11 36 669 529 683 576 697 621 709 637 746 651 758 664 773 678 785 692 795 705 806 719 8
D 814 15 2 26 22 21 8
D 813 13 2 741 814 742 8
D 812 9 2 11 813 30 8
D 811 5 2 2 812 32 8
D 819 99 6 594 688 564 702 505 714 473 751 430 763 597 8
D 820 83 2 139 360 150 29
D 818 89 2 428 819 820 8
D 817 79 11 587 685 543 699 486 711 449 748 409 760 370 775 336 787 294 797 255 808 104 818 611 8
D 816 59 11 581 684 537 698 70 710 247 747 288 759 328 774 365 786 404 796 444 807 480 817 616 8
D 815 39 11 36 683 529 697 576 709 621 746 637 758 651 773 664 785 678 795 692 806 705 816 719 8
D 825 17 2 25 24 23 8
D 824 15 2 21 825 26 8
D 823 13 2 741 824 742 8
D 822 9 2 11 823 30 8
D 821 5 2 2 822 32 8
D 833 97 2 161 162 163 29
D 832 95 2 164 236 159 833
D 831 93 3 154 832 509 235 510 29
D 830 99 5 594 702 564 714 505 751 473 763 831 8
D 829 89 2 428 830 820 8
D 828 79 11 587 699 543 711 486 748 449 760 409 775 370 787 336 797 294 808 255 818 104 829 611 8
D 827 59 11 581 698 537 710 70 747 247 759 288 774 328 786 365 796 404 807 444 817 480 828 616 8
D 826 39 11 36 697 529 709 576 746 621 758 637 773 651 785 664 795 678 806 692 816 705 827 719 8
L 839 18 10
D 838 17 2 23 839 25 8
D 837 15 2 21 838 26 8
D 836 13 2 741 837 742 8
D 835 9 2 11 836 30 8
D 834 5 2 2 835 32 8
D 845 93 3 154 832 506 235 166 29
D 844 99 4 594 714 564 751 505 763 845 8
D 843 89 2 428 844 820 8
D 842 79 11 587 711 543 748 486 760 449 775 409 787 370 797 336 808 294 818 255 829 104 843 611 8
D 841 59 11 581 710 537 747 70 759 247 774 288 786 328 796 365 807 404 817 444 828 480 842 616 8
D 840 39 11 36 709 529 746 576 758 621 773 637 785 651 795 664 806 678 816 692 827 705 841 719 8
D 850 17 2 23 24 25 839
D 851 17 2 23 839 25 29
D 849 15 2 21 850 26 851
D 852 11 2 19 28 17 18
D 853 15 2 21 851 26 29
D 854 11 2 19 18 17 8
D 848 13 3 741 849 852 853 854 29
D 855 7 2 14 13 12 31
D 856 13 2 741 853 742 29
D 857 7 2 14 31 12 8
D 847 9 3 11 848 855 856 857 29
D 859 3 2 7 6 5 34
D 858 1 2 3 859 9 4
D 860 9 2 11 856 30 29
D 862 3 2 7 34 5 8
D 861 1 2 3 862 9 33
D 846 5 3 2 847 858 860 861 29
D 0 19 11 1 35 736 745 754 757 767 772 779 784 790 794 801 805 811 815 821 826 834 840 846 8
