c ids of sdd nodes start at 0
c sdd nodes appear bottom-up, children before parents
c
c file syntax:
c sdd count-of-sdd-nodes
c F id-of-false-sdd-node
c T id-of-true-sdd-node
c L id-of-literal-sdd-node id-of-vtree literal
c D id-of-decomposition-sdd-node id-of-vtree number-of-elements {id-of-prime id-of-sub}*
c
sdd 505
L 3 0 -3
L 5 2 -4
L 6 4 -2
L 7 2 4
F 8
D 4 3 2 5 6 7 8
L 9 0 3
D 2 1 2 3 4 9 8
L 12 6 -6
L 13 8 -7
L 14 6 6
D 11 7 2 12 13 14 8
L 17 10 -5
L 18 12 1
L 19 10 5
D 16 11 2 17 18 19 8
L 21 14 -8
L 23 16 -9
L 24 18 -10
L 25 16 9
D 22 17 2 23 24 25 8
L 26 14 8
D 20 15 2 21 22 26 8
L 28 12 -1
T 29
D 27 11 2 17 28 19 29
D 15 13 2 16 20 27 8
L 31 8 7
D 30 7 2 12 31 14 29
D 10 9 2 11 15 30 8
L 34 4 2
D 33 3 2 5 34 7 29
D 32 1 2 3 33 9 29
D 1 5 2 2 10 32 8
L 39 20 -14
L 40 22 -15
L 41 20 14
D 38 21 2 39 40 41 8
L 43 24 -16
L 44 26 -17
L 45 24 16
D 42 25 2 43 44 45 8
L 47 22 15
D 46 21 2 39 47 41 29
D 37 23 2 38 42 46 8
L 50 28 -13
L 51 30 -12
L 52 28 13
D 49 29 2 50 51 52 8
L 55 32 11
L 56 34 -18
L 57 32 -11
D 54 33 2 55 56 57 8
L 59 36 -20
L 60 38 -19
L 61 36 20
D 58 37 2 59 60 61 8
L 63 34 18
D 62 33 2 55 63 57 29
D 53 35 2 54 58 62 8
L 65 30 12
D 64 29 2 50 65 52 29
D 48 31 2 49 53 64 8
L 68 26 17
D 67 25 2 43 68 45 29
D 66 23 2 38 67 46 29
D 36 27 2 37 48 66 8
L 73 40 -34
L 74 42 -35
L 75 40 34
D 72 41 2 73 74 75 8
L 77 44 -32
L 78 46 -33
L 79 44 32
D 76 45 2 77 78 79 8
L 81 42 35
D 80 41 2 73 81 75 29
D 71 43 2 72 76 80 8
L 84 48 -37
L 85 50 -38
L 86 48 37
D 83 49 2 84 85 86 8
L 89 52 31
L 90 54 -36
L 91 52 -31
D 88 53 2 89 90 91 8
L 93 56 -39
L 94 58 -40
L 95 56 39
D 92 57 2 93 94 95 8
L 97 54 36
D 96 53 2 89 97 91 29
D 87 55 2 88 92 96 8
L 99 50 38
D 98 49 2 84 99 86 29
D 82 51 2 83 87 98 8
L 102 46 33
D 101 45 2 77 102 79 29
D 100 43 2 72 101 80 29
D 70 47 2 71 82 100 8
L 107 60 -22
L 108 62 21
L 109 60 22
D 106 61 2 107 108 109 8
L 111 64 -25
L 112 66 -26
L 113 64 25
D 110 65 2 111 112 113 8
L 115 62 -21
D 114 61 2 107 115 109 29
D 105 63 2 106 110 114 8
L 118 68 -27
L 119 70 -28
L 120 68 27
D 117 69 2 118 119 120 8
L 123 72 -23
L 124 74 -24
L 125 72 23
D 122 73 2 123 124 125 8
L 127 76 -30
L 128 78 -29
L 129 76 30
D 126 77 2 127 128 129 8
L 131 74 24
D 130 73 2 123 131 125 29
D 121 75 2 122 126 130 8
L 133 70 28
D 132 69 2 118 133 120 29
D 116 71 2 117 121 132 8
L 136 66 26
D 135 65 2 111 136 113 29
D 134 63 2 106 135 114 29
D 104 67 2 105 116 134 8
L 140 80 -46
L 141 82 -47
L 142 80 46
D 139 81 2 140 141 142 8
L 144 84 -48
L 146 86 -50
L 147 88 -49
L 148 86 50
D 145 87 2 146 147 148 8
L 149 84 48
D 143 85 2 144 145 149 8
L 151 82 47
D 150 81 2 140 151 142 29
D 138 83 2 139 143 150 8
L 155 90 -43
L 156 92 -44
L 157 90 43
D 154 91 2 155 156 157 8
L 159 94 -42
L 161 96 -45
L 162 98 41
L 163 96 45
D 160 97 2 161 162 163 8
L 164 94 42
D 158 95 2 159 160 164 8
L 166 92 44
D 165 91 2 155 166 157 29
D 153 93 2 154 158 165 8
L 169 100 -57
L 171 102 -58
L 173 104 -60
L 174 106 -59
L 175 104 60
D 172 105 2 173 174 175 8
L 176 102 58
D 170 103 2 171 172 176 8
L 177 100 57
D 168 101 2 169 170 177 8
L 180 108 -53
L 182 110 -56
L 183 112 -55
L 184 110 56
D 181 111 2 182 183 184 8
L 185 108 53
D 179 109 2 180 181 185 8
L 188 114 51
L 190 116 -54
L 191 118 -52
L 192 116 54
D 189 117 2 190 191 192 8
L 193 114 -51
D 187 115 2 188 189 193 8
L 196 120 -61
L 197 122 -62
L 198 120 61
D 195 121 2 196 197 198 8
L 201 124 -63
L 202 126 -64
L 203 124 63
D 200 125 2 201 202 203 8
L 205 128 65
L 207 130 -66
L 209 132 -67
L 211 134 -68
L 213 136 -69
L 214 138 -70
L 215 136 69
D 212 137 2 213 214 215 8
L 216 134 68
D 210 135 2 211 212 216 8
L 217 132 67
D 208 133 2 209 210 217 8
L 218 130 66
D 206 131 2 207 208 218 8
L 219 128 -65
D 204 129 2 205 206 219 8
L 221 126 64
D 220 125 2 201 221 203 29
D 199 127 2 200 204 220 8
L 223 122 62
D 222 121 2 196 223 198 29
D 194 123 2 195 199 222 8
L 226 118 52
D 225 117 2 190 226 192 8
D 224 115 2 193 225 188 8
D 229 125 2 201 221 203 8
D 230 129 2 219 206 205 8
D 231 125 2 201 202 203 29
D 228 127 2 229 230 231 8
D 227 123 2 195 228 222 8
D 233 117 2 192 191 190 8
D 232 115 2 193 233 188 8
D 235 121 2 196 223 198 8
D 236 127 2 200 230 220 8
D 237 121 2 196 197 198 29
D 234 123 2 235 236 237 8
D 239 117 2 190 191 192 226
D 240 117 2 190 226 192 29
D 238 115 2 193 239 188 240
D 186 119 4 187 194 224 227 232 234 238 8
D 241 109 2 185 181 180 8
D 243 115 2 193 189 188 8
D 246 125 2 203 202 201 8
D 247 125 2 203 221 201 29
D 245 127 2 246 230 247 8
D 244 123 2 195 245 222 8
D 248 115 2 193 240 188 29
D 242 119 2 243 244 248 8
L 251 112 55
D 250 111 2 182 251 184 8
D 249 109 2 180 250 185 8
D 254 121 2 198 197 196 8
D 255 121 2 198 223 196 29
D 253 123 2 254 236 255 8
D 252 119 2 243 253 248 8
D 257 111 2 182 251 184 29
D 256 109 2 185 257 180 184
D 178 113 4 179 186 241 242 249 252 256 8
L 261 106 59
D 260 105 2 173 261 175 29
D 259 103 2 171 260 176 29
D 258 101 2 169 259 177 29
D 167 107 2 168 178 258 8
L 265 98 -41
D 264 97 2 161 265 163 8
D 263 95 2 164 264 159 8
D 262 93 2 154 263 165 8
D 268 119 4 187 227 224 244 232 253 238 8
D 269 119 2 243 234 248 8
D 267 113 3 179 268 241 269 257 8
D 266 107 2 168 267 258 8
D 271 91 2 157 156 155 8
D 272 95 2 159 264 164 8
D 273 91 2 157 166 155 29
D 270 93 2 271 272 273 8
D 278 117 2 190 191 192 29
D 277 115 2 193 278 188 240
D 276 119 3 187 244 224 234 277 8
D 275 113 3 179 276 241 252 257 8
D 274 107 2 168 275 258 8
D 280 91 2 155 166 157 8
D 281 91 2 155 156 157 29
D 279 93 2 280 272 281 8
D 284 119 3 187 234 224 253 277 8
D 285 109 2 180 257 185 29
D 283 113 2 179 284 285 8
D 282 107 2 168 283 258 8
D 288 97 2 163 265 161 8
D 287 95 2 159 288 164 8
D 286 93 2 154 287 165 8
D 292 115 2 188 240 193 29
D 291 119 2 187 253 292 8
D 290 113 2 179 291 285 8
D 289 107 2 168 290 258 8
D 295 97 2 161 265 163 162
D 296 97 2 161 162 163 29
D 294 95 2 159 295 164 296
D 297 91 2 157 156 155 166
D 298 95 2 159 296 164 29
D 299 91 2 157 166 155 8
D 293 93 3 154 294 297 298 299 29
D 152 99 6 153 167 262 266 270 274 279 282 286 289 293 8
L 303 88 49
D 302 87 2 146 303 148 29
D 301 85 2 144 302 149 29
D 300 83 2 139 301 150 29
D 137 89 2 138 152 300 8
D 306 61 2 109 115 107 8
D 307 61 2 109 108 107 29
D 305 63 2 306 110 307 8
D 308 63 2 306 135 307 29
D 304 67 2 305 116 308 8
D 313 97 2 161 265 163 29
D 312 95 2 164 296 159 313
D 311 93 3 154 312 297 298 299 29
D 310 99 5 153 266 262 274 270 282 279 289 311 8
D 309 89 2 138 310 300 8
D 316 61 2 107 115 109 8
D 317 61 2 107 108 109 29
D 315 63 2 316 110 317 8
D 320 73 2 125 124 123 8
D 321 73 2 125 131 123 29
D 319 75 2 320 126 321 8
D 318 71 2 117 319 132 8
D 322 63 2 316 135 317 29
D 314 67 2 315 318 322 8
D 325 93 3 154 312 271 298 166 29
D 324 99 4 153 274 262 282 270 289 325 8
D 323 89 2 138 324 300 8
D 329 73 2 123 131 125 8
D 330 73 2 123 124 125 29
D 328 75 2 329 126 330 8
D 327 71 2 117 328 132 8
D 326 67 2 315 327 322 8
D 333 93 2 154 312 165 29
D 332 99 3 153 282 262 289 333 8
D 331 89 2 138 332 300 8
D 336 65 2 113 112 111 8
D 335 63 2 316 336 317 8
D 338 65 2 113 136 111 29
D 337 63 2 316 338 317 29
D 334 67 2 335 116 337 8
D 342 95 2 159 313 164 29
D 341 93 2 154 342 165 29
D 340 99 2 153 289 341 8
D 339 89 2 138 340 300 8
D 346 73 2 125 124 123 131
L 348 78 29
D 347 77 2 127 348 129 29
D 349 73 2 123 124 125 131
D 345 75 2 346 347 349 29
D 344 71 2 117 345 132 29
D 351 61 2 109 115 107 108
D 352 61 2 109 108 107 8
D 350 63 3 316 336 351 110 352 8
D 354 75 2 122 347 130 29
D 353 71 2 117 354 132 29
D 355 63 3 351 135 316 136 352 29
D 343 67 3 315 344 350 353 355 29
D 103 79 6 104 137 304 309 314 323 326 331 334 339 343 8
D 358 45 2 79 78 77 8
D 357 43 2 72 358 80 8
D 361 53 2 91 90 89 8
D 362 53 2 91 97 89 29
D 360 55 2 361 92 362 8
D 359 51 2 83 360 98 8
D 364 45 2 79 102 77 29
D 363 43 2 72 364 80 29
D 356 47 2 357 359 363 8
D 368 61 2 107 115 109 108
D 367 63 2 351 110 368 8
D 370 61 2 109 115 107 29
D 369 63 2 370 135 352 29
D 366 67 3 315 344 367 353 369 29
D 365 79 5 104 309 304 323 314 331 326 339 366 8
D 373 45 2 77 102 79 8
D 372 43 2 72 373 80 8
D 375 45 2 77 78 79 29
D 374 43 2 72 375 80 29
D 371 47 2 372 359 374 8
D 379 75 2 320 347 321 29
D 378 71 2 117 379 132 29
D 377 67 3 315 378 367 353 369 29
D 376 79 4 104 323 304 331 314 339 377 8
D 382 41 2 75 74 73 8
D 383 41 2 75 81 73 29
D 381 43 2 382 76 383 8
D 384 43 2 382 101 383 29
D 380 47 2 381 359 384 8
D 387 63 2 351 135 368 29
D 386 67 2 367 353 387 29
D 385 79 3 104 331 304 339 386 8
D 390 41 2 73 81 75 8
D 391 41 2 73 74 75 29
D 389 43 2 390 76 391 8
D 392 43 2 390 101 391 29
D 388 47 2 389 359 392 8
D 394 67 2 105 353 134 29
D 393 79 2 104 339 394 8
L 399 58 40
D 398 57 2 93 399 95 29
D 397 55 2 88 398 96 29
D 396 51 2 83 397 98 29
D 401 45 2 79 78 77 102
D 402 41 2 75 74 73 81
D 403 41 2 75 81 73 8
D 400 43 3 72 401 402 76 403 8
D 405 55 2 361 398 362 29
D 404 51 2 83 405 98 29
D 407 45 2 79 102 77 8
D 406 43 3 72 407 402 101 403 29
D 395 47 3 71 396 400 404 406 29
D 69 59 6 70 103 356 365 371 376 380 385 388 393 395 8
D 410 29 2 50 65 52 8
D 412 33 2 57 56 55 8
D 413 33 2 57 63 55 29
D 411 35 2 412 58 413 8
D 414 29 2 50 51 52 29
D 409 31 2 410 411 414 8
D 408 27 2 37 409 66 8
D 417 43 3 72 401 382 76 81 8
D 418 43 3 72 407 382 101 81 29
D 416 47 3 71 396 417 404 418 29
D 415 59 5 70 365 356 376 371 385 380 393 416 8
D 421 29 2 52 51 50 8
D 422 29 2 52 65 50 29
D 420 31 2 421 411 422 8
D 419 27 2 37 420 66 8
D 425 43 2 72 401 80 8
D 426 43 2 72 407 80 29
D 424 47 3 71 396 425 404 426 29
D 423 59 4 70 376 356 385 371 393 424 8
D 429 21 2 41 40 39 8
D 430 21 2 41 47 39 29
D 428 23 2 429 42 430 8
D 431 31 2 49 411 64 8
D 432 23 2 429 67 430 29
D 427 27 2 428 431 432 8
D 435 43 2 72 102 80 29
D 434 47 3 71 396 357 404 435 29
D 433 59 3 70 385 356 393 434 8
D 438 21 2 39 47 41 8
D 439 21 2 39 40 41 29
D 437 23 2 438 42 439 8
D 440 23 2 438 67 439 29
D 436 27 2 437 431 440 8
D 442 47 2 71 396 100 29
D 441 59 2 70 393 442 8
L 447 38 19
D 446 37 2 59 447 61 29
D 445 35 2 54 446 62 29
D 448 29 2 52 51 50 65
D 449 35 2 412 446 413 29
D 450 29 2 52 65 50 8
D 444 31 3 49 445 448 449 450 29
D 452 21 2 41 40 39 47
D 453 21 2 39 40 41 47
D 451 23 2 452 42 453 8
D 454 31 2 49 449 64 29
D 456 21 2 41 40 39 29
D 457 21 2 41 47 39 8
D 455 23 2 456 67 457 29
D 443 27 3 37 444 451 454 455 29
D 35 39 6 36 69 408 415 419 423 427 433 436 441 443 8
D 460 3 2 5 34 7 8
D 459 1 2 3 460 9 8
D 463 11 2 17 28 19 8
D 464 11 2 17 18 19 29
D 462 13 2 463 20 464 8
D 461 9 2 11 462 30 8
D 466 3 2 5 6 7 29
D 465 1 2 3 466 9 29
D 458 5 2 459 461 465 8
D 469 23 2 40 67 47 29
D 468 27 3 37 444 428 454 469 29
D 467 39 5 36 415 408 423 419 433 427 441 468 8
D 471 1 2 9 4 3 8
D 472 1 2 9 33 3 29
D 470 5 2 471 461 472 8
D 474 27 2 37 444 66 29
D 473 39 4 36 423 408 433 419 441 474 8
D 477 3 2 7 6 5 8
D 476 1 2 3 477 9 8
D 479 3 2 7 34 5 29
D 478 1 2 3 479 9 29
D 475 5 2 476 461 478 8
D 482 31 3 49 445 410 449 52 29
D 481 27 2 37 482 66 29
D 480 39 3 36 433 408 441 481 8
D 486 11 2 19 28 17 8
D 487 11 2 19 18 17 29
D 485 13 2 486 20 487 8
D 484 9 2 11 485 30 8
D 483 5 2 2 484 32 8
D 490 31 2 49 445 64 29
D 489 27 2 37 490 66 29
D 488 39 2 36 441 489 8
D 494 11 2 19 28 17 18
L 497 18 10
D 496 17 2 23 497 25 29
D 495 15 2 21 496 26 29
D 498 11 2 17 28 19 18
D 493 13 2 494 495 498 29
D 492 9 2 11 493 30 29
D 500 3 2 7 6 5 34
D 499 1 2 3 500 9 4
D 502 13 2 463 495 464 29
D 501 9 2 11 502 30 29
D 504 3 2 7 34 5 8
D 503 1 2 3 504 9 33
D 491 5 3 2 492 499 501 503 29
D 0 19 6 1 35 458 467 470 473 475 480 483 488 491 8
