c ids of sdd nodes start at 0
c sdd nodes appear bottom-up, children before parents
c
c file syntax:
c sdd count-of-sdd-nodes
c F id-of-false-sdd-node
c T id-of-true-sdd-node
c L id-of-literal-sdd-node id-of-vtree literal
c D id-of-decomposition-sdd-node id-of-vtree number-of-elements {id-of-prime id-of-sub}*
c
sdd 860
L 3 0 -3
L 5 2 -4
L 6 4 -2
L 7 2 4
F 8
D 4 3 2 5 6 7 8
L 9 0 3
D 2 1 2 3 4 9 8
L 12 6 -6
L 13 8 -7
L 14 6 6
D 11 7 2 12 13 14 8
L 17 10 -5
L 18 12 1
L 19 10 5
D 16 11 2 17 18 19 8
L 21 14 -8
L 23 16 -9
L 24 18 -10
L 25 16 9
D 22 17 2 23 24 25 8
L 26 14 8
D 20 15 2 21 22 26 8
L 28 12 -1
T 29
D 27 11 2 17 28 19 29
D 15 13 2 16 20 27 8
L 31 8 7
D 30 7 2 12 31 14 29
D 10 9 2 11 15 30 8
L 34 4 2
D 33 3 2 5 34 7 29
D 32 1 2 3 33 9 29
D 1 5 2 2 10 32 8
L 39 20 -14
L 40 22 -15
L 41 20 14
D 38 21 2 39 40 41 8
L 43 24 -16
L 44 26 -17
L 45 24 16
D 42 25 2 43 44 45 8
L 47 22 15
D 46 21 2 39 47 41 29
D 37 23 2 38 42 46 8
L 50 28 -13
L 51 30 -12
L 52 28 13
D 49 29 2 50 51 52 8
L 55 32 11
L 56 34 -18
L 57 32 -11
D 54 33 2 55 56 57 8
L 59 36 -20
L 60 38 -19
L 61 36 20
D 58 37 2 59 60 61 8
L 63 34 18
D 62 33 2 55 63 57 29
D 53 35 2 54 58 62 8
L 65 30 12
D 64 29 2 50 65 52 29
D 48 31 2 49 53 64 8
L 68 26 17
D 67 25 2 43 68 45 29
D 66 23 2 38 67 46 29
D 36 27 2 37 48 66 8
L 73 40 -34
L 74 42 35
L 75 40 34
D 72 41 2 73 74 75 8
L 77 44 -32
L 78 46 -33
L 79 44 32
D 76 45 2 77 78 79 8
L 81 42 -35
D 80 41 2 73 81 75 29
D 71 43 2 72 76 80 8
L 84 48 -37
L 85 50 -38
L 86 48 37
D 83 49 2 84 85 86 8
L 89 52 -31
L 90 54 -36
L 91 52 31
D 88 53 2 89 90 91 8
L 93 56 -39
L 94 58 -40
L 95 56 39
D 92 57 2 93 94 95 8
L 97 54 36
D 96 53 2 89 97 91 29
D 87 55 2 88 92 96 8
L 99 50 38
D 98 49 2 84 99 86 29
D 82 51 2 83 87 98 8
L 102 46 33
D 101 45 2 77 102 79 29
D 100 43 2 72 101 80 29
D 70 47 2 71 82 100 8
L 107 60 -22
L 108 62 -21
L 109 60 22
D 106 61 2 107 108 109 8
L 111 64 -25
L 112 66 -26
L 113 64 25
D 110 65 2 111 112 113 8
L 115 62 21
D 114 61 2 107 115 109 29
D 105 63 2 106 110 114 8
L 118 68 -27
L 119 70 -28
L 120 68 27
D 117 69 2 118 119 120 8
L 123 72 -23
L 124 74 -24
L 125 72 23
D 122 73 2 123 124 125 8
L 127 76 30
L 128 78 -29
L 129 76 -30
D 126 77 2 127 128 129 8
L 131 74 24
D 130 73 2 123 131 125 29
D 121 75 2 122 126 130 8
L 133 70 28
D 132 69 2 118 133 120 29
D 116 71 2 117 121 132 8
L 136 66 26
D 135 65 2 111 136 113 29
D 134 63 2 106 135 114 29
D 104 67 2 105 116 134 8
L 140 80 -46
L 141 82 -47
L 142 80 46
D 139 81 2 140 141 142 8
L 144 84 -48
L 146 86 50
L 147 88 -49
L 148 86 -50
D 145 87 2 146 147 148 8
L 149 84 48
D 143 85 2 144 145 149 8
L 151 82 47
D 150 81 2 140 151 142 29
D 138 83 2 139 143 150 8
L 155 90 -43
L 156 92 -44
L 157 90 43
D 154 91 2 155 156 157 8
L 159 94 -42
L 161 96 -45
L 162 98 -41
L 163 96 45
D 160 97 2 161 162 163 8
L 164 94 42
D 158 95 2 159 160 164 8
L 166 92 44
D 165 91 2 155 166 157 29
D 153 93 2 154 158 165 8
L 169 100 -57
L 171 102 -58
L 173 104 60
L 174 106 -59
L 175 104 -60
D 172 105 2 173 174 175 8
L 176 102 58
D 170 103 2 171 172 176 8
L 177 100 57
D 168 101 2 169 170 177 8
L 180 108 -53
L 182 110 -56
L 183 112 -55
L 184 110 56
D 181 111 2 182 183 184 8
L 185 108 53
D 179 109 2 180 181 185 8
L 188 114 -51
L 190 116 -54
L 191 118 -52
L 192 116 54
D 189 117 2 190 191 192 8
L 193 114 51
D 187 115 2 188 189 193 8
L 196 120 -61
L 197 122 -62
L 198 120 61
D 195 121 2 196 197 198 8
L 201 124 -63
L 202 126 -64
L 203 124 63
D 200 125 2 201 202 203 8
L 205 128 -65
L 207 130 -66
L 209 132 -67
L 211 134 -68
L 213 136 -69
L 214 138 70
L 215 136 69
D 212 137 2 213 214 215 8
L 216 134 68
D 210 135 2 211 212 216 8
L 217 132 67
D 208 133 2 209 210 217 8
L 218 130 66
D 206 131 2 207 208 218 8
L 219 128 65
D 204 129 2 205 206 219 8
L 221 126 64
D 220 125 2 201 221 203 29
D 199 127 2 200 204 220 8
L 223 122 62
D 222 121 2 196 223 198 29
D 194 123 2 195 199 222 8
L 226 118 52
D 225 117 2 190 226 192 29
D 224 115 2 188 225 193 29
D 186 119 2 187 194 224 8
L 229 112 55
D 228 111 2 182 229 184 29
D 227 109 2 180 228 185 29
D 178 113 2 179 186 227 8
L 233 106 59
D 232 105 2 173 233 175 29
D 231 103 2 171 232 176 29
D 230 101 2 169 231 177 29
D 167 107 2 168 178 230 8
L 237 98 41
D 236 97 2 161 237 163 29
D 235 95 2 159 236 164 29
D 234 93 2 154 235 165 29
D 152 99 2 153 167 234 8
L 241 88 49
D 240 87 2 146 241 148 29
D 239 85 2 144 240 149 29
D 238 83 2 139 239 150 29
D 137 89 2 138 152 238 8
L 246 78 29
D 245 77 2 127 246 129 29
D 244 75 2 122 245 130 29
D 243 71 2 117 244 132 29
D 242 67 2 105 243 134 29
D 103 79 2 104 137 242 8
D 249 41 2 73 81 75 8
D 250 41 2 73 74 75 29
D 248 43 2 249 76 250 8
D 253 53 2 89 97 91 8
D 254 53 2 89 90 91 29
D 252 55 2 253 92 254 8
D 251 51 2 83 252 98 8
D 255 43 2 249 101 250 29
D 247 47 2 248 251 255 8
D 260 77 2 129 246 127 8
D 259 75 2 122 260 130 8
D 258 71 2 117 259 132 8
D 257 67 2 105 258 134 8
D 266 105 2 175 233 173 8
D 265 103 2 171 266 176 8
D 264 101 2 169 265 177 8
L 276 138 -70
D 275 137 2 215 276 213 8
D 274 135 2 211 275 216 8
D 273 133 2 209 274 217 8
D 272 131 2 207 273 218 8
D 271 129 2 205 272 219 8
D 270 127 2 200 271 220 8
D 269 123 2 195 270 222 8
D 268 119 2 187 269 224 8
D 267 113 2 179 268 227 8
D 279 105 2 175 174 173 233
D 278 103 2 171 279 176 29
D 277 101 2 169 278 177 29
D 263 107 3 264 178 168 267 277 8
D 262 99 2 153 263 234 8
D 282 87 2 148 241 146 8
D 281 85 2 144 282 149 8
D 280 83 2 139 281 150 8
D 285 87 2 148 147 146 241
D 284 85 2 144 285 149 29
D 283 83 2 139 284 150 29
D 261 89 3 138 262 280 152 283 8
D 289 77 2 129 128 127 246
D 288 75 2 122 289 130 29
D 287 71 2 117 288 132 29
D 286 67 2 105 287 134 29
D 256 79 3 257 137 104 261 286 8
D 292 49 2 86 85 84 8
D 293 49 2 86 99 84 29
D 291 51 2 292 87 293 8
D 290 47 2 248 291 255 8
D 297 69 2 118 133 120 8
D 299 77 2 129 128 127 8
D 298 75 2 122 299 130 8
D 300 69 2 118 119 120 29
D 296 71 2 297 298 300 8
D 295 67 2 105 296 134 8
D 312 137 2 213 276 215 8
D 311 135 2 216 312 211 8
D 310 133 2 209 311 217 8
D 309 131 2 207 310 218 8
D 308 129 2 205 309 219 8
D 307 127 2 200 308 220 8
D 306 123 2 195 307 222 8
D 305 119 2 187 306 224 8
D 304 113 2 179 305 227 8
D 315 105 2 175 174 173 8
D 314 103 2 176 315 171 8
D 313 101 2 169 314 177 8
D 318 105 2 175 233 173 29
D 317 103 2 171 279 176 318
D 316 101 2 169 317 177 29
D 303 107 4 168 304 313 178 264 267 316 8
D 302 99 2 153 303 234 8
D 321 87 2 148 147 146 8
D 320 85 2 149 321 144 8
D 319 83 2 139 320 150 8
D 324 87 2 148 241 146 29
D 323 85 2 144 285 149 324
D 322 83 2 139 323 150 29
D 301 89 4 138 302 280 262 319 152 322 8
D 328 77 2 129 246 127 29
D 327 75 2 122 328 130 29
D 326 71 3 117 288 297 327 120 29
D 325 67 2 105 326 134 29
D 294 79 4 295 137 257 261 104 301 325 8
D 331 49 2 84 99 86 8
D 332 49 2 84 85 86 29
D 330 51 2 331 87 332 8
D 329 47 2 248 330 255 8
D 336 69 2 120 119 118 8
D 337 69 2 120 133 118 29
D 335 71 2 336 298 337 8
D 334 67 2 105 335 134 8
D 348 135 2 211 312 216 8
D 347 133 2 217 348 209 8
D 346 131 2 207 347 218 8
D 345 129 2 205 346 219 8
D 344 127 2 200 345 220 8
D 343 123 2 195 344 222 8
D 342 119 2 187 343 224 8
D 341 113 2 179 342 227 8
D 350 103 2 171 315 176 8
D 349 101 2 177 350 169 8
D 352 103 2 171 318 176 29
D 351 101 2 169 317 177 352
D 340 107 5 168 341 264 304 349 178 313 267 351 8
D 339 99 2 153 340 234 8
D 354 81 2 140 151 142 8
D 355 85 2 144 321 149 8
D 356 81 2 140 141 142 29
D 353 83 2 354 355 356 8
D 358 85 2 144 324 149 29
D 357 83 3 139 323 354 358 142 29
D 338 89 5 138 339 280 302 319 262 353 152 357 8
D 361 69 2 120 119 118 133
D 362 69 2 120 133 118 8
D 360 71 3 117 288 361 327 362 29
D 359 67 2 105 360 134 29
D 333 79 5 334 137 295 261 257 301 104 338 359 8
D 366 57 2 95 94 93 8
D 365 55 2 88 366 96 8
D 364 51 2 83 365 98 8
D 363 47 2 248 364 255 8
D 370 65 2 111 136 113 8
D 369 63 2 106 370 114 8
D 371 71 2 117 298 132 8
D 373 65 2 111 112 113 29
D 372 63 2 106 373 114 29
D 368 67 2 369 371 372 8
D 383 133 2 209 348 217 8
D 382 131 2 218 383 207 8
D 381 129 2 205 382 219 8
D 380 127 2 200 381 220 8
D 379 123 2 195 380 222 8
D 378 119 2 187 379 224 8
D 377 113 2 179 378 227 8
D 384 101 2 169 350 177 8
D 387 111 2 184 183 182 8
D 386 109 2 180 387 185 8
D 389 111 2 184 229 182 29
D 388 109 2 180 389 185 29
D 385 113 2 386 186 388 8
D 392 105 2 173 233 175 8
D 391 103 2 171 392 176 318
D 390 101 2 169 391 177 352
D 376 107 6 168 377 384 385 264 341 313 304 349 267 390 8
D 375 99 2 153 376 234 8
D 394 81 2 142 141 140 8
D 395 81 2 142 151 140 29
D 393 83 2 394 355 395 8
D 397 81 2 142 141 140 151
D 398 81 2 142 151 140 8
D 396 83 3 139 323 397 358 398 29
D 374 89 6 138 375 280 339 319 302 353 262 393 152 396 8
D 400 71 2 117 327 132 29
D 401 63 2 106 113 114 29
D 399 67 3 105 360 369 400 401 29
D 367 79 6 368 137 334 261 295 301 257 338 104 374 399 8
L 406 58 40
D 405 57 2 93 406 95 8
D 404 55 2 88 405 96 8
D 403 51 2 83 404 98 8
D 402 47 2 248 403 255 8
D 410 65 2 113 112 111 8
D 409 63 2 106 410 114 8
D 412 65 2 113 136 111 29
D 411 63 2 106 412 114 29
D 408 67 2 409 371 411 8
D 421 131 2 207 383 218 8
D 420 129 2 219 421 205 8
D 419 127 2 200 420 220 8
D 418 123 2 195 419 222 8
D 417 119 2 187 418 224 8
D 416 113 2 179 417 227 8
D 424 111 2 182 229 184 8
D 423 109 2 180 424 185 8
D 426 111 2 182 183 184 229
D 425 109 2 180 426 185 29
D 422 113 3 386 268 423 186 425 8
D 415 107 6 168 416 384 422 264 377 313 341 349 304 390 8
D 414 99 2 153 415 234 8
D 427 83 2 139 355 150 8
D 431 97 2 163 162 161 8
D 430 95 2 159 431 164 8
D 429 93 2 154 430 165 8
D 434 97 2 163 237 161 29
D 433 95 2 159 434 164 29
D 432 93 2 154 433 165 29
D 428 99 2 429 167 432 8
D 437 87 2 146 241 148 8
D 436 85 2 144 437 149 324
D 435 83 3 139 436 397 358 398 29
D 413 89 7 138 414 427 428 280 375 319 339 353 302 393 262 435 8
D 440 65 2 113 112 111 136
D 439 63 2 106 440 114 8
D 442 65 2 113 136 111 8
D 441 63 2 106 442 114 29
D 438 67 3 105 360 439 400 441 29
D 407 79 7 408 137 368 261 334 301 295 338 257 374 104 413 438 8
D 446 57 2 93 406 95 29
D 447 57 2 93 94 95 406
D 445 55 3 253 446 88 447 91 29
D 448 49 2 86 85 84 99
D 449 55 2 88 446 96 29
D 450 49 2 86 99 84 8
D 444 51 3 83 445 448 449 450 29
D 451 51 2 83 449 98 29
D 452 43 2 73 101 75 29
D 443 47 3 248 444 71 451 452 29
D 69 59 7 70 103 247 256 290 294 329 333 363 367 402 407 443 8
D 455 29 2 50 65 52 8
D 457 33 2 57 56 55 8
D 458 33 2 57 63 55 29
D 456 35 2 457 58 458 8
D 459 29 2 50 51 52 29
D 454 31 2 455 456 459 8
D 453 27 2 37 454 66 8
D 463 41 2 75 81 73 8
D 464 41 2 75 74 73 29
D 462 43 2 463 76 464 8
D 465 43 2 463 101 464 29
D 461 47 2 462 82 465 8
D 470 73 2 123 131 125 8
D 471 73 2 123 124 125 29
D 469 75 2 470 299 471 8
D 468 71 2 117 469 132 8
D 467 67 2 105 468 134 8
D 479 125 2 201 221 203 8
D 480 129 2 205 421 219 8
D 481 125 2 201 202 203 29
D 478 127 2 479 480 481 8
D 477 123 2 195 478 222 8
D 476 119 2 187 477 224 8
D 475 113 2 179 476 227 8
D 485 117 2 192 191 190 8
D 484 115 2 188 485 193 8
D 487 117 2 192 226 190 29
D 486 115 2 188 487 193 29
D 483 119 2 484 194 486 8
D 489 111 2 184 229 182 8
D 488 109 2 180 489 185 29
D 482 113 4 423 268 179 483 386 305 488 8
D 474 107 6 168 475 384 482 264 416 313 377 349 341 390 8
D 473 99 2 153 474 234 8
D 492 91 2 155 166 157 8
D 493 91 2 155 156 157 29
D 491 93 2 492 158 493 8
D 494 93 3 154 433 492 235 157 29
D 490 99 3 491 167 429 263 494 8
D 472 89 7 138 473 427 490 280 414 319 375 353 339 393 302 435 8
D 497 75 3 470 328 122 289 125 29
D 496 71 3 117 497 361 327 362 29
D 495 67 3 105 496 439 400 441 29
D 466 79 8 467 137 408 261 368 301 334 338 295 374 257 413 104 472 495 8
D 500 41 2 75 81 73 74
D 501 41 2 73 81 75 74
D 499 43 2 500 76 501 8
D 503 41 2 75 81 73 29
D 504 41 2 75 74 73 8
D 502 43 2 503 101 504 29
D 498 47 3 248 444 499 451 502 29
D 460 59 8 461 103 70 256 247 294 290 333 329 367 363 407 402 466 498 8
D 507 29 2 52 51 50 8
D 508 29 2 52 65 50 29
D 506 31 2 507 456 508 8
D 505 27 2 37 506 66 8
D 512 45 2 77 102 79 8
D 511 43 2 249 512 250 8
D 514 45 2 77 78 79 29
D 513 43 2 249 514 250 29
D 510 47 2 511 82 513 8
D 519 73 2 125 124 123 8
D 520 73 2 125 131 123 29
D 518 75 2 519 299 520 8
D 517 71 2 117 518 132 8
D 516 67 2 105 517 134 8
D 525 109 2 185 181 180 8
D 526 119 2 484 269 486 8
D 527 109 2 180 489 185 228
D 524 113 5 423 305 525 186 179 526 386 342 527 8
D 532 125 2 203 202 201 8
D 533 125 2 203 221 201 29
D 531 127 2 532 480 533 8
D 530 123 2 195 531 222 8
D 529 119 2 187 530 224 8
D 528 113 2 179 529 227 8
D 523 107 6 384 524 168 528 264 475 313 416 349 377 390 8
D 522 99 2 153 523 234 8
D 536 91 2 157 156 155 8
D 537 91 2 157 166 155 29
D 535 93 2 536 158 537 8
D 539 91 2 157 156 155 166
D 540 91 2 157 166 155 8
D 538 93 3 154 433 539 235 540 29
D 534 99 4 535 167 491 263 429 303 538 8
D 521 89 7 138 522 427 534 280 473 319 414 353 375 393 339 435 8
D 544 73 2 125 124 123 131
D 545 73 2 125 131 123 8
D 543 75 3 544 328 122 289 545 29
D 542 71 3 361 327 117 543 362 29
D 541 67 3 439 400 105 542 441 29
D 515 79 9 516 137 467 261 408 301 368 338 334 374 295 413 257 472 104 521 541 8
D 547 43 3 249 512 500 76 504 8
D 548 43 3 500 101 249 79 504 29
D 546 47 3 248 444 547 451 548 29
D 509 59 9 510 103 461 256 70 294 247 333 290 367 329 407 363 466 402 515 546 8
D 551 21 2 41 40 39 8
D 552 21 2 41 47 39 29
D 550 23 2 551 42 552 8
D 553 31 2 49 456 64 8
D 554 23 2 551 67 552 29
D 549 27 2 550 553 554 8
D 558 45 2 79 78 77 8
D 557 43 2 249 558 250 8
D 560 45 2 79 102 77 29
D 559 43 2 249 560 250 29
D 556 47 2 557 82 559 8
D 564 61 2 109 108 107 8
D 565 61 2 109 115 107 29
D 563 63 2 564 110 565 8
D 566 63 2 564 135 565 29
D 562 67 2 563 371 566 8
D 573 117 2 190 226 192 8
D 572 115 2 188 573 193 8
D 575 117 2 190 191 192 226
D 574 115 2 188 575 193 29
D 571 119 3 572 194 484 306 574 8
D 570 113 5 179 571 525 268 423 342 386 378 527 8
D 579 121 2 196 223 198 8
D 580 127 2 200 480 220 8
D 581 121 2 196 197 198 29
D 578 123 2 579 580 581 8
D 577 119 2 187 578 224 8
D 576 113 2 179 577 227 8
D 569 107 6 384 570 264 528 313 475 168 576 349 416 390 8
D 568 99 2 153 569 234 8
D 584 95 2 164 160 159 8
D 583 93 2 154 584 165 8
D 586 95 2 159 434 164 236
D 585 93 3 154 586 539 235 540 29
D 582 99 5 583 167 535 263 491 303 429 340 585 8
D 567 89 7 138 568 427 582 280 522 319 473 353 414 393 375 435 8
D 588 63 3 106 440 564 110 115 8
D 589 63 3 106 442 564 135 115 29
D 587 67 3 588 400 105 542 589 29
D 561 79 10 562 137 516 261 467 301 408 338 368 374 334 413 295 472 257 521 104 567 587 8
D 592 45 2 79 78 77 102
D 591 43 3 249 592 500 76 504 8
D 594 45 2 79 102 77 8
D 593 43 3 249 594 500 101 504 29
D 590 47 3 248 444 591 451 593 29
D 555 59 10 556 103 510 256 461 294 70 333 247 367 290 407 329 466 363 515 402 561 590 8
D 597 21 2 39 47 41 8
D 598 21 2 39 40 41 29
D 596 23 2 597 42 598 8
D 599 23 2 597 67 598 29
D 595 27 2 596 553 599 8
D 604 53 2 91 90 89 8
D 605 53 2 91 97 89 29
D 603 55 2 604 92 605 8
D 602 51 2 83 603 98 8
D 601 47 2 248 602 255 8
D 609 61 2 107 115 109 8
D 610 61 2 107 108 109 29
D 608 63 2 609 110 610 8
D 611 63 2 609 135 610 29
D 607 67 2 608 371 611 8
D 616 97 2 161 237 163 8
D 615 95 2 159 616 164 8
D 614 93 2 154 615 165 8
D 619 97 2 161 162 163 237
D 618 95 2 159 619 164 236
D 617 93 3 154 618 539 235 540 29
D 613 99 6 614 167 583 263 535 303 491 340 429 376 617 8
D 624 115 2 193 189 188 8
D 625 115 2 188 575 193 225
D 623 119 4 624 194 572 269 484 343 625 8
D 622 113 5 179 623 525 305 423 378 386 417 527 8
D 629 121 2 198 197 196 8
D 630 121 2 198 223 196 29
D 628 123 2 629 580 630 8
D 627 119 2 187 628 224 8
D 626 113 2 179 627 227 8
D 621 107 6 384 622 313 528 349 475 264 576 168 626 390 8
D 620 99 2 153 621 234 8
D 612 89 7 427 613 138 620 280 568 319 522 353 473 393 414 435 8
D 633 61 2 109 108 107 115
D 634 61 2 109 115 107 8
D 632 63 3 106 440 633 110 634 8
D 635 63 3 106 442 633 135 634 29
D 631 67 3 632 400 105 542 635 29
D 606 79 11 607 137 562 261 516 301 467 338 408 374 368 413 334 472 295 521 257 567 104 612 631 8
D 639 53 2 91 90 89 97
D 640 53 2 91 97 89 8
D 638 55 3 639 446 88 447 640 29
D 637 51 3 448 449 83 638 450 29
D 636 47 3 591 451 248 637 593 29
D 600 59 11 601 103 556 256 510 294 461 333 70 367 247 407 290 466 329 515 363 561 402 606 636 8
D 643 25 2 45 44 43 8
D 642 23 2 38 643 46 8
D 645 25 2 45 68 43 29
D 644 23 2 38 645 46 29
D 641 27 2 642 553 644 8
D 649 99 6 614 263 583 303 535 340 491 376 429 415 617 8
D 653 119 4 624 269 572 306 484 379 625 8
D 652 113 5 179 653 525 342 423 417 386 476 527 8
D 655 103 2 176 318 171 173
D 654 101 2 169 655 177 352
D 651 107 5 349 528 384 652 313 576 264 626 654 8
D 650 99 2 153 651 234 8
D 648 89 7 427 649 280 620 138 650 319 568 353 522 393 473 435 8
D 647 79 11 607 261 562 301 516 338 467 374 408 413 368 472 334 521 295 567 257 612 104 648 631 8
D 646 59 11 601 256 556 294 510 333 461 367 70 407 247 466 290 515 329 561 363 606 402 647 636 8
D 658 25 2 43 68 45 8
D 657 23 2 38 658 46 8
D 660 25 2 43 44 45 29
D 659 23 2 38 660 46 29
D 656 27 2 657 553 659 8
D 664 99 6 614 303 583 340 535 376 491 415 429 474 617 8
D 668 119 4 624 306 572 343 484 418 625 8
D 667 113 5 179 668 525 378 423 476 386 529 527 8
D 669 101 2 177 352 169 318
D 666 107 4 349 576 384 667 313 626 669 8
D 665 99 2 153 666 234 8
D 663 89 7 427 664 319 620 280 650 138 665 353 568 393 522 435 8
D 662 79 11 607 301 562 338 516 374 467 413 408 472 368 521 334 567 295 612 257 648 104 663 631 8
D 661 59 11 601 294 556 333 510 367 461 407 70 466 247 515 290 561 329 606 363 647 402 662 636 8
D 673 33 2 57 63 55 8
D 674 33 2 57 56 55 29
D 672 35 2 673 58 674 8
D 671 31 2 49 672 64 8
D 670 27 2 37 671 66 8
D 678 99 6 614 340 583 376 535 415 491 474 429 523 617 8
D 682 119 4 624 343 572 379 484 477 625 8
D 681 113 5 179 682 525 417 423 529 386 577 527 8
D 680 107 3 349 626 384 681 352 8
D 679 99 2 153 680 234 8
D 677 89 7 427 678 353 620 319 650 280 665 138 679 393 568 435 8
D 676 79 11 607 338 562 374 516 413 467 472 408 521 368 567 334 612 295 648 257 663 104 677 631 8
D 675 59 11 601 333 556 367 510 407 461 466 70 515 247 561 290 606 329 647 363 662 402 676 636 8
L 687 38 19
D 686 37 2 59 687 61 8
D 685 35 2 457 686 458 8
D 684 31 2 49 685 64 8
D 683 27 2 37 684 66 8
D 691 99 6 614 376 583 415 535 474 491 523 429 569 617 8
D 695 119 4 624 379 572 418 484 530 625 8
D 694 113 5 179 695 525 476 423 577 386 627 527 8
D 696 101 2 169 352 177 29
D 693 107 2 384 694 696 8
D 692 99 2 153 693 234 8
D 690 89 7 393 620 427 691 353 650 319 665 280 679 138 692 435 8
D 689 79 11 607 374 562 413 516 472 467 521 408 567 368 612 334 648 295 663 257 677 104 690 631 8
D 688 59 11 601 367 556 407 510 466 461 515 70 561 247 606 290 647 329 662 363 676 402 689 636 8
D 700 37 2 61 60 59 8
D 699 35 2 457 700 458 8
D 698 31 2 49 699 64 8
D 697 27 2 37 698 66 8
D 704 99 6 614 415 583 474 535 523 491 569 429 621 617 8
D 708 119 4 624 418 572 477 484 578 625 8
D 709 109 2 185 228 180 184
D 707 113 4 179 708 525 529 423 627 709 8
D 706 107 2 384 707 696 8
D 705 99 2 153 706 234 8
D 703 89 7 393 650 427 704 353 665 319 679 280 692 138 705 435 8
D 702 79 11 607 413 562 472 516 521 467 567 408 612 368 648 334 663 295 677 257 690 104 703 631 8
D 701 59 11 601 407 556 466 510 515 461 561 70 606 247 647 290 662 329 676 363 689 402 702 636 8
D 712 25 2 45 44 43 68
D 713 21 2 41 40 39 47
D 714 21 2 41 47 39 8
D 711 23 3 38 712 713 42 714 8
D 717 37 2 59 687 61 29
D 716 35 2 457 717 458 29
D 715 31 2 49 716 64 29
D 719 29 2 52 51 50 65
D 721 33 2 55 56 57 63
D 722 37 2 59 60 61 687
D 723 33 2 55 63 57 8
D 720 35 3 721 717 457 722 723 29
D 724 29 2 52 65 50 8
D 718 31 3 719 716 49 720 724 29
D 726 25 2 45 68 43 8
D 725 23 3 38 726 713 67 714 29
D 710 27 3 711 715 37 718 725 29
D 35 39 11 36 69 453 460 505 509 549 555 595 600 641 646 656 661 670 675 683 688 697 701 710 8
D 729 3 2 5 34 7 8
D 728 1 2 3 729 9 8
D 732 11 2 17 28 19 8
D 733 11 2 17 18 19 29
D 731 13 2 732 20 733 8
D 730 9 2 11 731 30 8
D 735 3 2 5 6 7 29
D 734 1 2 3 735 9 29
D 727 5 2 728 730 734 8
D 740 99 6 614 474 583 523 535 569 491 621 429 651 617 8
D 744 119 4 624 477 572 530 484 628 625 8
D 743 113 3 179 744 525 577 228 8
D 742 107 2 384 743 696 8
D 741 99 2 153 742 234 8
D 739 89 7 393 665 427 740 353 679 319 692 280 705 138 741 435 8
D 738 79 11 607 472 562 521 516 567 467 612 408 648 368 663 334 677 295 690 257 703 104 739 631 8
D 737 59 11 601 466 556 515 510 561 461 606 70 647 247 662 290 676 329 689 363 702 402 738 636 8
D 736 39 11 36 460 453 509 505 555 549 600 595 646 641 661 656 675 670 688 683 701 697 737 710 8
D 746 1 2 9 4 3 8
D 747 1 2 9 33 3 29
D 745 5 2 746 730 747 8
D 752 99 6 614 523 583 569 535 621 491 651 429 666 617 8
D 758 117 2 190 191 192 29
D 757 115 2 188 758 193 225
D 756 119 3 624 530 572 578 757 8
D 755 113 3 179 756 525 627 228 8
D 754 107 2 384 755 696 8
D 753 99 2 153 754 234 8
D 751 89 7 393 679 427 752 353 692 319 705 280 741 138 753 435 8
D 750 79 11 607 521 562 567 516 612 467 648 408 663 368 677 334 690 295 703 257 739 104 751 631 8
D 749 59 11 601 515 556 561 510 606 461 647 70 662 247 676 290 689 329 702 363 738 402 750 636 8
D 748 39 11 36 509 453 555 505 600 549 646 595 661 641 675 656 688 670 701 683 737 697 749 710 8
D 761 3 2 7 6 5 8
D 760 1 2 3 761 9 8
D 763 3 2 7 34 5 29
D 762 1 2 3 763 9 29
D 759 5 2 760 730 762 8
D 768 99 6 614 569 583 621 535 651 491 666 429 680 617 8
D 772 119 3 624 578 572 628 757 8
D 771 113 2 179 772 227 8
D 770 107 2 384 771 696 8
D 769 99 2 153 770 234 8
D 767 89 7 393 692 427 768 353 705 319 741 280 753 138 769 435 8
D 766 79 11 607 567 562 612 516 648 467 663 408 677 368 690 334 703 295 739 257 751 104 767 631 8
D 765 59 11 601 561 556 606 510 647 461 662 70 676 247 689 290 702 329 738 363 750 402 766 636 8
D 764 39 11 36 555 453 600 505 646 549 661 595 675 641 688 656 701 670 737 683 749 697 765 710 8
D 776 11 2 19 28 17 8
D 777 11 2 19 18 17 29
D 775 13 2 776 20 777 8
D 774 9 2 11 775 30 8
D 773 5 2 2 774 32 8
D 782 99 6 614 621 583 651 535 666 491 680 429 693 617 8
D 787 115 2 193 225 188 29
D 786 119 2 624 628 787 8
D 785 113 2 179 786 227 8
D 784 107 2 384 785 696 8
D 783 99 2 153 784 234 8
D 781 89 7 393 705 427 782 353 741 319 753 280 769 138 783 435 8
D 780 79 11 607 612 562 648 516 663 467 677 408 690 368 703 334 739 295 751 257 767 104 781 631 8
D 779 59 11 601 606 556 647 510 662 461 676 70 689 247 702 290 738 329 750 363 766 402 780 636 8
D 778 39 11 36 600 453 646 505 661 549 675 595 688 641 701 656 737 670 749 683 765 697 779 710 8
D 790 7 2 14 13 12 8
D 791 7 2 14 31 12 29
D 789 9 2 790 731 791 8
D 788 5 2 2 789 32 8
D 796 99 6 614 651 583 666 535 680 491 693 429 706 617 8
D 798 85 2 149 324 144 146
D 797 83 3 139 798 397 358 398 29
D 795 89 6 393 741 427 796 353 753 319 769 280 783 797 8
D 794 79 11 607 648 562 663 516 677 467 690 408 703 368 739 334 751 295 767 257 781 104 795 631 8
D 793 59 11 601 647 556 662 510 676 461 689 70 702 247 738 290 750 329 766 363 780 402 794 636 8
D 792 39 11 36 646 453 661 505 675 549 688 595 701 641 737 656 749 670 765 683 779 697 793 710 8
D 801 7 2 12 31 14 8
D 802 7 2 12 13 14 29
D 800 9 2 801 731 802 8
D 799 5 2 2 800 32 8
D 807 99 6 614 666 583 680 535 693 491 706 429 742 617 8
D 808 83 3 397 358 139 324 398 29
D 806 89 5 393 753 427 807 353 769 319 783 808 8
D 805 79 11 607 663 562 677 516 690 467 703 408 739 368 751 334 767 295 781 257 795 104 806 631 8
D 804 59 11 601 662 556 676 510 689 461 702 70 738 247 750 290 766 329 780 363 794 402 805 636 8
D 803 39 11 36 661 453 675 505 688 549 701 595 737 641 749 656 765 670 779 683 793 697 804 710 8
D 812 15 2 26 22 21 8
D 811 13 2 732 812 733 8
D 810 9 2 11 811 30 8
D 809 5 2 2 810 32 8
D 817 99 6 614 680 583 693 535 706 491 742 429 754 617 8
D 819 81 2 142 141 140 29
D 818 83 2 819 358 398 29
D 816 89 4 393 769 427 817 353 783 818 8
D 815 79 11 607 677 562 690 516 703 467 739 408 751 368 767 334 781 295 795 257 806 104 816 631 8
D 814 59 11 601 676 556 689 510 702 461 738 70 750 247 766 290 780 329 794 363 805 402 815 636 8
D 813 39 11 36 675 453 688 505 701 549 737 595 749 641 765 656 779 670 793 683 804 697 814 710 8
D 824 17 2 25 24 23 8
D 823 15 2 21 824 26 8
D 822 13 2 732 823 733 8
D 821 9 2 11 822 30 8
D 820 5 2 2 821 32 8
D 829 99 6 614 693 583 706 535 742 491 754 429 770 617 8
D 830 83 2 141 358 151 29
D 828 89 3 393 783 427 829 830 8
D 827 79 11 607 690 562 703 516 739 467 751 408 767 368 781 334 795 295 806 257 816 104 828 631 8
D 826 59 11 601 689 556 702 510 738 461 750 70 766 247 780 290 794 329 805 363 815 402 827 636 8
D 825 39 11 36 688 453 701 505 737 549 749 595 765 641 779 656 793 670 804 683 814 697 826 710 8
L 836 18 10
D 835 17 2 23 836 25 8
D 834 15 2 21 835 26 8
D 833 13 2 732 834 733 8
D 832 9 2 11 833 30 8
D 831 5 2 2 832 32 8
D 841 99 6 614 706 583 742 535 754 491 770 429 784 617 8
D 842 83 2 139 358 150 29
D 840 89 2 427 841 842 8
D 839 79 11 607 703 562 739 516 751 467 767 408 781 368 795 334 806 295 816 257 828 104 840 631 8
D 838 59 11 601 702 556 738 510 750 461 766 70 780 247 794 290 805 329 815 363 827 402 839 636 8
D 837 39 11 36 701 453 737 505 749 549 765 595 779 641 793 656 804 670 814 683 826 697 838 710 8
D 847 17 2 23 24 25 836
D 848 17 2 23 836 25 29
D 846 15 2 21 847 26 848
D 849 11 2 19 28 17 18
D 850 15 2 21 848 26 29
D 851 11 2 19 18 17 8
D 845 13 3 732 846 849 850 851 29
D 852 7 2 14 13 12 31
D 853 13 2 732 850 733 29
D 854 7 2 14 31 12 8
D 844 9 3 11 845 852 853 854 29
D 856 3 2 7 6 5 34
D 855 1 2 3 856 9 4
D 857 9 2 11 853 30 29
D 859 3 2 7 34 5 8
D 858 1 2 3 859 9 33
D 843 5 3 2 844 855 857 858 29
D 0 19 11 1 35 727 736 745 748 759 764 773 778 788 792 799 803 809 813 820 825 831 837 843 8
