c ids of sdd nodes start at 0
c sdd nodes appear bottom-up, children before parents
c
c file syntax:
c sdd count-of-sdd-nodes
c F id-of-false-sdd-node
c T id-of-true-sdd-node
c L id-of-literal-sdd-node id-of-vtree literal
c D id-of-decomposition-sdd-node id-of-vtree number-of-elements {id-of-prime id-of-sub}*
c
sdd 857
L 3 0 -3
L 5 2 -4
L 6 4 -2
L 7 2 4
F 8
D 4 3 2 5 6 7 8
L 9 0 3
D 2 1 2 3 4 9 8
L 12 6 -6
L 13 8 -7
L 14 6 6
D 11 7 2 12 13 14 8
L 17 10 -5
L 18 12 1
L 19 10 5
D 16 11 2 17 18 19 8
L 21 14 -8
L 23 16 -9
L 24 18 -10
L 25 16 9
D 22 17 2 23 24 25 8
L 26 14 8
D 20 15 2 21 22 26 8
L 28 12 -1
T 29
D 27 11 2 17 28 19 29
D 15 13 2 16 20 27 8
L 31 8 7
D 30 7 2 12 31 14 29
D 10 9 2 11 15 30 8
L 34 4 2
D 33 3 2 5 34 7 29
D 32 1 2 3 33 9 29
D 1 5 2 2 10 32 8
L 39 20 -14
L 40 22 -15
L 41 20 14
D 38 21 2 39 40 41 8
L 43 24 -16
L 44 26 -17
L 45 24 16
D 42 25 2 43 44 45 8
L 47 22 15
D 46 21 2 39 47 41 29
D 37 23 2 38 42 46 8
L 50 28 -13
L 51 30 -12
L 52 28 13
D 49 29 2 50 51 52 8
L 55 32 11
L 56 34 -18
L 57 32 -11
D 54 33 2 55 56 57 8
L 59 36 -20
L 60 38 -19
L 61 36 20
D 58 37 2 59 60 61 8
L 63 34 18
D 62 33 2 55 63 57 29
D 53 35 2 54 58 62 8
L 65 30 12
D 64 29 2 50 65 52 29
D 48 31 2 49 53 64 8
L 68 26 17
D 67 25 2 43 68 45 29
D 66 23 2 38 67 46 29
D 36 27 2 37 48 66 8
L 73 40 -34
L 74 42 -35
L 75 40 34
D 72 41 2 73 74 75 8
L 77 44 -32
L 78 46 -33
L 79 44 32
D 76 45 2 77 78 79 8
L 81 42 35
D 80 41 2 73 81 75 29
D 71 43 2 72 76 80 8
L 84 48 -37
L 85 50 -38
L 86 48 37
D 83 49 2 84 85 86 8
L 89 52 -31
L 90 54 36
L 91 52 31
D 88 53 2 89 90 91 8
L 93 56 -39
L 94 58 -40
L 95 56 39
D 92 57 2 93 94 95 8
L 97 54 -36
D 96 53 2 89 97 91 29
D 87 55 2 88 92 96 8
L 99 50 38
D 98 49 2 84 99 86 29
D 82 51 2 83 87 98 8
L 102 46 33
D 101 45 2 77 102 79 29
D 100 43 2 72 101 80 29
D 70 47 2 71 82 100 8
L 107 60 -22
L 108 62 -21
L 109 60 22
D 106 61 2 107 108 109 8
L 111 64 -25
L 112 66 -26
L 113 64 25
D 110 65 2 111 112 113 8
L 115 62 21
D 114 61 2 107 115 109 29
D 105 63 2 106 110 114 8
L 118 68 -27
L 119 70 -28
L 120 68 27
D 117 69 2 118 119 120 8
L 123 72 -23
L 124 74 -24
L 125 72 23
D 122 73 2 123 124 125 8
L 127 76 30
L 128 78 -29
L 129 76 -30
D 126 77 2 127 128 129 8
L 131 74 24
D 130 73 2 123 131 125 29
D 121 75 2 122 126 130 8
L 133 70 28
D 132 69 2 118 133 120 29
D 116 71 2 117 121 132 8
L 136 66 26
D 135 65 2 111 136 113 29
D 134 63 2 106 135 114 29
D 104 67 2 105 116 134 8
L 140 80 -46
L 141 82 -47
L 142 80 46
D 139 81 2 140 141 142 8
L 144 84 -48
L 146 86 50
L 147 88 -49
L 148 86 -50
D 145 87 2 146 147 148 8
L 149 84 48
D 143 85 2 144 145 149 8
L 151 82 47
D 150 81 2 140 151 142 29
D 138 83 2 139 143 150 8
L 155 90 -43
L 156 92 -44
L 157 90 43
D 154 91 2 155 156 157 8
L 159 94 -42
L 161 96 -45
L 162 98 -41
L 163 96 45
D 160 97 2 161 162 163 8
L 164 94 42
D 158 95 2 159 160 164 8
L 166 92 44
D 165 91 2 155 166 157 29
D 153 93 2 154 158 165 8
L 169 100 -57
L 171 102 -58
L 173 104 60
L 174 106 -59
L 175 104 -60
D 172 105 2 173 174 175 8
L 176 102 58
D 170 103 2 171 172 176 8
L 177 100 57
D 168 101 2 169 170 177 8
L 180 108 -53
L 182 110 -56
L 183 112 -55
L 184 110 56
D 181 111 2 182 183 184 8
L 185 108 53
D 179 109 2 180 181 185 8
L 188 114 -51
L 190 116 -54
L 191 118 -52
L 192 116 54
D 189 117 2 190 191 192 8
L 193 114 51
D 187 115 2 188 189 193 8
L 196 120 -61
L 197 122 -62
L 198 120 61
D 195 121 2 196 197 198 8
L 201 124 -63
L 202 126 -64
L 203 124 63
D 200 125 2 201 202 203 8
L 205 128 -65
L 207 130 -66
L 209 132 -67
L 211 134 -68
L 213 136 -69
L 214 138 70
L 215 136 69
D 212 137 2 213 214 215 8
L 216 134 68
D 210 135 2 211 212 216 8
L 217 132 67
D 208 133 2 209 210 217 8
L 218 130 66
D 206 131 2 207 208 218 8
L 219 128 65
D 204 129 2 205 206 219 8
L 221 126 64
D 220 125 2 201 221 203 29
D 199 127 2 200 204 220 8
L 223 122 62
D 222 121 2 196 223 198 29
D 194 123 2 195 199 222 8
L 226 118 52
D 225 117 2 190 226 192 29
D 224 115 2 188 225 193 29
D 186 119 2 187 194 224 8
L 229 112 55
D 228 111 2 182 229 184 29
D 227 109 2 180 228 185 29
D 178 113 2 179 186 227 8
L 233 106 59
D 232 105 2 173 233 175 29
D 231 103 2 171 232 176 29
D 230 101 2 169 231 177 29
D 167 107 2 168 178 230 8
L 237 98 41
D 236 97 2 161 237 163 29
D 235 95 2 159 236 164 29
D 234 93 2 154 235 165 29
D 152 99 2 153 167 234 8
L 241 88 49
D 240 87 2 146 241 148 29
D 239 85 2 144 240 149 29
D 238 83 2 139 239 150 29
D 137 89 2 138 152 238 8
L 246 78 29
D 245 77 2 127 246 129 29
D 244 75 2 122 245 130 29
D 243 71 2 117 244 132 29
D 242 67 2 105 243 134 29
D 103 79 2 104 137 242 8
D 249 49 2 86 85 84 8
D 251 53 2 89 97 91 8
D 252 53 2 89 90 91 29
D 250 55 2 251 92 252 8
D 253 49 2 86 99 84 29
D 248 51 2 249 250 253 8
D 247 47 2 71 248 100 8
D 258 77 2 129 246 127 8
D 257 75 2 122 258 130 8
D 256 71 2 117 257 132 8
D 255 67 2 105 256 134 8
D 264 105 2 175 233 173 8
D 263 103 2 171 264 176 8
D 262 101 2 169 263 177 8
L 274 138 -70
D 273 137 2 215 274 213 8
D 272 135 2 211 273 216 8
D 271 133 2 209 272 217 8
D 270 131 2 207 271 218 8
D 269 129 2 205 270 219 8
D 268 127 2 200 269 220 8
D 267 123 2 195 268 222 8
D 266 119 2 187 267 224 8
D 265 113 2 179 266 227 8
D 277 105 2 175 174 173 233
D 276 103 2 171 277 176 29
D 275 101 2 169 276 177 29
D 261 107 3 262 178 168 265 275 8
D 260 99 2 153 261 234 8
D 280 87 2 148 241 146 8
D 279 85 2 144 280 149 8
D 278 83 2 139 279 150 8
D 283 87 2 148 147 146 241
D 282 85 2 144 283 149 29
D 281 83 2 139 282 150 29
D 259 89 3 138 260 278 152 281 8
D 287 77 2 129 128 127 246
D 286 75 2 122 287 130 29
D 285 71 2 117 286 132 29
D 284 67 2 105 285 134 29
D 254 79 3 255 137 104 259 284 8
D 290 49 2 84 99 86 8
D 291 49 2 84 85 86 29
D 289 51 2 290 250 291 8
D 288 47 2 71 289 100 8
D 295 69 2 118 133 120 8
D 297 77 2 129 128 127 8
D 296 75 2 122 297 130 8
D 298 69 2 118 119 120 29
D 294 71 2 295 296 298 8
D 293 67 2 105 294 134 8
D 310 137 2 213 274 215 8
D 309 135 2 216 310 211 8
D 308 133 2 209 309 217 8
D 307 131 2 207 308 218 8
D 306 129 2 205 307 219 8
D 305 127 2 200 306 220 8
D 304 123 2 195 305 222 8
D 303 119 2 187 304 224 8
D 302 113 2 179 303 227 8
D 313 105 2 175 174 173 8
D 312 103 2 176 313 171 8
D 311 101 2 169 312 177 8
D 316 105 2 175 233 173 29
D 315 103 2 171 277 176 316
D 314 101 2 169 315 177 29
D 301 107 4 168 302 311 178 262 265 314 8
D 300 99 2 153 301 234 8
D 319 87 2 148 147 146 8
D 318 85 2 149 319 144 8
D 317 83 2 139 318 150 8
D 322 87 2 148 241 146 29
D 321 85 2 144 283 149 322
D 320 83 2 139 321 150 29
D 299 89 4 138 300 278 260 317 152 320 8
D 326 77 2 129 246 127 29
D 325 75 2 122 326 130 29
D 324 71 3 117 286 295 325 120 29
D 323 67 2 105 324 134 29
D 292 79 4 293 137 255 259 104 299 323 8
D 330 57 2 95 94 93 8
D 329 55 2 251 330 252 8
D 328 51 2 83 329 98 8
D 327 47 2 71 328 100 8
D 334 69 2 120 119 118 8
D 335 69 2 120 133 118 29
D 333 71 2 334 296 335 8
D 332 67 2 105 333 134 8
D 346 135 2 211 310 216 8
D 345 133 2 217 346 209 8
D 344 131 2 207 345 218 8
D 343 129 2 205 344 219 8
D 342 127 2 200 343 220 8
D 341 123 2 195 342 222 8
D 340 119 2 187 341 224 8
D 339 113 2 179 340 227 8
D 348 103 2 171 313 176 8
D 347 101 2 177 348 169 8
D 350 103 2 171 316 176 29
D 349 101 2 169 315 177 350
D 338 107 5 168 339 262 302 347 178 311 265 349 8
D 337 99 2 153 338 234 8
D 352 81 2 140 151 142 8
D 353 85 2 144 319 149 8
D 354 81 2 140 141 142 29
D 351 83 2 352 353 354 8
D 356 85 2 144 322 149 29
D 355 83 3 139 321 352 356 142 29
D 336 89 5 138 337 278 300 317 260 351 152 355 8
D 359 69 2 120 119 118 133
D 360 69 2 120 133 118 8
D 358 71 3 117 286 359 325 360 29
D 357 67 2 105 358 134 29
D 331 79 5 332 137 293 259 255 299 104 336 357 8
L 365 58 40
D 364 57 2 93 365 95 8
D 363 55 2 251 364 252 8
D 362 51 2 83 363 98 8
D 361 47 2 71 362 100 8
D 369 65 2 111 136 113 8
D 368 63 2 106 369 114 8
D 370 71 2 117 296 132 8
D 372 65 2 111 112 113 29
D 371 63 2 106 372 114 29
D 367 67 2 368 370 371 8
D 382 133 2 209 346 217 8
D 381 131 2 218 382 207 8
D 380 129 2 205 381 219 8
D 379 127 2 200 380 220 8
D 378 123 2 195 379 222 8
D 377 119 2 187 378 224 8
D 376 113 2 179 377 227 8
D 383 101 2 169 348 177 8
D 386 111 2 184 183 182 8
D 385 109 2 180 386 185 8
D 388 111 2 184 229 182 29
D 387 109 2 180 388 185 29
D 384 113 2 385 186 387 8
D 391 105 2 173 233 175 8
D 390 103 2 171 391 176 316
D 389 101 2 169 390 177 350
D 375 107 6 168 376 383 384 262 339 311 302 347 265 389 8
D 374 99 2 153 375 234 8
D 393 81 2 142 141 140 8
D 394 81 2 142 151 140 29
D 392 83 2 393 353 394 8
D 396 81 2 142 141 140 151
D 397 81 2 142 151 140 8
D 395 83 3 139 321 396 356 397 29
D 373 89 6 138 374 278 337 317 300 351 260 392 152 395 8
D 399 71 2 117 325 132 29
D 400 63 2 106 113 114 29
D 398 67 3 105 358 368 399 400 29
D 366 79 6 367 137 332 259 293 299 255 336 104 373 398 8
D 404 57 2 93 365 95 29
D 405 57 2 93 94 95 365
D 403 55 3 88 404 251 405 91 29
D 406 49 2 86 85 84 99
D 407 55 2 251 404 252 29
D 408 49 2 86 99 84 8
D 402 51 3 83 403 406 407 408 29
D 401 47 2 71 402 100 29
D 69 59 6 70 103 247 254 288 292 327 331 361 366 401 8
D 411 29 2 50 65 52 8
D 413 33 2 57 56 55 8
D 414 33 2 57 63 55 29
D 412 35 2 413 58 414 8
D 415 29 2 50 51 52 29
D 410 31 2 411 412 415 8
D 409 27 2 37 410 66 8
D 419 41 2 73 81 75 8
D 420 41 2 73 74 75 29
D 418 43 2 419 76 420 8
D 421 51 2 83 250 98 8
D 422 43 2 419 101 420 29
D 417 47 2 418 421 422 8
D 426 65 2 113 112 111 8
D 425 63 2 106 426 114 8
D 428 65 2 113 136 111 29
D 427 63 2 106 428 114 29
D 424 67 2 425 370 427 8
D 437 131 2 207 382 218 8
D 436 129 2 219 437 205 8
D 435 127 2 200 436 220 8
D 434 123 2 195 435 222 8
D 433 119 2 187 434 224 8
D 432 113 2 179 433 227 8
D 440 111 2 182 229 184 8
D 439 109 2 180 440 185 8
D 442 111 2 182 183 184 229
D 441 109 2 180 442 185 29
D 438 113 3 385 266 439 186 441 8
D 431 107 6 168 432 383 438 262 376 311 339 347 302 389 8
D 430 99 2 153 431 234 8
D 443 83 2 139 353 150 8
D 447 97 2 163 162 161 8
D 446 95 2 159 447 164 8
D 445 93 2 154 446 165 8
D 450 97 2 163 237 161 29
D 449 95 2 159 450 164 29
D 448 93 2 154 449 165 29
D 444 99 2 445 167 448 8
D 453 87 2 146 241 148 8
D 452 85 2 144 453 149 322
D 451 83 3 139 452 396 356 397 29
D 429 89 7 138 430 443 444 278 374 317 337 351 300 392 260 451 8
D 456 65 2 113 112 111 136
D 455 63 2 106 456 114 8
D 458 65 2 113 136 111 8
D 457 63 2 106 458 114 29
D 454 67 3 105 358 455 399 457 29
D 423 79 7 424 137 367 259 332 299 293 336 255 373 104 429 454 8
D 460 51 2 83 407 98 29
D 461 43 2 73 101 75 29
D 459 47 3 71 402 418 460 461 29
D 416 59 7 417 103 70 254 247 292 288 331 327 366 361 423 459 8
D 464 29 2 52 51 50 8
D 465 29 2 52 65 50 29
D 463 31 2 464 412 465 8
D 462 27 2 37 463 66 8
D 469 41 2 75 74 73 8
D 470 41 2 75 81 73 29
D 468 43 2 469 76 470 8
D 471 43 2 469 101 470 29
D 467 47 2 468 421 471 8
D 476 73 2 123 131 125 8
D 477 73 2 123 124 125 29
D 475 75 2 476 297 477 8
D 474 71 2 117 475 132 8
D 473 67 2 105 474 134 8
D 485 125 2 201 221 203 8
D 486 129 2 205 437 219 8
D 487 125 2 201 202 203 29
D 484 127 2 485 486 487 8
D 483 123 2 195 484 222 8
D 482 119 2 187 483 224 8
D 481 113 2 179 482 227 8
D 491 117 2 192 191 190 8
D 490 115 2 188 491 193 8
D 493 117 2 192 226 190 29
D 492 115 2 188 493 193 29
D 489 119 2 490 194 492 8
D 495 111 2 184 229 182 8
D 494 109 2 180 495 185 29
D 488 113 4 439 266 179 489 385 303 494 8
D 480 107 6 168 481 383 488 262 432 311 376 347 339 389 8
D 479 99 2 153 480 234 8
D 498 91 2 155 166 157 8
D 499 91 2 155 156 157 29
D 497 93 2 498 158 499 8
D 500 93 3 154 449 498 235 157 29
D 496 99 3 497 167 445 261 500 8
D 478 89 7 138 479 443 496 278 430 317 374 351 337 392 300 451 8
D 503 75 3 476 326 122 287 125 29
D 502 71 3 117 503 359 325 360 29
D 501 67 3 105 502 455 399 457 29
D 472 79 8 473 137 424 259 367 299 332 336 293 373 255 429 104 478 501 8
D 506 41 2 75 74 73 81
D 507 41 2 73 74 75 81
D 505 43 2 506 76 507 8
D 509 41 2 75 74 73 29
D 510 41 2 75 81 73 8
D 508 43 2 509 101 510 29
D 504 47 3 71 402 505 460 508 29
D 466 59 8 467 103 417 254 70 292 247 331 288 366 327 423 361 472 504 8
D 513 21 2 41 40 39 8
D 514 21 2 41 47 39 29
D 512 23 2 513 42 514 8
D 515 31 2 49 412 64 8
D 516 23 2 513 67 514 29
D 511 27 2 512 515 516 8
D 520 45 2 77 102 79 8
D 519 43 2 72 520 80 8
D 522 45 2 77 78 79 29
D 521 43 2 72 522 80 29
D 518 47 2 519 421 521 8
D 527 73 2 125 124 123 8
D 528 73 2 125 131 123 29
D 526 75 2 527 297 528 8
D 525 71 2 117 526 132 8
D 524 67 2 105 525 134 8
D 533 109 2 185 181 180 8
D 534 119 2 490 267 492 8
D 535 109 2 180 495 185 228
D 532 113 5 439 303 533 186 179 534 385 340 535 8
D 540 125 2 203 202 201 8
D 541 125 2 203 221 201 29
D 539 127 2 540 486 541 8
D 538 123 2 195 539 222 8
D 537 119 2 187 538 224 8
D 536 113 2 179 537 227 8
D 531 107 6 383 532 168 536 262 481 311 432 347 376 389 8
D 530 99 2 153 531 234 8
D 544 91 2 157 156 155 8
D 545 91 2 157 166 155 29
D 543 93 2 544 158 545 8
D 547 91 2 157 156 155 166
D 548 91 2 157 166 155 8
D 546 93 3 154 449 547 235 548 29
D 542 99 4 543 167 497 261 445 301 546 8
D 529 89 7 138 530 443 542 278 479 317 430 351 374 392 337 451 8
D 552 73 2 125 124 123 131
D 553 73 2 125 131 123 8
D 551 75 3 552 326 122 287 553 29
D 550 71 3 359 325 117 551 360 29
D 549 67 3 455 399 105 550 457 29
D 523 79 9 524 137 473 259 424 299 367 336 332 373 293 429 255 478 104 529 549 8
D 555 43 3 72 520 506 76 510 8
D 556 43 3 506 101 72 79 510 29
D 554 47 3 71 402 555 460 556 29
D 517 59 9 518 103 467 254 417 292 70 331 247 366 288 423 327 472 361 523 554 8
D 559 21 2 39 47 41 8
D 560 21 2 39 40 41 29
D 558 23 2 559 42 560 8
D 561 23 2 559 67 560 29
D 557 27 2 558 515 561 8
D 565 45 2 79 78 77 8
D 564 43 2 72 565 80 8
D 567 45 2 79 102 77 29
D 566 43 2 72 567 80 29
D 563 47 2 564 421 566 8
D 571 61 2 109 108 107 8
D 572 61 2 109 115 107 29
D 570 63 2 571 110 572 8
D 573 63 2 571 135 572 29
D 569 67 2 570 370 573 8
D 580 117 2 190 226 192 8
D 579 115 2 188 580 193 8
D 582 117 2 190 191 192 226
D 581 115 2 188 582 193 29
D 578 119 3 579 194 490 304 581 8
D 577 113 5 179 578 533 266 439 340 385 377 535 8
D 586 121 2 196 223 198 8
D 587 127 2 200 486 220 8
D 588 121 2 196 197 198 29
D 585 123 2 586 587 588 8
D 584 119 2 187 585 224 8
D 583 113 2 179 584 227 8
D 576 107 6 383 577 262 536 311 481 168 583 347 432 389 8
D 575 99 2 153 576 234 8
D 591 95 2 164 160 159 8
D 590 93 2 154 591 165 8
D 593 95 2 159 450 164 236
D 592 93 3 154 593 547 235 548 29
D 589 99 5 590 167 543 261 497 301 445 338 592 8
D 574 89 7 138 575 443 589 278 530 317 479 351 430 392 374 451 8
D 595 63 3 106 456 571 110 115 8
D 596 63 3 106 458 571 135 115 29
D 594 67 3 595 399 105 550 596 29
D 568 79 10 569 137 524 259 473 299 424 336 367 373 332 429 293 478 255 529 104 574 594 8
D 599 45 2 79 78 77 102
D 598 43 3 72 599 506 76 510 8
D 601 45 2 79 102 77 8
D 600 43 3 72 601 506 101 510 29
D 597 47 3 71 402 598 460 600 29
D 562 59 10 563 103 518 254 467 292 417 331 70 366 247 423 288 472 327 523 361 568 597 8
D 604 25 2 45 44 43 8
D 603 23 2 38 604 46 8
D 606 25 2 45 68 43 29
D 605 23 2 38 606 46 29
D 602 27 2 603 515 605 8
D 611 53 2 91 97 89 8
D 612 53 2 91 90 89 29
D 610 55 2 611 92 612 8
D 609 51 2 83 610 98 8
D 608 47 2 71 609 100 8
D 616 61 2 107 115 109 8
D 617 61 2 107 108 109 29
D 615 63 2 616 110 617 8
D 618 63 2 616 135 617 29
D 614 67 2 615 370 618 8
D 623 97 2 161 237 163 8
D 622 95 2 159 623 164 8
D 621 93 2 154 622 165 8
D 626 97 2 161 162 163 237
D 625 95 2 159 626 164 236
D 624 93 3 154 625 547 235 548 29
D 620 99 6 621 167 590 261 543 301 497 338 445 375 624 8
D 631 115 2 193 189 188 8
D 632 115 2 188 582 193 225
D 630 119 4 631 194 579 267 490 341 632 8
D 629 113 5 179 630 533 303 439 377 385 433 535 8
D 636 121 2 198 197 196 8
D 637 121 2 198 223 196 29
D 635 123 2 636 587 637 8
D 634 119 2 187 635 224 8
D 633 113 2 179 634 227 8
D 628 107 6 383 629 311 536 347 481 262 583 168 633 389 8
D 627 99 2 153 628 234 8
D 619 89 7 443 620 138 627 278 575 317 530 351 479 392 430 451 8
D 640 61 2 109 108 107 115
D 641 61 2 109 115 107 8
D 639 63 3 106 456 640 110 641 8
D 642 63 3 106 458 640 135 641 29
D 638 67 3 639 399 105 550 642 29
D 613 79 11 614 137 569 259 524 299 473 336 424 373 367 429 332 478 293 529 255 574 104 619 638 8
D 646 53 2 91 97 89 90
D 647 53 2 91 90 89 8
D 645 55 3 646 404 251 405 647 29
D 644 51 3 406 407 83 645 408 29
D 643 47 3 598 460 71 644 600 29
D 607 59 11 608 103 563 254 518 292 467 331 417 366 70 423 247 472 288 523 327 568 361 613 643 8
D 650 25 2 43 68 45 8
D 649 23 2 38 650 46 8
D 652 25 2 43 44 45 29
D 651 23 2 38 652 46 29
D 648 27 2 649 515 651 8
D 656 99 6 621 261 590 301 543 338 497 375 445 431 624 8
D 660 119 4 631 267 579 304 490 378 632 8
D 659 113 5 179 660 533 340 439 433 385 482 535 8
D 662 103 2 176 316 171 173
D 661 101 2 169 662 177 350
D 658 107 5 347 536 383 659 311 583 262 633 661 8
D 657 99 2 153 658 234 8
D 655 89 7 443 656 278 627 138 657 317 575 351 530 392 479 451 8
D 654 79 11 614 259 569 299 524 336 473 373 424 429 367 478 332 529 293 574 255 619 104 655 638 8
D 653 59 11 608 254 563 292 518 331 467 366 417 423 70 472 247 523 288 568 327 613 361 654 643 8
D 666 33 2 57 63 55 8
D 667 33 2 57 56 55 29
D 665 35 2 666 58 667 8
D 664 31 2 49 665 64 8
D 663 27 2 37 664 66 8
D 671 99 6 621 301 590 338 543 375 497 431 445 480 624 8
D 675 119 4 631 304 579 341 490 434 632 8
D 674 113 5 179 675 533 377 439 482 385 537 535 8
D 676 101 2 177 350 169 316
D 673 107 4 347 583 383 674 311 633 676 8
D 672 99 2 153 673 234 8
D 670 89 7 443 671 317 627 278 657 138 672 351 575 392 530 451 8
D 669 79 11 614 299 569 336 524 373 473 429 424 478 367 529 332 574 293 619 255 655 104 670 638 8
D 668 59 11 608 292 563 331 518 366 467 423 417 472 70 523 247 568 288 613 327 654 361 669 643 8
L 681 38 19
D 680 37 2 59 681 61 8
D 679 35 2 413 680 414 8
D 678 31 2 49 679 64 8
D 677 27 2 37 678 66 8
D 685 99 6 621 338 590 375 543 431 497 480 445 531 624 8
D 689 119 4 631 341 579 378 490 483 632 8
D 688 113 5 179 689 533 433 439 537 385 584 535 8
D 687 107 3 347 633 383 688 350 8
D 686 99 2 153 687 234 8
D 684 89 7 443 685 351 627 317 657 278 672 138 686 392 575 451 8
D 683 79 11 614 336 569 373 524 429 473 478 424 529 367 574 332 619 293 655 255 670 104 684 638 8
D 682 59 11 608 331 563 366 518 423 467 472 417 523 70 568 247 613 288 654 327 669 361 683 643 8
D 693 37 2 61 60 59 8
D 692 35 2 413 693 414 8
D 691 31 2 49 692 64 8
D 690 27 2 37 691 66 8
D 697 99 6 621 375 590 431 543 480 497 531 445 576 624 8
D 701 119 4 631 378 579 434 490 538 632 8
D 700 113 5 179 701 533 482 439 584 385 634 535 8
D 702 101 2 169 350 177 29
D 699 107 2 383 700 702 8
D 698 99 2 153 699 234 8
D 696 89 7 392 627 443 697 351 657 317 672 278 686 138 698 451 8
D 695 79 11 614 373 569 429 524 478 473 529 424 574 367 619 332 655 293 670 255 684 104 696 638 8
D 694 59 11 608 366 563 423 518 472 467 523 417 568 70 613 247 654 288 669 327 683 361 695 643 8
D 705 25 2 45 44 43 68
D 706 21 2 41 40 39 47
D 707 21 2 41 47 39 8
D 704 23 3 38 705 706 42 707 8
D 710 37 2 59 681 61 29
D 709 35 2 413 710 414 29
D 708 31 2 49 709 64 29
D 712 29 2 52 51 50 65
D 714 33 2 55 56 57 63
D 715 37 2 59 60 61 681
D 716 33 2 55 63 57 8
D 713 35 3 714 710 413 715 716 29
D 717 29 2 52 65 50 8
D 711 31 3 712 709 49 713 717 29
D 719 25 2 45 68 43 8
D 718 23 3 38 719 706 67 707 29
D 703 27 3 704 708 37 711 718 29
D 35 39 11 36 69 409 416 462 466 511 517 557 562 602 607 648 653 663 668 677 682 690 694 703 8
D 722 3 2 5 34 7 8
D 721 1 2 3 722 9 8
D 725 11 2 17 28 19 8
D 726 11 2 17 18 19 29
D 724 13 2 725 20 726 8
D 723 9 2 11 724 30 8
D 728 3 2 5 6 7 29
D 727 1 2 3 728 9 29
D 720 5 2 721 723 727 8
D 733 99 6 621 431 590 480 543 531 497 576 445 628 624 8
D 737 119 4 631 434 579 483 490 585 632 8
D 738 109 2 185 228 180 184
D 736 113 4 179 737 533 537 439 634 738 8
D 735 107 2 383 736 702 8
D 734 99 2 153 735 234 8
D 732 89 7 392 657 443 733 351 672 317 686 278 698 138 734 451 8
D 731 79 11 614 429 569 478 524 529 473 574 424 619 367 655 332 670 293 684 255 696 104 732 638 8
D 730 59 11 608 423 563 472 518 523 467 568 417 613 70 654 247 669 288 683 327 695 361 731 643 8
D 729 39 11 36 416 409 466 462 517 511 562 557 607 602 653 648 668 663 682 677 694 690 730 703 8
D 740 1 2 9 4 3 8
D 741 1 2 9 33 3 29
D 739 5 2 740 723 741 8
D 746 99 6 621 480 590 531 543 576 497 628 445 658 624 8
D 750 119 4 631 483 579 538 490 635 632 8
D 749 113 3 179 750 533 584 228 8
D 748 107 2 383 749 702 8
D 747 99 2 153 748 234 8
D 745 89 7 392 672 443 746 351 686 317 698 278 734 138 747 451 8
D 744 79 11 614 478 569 529 524 574 473 619 424 655 367 670 332 684 293 696 255 732 104 745 638 8
D 743 59 11 608 472 563 523 518 568 467 613 417 654 70 669 247 683 288 695 327 731 361 744 643 8
D 742 39 11 36 466 409 517 462 562 511 607 557 653 602 668 648 682 663 694 677 730 690 743 703 8
D 753 3 2 7 6 5 8
D 752 1 2 3 753 9 8
D 755 3 2 7 34 5 29
D 754 1 2 3 755 9 29
D 751 5 2 752 723 754 8
D 760 99 6 621 531 590 576 543 628 497 658 445 673 624 8
D 766 117 2 190 191 192 29
D 765 115 2 188 766 193 225
D 764 119 3 631 538 579 585 765 8
D 763 113 3 179 764 533 634 228 8
D 762 107 2 383 763 702 8
D 761 99 2 153 762 234 8
D 759 89 7 392 686 443 760 351 698 317 734 278 747 138 761 451 8
D 758 79 11 614 529 569 574 524 619 473 655 424 670 367 684 332 696 293 732 255 745 104 759 638 8
D 757 59 11 608 523 563 568 518 613 467 654 417 669 70 683 247 695 288 731 327 744 361 758 643 8
D 756 39 11 36 517 409 562 462 607 511 653 557 668 602 682 648 694 663 730 677 743 690 757 703 8
D 770 11 2 19 28 17 8
D 771 11 2 19 18 17 29
D 769 13 2 770 20 771 8
D 768 9 2 11 769 30 8
D 767 5 2 2 768 32 8
D 776 99 6 621 576 590 628 543 658 497 673 445 687 624 8
D 780 119 3 631 585 579 635 765 8
D 779 113 2 179 780 227 8
D 778 107 2 383 779 702 8
D 777 99 2 153 778 234 8
D 775 89 7 392 698 443 776 351 734 317 747 278 761 138 777 451 8
D 774 79 11 614 574 569 619 524 655 473 670 424 684 367 696 332 732 293 745 255 759 104 775 638 8
D 773 59 11 608 568 563 613 518 654 467 669 417 683 70 695 247 731 288 744 327 758 361 774 643 8
D 772 39 11 36 562 409 607 462 653 511 668 557 682 602 694 648 730 663 743 677 757 690 773 703 8
D 783 7 2 14 13 12 8
D 784 7 2 14 31 12 29
D 782 9 2 783 724 784 8
D 781 5 2 2 782 32 8
D 789 99 6 621 628 590 658 543 673 497 687 445 699 624 8
D 794 115 2 193 225 188 29
D 793 119 2 631 635 794 8
D 792 113 2 179 793 227 8
D 791 107 2 383 792 702 8
D 790 99 2 153 791 234 8
D 788 89 7 392 734 443 789 351 747 317 761 278 777 138 790 451 8
D 787 79 11 614 619 569 655 524 670 473 684 424 696 367 732 332 745 293 759 255 775 104 788 638 8
D 786 59 11 608 613 563 654 518 669 467 683 417 695 70 731 247 744 288 758 327 774 361 787 643 8
D 785 39 11 36 607 409 653 462 668 511 682 557 694 602 730 648 743 663 757 677 773 690 786 703 8
D 797 7 2 12 31 14 8
D 798 7 2 12 13 14 29
D 796 9 2 797 724 798 8
D 795 5 2 2 796 32 8
D 803 99 6 621 658 590 673 543 687 497 699 445 735 624 8
D 805 85 2 149 322 144 146
D 804 83 3 139 805 396 356 397 29
D 802 89 6 392 747 443 803 351 761 317 777 278 790 804 8
D 801 79 11 614 655 569 670 524 684 473 696 424 732 367 745 332 759 293 775 255 788 104 802 638 8
D 800 59 11 608 654 563 669 518 683 467 695 417 731 70 744 247 758 288 774 327 787 361 801 643 8
D 799 39 11 36 653 409 668 462 682 511 694 557 730 602 743 648 757 663 773 677 786 690 800 703 8
D 809 15 2 26 22 21 8
D 808 13 2 725 809 726 8
D 807 9 2 11 808 30 8
D 806 5 2 2 807 32 8
D 814 99 6 621 673 590 687 543 699 497 735 445 748 624 8
D 815 83 3 396 356 139 322 397 29
D 813 89 5 392 761 443 814 351 777 317 790 815 8
D 812 79 11 614 670 569 684 524 696 473 732 424 745 367 759 332 775 293 788 255 802 104 813 638 8
D 811 59 11 608 669 563 683 518 695 467 731 417 744 70 758 247 774 288 787 327 801 361 812 643 8
D 810 39 11 36 668 409 682 462 694 511 730 557 743 602 757 648 773 663 786 677 800 690 811 703 8
D 820 17 2 25 24 23 8
D 819 15 2 21 820 26 8
D 818 13 2 725 819 726 8
D 817 9 2 11 818 30 8
D 816 5 2 2 817 32 8
D 825 99 6 621 687 590 699 543 735 497 748 445 762 624 8
D 827 81 2 142 141 140 29
D 826 83 2 827 356 397 29
D 824 89 4 392 777 443 825 351 790 826 8
D 823 79 11 614 684 569 696 524 732 473 745 424 759 367 775 332 788 293 802 255 813 104 824 638 8
D 822 59 11 608 683 563 695 518 731 467 744 417 758 70 774 247 787 288 801 327 812 361 823 643 8
D 821 39 11 36 682 409 694 462 730 511 743 557 757 602 773 648 786 663 800 677 811 690 822 703 8
L 833 18 10
D 832 17 2 23 833 25 8
D 831 15 2 21 832 26 8
D 830 13 2 725 831 726 8
D 829 9 2 11 830 30 8
D 828 5 2 2 829 32 8
D 838 99 6 621 699 590 735 543 748 497 762 445 778 624 8
D 839 83 2 141 356 151 29
D 837 89 3 392 790 443 838 839 8
D 836 79 11 614 696 569 732 524 745 473 759 424 775 367 788 332 802 293 813 255 824 104 837 638 8
D 835 59 11 608 695 563 731 518 744 467 758 417 774 70 787 247 801 288 812 327 823 361 836 643 8
D 834 39 11 36 694 409 730 462 743 511 757 557 773 602 786 648 800 663 811 677 822 690 835 703 8
D 844 17 2 23 24 25 833
D 845 17 2 23 833 25 29
D 843 15 2 21 844 26 845
D 846 11 2 19 28 17 18
D 847 15 2 21 845 26 29
D 848 11 2 19 18 17 8
D 842 13 3 725 843 846 847 848 29
D 849 7 2 14 13 12 31
D 850 13 2 725 847 726 29
D 851 7 2 14 31 12 8
D 841 9 3 11 842 849 850 851 29
D 853 3 2 7 6 5 34
D 852 1 2 3 853 9 4
D 854 9 2 11 850 30 29
D 856 3 2 7 34 5 8
D 855 1 2 3 856 9 33
D 840 5 3 2 841 852 854 855 29
D 0 19 11 1 35 720 729 739 742 751 756 767 772 781 785 795 799 806 810 816 821 828 834 840 8
