c ids of sdd nodes start at 0
c sdd nodes appear bottom-up, children before parents
c
c file syntax:
c sdd count-of-sdd-nodes
c F id-of-false-sdd-node
c T id-of-true-sdd-node
c L id-of-literal-sdd-node id-of-vtree literal
c D id-of-decomposition-sdd-node id-of-vtree number-of-elements {id-of-prime id-of-sub}*
c
sdd 856
L 3 0 -3
L 5 2 -4
L 6 4 -2
L 7 2 4
F 8
D 4 3 2 5 6 7 8
L 9 0 3
D 2 1 2 3 4 9 8
L 12 6 -6
L 13 8 -7
L 14 6 6
D 11 7 2 12 13 14 8
L 17 10 -5
L 18 12 1
L 19 10 5
D 16 11 2 17 18 19 8
L 21 14 -8
L 23 16 -9
L 24 18 -10
L 25 16 9
D 22 17 2 23 24 25 8
L 26 14 8
D 20 15 2 21 22 26 8
L 28 12 -1
T 29
D 27 11 2 17 28 19 29
D 15 13 2 16 20 27 8
L 31 8 7
D 30 7 2 12 31 14 29
D 10 9 2 11 15 30 8
L 34 4 2
D 33 3 2 5 34 7 29
D 32 1 2 3 33 9 29
D 1 5 2 2 10 32 8
L 39 20 -14
L 40 22 -15
L 41 20 14
D 38 21 2 39 40 41 8
L 43 24 -16
L 44 26 -17
L 45 24 16
D 42 25 2 43 44 45 8
L 47 22 15
D 46 21 2 39 47 41 29
D 37 23 2 38 42 46 8
L 50 28 -13
L 51 30 -12
L 52 28 13
D 49 29 2 50 51 52 8
L 55 32 11
L 56 34 -18
L 57 32 -11
D 54 33 2 55 56 57 8
L 59 36 -20
L 60 38 -19
L 61 36 20
D 58 37 2 59 60 61 8
L 63 34 18
D 62 33 2 55 63 57 29
D 53 35 2 54 58 62 8
L 65 30 12
D 64 29 2 50 65 52 29
D 48 31 2 49 53 64 8
L 68 26 17
D 67 25 2 43 68 45 29
D 66 23 2 38 67 46 29
D 36 27 2 37 48 66 8
L 73 40 -34
L 74 42 -35
L 75 40 34
D 72 41 2 73 74 75 8
L 77 44 -32
L 78 46 -33
L 79 44 32
D 76 45 2 77 78 79 8
L 81 42 35
D 80 41 2 73 81 75 29
D 71 43 2 72 76 80 8
L 84 48 37
L 85 50 -38
L 86 48 -37
D 83 49 2 84 85 86 8
L 89 52 -31
L 90 54 -36
L 91 52 31
D 88 53 2 89 90 91 8
L 93 56 -39
L 94 58 -40
L 95 56 39
D 92 57 2 93 94 95 8
L 97 54 36
D 96 53 2 89 97 91 29
D 87 55 2 88 92 96 8
L 99 50 38
D 98 49 2 84 99 86 29
D 82 51 2 83 87 98 8
L 102 46 33
D 101 45 2 77 102 79 29
D 100 43 2 72 101 80 29
D 70 47 2 71 82 100 8
L 107 60 -22
L 108 62 -21
L 109 60 22
D 106 61 2 107 108 109 8
L 111 64 -25
L 112 66 -26
L 113 64 25
D 110 65 2 111 112 113 8
L 115 62 21
D 114 61 2 107 115 109 29
D 105 63 2 106 110 114 8
L 118 68 -27
L 119 70 -28
L 120 68 27
D 117 69 2 118 119 120 8
L 123 72 -23
L 124 74 -24
L 125 72 23
D 122 73 2 123 124 125 8
L 127 76 30
L 128 78 -29
L 129 76 -30
D 126 77 2 127 128 129 8
L 131 74 24
D 130 73 2 123 131 125 29
D 121 75 2 122 126 130 8
L 133 70 28
D 132 69 2 118 133 120 29
D 116 71 2 117 121 132 8
L 136 66 26
D 135 65 2 111 136 113 29
D 134 63 2 106 135 114 29
D 104 67 2 105 116 134 8
L 140 80 -46
L 141 82 -47
L 142 80 46
D 139 81 2 140 141 142 8
L 144 84 -48
L 146 86 50
L 147 88 -49
L 148 86 -50
D 145 87 2 146 147 148 8
L 149 84 48
D 143 85 2 144 145 149 8
L 151 82 47
D 150 81 2 140 151 142 29
D 138 83 2 139 143 150 8
L 155 90 -43
L 156 92 -44
L 157 90 43
D 154 91 2 155 156 157 8
L 159 94 -42
L 161 96 -45
L 162 98 -41
L 163 96 45
D 160 97 2 161 162 163 8
L 164 94 42
D 158 95 2 159 160 164 8
L 166 92 44
D 165 91 2 155 166 157 29
D 153 93 2 154 158 165 8
L 169 100 -57
L 171 102 -58
L 173 104 60
L 174 106 -59
L 175 104 -60
D 172 105 2 173 174 175 8
L 176 102 58
D 170 103 2 171 172 176 8
L 177 100 57
D 168 101 2 169 170 177 8
L 180 108 -53
L 182 110 -56
L 183 112 -55
L 184 110 56
D 181 111 2 182 183 184 8
L 185 108 53
D 179 109 2 180 181 185 8
L 188 114 -51
L 190 116 -54
L 191 118 -52
L 192 116 54
D 189 117 2 190 191 192 8
L 193 114 51
D 187 115 2 188 189 193 8
L 196 120 -61
L 197 122 -62
L 198 120 61
D 195 121 2 196 197 198 8
L 201 124 -63
L 202 126 -64
L 203 124 63
D 200 125 2 201 202 203 8
L 205 128 -65
L 207 130 -66
L 209 132 -67
L 211 134 -68
L 213 136 -69
L 214 138 70
L 215 136 69
D 212 137 2 213 214 215 8
L 216 134 68
D 210 135 2 211 212 216 8
L 217 132 67
D 208 133 2 209 210 217 8
L 218 130 66
D 206 131 2 207 208 218 8
L 219 128 65
D 204 129 2 205 206 219 8
L 221 126 64
D 220 125 2 201 221 203 29
D 199 127 2 200 204 220 8
L 223 122 62
D 222 121 2 196 223 198 29
D 194 123 2 195 199 222 8
L 226 118 52
D 225 117 2 190 226 192 29
D 224 115 2 188 225 193 29
D 186 119 2 187 194 224 8
L 229 112 55
D 228 111 2 182 229 184 29
D 227 109 2 180 228 185 29
D 178 113 2 179 186 227 8
L 233 106 59
D 232 105 2 173 233 175 29
D 231 103 2 171 232 176 29
D 230 101 2 169 231 177 29
D 167 107 2 168 178 230 8
L 237 98 41
D 236 97 2 161 237 163 29
D 235 95 2 159 236 164 29
D 234 93 2 154 235 165 29
D 152 99 2 153 167 234 8
L 241 88 49
D 240 87 2 146 241 148 29
D 239 85 2 144 240 149 29
D 238 83 2 139 239 150 29
D 137 89 2 138 152 238 8
L 246 78 29
D 245 77 2 127 246 129 29
D 244 75 2 122 245 130 29
D 243 71 2 117 244 132 29
D 242 67 2 105 243 134 29
D 103 79 2 104 137 242 8
D 249 49 2 86 99 84 8
D 250 49 2 86 85 84 29
D 248 51 2 249 87 250 8
D 247 47 2 71 248 100 8
D 255 77 2 129 246 127 8
D 254 75 2 122 255 130 8
D 253 71 2 117 254 132 8
D 252 67 2 105 253 134 8
D 261 105 2 175 233 173 8
D 260 103 2 171 261 176 8
D 259 101 2 169 260 177 8
L 271 138 -70
D 270 137 2 215 271 213 8
D 269 135 2 211 270 216 8
D 268 133 2 209 269 217 8
D 267 131 2 207 268 218 8
D 266 129 2 205 267 219 8
D 265 127 2 200 266 220 8
D 264 123 2 195 265 222 8
D 263 119 2 187 264 224 8
D 262 113 2 179 263 227 8
D 274 105 2 175 174 173 233
D 273 103 2 171 274 176 29
D 272 101 2 169 273 177 29
D 258 107 3 259 178 168 262 272 8
D 257 99 2 153 258 234 8
D 277 87 2 148 241 146 8
D 276 85 2 144 277 149 8
D 275 83 2 139 276 150 8
D 280 87 2 148 147 146 241
D 279 85 2 144 280 149 29
D 278 83 2 139 279 150 29
D 256 89 3 138 257 275 152 278 8
D 284 77 2 129 128 127 246
D 283 75 2 122 284 130 29
D 282 71 2 117 283 132 29
D 281 67 2 105 282 134 29
D 251 79 3 252 137 104 256 281 8
D 287 49 2 86 85 84 8
D 289 57 2 95 94 93 8
D 288 55 2 88 289 96 8
D 290 49 2 86 99 84 29
D 286 51 2 287 288 290 8
D 285 47 2 71 286 100 8
D 294 69 2 118 133 120 8
D 296 77 2 129 128 127 8
D 295 75 2 122 296 130 8
D 297 69 2 118 119 120 29
D 293 71 2 294 295 297 8
D 292 67 2 105 293 134 8
D 309 137 2 213 271 215 8
D 308 135 2 216 309 211 8
D 307 133 2 209 308 217 8
D 306 131 2 207 307 218 8
D 305 129 2 205 306 219 8
D 304 127 2 200 305 220 8
D 303 123 2 195 304 222 8
D 302 119 2 187 303 224 8
D 301 113 2 179 302 227 8
D 312 105 2 175 174 173 8
D 311 103 2 176 312 171 8
D 310 101 2 169 311 177 8
D 315 105 2 175 233 173 29
D 314 103 2 171 274 176 315
D 313 101 2 169 314 177 29
D 300 107 4 168 301 310 178 259 262 313 8
D 299 99 2 153 300 234 8
D 318 87 2 148 147 146 8
D 317 85 2 149 318 144 8
D 316 83 2 139 317 150 8
D 321 87 2 148 241 146 29
D 320 85 2 144 280 149 321
D 319 83 2 139 320 150 29
D 298 89 4 138 299 275 257 316 152 319 8
D 325 77 2 129 246 127 29
D 324 75 2 122 325 130 29
D 323 71 3 117 283 294 324 120 29
D 322 67 2 105 323 134 29
D 291 79 4 292 137 252 256 104 298 322 8
L 330 58 40
D 329 57 2 93 330 95 8
D 328 55 2 88 329 96 8
D 327 51 2 287 328 290 8
D 326 47 2 71 327 100 8
D 334 69 2 120 119 118 8
D 335 69 2 120 133 118 29
D 333 71 2 334 295 335 8
D 332 67 2 105 333 134 8
D 346 135 2 211 309 216 8
D 345 133 2 217 346 209 8
D 344 131 2 207 345 218 8
D 343 129 2 205 344 219 8
D 342 127 2 200 343 220 8
D 341 123 2 195 342 222 8
D 340 119 2 187 341 224 8
D 339 113 2 179 340 227 8
D 348 103 2 171 312 176 8
D 347 101 2 177 348 169 8
D 350 103 2 171 315 176 29
D 349 101 2 169 314 177 350
D 338 107 5 168 339 259 301 347 178 310 262 349 8
D 337 99 2 153 338 234 8
D 352 81 2 140 151 142 8
D 353 85 2 144 318 149 8
D 354 81 2 140 141 142 29
D 351 83 2 352 353 354 8
D 356 85 2 144 321 149 29
D 355 83 3 139 320 352 356 142 29
D 336 89 5 138 337 275 299 316 257 351 152 355 8
D 359 69 2 120 119 118 133
D 360 69 2 120 133 118 8
D 358 71 3 117 283 359 324 360 29
D 357 67 2 105 358 134 29
D 331 79 5 332 137 292 256 252 298 104 336 357 8
D 364 57 2 93 94 95 330
D 363 55 2 88 364 96 29
D 365 49 2 84 85 86 99
D 367 57 2 93 330 95 29
D 366 55 2 88 367 96 29
D 368 49 2 84 99 86 8
D 362 51 3 287 363 365 366 368 29
D 361 47 2 71 362 100 29
D 69 59 5 70 103 247 251 285 291 326 331 361 8
D 371 29 2 50 65 52 8
D 373 33 2 57 56 55 8
D 374 33 2 57 63 55 29
D 372 35 2 373 58 374 8
D 375 29 2 50 51 52 29
D 370 31 2 371 372 375 8
D 369 27 2 37 370 66 8
D 380 53 2 89 97 91 8
D 381 53 2 89 90 91 29
D 379 55 2 380 92 381 8
D 378 51 2 287 379 290 8
D 377 47 2 71 378 100 8
D 385 65 2 111 136 113 8
D 384 63 2 106 385 114 8
D 386 71 2 117 295 132 8
D 388 65 2 111 112 113 29
D 387 63 2 106 388 114 29
D 383 67 2 384 386 387 8
D 398 133 2 209 346 217 8
D 397 131 2 218 398 207 8
D 396 129 2 205 397 219 8
D 395 127 2 200 396 220 8
D 394 123 2 195 395 222 8
D 393 119 2 187 394 224 8
D 392 113 2 179 393 227 8
D 399 101 2 169 348 177 8
D 402 111 2 184 183 182 8
D 401 109 2 180 402 185 8
D 404 111 2 184 229 182 29
D 403 109 2 180 404 185 29
D 400 113 2 401 186 403 8
D 407 105 2 173 233 175 8
D 406 103 2 171 407 176 315
D 405 101 2 169 406 177 350
D 391 107 6 168 392 399 400 259 339 310 301 347 262 405 8
D 390 99 2 153 391 234 8
D 409 81 2 142 141 140 8
D 410 81 2 142 151 140 29
D 408 83 2 409 353 410 8
D 412 81 2 142 141 140 151
D 413 81 2 142 151 140 8
D 411 83 3 139 320 412 356 413 29
D 389 89 6 138 390 275 337 316 299 351 257 408 152 411 8
D 415 71 2 117 324 132 29
D 416 63 2 106 113 114 29
D 414 67 3 105 358 384 415 416 29
D 382 79 6 383 137 332 256 292 298 252 336 104 389 414 8
D 419 55 3 380 367 88 364 91 29
D 418 51 3 287 419 365 366 368 29
D 417 47 2 71 418 100 29
D 376 59 6 377 103 70 251 247 291 285 331 326 382 417 8
D 422 29 2 52 51 50 8
D 423 29 2 52 65 50 29
D 421 31 2 422 372 423 8
D 420 27 2 37 421 66 8
D 427 41 2 73 81 75 8
D 428 41 2 73 74 75 29
D 426 43 2 427 76 428 8
D 429 51 2 287 87 290 8
D 430 43 2 427 101 428 29
D 425 47 2 426 429 430 8
D 434 65 2 113 112 111 8
D 433 63 2 106 434 114 8
D 436 65 2 113 136 111 29
D 435 63 2 106 436 114 29
D 432 67 2 433 386 435 8
D 445 131 2 207 398 218 8
D 444 129 2 219 445 205 8
D 443 127 2 200 444 220 8
D 442 123 2 195 443 222 8
D 441 119 2 187 442 224 8
D 440 113 2 179 441 227 8
D 448 111 2 182 229 184 8
D 447 109 2 180 448 185 8
D 450 111 2 182 183 184 229
D 449 109 2 180 450 185 29
D 446 113 3 401 263 447 186 449 8
D 439 107 6 168 440 399 446 259 392 310 339 347 301 405 8
D 438 99 2 153 439 234 8
D 451 83 2 139 353 150 8
D 455 97 2 163 162 161 8
D 454 95 2 159 455 164 8
D 453 93 2 154 454 165 8
D 458 97 2 163 237 161 29
D 457 95 2 159 458 164 29
D 456 93 2 154 457 165 29
D 452 99 2 453 167 456 8
D 461 87 2 146 241 148 8
D 460 85 2 144 461 149 321
D 459 83 3 139 460 412 356 413 29
D 437 89 7 138 438 451 452 275 390 316 337 351 299 408 257 459 8
D 464 65 2 113 112 111 136
D 463 63 2 106 464 114 8
D 466 65 2 113 136 111 8
D 465 63 2 106 466 114 29
D 462 67 3 105 358 463 415 465 29
D 431 79 7 432 137 383 256 332 298 292 336 252 389 104 437 462 8
D 468 51 2 287 366 290 29
D 469 43 2 73 101 75 29
D 467 47 3 71 418 426 468 469 29
D 424 59 7 425 103 377 251 70 291 247 331 285 382 326 431 467 8
D 472 21 2 41 40 39 8
D 473 21 2 41 47 39 29
D 471 23 2 472 42 473 8
D 474 31 2 49 372 64 8
D 475 23 2 472 67 473 29
D 470 27 2 471 474 475 8
D 479 41 2 75 74 73 8
D 480 41 2 75 81 73 29
D 478 43 2 479 76 480 8
D 481 43 2 479 101 480 29
D 477 47 2 478 429 481 8
D 486 73 2 123 131 125 8
D 487 73 2 123 124 125 29
D 485 75 2 486 296 487 8
D 484 71 2 117 485 132 8
D 483 67 2 105 484 134 8
D 495 125 2 201 221 203 8
D 496 129 2 205 445 219 8
D 497 125 2 201 202 203 29
D 494 127 2 495 496 497 8
D 493 123 2 195 494 222 8
D 492 119 2 187 493 224 8
D 491 113 2 179 492 227 8
D 501 117 2 192 191 190 8
D 500 115 2 188 501 193 8
D 503 117 2 192 226 190 29
D 502 115 2 188 503 193 29
D 499 119 2 500 194 502 8
D 505 111 2 184 229 182 8
D 504 109 2 180 505 185 29
D 498 113 4 447 263 179 499 401 302 504 8
D 490 107 6 168 491 399 498 259 440 310 392 347 339 405 8
D 489 99 2 153 490 234 8
D 508 91 2 155 166 157 8
D 509 91 2 155 156 157 29
D 507 93 2 508 158 509 8
D 510 93 3 154 457 508 235 157 29
D 506 99 3 507 167 453 258 510 8
D 488 89 7 138 489 451 506 275 438 316 390 351 337 408 299 459 8
D 513 75 3 486 325 122 284 125 29
D 512 71 3 117 513 359 324 360 29
D 511 67 3 105 512 463 415 465 29
D 482 79 8 483 137 432 256 383 298 332 336 292 389 252 437 104 488 511 8
D 516 41 2 75 74 73 81
D 517 41 2 73 74 75 81
D 515 43 2 516 76 517 8
D 519 41 2 75 74 73 29
D 520 41 2 75 81 73 8
D 518 43 2 519 101 520 29
D 514 47 3 71 418 515 468 518 29
D 476 59 8 477 103 425 251 377 291 70 331 247 382 285 431 326 482 514 8
D 523 21 2 39 47 41 8
D 524 21 2 39 40 41 29
D 522 23 2 523 42 524 8
D 525 23 2 523 67 524 29
D 521 27 2 522 474 525 8
D 529 45 2 77 102 79 8
D 528 43 2 72 529 80 8
D 531 45 2 77 78 79 29
D 530 43 2 72 531 80 29
D 527 47 2 528 429 530 8
D 536 73 2 125 124 123 8
D 537 73 2 125 131 123 29
D 535 75 2 536 296 537 8
D 534 71 2 117 535 132 8
D 533 67 2 105 534 134 8
D 542 109 2 185 181 180 8
D 543 119 2 500 264 502 8
D 544 109 2 180 505 185 228
D 541 113 5 447 302 542 186 179 543 401 340 544 8
D 549 125 2 203 202 201 8
D 550 125 2 203 221 201 29
D 548 127 2 549 496 550 8
D 547 123 2 195 548 222 8
D 546 119 2 187 547 224 8
D 545 113 2 179 546 227 8
D 540 107 6 399 541 168 545 259 491 310 440 347 392 405 8
D 539 99 2 153 540 234 8
D 553 91 2 157 156 155 8
D 554 91 2 157 166 155 29
D 552 93 2 553 158 554 8
D 556 91 2 157 156 155 166
D 557 91 2 157 166 155 8
D 555 93 3 154 457 556 235 557 29
D 551 99 4 552 167 507 258 453 300 555 8
D 538 89 7 138 539 451 551 275 489 316 438 351 390 408 337 459 8
D 561 73 2 125 124 123 131
D 562 73 2 125 131 123 8
D 560 75 3 561 325 122 284 562 29
D 559 71 3 359 324 117 560 360 29
D 558 67 3 463 415 105 559 465 29
D 532 79 9 533 137 483 256 432 298 383 336 332 389 292 437 252 488 104 538 558 8
D 564 43 3 72 529 516 76 520 8
D 565 43 3 516 101 72 79 520 29
D 563 47 3 71 418 564 468 565 29
D 526 59 9 527 103 477 251 425 291 377 331 70 382 247 431 285 482 326 532 563 8
D 568 25 2 45 44 43 8
D 567 23 2 38 568 46 8
D 570 25 2 45 68 43 29
D 569 23 2 38 570 46 29
D 566 27 2 567 474 569 8
D 574 45 2 79 78 77 8
D 573 43 2 72 574 80 8
D 576 45 2 79 102 77 29
D 575 43 2 72 576 80 29
D 572 47 2 573 429 575 8
D 580 61 2 109 108 107 8
D 581 61 2 109 115 107 29
D 579 63 2 580 110 581 8
D 582 63 2 580 135 581 29
D 578 67 2 579 386 582 8
D 589 117 2 190 226 192 8
D 588 115 2 188 589 193 8
D 591 117 2 190 191 192 226
D 590 115 2 188 591 193 29
D 587 119 3 588 194 500 303 590 8
D 586 113 5 179 587 542 263 447 340 401 393 544 8
D 595 121 2 196 223 198 8
D 596 127 2 200 496 220 8
D 597 121 2 196 197 198 29
D 594 123 2 595 596 597 8
D 593 119 2 187 594 224 8
D 592 113 2 179 593 227 8
D 585 107 6 399 586 259 545 310 491 168 592 347 440 405 8
D 584 99 2 153 585 234 8
D 600 95 2 164 160 159 8
D 599 93 2 154 600 165 8
D 602 95 2 159 458 164 236
D 601 93 3 154 602 556 235 557 29
D 598 99 5 599 167 552 258 507 300 453 338 601 8
D 583 89 7 138 584 451 598 275 539 316 489 351 438 408 390 459 8
D 604 63 3 106 464 580 110 115 8
D 605 63 3 106 466 580 135 115 29
D 603 67 3 604 415 105 559 605 29
D 577 79 10 578 137 533 256 483 298 432 336 383 389 332 437 292 488 252 538 104 583 603 8
D 608 45 2 79 78 77 102
D 607 43 3 72 608 516 76 520 8
D 610 45 2 79 102 77 8
D 609 43 3 72 610 516 101 520 29
D 606 47 3 71 418 607 468 609 29
D 571 59 10 572 103 527 251 477 291 425 331 377 382 70 431 247 482 285 532 326 577 606 8
D 613 25 2 43 68 45 8
D 612 23 2 38 613 46 8
D 615 25 2 43 44 45 29
D 614 23 2 38 615 46 29
D 611 27 2 612 474 614 8
D 620 53 2 91 90 89 8
D 621 53 2 91 97 89 29
D 619 55 2 620 92 621 8
D 618 51 2 287 619 290 8
D 617 47 2 71 618 100 8
D 625 61 2 107 115 109 8
D 626 61 2 107 108 109 29
D 624 63 2 625 110 626 8
D 627 63 2 625 135 626 29
D 623 67 2 624 386 627 8
D 632 97 2 161 237 163 8
D 631 95 2 159 632 164 8
D 630 93 2 154 631 165 8
D 635 97 2 161 162 163 237
D 634 95 2 159 635 164 236
D 633 93 3 154 634 556 235 557 29
D 629 99 6 630 167 599 258 552 300 507 338 453 391 633 8
D 640 115 2 193 189 188 8
D 641 115 2 188 591 193 225
D 639 119 4 640 194 588 264 500 341 641 8
D 638 113 5 179 639 542 302 447 393 401 441 544 8
D 645 121 2 198 197 196 8
D 646 121 2 198 223 196 29
D 644 123 2 645 596 646 8
D 643 119 2 187 644 224 8
D 642 113 2 179 643 227 8
D 637 107 6 399 638 310 545 347 491 259 592 168 642 405 8
D 636 99 2 153 637 234 8
D 628 89 7 451 629 138 636 275 584 316 539 351 489 408 438 459 8
D 649 61 2 109 108 107 115
D 650 61 2 109 115 107 8
D 648 63 3 106 464 649 110 650 8
D 651 63 3 106 466 649 135 650 29
D 647 67 3 648 415 105 559 651 29
D 622 79 11 623 137 578 256 533 298 483 336 432 389 383 437 332 488 292 538 252 583 104 628 647 8
D 655 53 2 91 90 89 97
D 656 53 2 91 97 89 8
D 654 55 3 655 367 88 364 656 29
D 653 51 3 365 366 287 654 368 29
D 652 47 3 607 468 71 653 609 29
D 616 59 11 617 103 572 251 527 291 477 331 425 382 377 431 70 482 247 532 285 577 326 622 652 8
D 660 33 2 57 63 55 8
D 661 33 2 57 56 55 29
D 659 35 2 660 58 661 8
D 658 31 2 49 659 64 8
D 657 27 2 37 658 66 8
D 665 99 6 630 258 599 300 552 338 507 391 453 439 633 8
D 669 119 4 640 264 588 303 500 394 641 8
D 668 113 5 179 669 542 340 447 441 401 492 544 8
D 671 103 2 176 315 171 173
D 670 101 2 169 671 177 350
D 667 107 5 347 545 399 668 310 592 259 642 670 8
D 666 99 2 153 667 234 8
D 664 89 7 451 665 275 636 138 666 316 584 351 539 408 489 459 8
D 663 79 11 623 256 578 298 533 336 483 389 432 437 383 488 332 538 292 583 252 628 104 664 647 8
D 662 59 11 617 251 572 291 527 331 477 382 425 431 377 482 70 532 247 577 285 622 326 663 652 8
L 676 38 19
D 675 37 2 59 676 61 8
D 674 35 2 373 675 374 8
D 673 31 2 49 674 64 8
D 672 27 2 37 673 66 8
D 680 99 6 630 300 599 338 552 391 507 439 453 490 633 8
D 684 119 4 640 303 588 341 500 442 641 8
D 683 113 5 179 684 542 393 447 492 401 546 544 8
D 685 101 2 177 350 169 315
D 682 107 4 347 592 399 683 310 642 685 8
D 681 99 2 153 682 234 8
D 679 89 7 451 680 316 636 275 666 138 681 351 584 408 539 459 8
D 678 79 11 623 298 578 336 533 389 483 437 432 488 383 538 332 583 292 628 252 664 104 679 647 8
D 677 59 11 617 291 572 331 527 382 477 431 425 482 377 532 70 577 247 622 285 663 326 678 652 8
D 689 37 2 61 60 59 8
D 688 35 2 373 689 374 8
D 687 31 2 49 688 64 8
D 686 27 2 37 687 66 8
D 693 99 6 630 338 599 391 552 439 507 490 453 540 633 8
D 697 119 4 640 341 588 394 500 493 641 8
D 696 113 5 179 697 542 441 447 546 401 593 544 8
D 695 107 3 347 642 399 696 350 8
D 694 99 2 153 695 234 8
D 692 89 7 451 693 351 636 316 666 275 681 138 694 408 584 459 8
D 691 79 11 623 336 578 389 533 437 483 488 432 538 383 583 332 628 292 664 252 679 104 692 647 8
D 690 59 11 617 331 572 382 527 431 477 482 425 532 377 577 70 622 247 663 285 678 326 691 652 8
D 700 25 2 45 44 43 68
D 701 21 2 41 40 39 47
D 702 21 2 41 47 39 8
D 699 23 3 38 700 701 42 702 8
D 705 37 2 59 676 61 29
D 704 35 2 373 705 374 29
D 703 31 2 49 704 64 29
D 707 29 2 52 51 50 65
D 709 33 2 55 56 57 63
D 710 37 2 59 60 61 676
D 711 33 2 55 63 57 8
D 708 35 3 709 705 373 710 711 29
D 712 29 2 52 65 50 8
D 706 31 3 707 704 49 708 712 29
D 714 25 2 45 68 43 8
D 713 23 3 38 714 701 67 702 29
D 698 27 3 699 703 37 706 713 29
D 35 39 11 36 69 369 376 420 424 470 476 521 526 566 571 611 616 657 662 672 677 686 690 698 8
D 717 3 2 5 34 7 8
D 716 1 2 3 717 9 8
D 720 11 2 17 28 19 8
D 721 11 2 17 18 19 29
D 719 13 2 720 20 721 8
D 718 9 2 11 719 30 8
D 723 3 2 5 6 7 29
D 722 1 2 3 723 9 29
D 715 5 2 716 718 722 8
D 728 99 6 630 391 599 439 552 490 507 540 453 585 633 8
D 732 119 4 640 394 588 442 500 547 641 8
D 731 113 5 179 732 542 492 447 593 401 643 544 8
D 733 101 2 169 350 177 29
D 730 107 2 399 731 733 8
D 729 99 2 153 730 234 8
D 727 89 7 408 636 451 728 351 666 316 681 275 694 138 729 459 8
D 726 79 11 623 389 578 437 533 488 483 538 432 583 383 628 332 664 292 679 252 692 104 727 647 8
D 725 59 11 617 382 572 431 527 482 477 532 425 577 377 622 70 663 247 678 285 691 326 726 652 8
D 724 39 11 36 376 369 424 420 476 470 526 521 571 566 616 611 662 657 677 672 690 686 725 698 8
D 735 1 2 9 4 3 8
D 736 1 2 9 33 3 29
D 734 5 2 735 718 736 8
D 741 99 6 630 439 599 490 552 540 507 585 453 637 633 8
D 745 119 4 640 442 588 493 500 594 641 8
D 746 109 2 185 228 180 184
D 744 113 4 179 745 542 546 447 643 746 8
D 743 107 2 399 744 733 8
D 742 99 2 153 743 234 8
D 740 89 7 408 666 451 741 351 681 316 694 275 729 138 742 459 8
D 739 79 11 623 437 578 488 533 538 483 583 432 628 383 664 332 679 292 692 252 727 104 740 647 8
D 738 59 11 617 431 572 482 527 532 477 577 425 622 377 663 70 678 247 691 285 726 326 739 652 8
D 737 39 11 36 424 369 476 420 526 470 571 521 616 566 662 611 677 657 690 672 725 686 738 698 8
D 749 3 2 7 6 5 8
D 748 1 2 3 749 9 8
D 751 3 2 7 34 5 29
D 750 1 2 3 751 9 29
D 747 5 2 748 718 750 8
D 756 99 6 630 490 599 540 552 585 507 637 453 667 633 8
D 760 119 4 640 493 588 547 500 644 641 8
D 759 113 3 179 760 542 593 228 8
D 758 107 2 399 759 733 8
D 757 99 2 153 758 234 8
D 755 89 7 408 681 451 756 351 694 316 729 275 742 138 757 459 8
D 754 79 11 623 488 578 538 533 583 483 628 432 664 383 679 332 692 292 727 252 740 104 755 647 8
D 753 59 11 617 482 572 532 527 577 477 622 425 663 377 678 70 691 247 726 285 739 326 754 652 8
D 752 39 11 36 476 369 526 420 571 470 616 521 662 566 677 611 690 657 725 672 738 686 753 698 8
D 764 11 2 19 28 17 8
D 765 11 2 19 18 17 29
D 763 13 2 764 20 765 8
D 762 9 2 11 763 30 8
D 761 5 2 2 762 32 8
D 770 99 6 630 540 599 585 552 637 507 667 453 682 633 8
D 776 117 2 190 191 192 29
D 775 115 2 188 776 193 225
D 774 119 3 640 547 588 594 775 8
D 773 113 3 179 774 542 643 228 8
D 772 107 2 399 773 733 8
D 771 99 2 153 772 234 8
D 769 89 7 408 694 451 770 351 729 316 742 275 757 138 771 459 8
D 768 79 11 623 538 578 583 533 628 483 664 432 679 383 692 332 727 292 740 252 755 104 769 647 8
D 767 59 11 617 532 572 577 527 622 477 663 425 678 377 691 70 726 247 739 285 754 326 768 652 8
D 766 39 11 36 526 369 571 420 616 470 662 521 677 566 690 611 725 657 738 672 753 686 767 698 8
D 779 7 2 14 13 12 8
D 780 7 2 14 31 12 29
D 778 9 2 779 719 780 8
D 777 5 2 2 778 32 8
D 785 99 6 630 585 599 637 552 667 507 682 453 695 633 8
D 789 119 3 640 594 588 644 775 8
D 788 113 2 179 789 227 8
D 787 107 2 399 788 733 8
D 786 99 2 153 787 234 8
D 784 89 7 408 729 451 785 351 742 316 757 275 771 138 786 459 8
D 783 79 11 623 583 578 628 533 664 483 679 432 692 383 727 332 740 292 755 252 769 104 784 647 8
D 782 59 11 617 577 572 622 527 663 477 678 425 691 377 726 70 739 247 754 285 768 326 783 652 8
D 781 39 11 36 571 369 616 420 662 470 677 521 690 566 725 611 738 657 753 672 767 686 782 698 8
D 792 7 2 12 31 14 8
D 793 7 2 12 13 14 29
D 791 9 2 792 719 793 8
D 790 5 2 2 791 32 8
D 798 99 6 630 637 599 667 552 682 507 695 453 730 633 8
D 803 115 2 193 225 188 29
D 802 119 2 640 644 803 8
D 801 113 2 179 802 227 8
D 800 107 2 399 801 733 8
D 799 99 2 153 800 234 8
D 797 89 7 408 742 451 798 351 757 316 771 275 786 138 799 459 8
D 796 79 11 623 628 578 664 533 679 483 692 432 727 383 740 332 755 292 769 252 784 104 797 647 8
D 795 59 11 617 622 572 663 527 678 477 691 425 726 377 739 70 754 247 768 285 783 326 796 652 8
D 794 39 11 36 616 369 662 420 677 470 690 521 725 566 738 611 753 657 767 672 782 686 795 698 8
D 807 15 2 26 22 21 8
D 806 13 2 720 807 721 8
D 805 9 2 11 806 30 8
D 804 5 2 2 805 32 8
D 812 99 6 630 667 599 682 552 695 507 730 453 743 633 8
D 814 85 2 149 321 144 146
D 813 83 3 139 814 412 356 413 29
D 811 89 6 408 757 451 812 351 771 316 786 275 799 813 8
D 810 79 11 623 664 578 679 533 692 483 727 432 740 383 755 332 769 292 784 252 797 104 811 647 8
D 809 59 11 617 663 572 678 527 691 477 726 425 739 377 754 70 768 247 783 285 796 326 810 652 8
D 808 39 11 36 662 369 677 420 690 470 725 521 738 566 753 611 767 657 782 672 795 686 809 698 8
D 819 17 2 25 24 23 8
D 818 15 2 21 819 26 8
D 817 13 2 720 818 721 8
D 816 9 2 11 817 30 8
D 815 5 2 2 816 32 8
D 824 99 6 630 682 599 695 552 730 507 743 453 758 633 8
D 825 83 3 412 356 139 321 413 29
D 823 89 5 408 771 451 824 351 786 316 799 825 8
D 822 79 11 623 679 578 692 533 727 483 740 432 755 383 769 332 784 292 797 252 811 104 823 647 8
D 821 59 11 617 678 572 691 527 726 477 739 425 754 377 768 70 783 247 796 285 810 326 822 652 8
D 820 39 11 36 677 369 690 420 725 470 738 521 753 566 767 611 782 657 795 672 809 686 821 698 8
L 831 18 10
D 830 17 2 23 831 25 8
D 829 15 2 21 830 26 8
D 828 13 2 720 829 721 8
D 827 9 2 11 828 30 8
D 826 5 2 2 827 32 8
D 836 99 6 630 695 599 730 552 743 507 758 453 772 633 8
D 838 81 2 142 141 140 29
D 837 83 2 838 356 413 29
D 835 89 4 408 786 451 836 351 799 837 8
D 834 79 11 623 692 578 727 533 740 483 755 432 769 383 784 332 797 292 811 252 823 104 835 647 8
D 833 59 11 617 691 572 726 527 739 477 754 425 768 377 783 70 796 247 810 285 822 326 834 652 8
D 832 39 11 36 690 369 725 420 738 470 753 521 767 566 782 611 795 657 809 672 821 686 833 698 8
D 843 17 2 23 24 25 831
D 844 17 2 23 831 25 29
D 842 15 2 21 843 26 844
D 845 11 2 19 28 17 18
D 846 15 2 21 844 26 29
D 847 11 2 19 18 17 8
D 841 13 3 720 842 845 846 847 29
D 848 7 2 14 13 12 31
D 849 13 2 720 846 721 29
D 850 7 2 14 31 12 8
D 840 9 3 11 841 848 849 850 29
D 852 3 2 7 6 5 34
D 851 1 2 3 852 9 4
D 853 9 2 11 849 30 29
D 855 3 2 7 34 5 8
D 854 1 2 3 855 9 33
D 839 5 3 2 840 851 853 854 29
D 0 19 11 1 35 715 724 734 737 747 752 761 766 777 781 790 794 804 808 815 820 826 832 839 8
