c ids of sdd nodes start at 0
c sdd nodes appear bottom-up, children before parents
c
c file syntax:
c sdd count-of-sdd-nodes
c F id-of-false-sdd-node
c T id-of-true-sdd-node
c L id-of-literal-sdd-node id-of-vtree literal
c D id-of-decomposition-sdd-node id-of-vtree number-of-elements {id-of-prime id-of-sub}*
c
sdd 853
L 3 0 -3
L 5 2 -4
L 6 4 -2
L 7 2 4
F 8
D 4 3 2 5 6 7 8
L 9 0 3
D 2 1 2 3 4 9 8
L 12 6 -6
L 13 8 -7
L 14 6 6
D 11 7 2 12 13 14 8
L 17 10 -5
L 18 12 1
L 19 10 5
D 16 11 2 17 18 19 8
L 21 14 -8
L 23 16 -9
L 24 18 -10
L 25 16 9
D 22 17 2 23 24 25 8
L 26 14 8
D 20 15 2 21 22 26 8
L 28 12 -1
T 29
D 27 11 2 17 28 19 29
D 15 13 2 16 20 27 8
L 31 8 7
D 30 7 2 12 31 14 29
D 10 9 2 11 15 30 8
L 34 4 2
D 33 3 2 5 34 7 29
D 32 1 2 3 33 9 29
D 1 5 2 2 10 32 8
L 39 20 -14
L 40 22 -15
L 41 20 14
D 38 21 2 39 40 41 8
L 43 24 -16
L 44 26 -17
L 45 24 16
D 42 25 2 43 44 45 8
L 47 22 15
D 46 21 2 39 47 41 29
D 37 23 2 38 42 46 8
L 50 28 -13
L 51 30 -12
L 52 28 13
D 49 29 2 50 51 52 8
L 55 32 11
L 56 34 -18
L 57 32 -11
D 54 33 2 55 56 57 8
L 59 36 -20
L 60 38 -19
L 61 36 20
D 58 37 2 59 60 61 8
L 63 34 18
D 62 33 2 55 63 57 29
D 53 35 2 54 58 62 8
L 65 30 12
D 64 29 2 50 65 52 29
D 48 31 2 49 53 64 8
L 68 26 17
D 67 25 2 43 68 45 29
D 66 23 2 38 67 46 29
D 36 27 2 37 48 66 8
L 73 40 -34
L 74 42 -35
L 75 40 34
D 72 41 2 73 74 75 8
L 77 44 -32
L 78 46 -33
L 79 44 32
D 76 45 2 77 78 79 8
L 81 42 35
D 80 41 2 73 81 75 29
D 71 43 2 72 76 80 8
L 84 48 -37
L 85 50 38
L 86 48 37
D 83 49 2 84 85 86 8
L 89 52 -31
L 90 54 -36
L 91 52 31
D 88 53 2 89 90 91 8
L 93 56 -39
L 94 58 -40
L 95 56 39
D 92 57 2 93 94 95 8
L 97 54 36
D 96 53 2 89 97 91 29
D 87 55 2 88 92 96 8
L 99 50 -38
D 98 49 2 84 99 86 29
D 82 51 2 83 87 98 8
L 102 46 33
D 101 45 2 77 102 79 29
D 100 43 2 72 101 80 29
D 70 47 2 71 82 100 8
L 107 60 -22
L 108 62 -21
L 109 60 22
D 106 61 2 107 108 109 8
L 111 64 -25
L 112 66 -26
L 113 64 25
D 110 65 2 111 112 113 8
L 115 62 21
D 114 61 2 107 115 109 29
D 105 63 2 106 110 114 8
L 118 68 -27
L 119 70 -28
L 120 68 27
D 117 69 2 118 119 120 8
L 123 72 -23
L 124 74 -24
L 125 72 23
D 122 73 2 123 124 125 8
L 127 76 30
L 128 78 -29
L 129 76 -30
D 126 77 2 127 128 129 8
L 131 74 24
D 130 73 2 123 131 125 29
D 121 75 2 122 126 130 8
L 133 70 28
D 132 69 2 118 133 120 29
D 116 71 2 117 121 132 8
L 136 66 26
D 135 65 2 111 136 113 29
D 134 63 2 106 135 114 29
D 104 67 2 105 116 134 8
L 140 80 -46
L 141 82 -47
L 142 80 46
D 139 81 2 140 141 142 8
L 144 84 -48
L 146 86 50
L 147 88 -49
L 148 86 -50
D 145 87 2 146 147 148 8
L 149 84 48
D 143 85 2 144 145 149 8
L 151 82 47
D 150 81 2 140 151 142 29
D 138 83 2 139 143 150 8
L 155 90 -43
L 156 92 -44
L 157 90 43
D 154 91 2 155 156 157 8
L 159 94 -42
L 161 96 -45
L 162 98 -41
L 163 96 45
D 160 97 2 161 162 163 8
L 164 94 42
D 158 95 2 159 160 164 8
L 166 92 44
D 165 91 2 155 166 157 29
D 153 93 2 154 158 165 8
L 169 100 -57
L 171 102 -58
L 173 104 60
L 174 106 -59
L 175 104 -60
D 172 105 2 173 174 175 8
L 176 102 58
D 170 103 2 171 172 176 8
L 177 100 57
D 168 101 2 169 170 177 8
L 180 108 -53
L 182 110 -56
L 183 112 -55
L 184 110 56
D 181 111 2 182 183 184 8
L 185 108 53
D 179 109 2 180 181 185 8
L 188 114 -51
L 190 116 -54
L 191 118 -52
L 192 116 54
D 189 117 2 190 191 192 8
L 193 114 51
D 187 115 2 188 189 193 8
L 196 120 -61
L 197 122 -62
L 198 120 61
D 195 121 2 196 197 198 8
L 201 124 -63
L 202 126 -64
L 203 124 63
D 200 125 2 201 202 203 8
L 205 128 -65
L 207 130 -66
L 209 132 -67
L 211 134 -68
L 213 136 -69
L 214 138 70
L 215 136 69
D 212 137 2 213 214 215 8
L 216 134 68
D 210 135 2 211 212 216 8
L 217 132 67
D 208 133 2 209 210 217 8
L 218 130 66
D 206 131 2 207 208 218 8
L 219 128 65
D 204 129 2 205 206 219 8
L 221 126 64
D 220 125 2 201 221 203 29
D 199 127 2 200 204 220 8
L 223 122 62
D 222 121 2 196 223 198 29
D 194 123 2 195 199 222 8
L 226 118 52
D 225 117 2 190 226 192 29
D 224 115 2 188 225 193 29
D 186 119 2 187 194 224 8
L 229 112 55
D 228 111 2 182 229 184 29
D 227 109 2 180 228 185 29
D 178 113 2 179 186 227 8
L 233 106 59
D 232 105 2 173 233 175 29
D 231 103 2 171 232 176 29
D 230 101 2 169 231 177 29
D 167 107 2 168 178 230 8
L 237 98 41
D 236 97 2 161 237 163 29
D 235 95 2 159 236 164 29
D 234 93 2 154 235 165 29
D 152 99 2 153 167 234 8
L 241 88 49
D 240 87 2 146 241 148 29
D 239 85 2 144 240 149 29
D 238 83 2 139 239 150 29
D 137 89 2 138 152 238 8
L 246 78 29
D 245 77 2 127 246 129 29
D 244 75 2 122 245 130 29
D 243 71 2 117 244 132 29
D 242 67 2 105 243 134 29
D 103 79 2 104 137 242 8
D 249 49 2 84 99 86 8
D 251 57 2 95 94 93 8
D 250 55 2 88 251 96 8
D 252 49 2 84 85 86 29
D 248 51 2 249 250 252 8
D 247 47 2 71 248 100 8
D 257 77 2 129 246 127 8
D 256 75 2 122 257 130 8
D 255 71 2 117 256 132 8
D 254 67 2 105 255 134 8
D 263 105 2 175 233 173 8
D 262 103 2 171 263 176 8
D 261 101 2 169 262 177 8
L 273 138 -70
D 272 137 2 215 273 213 8
D 271 135 2 211 272 216 8
D 270 133 2 209 271 217 8
D 269 131 2 207 270 218 8
D 268 129 2 205 269 219 8
D 267 127 2 200 268 220 8
D 266 123 2 195 267 222 8
D 265 119 2 187 266 224 8
D 264 113 2 179 265 227 8
D 276 105 2 175 174 173 233
D 275 103 2 171 276 176 29
D 274 101 2 169 275 177 29
D 260 107 3 261 178 168 264 274 8
D 259 99 2 153 260 234 8
D 279 87 2 148 241 146 8
D 278 85 2 144 279 149 8
D 277 83 2 139 278 150 8
D 282 87 2 148 147 146 241
D 281 85 2 144 282 149 29
D 280 83 2 139 281 150 29
D 258 89 3 138 259 277 152 280 8
D 286 77 2 129 128 127 246
D 285 75 2 122 286 130 29
D 284 71 2 117 285 132 29
D 283 67 2 105 284 134 29
D 253 79 3 254 137 104 258 283 8
L 291 58 40
D 290 57 2 93 291 95 8
D 289 55 2 88 290 96 8
D 288 51 2 249 289 252 8
D 287 47 2 71 288 100 8
D 295 69 2 118 133 120 8
D 297 77 2 129 128 127 8
D 296 75 2 122 297 130 8
D 298 69 2 118 119 120 29
D 294 71 2 295 296 298 8
D 293 67 2 105 294 134 8
D 310 137 2 213 273 215 8
D 309 135 2 216 310 211 8
D 308 133 2 209 309 217 8
D 307 131 2 207 308 218 8
D 306 129 2 205 307 219 8
D 305 127 2 200 306 220 8
D 304 123 2 195 305 222 8
D 303 119 2 187 304 224 8
D 302 113 2 179 303 227 8
D 313 105 2 175 174 173 8
D 312 103 2 176 313 171 8
D 311 101 2 169 312 177 8
D 316 105 2 175 233 173 29
D 315 103 2 171 276 176 316
D 314 101 2 169 315 177 29
D 301 107 4 168 302 311 178 261 264 314 8
D 300 99 2 153 301 234 8
D 319 87 2 148 147 146 8
D 318 85 2 149 319 144 8
D 317 83 2 139 318 150 8
D 322 87 2 148 241 146 29
D 321 85 2 144 282 149 322
D 320 83 2 139 321 150 29
D 299 89 4 138 300 277 259 317 152 320 8
D 326 77 2 129 246 127 29
D 325 75 2 122 326 130 29
D 324 71 3 117 285 295 325 120 29
D 323 67 2 105 324 134 29
D 292 79 4 293 137 254 258 104 299 323 8
D 330 57 2 93 94 95 291
D 329 55 2 88 330 96 29
D 332 57 2 93 291 95 29
D 331 55 2 88 332 96 29
D 328 51 3 249 329 83 331 86 29
D 327 47 2 71 328 100 29
D 69 59 4 70 103 247 253 287 292 327 8
D 335 29 2 50 65 52 8
D 337 33 2 57 56 55 8
D 338 33 2 57 63 55 29
D 336 35 2 337 58 338 8
D 339 29 2 50 51 52 29
D 334 31 2 335 336 339 8
D 333 27 2 37 334 66 8
D 343 49 2 86 99 84 8
D 344 49 2 86 85 84 29
D 342 51 2 343 87 344 8
D 341 47 2 71 342 100 8
D 348 69 2 120 119 118 8
D 349 69 2 120 133 118 29
D 347 71 2 348 296 349 8
D 346 67 2 105 347 134 8
D 360 135 2 211 310 216 8
D 359 133 2 217 360 209 8
D 358 131 2 207 359 218 8
D 357 129 2 205 358 219 8
D 356 127 2 200 357 220 8
D 355 123 2 195 356 222 8
D 354 119 2 187 355 224 8
D 353 113 2 179 354 227 8
D 362 103 2 171 313 176 8
D 361 101 2 177 362 169 8
D 364 103 2 171 316 176 29
D 363 101 2 169 315 177 364
D 352 107 5 168 353 261 302 361 178 311 264 363 8
D 351 99 2 153 352 234 8
D 366 81 2 140 151 142 8
D 367 85 2 144 319 149 8
D 368 81 2 140 141 142 29
D 365 83 2 366 367 368 8
D 370 85 2 144 322 149 29
D 369 83 3 139 321 366 370 142 29
D 350 89 5 138 351 277 300 317 259 365 152 369 8
D 373 69 2 120 119 118 133
D 374 69 2 120 133 118 8
D 372 71 3 117 285 373 325 374 29
D 371 67 2 105 372 134 29
D 345 79 5 346 137 293 258 254 299 104 350 371 8
D 377 49 2 86 99 84 85
D 378 49 2 86 85 84 8
D 376 51 3 249 329 377 331 378 29
D 375 47 2 71 376 100 29
D 340 59 5 341 103 70 253 247 292 287 345 375 8
D 381 29 2 52 51 50 8
D 382 29 2 52 65 50 29
D 380 31 2 381 336 382 8
D 379 27 2 37 380 66 8
D 387 53 2 89 97 91 8
D 388 53 2 89 90 91 29
D 386 55 2 387 92 388 8
D 385 51 2 249 386 252 8
D 384 47 2 71 385 100 8
D 392 65 2 111 136 113 8
D 391 63 2 106 392 114 8
D 393 71 2 117 296 132 8
D 395 65 2 111 112 113 29
D 394 63 2 106 395 114 29
D 390 67 2 391 393 394 8
D 405 133 2 209 360 217 8
D 404 131 2 218 405 207 8
D 403 129 2 205 404 219 8
D 402 127 2 200 403 220 8
D 401 123 2 195 402 222 8
D 400 119 2 187 401 224 8
D 399 113 2 179 400 227 8
D 406 101 2 169 362 177 8
D 409 111 2 184 183 182 8
D 408 109 2 180 409 185 8
D 411 111 2 184 229 182 29
D 410 109 2 180 411 185 29
D 407 113 2 408 186 410 8
D 414 105 2 173 233 175 8
D 413 103 2 171 414 176 316
D 412 101 2 169 413 177 364
D 398 107 6 168 399 406 407 261 353 311 302 361 264 412 8
D 397 99 2 153 398 234 8
D 416 81 2 142 141 140 8
D 417 81 2 142 151 140 29
D 415 83 2 416 367 417 8
D 419 81 2 142 141 140 151
D 420 81 2 142 151 140 8
D 418 83 3 139 321 419 370 420 29
D 396 89 6 138 397 277 351 317 300 365 259 415 152 418 8
D 422 71 2 117 325 132 29
D 423 63 2 106 113 114 29
D 421 67 3 105 372 391 422 423 29
D 389 79 6 390 137 346 258 293 299 254 350 104 396 421 8
D 426 55 3 387 332 88 330 91 29
D 425 51 3 249 426 377 331 378 29
D 424 47 2 71 425 100 29
D 383 59 6 384 103 341 253 70 292 247 345 287 389 424 8
D 429 21 2 41 40 39 8
D 430 21 2 41 47 39 29
D 428 23 2 429 42 430 8
D 431 31 2 49 336 64 8
D 432 23 2 429 67 430 29
D 427 27 2 428 431 432 8
D 436 41 2 73 81 75 8
D 437 41 2 73 74 75 29
D 435 43 2 436 76 437 8
D 438 51 2 249 87 252 8
D 439 43 2 436 101 437 29
D 434 47 2 435 438 439 8
D 443 65 2 113 112 111 8
D 442 63 2 106 443 114 8
D 445 65 2 113 136 111 29
D 444 63 2 106 445 114 29
D 441 67 2 442 393 444 8
D 454 131 2 207 405 218 8
D 453 129 2 219 454 205 8
D 452 127 2 200 453 220 8
D 451 123 2 195 452 222 8
D 450 119 2 187 451 224 8
D 449 113 2 179 450 227 8
D 457 111 2 182 229 184 8
D 456 109 2 180 457 185 8
D 459 111 2 182 183 184 229
D 458 109 2 180 459 185 29
D 455 113 3 408 265 456 186 458 8
D 448 107 6 168 449 406 455 261 399 311 353 361 302 412 8
D 447 99 2 153 448 234 8
D 460 83 2 139 367 150 8
D 464 97 2 163 162 161 8
D 463 95 2 159 464 164 8
D 462 93 2 154 463 165 8
D 467 97 2 163 237 161 29
D 466 95 2 159 467 164 29
D 465 93 2 154 466 165 29
D 461 99 2 462 167 465 8
D 470 87 2 146 241 148 8
D 469 85 2 144 470 149 322
D 468 83 3 139 469 419 370 420 29
D 446 89 7 138 447 460 461 277 397 317 351 365 300 415 259 468 8
D 473 65 2 113 112 111 136
D 472 63 2 106 473 114 8
D 475 65 2 113 136 111 8
D 474 63 2 106 475 114 29
D 471 67 3 105 372 472 422 474 29
D 440 79 7 441 137 390 258 346 299 293 350 254 396 104 446 471 8
D 477 51 2 249 331 252 29
D 478 43 2 73 101 75 29
D 476 47 3 71 425 435 477 478 29
D 433 59 7 434 103 384 253 341 292 70 345 247 389 287 440 476 8
D 481 21 2 39 47 41 8
D 482 21 2 39 40 41 29
D 480 23 2 481 42 482 8
D 483 23 2 481 67 482 29
D 479 27 2 480 431 483 8
D 487 41 2 75 74 73 8
D 488 41 2 75 81 73 29
D 486 43 2 487 76 488 8
D 489 43 2 487 101 488 29
D 485 47 2 486 438 489 8
D 494 73 2 123 131 125 8
D 495 73 2 123 124 125 29
D 493 75 2 494 297 495 8
D 492 71 2 117 493 132 8
D 491 67 2 105 492 134 8
D 503 125 2 201 221 203 8
D 504 129 2 205 454 219 8
D 505 125 2 201 202 203 29
D 502 127 2 503 504 505 8
D 501 123 2 195 502 222 8
D 500 119 2 187 501 224 8
D 499 113 2 179 500 227 8
D 509 117 2 192 191 190 8
D 508 115 2 188 509 193 8
D 511 117 2 192 226 190 29
D 510 115 2 188 511 193 29
D 507 119 2 508 194 510 8
D 513 111 2 184 229 182 8
D 512 109 2 180 513 185 29
D 506 113 4 456 265 179 507 408 303 512 8
D 498 107 6 168 499 406 506 261 449 311 399 361 353 412 8
D 497 99 2 153 498 234 8
D 516 91 2 155 166 157 8
D 517 91 2 155 156 157 29
D 515 93 2 516 158 517 8
D 518 93 3 154 466 516 235 157 29
D 514 99 3 515 167 462 260 518 8
D 496 89 7 138 497 460 514 277 447 317 397 365 351 415 300 468 8
D 521 75 3 494 326 122 286 125 29
D 520 71 3 117 521 373 325 374 29
D 519 67 3 105 520 472 422 474 29
D 490 79 8 491 137 441 258 390 299 346 350 293 396 254 446 104 496 519 8
D 524 41 2 75 74 73 81
D 525 41 2 73 74 75 81
D 523 43 2 524 76 525 8
D 527 41 2 75 74 73 29
D 528 41 2 75 81 73 8
D 526 43 2 527 101 528 29
D 522 47 3 71 425 523 477 526 29
D 484 59 8 485 103 434 253 384 292 341 345 70 389 247 440 287 490 522 8
D 531 25 2 45 44 43 8
D 530 23 2 38 531 46 8
D 533 25 2 45 68 43 29
D 532 23 2 38 533 46 29
D 529 27 2 530 431 532 8
D 537 45 2 77 102 79 8
D 536 43 2 72 537 80 8
D 539 45 2 77 78 79 29
D 538 43 2 72 539 80 29
D 535 47 2 536 438 538 8
D 544 73 2 125 124 123 8
D 545 73 2 125 131 123 29
D 543 75 2 544 297 545 8
D 542 71 2 117 543 132 8
D 541 67 2 105 542 134 8
D 550 109 2 185 181 180 8
D 551 119 2 508 266 510 8
D 552 109 2 180 513 185 228
D 549 113 5 456 303 550 186 179 551 408 354 552 8
D 557 125 2 203 202 201 8
D 558 125 2 203 221 201 29
D 556 127 2 557 504 558 8
D 555 123 2 195 556 222 8
D 554 119 2 187 555 224 8
D 553 113 2 179 554 227 8
D 548 107 6 406 549 168 553 261 499 311 449 361 399 412 8
D 547 99 2 153 548 234 8
D 561 91 2 157 156 155 8
D 562 91 2 157 166 155 29
D 560 93 2 561 158 562 8
D 564 91 2 157 156 155 166
D 565 91 2 157 166 155 8
D 563 93 3 154 466 564 235 565 29
D 559 99 4 560 167 515 260 462 301 563 8
D 546 89 7 138 547 460 559 277 497 317 447 365 397 415 351 468 8
D 569 73 2 125 124 123 131
D 570 73 2 125 131 123 8
D 568 75 3 569 326 122 286 570 29
D 567 71 3 373 325 117 568 374 29
D 566 67 3 472 422 105 567 474 29
D 540 79 9 541 137 491 258 441 299 390 350 346 396 293 446 254 496 104 546 566 8
D 572 43 3 72 537 524 76 528 8
D 573 43 3 524 101 72 79 528 29
D 571 47 3 71 425 572 477 573 29
D 534 59 9 535 103 485 253 434 292 384 345 341 389 70 440 247 490 287 540 571 8
D 576 25 2 43 68 45 8
D 575 23 2 38 576 46 8
D 578 25 2 43 44 45 29
D 577 23 2 38 578 46 29
D 574 27 2 575 431 577 8
D 582 45 2 79 78 77 8
D 581 43 2 72 582 80 8
D 584 45 2 79 102 77 29
D 583 43 2 72 584 80 29
D 580 47 2 581 438 583 8
D 588 61 2 109 108 107 8
D 589 61 2 109 115 107 29
D 587 63 2 588 110 589 8
D 590 63 2 588 135 589 29
D 586 67 2 587 393 590 8
D 597 117 2 190 226 192 8
D 596 115 2 188 597 193 8
D 599 117 2 190 191 192 226
D 598 115 2 188 599 193 29
D 595 119 3 596 194 508 304 598 8
D 594 113 5 179 595 550 265 456 354 408 400 552 8
D 603 121 2 196 223 198 8
D 604 127 2 200 504 220 8
D 605 121 2 196 197 198 29
D 602 123 2 603 604 605 8
D 601 119 2 187 602 224 8
D 600 113 2 179 601 227 8
D 593 107 6 406 594 261 553 311 499 168 600 361 449 412 8
D 592 99 2 153 593 234 8
D 608 95 2 164 160 159 8
D 607 93 2 154 608 165 8
D 610 95 2 159 467 164 236
D 609 93 3 154 610 564 235 565 29
D 606 99 5 607 167 560 260 515 301 462 352 609 8
D 591 89 7 138 592 460 606 277 547 317 497 365 447 415 397 468 8
D 612 63 3 106 473 588 110 115 8
D 613 63 3 106 475 588 135 115 29
D 611 67 3 612 422 105 567 613 29
D 585 79 10 586 137 541 258 491 299 441 350 390 396 346 446 293 496 254 546 104 591 611 8
D 616 45 2 79 78 77 102
D 615 43 3 72 616 524 76 528 8
D 618 45 2 79 102 77 8
D 617 43 3 72 618 524 101 528 29
D 614 47 3 71 425 615 477 617 29
D 579 59 10 580 103 535 253 485 292 434 345 384 389 341 440 70 490 247 540 287 585 614 8
D 622 33 2 57 63 55 8
D 623 33 2 57 56 55 29
D 621 35 2 622 58 623 8
D 620 31 2 49 621 64 8
D 619 27 2 37 620 66 8
D 628 53 2 91 90 89 8
D 629 53 2 91 97 89 29
D 627 55 2 628 92 629 8
D 626 51 2 249 627 252 8
D 625 47 2 71 626 100 8
D 633 61 2 107 115 109 8
D 634 61 2 107 108 109 29
D 632 63 2 633 110 634 8
D 635 63 2 633 135 634 29
D 631 67 2 632 393 635 8
D 640 97 2 161 237 163 8
D 639 95 2 159 640 164 8
D 638 93 2 154 639 165 8
D 643 97 2 161 162 163 237
D 642 95 2 159 643 164 236
D 641 93 3 154 642 564 235 565 29
D 637 99 6 638 167 607 260 560 301 515 352 462 398 641 8
D 648 115 2 193 189 188 8
D 649 115 2 188 599 193 225
D 647 119 4 648 194 596 266 508 355 649 8
D 646 113 5 179 647 550 303 456 400 408 450 552 8
D 653 121 2 198 197 196 8
D 654 121 2 198 223 196 29
D 652 123 2 653 604 654 8
D 651 119 2 187 652 224 8
D 650 113 2 179 651 227 8
D 645 107 6 406 646 311 553 361 499 261 600 168 650 412 8
D 644 99 2 153 645 234 8
D 636 89 7 460 637 138 644 277 592 317 547 365 497 415 447 468 8
D 657 61 2 109 108 107 115
D 658 61 2 109 115 107 8
D 656 63 3 106 473 657 110 658 8
D 659 63 3 106 475 657 135 658 29
D 655 67 3 656 422 105 567 659 29
D 630 79 11 631 137 586 258 541 299 491 350 441 396 390 446 346 496 293 546 254 591 104 636 655 8
D 663 53 2 91 90 89 97
D 664 53 2 91 97 89 8
D 662 55 3 663 332 88 330 664 29
D 661 51 3 377 331 249 662 378 29
D 660 47 3 615 477 71 661 617 29
D 624 59 11 625 103 580 253 535 292 485 345 434 389 384 440 341 490 70 540 247 585 287 630 660 8
L 669 38 19
D 668 37 2 59 669 61 8
D 667 35 2 337 668 338 8
D 666 31 2 49 667 64 8
D 665 27 2 37 666 66 8
D 673 99 6 638 260 607 301 560 352 515 398 462 448 641 8
D 677 119 4 648 266 596 304 508 401 649 8
D 676 113 5 179 677 550 354 456 450 408 500 552 8
D 679 103 2 176 316 171 173
D 678 101 2 169 679 177 364
D 675 107 5 361 553 406 676 311 600 261 650 678 8
D 674 99 2 153 675 234 8
D 672 89 7 460 673 277 644 138 674 317 592 365 547 415 497 468 8
D 671 79 11 631 258 586 299 541 350 491 396 441 446 390 496 346 546 293 591 254 636 104 672 655 8
D 670 59 11 625 253 580 292 535 345 485 389 434 440 384 490 341 540 70 585 247 630 287 671 660 8
D 683 37 2 61 60 59 8
D 682 35 2 337 683 338 8
D 681 31 2 49 682 64 8
D 680 27 2 37 681 66 8
D 687 99 6 638 301 607 352 560 398 515 448 462 498 641 8
D 691 119 4 648 304 596 355 508 451 649 8
D 690 113 5 179 691 550 400 456 500 408 554 552 8
D 692 101 2 177 364 169 316
D 689 107 4 361 600 406 690 311 650 692 8
D 688 99 2 153 689 234 8
D 686 89 7 460 687 317 644 277 674 138 688 365 592 415 547 468 8
D 685 79 11 631 299 586 350 541 396 491 446 441 496 390 546 346 591 293 636 254 672 104 686 655 8
D 684 59 11 625 292 580 345 535 389 485 440 434 490 384 540 341 585 70 630 247 671 287 685 660 8
D 695 25 2 45 44 43 68
D 696 21 2 41 40 39 47
D 697 21 2 41 47 39 8
D 694 23 3 38 695 696 42 697 8
D 700 37 2 59 669 61 29
D 699 35 2 337 700 338 29
D 698 31 2 49 699 64 29
D 702 29 2 52 51 50 65
D 704 33 2 55 56 57 63
D 705 37 2 59 60 61 669
D 706 33 2 55 63 57 8
D 703 35 3 704 700 337 705 706 29
D 707 29 2 52 65 50 8
D 701 31 3 702 699 49 703 707 29
D 709 25 2 45 68 43 8
D 708 23 3 38 709 696 67 697 29
D 693 27 3 694 698 37 701 708 29
D 35 39 11 36 69 333 340 379 383 427 433 479 484 529 534 574 579 619 624 665 670 680 684 693 8
D 712 3 2 5 34 7 8
D 711 1 2 3 712 9 8
D 715 11 2 17 28 19 8
D 716 11 2 17 18 19 29
D 714 13 2 715 20 716 8
D 713 9 2 11 714 30 8
D 718 3 2 5 6 7 29
D 717 1 2 3 718 9 29
D 710 5 2 711 713 717 8
D 723 99 6 638 352 607 398 560 448 515 498 462 548 641 8
D 727 119 4 648 355 596 401 508 501 649 8
D 726 113 5 179 727 550 450 456 554 408 601 552 8
D 725 107 3 361 650 406 726 364 8
D 724 99 2 153 725 234 8
D 722 89 7 460 723 365 644 317 674 277 688 138 724 415 592 468 8
D 721 79 11 631 350 586 396 541 446 491 496 441 546 390 591 346 636 293 672 254 686 104 722 655 8
D 720 59 11 625 345 580 389 535 440 485 490 434 540 384 585 341 630 70 671 247 685 287 721 660 8
D 719 39 11 36 340 333 383 379 433 427 484 479 534 529 579 574 624 619 670 665 684 680 720 693 8
D 729 1 2 9 4 3 8
D 730 1 2 9 33 3 29
D 728 5 2 729 713 730 8
D 735 99 6 638 398 607 448 560 498 515 548 462 593 641 8
D 739 119 4 648 401 596 451 508 555 649 8
D 738 113 5 179 739 550 500 456 601 408 651 552 8
D 740 101 2 169 364 177 29
D 737 107 2 406 738 740 8
D 736 99 2 153 737 234 8
D 734 89 7 415 644 460 735 365 674 317 688 277 724 138 736 468 8
D 733 79 11 631 396 586 446 541 496 491 546 441 591 390 636 346 672 293 686 254 722 104 734 655 8
D 732 59 11 625 389 580 440 535 490 485 540 434 585 384 630 341 671 70 685 247 721 287 733 660 8
D 731 39 11 36 383 333 433 379 484 427 534 479 579 529 624 574 670 619 684 665 720 680 732 693 8
D 743 3 2 7 6 5 8
D 742 1 2 3 743 9 8
D 745 3 2 7 34 5 29
D 744 1 2 3 745 9 29
D 741 5 2 742 713 744 8
D 750 99 6 638 448 607 498 560 548 515 593 462 645 641 8
D 754 119 4 648 451 596 501 508 602 649 8
D 755 109 2 185 228 180 184
D 753 113 4 179 754 550 554 456 651 755 8
D 752 107 2 406 753 740 8
D 751 99 2 153 752 234 8
D 749 89 7 415 674 460 750 365 688 317 724 277 736 138 751 468 8
D 748 79 11 631 446 586 496 541 546 491 591 441 636 390 672 346 686 293 722 254 734 104 749 655 8
D 747 59 11 625 440 580 490 535 540 485 585 434 630 384 671 341 685 70 721 247 733 287 748 660 8
D 746 39 11 36 433 333 484 379 534 427 579 479 624 529 670 574 684 619 720 665 732 680 747 693 8
D 759 11 2 19 28 17 8
D 760 11 2 19 18 17 29
D 758 13 2 759 20 760 8
D 757 9 2 11 758 30 8
D 756 5 2 2 757 32 8
D 765 99 6 638 498 607 548 560 593 515 645 462 675 641 8
D 769 119 4 648 501 596 555 508 652 649 8
D 768 113 3 179 769 550 601 228 8
D 767 107 2 406 768 740 8
D 766 99 2 153 767 234 8
D 764 89 7 415 688 460 765 365 724 317 736 277 751 138 766 468 8
D 763 79 11 631 496 586 546 541 591 491 636 441 672 390 686 346 722 293 734 254 749 104 764 655 8
D 762 59 11 625 490 580 540 535 585 485 630 434 671 384 685 341 721 70 733 247 748 287 763 660 8
D 761 39 11 36 484 333 534 379 579 427 624 479 670 529 684 574 720 619 732 665 747 680 762 693 8
D 772 7 2 14 13 12 8
D 773 7 2 14 31 12 29
D 771 9 2 772 714 773 8
D 770 5 2 2 771 32 8
D 778 99 6 638 548 607 593 560 645 515 675 462 689 641 8
D 784 117 2 190 191 192 29
D 783 115 2 188 784 193 225
D 782 119 3 648 555 596 602 783 8
D 781 113 3 179 782 550 651 228 8
D 780 107 2 406 781 740 8
D 779 99 2 153 780 234 8
D 777 89 7 415 724 460 778 365 736 317 751 277 766 138 779 468 8
D 776 79 11 631 546 586 591 541 636 491 672 441 686 390 722 346 734 293 749 254 764 104 777 655 8
D 775 59 11 625 540 580 585 535 630 485 671 434 685 384 721 341 733 70 748 247 763 287 776 660 8
D 774 39 11 36 534 333 579 379 624 427 670 479 684 529 720 574 732 619 747 665 762 680 775 693 8
D 787 7 2 12 31 14 8
D 788 7 2 12 13 14 29
D 786 9 2 787 714 788 8
D 785 5 2 2 786 32 8
D 793 99 6 638 593 607 645 560 675 515 689 462 725 641 8
D 797 119 3 648 602 596 652 783 8
D 796 113 2 179 797 227 8
D 795 107 2 406 796 740 8
D 794 99 2 153 795 234 8
D 792 89 7 415 736 460 793 365 751 317 766 277 779 138 794 468 8
D 791 79 11 631 591 586 636 541 672 491 686 441 722 390 734 346 749 293 764 254 777 104 792 655 8
D 790 59 11 625 585 580 630 535 671 485 685 434 721 384 733 341 748 70 763 247 776 287 791 660 8
D 789 39 11 36 579 333 624 379 670 427 684 479 720 529 732 574 747 619 762 665 775 680 790 693 8
D 801 15 2 26 22 21 8
D 800 13 2 715 801 716 8
D 799 9 2 11 800 30 8
D 798 5 2 2 799 32 8
D 806 99 6 638 645 607 675 560 689 515 725 462 737 641 8
D 811 115 2 193 225 188 29
D 810 119 2 648 652 811 8
D 809 113 2 179 810 227 8
D 808 107 2 406 809 740 8
D 807 99 2 153 808 234 8
D 805 89 7 415 751 460 806 365 766 317 779 277 794 138 807 468 8
D 804 79 11 631 636 586 672 541 686 491 722 441 734 390 749 346 764 293 777 254 792 104 805 655 8
D 803 59 11 625 630 580 671 535 685 485 721 434 733 384 748 341 763 70 776 247 791 287 804 660 8
D 802 39 11 36 624 333 670 379 684 427 720 479 732 529 747 574 762 619 775 665 790 680 803 693 8
D 816 17 2 25 24 23 8
D 815 15 2 21 816 26 8
D 814 13 2 715 815 716 8
D 813 9 2 11 814 30 8
D 812 5 2 2 813 32 8
D 821 99 6 638 675 607 689 560 725 515 737 462 752 641 8
D 823 85 2 149 322 144 146
D 822 83 3 139 823 419 370 420 29
D 820 89 6 415 766 460 821 365 779 317 794 277 807 822 8
D 819 79 11 631 672 586 686 541 722 491 734 441 749 390 764 346 777 293 792 254 805 104 820 655 8
D 818 59 11 625 671 580 685 535 721 485 733 434 748 384 763 341 776 70 791 247 804 287 819 660 8
D 817 39 11 36 670 333 684 379 720 427 732 479 747 529 762 574 775 619 790 665 803 680 818 693 8
L 829 18 10
D 828 17 2 23 829 25 8
D 827 15 2 21 828 26 8
D 826 13 2 715 827 716 8
D 825 9 2 11 826 30 8
D 824 5 2 2 825 32 8
D 834 99 6 638 689 607 725 560 737 515 752 462 767 641 8
D 835 83 3 419 370 139 322 420 29
D 833 89 5 415 779 460 834 365 794 317 807 835 8
D 832 79 11 631 686 586 722 541 734 491 749 441 764 390 777 346 792 293 805 254 820 104 833 655 8
D 831 59 11 625 685 580 721 535 733 485 748 434 763 384 776 341 791 70 804 247 819 287 832 660 8
D 830 39 11 36 684 333 720 379 732 427 747 479 762 529 775 574 790 619 803 665 818 680 831 693 8
D 840 17 2 23 24 25 829
D 841 17 2 23 829 25 29
D 839 15 2 21 840 26 841
D 842 11 2 19 28 17 18
D 843 15 2 21 841 26 29
D 844 11 2 19 18 17 8
D 838 13 3 715 839 842 843 844 29
D 845 7 2 14 13 12 31
D 846 13 2 715 843 716 29
D 847 7 2 14 31 12 8
D 837 9 3 11 838 845 846 847 29
D 849 3 2 7 6 5 34
D 848 1 2 3 849 9 4
D 850 9 2 11 846 30 29
D 852 3 2 7 34 5 8
D 851 1 2 3 852 9 33
D 836 5 3 2 837 848 850 851 29
D 0 19 11 1 35 710 719 728 731 741 746 756 761 770 774 785 789 798 802 812 817 824 830 836 8
