c ids of sdd nodes start at 0
c sdd nodes appear bottom-up, children before parents
c
c file syntax:
c sdd count-of-sdd-nodes
c F id-of-false-sdd-node
c T id-of-true-sdd-node
c L id-of-literal-sdd-node id-of-vtree literal
c D id-of-decomposition-sdd-node id-of-vtree number-of-elements {id-of-prime id-of-sub}*
c
sdd 851
L 3 0 -3
L 5 2 -4
L 6 4 -2
L 7 2 4
F 8
D 4 3 2 5 6 7 8
L 9 0 3
D 2 1 2 3 4 9 8
L 12 6 -6
L 13 8 -7
L 14 6 6
D 11 7 2 12 13 14 8
L 17 10 -5
L 18 12 1
L 19 10 5
D 16 11 2 17 18 19 8
L 21 14 -8
L 23 16 -9
L 24 18 -10
L 25 16 9
D 22 17 2 23 24 25 8
L 26 14 8
D 20 15 2 21 22 26 8
L 28 12 -1
T 29
D 27 11 2 17 28 19 29
D 15 13 2 16 20 27 8
L 31 8 7
D 30 7 2 12 31 14 29
D 10 9 2 11 15 30 8
L 34 4 2
D 33 3 2 5 34 7 29
D 32 1 2 3 33 9 29
D 1 5 2 2 10 32 8
L 39 20 -14
L 40 22 -15
L 41 20 14
D 38 21 2 39 40 41 8
L 43 24 -16
L 44 26 -17
L 45 24 16
D 42 25 2 43 44 45 8
L 47 22 15
D 46 21 2 39 47 41 29
D 37 23 2 38 42 46 8
L 50 28 -13
L 51 30 -12
L 52 28 13
D 49 29 2 50 51 52 8
L 55 32 11
L 56 34 -18
L 57 32 -11
D 54 33 2 55 56 57 8
L 59 36 -20
L 60 38 -19
L 61 36 20
D 58 37 2 59 60 61 8
L 63 34 18
D 62 33 2 55 63 57 29
D 53 35 2 54 58 62 8
L 65 30 12
D 64 29 2 50 65 52 29
D 48 31 2 49 53 64 8
L 68 26 17
D 67 25 2 43 68 45 29
D 66 23 2 38 67 46 29
D 36 27 2 37 48 66 8
L 73 40 -34
L 74 42 -35
L 75 40 34
D 72 41 2 73 74 75 8
L 77 44 -32
L 78 46 -33
L 79 44 32
D 76 45 2 77 78 79 8
L 81 42 35
D 80 41 2 73 81 75 29
D 71 43 2 72 76 80 8
L 84 48 -37
L 85 50 -38
L 86 48 37
D 83 49 2 84 85 86 8
L 89 52 -31
L 90 54 -36
L 91 52 31
D 88 53 2 89 90 91 8
L 93 56 39
L 94 58 -40
L 95 56 -39
D 92 57 2 93 94 95 8
L 97 54 36
D 96 53 2 89 97 91 29
D 87 55 2 88 92 96 8
L 99 50 38
D 98 49 2 84 99 86 29
D 82 51 2 83 87 98 8
L 102 46 33
D 101 45 2 77 102 79 29
D 100 43 2 72 101 80 29
D 70 47 2 71 82 100 8
L 107 60 -22
L 108 62 -21
L 109 60 22
D 106 61 2 107 108 109 8
L 111 64 -25
L 112 66 -26
L 113 64 25
D 110 65 2 111 112 113 8
L 115 62 21
D 114 61 2 107 115 109 29
D 105 63 2 106 110 114 8
L 118 68 -27
L 119 70 -28
L 120 68 27
D 117 69 2 118 119 120 8
L 123 72 -23
L 124 74 -24
L 125 72 23
D 122 73 2 123 124 125 8
L 127 76 30
L 128 78 -29
L 129 76 -30
D 126 77 2 127 128 129 8
L 131 74 24
D 130 73 2 123 131 125 29
D 121 75 2 122 126 130 8
L 133 70 28
D 132 69 2 118 133 120 29
D 116 71 2 117 121 132 8
L 136 66 26
D 135 65 2 111 136 113 29
D 134 63 2 106 135 114 29
D 104 67 2 105 116 134 8
L 140 80 -46
L 141 82 -47
L 142 80 46
D 139 81 2 140 141 142 8
L 144 84 -48
L 146 86 50
L 147 88 -49
L 148 86 -50
D 145 87 2 146 147 148 8
L 149 84 48
D 143 85 2 144 145 149 8
L 151 82 47
D 150 81 2 140 151 142 29
D 138 83 2 139 143 150 8
L 155 90 -43
L 156 92 -44
L 157 90 43
D 154 91 2 155 156 157 8
L 159 94 -42
L 161 96 -45
L 162 98 -41
L 163 96 45
D 160 97 2 161 162 163 8
L 164 94 42
D 158 95 2 159 160 164 8
L 166 92 44
D 165 91 2 155 166 157 29
D 153 93 2 154 158 165 8
L 169 100 -57
L 171 102 -58
L 173 104 60
L 174 106 -59
L 175 104 -60
D 172 105 2 173 174 175 8
L 176 102 58
D 170 103 2 171 172 176 8
L 177 100 57
D 168 101 2 169 170 177 8
L 180 108 -53
L 182 110 -56
L 183 112 -55
L 184 110 56
D 181 111 2 182 183 184 8
L 185 108 53
D 179 109 2 180 181 185 8
L 188 114 -51
L 190 116 -54
L 191 118 -52
L 192 116 54
D 189 117 2 190 191 192 8
L 193 114 51
D 187 115 2 188 189 193 8
L 196 120 -61
L 197 122 -62
L 198 120 61
D 195 121 2 196 197 198 8
L 201 124 -63
L 202 126 -64
L 203 124 63
D 200 125 2 201 202 203 8
L 205 128 -65
L 207 130 -66
L 209 132 -67
L 211 134 -68
L 213 136 -69
L 214 138 70
L 215 136 69
D 212 137 2 213 214 215 8
L 216 134 68
D 210 135 2 211 212 216 8
L 217 132 67
D 208 133 2 209 210 217 8
L 218 130 66
D 206 131 2 207 208 218 8
L 219 128 65
D 204 129 2 205 206 219 8
L 221 126 64
D 220 125 2 201 221 203 29
D 199 127 2 200 204 220 8
L 223 122 62
D 222 121 2 196 223 198 29
D 194 123 2 195 199 222 8
L 226 118 52
D 225 117 2 190 226 192 29
D 224 115 2 188 225 193 29
D 186 119 2 187 194 224 8
L 229 112 55
D 228 111 2 182 229 184 29
D 227 109 2 180 228 185 29
D 178 113 2 179 186 227 8
L 233 106 59
D 232 105 2 173 233 175 29
D 231 103 2 171 232 176 29
D 230 101 2 169 231 177 29
D 167 107 2 168 178 230 8
L 237 98 41
D 236 97 2 161 237 163 29
D 235 95 2 159 236 164 29
D 234 93 2 154 235 165 29
D 152 99 2 153 167 234 8
L 241 88 49
D 240 87 2 146 241 148 29
D 239 85 2 144 240 149 29
D 238 83 2 139 239 150 29
D 137 89 2 138 152 238 8
L 246 78 29
D 245 77 2 127 246 129 29
D 244 75 2 122 245 130 29
D 243 71 2 117 244 132 29
D 242 67 2 105 243 134 29
D 103 79 2 104 137 242 8
L 251 58 40
D 250 57 2 95 251 93 8
D 249 55 2 88 250 96 8
D 248 51 2 83 249 98 8
D 247 47 2 71 248 100 8
D 256 77 2 129 246 127 8
D 255 75 2 122 256 130 8
D 254 71 2 117 255 132 8
D 253 67 2 105 254 134 8
D 262 105 2 175 233 173 8
D 261 103 2 171 262 176 8
D 260 101 2 169 261 177 8
L 272 138 -70
D 271 137 2 215 272 213 8
D 270 135 2 211 271 216 8
D 269 133 2 209 270 217 8
D 268 131 2 207 269 218 8
D 267 129 2 205 268 219 8
D 266 127 2 200 267 220 8
D 265 123 2 195 266 222 8
D 264 119 2 187 265 224 8
D 263 113 2 179 264 227 8
D 275 105 2 175 174 173 233
D 274 103 2 171 275 176 29
D 273 101 2 169 274 177 29
D 259 107 3 260 178 168 263 273 8
D 258 99 2 153 259 234 8
D 278 87 2 148 241 146 8
D 277 85 2 144 278 149 8
D 276 83 2 139 277 150 8
D 281 87 2 148 147 146 241
D 280 85 2 144 281 149 29
D 279 83 2 139 280 150 29
D 257 89 3 138 258 276 152 279 8
D 285 77 2 129 128 127 246
D 284 75 2 122 285 130 29
D 283 71 2 117 284 132 29
D 282 67 2 105 283 134 29
D 252 79 3 253 137 104 257 282 8
D 289 57 2 95 94 93 251
D 288 55 2 88 289 96 29
D 287 51 2 83 288 98 29
D 286 47 2 71 287 100 29
D 69 59 3 70 103 247 252 286 8
D 292 29 2 50 65 52 8
D 294 33 2 57 56 55 8
D 295 33 2 57 63 55 29
D 293 35 2 294 58 295 8
D 296 29 2 50 51 52 29
D 291 31 2 292 293 296 8
D 290 27 2 37 291 66 8
D 300 49 2 84 99 86 8
D 302 57 2 95 94 93 8
D 301 55 2 88 302 96 8
D 303 49 2 84 85 86 29
D 299 51 2 300 301 303 8
D 298 47 2 71 299 100 8
D 307 69 2 118 133 120 8
D 309 77 2 129 128 127 8
D 308 75 2 122 309 130 8
D 310 69 2 118 119 120 29
D 306 71 2 307 308 310 8
D 305 67 2 105 306 134 8
D 322 137 2 213 272 215 8
D 321 135 2 216 322 211 8
D 320 133 2 209 321 217 8
D 319 131 2 207 320 218 8
D 318 129 2 205 319 219 8
D 317 127 2 200 318 220 8
D 316 123 2 195 317 222 8
D 315 119 2 187 316 224 8
D 314 113 2 179 315 227 8
D 325 105 2 175 174 173 8
D 324 103 2 176 325 171 8
D 323 101 2 169 324 177 8
D 328 105 2 175 233 173 29
D 327 103 2 171 275 176 328
D 326 101 2 169 327 177 29
D 313 107 4 168 314 323 178 260 263 326 8
D 312 99 2 153 313 234 8
D 331 87 2 148 147 146 8
D 330 85 2 149 331 144 8
D 329 83 2 139 330 150 8
D 334 87 2 148 241 146 29
D 333 85 2 144 281 149 334
D 332 83 2 139 333 150 29
D 311 89 4 138 312 276 258 329 152 332 8
D 338 77 2 129 246 127 29
D 337 75 2 122 338 130 29
D 336 71 3 117 284 307 337 120 29
D 335 67 2 105 336 134 29
D 304 79 4 305 137 253 257 104 311 335 8
D 342 57 2 95 251 93 29
D 341 55 2 88 342 96 29
D 340 51 3 83 288 300 341 86 29
D 339 47 2 71 340 100 29
D 297 59 4 298 103 70 252 247 304 339 8
D 345 29 2 52 51 50 8
D 346 29 2 52 65 50 29
D 344 31 2 345 293 346 8
D 343 27 2 37 344 66 8
D 350 49 2 86 85 84 8
D 351 49 2 86 99 84 29
D 349 51 2 350 301 351 8
D 348 47 2 71 349 100 8
D 355 69 2 120 119 118 8
D 356 69 2 120 133 118 29
D 354 71 2 355 308 356 8
D 353 67 2 105 354 134 8
D 367 135 2 211 322 216 8
D 366 133 2 217 367 209 8
D 365 131 2 207 366 218 8
D 364 129 2 205 365 219 8
D 363 127 2 200 364 220 8
D 362 123 2 195 363 222 8
D 361 119 2 187 362 224 8
D 360 113 2 179 361 227 8
D 369 103 2 171 325 176 8
D 368 101 2 177 369 169 8
D 371 103 2 171 328 176 29
D 370 101 2 169 327 177 371
D 359 107 5 168 360 260 314 368 178 323 263 370 8
D 358 99 2 153 359 234 8
D 373 81 2 140 151 142 8
D 374 85 2 144 331 149 8
D 375 81 2 140 141 142 29
D 372 83 2 373 374 375 8
D 377 85 2 144 334 149 29
D 376 83 3 139 333 373 377 142 29
D 357 89 5 138 358 276 312 329 258 372 152 376 8
D 380 69 2 120 119 118 133
D 381 69 2 120 133 118 8
D 379 71 3 117 284 380 337 381 29
D 378 67 2 105 379 134 29
D 352 79 5 353 137 305 257 253 311 104 357 378 8
D 384 49 2 86 85 84 99
D 385 49 2 86 99 84 8
D 383 51 3 83 288 384 341 385 29
D 382 47 2 71 383 100 29
D 347 59 5 348 103 298 252 70 304 247 352 382 8
D 388 21 2 41 40 39 8
D 389 21 2 41 47 39 29
D 387 23 2 388 42 389 8
D 390 31 2 49 293 64 8
D 391 23 2 388 67 389 29
D 386 27 2 387 390 391 8
D 396 53 2 89 97 91 8
D 397 53 2 89 90 91 29
D 395 55 2 396 302 397 8
D 394 51 2 83 395 98 8
D 393 47 2 71 394 100 8
D 401 65 2 111 136 113 8
D 400 63 2 106 401 114 8
D 402 71 2 117 308 132 8
D 404 65 2 111 112 113 29
D 403 63 2 106 404 114 29
D 399 67 2 400 402 403 8
D 414 133 2 209 367 217 8
D 413 131 2 218 414 207 8
D 412 129 2 205 413 219 8
D 411 127 2 200 412 220 8
D 410 123 2 195 411 222 8
D 409 119 2 187 410 224 8
D 408 113 2 179 409 227 8
D 415 101 2 169 369 177 8
D 418 111 2 184 183 182 8
D 417 109 2 180 418 185 8
D 420 111 2 184 229 182 29
D 419 109 2 180 420 185 29
D 416 113 2 417 186 419 8
D 423 105 2 173 233 175 8
D 422 103 2 171 423 176 328
D 421 101 2 169 422 177 371
D 407 107 6 168 408 415 416 260 360 323 314 368 263 421 8
D 406 99 2 153 407 234 8
D 425 81 2 142 141 140 8
D 426 81 2 142 151 140 29
D 424 83 2 425 374 426 8
D 428 81 2 142 141 140 151
D 429 81 2 142 151 140 8
D 427 83 3 139 333 428 377 429 29
D 405 89 6 138 406 276 358 329 312 372 258 424 152 427 8
D 431 71 2 117 337 132 29
D 432 63 2 106 113 114 29
D 430 67 3 105 379 400 431 432 29
D 398 79 6 399 137 353 257 305 311 253 357 104 405 430 8
D 435 55 3 396 342 88 289 91 29
D 434 51 3 83 435 384 341 385 29
D 433 47 2 71 434 100 29
D 392 59 6 393 103 348 252 298 304 70 352 247 398 433 8
D 438 21 2 39 47 41 8
D 439 21 2 39 40 41 29
D 437 23 2 438 42 439 8
D 440 23 2 438 67 439 29
D 436 27 2 437 390 440 8
D 444 41 2 73 81 75 8
D 445 41 2 73 74 75 29
D 443 43 2 444 76 445 8
D 446 51 2 83 301 98 8
D 447 43 2 444 101 445 29
D 442 47 2 443 446 447 8
D 451 65 2 113 112 111 8
D 450 63 2 106 451 114 8
D 453 65 2 113 136 111 29
D 452 63 2 106 453 114 29
D 449 67 2 450 402 452 8
D 462 131 2 207 414 218 8
D 461 129 2 219 462 205 8
D 460 127 2 200 461 220 8
D 459 123 2 195 460 222 8
D 458 119 2 187 459 224 8
D 457 113 2 179 458 227 8
D 465 111 2 182 229 184 8
D 464 109 2 180 465 185 8
D 467 111 2 182 183 184 229
D 466 109 2 180 467 185 29
D 463 113 3 417 264 464 186 466 8
D 456 107 6 168 457 415 463 260 408 323 360 368 314 421 8
D 455 99 2 153 456 234 8
D 468 83 2 139 374 150 8
D 472 97 2 163 162 161 8
D 471 95 2 159 472 164 8
D 470 93 2 154 471 165 8
D 475 97 2 163 237 161 29
D 474 95 2 159 475 164 29
D 473 93 2 154 474 165 29
D 469 99 2 470 167 473 8
D 478 87 2 146 241 148 8
D 477 85 2 144 478 149 334
D 476 83 3 139 477 428 377 429 29
D 454 89 7 138 455 468 469 276 406 329 358 372 312 424 258 476 8
D 481 65 2 113 112 111 136
D 480 63 2 106 481 114 8
D 483 65 2 113 136 111 8
D 482 63 2 106 483 114 29
D 479 67 3 105 379 480 431 482 29
D 448 79 7 449 137 399 257 353 311 305 357 253 405 104 454 479 8
D 485 51 2 83 341 98 29
D 486 43 2 73 101 75 29
D 484 47 3 71 434 443 485 486 29
D 441 59 7 442 103 393 252 348 304 298 352 70 398 247 448 484 8
D 489 25 2 45 44 43 8
D 488 23 2 38 489 46 8
D 491 25 2 45 68 43 29
D 490 23 2 38 491 46 29
D 487 27 2 488 390 490 8
D 495 41 2 75 74 73 8
D 496 41 2 75 81 73 29
D 494 43 2 495 76 496 8
D 497 43 2 495 101 496 29
D 493 47 2 494 446 497 8
D 502 73 2 123 131 125 8
D 503 73 2 123 124 125 29
D 501 75 2 502 309 503 8
D 500 71 2 117 501 132 8
D 499 67 2 105 500 134 8
D 511 125 2 201 221 203 8
D 512 129 2 205 462 219 8
D 513 125 2 201 202 203 29
D 510 127 2 511 512 513 8
D 509 123 2 195 510 222 8
D 508 119 2 187 509 224 8
D 507 113 2 179 508 227 8
D 517 117 2 192 191 190 8
D 516 115 2 188 517 193 8
D 519 117 2 192 226 190 29
D 518 115 2 188 519 193 29
D 515 119 2 516 194 518 8
D 521 111 2 184 229 182 8
D 520 109 2 180 521 185 29
D 514 113 4 464 264 179 515 417 315 520 8
D 506 107 6 168 507 415 514 260 457 323 408 368 360 421 8
D 505 99 2 153 506 234 8
D 524 91 2 155 166 157 8
D 525 91 2 155 156 157 29
D 523 93 2 524 158 525 8
D 526 93 3 154 474 524 235 157 29
D 522 99 3 523 167 470 259 526 8
D 504 89 7 138 505 468 522 276 455 329 406 372 358 424 312 476 8
D 529 75 3 502 338 122 285 125 29
D 528 71 3 117 529 380 337 381 29
D 527 67 3 105 528 480 431 482 29
D 498 79 8 499 137 449 257 399 311 353 357 305 405 253 454 104 504 527 8
D 532 41 2 75 74 73 81
D 533 41 2 73 74 75 81
D 531 43 2 532 76 533 8
D 535 41 2 75 74 73 29
D 536 41 2 75 81 73 8
D 534 43 2 535 101 536 29
D 530 47 3 71 434 531 485 534 29
D 492 59 8 493 103 442 252 393 304 348 352 298 398 70 448 247 498 530 8
D 539 25 2 43 68 45 8
D 538 23 2 38 539 46 8
D 541 25 2 43 44 45 29
D 540 23 2 38 541 46 29
D 537 27 2 538 390 540 8
D 545 45 2 77 102 79 8
D 544 43 2 72 545 80 8
D 547 45 2 77 78 79 29
D 546 43 2 72 547 80 29
D 543 47 2 544 446 546 8
D 552 73 2 125 124 123 8
D 553 73 2 125 131 123 29
D 551 75 2 552 309 553 8
D 550 71 2 117 551 132 8
D 549 67 2 105 550 134 8
D 558 109 2 185 181 180 8
D 559 119 2 516 265 518 8
D 560 109 2 180 521 185 228
D 557 113 5 464 315 558 186 179 559 417 361 560 8
D 565 125 2 203 202 201 8
D 566 125 2 203 221 201 29
D 564 127 2 565 512 566 8
D 563 123 2 195 564 222 8
D 562 119 2 187 563 224 8
D 561 113 2 179 562 227 8
D 556 107 6 415 557 168 561 260 507 323 457 368 408 421 8
D 555 99 2 153 556 234 8
D 569 91 2 157 156 155 8
D 570 91 2 157 166 155 29
D 568 93 2 569 158 570 8
D 572 91 2 157 156 155 166
D 573 91 2 157 166 155 8
D 571 93 3 154 474 572 235 573 29
D 567 99 4 568 167 523 259 470 313 571 8
D 554 89 7 138 555 468 567 276 505 329 455 372 406 424 358 476 8
D 577 73 2 125 124 123 131
D 578 73 2 125 131 123 8
D 576 75 3 577 338 122 285 578 29
D 575 71 3 380 337 117 576 381 29
D 574 67 3 480 431 105 575 482 29
D 548 79 9 549 137 499 257 449 311 399 357 353 405 305 454 253 504 104 554 574 8
D 580 43 3 72 545 532 76 536 8
D 581 43 3 532 101 72 79 536 29
D 579 47 3 71 434 580 485 581 29
D 542 59 9 543 103 493 252 442 304 393 352 348 398 298 448 70 498 247 548 579 8
D 585 33 2 57 63 55 8
D 586 33 2 57 56 55 29
D 584 35 2 585 58 586 8
D 583 31 2 49 584 64 8
D 582 27 2 37 583 66 8
D 590 45 2 79 78 77 8
D 589 43 2 72 590 80 8
D 592 45 2 79 102 77 29
D 591 43 2 72 592 80 29
D 588 47 2 589 446 591 8
D 596 61 2 109 108 107 8
D 597 61 2 109 115 107 29
D 595 63 2 596 110 597 8
D 598 63 2 596 135 597 29
D 594 67 2 595 402 598 8
D 605 117 2 190 226 192 8
D 604 115 2 188 605 193 8
D 607 117 2 190 191 192 226
D 606 115 2 188 607 193 29
D 603 119 3 604 194 516 316 606 8
D 602 113 5 179 603 558 264 464 361 417 409 560 8
D 611 121 2 196 223 198 8
D 612 127 2 200 512 220 8
D 613 121 2 196 197 198 29
D 610 123 2 611 612 613 8
D 609 119 2 187 610 224 8
D 608 113 2 179 609 227 8
D 601 107 6 415 602 260 561 323 507 168 608 368 457 421 8
D 600 99 2 153 601 234 8
D 616 95 2 164 160 159 8
D 615 93 2 154 616 165 8
D 618 95 2 159 475 164 236
D 617 93 3 154 618 572 235 573 29
D 614 99 5 615 167 568 259 523 313 470 359 617 8
D 599 89 7 138 600 468 614 276 555 329 505 372 455 424 406 476 8
D 620 63 3 106 481 596 110 115 8
D 621 63 3 106 483 596 135 115 29
D 619 67 3 620 431 105 575 621 29
D 593 79 10 594 137 549 257 499 311 449 357 399 405 353 454 305 504 253 554 104 599 619 8
D 624 45 2 79 78 77 102
D 623 43 3 72 624 532 76 536 8
D 626 45 2 79 102 77 8
D 625 43 3 72 626 532 101 536 29
D 622 47 3 71 434 623 485 625 29
D 587 59 10 588 103 543 252 493 304 442 352 393 398 348 448 298 498 70 548 247 593 622 8
L 631 38 19
D 630 37 2 59 631 61 8
D 629 35 2 294 630 295 8
D 628 31 2 49 629 64 8
D 627 27 2 37 628 66 8
D 636 53 2 91 90 89 8
D 637 53 2 91 97 89 29
D 635 55 2 636 302 637 8
D 634 51 2 83 635 98 8
D 633 47 2 71 634 100 8
D 641 61 2 107 115 109 8
D 642 61 2 107 108 109 29
D 640 63 2 641 110 642 8
D 643 63 2 641 135 642 29
D 639 67 2 640 402 643 8
D 648 97 2 161 237 163 8
D 647 95 2 159 648 164 8
D 646 93 2 154 647 165 8
D 651 97 2 161 162 163 237
D 650 95 2 159 651 164 236
D 649 93 3 154 650 572 235 573 29
D 645 99 6 646 167 615 259 568 313 523 359 470 407 649 8
D 656 115 2 193 189 188 8
D 657 115 2 188 607 193 225
D 655 119 4 656 194 604 265 516 362 657 8
D 654 113 5 179 655 558 315 464 409 417 458 560 8
D 661 121 2 198 197 196 8
D 662 121 2 198 223 196 29
D 660 123 2 661 612 662 8
D 659 119 2 187 660 224 8
D 658 113 2 179 659 227 8
D 653 107 6 415 654 323 561 368 507 260 608 168 658 421 8
D 652 99 2 153 653 234 8
D 644 89 7 468 645 138 652 276 600 329 555 372 505 424 455 476 8
D 665 61 2 109 108 107 115
D 666 61 2 109 115 107 8
D 664 63 3 106 481 665 110 666 8
D 667 63 3 106 483 665 135 666 29
D 663 67 3 664 431 105 575 667 29
D 638 79 11 639 137 594 257 549 311 499 357 449 405 399 454 353 504 305 554 253 599 104 644 663 8
D 671 53 2 91 90 89 97
D 672 53 2 91 97 89 8
D 670 55 3 671 342 88 289 672 29
D 669 51 3 384 341 83 670 385 29
D 668 47 3 623 485 71 669 625 29
D 632 59 11 633 103 588 252 543 304 493 352 442 398 393 448 348 498 298 548 70 593 247 638 668 8
D 676 37 2 61 60 59 8
D 675 35 2 294 676 295 8
D 674 31 2 49 675 64 8
D 673 27 2 37 674 66 8
D 680 99 6 646 259 615 313 568 359 523 407 470 456 649 8
D 684 119 4 656 265 604 316 516 410 657 8
D 683 113 5 179 684 558 361 464 458 417 508 560 8
D 686 103 2 176 328 171 173
D 685 101 2 169 686 177 371
D 682 107 5 368 561 415 683 323 608 260 658 685 8
D 681 99 2 153 682 234 8
D 679 89 7 468 680 276 652 138 681 329 600 372 555 424 505 476 8
D 678 79 11 639 257 594 311 549 357 499 405 449 454 399 504 353 554 305 599 253 644 104 679 663 8
D 677 59 11 633 252 588 304 543 352 493 398 442 448 393 498 348 548 298 593 70 638 247 678 668 8
D 689 25 2 45 44 43 68
D 690 21 2 41 40 39 47
D 691 21 2 41 47 39 8
D 688 23 3 38 689 690 42 691 8
D 694 37 2 59 631 61 29
D 693 35 2 294 694 295 29
D 692 31 2 49 693 64 29
D 696 29 2 52 51 50 65
D 698 33 2 55 56 57 63
D 699 37 2 59 60 61 631
D 700 33 2 55 63 57 8
D 697 35 3 698 694 294 699 700 29
D 701 29 2 52 65 50 8
D 695 31 3 696 693 49 697 701 29
D 703 25 2 45 68 43 8
D 702 23 3 38 703 690 67 691 29
D 687 27 3 688 692 37 695 702 29
D 35 39 11 36 69 290 297 343 347 386 392 436 441 487 492 537 542 582 587 627 632 673 677 687 8
D 706 3 2 5 34 7 8
D 705 1 2 3 706 9 8
D 709 11 2 17 28 19 8
D 710 11 2 17 18 19 29
D 708 13 2 709 20 710 8
D 707 9 2 11 708 30 8
D 712 3 2 5 6 7 29
D 711 1 2 3 712 9 29
D 704 5 2 705 707 711 8
D 717 99 6 646 313 615 359 568 407 523 456 470 506 649 8
D 721 119 4 656 316 604 362 516 459 657 8
D 720 113 5 179 721 558 409 464 508 417 562 560 8
D 722 101 2 177 371 169 328
D 719 107 4 368 608 415 720 323 658 722 8
D 718 99 2 153 719 234 8
D 716 89 7 468 717 329 652 276 681 138 718 372 600 424 555 476 8
D 715 79 11 639 311 594 357 549 405 499 454 449 504 399 554 353 599 305 644 253 679 104 716 663 8
D 714 59 11 633 304 588 352 543 398 493 448 442 498 393 548 348 593 298 638 70 678 247 715 668 8
D 713 39 11 36 297 290 347 343 392 386 441 436 492 487 542 537 587 582 632 627 677 673 714 687 8
D 724 1 2 9 4 3 8
D 725 1 2 9 33 3 29
D 723 5 2 724 707 725 8
D 730 99 6 646 359 615 407 568 456 523 506 470 556 649 8
D 734 119 4 656 362 604 410 516 509 657 8
D 733 113 5 179 734 558 458 464 562 417 609 560 8
D 732 107 3 368 658 415 733 371 8
D 731 99 2 153 732 234 8
D 729 89 7 468 730 372 652 329 681 276 718 138 731 424 600 476 8
D 728 79 11 639 357 594 405 549 454 499 504 449 554 399 599 353 644 305 679 253 716 104 729 663 8
D 727 59 11 633 352 588 398 543 448 493 498 442 548 393 593 348 638 298 678 70 715 247 728 668 8
D 726 39 11 36 347 290 392 343 441 386 492 436 542 487 587 537 632 582 677 627 714 673 727 687 8
D 737 3 2 7 6 5 8
D 736 1 2 3 737 9 8
D 739 3 2 7 34 5 29
D 738 1 2 3 739 9 29
D 735 5 2 736 707 738 8
D 744 99 6 646 407 615 456 568 506 523 556 470 601 649 8
D 748 119 4 656 410 604 459 516 563 657 8
D 747 113 5 179 748 558 508 464 609 417 659 560 8
D 749 101 2 169 371 177 29
D 746 107 2 415 747 749 8
D 745 99 2 153 746 234 8
D 743 89 7 424 652 468 744 372 681 329 718 276 731 138 745 476 8
D 742 79 11 639 405 594 454 549 504 499 554 449 599 399 644 353 679 305 716 253 729 104 743 663 8
D 741 59 11 633 398 588 448 543 498 493 548 442 593 393 638 348 678 298 715 70 728 247 742 668 8
D 740 39 11 36 392 290 441 343 492 386 542 436 587 487 632 537 677 582 714 627 727 673 741 687 8
D 753 11 2 19 28 17 8
D 754 11 2 19 18 17 29
D 752 13 2 753 20 754 8
D 751 9 2 11 752 30 8
D 750 5 2 2 751 32 8
D 759 99 6 646 456 615 506 568 556 523 601 470 653 649 8
D 763 119 4 656 459 604 509 516 610 657 8
D 764 109 2 185 228 180 184
D 762 113 4 179 763 558 562 464 659 764 8
D 761 107 2 415 762 749 8
D 760 99 2 153 761 234 8
D 758 89 7 424 681 468 759 372 718 329 731 276 745 138 760 476 8
D 757 79 11 639 454 594 504 549 554 499 599 449 644 399 679 353 716 305 729 253 743 104 758 663 8
D 756 59 11 633 448 588 498 543 548 493 593 442 638 393 678 348 715 298 728 70 742 247 757 668 8
D 755 39 11 36 441 290 492 343 542 386 587 436 632 487 677 537 714 582 727 627 741 673 756 687 8
D 767 7 2 14 13 12 8
D 768 7 2 14 31 12 29
D 766 9 2 767 708 768 8
D 765 5 2 2 766 32 8
D 773 99 6 646 506 615 556 568 601 523 653 470 682 649 8
D 777 119 4 656 509 604 563 516 660 657 8
D 776 113 3 179 777 558 609 228 8
D 775 107 2 415 776 749 8
D 774 99 2 153 775 234 8
D 772 89 7 424 718 468 773 372 731 329 745 276 760 138 774 476 8
D 771 79 11 639 504 594 554 549 599 499 644 449 679 399 716 353 729 305 743 253 758 104 772 663 8
D 770 59 11 633 498 588 548 543 593 493 638 442 678 393 715 348 728 298 742 70 757 247 771 668 8
D 769 39 11 36 492 290 542 343 587 386 632 436 677 487 714 537 727 582 741 627 756 673 770 687 8
D 780 7 2 12 31 14 8
D 781 7 2 12 13 14 29
D 779 9 2 780 708 781 8
D 778 5 2 2 779 32 8
D 786 99 6 646 556 615 601 568 653 523 682 470 719 649 8
D 792 117 2 190 191 192 29
D 791 115 2 188 792 193 225
D 790 119 3 656 563 604 610 791 8
D 789 113 3 179 790 558 659 228 8
D 788 107 2 415 789 749 8
D 787 99 2 153 788 234 8
D 785 89 7 424 731 468 786 372 745 329 760 276 774 138 787 476 8
D 784 79 11 639 554 594 599 549 644 499 679 449 716 399 729 353 743 305 758 253 772 104 785 663 8
D 783 59 11 633 548 588 593 543 638 493 678 442 715 393 728 348 742 298 757 70 771 247 784 668 8
D 782 39 11 36 542 290 587 343 632 386 677 436 714 487 727 537 741 582 756 627 770 673 783 687 8
D 796 15 2 26 22 21 8
D 795 13 2 709 796 710 8
D 794 9 2 11 795 30 8
D 793 5 2 2 794 32 8
D 801 99 6 646 601 615 653 568 682 523 719 470 732 649 8
D 805 119 3 656 610 604 660 791 8
D 804 113 2 179 805 227 8
D 803 107 2 415 804 749 8
D 802 99 2 153 803 234 8
D 800 89 7 424 745 468 801 372 760 329 774 276 787 138 802 476 8
D 799 79 11 639 599 594 644 549 679 499 716 449 729 399 743 353 758 305 772 253 785 104 800 663 8
D 798 59 11 633 593 588 638 543 678 493 715 442 728 393 742 348 757 298 771 70 784 247 799 668 8
D 797 39 11 36 587 290 632 343 677 386 714 436 727 487 741 537 756 582 770 627 783 673 798 687 8
D 810 17 2 25 24 23 8
D 809 15 2 21 810 26 8
D 808 13 2 709 809 710 8
D 807 9 2 11 808 30 8
D 806 5 2 2 807 32 8
D 815 99 6 646 653 615 682 568 719 523 732 470 746 649 8
D 820 115 2 193 225 188 29
D 819 119 2 656 660 820 8
D 818 113 2 179 819 227 8
D 817 107 2 415 818 749 8
D 816 99 2 153 817 234 8
D 814 89 7 424 760 468 815 372 774 329 787 276 802 138 816 476 8
D 813 79 11 639 644 594 679 549 716 499 729 449 743 399 758 353 772 305 785 253 800 104 814 663 8
D 812 59 11 633 638 588 678 543 715 493 728 442 742 393 757 348 771 298 784 70 799 247 813 668 8
D 811 39 11 36 632 290 677 343 714 386 727 436 741 487 756 537 770 582 783 627 798 673 812 687 8
L 826 18 10
D 825 17 2 23 826 25 8
D 824 15 2 21 825 26 8
D 823 13 2 709 824 710 8
D 822 9 2 11 823 30 8
D 821 5 2 2 822 32 8
D 831 99 6 646 682 615 719 568 732 523 746 470 761 649 8
D 833 85 2 149 334 144 146
D 832 83 3 139 833 428 377 429 29
D 830 89 6 424 774 468 831 372 787 329 802 276 816 832 8
D 829 79 11 639 679 594 716 549 729 499 743 449 758 399 772 353 785 305 800 253 814 104 830 663 8
D 828 59 11 633 678 588 715 543 728 493 742 442 757 393 771 348 784 298 799 70 813 247 829 668 8
D 827 39 11 36 677 290 714 343 727 386 741 436 756 487 770 537 783 582 798 627 812 673 828 687 8
D 838 17 2 23 24 25 826
D 839 17 2 23 826 25 29
D 837 15 2 21 838 26 839
D 840 11 2 19 28 17 18
D 841 15 2 21 839 26 29
D 842 11 2 19 18 17 8
D 836 13 3 709 837 840 841 842 29
D 843 7 2 14 13 12 31
D 844 13 2 709 841 710 29
D 845 7 2 14 31 12 8
D 835 9 3 11 836 843 844 845 29
D 847 3 2 7 6 5 34
D 846 1 2 3 847 9 4
D 848 9 2 11 844 30 29
D 850 3 2 7 34 5 8
D 849 1 2 3 850 9 33
D 834 5 3 2 835 846 848 849 29
D 0 19 11 1 35 704 713 723 726 735 740 750 755 765 769 778 782 793 797 806 811 821 827 834 8
