c ids of sdd nodes start at 0
c sdd nodes appear bottom-up, children before parents
c
c file syntax:
c sdd count-of-sdd-nodes
c F id-of-false-sdd-node
c T id-of-true-sdd-node
c L id-of-literal-sdd-node id-of-vtree literal
c D id-of-decomposition-sdd-node id-of-vtree number-of-elements {id-of-prime id-of-sub}*
c
sdd 844
L 3 0 -3
L 5 2 -4
L 6 4 -2
L 7 2 4
F 8
D 4 3 2 5 6 7 8
L 9 0 3
D 2 1 2 3 4 9 8
L 12 6 -6
L 13 8 -7
L 14 6 6
D 11 7 2 12 13 14 8
L 17 10 -5
L 18 12 1
L 19 10 5
D 16 11 2 17 18 19 8
L 21 14 -8
L 23 16 -9
L 24 18 -10
L 25 16 9
D 22 17 2 23 24 25 8
L 26 14 8
D 20 15 2 21 22 26 8
L 28 12 -1
T 29
D 27 11 2 17 28 19 29
D 15 13 2 16 20 27 8
L 31 8 7
D 30 7 2 12 31 14 29
D 10 9 2 11 15 30 8
L 34 4 2
D 33 3 2 5 34 7 29
D 32 1 2 3 33 9 29
D 1 5 2 2 10 32 8
L 39 20 -14
L 40 22 -15
L 41 20 14
D 38 21 2 39 40 41 8
L 43 24 -16
L 44 26 -17
L 45 24 16
D 42 25 2 43 44 45 8
L 47 22 15
D 46 21 2 39 47 41 29
D 37 23 2 38 42 46 8
L 50 28 -13
L 51 30 12
L 52 28 13
D 49 29 2 50 51 52 8
L 55 32 -11
L 56 34 -18
L 57 32 11
D 54 33 2 55 56 57 8
L 59 36 -20
L 60 38 -19
L 61 36 20
D 58 37 2 59 60 61 8
L 63 34 18
D 62 33 2 55 63 57 29
D 53 35 2 54 58 62 8
L 65 30 -12
D 64 29 2 50 65 52 29
D 48 31 2 49 53 64 8
L 68 26 17
D 67 25 2 43 68 45 29
D 66 23 2 38 67 46 29
D 36 27 2 37 48 66 8
L 73 40 -34
L 74 42 -35
L 75 40 34
D 72 41 2 73 74 75 8
L 77 44 -32
L 78 46 -33
L 79 44 32
D 76 45 2 77 78 79 8
L 81 42 35
D 80 41 2 73 81 75 29
D 71 43 2 72 76 80 8
L 84 48 -37
L 85 50 -38
L 86 48 37
D 83 49 2 84 85 86 8
L 89 52 -31
L 90 54 -36
L 91 52 31
D 88 53 2 89 90 91 8
L 93 56 -39
L 94 58 40
L 95 56 39
D 92 57 2 93 94 95 8
L 97 54 36
D 96 53 2 89 97 91 29
D 87 55 2 88 92 96 8
L 99 50 38
D 98 49 2 84 99 86 29
D 82 51 2 83 87 98 8
L 102 46 33
D 101 45 2 77 102 79 29
D 100 43 2 72 101 80 29
D 70 47 2 71 82 100 8
L 107 60 -22
L 108 62 -21
L 109 60 22
D 106 61 2 107 108 109 8
L 111 64 -25
L 112 66 -26
L 113 64 25
D 110 65 2 111 112 113 8
L 115 62 21
D 114 61 2 107 115 109 29
D 105 63 2 106 110 114 8
L 118 68 -27
L 119 70 -28
L 120 68 27
D 117 69 2 118 119 120 8
L 123 72 -23
L 124 74 -24
L 125 72 23
D 122 73 2 123 124 125 8
L 127 76 30
L 128 78 -29
L 129 76 -30
D 126 77 2 127 128 129 8
L 131 74 24
D 130 73 2 123 131 125 29
D 121 75 2 122 126 130 8
L 133 70 28
D 132 69 2 118 133 120 29
D 116 71 2 117 121 132 8
L 136 66 26
D 135 65 2 111 136 113 29
D 134 63 2 106 135 114 29
D 104 67 2 105 116 134 8
L 140 80 -46
L 141 82 -47
L 142 80 46
D 139 81 2 140 141 142 8
L 144 84 -48
L 146 86 50
L 147 88 -49
L 148 86 -50
D 145 87 2 146 147 148 8
L 149 84 48
D 143 85 2 144 145 149 8
L 151 82 47
D 150 81 2 140 151 142 29
D 138 83 2 139 143 150 8
L 155 90 -43
L 156 92 -44
L 157 90 43
D 154 91 2 155 156 157 8
L 159 94 -42
L 161 96 -45
L 162 98 -41
L 163 96 45
D 160 97 2 161 162 163 8
L 164 94 42
D 158 95 2 159 160 164 8
L 166 92 44
D 165 91 2 155 166 157 29
D 153 93 2 154 158 165 8
L 169 100 -57
L 171 102 -58
L 173 104 60
L 174 106 -59
L 175 104 -60
D 172 105 2 173 174 175 8
L 176 102 58
D 170 103 2 171 172 176 8
L 177 100 57
D 168 101 2 169 170 177 8
L 180 108 -53
L 182 110 -56
L 183 112 -55
L 184 110 56
D 181 111 2 182 183 184 8
L 185 108 53
D 179 109 2 180 181 185 8
L 188 114 -51
L 190 116 -54
L 191 118 -52
L 192 116 54
D 189 117 2 190 191 192 8
L 193 114 51
D 187 115 2 188 189 193 8
L 196 120 -61
L 197 122 -62
L 198 120 61
D 195 121 2 196 197 198 8
L 201 124 -63
L 202 126 -64
L 203 124 63
D 200 125 2 201 202 203 8
L 205 128 -65
L 207 130 -66
L 209 132 -67
L 211 134 -68
L 213 136 -69
L 214 138 70
L 215 136 69
D 212 137 2 213 214 215 8
L 216 134 68
D 210 135 2 211 212 216 8
L 217 132 67
D 208 133 2 209 210 217 8
L 218 130 66
D 206 131 2 207 208 218 8
L 219 128 65
D 204 129 2 205 206 219 8
L 221 126 64
D 220 125 2 201 221 203 29
D 199 127 2 200 204 220 8
L 223 122 62
D 222 121 2 196 223 198 29
D 194 123 2 195 199 222 8
L 226 118 52
D 225 117 2 190 226 192 29
D 224 115 2 188 225 193 29
D 186 119 2 187 194 224 8
L 229 112 55
D 228 111 2 182 229 184 29
D 227 109 2 180 228 185 29
D 178 113 2 179 186 227 8
L 233 106 59
D 232 105 2 173 233 175 29
D 231 103 2 171 232 176 29
D 230 101 2 169 231 177 29
D 167 107 2 168 178 230 8
L 237 98 41
D 236 97 2 161 237 163 29
D 235 95 2 159 236 164 29
D 234 93 2 154 235 165 29
D 152 99 2 153 167 234 8
L 241 88 49
D 240 87 2 146 241 148 29
D 239 85 2 144 240 149 29
D 238 83 2 139 239 150 29
D 137 89 2 138 152 238 8
L 246 78 29
D 245 77 2 127 246 129 29
D 244 75 2 122 245 130 29
D 243 71 2 117 244 132 29
D 242 67 2 105 243 134 29
D 103 79 2 104 137 242 8
L 251 58 -40
D 250 57 2 93 251 95 29
D 249 55 2 88 250 96 29
D 248 51 2 83 249 98 29
D 247 47 2 71 248 100 29
D 69 59 2 70 103 247 8
D 254 29 2 52 65 50 8
D 255 29 2 52 51 50 29
D 253 31 2 254 53 255 8
D 252 27 2 37 253 66 8
D 260 57 2 95 251 93 8
D 259 55 2 88 260 96 8
D 258 51 2 83 259 98 8
D 257 47 2 71 258 100 8
D 265 77 2 129 246 127 8
D 264 75 2 122 265 130 8
D 263 71 2 117 264 132 8
D 262 67 2 105 263 134 8
D 271 105 2 175 233 173 8
D 270 103 2 171 271 176 8
D 269 101 2 169 270 177 8
L 281 138 -70
D 280 137 2 215 281 213 8
D 279 135 2 211 280 216 8
D 278 133 2 209 279 217 8
D 277 131 2 207 278 218 8
D 276 129 2 205 277 219 8
D 275 127 2 200 276 220 8
D 274 123 2 195 275 222 8
D 273 119 2 187 274 224 8
D 272 113 2 179 273 227 8
D 284 105 2 175 174 173 233
D 283 103 2 171 284 176 29
D 282 101 2 169 283 177 29
D 268 107 3 269 178 168 272 282 8
D 267 99 2 153 268 234 8
D 287 87 2 148 241 146 8
D 286 85 2 144 287 149 8
D 285 83 2 139 286 150 8
D 290 87 2 148 147 146 241
D 289 85 2 144 290 149 29
D 288 83 2 139 289 150 29
D 266 89 3 138 267 285 152 288 8
D 294 77 2 129 128 127 246
D 293 75 2 122 294 130 29
D 292 71 2 117 293 132 29
D 291 67 2 105 292 134 29
D 261 79 3 262 137 104 266 291 8
D 298 57 2 93 251 95 94
D 297 55 2 88 298 96 29
D 296 51 2 83 297 98 29
D 295 47 2 71 296 100 29
D 256 59 3 257 103 70 261 295 8
D 301 21 2 41 40 39 8
D 302 21 2 41 47 39 29
D 300 23 2 301 42 302 8
D 304 29 2 50 65 52 8
D 305 29 2 50 51 52 29
D 303 31 2 304 53 305 8
D 306 23 2 301 67 302 29
D 299 27 2 300 303 306 8
D 310 49 2 84 99 86 8
D 312 57 2 93 251 95 8
D 311 55 2 88 312 96 8
D 313 49 2 84 85 86 29
D 309 51 2 310 311 313 8
D 308 47 2 71 309 100 8
D 317 69 2 118 133 120 8
D 319 77 2 129 128 127 8
D 318 75 2 122 319 130 8
D 320 69 2 118 119 120 29
D 316 71 2 317 318 320 8
D 315 67 2 105 316 134 8
D 332 137 2 213 281 215 8
D 331 135 2 216 332 211 8
D 330 133 2 209 331 217 8
D 329 131 2 207 330 218 8
D 328 129 2 205 329 219 8
D 327 127 2 200 328 220 8
D 326 123 2 195 327 222 8
D 325 119 2 187 326 224 8
D 324 113 2 179 325 227 8
D 335 105 2 175 174 173 8
D 334 103 2 176 335 171 8
D 333 101 2 169 334 177 8
D 338 105 2 175 233 173 29
D 337 103 2 171 284 176 338
D 336 101 2 169 337 177 29
D 323 107 4 168 324 333 178 269 272 336 8
D 322 99 2 153 323 234 8
D 341 87 2 148 147 146 8
D 340 85 2 149 341 144 8
D 339 83 2 139 340 150 8
D 344 87 2 148 241 146 29
D 343 85 2 144 290 149 344
D 342 83 2 139 343 150 29
D 321 89 4 138 322 285 267 339 152 342 8
D 348 77 2 129 246 127 29
D 347 75 2 122 348 130 29
D 346 71 3 117 293 317 347 120 29
D 345 67 2 105 346 134 29
D 314 79 4 315 137 262 266 104 321 345 8
D 352 57 2 93 94 95 29
D 351 55 2 88 352 96 29
D 350 51 3 83 297 310 351 86 29
D 349 47 2 71 350 100 29
D 307 59 4 308 103 257 261 70 314 349 8
D 355 21 2 39 47 41 8
D 356 21 2 39 40 41 29
D 354 23 2 355 42 356 8
D 357 23 2 355 67 356 29
D 353 27 2 354 303 357 8
D 361 49 2 86 85 84 8
D 362 49 2 86 99 84 29
D 360 51 2 361 311 362 8
D 359 47 2 71 360 100 8
D 366 69 2 120 119 118 8
D 367 69 2 120 133 118 29
D 365 71 2 366 318 367 8
D 364 67 2 105 365 134 8
D 378 135 2 211 332 216 8
D 377 133 2 217 378 209 8
D 376 131 2 207 377 218 8
D 375 129 2 205 376 219 8
D 374 127 2 200 375 220 8
D 373 123 2 195 374 222 8
D 372 119 2 187 373 224 8
D 371 113 2 179 372 227 8
D 380 103 2 171 335 176 8
D 379 101 2 177 380 169 8
D 382 103 2 171 338 176 29
D 381 101 2 169 337 177 382
D 370 107 5 168 371 269 324 379 178 333 272 381 8
D 369 99 2 153 370 234 8
D 384 81 2 140 151 142 8
D 385 85 2 144 341 149 8
D 386 81 2 140 141 142 29
D 383 83 2 384 385 386 8
D 388 85 2 144 344 149 29
D 387 83 3 139 343 384 388 142 29
D 368 89 5 138 369 285 322 339 267 383 152 387 8
D 391 69 2 120 119 118 133
D 392 69 2 120 133 118 8
D 390 71 3 117 293 391 347 392 29
D 389 67 2 105 390 134 29
D 363 79 5 364 137 315 266 262 321 104 368 389 8
D 395 49 2 86 85 84 99
D 396 49 2 86 99 84 8
D 394 51 3 83 297 395 351 396 29
D 393 47 2 71 394 100 29
D 358 59 5 359 103 308 261 257 314 70 363 393 8
D 399 25 2 45 44 43 8
D 398 23 2 38 399 46 8
D 401 25 2 45 68 43 29
D 400 23 2 38 401 46 29
D 397 27 2 398 303 400 8
D 406 53 2 89 97 91 8
D 407 53 2 89 90 91 29
D 405 55 2 406 312 407 8
D 404 51 2 83 405 98 8
D 403 47 2 71 404 100 8
D 411 65 2 111 136 113 8
D 410 63 2 106 411 114 8
D 412 71 2 117 318 132 8
D 414 65 2 111 112 113 29
D 413 63 2 106 414 114 29
D 409 67 2 410 412 413 8
D 424 133 2 209 378 217 8
D 423 131 2 218 424 207 8
D 422 129 2 205 423 219 8
D 421 127 2 200 422 220 8
D 420 123 2 195 421 222 8
D 419 119 2 187 420 224 8
D 418 113 2 179 419 227 8
D 425 101 2 169 380 177 8
D 428 111 2 184 183 182 8
D 427 109 2 180 428 185 8
D 430 111 2 184 229 182 29
D 429 109 2 180 430 185 29
D 426 113 2 427 186 429 8
D 433 105 2 173 233 175 8
D 432 103 2 171 433 176 338
D 431 101 2 169 432 177 382
D 417 107 6 168 418 425 426 269 371 333 324 379 272 431 8
D 416 99 2 153 417 234 8
D 435 81 2 142 141 140 8
D 436 81 2 142 151 140 29
D 434 83 2 435 385 436 8
D 438 81 2 142 141 140 151
D 439 81 2 142 151 140 8
D 437 83 3 139 343 438 388 439 29
D 415 89 6 138 416 285 369 339 322 383 267 434 152 437 8
D 441 71 2 117 347 132 29
D 442 63 2 106 113 114 29
D 440 67 3 105 390 410 441 442 29
D 408 79 6 409 137 364 266 315 321 262 368 104 415 440 8
D 445 55 3 406 352 88 298 91 29
D 444 51 3 83 445 395 351 396 29
D 443 47 2 71 444 100 29
D 402 59 6 403 103 359 261 308 314 257 363 70 408 443 8
D 448 25 2 43 68 45 8
D 447 23 2 38 448 46 8
D 450 25 2 43 44 45 29
D 449 23 2 38 450 46 29
D 446 27 2 447 303 449 8
D 454 41 2 73 81 75 8
D 455 41 2 73 74 75 29
D 453 43 2 454 76 455 8
D 456 51 2 83 311 98 8
D 457 43 2 454 101 455 29
D 452 47 2 453 456 457 8
D 461 65 2 113 112 111 8
D 460 63 2 106 461 114 8
D 463 65 2 113 136 111 29
D 462 63 2 106 463 114 29
D 459 67 2 460 412 462 8
D 472 131 2 207 424 218 8
D 471 129 2 219 472 205 8
D 470 127 2 200 471 220 8
D 469 123 2 195 470 222 8
D 468 119 2 187 469 224 8
D 467 113 2 179 468 227 8
D 475 111 2 182 229 184 8
D 474 109 2 180 475 185 8
D 477 111 2 182 183 184 229
D 476 109 2 180 477 185 29
D 473 113 3 427 273 474 186 476 8
D 466 107 6 168 467 425 473 269 418 333 371 379 324 431 8
D 465 99 2 153 466 234 8
D 478 83 2 139 385 150 8
D 482 97 2 163 162 161 8
D 481 95 2 159 482 164 8
D 480 93 2 154 481 165 8
D 485 97 2 163 237 161 29
D 484 95 2 159 485 164 29
D 483 93 2 154 484 165 29
D 479 99 2 480 167 483 8
D 488 87 2 146 241 148 8
D 487 85 2 144 488 149 344
D 486 83 3 139 487 438 388 439 29
D 464 89 7 138 465 478 479 285 416 339 369 383 322 434 267 486 8
D 491 65 2 113 112 111 136
D 490 63 2 106 491 114 8
D 493 65 2 113 136 111 8
D 492 63 2 106 493 114 29
D 489 67 3 105 390 490 441 492 29
D 458 79 7 459 137 409 266 364 321 315 368 262 415 104 464 489 8
D 495 51 2 83 351 98 29
D 496 43 2 73 101 75 29
D 494 47 3 71 444 453 495 496 29
D 451 59 7 452 103 403 261 359 314 308 363 257 408 70 458 494 8
D 500 33 2 55 63 57 8
D 501 33 2 55 56 57 29
D 499 35 2 500 58 501 8
D 498 31 2 304 499 305 8
D 497 27 2 37 498 66 8
D 505 41 2 75 74 73 8
D 506 41 2 75 81 73 29
D 504 43 2 505 76 506 8
D 507 43 2 505 101 506 29
D 503 47 2 504 456 507 8
D 512 73 2 123 131 125 8
D 513 73 2 123 124 125 29
D 511 75 2 512 319 513 8
D 510 71 2 117 511 132 8
D 509 67 2 105 510 134 8
D 521 125 2 201 221 203 8
D 522 129 2 205 472 219 8
D 523 125 2 201 202 203 29
D 520 127 2 521 522 523 8
D 519 123 2 195 520 222 8
D 518 119 2 187 519 224 8
D 517 113 2 179 518 227 8
D 527 117 2 192 191 190 8
D 526 115 2 188 527 193 8
D 529 117 2 192 226 190 29
D 528 115 2 188 529 193 29
D 525 119 2 526 194 528 8
D 531 111 2 184 229 182 8
D 530 109 2 180 531 185 29
D 524 113 4 474 273 179 525 427 325 530 8
D 516 107 6 168 517 425 524 269 467 333 418 379 371 431 8
D 515 99 2 153 516 234 8
D 534 91 2 155 166 157 8
D 535 91 2 155 156 157 29
D 533 93 2 534 158 535 8
D 536 93 3 154 484 534 235 157 29
D 532 99 3 533 167 480 268 536 8
D 514 89 7 138 515 478 532 285 465 339 416 383 369 434 322 486 8
D 539 75 3 512 348 122 294 125 29
D 538 71 3 117 539 391 347 392 29
D 537 67 3 105 538 490 441 492 29
D 508 79 8 509 137 459 266 409 321 364 368 315 415 262 464 104 514 537 8
D 542 41 2 75 74 73 81
D 543 41 2 73 74 75 81
D 541 43 2 542 76 543 8
D 545 41 2 75 74 73 29
D 546 41 2 75 81 73 8
D 544 43 2 545 101 546 29
D 540 47 3 71 444 541 495 544 29
D 502 59 8 503 103 452 261 403 314 359 363 308 408 257 458 70 508 540 8
L 551 38 19
D 550 37 2 59 551 61 8
D 549 35 2 54 550 62 8
D 548 31 2 304 549 305 8
D 547 27 2 37 548 66 8
D 555 45 2 77 102 79 8
D 554 43 2 72 555 80 8
D 557 45 2 77 78 79 29
D 556 43 2 72 557 80 29
D 553 47 2 554 456 556 8
D 562 73 2 125 124 123 8
D 563 73 2 125 131 123 29
D 561 75 2 562 319 563 8
D 560 71 2 117 561 132 8
D 559 67 2 105 560 134 8
D 568 109 2 185 181 180 8
D 569 119 2 526 274 528 8
D 570 109 2 180 531 185 228
D 567 113 5 474 325 568 186 179 569 427 372 570 8
D 575 125 2 203 202 201 8
D 576 125 2 203 221 201 29
D 574 127 2 575 522 576 8
D 573 123 2 195 574 222 8
D 572 119 2 187 573 224 8
D 571 113 2 179 572 227 8
D 566 107 6 425 567 168 571 269 517 333 467 379 418 431 8
D 565 99 2 153 566 234 8
D 579 91 2 157 156 155 8
D 580 91 2 157 166 155 29
D 578 93 2 579 158 580 8
D 582 91 2 157 156 155 166
D 583 91 2 157 166 155 8
D 581 93 3 154 484 582 235 583 29
D 577 99 4 578 167 533 268 480 323 581 8
D 564 89 7 138 565 478 577 285 515 339 465 383 416 434 369 486 8
D 587 73 2 125 124 123 131
D 588 73 2 125 131 123 8
D 586 75 3 587 348 122 294 588 29
D 585 71 3 391 347 117 586 392 29
D 584 67 3 490 441 105 585 492 29
D 558 79 9 559 137 509 266 459 321 409 368 364 415 315 464 262 514 104 564 584 8
D 590 43 3 72 555 542 76 546 8
D 591 43 3 542 101 72 79 546 29
D 589 47 3 71 444 590 495 591 29
D 552 59 9 553 103 503 261 452 314 403 363 359 408 308 458 257 508 70 558 589 8
D 595 37 2 61 60 59 8
D 594 35 2 54 595 62 8
D 593 31 2 304 594 305 8
D 592 27 2 37 593 66 8
D 599 45 2 79 78 77 8
D 598 43 2 72 599 80 8
D 601 45 2 79 102 77 29
D 600 43 2 72 601 80 29
D 597 47 2 598 456 600 8
D 605 61 2 109 108 107 8
D 606 61 2 109 115 107 29
D 604 63 2 605 110 606 8
D 607 63 2 605 135 606 29
D 603 67 2 604 412 607 8
D 614 117 2 190 226 192 8
D 613 115 2 188 614 193 8
D 616 117 2 190 191 192 226
D 615 115 2 188 616 193 29
D 612 119 3 613 194 526 326 615 8
D 611 113 5 179 612 568 273 474 372 427 419 570 8
D 620 121 2 196 223 198 8
D 621 127 2 200 522 220 8
D 622 121 2 196 197 198 29
D 619 123 2 620 621 622 8
D 618 119 2 187 619 224 8
D 617 113 2 179 618 227 8
D 610 107 6 425 611 269 571 333 517 168 617 379 467 431 8
D 609 99 2 153 610 234 8
D 625 95 2 164 160 159 8
D 624 93 2 154 625 165 8
D 627 95 2 159 485 164 236
D 626 93 3 154 627 582 235 583 29
D 623 99 5 624 167 578 268 533 323 480 370 626 8
D 608 89 7 138 609 478 623 285 565 339 515 383 465 434 416 486 8
D 629 63 3 106 491 605 110 115 8
D 630 63 3 106 493 605 135 115 29
D 628 67 3 629 441 105 585 630 29
D 602 79 10 603 137 559 266 509 321 459 368 409 415 364 464 315 514 262 564 104 608 628 8
D 633 45 2 79 78 77 102
D 632 43 3 72 633 542 76 546 8
D 635 45 2 79 102 77 8
D 634 43 3 72 635 542 101 546 29
D 631 47 3 71 444 632 495 634 29
D 596 59 10 597 103 553 261 503 314 452 363 403 408 359 458 308 508 257 558 70 602 631 8
D 639 37 2 59 551 61 29
D 640 37 2 59 60 61 551
D 638 35 3 500 639 54 640 57 29
D 641 29 2 52 65 50 51
D 642 35 2 54 639 62 29
D 643 29 2 52 51 50 8
D 637 31 3 304 638 641 642 643 29
D 645 25 2 45 44 43 68
D 646 21 2 41 40 39 47
D 647 21 2 41 47 39 8
D 644 23 3 38 645 646 42 647 8
D 648 31 2 304 642 305 29
D 650 25 2 45 68 43 8
D 649 23 3 38 650 646 67 647 29
D 636 27 3 37 637 644 648 649 29
D 35 39 10 36 69 252 256 299 307 353 358 397 402 446 451 497 502 547 552 592 596 636 8
D 653 3 2 5 34 7 8
D 652 1 2 3 653 9 8
D 656 11 2 17 28 19 8
D 657 11 2 17 18 19 29
D 655 13 2 656 20 657 8
D 654 9 2 11 655 30 8
D 659 3 2 5 6 7 29
D 658 1 2 3 659 9 29
D 651 5 2 652 654 658 8
D 664 33 2 57 56 55 8
D 665 33 2 57 63 55 29
D 663 35 2 664 58 665 8
D 662 31 2 304 663 305 8
D 661 27 2 37 662 66 8
D 670 53 2 91 90 89 8
D 671 53 2 91 97 89 29
D 669 55 2 670 312 671 8
D 668 51 2 83 669 98 8
D 667 47 2 71 668 100 8
D 675 61 2 107 115 109 8
D 676 61 2 107 108 109 29
D 674 63 2 675 110 676 8
D 677 63 2 675 135 676 29
D 673 67 2 674 412 677 8
D 682 97 2 161 237 163 8
D 681 95 2 159 682 164 8
D 680 93 2 154 681 165 8
D 685 97 2 161 162 163 237
D 684 95 2 159 685 164 236
D 683 93 3 154 684 582 235 583 29
D 679 99 6 680 167 624 268 578 323 533 370 480 417 683 8
D 690 115 2 193 189 188 8
D 691 115 2 188 616 193 225
D 689 119 4 690 194 613 274 526 373 691 8
D 688 113 5 179 689 568 325 474 419 427 468 570 8
D 695 121 2 198 197 196 8
D 696 121 2 198 223 196 29
D 694 123 2 695 621 696 8
D 693 119 2 187 694 224 8
D 692 113 2 179 693 227 8
D 687 107 6 425 688 333 571 379 517 269 617 168 692 431 8
D 686 99 2 153 687 234 8
D 678 89 7 478 679 138 686 285 609 339 565 383 515 434 465 486 8
D 699 61 2 109 108 107 115
D 700 61 2 109 115 107 8
D 698 63 3 106 491 699 110 700 8
D 701 63 3 106 493 699 135 700 29
D 697 67 3 698 441 105 585 701 29
D 672 79 11 673 137 603 266 559 321 509 368 459 415 409 464 364 514 315 564 262 608 104 678 697 8
D 705 53 2 91 90 89 97
D 706 53 2 91 97 89 8
D 704 55 3 705 352 88 298 706 29
D 703 51 3 395 351 83 704 396 29
D 702 47 3 632 495 71 703 634 29
D 666 59 11 667 103 597 261 553 314 503 363 452 408 403 458 359 508 308 558 257 602 70 672 702 8
D 710 33 2 57 56 55 63
D 711 33 2 57 63 55 8
D 709 35 3 710 639 54 640 711 29
D 708 31 3 641 642 304 709 643 29
D 707 27 3 644 648 37 708 649 29
D 660 39 11 661 69 36 256 252 307 299 358 353 402 397 451 446 502 497 552 547 596 592 666 707 8
D 713 1 2 9 4 3 8
D 714 1 2 9 33 3 29
D 712 5 2 713 654 714 8
D 719 99 6 680 268 624 323 578 370 533 417 480 466 683 8
D 723 119 4 690 274 613 326 526 420 691 8
D 722 113 5 179 723 568 372 474 468 427 518 570 8
D 725 103 2 176 338 171 173
D 724 101 2 169 725 177 382
D 721 107 5 379 571 425 722 333 617 269 692 724 8
D 720 99 2 153 721 234 8
D 718 89 7 478 719 285 686 138 720 339 609 383 565 434 515 486 8
D 717 79 11 673 266 603 321 559 368 509 415 459 464 409 514 364 564 315 608 262 678 104 718 697 8
D 716 59 11 667 261 597 314 553 363 503 408 452 458 403 508 359 558 308 602 257 672 70 717 702 8
D 715 39 11 661 256 36 307 252 358 299 402 353 451 397 502 446 552 497 596 547 666 592 716 707 8
D 728 3 2 7 6 5 8
D 727 1 2 3 728 9 8
D 730 3 2 7 34 5 29
D 729 1 2 3 730 9 29
D 726 5 2 727 654 729 8
D 735 99 6 680 323 624 370 578 417 533 466 480 516 683 8
D 739 119 4 690 326 613 373 526 469 691 8
D 738 113 5 179 739 568 419 474 518 427 572 570 8
D 740 101 2 177 382 169 338
D 737 107 4 379 617 425 738 333 692 740 8
D 736 99 2 153 737 234 8
D 734 89 7 478 735 339 686 285 720 138 736 383 609 434 565 486 8
D 733 79 11 673 321 603 368 559 415 509 464 459 514 409 564 364 608 315 678 262 718 104 734 697 8
D 732 59 11 667 314 597 363 553 408 503 458 452 508 403 558 359 602 308 672 257 717 70 733 702 8
D 731 39 11 661 307 36 358 252 402 299 451 353 502 397 552 446 596 497 666 547 716 592 732 707 8
D 744 11 2 19 28 17 8
D 745 11 2 19 18 17 29
D 743 13 2 744 20 745 8
D 742 9 2 11 743 30 8
D 741 5 2 2 742 32 8
D 750 99 6 680 370 624 417 578 466 533 516 480 566 683 8
D 754 119 4 690 373 613 420 526 519 691 8
D 753 113 5 179 754 568 468 474 572 427 618 570 8
D 752 107 3 379 692 425 753 382 8
D 751 99 2 153 752 234 8
D 749 89 7 478 750 383 686 339 720 285 736 138 751 434 609 486 8
D 748 79 11 673 368 603 415 559 464 509 514 459 564 409 608 364 678 315 718 262 734 104 749 697 8
D 747 59 11 667 363 597 408 553 458 503 508 452 558 403 602 359 672 308 717 257 733 70 748 702 8
D 746 39 11 661 358 36 402 252 451 299 502 353 552 397 596 446 666 497 716 547 732 592 747 707 8
D 757 7 2 14 13 12 8
D 758 7 2 14 31 12 29
D 756 9 2 757 655 758 8
D 755 5 2 2 756 32 8
D 763 99 6 680 417 624 466 578 516 533 566 480 610 683 8
D 767 119 4 690 420 613 469 526 573 691 8
D 766 113 5 179 767 568 518 474 618 427 693 570 8
D 768 101 2 169 382 177 29
D 765 107 2 425 766 768 8
D 764 99 2 153 765 234 8
D 762 89 7 434 686 478 763 383 720 339 736 285 751 138 764 486 8
D 761 79 11 673 415 603 464 559 514 509 564 459 608 409 678 364 718 315 734 262 749 104 762 697 8
D 760 59 11 667 408 597 458 553 508 503 558 452 602 403 672 359 717 308 733 257 748 70 761 702 8
D 759 39 11 661 402 36 451 252 502 299 552 353 596 397 666 446 716 497 732 547 747 592 760 707 8
D 771 7 2 12 31 14 8
D 772 7 2 12 13 14 29
D 770 9 2 771 655 772 8
D 769 5 2 2 770 32 8
D 777 99 6 680 466 624 516 578 566 533 610 480 687 683 8
D 781 119 4 690 469 613 519 526 619 691 8
D 782 109 2 185 228 180 184
D 780 113 4 179 781 568 572 474 693 782 8
D 779 107 2 425 780 768 8
D 778 99 2 153 779 234 8
D 776 89 7 434 720 478 777 383 736 339 751 285 764 138 778 486 8
D 775 79 11 673 464 603 514 559 564 509 608 459 678 409 718 364 734 315 749 262 762 104 776 697 8
D 774 59 11 667 458 597 508 553 558 503 602 452 672 403 717 359 733 308 748 257 761 70 775 702 8
D 773 39 11 661 451 36 502 252 552 299 596 353 666 397 716 446 732 497 747 547 760 592 774 707 8
D 786 15 2 26 22 21 8
D 785 13 2 656 786 657 8
D 784 9 2 11 785 30 8
D 783 5 2 2 784 32 8
D 791 99 6 680 516 624 566 578 610 533 687 480 721 683 8
D 795 119 4 690 519 613 573 526 694 691 8
D 794 113 3 179 795 568 618 228 8
D 793 107 2 425 794 768 8
D 792 99 2 153 793 234 8
D 790 89 7 434 736 478 791 383 751 339 764 285 778 138 792 486 8
D 789 79 11 673 514 603 564 559 608 509 678 459 718 409 734 364 749 315 762 262 776 104 790 697 8
D 788 59 11 667 508 597 558 553 602 503 672 452 717 403 733 359 748 308 761 257 775 70 789 702 8
D 787 39 11 661 502 36 552 252 596 299 666 353 716 397 732 446 747 497 760 547 774 592 788 707 8
D 800 17 2 25 24 23 8
D 799 15 2 21 800 26 8
D 798 13 2 656 799 657 8
D 797 9 2 11 798 30 8
D 796 5 2 2 797 32 8
D 805 99 6 680 566 624 610 578 687 533 721 480 737 683 8
D 811 117 2 190 191 192 29
D 810 115 2 188 811 193 225
D 809 119 3 690 573 613 619 810 8
D 808 113 3 179 809 568 693 228 8
D 807 107 2 425 808 768 8
D 806 99 2 153 807 234 8
D 804 89 7 434 751 478 805 383 764 339 778 285 792 138 806 486 8
D 803 79 11 673 564 603 608 559 678 509 718 459 734 409 749 364 762 315 776 262 790 104 804 697 8
D 802 59 11 667 558 597 602 553 672 503 717 452 733 403 748 359 761 308 775 257 789 70 803 702 8
D 801 39 11 661 552 36 596 252 666 299 716 353 732 397 747 446 760 497 774 547 788 592 802 707 8
L 817 18 10
D 816 17 2 23 817 25 8
D 815 15 2 21 816 26 8
D 814 13 2 656 815 657 8
D 813 9 2 11 814 30 8
D 812 5 2 2 813 32 8
D 822 99 6 680 610 624 687 578 721 533 737 480 752 683 8
D 826 119 3 690 619 613 694 810 8
D 825 113 2 179 826 227 8
D 824 107 2 425 825 768 8
D 823 99 2 153 824 234 8
D 821 89 7 434 764 478 822 383 778 339 792 285 806 138 823 486 8
D 820 79 11 673 608 603 678 559 718 509 734 459 749 409 762 364 776 315 790 262 804 104 821 697 8
D 819 59 11 667 602 597 672 553 717 503 733 452 748 403 761 359 775 308 789 257 803 70 820 702 8
D 818 39 11 661 596 36 666 252 716 299 732 353 747 397 760 446 774 497 788 547 802 592 819 707 8
D 831 17 2 23 24 25 817
D 832 17 2 23 817 25 29
D 830 15 2 21 831 26 832
D 833 11 2 19 28 17 18
D 834 15 2 21 832 26 29
D 835 11 2 19 18 17 8
D 829 13 3 656 830 833 834 835 29
D 836 7 2 14 13 12 31
D 837 13 2 656 834 657 29
D 838 7 2 14 31 12 8
D 828 9 3 11 829 836 837 838 29
D 840 3 2 7 6 5 34
D 839 1 2 3 840 9 4
D 841 9 2 11 837 30 29
D 843 3 2 7 34 5 8
D 842 1 2 3 843 9 33
D 827 5 3 2 828 839 841 842 29
D 0 19 11 1 35 651 660 712 715 726 731 741 746 755 759 769 773 783 787 796 801 812 818 827 8
