c ids of sdd nodes start at 0
c sdd nodes appear bottom-up, children before parents
c
c file syntax:
c sdd count-of-sdd-nodes
c F id-of-false-sdd-node
c T id-of-true-sdd-node
c L id-of-literal-sdd-node id-of-vtree literal
c D id-of-decomposition-sdd-node id-of-vtree number-of-elements {id-of-prime id-of-sub}*
c
sdd 838
L 3 0 -3
L 5 2 -4
L 6 4 -2
L 7 2 4
F 8
D 4 3 2 5 6 7 8
L 9 0 3
D 2 1 2 3 4 9 8
L 12 6 -6
L 13 8 -7
L 14 6 6
D 11 7 2 12 13 14 8
L 17 10 -5
L 18 12 1
L 19 10 5
D 16 11 2 17 18 19 8
L 21 14 -8
L 23 16 -9
L 24 18 -10
L 25 16 9
D 22 17 2 23 24 25 8
L 26 14 8
D 20 15 2 21 22 26 8
L 28 12 -1
T 29
D 27 11 2 17 28 19 29
D 15 13 2 16 20 27 8
L 31 8 7
D 30 7 2 12 31 14 29
D 10 9 2 11 15 30 8
L 34 4 2
D 33 3 2 5 34 7 29
D 32 1 2 3 33 9 29
D 1 5 2 2 10 32 8
L 39 20 -14
L 40 22 -15
L 41 20 14
D 38 21 2 39 40 41 8
L 43 24 -16
L 44 26 -17
L 45 24 16
D 42 25 2 43 44 45 8
L 47 22 15
D 46 21 2 39 47 41 29
D 37 23 2 38 42 46 8
L 50 28 13
L 51 30 -12
L 52 28 -13
D 49 29 2 50 51 52 8
L 55 32 -11
L 56 34 -18
L 57 32 11
D 54 33 2 55 56 57 8
L 59 36 -20
L 60 38 -19
L 61 36 20
D 58 37 2 59 60 61 8
L 63 34 18
D 62 33 2 55 63 57 29
D 53 35 2 54 58 62 8
L 65 30 12
D 64 29 2 50 65 52 29
D 48 31 2 49 53 64 8
L 68 26 17
D 67 25 2 43 68 45 29
D 66 23 2 38 67 46 29
D 36 27 2 37 48 66 8
L 73 40 -34
L 74 42 -35
L 75 40 34
D 72 41 2 73 74 75 8
L 77 44 -32
L 78 46 -33
L 79 44 32
D 76 45 2 77 78 79 8
L 81 42 35
D 80 41 2 73 81 75 29
D 71 43 2 72 76 80 8
L 84 48 -37
L 85 50 -38
L 86 48 37
D 83 49 2 84 85 86 8
L 89 52 -31
L 90 54 -36
L 91 52 31
D 88 53 2 89 90 91 8
L 93 56 -39
L 94 58 40
L 95 56 39
D 92 57 2 93 94 95 8
L 97 54 36
D 96 53 2 89 97 91 29
D 87 55 2 88 92 96 8
L 99 50 38
D 98 49 2 84 99 86 29
D 82 51 2 83 87 98 8
L 102 46 33
D 101 45 2 77 102 79 29
D 100 43 2 72 101 80 29
D 70 47 2 71 82 100 8
L 107 60 -22
L 108 62 -21
L 109 60 22
D 106 61 2 107 108 109 8
L 111 64 -25
L 112 66 -26
L 113 64 25
D 110 65 2 111 112 113 8
L 115 62 21
D 114 61 2 107 115 109 29
D 105 63 2 106 110 114 8
L 118 68 -27
L 119 70 -28
L 120 68 27
D 117 69 2 118 119 120 8
L 123 72 -23
L 124 74 -24
L 125 72 23
D 122 73 2 123 124 125 8
L 127 76 30
L 128 78 -29
L 129 76 -30
D 126 77 2 127 128 129 8
L 131 74 24
D 130 73 2 123 131 125 29
D 121 75 2 122 126 130 8
L 133 70 28
D 132 69 2 118 133 120 29
D 116 71 2 117 121 132 8
L 136 66 26
D 135 65 2 111 136 113 29
D 134 63 2 106 135 114 29
D 104 67 2 105 116 134 8
L 140 80 -46
L 141 82 -47
L 142 80 46
D 139 81 2 140 141 142 8
L 144 84 -48
L 146 86 50
L 147 88 -49
L 148 86 -50
D 145 87 2 146 147 148 8
L 149 84 48
D 143 85 2 144 145 149 8
L 151 82 47
D 150 81 2 140 151 142 29
D 138 83 2 139 143 150 8
L 155 90 -43
L 156 92 -44
L 157 90 43
D 154 91 2 155 156 157 8
L 159 94 -42
L 161 96 -45
L 162 98 -41
L 163 96 45
D 160 97 2 161 162 163 8
L 164 94 42
D 158 95 2 159 160 164 8
L 166 92 44
D 165 91 2 155 166 157 29
D 153 93 2 154 158 165 8
L 169 100 -57
L 171 102 -58
L 173 104 60
L 174 106 -59
L 175 104 -60
D 172 105 2 173 174 175 8
L 176 102 58
D 170 103 2 171 172 176 8
L 177 100 57
D 168 101 2 169 170 177 8
L 180 108 -53
L 182 110 -56
L 183 112 -55
L 184 110 56
D 181 111 2 182 183 184 8
L 185 108 53
D 179 109 2 180 181 185 8
L 188 114 -51
L 190 116 -54
L 191 118 -52
L 192 116 54
D 189 117 2 190 191 192 8
L 193 114 51
D 187 115 2 188 189 193 8
L 196 120 -61
L 197 122 -62
L 198 120 61
D 195 121 2 196 197 198 8
L 201 124 -63
L 202 126 -64
L 203 124 63
D 200 125 2 201 202 203 8
L 205 128 -65
L 207 130 -66
L 209 132 -67
L 211 134 -68
L 213 136 -69
L 214 138 70
L 215 136 69
D 212 137 2 213 214 215 8
L 216 134 68
D 210 135 2 211 212 216 8
L 217 132 67
D 208 133 2 209 210 217 8
L 218 130 66
D 206 131 2 207 208 218 8
L 219 128 65
D 204 129 2 205 206 219 8
L 221 126 64
D 220 125 2 201 221 203 29
D 199 127 2 200 204 220 8
L 223 122 62
D 222 121 2 196 223 198 29
D 194 123 2 195 199 222 8
L 226 118 52
D 225 117 2 190 226 192 29
D 224 115 2 188 225 193 29
D 186 119 2 187 194 224 8
L 229 112 55
D 228 111 2 182 229 184 29
D 227 109 2 180 228 185 29
D 178 113 2 179 186 227 8
L 233 106 59
D 232 105 2 173 233 175 29
D 231 103 2 171 232 176 29
D 230 101 2 169 231 177 29
D 167 107 2 168 178 230 8
L 237 98 41
D 236 97 2 161 237 163 29
D 235 95 2 159 236 164 29
D 234 93 2 154 235 165 29
D 152 99 2 153 167 234 8
L 241 88 49
D 240 87 2 146 241 148 29
D 239 85 2 144 240 149 29
D 238 83 2 139 239 150 29
D 137 89 2 138 152 238 8
L 246 78 29
D 245 77 2 127 246 129 29
D 244 75 2 122 245 130 29
D 243 71 2 117 244 132 29
D 242 67 2 105 243 134 29
D 103 79 2 104 137 242 8
L 251 58 -40
D 250 57 2 93 251 95 29
D 249 55 2 88 250 96 29
D 248 51 2 83 249 98 29
D 247 47 2 71 248 100 29
D 69 59 2 70 103 247 8
D 254 21 2 41 40 39 8
D 255 21 2 41 47 39 29
D 253 23 2 254 42 255 8
D 257 29 2 52 51 50 8
D 258 29 2 52 65 50 29
D 256 31 2 257 53 258 8
D 259 23 2 254 67 255 29
D 252 27 2 253 256 259 8
D 264 57 2 95 251 93 8
D 263 55 2 88 264 96 8
D 262 51 2 83 263 98 8
D 261 47 2 71 262 100 8
D 269 77 2 129 246 127 8
D 268 75 2 122 269 130 8
D 267 71 2 117 268 132 8
D 266 67 2 105 267 134 8
D 275 105 2 175 233 173 8
D 274 103 2 171 275 176 8
D 273 101 2 169 274 177 8
L 285 138 -70
D 284 137 2 215 285 213 8
D 283 135 2 211 284 216 8
D 282 133 2 209 283 217 8
D 281 131 2 207 282 218 8
D 280 129 2 205 281 219 8
D 279 127 2 200 280 220 8
D 278 123 2 195 279 222 8
D 277 119 2 187 278 224 8
D 276 113 2 179 277 227 8
D 288 105 2 175 174 173 233
D 287 103 2 171 288 176 29
D 286 101 2 169 287 177 29
D 272 107 3 273 178 168 276 286 8
D 271 99 2 153 272 234 8
D 291 87 2 148 241 146 8
D 290 85 2 144 291 149 8
D 289 83 2 139 290 150 8
D 294 87 2 148 147 146 241
D 293 85 2 144 294 149 29
D 292 83 2 139 293 150 29
D 270 89 3 138 271 289 152 292 8
D 298 77 2 129 128 127 246
D 297 75 2 122 298 130 29
D 296 71 2 117 297 132 29
D 295 67 2 105 296 134 29
D 265 79 3 266 137 104 270 295 8
D 302 57 2 93 251 95 94
D 301 55 2 88 302 96 29
D 300 51 2 83 301 98 29
D 299 47 2 71 300 100 29
D 260 59 3 261 103 70 265 299 8
D 305 21 2 39 47 41 8
D 306 21 2 39 40 41 29
D 304 23 2 305 42 306 8
D 307 23 2 305 67 306 29
D 303 27 2 304 256 307 8
D 311 49 2 84 99 86 8
D 313 57 2 93 251 95 8
D 312 55 2 88 313 96 8
D 314 49 2 84 85 86 29
D 310 51 2 311 312 314 8
D 309 47 2 71 310 100 8
D 318 69 2 118 133 120 8
D 320 77 2 129 128 127 8
D 319 75 2 122 320 130 8
D 321 69 2 118 119 120 29
D 317 71 2 318 319 321 8
D 316 67 2 105 317 134 8
D 333 137 2 213 285 215 8
D 332 135 2 216 333 211 8
D 331 133 2 209 332 217 8
D 330 131 2 207 331 218 8
D 329 129 2 205 330 219 8
D 328 127 2 200 329 220 8
D 327 123 2 195 328 222 8
D 326 119 2 187 327 224 8
D 325 113 2 179 326 227 8
D 336 105 2 175 174 173 8
D 335 103 2 176 336 171 8
D 334 101 2 169 335 177 8
D 339 105 2 175 233 173 29
D 338 103 2 171 288 176 339
D 337 101 2 169 338 177 29
D 324 107 4 168 325 334 178 273 276 337 8
D 323 99 2 153 324 234 8
D 342 87 2 148 147 146 8
D 341 85 2 149 342 144 8
D 340 83 2 139 341 150 8
D 345 87 2 148 241 146 29
D 344 85 2 144 294 149 345
D 343 83 2 139 344 150 29
D 322 89 4 138 323 289 271 340 152 343 8
D 349 77 2 129 246 127 29
D 348 75 2 122 349 130 29
D 347 71 3 117 297 318 348 120 29
D 346 67 2 105 347 134 29
D 315 79 4 316 137 266 270 104 322 346 8
D 353 57 2 93 94 95 29
D 352 55 2 88 353 96 29
D 351 51 3 83 301 311 352 86 29
D 350 47 2 71 351 100 29
D 308 59 4 309 103 261 265 70 315 350 8
D 356 25 2 45 44 43 8
D 355 23 2 38 356 46 8
D 358 25 2 45 68 43 29
D 357 23 2 38 358 46 29
D 354 27 2 355 256 357 8
D 362 49 2 86 85 84 8
D 363 49 2 86 99 84 29
D 361 51 2 362 312 363 8
D 360 47 2 71 361 100 8
D 367 69 2 120 119 118 8
D 368 69 2 120 133 118 29
D 366 71 2 367 319 368 8
D 365 67 2 105 366 134 8
D 379 135 2 211 333 216 8
D 378 133 2 217 379 209 8
D 377 131 2 207 378 218 8
D 376 129 2 205 377 219 8
D 375 127 2 200 376 220 8
D 374 123 2 195 375 222 8
D 373 119 2 187 374 224 8
D 372 113 2 179 373 227 8
D 381 103 2 171 336 176 8
D 380 101 2 177 381 169 8
D 383 103 2 171 339 176 29
D 382 101 2 169 338 177 383
D 371 107 5 168 372 273 325 380 178 334 276 382 8
D 370 99 2 153 371 234 8
D 385 81 2 140 151 142 8
D 386 85 2 144 342 149 8
D 387 81 2 140 141 142 29
D 384 83 2 385 386 387 8
D 389 85 2 144 345 149 29
D 388 83 3 139 344 385 389 142 29
D 369 89 5 138 370 289 323 340 271 384 152 388 8
D 392 69 2 120 119 118 133
D 393 69 2 120 133 118 8
D 391 71 3 117 297 392 348 393 29
D 390 67 2 105 391 134 29
D 364 79 5 365 137 316 270 266 322 104 369 390 8
D 396 49 2 86 85 84 99
D 397 49 2 86 99 84 8
D 395 51 3 83 301 396 352 397 29
D 394 47 2 71 395 100 29
D 359 59 5 360 103 309 265 261 315 70 364 394 8
D 400 25 2 43 68 45 8
D 399 23 2 38 400 46 8
D 402 25 2 43 44 45 29
D 401 23 2 38 402 46 29
D 398 27 2 399 256 401 8
D 407 53 2 89 97 91 8
D 408 53 2 89 90 91 29
D 406 55 2 407 313 408 8
D 405 51 2 83 406 98 8
D 404 47 2 71 405 100 8
D 412 65 2 111 136 113 8
D 411 63 2 106 412 114 8
D 413 71 2 117 319 132 8
D 415 65 2 111 112 113 29
D 414 63 2 106 415 114 29
D 410 67 2 411 413 414 8
D 425 133 2 209 379 217 8
D 424 131 2 218 425 207 8
D 423 129 2 205 424 219 8
D 422 127 2 200 423 220 8
D 421 123 2 195 422 222 8
D 420 119 2 187 421 224 8
D 419 113 2 179 420 227 8
D 426 101 2 169 381 177 8
D 429 111 2 184 183 182 8
D 428 109 2 180 429 185 8
D 431 111 2 184 229 182 29
D 430 109 2 180 431 185 29
D 427 113 2 428 186 430 8
D 434 105 2 173 233 175 8
D 433 103 2 171 434 176 339
D 432 101 2 169 433 177 383
D 418 107 6 168 419 426 427 273 372 334 325 380 276 432 8
D 417 99 2 153 418 234 8
D 436 81 2 142 141 140 8
D 437 81 2 142 151 140 29
D 435 83 2 436 386 437 8
D 439 81 2 142 141 140 151
D 440 81 2 142 151 140 8
D 438 83 3 139 344 439 389 440 29
D 416 89 6 138 417 289 370 340 323 384 271 435 152 438 8
D 442 71 2 117 348 132 29
D 443 63 2 106 113 114 29
D 441 67 3 105 391 411 442 443 29
D 409 79 6 410 137 365 270 316 322 266 369 104 416 441 8
D 446 55 3 407 353 88 302 91 29
D 445 51 3 83 446 396 352 397 29
D 444 47 2 71 445 100 29
D 403 59 6 404 103 360 265 309 315 261 364 70 409 444 8
D 450 33 2 55 63 57 8
D 451 33 2 55 56 57 29
D 449 35 2 450 58 451 8
D 448 31 2 257 449 258 8
D 447 27 2 37 448 66 8
D 455 41 2 73 81 75 8
D 456 41 2 73 74 75 29
D 454 43 2 455 76 456 8
D 457 51 2 83 312 98 8
D 458 43 2 455 101 456 29
D 453 47 2 454 457 458 8
D 462 65 2 113 112 111 8
D 461 63 2 106 462 114 8
D 464 65 2 113 136 111 29
D 463 63 2 106 464 114 29
D 460 67 2 461 413 463 8
D 473 131 2 207 425 218 8
D 472 129 2 219 473 205 8
D 471 127 2 200 472 220 8
D 470 123 2 195 471 222 8
D 469 119 2 187 470 224 8
D 468 113 2 179 469 227 8
D 476 111 2 182 229 184 8
D 475 109 2 180 476 185 8
D 478 111 2 182 183 184 229
D 477 109 2 180 478 185 29
D 474 113 3 428 277 475 186 477 8
D 467 107 6 168 468 426 474 273 419 334 372 380 325 432 8
D 466 99 2 153 467 234 8
D 479 83 2 139 386 150 8
D 483 97 2 163 162 161 8
D 482 95 2 159 483 164 8
D 481 93 2 154 482 165 8
D 486 97 2 163 237 161 29
D 485 95 2 159 486 164 29
D 484 93 2 154 485 165 29
D 480 99 2 481 167 484 8
D 489 87 2 146 241 148 8
D 488 85 2 144 489 149 345
D 487 83 3 139 488 439 389 440 29
D 465 89 7 138 466 479 480 289 417 340 370 384 323 435 271 487 8
D 492 65 2 113 112 111 136
D 491 63 2 106 492 114 8
D 494 65 2 113 136 111 8
D 493 63 2 106 494 114 29
D 490 67 3 105 391 491 442 493 29
D 459 79 7 460 137 410 270 365 322 316 369 266 416 104 465 490 8
D 496 51 2 83 352 98 29
D 497 43 2 73 101 75 29
D 495 47 3 71 445 454 496 497 29
D 452 59 7 453 103 404 265 360 315 309 364 261 409 70 459 495 8
L 502 38 19
D 501 37 2 59 502 61 8
D 500 35 2 54 501 62 8
D 499 31 2 257 500 258 8
D 498 27 2 37 499 66 8
D 506 41 2 75 74 73 8
D 507 41 2 75 81 73 29
D 505 43 2 506 76 507 8
D 508 43 2 506 101 507 29
D 504 47 2 505 457 508 8
D 513 73 2 123 131 125 8
D 514 73 2 123 124 125 29
D 512 75 2 513 320 514 8
D 511 71 2 117 512 132 8
D 510 67 2 105 511 134 8
D 522 125 2 201 221 203 8
D 523 129 2 205 473 219 8
D 524 125 2 201 202 203 29
D 521 127 2 522 523 524 8
D 520 123 2 195 521 222 8
D 519 119 2 187 520 224 8
D 518 113 2 179 519 227 8
D 528 117 2 192 191 190 8
D 527 115 2 188 528 193 8
D 530 117 2 192 226 190 29
D 529 115 2 188 530 193 29
D 526 119 2 527 194 529 8
D 532 111 2 184 229 182 8
D 531 109 2 180 532 185 29
D 525 113 4 475 277 179 526 428 326 531 8
D 517 107 6 168 518 426 525 273 468 334 419 380 372 432 8
D 516 99 2 153 517 234 8
D 535 91 2 155 166 157 8
D 536 91 2 155 156 157 29
D 534 93 2 535 158 536 8
D 537 93 3 154 485 535 235 157 29
D 533 99 3 534 167 481 272 537 8
D 515 89 7 138 516 479 533 289 466 340 417 384 370 435 323 487 8
D 540 75 3 513 349 122 298 125 29
D 539 71 3 117 540 392 348 393 29
D 538 67 3 105 539 491 442 493 29
D 509 79 8 510 137 460 270 410 322 365 369 316 416 266 465 104 515 538 8
D 543 41 2 75 74 73 81
D 544 41 2 73 74 75 81
D 542 43 2 543 76 544 8
D 546 41 2 75 74 73 29
D 547 41 2 75 81 73 8
D 545 43 2 546 101 547 29
D 541 47 3 71 445 542 496 545 29
D 503 59 8 504 103 453 265 404 315 360 364 309 409 261 459 70 509 541 8
D 551 37 2 61 60 59 8
D 550 35 2 54 551 62 8
D 549 31 2 257 550 258 8
D 548 27 2 37 549 66 8
D 555 45 2 77 102 79 8
D 554 43 2 72 555 80 8
D 557 45 2 77 78 79 29
D 556 43 2 72 557 80 29
D 553 47 2 554 457 556 8
D 562 73 2 125 124 123 8
D 563 73 2 125 131 123 29
D 561 75 2 562 320 563 8
D 560 71 2 117 561 132 8
D 559 67 2 105 560 134 8
D 568 109 2 185 181 180 8
D 569 119 2 527 278 529 8
D 570 109 2 180 532 185 228
D 567 113 5 475 326 568 186 179 569 428 373 570 8
D 575 125 2 203 202 201 8
D 576 125 2 203 221 201 29
D 574 127 2 575 523 576 8
D 573 123 2 195 574 222 8
D 572 119 2 187 573 224 8
D 571 113 2 179 572 227 8
D 566 107 6 426 567 168 571 273 518 334 468 380 419 432 8
D 565 99 2 153 566 234 8
D 579 91 2 157 156 155 8
D 580 91 2 157 166 155 29
D 578 93 2 579 158 580 8
D 582 91 2 157 156 155 166
D 583 91 2 157 166 155 8
D 581 93 3 154 485 582 235 583 29
D 577 99 4 578 167 534 272 481 324 581 8
D 564 89 7 138 565 479 577 289 516 340 466 384 417 435 370 487 8
D 587 73 2 125 124 123 131
D 588 73 2 125 131 123 8
D 586 75 3 587 349 122 298 588 29
D 585 71 3 392 348 117 586 393 29
D 584 67 3 491 442 105 585 493 29
D 558 79 9 559 137 510 270 460 322 410 369 365 416 316 465 266 515 104 564 584 8
D 590 43 3 72 555 543 76 547 8
D 591 43 3 543 101 72 79 547 29
D 589 47 3 71 445 590 496 591 29
D 552 59 9 553 103 504 265 453 315 404 364 360 409 309 459 261 509 70 558 589 8
D 595 37 2 59 502 61 29
D 596 37 2 59 60 61 502
D 594 35 3 450 595 54 596 57 29
D 597 35 2 54 595 62 29
D 593 31 3 257 594 49 597 65 29
D 599 25 2 45 44 43 68
D 600 21 2 41 40 39 47
D 601 21 2 41 47 39 8
D 598 23 3 38 599 600 42 601 8
D 602 31 2 257 597 258 29
D 604 25 2 45 68 43 8
D 603 23 3 38 604 600 67 601 29
D 592 27 3 37 593 598 602 603 29
D 35 39 9 36 69 252 260 303 308 354 359 398 403 447 452 498 503 548 552 592 8
D 607 3 2 5 34 7 8
D 606 1 2 3 607 9 8
D 610 11 2 17 28 19 8
D 611 11 2 17 18 19 29
D 609 13 2 610 20 611 8
D 608 9 2 11 609 30 8
D 613 3 2 5 6 7 29
D 612 1 2 3 613 9 29
D 605 5 2 606 608 612 8
D 617 29 2 52 65 50 8
D 618 29 2 52 51 50 29
D 616 31 2 617 53 618 8
D 615 27 2 37 616 66 8
D 622 45 2 79 78 77 8
D 621 43 2 72 622 80 8
D 624 45 2 79 102 77 29
D 623 43 2 72 624 80 29
D 620 47 2 621 457 623 8
D 628 61 2 109 108 107 8
D 629 61 2 109 115 107 29
D 627 63 2 628 110 629 8
D 630 63 2 628 135 629 29
D 626 67 2 627 413 630 8
D 637 117 2 190 226 192 8
D 636 115 2 188 637 193 8
D 639 117 2 190 191 192 226
D 638 115 2 188 639 193 29
D 635 119 3 636 194 527 327 638 8
D 634 113 5 179 635 568 277 475 373 428 420 570 8
D 643 121 2 196 223 198 8
D 644 127 2 200 523 220 8
D 645 121 2 196 197 198 29
D 642 123 2 643 644 645 8
D 641 119 2 187 642 224 8
D 640 113 2 179 641 227 8
D 633 107 6 426 634 273 571 334 518 168 640 380 468 432 8
D 632 99 2 153 633 234 8
D 648 95 2 164 160 159 8
D 647 93 2 154 648 165 8
D 650 95 2 159 486 164 236
D 649 93 3 154 650 582 235 583 29
D 646 99 5 647 167 578 272 534 324 481 371 649 8
D 631 89 7 138 632 479 646 289 565 340 516 384 466 435 417 487 8
D 652 63 3 106 492 628 110 115 8
D 653 63 3 106 494 628 135 115 29
D 651 67 3 652 442 105 585 653 29
D 625 79 10 626 137 559 270 510 322 460 369 410 416 365 465 316 515 266 564 104 631 651 8
D 656 45 2 79 78 77 102
D 655 43 3 72 656 543 76 547 8
D 658 45 2 79 102 77 8
D 657 43 3 72 658 543 101 547 29
D 654 47 3 71 445 655 496 657 29
D 619 59 10 620 103 553 265 504 315 453 364 404 409 360 459 309 509 261 558 70 625 654 8
D 661 29 2 50 51 52 65
D 662 29 2 50 65 52 8
D 660 31 3 257 594 661 597 662 29
D 659 27 3 37 660 598 602 603 29
D 614 39 10 615 69 36 260 252 308 303 359 354 403 398 452 447 503 498 552 548 619 659 8
D 664 1 2 9 4 3 8
D 665 1 2 9 33 3 29
D 663 5 2 664 608 665 8
D 670 33 2 57 56 55 8
D 671 33 2 57 63 55 29
D 669 35 2 670 58 671 8
D 668 31 2 257 669 258 8
D 667 27 2 37 668 66 8
D 676 53 2 91 90 89 8
D 677 53 2 91 97 89 29
D 675 55 2 676 313 677 8
D 674 51 2 83 675 98 8
D 673 47 2 71 674 100 8
D 681 61 2 107 115 109 8
D 682 61 2 107 108 109 29
D 680 63 2 681 110 682 8
D 683 63 2 681 135 682 29
D 679 67 2 680 413 683 8
D 688 97 2 161 237 163 8
D 687 95 2 159 688 164 8
D 686 93 2 154 687 165 8
D 691 97 2 161 162 163 237
D 690 95 2 159 691 164 236
D 689 93 3 154 690 582 235 583 29
D 685 99 6 686 167 647 272 578 324 534 371 481 418 689 8
D 696 115 2 193 189 188 8
D 697 115 2 188 639 193 225
D 695 119 4 696 194 636 278 527 374 697 8
D 694 113 5 179 695 568 326 475 420 428 469 570 8
D 701 121 2 198 197 196 8
D 702 121 2 198 223 196 29
D 700 123 2 701 644 702 8
D 699 119 2 187 700 224 8
D 698 113 2 179 699 227 8
D 693 107 6 426 694 334 571 380 518 273 640 168 698 432 8
D 692 99 2 153 693 234 8
D 684 89 7 479 685 138 692 289 632 340 565 384 516 435 466 487 8
D 705 61 2 109 108 107 115
D 706 61 2 109 115 107 8
D 704 63 3 106 492 705 110 706 8
D 707 63 3 106 494 705 135 706 29
D 703 67 3 704 442 105 585 707 29
D 678 79 11 679 137 626 270 559 322 510 369 460 416 410 465 365 515 316 564 266 631 104 684 703 8
D 711 53 2 91 90 89 97
D 712 53 2 91 97 89 8
D 710 55 3 711 353 88 302 712 29
D 709 51 3 396 352 83 710 397 29
D 708 47 3 655 496 71 709 657 29
D 672 59 11 673 103 620 265 553 315 504 364 453 409 404 459 360 509 309 558 261 625 70 678 708 8
D 716 33 2 57 56 55 63
D 717 33 2 57 63 55 8
D 715 35 3 716 595 54 596 717 29
D 714 31 3 661 597 257 715 662 29
D 713 27 3 598 602 37 714 603 29
D 666 39 11 667 69 615 260 36 308 252 359 303 403 354 452 398 503 447 552 498 619 548 672 713 8
D 720 3 2 7 6 5 8
D 719 1 2 3 720 9 8
D 722 3 2 7 34 5 29
D 721 1 2 3 722 9 29
D 718 5 2 719 608 721 8
D 727 99 6 686 272 647 324 578 371 534 418 481 467 689 8
D 731 119 4 696 278 636 327 527 421 697 8
D 730 113 5 179 731 568 373 475 469 428 519 570 8
D 733 103 2 176 339 171 173
D 732 101 2 169 733 177 383
D 729 107 5 380 571 426 730 334 640 273 698 732 8
D 728 99 2 153 729 234 8
D 726 89 7 479 727 289 692 138 728 340 632 384 565 435 516 487 8
D 725 79 11 679 270 626 322 559 369 510 416 460 465 410 515 365 564 316 631 266 684 104 726 703 8
D 724 59 11 673 265 620 315 553 364 504 409 453 459 404 509 360 558 309 625 261 678 70 725 708 8
D 723 39 11 667 260 615 308 36 359 252 403 303 452 354 503 398 552 447 619 498 672 548 724 713 8
D 737 11 2 19 28 17 8
D 738 11 2 19 18 17 29
D 736 13 2 737 20 738 8
D 735 9 2 11 736 30 8
D 734 5 2 2 735 32 8
D 743 99 6 686 324 647 371 578 418 534 467 481 517 689 8
D 747 119 4 696 327 636 374 527 470 697 8
D 746 113 5 179 747 568 420 475 519 428 572 570 8
D 748 101 2 177 383 169 339
D 745 107 4 380 640 426 746 334 698 748 8
D 744 99 2 153 745 234 8
D 742 89 7 479 743 340 692 289 728 138 744 384 632 435 565 487 8
D 741 79 11 679 322 626 369 559 416 510 465 460 515 410 564 365 631 316 684 266 726 104 742 703 8
D 740 59 11 673 315 620 364 553 409 504 459 453 509 404 558 360 625 309 678 261 725 70 741 708 8
D 739 39 11 667 308 615 359 36 403 252 452 303 503 354 552 398 619 447 672 498 724 548 740 713 8
D 751 7 2 14 13 12 8
D 752 7 2 14 31 12 29
D 750 9 2 751 609 752 8
D 749 5 2 2 750 32 8
D 757 99 6 686 371 647 418 578 467 534 517 481 566 689 8
D 761 119 4 696 374 636 421 527 520 697 8
D 760 113 5 179 761 568 469 475 572 428 641 570 8
D 759 107 3 380 698 426 760 383 8
D 758 99 2 153 759 234 8
D 756 89 7 479 757 384 692 340 728 289 744 138 758 435 632 487 8
D 755 79 11 679 369 626 416 559 465 510 515 460 564 410 631 365 684 316 726 266 742 104 756 703 8
D 754 59 11 673 364 620 409 553 459 504 509 453 558 404 625 360 678 309 725 261 741 70 755 708 8
D 753 39 11 667 359 615 403 36 452 252 503 303 552 354 619 398 672 447 724 498 740 548 754 713 8
D 764 7 2 12 31 14 8
D 765 7 2 12 13 14 29
D 763 9 2 764 609 765 8
D 762 5 2 2 763 32 8
D 770 99 6 686 418 647 467 578 517 534 566 481 633 689 8
D 774 119 4 696 421 636 470 527 573 697 8
D 773 113 5 179 774 568 519 475 641 428 699 570 8
D 775 101 2 169 383 177 29
D 772 107 2 426 773 775 8
D 771 99 2 153 772 234 8
D 769 89 7 435 692 479 770 384 728 340 744 289 758 138 771 487 8
D 768 79 11 679 416 626 465 559 515 510 564 460 631 410 684 365 726 316 742 266 756 104 769 703 8
D 767 59 11 673 409 620 459 553 509 504 558 453 625 404 678 360 725 309 741 261 755 70 768 708 8
D 766 39 11 667 403 615 452 36 503 252 552 303 619 354 672 398 724 447 740 498 754 548 767 713 8
D 779 15 2 26 22 21 8
D 778 13 2 610 779 611 8
D 777 9 2 11 778 30 8
D 776 5 2 2 777 32 8
D 784 99 6 686 467 647 517 578 566 534 633 481 693 689 8
D 788 119 4 696 470 636 520 527 642 697 8
D 789 109 2 185 228 180 184
D 787 113 4 179 788 568 572 475 699 789 8
D 786 107 2 426 787 775 8
D 785 99 2 153 786 234 8
D 783 89 7 435 728 479 784 384 744 340 758 289 771 138 785 487 8
D 782 79 11 679 465 626 515 559 564 510 631 460 684 410 726 365 742 316 756 266 769 104 783 703 8
D 781 59 11 673 459 620 509 553 558 504 625 453 678 404 725 360 741 309 755 261 768 70 782 708 8
D 780 39 11 667 452 615 503 36 552 252 619 303 672 354 724 398 740 447 754 498 767 548 781 713 8
D 794 17 2 25 24 23 8
D 793 15 2 21 794 26 8
D 792 13 2 610 793 611 8
D 791 9 2 11 792 30 8
D 790 5 2 2 791 32 8
D 799 99 6 686 517 647 566 578 633 534 693 481 729 689 8
D 803 119 4 696 520 636 573 527 700 697 8
D 802 113 3 179 803 568 641 228 8
D 801 107 2 426 802 775 8
D 800 99 2 153 801 234 8
D 798 89 7 435 744 479 799 384 758 340 771 289 785 138 800 487 8
D 797 79 11 679 515 626 564 559 631 510 684 460 726 410 742 365 756 316 769 266 783 104 798 703 8
D 796 59 11 673 509 620 558 553 625 504 678 453 725 404 741 360 755 309 768 261 782 70 797 708 8
D 795 39 11 667 503 615 552 36 619 252 672 303 724 354 740 398 754 447 767 498 781 548 796 713 8
L 809 18 10
D 808 17 2 23 809 25 8
D 807 15 2 21 808 26 8
D 806 13 2 610 807 611 8
D 805 9 2 11 806 30 8
D 804 5 2 2 805 32 8
D 814 99 6 686 566 647 633 578 693 534 729 481 745 689 8
D 820 117 2 190 191 192 29
D 819 115 2 188 820 193 225
D 818 119 3 696 573 636 642 819 8
D 817 113 3 179 818 568 699 228 8
D 816 107 2 426 817 775 8
D 815 99 2 153 816 234 8
D 813 89 7 435 758 479 814 384 771 340 785 289 800 138 815 487 8
D 812 79 11 679 564 626 631 559 684 510 726 460 742 410 756 365 769 316 783 266 798 104 813 703 8
D 811 59 11 673 558 620 625 553 678 504 725 453 741 404 755 360 768 309 782 261 797 70 812 708 8
D 810 39 11 667 552 615 619 36 672 252 724 303 740 354 754 398 767 447 781 498 796 548 811 713 8
D 825 17 2 23 24 25 809
D 826 17 2 23 809 25 29
D 824 15 2 21 825 26 826
D 827 11 2 19 28 17 18
D 828 15 2 21 826 26 29
D 829 11 2 19 18 17 8
D 823 13 3 610 824 827 828 829 29
D 830 7 2 14 13 12 31
D 831 13 2 610 828 611 29
D 832 7 2 14 31 12 8
D 822 9 3 11 823 830 831 832 29
D 834 3 2 7 6 5 34
D 833 1 2 3 834 9 4
D 835 9 2 11 831 30 29
D 837 3 2 7 34 5 8
D 836 1 2 3 837 9 33
D 821 5 3 2 822 833 835 836 29
D 0 19 11 1 35 605 614 663 666 718 723 734 739 749 753 762 766 776 780 790 795 804 810 821 8
