c ids of sdd nodes start at 0
c sdd nodes appear bottom-up, children before parents
c
c file syntax:
c sdd count-of-sdd-nodes
c F id-of-false-sdd-node
c T id-of-true-sdd-node
c L id-of-literal-sdd-node id-of-vtree literal
c D id-of-decomposition-sdd-node id-of-vtree number-of-elements {id-of-prime id-of-sub}*
c
sdd 830
L 3 0 -3
L 5 2 -4
L 6 4 -2
L 7 2 4
F 8
D 4 3 2 5 6 7 8
L 9 0 3
D 2 1 2 3 4 9 8
L 12 6 -6
L 13 8 -7
L 14 6 6
D 11 7 2 12 13 14 8
L 17 10 -5
L 18 12 1
L 19 10 5
D 16 11 2 17 18 19 8
L 21 14 -8
L 23 16 -9
L 24 18 -10
L 25 16 9
D 22 17 2 23 24 25 8
L 26 14 8
D 20 15 2 21 22 26 8
L 28 12 -1
T 29
D 27 11 2 17 28 19 29
D 15 13 2 16 20 27 8
L 31 8 7
D 30 7 2 12 31 14 29
D 10 9 2 11 15 30 8
L 34 4 2
D 33 3 2 5 34 7 29
D 32 1 2 3 33 9 29
D 1 5 2 2 10 32 8
L 39 20 14
L 40 22 -15
L 41 20 -14
D 38 21 2 39 40 41 8
L 43 24 -16
L 44 26 -17
L 45 24 16
D 42 25 2 43 44 45 8
L 47 22 15
D 46 21 2 39 47 41 29
D 37 23 2 38 42 46 8
L 50 28 -13
L 51 30 -12
L 52 28 13
D 49 29 2 50 51 52 8
L 55 32 -11
L 56 34 -18
L 57 32 11
D 54 33 2 55 56 57 8
L 59 36 -20
L 60 38 -19
L 61 36 20
D 58 37 2 59 60 61 8
L 63 34 18
D 62 33 2 55 63 57 29
D 53 35 2 54 58 62 8
L 65 30 12
D 64 29 2 50 65 52 29
D 48 31 2 49 53 64 8
L 68 26 17
D 67 25 2 43 68 45 29
D 66 23 2 38 67 46 29
D 36 27 2 37 48 66 8
L 73 40 -34
L 74 42 -35
L 75 40 34
D 72 41 2 73 74 75 8
L 77 44 -32
L 78 46 -33
L 79 44 32
D 76 45 2 77 78 79 8
L 81 42 35
D 80 41 2 73 81 75 29
D 71 43 2 72 76 80 8
L 84 48 -37
L 85 50 -38
L 86 48 37
D 83 49 2 84 85 86 8
L 89 52 -31
L 90 54 -36
L 91 52 31
D 88 53 2 89 90 91 8
L 93 56 -39
L 94 58 40
L 95 56 39
D 92 57 2 93 94 95 8
L 97 54 36
D 96 53 2 89 97 91 29
D 87 55 2 88 92 96 8
L 99 50 38
D 98 49 2 84 99 86 29
D 82 51 2 83 87 98 8
L 102 46 33
D 101 45 2 77 102 79 29
D 100 43 2 72 101 80 29
D 70 47 2 71 82 100 8
L 107 60 -22
L 108 62 -21
L 109 60 22
D 106 61 2 107 108 109 8
L 111 64 -25
L 112 66 -26
L 113 64 25
D 110 65 2 111 112 113 8
L 115 62 21
D 114 61 2 107 115 109 29
D 105 63 2 106 110 114 8
L 118 68 -27
L 119 70 -28
L 120 68 27
D 117 69 2 118 119 120 8
L 123 72 -23
L 124 74 -24
L 125 72 23
D 122 73 2 123 124 125 8
L 127 76 30
L 128 78 -29
L 129 76 -30
D 126 77 2 127 128 129 8
L 131 74 24
D 130 73 2 123 131 125 29
D 121 75 2 122 126 130 8
L 133 70 28
D 132 69 2 118 133 120 29
D 116 71 2 117 121 132 8
L 136 66 26
D 135 65 2 111 136 113 29
D 134 63 2 106 135 114 29
D 104 67 2 105 116 134 8
L 140 80 -46
L 141 82 -47
L 142 80 46
D 139 81 2 140 141 142 8
L 144 84 -48
L 146 86 50
L 147 88 -49
L 148 86 -50
D 145 87 2 146 147 148 8
L 149 84 48
D 143 85 2 144 145 149 8
L 151 82 47
D 150 81 2 140 151 142 29
D 138 83 2 139 143 150 8
L 155 90 -43
L 156 92 -44
L 157 90 43
D 154 91 2 155 156 157 8
L 159 94 -42
L 161 96 -45
L 162 98 -41
L 163 96 45
D 160 97 2 161 162 163 8
L 164 94 42
D 158 95 2 159 160 164 8
L 166 92 44
D 165 91 2 155 166 157 29
D 153 93 2 154 158 165 8
L 169 100 -57
L 171 102 -58
L 173 104 60
L 174 106 -59
L 175 104 -60
D 172 105 2 173 174 175 8
L 176 102 58
D 170 103 2 171 172 176 8
L 177 100 57
D 168 101 2 169 170 177 8
L 180 108 -53
L 182 110 -56
L 183 112 -55
L 184 110 56
D 181 111 2 182 183 184 8
L 185 108 53
D 179 109 2 180 181 185 8
L 188 114 -51
L 190 116 -54
L 191 118 -52
L 192 116 54
D 189 117 2 190 191 192 8
L 193 114 51
D 187 115 2 188 189 193 8
L 196 120 -61
L 197 122 -62
L 198 120 61
D 195 121 2 196 197 198 8
L 201 124 -63
L 202 126 -64
L 203 124 63
D 200 125 2 201 202 203 8
L 205 128 -65
L 207 130 -66
L 209 132 -67
L 211 134 -68
L 213 136 -69
L 214 138 70
L 215 136 69
D 212 137 2 213 214 215 8
L 216 134 68
D 210 135 2 211 212 216 8
L 217 132 67
D 208 133 2 209 210 217 8
L 218 130 66
D 206 131 2 207 208 218 8
L 219 128 65
D 204 129 2 205 206 219 8
L 221 126 64
D 220 125 2 201 221 203 29
D 199 127 2 200 204 220 8
L 223 122 62
D 222 121 2 196 223 198 29
D 194 123 2 195 199 222 8
L 226 118 52
D 225 117 2 190 226 192 29
D 224 115 2 188 225 193 29
D 186 119 2 187 194 224 8
L 229 112 55
D 228 111 2 182 229 184 29
D 227 109 2 180 228 185 29
D 178 113 2 179 186 227 8
L 233 106 59
D 232 105 2 173 233 175 29
D 231 103 2 171 232 176 29
D 230 101 2 169 231 177 29
D 167 107 2 168 178 230 8
L 237 98 41
D 236 97 2 161 237 163 29
D 235 95 2 159 236 164 29
D 234 93 2 154 235 165 29
D 152 99 2 153 167 234 8
L 241 88 49
D 240 87 2 146 241 148 29
D 239 85 2 144 240 149 29
D 238 83 2 139 239 150 29
D 137 89 2 138 152 238 8
L 246 78 29
D 245 77 2 127 246 129 29
D 244 75 2 122 245 130 29
D 243 71 2 117 244 132 29
D 242 67 2 105 243 134 29
D 103 79 2 104 137 242 8
L 251 58 -40
D 250 57 2 93 251 95 29
D 249 55 2 88 250 96 29
D 248 51 2 83 249 98 29
D 247 47 2 71 248 100 29
D 69 59 2 70 103 247 8
D 254 21 2 41 47 39 8
D 255 21 2 41 40 39 29
D 253 23 2 254 42 255 8
D 256 23 2 254 67 255 29
D 252 27 2 253 48 256 8
D 261 57 2 95 251 93 8
D 260 55 2 88 261 96 8
D 259 51 2 83 260 98 8
D 258 47 2 71 259 100 8
D 266 77 2 129 246 127 8
D 265 75 2 122 266 130 8
D 264 71 2 117 265 132 8
D 263 67 2 105 264 134 8
D 272 105 2 175 233 173 8
D 271 103 2 171 272 176 8
D 270 101 2 169 271 177 8
L 282 138 -70
D 281 137 2 215 282 213 8
D 280 135 2 211 281 216 8
D 279 133 2 209 280 217 8
D 278 131 2 207 279 218 8
D 277 129 2 205 278 219 8
D 276 127 2 200 277 220 8
D 275 123 2 195 276 222 8
D 274 119 2 187 275 224 8
D 273 113 2 179 274 227 8
D 285 105 2 175 174 173 233
D 284 103 2 171 285 176 29
D 283 101 2 169 284 177 29
D 269 107 3 270 178 168 273 283 8
D 268 99 2 153 269 234 8
D 288 87 2 148 241 146 8
D 287 85 2 144 288 149 8
D 286 83 2 139 287 150 8
D 291 87 2 148 147 146 241
D 290 85 2 144 291 149 29
D 289 83 2 139 290 150 29
D 267 89 3 138 268 286 152 289 8
D 295 77 2 129 128 127 246
D 294 75 2 122 295 130 29
D 293 71 2 117 294 132 29
D 292 67 2 105 293 134 29
D 262 79 3 263 137 104 267 292 8
D 299 57 2 93 251 95 94
D 298 55 2 88 299 96 29
D 297 51 2 83 298 98 29
D 296 47 2 71 297 100 29
D 257 59 3 258 103 70 262 296 8
D 302 21 2 41 40 39 8
D 303 25 2 45 44 43 8
D 304 21 2 41 47 39 29
D 301 23 2 302 303 304 8
D 306 25 2 45 68 43 29
D 305 23 2 302 306 304 29
D 300 27 2 301 48 305 8
D 310 49 2 84 99 86 8
D 312 57 2 93 251 95 8
D 311 55 2 88 312 96 8
D 313 49 2 84 85 86 29
D 309 51 2 310 311 313 8
D 308 47 2 71 309 100 8
D 317 69 2 118 133 120 8
D 319 77 2 129 128 127 8
D 318 75 2 122 319 130 8
D 320 69 2 118 119 120 29
D 316 71 2 317 318 320 8
D 315 67 2 105 316 134 8
D 332 137 2 213 282 215 8
D 331 135 2 216 332 211 8
D 330 133 2 209 331 217 8
D 329 131 2 207 330 218 8
D 328 129 2 205 329 219 8
D 327 127 2 200 328 220 8
D 326 123 2 195 327 222 8
D 325 119 2 187 326 224 8
D 324 113 2 179 325 227 8
D 335 105 2 175 174 173 8
D 334 103 2 176 335 171 8
D 333 101 2 169 334 177 8
D 338 105 2 175 233 173 29
D 337 103 2 171 285 176 338
D 336 101 2 169 337 177 29
D 323 107 4 168 324 333 178 270 273 336 8
D 322 99 2 153 323 234 8
D 341 87 2 148 147 146 8
D 340 85 2 149 341 144 8
D 339 83 2 139 340 150 8
D 344 87 2 148 241 146 29
D 343 85 2 144 291 149 344
D 342 83 2 139 343 150 29
D 321 89 4 138 322 286 268 339 152 342 8
D 348 77 2 129 246 127 29
D 347 75 2 122 348 130 29
D 346 71 3 117 294 317 347 120 29
D 345 67 2 105 346 134 29
D 314 79 4 315 137 263 267 104 321 345 8
D 352 57 2 93 94 95 29
D 351 55 2 88 352 96 29
D 350 51 3 83 298 310 351 86 29
D 349 47 2 71 350 100 29
D 307 59 4 308 103 258 262 70 314 349 8
D 355 25 2 43 68 45 8
D 354 23 2 302 355 304 8
D 357 25 2 43 44 45 29
D 356 23 2 302 357 304 29
D 353 27 2 354 48 356 8
D 361 49 2 86 85 84 8
D 362 49 2 86 99 84 29
D 360 51 2 361 311 362 8
D 359 47 2 71 360 100 8
D 366 69 2 120 119 118 8
D 367 69 2 120 133 118 29
D 365 71 2 366 318 367 8
D 364 67 2 105 365 134 8
D 378 135 2 211 332 216 8
D 377 133 2 217 378 209 8
D 376 131 2 207 377 218 8
D 375 129 2 205 376 219 8
D 374 127 2 200 375 220 8
D 373 123 2 195 374 222 8
D 372 119 2 187 373 224 8
D 371 113 2 179 372 227 8
D 380 103 2 171 335 176 8
D 379 101 2 177 380 169 8
D 382 103 2 171 338 176 29
D 381 101 2 169 337 177 382
D 370 107 5 168 371 270 324 379 178 333 273 381 8
D 369 99 2 153 370 234 8
D 384 81 2 140 151 142 8
D 385 85 2 144 341 149 8
D 386 81 2 140 141 142 29
D 383 83 2 384 385 386 8
D 388 85 2 144 344 149 29
D 387 83 3 139 343 384 388 142 29
D 368 89 5 138 369 286 322 339 268 383 152 387 8
D 391 69 2 120 119 118 133
D 392 69 2 120 133 118 8
D 390 71 3 117 294 391 347 392 29
D 389 67 2 105 390 134 29
D 363 79 5 364 137 315 267 263 321 104 368 389 8
D 395 49 2 86 85 84 99
D 396 49 2 86 99 84 8
D 394 51 3 83 298 395 351 396 29
D 393 47 2 71 394 100 29
D 358 59 5 359 103 308 262 258 314 70 363 393 8
D 398 23 2 302 42 304 8
D 401 33 2 55 63 57 8
D 402 33 2 55 56 57 29
D 400 35 2 401 58 402 8
D 399 31 2 49 400 64 8
D 403 23 2 302 67 304 29
D 397 27 2 398 399 403 8
D 408 53 2 89 97 91 8
D 409 53 2 89 90 91 29
D 407 55 2 408 312 409 8
D 406 51 2 83 407 98 8
D 405 47 2 71 406 100 8
D 413 65 2 111 136 113 8
D 412 63 2 106 413 114 8
D 414 71 2 117 318 132 8
D 416 65 2 111 112 113 29
D 415 63 2 106 416 114 29
D 411 67 2 412 414 415 8
D 426 133 2 209 378 217 8
D 425 131 2 218 426 207 8
D 424 129 2 205 425 219 8
D 423 127 2 200 424 220 8
D 422 123 2 195 423 222 8
D 421 119 2 187 422 224 8
D 420 113 2 179 421 227 8
D 427 101 2 169 380 177 8
D 430 111 2 184 183 182 8
D 429 109 2 180 430 185 8
D 432 111 2 184 229 182 29
D 431 109 2 180 432 185 29
D 428 113 2 429 186 431 8
D 435 105 2 173 233 175 8
D 434 103 2 171 435 176 338
D 433 101 2 169 434 177 382
D 419 107 6 168 420 427 428 270 371 333 324 379 273 433 8
D 418 99 2 153 419 234 8
D 437 81 2 142 141 140 8
D 438 81 2 142 151 140 29
D 436 83 2 437 385 438 8
D 440 81 2 142 141 140 151
D 441 81 2 142 151 140 8
D 439 83 3 139 343 440 388 441 29
D 417 89 6 138 418 286 369 339 322 383 268 436 152 439 8
D 443 71 2 117 347 132 29
D 444 63 2 106 113 114 29
D 442 67 3 105 390 412 443 444 29
D 410 79 6 411 137 364 267 315 321 263 368 104 417 442 8
D 447 55 3 408 352 88 299 91 29
D 446 51 3 83 447 395 351 396 29
D 445 47 2 71 446 100 29
D 404 59 6 405 103 359 262 308 314 258 363 70 410 445 8
L 452 38 19
D 451 37 2 59 452 61 8
D 450 35 2 54 451 62 8
D 449 31 2 49 450 64 8
D 448 27 2 398 449 403 8
D 456 41 2 73 81 75 8
D 457 41 2 73 74 75 29
D 455 43 2 456 76 457 8
D 458 51 2 83 311 98 8
D 459 43 2 456 101 457 29
D 454 47 2 455 458 459 8
D 463 65 2 113 112 111 8
D 462 63 2 106 463 114 8
D 465 65 2 113 136 111 29
D 464 63 2 106 465 114 29
D 461 67 2 462 414 464 8
D 474 131 2 207 426 218 8
D 473 129 2 219 474 205 8
D 472 127 2 200 473 220 8
D 471 123 2 195 472 222 8
D 470 119 2 187 471 224 8
D 469 113 2 179 470 227 8
D 477 111 2 182 229 184 8
D 476 109 2 180 477 185 8
D 479 111 2 182 183 184 229
D 478 109 2 180 479 185 29
D 475 113 3 429 274 476 186 478 8
D 468 107 6 168 469 427 475 270 420 333 371 379 324 433 8
D 467 99 2 153 468 234 8
D 480 83 2 139 385 150 8
D 484 97 2 163 162 161 8
D 483 95 2 159 484 164 8
D 482 93 2 154 483 165 8
D 487 97 2 163 237 161 29
D 486 95 2 159 487 164 29
D 485 93 2 154 486 165 29
D 481 99 2 482 167 485 8
D 490 87 2 146 241 148 8
D 489 85 2 144 490 149 344
D 488 83 3 139 489 440 388 441 29
D 466 89 7 138 467 480 481 286 418 339 369 383 322 436 268 488 8
D 493 65 2 113 112 111 136
D 492 63 2 106 493 114 8
D 495 65 2 113 136 111 8
D 494 63 2 106 495 114 29
D 491 67 3 105 390 492 443 494 29
D 460 79 7 461 137 411 267 364 321 315 368 263 417 104 466 491 8
D 497 51 2 83 351 98 29
D 498 43 2 73 101 75 29
D 496 47 3 71 446 455 497 498 29
D 453 59 7 454 103 405 262 359 314 308 363 258 410 70 460 496 8
D 502 37 2 61 60 59 8
D 501 35 2 54 502 62 8
D 500 31 2 49 501 64 8
D 499 27 2 398 500 403 8
D 506 41 2 75 74 73 8
D 507 41 2 75 81 73 29
D 505 43 2 506 76 507 8
D 508 43 2 506 101 507 29
D 504 47 2 505 458 508 8
D 513 73 2 123 131 125 8
D 514 73 2 123 124 125 29
D 512 75 2 513 319 514 8
D 511 71 2 117 512 132 8
D 510 67 2 105 511 134 8
D 522 125 2 201 221 203 8
D 523 129 2 205 474 219 8
D 524 125 2 201 202 203 29
D 521 127 2 522 523 524 8
D 520 123 2 195 521 222 8
D 519 119 2 187 520 224 8
D 518 113 2 179 519 227 8
D 528 117 2 192 191 190 8
D 527 115 2 188 528 193 8
D 530 117 2 192 226 190 29
D 529 115 2 188 530 193 29
D 526 119 2 527 194 529 8
D 532 111 2 184 229 182 8
D 531 109 2 180 532 185 29
D 525 113 4 476 274 179 526 429 325 531 8
D 517 107 6 168 518 427 525 270 469 333 420 379 371 433 8
D 516 99 2 153 517 234 8
D 535 91 2 155 166 157 8
D 536 91 2 155 156 157 29
D 534 93 2 535 158 536 8
D 537 93 3 154 486 535 235 157 29
D 533 99 3 534 167 482 269 537 8
D 515 89 7 138 516 480 533 286 467 339 418 383 369 436 322 488 8
D 540 75 3 513 348 122 295 125 29
D 539 71 3 117 540 391 347 392 29
D 538 67 3 105 539 492 443 494 29
D 509 79 8 510 137 461 267 411 321 364 368 315 417 263 466 104 515 538 8
D 543 41 2 75 74 73 81
D 544 41 2 73 74 75 81
D 542 43 2 543 76 544 8
D 546 41 2 75 74 73 29
D 547 41 2 75 81 73 8
D 545 43 2 546 101 547 29
D 541 47 3 71 446 542 497 545 29
D 503 59 8 504 103 454 262 405 314 359 363 308 410 258 460 70 509 541 8
D 551 37 2 59 452 61 29
D 552 37 2 59 60 61 452
D 550 35 3 401 551 54 552 57 29
D 549 31 2 49 550 64 29
D 554 25 2 45 44 43 68
D 555 21 2 39 40 41 47
D 556 21 2 39 47 41 8
D 553 23 3 302 554 555 42 556 8
D 558 35 2 54 551 62 29
D 557 31 2 49 558 64 29
D 560 25 2 45 68 43 8
D 559 23 3 302 560 555 67 556 29
D 548 27 3 398 549 553 557 559 29
D 35 39 8 36 69 252 257 300 307 353 358 397 404 448 453 499 503 548 8
D 563 3 2 5 34 7 8
D 562 1 2 3 563 9 8
D 566 11 2 17 28 19 8
D 567 11 2 17 18 19 29
D 565 13 2 566 20 567 8
D 564 9 2 11 565 30 8
D 569 3 2 5 6 7 29
D 568 1 2 3 569 9 29
D 561 5 2 562 564 568 8
D 573 29 2 52 51 50 8
D 574 29 2 52 65 50 29
D 572 31 2 573 53 574 8
D 571 27 2 398 572 403 8
D 578 45 2 77 102 79 8
D 577 43 2 72 578 80 8
D 580 45 2 77 78 79 29
D 579 43 2 72 580 80 29
D 576 47 2 577 458 579 8
D 585 73 2 125 124 123 8
D 586 73 2 125 131 123 29
D 584 75 2 585 319 586 8
D 583 71 2 117 584 132 8
D 582 67 2 105 583 134 8
D 591 109 2 185 181 180 8
D 592 119 2 527 275 529 8
D 593 109 2 180 532 185 228
D 590 113 5 476 325 591 186 179 592 429 372 593 8
D 598 125 2 203 202 201 8
D 599 125 2 203 221 201 29
D 597 127 2 598 523 599 8
D 596 123 2 195 597 222 8
D 595 119 2 187 596 224 8
D 594 113 2 179 595 227 8
D 589 107 6 427 590 168 594 270 518 333 469 379 420 433 8
D 588 99 2 153 589 234 8
D 602 91 2 157 156 155 8
D 603 91 2 157 166 155 29
D 601 93 2 602 158 603 8
D 605 91 2 157 156 155 166
D 606 91 2 157 166 155 8
D 604 93 3 154 486 605 235 606 29
D 600 99 4 601 167 534 269 482 323 604 8
D 587 89 7 138 588 480 600 286 516 339 467 383 418 436 369 488 8
D 610 73 2 125 124 123 131
D 611 73 2 125 131 123 8
D 609 75 3 610 348 122 295 611 29
D 608 71 3 391 347 117 609 392 29
D 607 67 3 492 443 105 608 494 29
D 581 79 9 582 137 510 267 461 321 411 368 364 417 315 466 263 515 104 587 607 8
D 613 43 3 72 578 543 76 547 8
D 614 43 3 543 101 72 79 547 29
D 612 47 3 71 446 613 497 614 29
D 575 59 9 576 103 504 262 454 314 405 363 359 410 308 460 258 509 70 581 612 8
D 616 31 3 49 550 573 558 65 29
D 615 27 3 398 616 553 557 559 29
D 570 39 9 571 69 36 257 252 307 300 358 353 404 397 453 448 503 499 575 615 8
D 618 1 2 9 4 3 8
D 619 1 2 9 33 3 29
D 617 5 2 618 564 619 8
D 623 29 2 50 65 52 8
D 624 29 2 50 51 52 29
D 622 31 2 623 53 624 8
D 621 27 2 398 622 403 8
D 628 45 2 79 78 77 8
D 627 43 2 72 628 80 8
D 630 45 2 79 102 77 29
D 629 43 2 72 630 80 29
D 626 47 2 627 458 629 8
D 634 61 2 109 108 107 8
D 635 61 2 109 115 107 29
D 633 63 2 634 110 635 8
D 636 63 2 634 135 635 29
D 632 67 2 633 414 636 8
D 643 117 2 190 226 192 8
D 642 115 2 188 643 193 8
D 645 117 2 190 191 192 226
D 644 115 2 188 645 193 29
D 641 119 3 642 194 527 326 644 8
D 640 113 5 179 641 591 274 476 372 429 421 593 8
D 649 121 2 196 223 198 8
D 650 127 2 200 523 220 8
D 651 121 2 196 197 198 29
D 648 123 2 649 650 651 8
D 647 119 2 187 648 224 8
D 646 113 2 179 647 227 8
D 639 107 6 427 640 270 594 333 518 168 646 379 469 433 8
D 638 99 2 153 639 234 8
D 654 95 2 164 160 159 8
D 653 93 2 154 654 165 8
D 656 95 2 159 487 164 236
D 655 93 3 154 656 605 235 606 29
D 652 99 5 653 167 601 269 534 323 482 370 655 8
D 637 89 7 138 638 480 652 286 588 339 516 383 467 436 418 488 8
D 658 63 3 106 493 634 110 115 8
D 659 63 3 106 495 634 135 115 29
D 657 67 3 658 443 105 608 659 29
D 631 79 10 632 137 582 267 510 321 461 368 411 417 364 466 315 515 263 587 104 637 657 8
D 662 45 2 79 78 77 102
D 661 43 3 72 662 543 76 547 8
D 664 45 2 79 102 77 8
D 663 43 3 72 664 543 101 547 29
D 660 47 3 71 446 661 497 663 29
D 625 59 10 626 103 576 262 504 314 454 363 405 410 359 460 308 509 258 581 70 631 660 8
D 667 29 2 52 51 50 65
D 668 29 2 52 65 50 8
D 666 31 3 49 550 667 558 668 29
D 665 27 3 398 666 553 557 559 29
D 620 39 10 621 69 571 257 36 307 252 358 300 404 353 453 397 503 448 575 499 625 665 8
D 671 3 2 7 6 5 8
D 670 1 2 3 671 9 8
D 673 3 2 7 34 5 29
D 672 1 2 3 673 9 29
D 669 5 2 670 564 672 8
D 678 33 2 57 56 55 8
D 679 33 2 57 63 55 29
D 677 35 2 678 58 679 8
D 676 31 2 49 677 64 8
D 675 27 2 398 676 403 8
D 684 53 2 91 90 89 8
D 685 53 2 91 97 89 29
D 683 55 2 684 312 685 8
D 682 51 2 83 683 98 8
D 681 47 2 71 682 100 8
D 689 61 2 107 115 109 8
D 690 61 2 107 108 109 29
D 688 63 2 689 110 690 8
D 691 63 2 689 135 690 29
D 687 67 2 688 414 691 8
D 696 97 2 161 237 163 8
D 695 95 2 159 696 164 8
D 694 93 2 154 695 165 8
D 699 97 2 161 162 163 237
D 698 95 2 159 699 164 236
D 697 93 3 154 698 605 235 606 29
D 693 99 6 694 167 653 269 601 323 534 370 482 419 697 8
D 704 115 2 193 189 188 8
D 705 115 2 188 645 193 225
D 703 119 4 704 194 642 275 527 373 705 8
D 702 113 5 179 703 591 325 476 421 429 470 593 8
D 709 121 2 198 197 196 8
D 710 121 2 198 223 196 29
D 708 123 2 709 650 710 8
D 707 119 2 187 708 224 8
D 706 113 2 179 707 227 8
D 701 107 6 427 702 333 594 379 518 270 646 168 706 433 8
D 700 99 2 153 701 234 8
D 692 89 7 480 693 138 700 286 638 339 588 383 516 436 467 488 8
D 713 61 2 109 108 107 115
D 714 61 2 109 115 107 8
D 712 63 3 106 493 713 110 714 8
D 715 63 3 106 495 713 135 714 29
D 711 67 3 712 443 105 608 715 29
D 686 79 11 687 137 632 267 582 321 510 368 461 417 411 466 364 515 315 587 263 637 104 692 711 8
D 719 53 2 91 90 89 97
D 720 53 2 91 97 89 8
D 718 55 3 719 352 88 299 720 29
D 717 51 3 395 351 83 718 396 29
D 716 47 3 661 497 71 717 663 29
D 680 59 11 681 103 626 262 576 314 504 363 454 410 405 460 359 509 308 581 258 631 70 686 716 8
D 724 33 2 57 56 55 63
D 725 33 2 57 63 55 8
D 723 35 3 724 551 54 552 725 29
D 722 31 3 667 558 49 723 668 29
D 721 27 3 553 557 398 722 559 29
D 674 39 11 675 69 621 257 571 307 36 358 252 404 300 453 353 503 397 575 448 625 499 680 721 8
D 729 11 2 19 28 17 8
D 730 11 2 19 18 17 29
D 728 13 2 729 20 730 8
D 727 9 2 11 728 30 8
D 726 5 2 2 727 32 8
D 735 99 6 694 269 653 323 601 370 534 419 482 468 697 8
D 739 119 4 704 275 642 326 527 422 705 8
D 738 113 5 179 739 591 372 476 470 429 519 593 8
D 741 103 2 176 338 171 173
D 740 101 2 169 741 177 382
D 737 107 5 379 594 427 738 333 646 270 706 740 8
D 736 99 2 153 737 234 8
D 734 89 7 480 735 286 700 138 736 339 638 383 588 436 516 488 8
D 733 79 11 687 267 632 321 582 368 510 417 461 466 411 515 364 587 315 637 263 692 104 734 711 8
D 732 59 11 681 262 626 314 576 363 504 410 454 460 405 509 359 581 308 631 258 686 70 733 716 8
D 731 39 11 675 257 621 307 571 358 36 404 252 453 300 503 353 575 397 625 448 680 499 732 721 8
D 744 7 2 14 13 12 8
D 745 7 2 14 31 12 29
D 743 9 2 744 565 745 8
D 742 5 2 2 743 32 8
D 750 99 6 694 323 653 370 601 419 534 468 482 517 697 8
D 754 119 4 704 326 642 373 527 471 705 8
D 753 113 5 179 754 591 421 476 519 429 595 593 8
D 755 101 2 177 382 169 338
D 752 107 4 379 646 427 753 333 706 755 8
D 751 99 2 153 752 234 8
D 749 89 7 480 750 339 700 286 736 138 751 383 638 436 588 488 8
D 748 79 11 687 321 632 368 582 417 510 466 461 515 411 587 364 637 315 692 263 734 104 749 711 8
D 747 59 11 681 314 626 363 576 410 504 460 454 509 405 581 359 631 308 686 258 733 70 748 716 8
D 746 39 11 675 307 621 358 571 404 36 453 252 503 300 575 353 625 397 680 448 732 499 747 721 8
D 758 7 2 12 31 14 8
D 759 7 2 12 13 14 29
D 757 9 2 758 565 759 8
D 756 5 2 2 757 32 8
D 764 99 6 694 370 653 419 601 468 534 517 482 589 697 8
D 768 119 4 704 373 642 422 527 520 705 8
D 767 113 5 179 768 591 470 476 595 429 647 593 8
D 766 107 3 379 706 427 767 382 8
D 765 99 2 153 766 234 8
D 763 89 7 480 764 383 700 339 736 286 751 138 765 436 638 488 8
D 762 79 11 687 368 632 417 582 466 510 515 461 587 411 637 364 692 315 734 263 749 104 763 711 8
D 761 59 11 681 363 626 410 576 460 504 509 454 581 405 631 359 686 308 733 258 748 70 762 716 8
D 760 39 11 675 358 621 404 571 453 36 503 252 575 300 625 353 680 397 732 448 747 499 761 721 8
D 772 15 2 26 22 21 8
D 771 13 2 566 772 567 8
D 770 9 2 11 771 30 8
D 769 5 2 2 770 32 8
D 777 99 6 694 419 653 468 601 517 534 589 482 639 697 8
D 781 119 4 704 422 642 471 527 596 705 8
D 780 113 5 179 781 591 519 476 647 429 707 593 8
D 782 101 2 169 382 177 29
D 779 107 2 427 780 782 8
D 778 99 2 153 779 234 8
D 776 89 7 436 700 480 777 383 736 339 751 286 765 138 778 488 8
D 775 79 11 687 417 632 466 582 515 510 587 461 637 411 692 364 734 315 749 263 763 104 776 711 8
D 774 59 11 681 410 626 460 576 509 504 581 454 631 405 686 359 733 308 748 258 762 70 775 716 8
D 773 39 11 675 404 621 453 571 503 36 575 252 625 300 680 353 732 397 747 448 761 499 774 721 8
D 787 17 2 25 24 23 8
D 786 15 2 21 787 26 8
D 785 13 2 566 786 567 8
D 784 9 2 11 785 30 8
D 783 5 2 2 784 32 8
D 792 99 6 694 468 653 517 601 589 534 639 482 701 697 8
D 796 119 4 704 471 642 520 527 648 705 8
D 797 109 2 185 228 180 184
D 795 113 4 179 796 591 595 476 707 797 8
D 794 107 2 427 795 782 8
D 793 99 2 153 794 234 8
D 791 89 7 436 736 480 792 383 751 339 765 286 778 138 793 488 8
D 790 79 11 687 466 632 515 582 587 510 637 461 692 411 734 364 749 315 763 263 776 104 791 711 8
D 789 59 11 681 460 626 509 576 581 504 631 454 686 405 733 359 748 308 762 258 775 70 790 716 8
D 788 39 11 675 453 621 503 571 575 36 625 252 680 300 732 353 747 397 761 448 774 499 789 721 8
L 803 18 10
D 802 17 2 23 803 25 8
D 801 15 2 21 802 26 8
D 800 13 2 566 801 567 8
D 799 9 2 11 800 30 8
D 798 5 2 2 799 32 8
D 808 99 6 694 517 653 589 601 639 534 701 482 737 697 8
D 812 119 4 704 520 642 596 527 708 705 8
D 811 113 3 179 812 591 647 228 8
D 810 107 2 427 811 782 8
D 809 99 2 153 810 234 8
D 807 89 7 436 751 480 808 383 765 339 778 286 793 138 809 488 8
D 806 79 11 687 515 632 587 582 637 510 692 461 734 411 749 364 763 315 776 263 791 104 807 711 8
D 805 59 11 681 509 626 581 576 631 504 686 454 733 405 748 359 762 308 775 258 790 70 806 716 8
D 804 39 11 675 503 621 575 571 625 36 680 252 732 300 747 353 761 397 774 448 789 499 805 721 8
D 817 17 2 23 24 25 803
D 818 17 2 23 803 25 29
D 816 15 2 21 817 26 818
D 819 11 2 19 28 17 18
D 820 15 2 21 818 26 29
D 821 11 2 19 18 17 8
D 815 13 3 566 816 819 820 821 29
D 822 7 2 14 13 12 31
D 823 13 2 566 820 567 29
D 824 7 2 14 31 12 8
D 814 9 3 11 815 822 823 824 29
D 826 3 2 7 6 5 34
D 825 1 2 3 826 9 4
D 827 9 2 11 823 30 29
D 829 3 2 7 34 5 8
D 828 1 2 3 829 9 33
D 813 5 3 2 814 825 827 828 29
D 0 19 11 1 35 561 570 617 620 669 674 726 731 742 746 756 760 769 773 783 788 798 804 813 8
