c ids of sdd nodes start at 0
c sdd nodes appear bottom-up, children before parents
c
c file syntax:
c sdd count-of-sdd-nodes
c F id-of-false-sdd-node
c T id-of-true-sdd-node
c L id-of-literal-sdd-node id-of-vtree literal
c D id-of-decomposition-sdd-node id-of-vtree number-of-elements {id-of-prime id-of-sub}*
c
sdd 825
L 3 0 -3
L 5 2 -4
L 6 4 -2
L 7 2 4
F 8
D 4 3 2 5 6 7 8
L 9 0 3
D 2 1 2 3 4 9 8
L 12 6 -6
L 13 8 -7
L 14 6 6
D 11 7 2 12 13 14 8
L 17 10 -5
L 18 12 1
L 19 10 5
D 16 11 2 17 18 19 8
L 21 14 -8
L 23 16 -9
L 24 18 -10
L 25 16 9
D 22 17 2 23 24 25 8
L 26 14 8
D 20 15 2 21 22 26 8
L 28 12 -1
T 29
D 27 11 2 17 28 19 29
D 15 13 2 16 20 27 8
L 31 8 7
D 30 7 2 12 31 14 29
D 10 9 2 11 15 30 8
L 34 4 2
D 33 3 2 5 34 7 29
D 32 1 2 3 33 9 29
D 1 5 2 2 10 32 8
L 39 20 -14
L 40 22 15
L 41 20 14
D 38 21 2 39 40 41 8
L 43 24 -16
L 44 26 -17
L 45 24 16
D 42 25 2 43 44 45 8
L 47 22 -15
D 46 21 2 39 47 41 29
D 37 23 2 38 42 46 8
L 50 28 -13
L 51 30 -12
L 52 28 13
D 49 29 2 50 51 52 8
L 55 32 -11
L 56 34 -18
L 57 32 11
D 54 33 2 55 56 57 8
L 59 36 -20
L 60 38 -19
L 61 36 20
D 58 37 2 59 60 61 8
L 63 34 18
D 62 33 2 55 63 57 29
D 53 35 2 54 58 62 8
L 65 30 12
D 64 29 2 50 65 52 29
D 48 31 2 49 53 64 8
L 68 26 17
D 67 25 2 43 68 45 29
D 66 23 2 38 67 46 29
D 36 27 2 37 48 66 8
L 73 40 -34
L 74 42 -35
L 75 40 34
D 72 41 2 73 74 75 8
L 77 44 -32
L 78 46 -33
L 79 44 32
D 76 45 2 77 78 79 8
L 81 42 35
D 80 41 2 73 81 75 29
D 71 43 2 72 76 80 8
L 84 48 -37
L 85 50 -38
L 86 48 37
D 83 49 2 84 85 86 8
L 89 52 -31
L 90 54 -36
L 91 52 31
D 88 53 2 89 90 91 8
L 93 56 -39
L 94 58 40
L 95 56 39
D 92 57 2 93 94 95 8
L 97 54 36
D 96 53 2 89 97 91 29
D 87 55 2 88 92 96 8
L 99 50 38
D 98 49 2 84 99 86 29
D 82 51 2 83 87 98 8
L 102 46 33
D 101 45 2 77 102 79 29
D 100 43 2 72 101 80 29
D 70 47 2 71 82 100 8
L 107 60 -22
L 108 62 -21
L 109 60 22
D 106 61 2 107 108 109 8
L 111 64 -25
L 112 66 -26
L 113 64 25
D 110 65 2 111 112 113 8
L 115 62 21
D 114 61 2 107 115 109 29
D 105 63 2 106 110 114 8
L 118 68 -27
L 119 70 -28
L 120 68 27
D 117 69 2 118 119 120 8
L 123 72 -23
L 124 74 -24
L 125 72 23
D 122 73 2 123 124 125 8
L 127 76 30
L 128 78 -29
L 129 76 -30
D 126 77 2 127 128 129 8
L 131 74 24
D 130 73 2 123 131 125 29
D 121 75 2 122 126 130 8
L 133 70 28
D 132 69 2 118 133 120 29
D 116 71 2 117 121 132 8
L 136 66 26
D 135 65 2 111 136 113 29
D 134 63 2 106 135 114 29
D 104 67 2 105 116 134 8
L 140 80 -46
L 141 82 -47
L 142 80 46
D 139 81 2 140 141 142 8
L 144 84 -48
L 146 86 50
L 147 88 -49
L 148 86 -50
D 145 87 2 146 147 148 8
L 149 84 48
D 143 85 2 144 145 149 8
L 151 82 47
D 150 81 2 140 151 142 29
D 138 83 2 139 143 150 8
L 155 90 -43
L 156 92 -44
L 157 90 43
D 154 91 2 155 156 157 8
L 159 94 -42
L 161 96 -45
L 162 98 -41
L 163 96 45
D 160 97 2 161 162 163 8
L 164 94 42
D 158 95 2 159 160 164 8
L 166 92 44
D 165 91 2 155 166 157 29
D 153 93 2 154 158 165 8
L 169 100 -57
L 171 102 -58
L 173 104 60
L 174 106 -59
L 175 104 -60
D 172 105 2 173 174 175 8
L 176 102 58
D 170 103 2 171 172 176 8
L 177 100 57
D 168 101 2 169 170 177 8
L 180 108 -53
L 182 110 -56
L 183 112 -55
L 184 110 56
D 181 111 2 182 183 184 8
L 185 108 53
D 179 109 2 180 181 185 8
L 188 114 -51
L 190 116 -54
L 191 118 -52
L 192 116 54
D 189 117 2 190 191 192 8
L 193 114 51
D 187 115 2 188 189 193 8
L 196 120 -61
L 197 122 -62
L 198 120 61
D 195 121 2 196 197 198 8
L 201 124 -63
L 202 126 -64
L 203 124 63
D 200 125 2 201 202 203 8
L 205 128 -65
L 207 130 -66
L 209 132 -67
L 211 134 -68
L 213 136 -69
L 214 138 70
L 215 136 69
D 212 137 2 213 214 215 8
L 216 134 68
D 210 135 2 211 212 216 8
L 217 132 67
D 208 133 2 209 210 217 8
L 218 130 66
D 206 131 2 207 208 218 8
L 219 128 65
D 204 129 2 205 206 219 8
L 221 126 64
D 220 125 2 201 221 203 29
D 199 127 2 200 204 220 8
L 223 122 62
D 222 121 2 196 223 198 29
D 194 123 2 195 199 222 8
L 226 118 52
D 225 117 2 190 226 192 29
D 224 115 2 188 225 193 29
D 186 119 2 187 194 224 8
L 229 112 55
D 228 111 2 182 229 184 29
D 227 109 2 180 228 185 29
D 178 113 2 179 186 227 8
L 233 106 59
D 232 105 2 173 233 175 29
D 231 103 2 171 232 176 29
D 230 101 2 169 231 177 29
D 167 107 2 168 178 230 8
L 237 98 41
D 236 97 2 161 237 163 29
D 235 95 2 159 236 164 29
D 234 93 2 154 235 165 29
D 152 99 2 153 167 234 8
L 241 88 49
D 240 87 2 146 241 148 29
D 239 85 2 144 240 149 29
D 238 83 2 139 239 150 29
D 137 89 2 138 152 238 8
L 246 78 29
D 245 77 2 127 246 129 29
D 244 75 2 122 245 130 29
D 243 71 2 117 244 132 29
D 242 67 2 105 243 134 29
D 103 79 2 104 137 242 8
L 251 58 -40
D 250 57 2 93 251 95 29
D 249 55 2 88 250 96 29
D 248 51 2 83 249 98 29
D 247 47 2 71 248 100 29
D 69 59 2 70 103 247 8
D 254 21 2 39 47 41 8
D 255 25 2 45 44 43 8
D 256 21 2 39 40 41 29
D 253 23 2 254 255 256 8
D 258 25 2 45 68 43 29
D 257 23 2 254 258 256 29
D 252 27 2 253 48 257 8
D 263 57 2 95 251 93 8
D 262 55 2 88 263 96 8
D 261 51 2 83 262 98 8
D 260 47 2 71 261 100 8
D 268 77 2 129 246 127 8
D 267 75 2 122 268 130 8
D 266 71 2 117 267 132 8
D 265 67 2 105 266 134 8
D 274 105 2 175 233 173 8
D 273 103 2 171 274 176 8
D 272 101 2 169 273 177 8
L 284 138 -70
D 283 137 2 215 284 213 8
D 282 135 2 211 283 216 8
D 281 133 2 209 282 217 8
D 280 131 2 207 281 218 8
D 279 129 2 205 280 219 8
D 278 127 2 200 279 220 8
D 277 123 2 195 278 222 8
D 276 119 2 187 277 224 8
D 275 113 2 179 276 227 8
D 287 105 2 175 174 173 233
D 286 103 2 171 287 176 29
D 285 101 2 169 286 177 29
D 271 107 3 272 178 168 275 285 8
D 270 99 2 153 271 234 8
D 290 87 2 148 241 146 8
D 289 85 2 144 290 149 8
D 288 83 2 139 289 150 8
D 293 87 2 148 147 146 241
D 292 85 2 144 293 149 29
D 291 83 2 139 292 150 29
D 269 89 3 138 270 288 152 291 8
D 297 77 2 129 128 127 246
D 296 75 2 122 297 130 29
D 295 71 2 117 296 132 29
D 294 67 2 105 295 134 29
D 264 79 3 265 137 104 269 294 8
D 301 57 2 93 251 95 94
D 300 55 2 88 301 96 29
D 299 51 2 83 300 98 29
D 298 47 2 71 299 100 29
D 259 59 3 260 103 70 264 298 8
D 304 25 2 43 68 45 8
D 303 23 2 254 304 256 8
D 306 25 2 43 44 45 29
D 305 23 2 254 306 256 29
D 302 27 2 303 48 305 8
D 310 49 2 84 99 86 8
D 312 57 2 93 251 95 8
D 311 55 2 88 312 96 8
D 313 49 2 84 85 86 29
D 309 51 2 310 311 313 8
D 308 47 2 71 309 100 8
D 317 69 2 118 133 120 8
D 319 77 2 129 128 127 8
D 318 75 2 122 319 130 8
D 320 69 2 118 119 120 29
D 316 71 2 317 318 320 8
D 315 67 2 105 316 134 8
D 332 137 2 213 284 215 8
D 331 135 2 216 332 211 8
D 330 133 2 209 331 217 8
D 329 131 2 207 330 218 8
D 328 129 2 205 329 219 8
D 327 127 2 200 328 220 8
D 326 123 2 195 327 222 8
D 325 119 2 187 326 224 8
D 324 113 2 179 325 227 8
D 335 105 2 175 174 173 8
D 334 103 2 176 335 171 8
D 333 101 2 169 334 177 8
D 338 105 2 175 233 173 29
D 337 103 2 171 287 176 338
D 336 101 2 169 337 177 29
D 323 107 4 168 324 333 178 272 275 336 8
D 322 99 2 153 323 234 8
D 341 87 2 148 147 146 8
D 340 85 2 149 341 144 8
D 339 83 2 139 340 150 8
D 344 87 2 148 241 146 29
D 343 85 2 144 293 149 344
D 342 83 2 139 343 150 29
D 321 89 4 138 322 288 270 339 152 342 8
D 348 77 2 129 246 127 29
D 347 75 2 122 348 130 29
D 346 71 3 117 296 317 347 120 29
D 345 67 2 105 346 134 29
D 314 79 4 315 137 265 269 104 321 345 8
D 352 57 2 93 94 95 29
D 351 55 2 88 352 96 29
D 350 51 3 83 300 310 351 86 29
D 349 47 2 71 350 100 29
D 307 59 4 308 103 260 264 70 314 349 8
D 354 23 2 254 42 256 8
D 357 33 2 55 63 57 8
D 358 33 2 55 56 57 29
D 356 35 2 357 58 358 8
D 355 31 2 49 356 64 8
D 359 23 2 254 67 256 29
D 353 27 2 354 355 359 8
D 363 49 2 86 85 84 8
D 364 49 2 86 99 84 29
D 362 51 2 363 311 364 8
D 361 47 2 71 362 100 8
D 368 69 2 120 119 118 8
D 369 69 2 120 133 118 29
D 367 71 2 368 318 369 8
D 366 67 2 105 367 134 8
D 380 135 2 211 332 216 8
D 379 133 2 217 380 209 8
D 378 131 2 207 379 218 8
D 377 129 2 205 378 219 8
D 376 127 2 200 377 220 8
D 375 123 2 195 376 222 8
D 374 119 2 187 375 224 8
D 373 113 2 179 374 227 8
D 382 103 2 171 335 176 8
D 381 101 2 177 382 169 8
D 384 103 2 171 338 176 29
D 383 101 2 169 337 177 384
D 372 107 5 168 373 272 324 381 178 333 275 383 8
D 371 99 2 153 372 234 8
D 386 81 2 140 151 142 8
D 387 85 2 144 341 149 8
D 388 81 2 140 141 142 29
D 385 83 2 386 387 388 8
D 390 85 2 144 344 149 29
D 389 83 3 139 343 386 390 142 29
D 370 89 5 138 371 288 322 339 270 385 152 389 8
D 393 69 2 120 119 118 133
D 394 69 2 120 133 118 8
D 392 71 3 117 296 393 347 394 29
D 391 67 2 105 392 134 29
D 365 79 5 366 137 315 269 265 321 104 370 391 8
D 397 49 2 86 85 84 99
D 398 49 2 86 99 84 8
D 396 51 3 83 300 397 351 398 29
D 395 47 2 71 396 100 29
D 360 59 5 361 103 308 264 260 314 70 365 395 8
L 403 38 19
D 402 37 2 59 403 61 8
D 401 35 2 54 402 62 8
D 400 31 2 49 401 64 8
D 399 27 2 354 400 359 8
D 408 53 2 89 97 91 8
D 409 53 2 89 90 91 29
D 407 55 2 408 312 409 8
D 406 51 2 83 407 98 8
D 405 47 2 71 406 100 8
D 413 65 2 111 136 113 8
D 412 63 2 106 413 114 8
D 414 71 2 117 318 132 8
D 416 65 2 111 112 113 29
D 415 63 2 106 416 114 29
D 411 67 2 412 414 415 8
D 426 133 2 209 380 217 8
D 425 131 2 218 426 207 8
D 424 129 2 205 425 219 8
D 423 127 2 200 424 220 8
D 422 123 2 195 423 222 8
D 421 119 2 187 422 224 8
D 420 113 2 179 421 227 8
D 427 101 2 169 382 177 8
D 430 111 2 184 183 182 8
D 429 109 2 180 430 185 8
D 432 111 2 184 229 182 29
D 431 109 2 180 432 185 29
D 428 113 2 429 186 431 8
D 435 105 2 173 233 175 8
D 434 103 2 171 435 176 338
D 433 101 2 169 434 177 384
D 419 107 6 168 420 427 428 272 373 333 324 381 275 433 8
D 418 99 2 153 419 234 8
D 437 81 2 142 141 140 8
D 438 81 2 142 151 140 29
D 436 83 2 437 387 438 8
D 440 81 2 142 141 140 151
D 441 81 2 142 151 140 8
D 439 83 3 139 343 440 390 441 29
D 417 89 6 138 418 288 371 339 322 385 270 436 152 439 8
D 443 71 2 117 347 132 29
D 444 63 2 106 113 114 29
D 442 67 3 105 392 412 443 444 29
D 410 79 6 411 137 366 269 315 321 265 370 104 417 442 8
D 447 55 3 408 352 88 301 91 29
D 446 51 3 83 447 397 351 398 29
D 445 47 2 71 446 100 29
D 404 59 6 405 103 361 264 308 314 260 365 70 410 445 8
D 451 37 2 61 60 59 8
D 450 35 2 54 451 62 8
D 449 31 2 49 450 64 8
D 448 27 2 354 449 359 8
D 455 41 2 73 81 75 8
D 456 41 2 73 74 75 29
D 454 43 2 455 76 456 8
D 457 51 2 83 311 98 8
D 458 43 2 455 101 456 29
D 453 47 2 454 457 458 8
D 462 65 2 113 112 111 8
D 461 63 2 106 462 114 8
D 464 65 2 113 136 111 29
D 463 63 2 106 464 114 29
D 460 67 2 461 414 463 8
D 473 131 2 207 426 218 8
D 472 129 2 219 473 205 8
D 471 127 2 200 472 220 8
D 470 123 2 195 471 222 8
D 469 119 2 187 470 224 8
D 468 113 2 179 469 227 8
D 476 111 2 182 229 184 8
D 475 109 2 180 476 185 8
D 478 111 2 182 183 184 229
D 477 109 2 180 478 185 29
D 474 113 3 429 276 475 186 477 8
D 467 107 6 168 468 427 474 272 420 333 373 381 324 433 8
D 466 99 2 153 467 234 8
D 479 83 2 139 387 150 8
D 483 97 2 163 162 161 8
D 482 95 2 159 483 164 8
D 481 93 2 154 482 165 8
D 486 97 2 163 237 161 29
D 485 95 2 159 486 164 29
D 484 93 2 154 485 165 29
D 480 99 2 481 167 484 8
D 489 87 2 146 241 148 8
D 488 85 2 144 489 149 344
D 487 83 3 139 488 440 390 441 29
D 465 89 7 138 466 479 480 288 418 339 371 385 322 436 270 487 8
D 492 65 2 113 112 111 136
D 491 63 2 106 492 114 8
D 494 65 2 113 136 111 8
D 493 63 2 106 494 114 29
D 490 67 3 105 392 491 443 493 29
D 459 79 7 460 137 411 269 366 321 315 370 265 417 104 465 490 8
D 496 51 2 83 351 98 29
D 497 43 2 73 101 75 29
D 495 47 3 71 446 454 496 497 29
D 452 59 7 453 103 405 264 361 314 308 365 260 410 70 459 495 8
D 501 37 2 59 403 61 29
D 502 37 2 59 60 61 403
D 500 35 3 357 501 54 502 57 29
D 499 31 2 49 500 64 29
D 504 25 2 45 44 43 68
D 503 23 3 254 504 38 42 41 8
D 506 35 2 54 501 62 29
D 505 31 2 49 506 64 29
D 508 25 2 45 68 43 8
D 507 23 3 254 508 38 67 41 29
D 498 27 3 354 499 503 505 507 29
D 35 39 7 36 69 252 259 302 307 353 360 399 404 448 452 498 8
D 511 3 2 5 34 7 8
D 510 1 2 3 511 9 8
D 514 11 2 17 28 19 8
D 515 11 2 17 18 19 29
D 513 13 2 514 20 515 8
D 512 9 2 11 513 30 8
D 517 3 2 5 6 7 29
D 516 1 2 3 517 9 29
D 509 5 2 510 512 516 8
D 521 21 2 41 47 39 8
D 522 21 2 41 40 39 29
D 520 23 2 521 42 522 8
D 523 23 2 521 67 522 29
D 519 27 2 520 48 523 8
D 527 41 2 75 74 73 8
D 528 41 2 75 81 73 29
D 526 43 2 527 76 528 8
D 529 43 2 527 101 528 29
D 525 47 2 526 457 529 8
D 534 73 2 123 131 125 8
D 535 73 2 123 124 125 29
D 533 75 2 534 319 535 8
D 532 71 2 117 533 132 8
D 531 67 2 105 532 134 8
D 543 125 2 201 221 203 8
D 544 129 2 205 473 219 8
D 545 125 2 201 202 203 29
D 542 127 2 543 544 545 8
D 541 123 2 195 542 222 8
D 540 119 2 187 541 224 8
D 539 113 2 179 540 227 8
D 549 117 2 192 191 190 8
D 548 115 2 188 549 193 8
D 551 117 2 192 226 190 29
D 550 115 2 188 551 193 29
D 547 119 2 548 194 550 8
D 553 111 2 184 229 182 8
D 552 109 2 180 553 185 29
D 546 113 4 475 276 179 547 429 325 552 8
D 538 107 6 168 539 427 546 272 468 333 420 381 373 433 8
D 537 99 2 153 538 234 8
D 556 91 2 155 166 157 8
D 557 91 2 155 156 157 29
D 555 93 2 556 158 557 8
D 558 93 3 154 485 556 235 157 29
D 554 99 3 555 167 481 271 558 8
D 536 89 7 138 537 479 554 288 466 339 418 385 371 436 322 487 8
D 561 75 3 534 348 122 297 125 29
D 560 71 3 117 561 393 347 394 29
D 559 67 3 105 560 491 443 493 29
D 530 79 8 531 137 460 269 411 321 366 370 315 417 265 465 104 536 559 8
D 564 41 2 75 74 73 81
D 565 41 2 73 74 75 81
D 563 43 2 564 76 565 8
D 567 41 2 75 74 73 29
D 568 41 2 75 81 73 8
D 566 43 2 567 101 568 29
D 562 47 3 71 446 563 496 566 29
D 524 59 8 525 103 453 264 405 314 361 365 308 410 260 459 70 530 562 8
D 571 21 2 41 47 39 40
D 572 21 2 41 40 39 8
D 570 23 3 254 504 571 42 572 8
D 573 23 3 254 508 571 67 572 29
D 569 27 3 354 499 570 505 573 29
D 518 39 8 519 69 36 259 252 307 302 360 353 404 399 452 448 524 569 8
D 575 1 2 9 4 3 8
D 576 1 2 9 33 3 29
D 574 5 2 575 512 576 8
D 580 29 2 52 51 50 8
D 581 29 2 52 65 50 29
D 579 31 2 580 53 581 8
D 578 27 2 354 579 359 8
D 585 45 2 77 102 79 8
D 584 43 2 72 585 80 8
D 587 45 2 77 78 79 29
D 586 43 2 72 587 80 29
D 583 47 2 584 457 586 8
D 592 73 2 125 124 123 8
D 593 73 2 125 131 123 29
D 591 75 2 592 319 593 8
D 590 71 2 117 591 132 8
D 589 67 2 105 590 134 8
D 598 109 2 185 181 180 8
D 599 119 2 548 277 550 8
D 600 109 2 180 553 185 228
D 597 113 5 475 325 598 186 179 599 429 374 600 8
D 605 125 2 203 202 201 8
D 606 125 2 203 221 201 29
D 604 127 2 605 544 606 8
D 603 123 2 195 604 222 8
D 602 119 2 187 603 224 8
D 601 113 2 179 602 227 8
D 596 107 6 427 597 168 601 272 539 333 468 381 420 433 8
D 595 99 2 153 596 234 8
D 609 91 2 157 156 155 8
D 610 91 2 157 166 155 29
D 608 93 2 609 158 610 8
D 612 91 2 157 156 155 166
D 613 91 2 157 166 155 8
D 611 93 3 154 485 612 235 613 29
D 607 99 4 608 167 555 271 481 323 611 8
D 594 89 7 138 595 479 607 288 537 339 466 385 418 436 371 487 8
D 617 73 2 125 124 123 131
D 618 73 2 125 131 123 8
D 616 75 3 617 348 122 297 618 29
D 615 71 3 393 347 117 616 394 29
D 614 67 3 491 443 105 615 493 29
D 588 79 9 589 137 531 269 460 321 411 370 366 417 315 465 265 536 104 594 614 8
D 620 43 3 72 585 564 76 568 8
D 621 43 3 564 101 72 79 568 29
D 619 47 3 71 446 620 496 621 29
D 582 59 9 583 103 525 264 453 314 405 365 361 410 308 459 260 530 70 588 619 8
D 623 31 3 49 500 580 506 65 29
D 622 27 3 354 623 570 505 573 29
D 577 39 9 578 69 519 259 36 307 252 360 302 404 353 452 399 524 448 582 622 8
D 626 3 2 7 6 5 8
D 625 1 2 3 626 9 8
D 628 3 2 7 34 5 29
D 627 1 2 3 628 9 29
D 624 5 2 625 512 627 8
D 632 29 2 50 65 52 8
D 633 29 2 50 51 52 29
D 631 31 2 632 53 633 8
D 630 27 2 354 631 359 8
D 637 45 2 79 78 77 8
D 636 43 2 72 637 80 8
D 639 45 2 79 102 77 29
D 638 43 2 72 639 80 29
D 635 47 2 636 457 638 8
D 643 61 2 109 108 107 8
D 644 61 2 109 115 107 29
D 642 63 2 643 110 644 8
D 645 63 2 643 135 644 29
D 641 67 2 642 414 645 8
D 652 117 2 190 226 192 8
D 651 115 2 188 652 193 8
D 654 117 2 190 191 192 226
D 653 115 2 188 654 193 29
D 650 119 3 651 194 548 326 653 8
D 649 113 5 179 650 598 276 475 374 429 421 600 8
D 658 121 2 196 223 198 8
D 659 127 2 200 544 220 8
D 660 121 2 196 197 198 29
D 657 123 2 658 659 660 8
D 656 119 2 187 657 224 8
D 655 113 2 179 656 227 8
D 648 107 6 427 649 272 601 333 539 168 655 381 468 433 8
D 647 99 2 153 648 234 8
D 663 95 2 164 160 159 8
D 662 93 2 154 663 165 8
D 665 95 2 159 486 164 236
D 664 93 3 154 665 612 235 613 29
D 661 99 5 662 167 608 271 555 323 481 372 664 8
D 646 89 7 138 647 479 661 288 595 339 537 385 466 436 418 487 8
D 667 63 3 106 492 643 110 115 8
D 668 63 3 106 494 643 135 115 29
D 666 67 3 667 443 105 615 668 29
D 640 79 10 641 137 589 269 531 321 460 370 411 417 366 465 315 536 265 594 104 646 666 8
D 671 45 2 79 78 77 102
D 670 43 3 72 671 564 76 568 8
D 673 45 2 79 102 77 8
D 672 43 3 72 673 564 101 568 29
D 669 47 3 71 446 670 496 672 29
D 634 59 10 635 103 583 264 525 314 453 365 405 410 361 459 308 530 260 588 70 640 669 8
D 676 29 2 52 51 50 65
D 677 29 2 52 65 50 8
D 675 31 3 49 500 676 506 677 29
D 674 27 3 354 675 570 505 573 29
D 629 39 10 630 69 578 259 519 307 36 360 252 404 302 452 353 524 399 582 448 634 674 8
D 681 11 2 19 28 17 8
D 682 11 2 19 18 17 29
D 680 13 2 681 20 682 8
D 679 9 2 11 680 30 8
D 678 5 2 2 679 32 8
D 687 33 2 57 56 55 8
D 688 33 2 57 63 55 29
D 686 35 2 687 58 688 8
D 685 31 2 49 686 64 8
D 684 27 2 354 685 359 8
D 693 53 2 91 90 89 8
D 694 53 2 91 97 89 29
D 692 55 2 693 312 694 8
D 691 51 2 83 692 98 8
D 690 47 2 71 691 100 8
D 698 61 2 107 115 109 8
D 699 61 2 107 108 109 29
D 697 63 2 698 110 699 8
D 700 63 2 698 135 699 29
D 696 67 2 697 414 700 8
D 705 97 2 161 237 163 8
D 704 95 2 159 705 164 8
D 703 93 2 154 704 165 8
D 708 97 2 161 162 163 237
D 707 95 2 159 708 164 236
D 706 93 3 154 707 612 235 613 29
D 702 99 6 703 167 662 271 608 323 555 372 481 419 706 8
D 713 115 2 193 189 188 8
D 714 115 2 188 654 193 225
D 712 119 4 713 194 651 277 548 375 714 8
D 711 113 5 179 712 598 325 475 421 429 469 600 8
D 718 121 2 198 197 196 8
D 719 121 2 198 223 196 29
D 717 123 2 718 659 719 8
D 716 119 2 187 717 224 8
D 715 113 2 179 716 227 8
D 710 107 6 427 711 333 601 381 539 272 655 168 715 433 8
D 709 99 2 153 710 234 8
D 701 89 7 479 702 138 709 288 647 339 595 385 537 436 466 487 8
D 722 61 2 109 108 107 115
D 723 61 2 109 115 107 8
D 721 63 3 106 492 722 110 723 8
D 724 63 3 106 494 722 135 723 29
D 720 67 3 721 443 105 615 724 29
D 695 79 11 696 137 641 269 589 321 531 370 460 417 411 465 366 536 315 594 265 646 104 701 720 8
D 728 53 2 91 90 89 97
D 729 53 2 91 97 89 8
D 727 55 3 728 352 88 301 729 29
D 726 51 3 397 351 83 727 398 29
D 725 47 3 670 496 71 726 672 29
D 689 59 11 690 103 635 264 583 314 525 365 453 410 405 459 361 530 308 588 260 640 70 695 725 8
D 733 33 2 57 56 55 63
D 734 33 2 57 63 55 8
D 732 35 3 733 501 54 502 734 29
D 731 31 3 676 506 49 732 677 29
D 730 27 3 570 505 354 731 573 29
D 683 39 11 684 69 630 259 578 307 519 360 36 404 252 452 302 524 353 582 399 634 448 689 730 8
D 737 7 2 14 13 12 8
D 738 7 2 14 31 12 29
D 736 9 2 737 513 738 8
D 735 5 2 2 736 32 8
D 743 99 6 703 271 662 323 608 372 555 419 481 467 706 8
D 747 119 4 713 277 651 326 548 422 714 8
D 746 113 5 179 747 598 374 475 469 429 540 600 8
D 749 103 2 176 338 171 173
D 748 101 2 169 749 177 384
D 745 107 5 381 601 427 746 333 655 272 715 748 8
D 744 99 2 153 745 234 8
D 742 89 7 479 743 288 709 138 744 339 647 385 595 436 537 487 8
D 741 79 11 696 269 641 321 589 370 531 417 460 465 411 536 366 594 315 646 265 701 104 742 720 8
D 740 59 11 690 264 635 314 583 365 525 410 453 459 405 530 361 588 308 640 260 695 70 741 725 8
D 739 39 11 684 259 630 307 578 360 519 404 36 452 252 524 302 582 353 634 399 689 448 740 730 8
D 752 7 2 12 31 14 8
D 753 7 2 12 13 14 29
D 751 9 2 752 513 753 8
D 750 5 2 2 751 32 8
D 758 99 6 703 323 662 372 608 419 555 467 481 538 706 8
D 762 119 4 713 326 651 375 548 470 714 8
D 761 113 5 179 762 598 421 475 540 429 602 600 8
D 763 101 2 177 384 169 338
D 760 107 4 381 655 427 761 333 715 763 8
D 759 99 2 153 760 234 8
D 757 89 7 479 758 339 709 288 744 138 759 385 647 436 595 487 8
D 756 79 11 696 321 641 370 589 417 531 465 460 536 411 594 366 646 315 701 265 742 104 757 720 8
D 755 59 11 690 314 635 365 583 410 525 459 453 530 405 588 361 640 308 695 260 741 70 756 725 8
D 754 39 11 684 307 630 360 578 404 519 452 36 524 252 582 302 634 353 689 399 740 448 755 730 8
D 767 15 2 26 22 21 8
D 766 13 2 514 767 515 8
D 765 9 2 11 766 30 8
D 764 5 2 2 765 32 8
D 772 99 6 703 372 662 419 608 467 555 538 481 596 706 8
D 776 119 4 713 375 651 422 548 541 714 8
D 775 113 5 179 776 598 469 475 602 429 656 600 8
D 774 107 3 381 715 427 775 384 8
D 773 99 2 153 774 234 8
D 771 89 7 479 772 385 709 339 744 288 759 138 773 436 647 487 8
D 770 79 11 696 370 641 417 589 465 531 536 460 594 411 646 366 701 315 742 265 757 104 771 720 8
D 769 59 11 690 365 635 410 583 459 525 530 453 588 405 640 361 695 308 741 260 756 70 770 725 8
D 768 39 11 684 360 630 404 578 452 519 524 36 582 252 634 302 689 353 740 399 755 448 769 730 8
D 781 17 2 25 24 23 8
D 780 15 2 21 781 26 8
D 779 13 2 514 780 515 8
D 778 9 2 11 779 30 8
D 777 5 2 2 778 32 8
D 786 99 6 703 419 662 467 608 538 555 596 481 648 706 8
D 790 119 4 713 422 651 470 548 603 714 8
D 789 113 5 179 790 598 540 475 656 429 716 600 8
D 791 101 2 169 384 177 29
D 788 107 2 427 789 791 8
D 787 99 2 153 788 234 8
D 785 89 7 436 709 479 786 385 744 339 759 288 773 138 787 487 8
D 784 79 11 696 417 641 465 589 536 531 594 460 646 411 701 366 742 315 757 265 771 104 785 720 8
D 783 59 11 690 410 635 459 583 530 525 588 453 640 405 695 361 741 308 756 260 770 70 784 725 8
D 782 39 11 684 404 630 452 578 524 519 582 36 634 252 689 302 740 353 755 399 769 448 783 730 8
L 797 18 10
D 796 17 2 23 797 25 8
D 795 15 2 21 796 26 8
D 794 13 2 514 795 515 8
D 793 9 2 11 794 30 8
D 792 5 2 2 793 32 8
D 802 99 6 703 467 662 538 608 596 555 648 481 710 706 8
D 806 119 4 713 470 651 541 548 657 714 8
D 807 109 2 185 228 180 184
D 805 113 4 179 806 598 602 475 716 807 8
D 804 107 2 427 805 791 8
D 803 99 2 153 804 234 8
D 801 89 7 436 744 479 802 385 759 339 773 288 787 138 803 487 8
D 800 79 11 696 465 641 536 589 594 531 646 460 701 411 742 366 757 315 771 265 785 104 801 720 8
D 799 59 11 690 459 635 530 583 588 525 640 453 695 405 741 361 756 308 770 260 784 70 800 725 8
D 798 39 11 684 452 630 524 578 582 519 634 36 689 252 740 302 755 353 769 399 783 448 799 730 8
D 812 17 2 23 24 25 797
D 813 17 2 23 797 25 29
D 811 15 2 21 812 26 813
D 814 11 2 19 28 17 18
D 815 15 2 21 813 26 29
D 816 11 2 19 18 17 8
D 810 13 3 514 811 814 815 816 29
D 817 7 2 14 13 12 31
D 818 13 2 514 815 515 29
D 819 7 2 14 31 12 8
D 809 9 3 11 810 817 818 819 29
D 821 3 2 7 6 5 34
D 820 1 2 3 821 9 4
D 822 9 2 11 818 30 29
D 824 3 2 7 34 5 8
D 823 1 2 3 824 9 33
D 808 5 3 2 809 820 822 823 29
D 0 19 11 1 35 509 518 574 577 624 629 678 683 735 739 750 754 764 768 777 782 792 798 808 8
