c ids of sdd nodes start at 0
c sdd nodes appear bottom-up, children before parents
c
c file syntax:
c sdd count-of-sdd-nodes
c F id-of-false-sdd-node
c T id-of-true-sdd-node
c L id-of-literal-sdd-node id-of-vtree literal
c D id-of-decomposition-sdd-node id-of-vtree number-of-elements {id-of-prime id-of-sub}*
c
sdd 561
L 3 0 -3
L 5 2 -4
L 6 4 -2
L 7 2 4
F 8
D 4 3 2 5 6 7 8
L 9 0 3
D 2 1 2 3 4 9 8
L 12 6 -6
L 13 8 -7
L 14 6 6
D 11 7 2 12 13 14 8
L 17 10 -5
L 18 12 1
L 19 10 5
D 16 11 2 17 18 19 8
L 21 14 -8
L 23 16 -9
L 24 18 -10
L 25 16 9
D 22 17 2 23 24 25 8
L 26 14 8
D 20 15 2 21 22 26 8
L 28 12 -1
T 29
D 27 11 2 17 28 19 29
D 15 13 2 16 20 27 8
L 31 8 7
D 30 7 2 12 31 14 29
D 10 9 2 11 15 30 8
L 34 4 2
D 33 3 2 5 34 7 29
D 32 1 2 3 33 9 29
D 1 5 2 2 10 32 8
L 39 20 -14
L 40 22 -15
L 41 20 14
D 38 21 2 39 40 41 8
L 43 24 -16
L 44 26 -17
L 45 24 16
D 42 25 2 43 44 45 8
L 47 22 15
D 46 21 2 39 47 41 29
D 37 23 2 38 42 46 8
L 50 28 -13
L 51 30 -12
L 52 28 13
D 49 29 2 50 51 52 8
L 55 32 11
L 56 34 -18
L 57 32 -11
D 54 33 2 55 56 57 8
L 59 36 -20
L 60 38 -19
L 61 36 20
D 58 37 2 59 60 61 8
L 63 34 18
D 62 33 2 55 63 57 29
D 53 35 2 54 58 62 8
L 65 30 12
D 64 29 2 50 65 52 29
D 48 31 2 49 53 64 8
L 68 26 17
D 67 25 2 43 68 45 29
D 66 23 2 38 67 46 29
D 36 27 2 37 48 66 8
L 73 40 -34
L 74 42 -35
L 75 40 34
D 72 41 2 73 74 75 8
L 77 44 -32
L 78 46 -33
L 79 44 32
D 76 45 2 77 78 79 8
L 81 42 35
D 80 41 2 73 81 75 29
D 71 43 2 72 76 80 8
L 84 48 -37
L 85 50 -38
L 86 48 37
D 83 49 2 84 85 86 8
L 89 52 31
L 90 54 -36
L 91 52 -31
D 88 53 2 89 90 91 8
L 93 56 -39
L 94 58 -40
L 95 56 39
D 92 57 2 93 94 95 8
L 97 54 36
D 96 53 2 89 97 91 29
D 87 55 2 88 92 96 8
L 99 50 38
D 98 49 2 84 99 86 29
D 82 51 2 83 87 98 8
L 102 46 33
D 101 45 2 77 102 79 29
D 100 43 2 72 101 80 29
D 70 47 2 71 82 100 8
L 107 60 -22
L 108 62 21
L 109 60 22
D 106 61 2 107 108 109 8
L 111 64 -25
L 112 66 -26
L 113 64 25
D 110 65 2 111 112 113 8
L 115 62 -21
D 114 61 2 107 115 109 29
D 105 63 2 106 110 114 8
L 118 68 -27
L 119 70 -28
L 120 68 27
D 117 69 2 118 119 120 8
L 123 72 -23
L 124 74 -24
L 125 72 23
D 122 73 2 123 124 125 8
L 127 76 -30
L 128 78 -29
L 129 76 30
D 126 77 2 127 128 129 8
L 131 74 24
D 130 73 2 123 131 125 29
D 121 75 2 122 126 130 8
L 133 70 28
D 132 69 2 118 133 120 29
D 116 71 2 117 121 132 8
L 136 66 26
D 135 65 2 111 136 113 29
D 134 63 2 106 135 114 29
D 104 67 2 105 116 134 8
L 140 80 46
L 141 82 -47
L 142 80 -46
D 139 81 2 140 141 142 8
L 144 84 -48
L 146 86 -50
L 147 88 -49
L 148 86 50
D 145 87 2 146 147 148 8
L 149 84 48
D 143 85 2 144 145 149 8
L 151 82 47
D 150 81 2 140 151 142 29
D 138 83 2 139 143 150 8
L 155 90 -43
L 156 92 -44
L 157 90 43
D 154 91 2 155 156 157 8
L 159 94 -42
L 161 96 -45
L 162 98 -41
L 163 96 45
D 160 97 2 161 162 163 8
L 164 94 42
D 158 95 2 159 160 164 8
L 166 92 44
D 165 91 2 155 166 157 29
D 153 93 2 154 158 165 8
L 169 100 -57
L 171 102 -58
L 173 104 -60
L 174 106 -59
L 175 104 60
D 172 105 2 173 174 175 8
L 176 102 58
D 170 103 2 171 172 176 8
L 177 100 57
D 168 101 2 169 170 177 8
L 180 108 -53
L 182 110 -56
L 183 112 -55
L 184 110 56
D 181 111 2 182 183 184 8
L 185 108 53
D 179 109 2 180 181 185 8
L 188 114 51
L 190 116 -54
L 191 118 -52
L 192 116 54
D 189 117 2 190 191 192 8
L 193 114 -51
D 187 115 2 188 189 193 8
L 196 120 61
L 197 122 -62
L 198 120 -61
D 195 121 2 196 197 198 8
L 201 124 -63
L 202 126 -64
L 203 124 63
D 200 125 2 201 202 203 8
L 205 128 -65
L 207 130 -66
L 209 132 -67
L 211 134 -68
L 213 136 -69
L 214 138 -70
L 215 136 69
D 212 137 2 213 214 215 8
L 216 134 68
D 210 135 2 211 212 216 8
L 217 132 67
D 208 133 2 209 210 217 8
L 218 130 66
D 206 131 2 207 208 218 8
L 219 128 65
D 204 129 2 205 206 219 8
L 221 126 64
D 220 125 2 201 221 203 29
D 199 127 2 200 204 220 8
L 223 122 62
D 222 121 2 196 223 198 29
D 194 123 2 195 199 222 8
L 226 118 52
D 225 117 2 190 226 192 29
D 224 115 2 188 225 193 29
D 186 119 2 187 194 224 8
L 229 112 55
D 228 111 2 182 229 184 29
D 227 109 2 180 228 185 29
D 178 113 2 179 186 227 8
L 233 106 59
D 232 105 2 173 233 175 29
D 231 103 2 171 232 176 29
D 230 101 2 169 231 177 29
D 167 107 2 168 178 230 8
L 237 98 41
D 236 97 2 161 237 163 29
D 235 95 2 159 236 164 29
D 234 93 2 154 235 165 29
D 152 99 2 153 167 234 8
D 239 81 2 142 141 140 8
D 240 81 2 142 151 140 29
D 238 83 2 239 143 240 8
D 244 97 2 161 237 163 8
D 243 95 2 159 244 164 8
D 242 93 2 154 243 165 8
D 249 121 2 198 197 196 8
D 252 131 2 218 208 207 8
D 251 129 2 205 252 219 8
D 250 127 2 200 251 220 8
D 253 121 2 198 223 196 29
D 248 123 2 249 250 253 8
D 255 117 2 190 226 192 8
D 254 115 2 193 255 188 8
D 258 129 2 219 206 205 8
D 257 127 2 200 258 220 8
D 256 123 2 249 257 253 8
D 260 117 2 192 191 190 8
D 259 115 2 193 260 188 8
D 263 125 2 203 202 201 8
D 264 125 2 203 221 201 29
D 262 127 2 263 204 264 8
D 261 123 2 249 262 253 8
D 266 117 2 190 191 192 226
D 265 115 2 193 266 188 225
D 247 119 4 187 248 254 256 259 261 265 8
D 267 109 2 185 181 180 8
D 269 115 2 193 189 188 8
D 272 125 2 201 221 203 8
D 273 125 2 201 202 203 29
D 271 127 2 272 204 273 8
D 270 123 2 249 271 253 8
D 274 115 2 193 225 188 29
D 268 119 2 269 270 274 8
D 276 111 2 182 229 184 8
D 275 109 2 180 276 185 8
D 279 121 2 198 223 196 8
D 280 121 2 198 197 196 29
D 278 123 2 279 199 280 8
D 277 119 2 269 278 274 8
D 282 111 2 184 183 182 8
D 281 109 2 180 282 185 8
D 283 119 2 269 194 274 8
D 285 111 2 184 229 182 8
D 284 109 2 180 285 185 228
D 246 113 5 179 247 267 268 275 277 281 283 284 8
D 245 107 2 168 246 230 8
D 287 95 2 164 160 159 8
D 286 93 2 154 287 165 8
D 290 119 4 187 256 254 270 259 278 265 8
D 291 119 2 269 261 274 8
D 292 109 2 185 228 180 184
D 289 113 4 179 290 267 291 275 283 292 8
D 288 107 2 168 289 230 8
D 294 91 2 157 156 155 8
D 295 91 2 157 166 155 29
D 293 93 2 294 158 295 8
D 298 119 4 187 270 254 261 259 194 265 8
D 297 113 3 179 298 267 277 228 8
D 296 107 2 168 297 230 8
D 300 91 2 155 166 157 8
D 301 91 2 155 156 157 29
D 299 93 2 300 158 301 8
D 306 117 2 190 191 192 29
D 305 115 2 193 306 188 225
D 304 119 3 187 261 254 278 305 8
D 303 113 3 179 304 267 283 228 8
D 302 107 2 168 303 230 8
D 309 97 2 163 162 161 8
D 308 95 2 159 309 164 8
D 307 93 2 154 308 165 8
D 312 119 3 187 278 254 194 305 8
D 311 113 2 179 312 227 8
D 310 107 2 168 311 230 8
D 315 97 2 161 162 163 237
D 314 95 2 159 315 164 236
D 316 91 2 157 156 155 166
D 317 91 2 157 166 155 8
D 313 93 3 154 314 316 235 317 29
D 241 99 6 242 245 286 288 293 296 299 302 307 310 313 8
L 321 88 49
D 320 87 2 146 321 148 29
D 319 85 2 144 320 149 29
D 318 83 2 141 319 151 29
D 137 89 3 138 152 238 241 318 8
D 324 61 2 109 115 107 8
D 325 61 2 109 108 107 29
D 323 63 2 324 110 325 8
D 326 63 2 324 135 325 29
D 322 67 2 323 116 326 8
D 328 99 6 242 288 286 296 293 302 299 310 307 167 313 8
D 329 83 2 239 319 240 29
D 327 89 2 238 328 329 8
D 332 61 2 107 115 109 8
D 333 61 2 107 108 109 29
D 331 63 2 332 110 333 8
D 336 73 2 125 124 123 8
D 337 73 2 125 131 123 29
D 335 75 2 336 126 337 8
D 334 71 2 117 335 132 8
D 338 63 2 332 135 333 29
D 330 67 2 331 334 338 8
D 343 97 2 161 162 163 29
D 342 95 2 164 236 159 343
D 341 93 3 154 342 316 235 317 29
D 340 99 5 242 296 286 302 293 310 299 167 341 8
D 339 89 2 238 340 329 8
D 347 73 2 123 131 125 8
D 348 73 2 123 124 125 29
D 346 75 2 347 126 348 8
D 345 71 2 117 346 132 8
D 344 67 2 331 345 338 8
D 351 93 3 154 342 294 235 166 29
D 350 99 4 242 302 286 310 293 167 351 8
D 349 89 2 238 350 329 8
D 354 65 2 113 112 111 8
D 353 63 2 332 354 333 8
D 356 65 2 113 136 111 29
D 355 63 2 332 356 333 29
D 352 67 2 353 116 355 8
D 359 93 2 154 342 165 29
D 358 99 3 242 310 286 167 359 8
D 357 89 2 238 358 329 8
D 362 65 2 111 136 113 8
D 361 63 2 332 362 333 8
D 364 65 2 111 112 113 29
D 363 63 2 332 364 333 29
D 360 67 2 361 116 363 8
D 368 95 2 159 343 164 29
D 367 93 2 154 368 165 29
D 366 99 2 242 167 367 8
D 365 89 2 238 366 329 8
D 372 73 2 125 124 123 131
L 374 78 29
D 373 77 2 127 374 129 29
D 375 73 2 123 124 125 131
D 371 75 2 372 373 375 29
D 370 71 2 117 371 132 29
D 377 65 2 113 112 111 136
D 378 61 2 109 115 107 108
D 379 61 2 109 108 107 8
D 376 63 3 332 377 378 110 379 8
D 381 75 2 122 373 130 29
D 380 71 2 117 381 132 29
D 383 65 2 113 136 111 8
D 382 63 3 332 383 378 135 379 29
D 369 67 3 331 370 376 380 382 29
D 103 79 7 104 137 322 327 330 339 344 349 352 357 360 365 369 8
D 386 45 2 79 78 77 8
D 385 43 2 72 386 80 8
D 389 53 2 91 90 89 8
D 390 53 2 91 97 89 29
D 388 55 2 389 92 390 8
D 387 51 2 83 388 98 8
D 392 45 2 79 102 77 29
D 391 43 2 72 392 80 29
D 384 47 2 385 387 391 8
D 395 63 3 332 354 378 110 379 8
D 396 63 3 378 135 332 136 379 29
D 394 67 3 331 370 395 380 396 29
D 393 79 6 104 327 322 339 330 349 344 357 352 365 394 8
D 399 45 2 77 102 79 8
D 398 43 2 72 399 80 8
D 401 45 2 77 78 79 29
D 400 43 2 72 401 80 29
D 397 47 2 398 387 400 8
D 405 61 2 107 115 109 108
D 404 63 2 378 110 405 8
D 407 61 2 109 115 107 29
D 406 63 2 407 135 379 29
D 403 67 3 331 370 404 380 406 29
D 402 79 5 104 339 322 349 330 357 344 365 403 8
D 410 41 2 75 74 73 8
D 411 41 2 75 81 73 29
D 409 43 2 410 76 411 8
D 412 43 2 410 101 411 29
D 408 47 2 409 387 412 8
D 416 75 2 336 373 337 29
D 415 71 2 117 416 132 29
D 414 67 3 331 415 404 380 406 29
D 413 79 4 104 349 322 357 330 365 414 8
D 419 41 2 73 81 75 8
D 420 41 2 73 74 75 29
D 418 43 2 419 76 420 8
D 421 43 2 419 101 420 29
D 417 47 2 418 387 421 8
D 424 63 2 378 135 405 29
D 423 67 2 404 380 424 29
D 422 79 3 104 357 322 365 423 8
D 428 53 2 91 97 89 8
D 429 53 2 91 90 89 29
D 427 55 2 428 92 429 8
D 426 51 2 83 427 98 8
D 425 47 2 71 426 100 8
D 431 67 2 105 380 134 29
D 430 79 2 104 365 431 8
D 435 53 2 89 90 91 97
L 437 58 40
D 436 57 2 93 437 95 29
D 438 53 2 91 90 89 97
D 434 55 2 435 436 438 29
D 433 51 2 83 434 98 29
D 440 45 2 79 78 77 102
D 441 41 2 75 74 73 81
D 442 41 2 75 81 73 8
D 439 43 3 72 440 441 76 442 8
D 444 55 2 389 436 390 29
D 443 51 2 83 444 98 29
D 446 45 2 79 102 77 8
D 445 43 3 72 446 441 101 442 29
D 432 47 3 71 433 439 443 445 29
D 69 59 7 70 103 384 393 397 402 408 413 417 422 425 430 432 8
D 449 29 2 50 65 52 8
D 451 33 2 57 56 55 8
D 452 33 2 57 63 55 29
D 450 35 2 451 58 452 8
D 453 29 2 50 51 52 29
D 448 31 2 449 450 453 8
D 447 27 2 37 448 66 8
D 457 55 2 88 436 96 29
D 456 51 2 83 457 98 29
D 455 47 3 71 456 439 443 445 29
D 454 59 6 70 393 384 402 397 413 408 422 417 430 455 8
D 460 29 2 52 51 50 8
D 461 29 2 52 65 50 29
D 459 31 2 460 450 461 8
D 458 27 2 37 459 66 8
D 464 43 3 72 440 410 76 81 8
D 465 43 3 72 446 410 101 81 29
D 463 47 3 71 456 464 443 465 29
D 462 59 5 70 402 384 413 397 422 408 430 463 8
D 468 21 2 41 40 39 8
D 469 21 2 41 47 39 29
D 467 23 2 468 42 469 8
D 470 31 2 49 450 64 8
D 471 23 2 468 67 469 29
D 466 27 2 467 470 471 8
D 474 43 2 72 440 80 8
D 475 43 2 72 446 80 29
D 473 47 3 71 456 474 443 475 29
D 472 59 4 70 413 384 422 397 430 473 8
D 478 21 2 39 47 41 8
D 479 21 2 39 40 41 29
D 477 23 2 478 42 479 8
D 480 23 2 478 67 479 29
D 476 27 2 477 470 480 8
D 483 43 2 72 102 80 29
D 482 47 3 71 456 385 443 483 29
D 481 59 3 70 422 384 430 482 8
D 486 25 2 45 44 43 8
D 485 23 2 38 486 46 8
D 488 25 2 45 68 43 29
D 487 23 2 38 488 46 29
D 484 27 2 485 470 487 8
D 490 47 2 71 456 100 29
D 489 59 2 70 430 490 8
L 495 38 19
D 494 37 2 59 495 61 29
D 493 35 2 54 494 62 29
D 496 29 2 52 51 50 65
D 497 35 2 451 494 452 29
D 498 29 2 52 65 50 8
D 492 31 3 49 493 496 497 498 29
D 500 21 2 41 40 39 47
D 501 21 2 41 47 39 8
D 499 23 3 38 486 500 42 501 8
D 502 31 2 49 497 64 29
D 503 23 3 500 67 38 68 501 29
D 491 27 3 37 492 499 502 503 29
D 35 39 7 36 69 447 454 458 462 466 472 476 481 484 489 491 8
D 506 3 2 5 34 7 8
D 505 1 2 3 506 9 8
D 509 11 2 17 28 19 8
D 510 11 2 17 18 19 29
D 508 13 2 509 20 510 8
D 507 9 2 11 508 30 8
D 512 3 2 5 6 7 29
D 511 1 2 3 512 9 29
D 504 5 2 505 507 511 8
D 516 21 2 39 40 41 47
D 515 23 2 500 42 516 8
D 518 21 2 41 40 39 29
D 517 23 2 518 67 501 29
D 514 27 3 37 492 515 502 517 29
D 513 39 6 36 454 447 462 458 472 466 481 476 489 514 8
D 520 1 2 9 4 3 8
D 521 1 2 9 33 3 29
D 519 5 2 520 507 521 8
D 524 23 2 40 67 47 29
D 523 27 3 37 492 467 502 524 29
D 522 39 5 36 462 447 472 458 481 466 489 523 8
D 527 3 2 7 6 5 8
D 526 1 2 3 527 9 8
D 529 3 2 7 34 5 29
D 528 1 2 3 529 9 29
D 525 5 2 526 507 528 8
D 531 27 2 37 492 66 29
D 530 39 4 36 472 447 481 458 489 531 8
D 535 11 2 19 28 17 8
D 536 11 2 19 18 17 29
D 534 13 2 535 20 536 8
D 533 9 2 11 534 30 8
D 532 5 2 2 533 32 8
D 539 31 3 49 493 449 497 52 29
D 538 27 2 37 539 66 29
D 537 39 3 36 481 447 489 538 8
D 542 7 2 14 13 12 8
D 543 7 2 14 31 12 29
D 541 9 2 542 508 543 8
D 540 5 2 2 541 32 8
D 546 31 2 49 493 64 29
D 545 27 2 37 546 66 29
D 544 39 2 36 489 545 8
D 550 11 2 19 28 17 18
L 553 18 10
D 552 17 2 23 553 25 29
D 551 15 2 21 552 26 29
D 554 11 2 17 28 19 18
D 549 13 2 550 551 554 29
D 555 13 2 509 551 510 29
D 548 9 3 11 549 542 555 31 29
D 557 3 2 7 6 5 34
D 556 1 2 3 557 9 4
D 558 9 2 11 555 30 29
D 560 3 2 7 34 5 8
D 559 1 2 3 560 9 33
D 547 5 3 2 548 556 558 559 29
D 0 19 7 1 35 504 513 519 522 525 530 532 537 540 544 547 8
