c ids of sdd nodes start at 0
c sdd nodes appear bottom-up, children before parents
c
c file syntax:
c sdd count-of-sdd-nodes
c F id-of-false-sdd-node
c T id-of-true-sdd-node
c L id-of-literal-sdd-node id-of-vtree literal
c D id-of-decomposition-sdd-node id-of-vtree number-of-elements {id-of-prime id-of-sub}*
c
sdd 819
L 3 0 -3
L 5 2 -4
L 6 4 -2
L 7 2 4
F 8
D 4 3 2 5 6 7 8
L 9 0 3
D 2 1 2 3 4 9 8
L 12 6 -6
L 13 8 -7
L 14 6 6
D 11 7 2 12 13 14 8
L 17 10 -5
L 18 12 1
L 19 10 5
D 16 11 2 17 18 19 8
L 21 14 -8
L 23 16 -9
L 24 18 -10
L 25 16 9
D 22 17 2 23 24 25 8
L 26 14 8
D 20 15 2 21 22 26 8
L 28 12 -1
T 29
D 27 11 2 17 28 19 29
D 15 13 2 16 20 27 8
L 31 8 7
D 30 7 2 12 31 14 29
D 10 9 2 11 15 30 8
L 34 4 2
D 33 3 2 5 34 7 29
D 32 1 2 3 33 9 29
D 1 5 2 2 10 32 8
L 39 20 -14
L 40 22 -15
L 41 20 14
D 38 21 2 39 40 41 8
L 43 24 16
L 44 26 -17
L 45 24 -16
D 42 25 2 43 44 45 8
L 47 22 15
D 46 21 2 39 47 41 29
D 37 23 2 38 42 46 8
L 50 28 -13
L 51 30 -12
L 52 28 13
D 49 29 2 50 51 52 8
L 55 32 -11
L 56 34 -18
L 57 32 11
D 54 33 2 55 56 57 8
L 59 36 -20
L 60 38 -19
L 61 36 20
D 58 37 2 59 60 61 8
L 63 34 18
D 62 33 2 55 63 57 29
D 53 35 2 54 58 62 8
L 65 30 12
D 64 29 2 50 65 52 29
D 48 31 2 49 53 64 8
L 68 26 17
D 67 25 2 43 68 45 29
D 66 23 2 38 67 46 29
D 36 27 2 37 48 66 8
L 73 40 -34
L 74 42 -35
L 75 40 34
D 72 41 2 73 74 75 8
L 77 44 -32
L 78 46 -33
L 79 44 32
D 76 45 2 77 78 79 8
L 81 42 35
D 80 41 2 73 81 75 29
D 71 43 2 72 76 80 8
L 84 48 -37
L 85 50 -38
L 86 48 37
D 83 49 2 84 85 86 8
L 89 52 -31
L 90 54 -36
L 91 52 31
D 88 53 2 89 90 91 8
L 93 56 -39
L 94 58 40
L 95 56 39
D 92 57 2 93 94 95 8
L 97 54 36
D 96 53 2 89 97 91 29
D 87 55 2 88 92 96 8
L 99 50 38
D 98 49 2 84 99 86 29
D 82 51 2 83 87 98 8
L 102 46 33
D 101 45 2 77 102 79 29
D 100 43 2 72 101 80 29
D 70 47 2 71 82 100 8
L 107 60 -22
L 108 62 -21
L 109 60 22
D 106 61 2 107 108 109 8
L 111 64 -25
L 112 66 -26
L 113 64 25
D 110 65 2 111 112 113 8
L 115 62 21
D 114 61 2 107 115 109 29
D 105 63 2 106 110 114 8
L 118 68 -27
L 119 70 -28
L 120 68 27
D 117 69 2 118 119 120 8
L 123 72 -23
L 124 74 -24
L 125 72 23
D 122 73 2 123 124 125 8
L 127 76 30
L 128 78 -29
L 129 76 -30
D 126 77 2 127 128 129 8
L 131 74 24
D 130 73 2 123 131 125 29
D 121 75 2 122 126 130 8
L 133 70 28
D 132 69 2 118 133 120 29
D 116 71 2 117 121 132 8
L 136 66 26
D 135 65 2 111 136 113 29
D 134 63 2 106 135 114 29
D 104 67 2 105 116 134 8
L 140 80 -46
L 141 82 -47
L 142 80 46
D 139 81 2 140 141 142 8
L 144 84 -48
L 146 86 50
L 147 88 -49
L 148 86 -50
D 145 87 2 146 147 148 8
L 149 84 48
D 143 85 2 144 145 149 8
L 151 82 47
D 150 81 2 140 151 142 29
D 138 83 2 139 143 150 8
L 155 90 -43
L 156 92 -44
L 157 90 43
D 154 91 2 155 156 157 8
L 159 94 -42
L 161 96 -45
L 162 98 -41
L 163 96 45
D 160 97 2 161 162 163 8
L 164 94 42
D 158 95 2 159 160 164 8
L 166 92 44
D 165 91 2 155 166 157 29
D 153 93 2 154 158 165 8
L 169 100 -57
L 171 102 -58
L 173 104 60
L 174 106 -59
L 175 104 -60
D 172 105 2 173 174 175 8
L 176 102 58
D 170 103 2 171 172 176 8
L 177 100 57
D 168 101 2 169 170 177 8
L 180 108 -53
L 182 110 -56
L 183 112 -55
L 184 110 56
D 181 111 2 182 183 184 8
L 185 108 53
D 179 109 2 180 181 185 8
L 188 114 -51
L 190 116 -54
L 191 118 -52
L 192 116 54
D 189 117 2 190 191 192 8
L 193 114 51
D 187 115 2 188 189 193 8
L 196 120 -61
L 197 122 -62
L 198 120 61
D 195 121 2 196 197 198 8
L 201 124 -63
L 202 126 -64
L 203 124 63
D 200 125 2 201 202 203 8
L 205 128 -65
L 207 130 -66
L 209 132 -67
L 211 134 -68
L 213 136 -69
L 214 138 70
L 215 136 69
D 212 137 2 213 214 215 8
L 216 134 68
D 210 135 2 211 212 216 8
L 217 132 67
D 208 133 2 209 210 217 8
L 218 130 66
D 206 131 2 207 208 218 8
L 219 128 65
D 204 129 2 205 206 219 8
L 221 126 64
D 220 125 2 201 221 203 29
D 199 127 2 200 204 220 8
L 223 122 62
D 222 121 2 196 223 198 29
D 194 123 2 195 199 222 8
L 226 118 52
D 225 117 2 190 226 192 29
D 224 115 2 188 225 193 29
D 186 119 2 187 194 224 8
L 229 112 55
D 228 111 2 182 229 184 29
D 227 109 2 180 228 185 29
D 178 113 2 179 186 227 8
L 233 106 59
D 232 105 2 173 233 175 29
D 231 103 2 171 232 176 29
D 230 101 2 169 231 177 29
D 167 107 2 168 178 230 8
L 237 98 41
D 236 97 2 161 237 163 29
D 235 95 2 159 236 164 29
D 234 93 2 154 235 165 29
D 152 99 2 153 167 234 8
L 241 88 49
D 240 87 2 146 241 148 29
D 239 85 2 144 240 149 29
D 238 83 2 139 239 150 29
D 137 89 2 138 152 238 8
L 246 78 29
D 245 77 2 127 246 129 29
D 244 75 2 122 245 130 29
D 243 71 2 117 244 132 29
D 242 67 2 105 243 134 29
D 103 79 2 104 137 242 8
L 251 58 -40
D 250 57 2 93 251 95 29
D 249 55 2 88 250 96 29
D 248 51 2 83 249 98 29
D 247 47 2 71 248 100 29
D 69 59 2 70 103 247 8
D 254 25 2 45 68 43 8
D 253 23 2 38 254 46 8
D 256 25 2 45 44 43 29
D 255 23 2 38 256 46 29
D 252 27 2 253 48 255 8
D 261 57 2 95 251 93 8
D 260 55 2 88 261 96 8
D 259 51 2 83 260 98 8
D 258 47 2 71 259 100 8
D 266 77 2 129 246 127 8
D 265 75 2 122 266 130 8
D 264 71 2 117 265 132 8
D 263 67 2 105 264 134 8
D 272 105 2 175 233 173 8
D 271 103 2 171 272 176 8
D 270 101 2 169 271 177 8
L 282 138 -70
D 281 137 2 215 282 213 8
D 280 135 2 211 281 216 8
D 279 133 2 209 280 217 8
D 278 131 2 207 279 218 8
D 277 129 2 205 278 219 8
D 276 127 2 200 277 220 8
D 275 123 2 195 276 222 8
D 274 119 2 187 275 224 8
D 273 113 2 179 274 227 8
D 285 105 2 175 174 173 233
D 284 103 2 171 285 176 29
D 283 101 2 169 284 177 29
D 269 107 3 270 178 168 273 283 8
D 268 99 2 153 269 234 8
D 288 87 2 148 241 146 8
D 287 85 2 144 288 149 8
D 286 83 2 139 287 150 8
D 291 87 2 148 147 146 241
D 290 85 2 144 291 149 29
D 289 83 2 139 290 150 29
D 267 89 3 138 268 286 152 289 8
D 295 77 2 129 128 127 246
D 294 75 2 122 295 130 29
D 293 71 2 117 294 132 29
D 292 67 2 105 293 134 29
D 262 79 3 263 137 104 267 292 8
D 299 57 2 93 251 95 94
D 298 55 2 88 299 96 29
D 297 51 2 83 298 98 29
D 296 47 2 71 297 100 29
D 257 59 3 258 103 70 262 296 8
D 302 25 2 45 44 43 8
D 301 23 2 38 302 46 8
D 305 33 2 55 63 57 8
D 306 33 2 55 56 57 29
D 304 35 2 305 58 306 8
D 303 31 2 49 304 64 8
D 308 25 2 45 68 43 29
D 307 23 2 38 308 46 29
D 300 27 2 301 303 307 8
D 312 49 2 84 99 86 8
D 314 57 2 93 251 95 8
D 313 55 2 88 314 96 8
D 315 49 2 84 85 86 29
D 311 51 2 312 313 315 8
D 310 47 2 71 311 100 8
D 319 69 2 118 133 120 8
D 321 77 2 129 128 127 8
D 320 75 2 122 321 130 8
D 322 69 2 118 119 120 29
D 318 71 2 319 320 322 8
D 317 67 2 105 318 134 8
D 334 137 2 213 282 215 8
D 333 135 2 216 334 211 8
D 332 133 2 209 333 217 8
D 331 131 2 207 332 218 8
D 330 129 2 205 331 219 8
D 329 127 2 200 330 220 8
D 328 123 2 195 329 222 8
D 327 119 2 187 328 224 8
D 326 113 2 179 327 227 8
D 337 105 2 175 174 173 8
D 336 103 2 176 337 171 8
D 335 101 2 169 336 177 8
D 340 105 2 175 233 173 29
D 339 103 2 171 285 176 340
D 338 101 2 169 339 177 29
D 325 107 4 168 326 335 178 270 273 338 8
D 324 99 2 153 325 234 8
D 343 87 2 148 147 146 8
D 342 85 2 149 343 144 8
D 341 83 2 139 342 150 8
D 346 87 2 148 241 146 29
D 345 85 2 144 291 149 346
D 344 83 2 139 345 150 29
D 323 89 4 138 324 286 268 341 152 344 8
D 350 77 2 129 246 127 29
D 349 75 2 122 350 130 29
D 348 71 3 117 294 319 349 120 29
D 347 67 2 105 348 134 29
D 316 79 4 317 137 263 267 104 323 347 8
D 354 57 2 93 94 95 29
D 353 55 2 88 354 96 29
D 352 51 3 83 298 312 353 86 29
D 351 47 2 71 352 100 29
D 309 59 4 310 103 258 262 70 316 351 8
L 359 38 19
D 358 37 2 59 359 61 8
D 357 35 2 54 358 62 8
D 356 31 2 49 357 64 8
D 355 27 2 301 356 307 8
D 363 49 2 86 85 84 8
D 364 49 2 86 99 84 29
D 362 51 2 363 313 364 8
D 361 47 2 71 362 100 8
D 368 69 2 120 119 118 8
D 369 69 2 120 133 118 29
D 367 71 2 368 320 369 8
D 366 67 2 105 367 134 8
D 380 135 2 211 334 216 8
D 379 133 2 217 380 209 8
D 378 131 2 207 379 218 8
D 377 129 2 205 378 219 8
D 376 127 2 200 377 220 8
D 375 123 2 195 376 222 8
D 374 119 2 187 375 224 8
D 373 113 2 179 374 227 8
D 382 103 2 171 337 176 8
D 381 101 2 177 382 169 8
D 384 103 2 171 340 176 29
D 383 101 2 169 339 177 384
D 372 107 5 168 373 270 326 381 178 335 273 383 8
D 371 99 2 153 372 234 8
D 386 81 2 140 151 142 8
D 387 85 2 144 343 149 8
D 388 81 2 140 141 142 29
D 385 83 2 386 387 388 8
D 390 85 2 144 346 149 29
D 389 83 3 139 345 386 390 142 29
D 370 89 5 138 371 286 324 341 268 385 152 389 8
D 393 69 2 120 119 118 133
D 394 69 2 120 133 118 8
D 392 71 3 117 294 393 349 394 29
D 391 67 2 105 392 134 29
D 365 79 5 366 137 317 267 263 323 104 370 391 8
D 397 49 2 86 85 84 99
D 398 49 2 86 99 84 8
D 396 51 3 83 298 397 353 398 29
D 395 47 2 71 396 100 29
D 360 59 5 361 103 310 262 258 316 70 365 395 8
D 402 37 2 61 60 59 8
D 401 35 2 54 402 62 8
D 400 31 2 49 401 64 8
D 399 27 2 301 400 307 8
D 407 53 2 89 97 91 8
D 408 53 2 89 90 91 29
D 406 55 2 407 314 408 8
D 405 51 2 83 406 98 8
D 404 47 2 71 405 100 8
D 412 65 2 111 136 113 8
D 411 63 2 106 412 114 8
D 413 71 2 117 320 132 8
D 415 65 2 111 112 113 29
D 414 63 2 106 415 114 29
D 410 67 2 411 413 414 8
D 425 133 2 209 380 217 8
D 424 131 2 218 425 207 8
D 423 129 2 205 424 219 8
D 422 127 2 200 423 220 8
D 421 123 2 195 422 222 8
D 420 119 2 187 421 224 8
D 419 113 2 179 420 227 8
D 426 101 2 169 382 177 8
D 429 111 2 184 183 182 8
D 428 109 2 180 429 185 8
D 431 111 2 184 229 182 29
D 430 109 2 180 431 185 29
D 427 113 2 428 186 430 8
D 434 105 2 173 233 175 8
D 433 103 2 171 434 176 340
D 432 101 2 169 433 177 384
D 418 107 6 168 419 426 427 270 373 335 326 381 273 432 8
D 417 99 2 153 418 234 8
D 436 81 2 142 141 140 8
D 437 81 2 142 151 140 29
D 435 83 2 436 387 437 8
D 439 81 2 142 141 140 151
D 440 81 2 142 151 140 8
D 438 83 3 139 345 439 390 440 29
D 416 89 6 138 417 286 371 341 324 385 268 435 152 438 8
D 442 71 2 117 349 132 29
D 443 63 2 106 113 114 29
D 441 67 3 105 392 411 442 443 29
D 409 79 6 410 137 366 267 317 323 263 370 104 416 441 8
D 446 55 3 407 354 88 299 91 29
D 445 51 3 83 446 397 353 398 29
D 444 47 2 71 445 100 29
D 403 59 6 404 103 361 262 310 316 258 365 70 409 444 8
D 450 37 2 59 359 61 29
D 451 37 2 59 60 61 359
D 449 35 3 305 450 54 451 57 29
D 448 31 2 49 449 64 29
D 453 25 2 43 44 45 68
D 452 23 2 38 453 46 8
D 455 35 2 54 450 62 29
D 454 31 2 49 455 64 29
D 457 25 2 43 68 45 8
D 456 23 2 38 457 46 29
D 447 27 3 301 448 452 454 456 29
D 35 39 6 36 69 252 257 300 309 355 360 399 403 447 8
D 460 3 2 5 34 7 8
D 459 1 2 3 460 9 8
D 463 11 2 17 28 19 8
D 464 11 2 17 18 19 29
D 462 13 2 463 20 464 8
D 461 9 2 11 462 30 8
D 466 3 2 5 6 7 29
D 465 1 2 3 466 9 29
D 458 5 2 459 461 465 8
D 470 21 2 39 47 41 8
D 471 21 2 39 40 41 29
D 469 23 2 470 302 471 8
D 472 23 2 470 308 471 29
D 468 27 2 469 48 472 8
D 476 41 2 73 81 75 8
D 477 41 2 73 74 75 29
D 475 43 2 476 76 477 8
D 478 51 2 83 313 98 8
D 479 43 2 476 101 477 29
D 474 47 2 475 478 479 8
D 483 65 2 113 112 111 8
D 482 63 2 106 483 114 8
D 485 65 2 113 136 111 29
D 484 63 2 106 485 114 29
D 481 67 2 482 413 484 8
D 494 131 2 207 425 218 8
D 493 129 2 219 494 205 8
D 492 127 2 200 493 220 8
D 491 123 2 195 492 222 8
D 490 119 2 187 491 224 8
D 489 113 2 179 490 227 8
D 497 111 2 182 229 184 8
D 496 109 2 180 497 185 8
D 499 111 2 182 183 184 229
D 498 109 2 180 499 185 29
D 495 113 3 428 274 496 186 498 8
D 488 107 6 168 489 426 495 270 419 335 373 381 326 432 8
D 487 99 2 153 488 234 8
D 500 83 2 139 387 150 8
D 504 97 2 163 162 161 8
D 503 95 2 159 504 164 8
D 502 93 2 154 503 165 8
D 507 97 2 163 237 161 29
D 506 95 2 159 507 164 29
D 505 93 2 154 506 165 29
D 501 99 2 502 167 505 8
D 510 87 2 146 241 148 8
D 509 85 2 144 510 149 346
D 508 83 3 139 509 439 390 440 29
D 486 89 7 138 487 500 501 286 417 341 371 385 324 435 268 508 8
D 513 65 2 113 112 111 136
D 512 63 2 106 513 114 8
D 515 65 2 113 136 111 8
D 514 63 2 106 515 114 29
D 511 67 3 105 392 512 442 514 29
D 480 79 7 481 137 410 267 366 323 317 370 263 416 104 486 511 8
D 517 51 2 83 353 98 29
D 518 43 2 73 101 75 29
D 516 47 3 71 445 475 517 518 29
D 473 59 7 474 103 404 262 361 316 310 365 258 409 70 480 516 8
D 520 23 3 38 453 470 302 41 8
D 521 23 3 38 457 470 308 41 29
D 519 27 3 301 448 520 454 521 29
D 467 39 7 468 69 36 257 252 309 300 360 355 403 399 473 519 8
D 523 1 2 9 4 3 8
D 524 1 2 9 33 3 29
D 522 5 2 523 461 524 8
D 528 21 2 41 40 39 8
D 529 21 2 41 47 39 29
D 527 23 2 528 302 529 8
D 530 23 2 528 308 529 29
D 526 27 2 527 48 530 8
D 534 41 2 75 74 73 8
D 535 41 2 75 81 73 29
D 533 43 2 534 76 535 8
D 536 43 2 534 101 535 29
D 532 47 2 533 478 536 8
D 541 73 2 123 131 125 8
D 542 73 2 123 124 125 29
D 540 75 2 541 321 542 8
D 539 71 2 117 540 132 8
D 538 67 2 105 539 134 8
D 550 125 2 201 221 203 8
D 551 129 2 205 494 219 8
D 552 125 2 201 202 203 29
D 549 127 2 550 551 552 8
D 548 123 2 195 549 222 8
D 547 119 2 187 548 224 8
D 546 113 2 179 547 227 8
D 556 117 2 192 191 190 8
D 555 115 2 188 556 193 8
D 558 117 2 192 226 190 29
D 557 115 2 188 558 193 29
D 554 119 2 555 194 557 8
D 560 111 2 184 229 182 8
D 559 109 2 180 560 185 29
D 553 113 4 496 274 179 554 428 327 559 8
D 545 107 6 168 546 426 553 270 489 335 419 381 373 432 8
D 544 99 2 153 545 234 8
D 563 91 2 155 166 157 8
D 564 91 2 155 156 157 29
D 562 93 2 563 158 564 8
D 565 93 3 154 506 563 235 157 29
D 561 99 3 562 167 502 269 565 8
D 543 89 7 138 544 500 561 286 487 341 417 385 371 435 324 508 8
D 568 75 3 541 350 122 295 125 29
D 567 71 3 117 568 393 349 394 29
D 566 67 3 105 567 512 442 514 29
D 537 79 8 538 137 481 267 410 323 366 370 317 416 263 486 104 543 566 8
D 571 41 2 75 74 73 81
D 572 41 2 73 74 75 81
D 570 43 2 571 76 572 8
D 574 41 2 75 74 73 29
D 575 41 2 75 81 73 8
D 573 43 2 574 101 575 29
D 569 47 3 71 445 570 517 573 29
D 531 59 8 532 103 474 262 404 316 361 365 310 409 258 480 70 537 569 8
D 578 21 2 41 40 39 47
D 579 21 2 41 47 39 8
D 577 23 3 38 453 578 302 579 8
D 580 23 3 38 457 578 308 579 29
D 576 27 3 301 448 577 454 580 29
D 525 39 8 526 69 468 257 36 309 252 360 300 403 355 473 399 531 576 8
D 583 3 2 7 6 5 8
D 582 1 2 3 583 9 8
D 585 3 2 7 34 5 29
D 584 1 2 3 585 9 29
D 581 5 2 582 461 584 8
D 589 29 2 52 51 50 8
D 590 29 2 52 65 50 29
D 588 31 2 589 53 590 8
D 587 27 2 301 588 307 8
D 594 45 2 77 102 79 8
D 593 43 2 72 594 80 8
D 596 45 2 77 78 79 29
D 595 43 2 72 596 80 29
D 592 47 2 593 478 595 8
D 601 73 2 125 124 123 8
D 602 73 2 125 131 123 29
D 600 75 2 601 321 602 8
D 599 71 2 117 600 132 8
D 598 67 2 105 599 134 8
D 607 109 2 185 181 180 8
D 608 119 2 555 275 557 8
D 609 109 2 180 560 185 228
D 606 113 5 496 327 607 186 179 608 428 374 609 8
D 614 125 2 203 202 201 8
D 615 125 2 203 221 201 29
D 613 127 2 614 551 615 8
D 612 123 2 195 613 222 8
D 611 119 2 187 612 224 8
D 610 113 2 179 611 227 8
D 605 107 6 426 606 168 610 270 546 335 489 381 419 432 8
D 604 99 2 153 605 234 8
D 618 91 2 157 156 155 8
D 619 91 2 157 166 155 29
D 617 93 2 618 158 619 8
D 621 91 2 157 156 155 166
D 622 91 2 157 166 155 8
D 620 93 3 154 506 621 235 622 29
D 616 99 4 617 167 562 269 502 325 620 8
D 603 89 7 138 604 500 616 286 544 341 487 385 417 435 371 508 8
D 626 73 2 125 124 123 131
D 627 73 2 125 131 123 8
D 625 75 3 626 350 122 295 627 29
D 624 71 3 393 349 117 625 394 29
D 623 67 3 512 442 105 624 514 29
D 597 79 9 598 137 538 267 481 323 410 370 366 416 317 486 263 543 104 603 623 8
D 629 43 3 72 594 571 76 575 8
D 630 43 3 571 101 72 79 575 29
D 628 47 3 71 445 629 517 630 29
D 591 59 9 592 103 532 262 474 316 404 365 361 409 310 480 258 537 70 597 628 8
D 632 31 3 49 449 589 455 65 29
D 631 27 3 301 632 577 454 580 29
D 586 39 9 587 69 526 257 468 309 36 360 252 403 300 473 355 531 399 591 631 8
D 636 11 2 19 28 17 8
D 637 11 2 19 18 17 29
D 635 13 2 636 20 637 8
D 634 9 2 11 635 30 8
D 633 5 2 2 634 32 8
D 641 29 2 50 65 52 8
D 642 29 2 50 51 52 29
D 640 31 2 641 53 642 8
D 639 27 2 301 640 307 8
D 646 45 2 79 78 77 8
D 645 43 2 72 646 80 8
D 648 45 2 79 102 77 29
D 647 43 2 72 648 80 29
D 644 47 2 645 478 647 8
D 652 61 2 109 108 107 8
D 653 61 2 109 115 107 29
D 651 63 2 652 110 653 8
D 654 63 2 652 135 653 29
D 650 67 2 651 413 654 8
D 661 117 2 190 226 192 8
D 660 115 2 188 661 193 8
D 663 117 2 190 191 192 226
D 662 115 2 188 663 193 29
D 659 119 3 660 194 555 328 662 8
D 658 113 5 179 659 607 274 496 374 428 420 609 8
D 667 121 2 196 223 198 8
D 668 127 2 200 551 220 8
D 669 121 2 196 197 198 29
D 666 123 2 667 668 669 8
D 665 119 2 187 666 224 8
D 664 113 2 179 665 227 8
D 657 107 6 426 658 270 610 335 546 168 664 381 489 432 8
D 656 99 2 153 657 234 8
D 672 95 2 164 160 159 8
D 671 93 2 154 672 165 8
D 674 95 2 159 507 164 236
D 673 93 3 154 674 621 235 622 29
D 670 99 5 671 167 617 269 562 325 502 372 673 8
D 655 89 7 138 656 500 670 286 604 341 544 385 487 435 417 508 8
D 676 63 3 106 513 652 110 115 8
D 677 63 3 106 515 652 135 115 29
D 675 67 3 676 442 105 624 677 29
D 649 79 10 650 137 598 267 538 323 481 370 410 416 366 486 317 543 263 603 104 655 675 8
D 680 45 2 79 78 77 102
D 679 43 3 72 680 571 76 575 8
D 682 45 2 79 102 77 8
D 681 43 3 72 682 571 101 575 29
D 678 47 3 71 445 679 517 681 29
D 643 59 10 644 103 592 262 532 316 474 365 404 409 361 480 310 537 258 597 70 649 678 8
D 685 29 2 52 51 50 65
D 686 29 2 52 65 50 8
D 684 31 3 49 449 685 455 686 29
D 683 27 3 301 684 577 454 580 29
D 638 39 10 639 69 587 257 526 309 468 360 36 403 252 473 300 531 355 591 399 643 683 8
D 689 7 2 14 13 12 8
D 690 7 2 14 31 12 29
D 688 9 2 689 462 690 8
D 687 5 2 2 688 32 8
D 695 33 2 57 56 55 8
D 696 33 2 57 63 55 29
D 694 35 2 695 58 696 8
D 693 31 2 49 694 64 8
D 692 27 2 301 693 307 8
D 701 53 2 91 90 89 8
D 702 53 2 91 97 89 29
D 700 55 2 701 314 702 8
D 699 51 2 83 700 98 8
D 698 47 2 71 699 100 8
D 706 61 2 107 115 109 8
D 707 61 2 107 108 109 29
D 705 63 2 706 110 707 8
D 708 63 2 706 135 707 29
D 704 67 2 705 413 708 8
D 713 97 2 161 237 163 8
D 712 95 2 159 713 164 8
D 711 93 2 154 712 165 8
D 716 97 2 161 162 163 237
D 715 95 2 159 716 164 236
D 714 93 3 154 715 621 235 622 29
D 710 99 6 711 167 671 269 617 325 562 372 502 418 714 8
D 721 115 2 193 189 188 8
D 722 115 2 188 663 193 225
D 720 119 4 721 194 660 275 555 375 722 8
D 719 113 5 179 720 607 327 496 420 428 490 609 8
D 726 121 2 198 197 196 8
D 727 121 2 198 223 196 29
D 725 123 2 726 668 727 8
D 724 119 2 187 725 224 8
D 723 113 2 179 724 227 8
D 718 107 6 426 719 335 610 381 546 270 664 168 723 432 8
D 717 99 2 153 718 234 8
D 709 89 7 500 710 138 717 286 656 341 604 385 544 435 487 508 8
D 730 61 2 109 108 107 115
D 731 61 2 109 115 107 8
D 729 63 3 106 513 730 110 731 8
D 732 63 3 106 515 730 135 731 29
D 728 67 3 729 442 105 624 732 29
D 703 79 11 704 137 650 267 598 323 538 370 481 416 410 486 366 543 317 603 263 655 104 709 728 8
D 736 53 2 91 90 89 97
D 737 53 2 91 97 89 8
D 735 55 3 736 354 88 299 737 29
D 734 51 3 397 353 83 735 398 29
D 733 47 3 679 517 71 734 681 29
D 697 59 11 698 103 644 262 592 316 532 365 474 409 404 480 361 537 310 597 258 649 70 703 733 8
D 741 33 2 57 56 55 63
D 742 33 2 57 63 55 8
D 740 35 3 741 450 54 451 742 29
D 739 31 3 685 455 49 740 686 29
D 738 27 3 577 454 301 739 580 29
D 691 39 11 692 69 639 257 587 309 526 360 468 403 36 473 252 531 300 591 355 643 399 697 738 8
D 745 7 2 12 31 14 8
D 746 7 2 12 13 14 29
D 744 9 2 745 462 746 8
D 743 5 2 2 744 32 8
D 751 99 6 711 269 671 325 617 372 562 418 502 488 714 8
D 755 119 4 721 275 660 328 555 421 722 8
D 754 113 5 179 755 607 374 496 490 428 547 609 8
D 757 103 2 176 340 171 173
D 756 101 2 169 757 177 384
D 753 107 5 381 610 426 754 335 664 270 723 756 8
D 752 99 2 153 753 234 8
D 750 89 7 500 751 286 717 138 752 341 656 385 604 435 544 508 8
D 749 79 11 704 267 650 323 598 370 538 416 481 486 410 543 366 603 317 655 263 709 104 750 728 8
D 748 59 11 698 262 644 316 592 365 532 409 474 480 404 537 361 597 310 649 258 703 70 749 733 8
D 747 39 11 692 257 639 309 587 360 526 403 468 473 36 531 252 591 300 643 355 697 399 748 738 8
D 761 15 2 26 22 21 8
D 760 13 2 463 761 464 8
D 759 9 2 11 760 30 8
D 758 5 2 2 759 32 8
D 766 99 6 711 325 671 372 617 418 562 488 502 545 714 8
D 770 119 4 721 328 660 375 555 491 722 8
D 769 113 5 179 770 607 420 496 547 428 611 609 8
D 771 101 2 177 384 169 340
D 768 107 4 381 664 426 769 335 723 771 8
D 767 99 2 153 768 234 8
D 765 89 7 500 766 341 717 286 752 138 767 385 656 435 604 508 8
D 764 79 11 704 323 650 370 598 416 538 486 481 543 410 603 366 655 317 709 263 750 104 765 728 8
D 763 59 11 698 316 644 365 592 409 532 480 474 537 404 597 361 649 310 703 258 749 70 764 733 8
D 762 39 11 692 309 639 360 587 403 526 473 468 531 36 591 252 643 300 697 355 748 399 763 738 8
D 776 17 2 25 24 23 8
D 775 15 2 21 776 26 8
D 774 13 2 463 775 464 8
D 773 9 2 11 774 30 8
D 772 5 2 2 773 32 8
D 781 99 6 711 372 671 418 617 488 562 545 502 605 714 8
D 785 119 4 721 375 660 421 555 548 722 8
D 784 113 5 179 785 607 490 496 611 428 665 609 8
D 783 107 3 381 723 426 784 384 8
D 782 99 2 153 783 234 8
D 780 89 7 500 781 385 717 341 752 286 767 138 782 435 656 508 8
D 779 79 11 704 370 650 416 598 486 538 543 481 603 410 655 366 709 317 750 263 765 104 780 728 8
D 778 59 11 698 365 644 409 592 480 532 537 474 597 404 649 361 703 310 749 258 764 70 779 733 8
D 777 39 11 692 360 639 403 587 473 526 531 468 591 36 643 252 697 300 748 355 763 399 778 738 8
L 791 18 10
D 790 17 2 23 791 25 8
D 789 15 2 21 790 26 8
D 788 13 2 463 789 464 8
D 787 9 2 11 788 30 8
D 786 5 2 2 787 32 8
D 796 99 6 711 418 671 488 617 545 562 605 502 657 714 8
D 800 119 4 721 421 660 491 555 612 722 8
D 799 113 5 179 800 607 547 496 665 428 724 609 8
D 801 101 2 169 384 177 29
D 798 107 2 426 799 801 8
D 797 99 2 153 798 234 8
D 795 89 7 435 717 500 796 385 752 341 767 286 782 138 797 508 8
D 794 79 11 704 416 650 486 598 543 538 603 481 655 410 709 366 750 317 765 263 780 104 795 728 8
D 793 59 11 698 409 644 480 592 537 532 597 474 649 404 703 361 749 310 764 258 779 70 794 733 8
D 792 39 11 692 403 639 473 587 531 526 591 468 643 36 697 252 748 300 763 355 778 399 793 738 8
D 806 17 2 23 24 25 791
D 807 17 2 23 791 25 29
D 805 15 2 21 806 26 807
D 808 11 2 19 28 17 18
D 809 15 2 21 807 26 29
D 810 11 2 19 18 17 8
D 804 13 3 463 805 808 809 810 29
D 811 7 2 14 13 12 31
D 812 13 2 463 809 464 29
D 813 7 2 14 31 12 8
D 803 9 3 11 804 811 812 813 29
D 815 3 2 7 6 5 34
D 814 1 2 3 815 9 4
D 816 9 2 11 812 30 29
D 818 3 2 7 34 5 8
D 817 1 2 3 818 9 33
D 802 5 3 2 803 814 816 817 29
D 0 19 11 1 35 458 467 522 525 581 586 633 638 687 691 743 747 758 762 772 777 786 792 802 8
