c ids of sdd nodes start at 0
c sdd nodes appear bottom-up, children before parents
c
c file syntax:
c sdd count-of-sdd-nodes
c F id-of-false-sdd-node
c T id-of-true-sdd-node
c L id-of-literal-sdd-node id-of-vtree literal
c D id-of-decomposition-sdd-node id-of-vtree number-of-elements {id-of-prime id-of-sub}*
c
sdd 812
L 3 0 -3
L 5 2 -4
L 6 4 -2
L 7 2 4
F 8
D 4 3 2 5 6 7 8
L 9 0 3
D 2 1 2 3 4 9 8
L 12 6 -6
L 13 8 -7
L 14 6 6
D 11 7 2 12 13 14 8
L 17 10 -5
L 18 12 1
L 19 10 5
D 16 11 2 17 18 19 8
L 21 14 -8
L 23 16 -9
L 24 18 -10
L 25 16 9
D 22 17 2 23 24 25 8
L 26 14 8
D 20 15 2 21 22 26 8
L 28 12 -1
T 29
D 27 11 2 17 28 19 29
D 15 13 2 16 20 27 8
L 31 8 7
D 30 7 2 12 31 14 29
D 10 9 2 11 15 30 8
L 34 4 2
D 33 3 2 5 34 7 29
D 32 1 2 3 33 9 29
D 1 5 2 2 10 32 8
L 39 20 -14
L 40 22 -15
L 41 20 14
D 38 21 2 39 40 41 8
L 43 24 -16
L 44 26 17
L 45 24 16
D 42 25 2 43 44 45 8
L 47 22 15
D 46 21 2 39 47 41 29
D 37 23 2 38 42 46 8
L 50 28 -13
L 51 30 -12
L 52 28 13
D 49 29 2 50 51 52 8
L 55 32 -11
L 56 34 -18
L 57 32 11
D 54 33 2 55 56 57 8
L 59 36 -20
L 60 38 -19
L 61 36 20
D 58 37 2 59 60 61 8
L 63 34 18
D 62 33 2 55 63 57 29
D 53 35 2 54 58 62 8
L 65 30 12
D 64 29 2 50 65 52 29
D 48 31 2 49 53 64 8
L 68 26 -17
D 67 25 2 43 68 45 29
D 66 23 2 38 67 46 29
D 36 27 2 37 48 66 8
L 73 40 -34
L 74 42 -35
L 75 40 34
D 72 41 2 73 74 75 8
L 77 44 -32
L 78 46 -33
L 79 44 32
D 76 45 2 77 78 79 8
L 81 42 35
D 80 41 2 73 81 75 29
D 71 43 2 72 76 80 8
L 84 48 -37
L 85 50 -38
L 86 48 37
D 83 49 2 84 85 86 8
L 89 52 -31
L 90 54 -36
L 91 52 31
D 88 53 2 89 90 91 8
L 93 56 -39
L 94 58 40
L 95 56 39
D 92 57 2 93 94 95 8
L 97 54 36
D 96 53 2 89 97 91 29
D 87 55 2 88 92 96 8
L 99 50 38
D 98 49 2 84 99 86 29
D 82 51 2 83 87 98 8
L 102 46 33
D 101 45 2 77 102 79 29
D 100 43 2 72 101 80 29
D 70 47 2 71 82 100 8
L 107 60 -22
L 108 62 -21
L 109 60 22
D 106 61 2 107 108 109 8
L 111 64 -25
L 112 66 -26
L 113 64 25
D 110 65 2 111 112 113 8
L 115 62 21
D 114 61 2 107 115 109 29
D 105 63 2 106 110 114 8
L 118 68 -27
L 119 70 -28
L 120 68 27
D 117 69 2 118 119 120 8
L 123 72 -23
L 124 74 -24
L 125 72 23
D 122 73 2 123 124 125 8
L 127 76 30
L 128 78 -29
L 129 76 -30
D 126 77 2 127 128 129 8
L 131 74 24
D 130 73 2 123 131 125 29
D 121 75 2 122 126 130 8
L 133 70 28
D 132 69 2 118 133 120 29
D 116 71 2 117 121 132 8
L 136 66 26
D 135 65 2 111 136 113 29
D 134 63 2 106 135 114 29
D 104 67 2 105 116 134 8
L 140 80 -46
L 141 82 -47
L 142 80 46
D 139 81 2 140 141 142 8
L 144 84 -48
L 146 86 50
L 147 88 -49
L 148 86 -50
D 145 87 2 146 147 148 8
L 149 84 48
D 143 85 2 144 145 149 8
L 151 82 47
D 150 81 2 140 151 142 29
D 138 83 2 139 143 150 8
L 155 90 -43
L 156 92 -44
L 157 90 43
D 154 91 2 155 156 157 8
L 159 94 -42
L 161 96 -45
L 162 98 -41
L 163 96 45
D 160 97 2 161 162 163 8
L 164 94 42
D 158 95 2 159 160 164 8
L 166 92 44
D 165 91 2 155 166 157 29
D 153 93 2 154 158 165 8
L 169 100 -57
L 171 102 -58
L 173 104 60
L 174 106 -59
L 175 104 -60
D 172 105 2 173 174 175 8
L 176 102 58
D 170 103 2 171 172 176 8
L 177 100 57
D 168 101 2 169 170 177 8
L 180 108 -53
L 182 110 -56
L 183 112 -55
L 184 110 56
D 181 111 2 182 183 184 8
L 185 108 53
D 179 109 2 180 181 185 8
L 188 114 -51
L 190 116 -54
L 191 118 -52
L 192 116 54
D 189 117 2 190 191 192 8
L 193 114 51
D 187 115 2 188 189 193 8
L 196 120 -61
L 197 122 -62
L 198 120 61
D 195 121 2 196 197 198 8
L 201 124 -63
L 202 126 -64
L 203 124 63
D 200 125 2 201 202 203 8
L 205 128 -65
L 207 130 -66
L 209 132 -67
L 211 134 -68
L 213 136 -69
L 214 138 70
L 215 136 69
D 212 137 2 213 214 215 8
L 216 134 68
D 210 135 2 211 212 216 8
L 217 132 67
D 208 133 2 209 210 217 8
L 218 130 66
D 206 131 2 207 208 218 8
L 219 128 65
D 204 129 2 205 206 219 8
L 221 126 64
D 220 125 2 201 221 203 29
D 199 127 2 200 204 220 8
L 223 122 62
D 222 121 2 196 223 198 29
D 194 123 2 195 199 222 8
L 226 118 52
D 225 117 2 190 226 192 29
D 224 115 2 188 225 193 29
D 186 119 2 187 194 224 8
L 229 112 55
D 228 111 2 182 229 184 29
D 227 109 2 180 228 185 29
D 178 113 2 179 186 227 8
L 233 106 59
D 232 105 2 173 233 175 29
D 231 103 2 171 232 176 29
D 230 101 2 169 231 177 29
D 167 107 2 168 178 230 8
L 237 98 41
D 236 97 2 161 237 163 29
D 235 95 2 159 236 164 29
D 234 93 2 154 235 165 29
D 152 99 2 153 167 234 8
L 241 88 49
D 240 87 2 146 241 148 29
D 239 85 2 144 240 149 29
D 238 83 2 139 239 150 29
D 137 89 2 138 152 238 8
L 246 78 29
D 245 77 2 127 246 129 29
D 244 75 2 122 245 130 29
D 243 71 2 117 244 132 29
D 242 67 2 105 243 134 29
D 103 79 2 104 137 242 8
L 251 58 -40
D 250 57 2 93 251 95 29
D 249 55 2 88 250 96 29
D 248 51 2 83 249 98 29
D 247 47 2 71 248 100 29
D 69 59 2 70 103 247 8
D 254 25 2 43 68 45 8
D 253 23 2 38 254 46 8
D 257 33 2 55 63 57 8
D 258 33 2 55 56 57 29
D 256 35 2 257 58 258 8
D 255 31 2 49 256 64 8
D 260 25 2 43 44 45 29
D 259 23 2 38 260 46 29
D 252 27 2 253 255 259 8
D 265 57 2 95 251 93 8
D 264 55 2 88 265 96 8
D 263 51 2 83 264 98 8
D 262 47 2 71 263 100 8
D 270 77 2 129 246 127 8
D 269 75 2 122 270 130 8
D 268 71 2 117 269 132 8
D 267 67 2 105 268 134 8
D 276 105 2 175 233 173 8
D 275 103 2 171 276 176 8
D 274 101 2 169 275 177 8
L 286 138 -70
D 285 137 2 215 286 213 8
D 284 135 2 211 285 216 8
D 283 133 2 209 284 217 8
D 282 131 2 207 283 218 8
D 281 129 2 205 282 219 8
D 280 127 2 200 281 220 8
D 279 123 2 195 280 222 8
D 278 119 2 187 279 224 8
D 277 113 2 179 278 227 8
D 289 105 2 175 174 173 233
D 288 103 2 171 289 176 29
D 287 101 2 169 288 177 29
D 273 107 3 274 178 168 277 287 8
D 272 99 2 153 273 234 8
D 292 87 2 148 241 146 8
D 291 85 2 144 292 149 8
D 290 83 2 139 291 150 8
D 295 87 2 148 147 146 241
D 294 85 2 144 295 149 29
D 293 83 2 139 294 150 29
D 271 89 3 138 272 290 152 293 8
D 299 77 2 129 128 127 246
D 298 75 2 122 299 130 29
D 297 71 2 117 298 132 29
D 296 67 2 105 297 134 29
D 266 79 3 267 137 104 271 296 8
D 303 57 2 93 251 95 94
D 302 55 2 88 303 96 29
D 301 51 2 83 302 98 29
D 300 47 2 71 301 100 29
D 261 59 3 262 103 70 266 300 8
L 308 38 19
D 307 37 2 59 308 61 8
D 306 35 2 54 307 62 8
D 305 31 2 49 306 64 8
D 304 27 2 253 305 259 8
D 312 49 2 84 99 86 8
D 314 57 2 93 251 95 8
D 313 55 2 88 314 96 8
D 315 49 2 84 85 86 29
D 311 51 2 312 313 315 8
D 310 47 2 71 311 100 8
D 319 69 2 118 133 120 8
D 321 77 2 129 128 127 8
D 320 75 2 122 321 130 8
D 322 69 2 118 119 120 29
D 318 71 2 319 320 322 8
D 317 67 2 105 318 134 8
D 334 137 2 213 286 215 8
D 333 135 2 216 334 211 8
D 332 133 2 209 333 217 8
D 331 131 2 207 332 218 8
D 330 129 2 205 331 219 8
D 329 127 2 200 330 220 8
D 328 123 2 195 329 222 8
D 327 119 2 187 328 224 8
D 326 113 2 179 327 227 8
D 337 105 2 175 174 173 8
D 336 103 2 176 337 171 8
D 335 101 2 169 336 177 8
D 340 105 2 175 233 173 29
D 339 103 2 171 289 176 340
D 338 101 2 169 339 177 29
D 325 107 4 168 326 335 178 274 277 338 8
D 324 99 2 153 325 234 8
D 343 87 2 148 147 146 8
D 342 85 2 149 343 144 8
D 341 83 2 139 342 150 8
D 346 87 2 148 241 146 29
D 345 85 2 144 295 149 346
D 344 83 2 139 345 150 29
D 323 89 4 138 324 290 272 341 152 344 8
D 350 77 2 129 246 127 29
D 349 75 2 122 350 130 29
D 348 71 3 117 298 319 349 120 29
D 347 67 2 105 348 134 29
D 316 79 4 317 137 267 271 104 323 347 8
D 354 57 2 93 94 95 29
D 353 55 2 88 354 96 29
D 352 51 3 83 302 312 353 86 29
D 351 47 2 71 352 100 29
D 309 59 4 310 103 262 266 70 316 351 8
D 358 37 2 61 60 59 8
D 357 35 2 54 358 62 8
D 356 31 2 49 357 64 8
D 355 27 2 253 356 259 8
D 362 49 2 86 85 84 8
D 363 49 2 86 99 84 29
D 361 51 2 362 313 363 8
D 360 47 2 71 361 100 8
D 367 69 2 120 119 118 8
D 368 69 2 120 133 118 29
D 366 71 2 367 320 368 8
D 365 67 2 105 366 134 8
D 379 135 2 211 334 216 8
D 378 133 2 217 379 209 8
D 377 131 2 207 378 218 8
D 376 129 2 205 377 219 8
D 375 127 2 200 376 220 8
D 374 123 2 195 375 222 8
D 373 119 2 187 374 224 8
D 372 113 2 179 373 227 8
D 381 103 2 171 337 176 8
D 380 101 2 177 381 169 8
D 383 103 2 171 340 176 29
D 382 101 2 169 339 177 383
D 371 107 5 168 372 274 326 380 178 335 277 382 8
D 370 99 2 153 371 234 8
D 385 81 2 140 151 142 8
D 386 85 2 144 343 149 8
D 387 81 2 140 141 142 29
D 384 83 2 385 386 387 8
D 389 85 2 144 346 149 29
D 388 83 3 139 345 385 389 142 29
D 369 89 5 138 370 290 324 341 272 384 152 388 8
D 392 69 2 120 119 118 133
D 393 69 2 120 133 118 8
D 391 71 3 117 298 392 349 393 29
D 390 67 2 105 391 134 29
D 364 79 5 365 137 317 271 267 323 104 369 390 8
D 396 49 2 86 85 84 99
D 397 49 2 86 99 84 8
D 395 51 3 83 302 396 353 397 29
D 394 47 2 71 395 100 29
D 359 59 5 360 103 310 266 262 316 70 364 394 8
D 401 37 2 59 308 61 29
D 402 37 2 59 60 61 308
D 400 35 3 257 401 54 402 57 29
D 399 31 2 49 400 64 29
D 404 35 2 54 401 62 29
D 403 31 2 49 404 64 29
D 405 23 2 38 45 46 29
D 398 27 3 253 399 37 403 405 29
D 35 39 5 36 69 252 261 304 309 355 359 398 8
D 408 3 2 5 34 7 8
D 407 1 2 3 408 9 8
D 411 11 2 17 28 19 8
D 412 11 2 17 18 19 29
D 410 13 2 411 20 412 8
D 409 9 2 11 410 30 8
D 414 3 2 5 6 7 29
D 413 1 2 3 414 9 29
D 406 5 2 407 409 413 8
D 418 25 2 45 68 43 8
D 417 23 2 38 418 46 8
D 420 25 2 45 44 43 29
D 419 23 2 38 420 46 29
D 416 27 2 417 48 419 8
D 425 53 2 89 97 91 8
D 426 53 2 89 90 91 29
D 424 55 2 425 314 426 8
D 423 51 2 83 424 98 8
D 422 47 2 71 423 100 8
D 430 65 2 111 136 113 8
D 429 63 2 106 430 114 8
D 431 71 2 117 320 132 8
D 433 65 2 111 112 113 29
D 432 63 2 106 433 114 29
D 428 67 2 429 431 432 8
D 443 133 2 209 379 217 8
D 442 131 2 218 443 207 8
D 441 129 2 205 442 219 8
D 440 127 2 200 441 220 8
D 439 123 2 195 440 222 8
D 438 119 2 187 439 224 8
D 437 113 2 179 438 227 8
D 444 101 2 169 381 177 8
D 447 111 2 184 183 182 8
D 446 109 2 180 447 185 8
D 449 111 2 184 229 182 29
D 448 109 2 180 449 185 29
D 445 113 2 446 186 448 8
D 452 105 2 173 233 175 8
D 451 103 2 171 452 176 340
D 450 101 2 169 451 177 383
D 436 107 6 168 437 444 445 274 372 335 326 380 277 450 8
D 435 99 2 153 436 234 8
D 454 81 2 142 141 140 8
D 455 81 2 142 151 140 29
D 453 83 2 454 386 455 8
D 457 81 2 142 141 140 151
D 458 81 2 142 151 140 8
D 456 83 3 139 345 457 389 458 29
D 434 89 6 138 435 290 370 341 324 384 272 453 152 456 8
D 460 71 2 117 349 132 29
D 461 63 2 106 113 114 29
D 459 67 3 105 391 429 460 461 29
D 427 79 6 428 137 365 271 317 323 267 369 104 434 459 8
D 464 55 3 425 354 88 303 91 29
D 463 51 3 83 464 396 353 397 29
D 462 47 2 71 463 100 29
D 421 59 6 422 103 360 266 310 316 262 364 70 427 462 8
D 467 25 2 45 68 43 44
D 466 23 2 38 467 46 8
D 469 25 2 45 44 43 8
D 468 23 2 38 469 46 29
D 465 27 3 253 399 466 403 468 29
D 415 39 6 416 69 36 261 252 309 304 359 355 421 465 8
D 471 1 2 9 4 3 8
D 472 1 2 9 33 3 29
D 470 5 2 471 409 472 8
D 476 21 2 39 47 41 8
D 477 21 2 39 40 41 29
D 475 23 2 476 254 477 8
D 478 23 2 476 260 477 29
D 474 27 2 475 48 478 8
D 482 41 2 73 81 75 8
D 483 41 2 73 74 75 29
D 481 43 2 482 76 483 8
D 484 51 2 83 313 98 8
D 485 43 2 482 101 483 29
D 480 47 2 481 484 485 8
D 489 65 2 113 112 111 8
D 488 63 2 106 489 114 8
D 491 65 2 113 136 111 29
D 490 63 2 106 491 114 29
D 487 67 2 488 431 490 8
D 500 131 2 207 443 218 8
D 499 129 2 219 500 205 8
D 498 127 2 200 499 220 8
D 497 123 2 195 498 222 8
D 496 119 2 187 497 224 8
D 495 113 2 179 496 227 8
D 503 111 2 182 229 184 8
D 502 109 2 180 503 185 8
D 505 111 2 182 183 184 229
D 504 109 2 180 505 185 29
D 501 113 3 446 278 502 186 504 8
D 494 107 6 168 495 444 501 274 437 335 372 380 326 450 8
D 493 99 2 153 494 234 8
D 506 83 2 139 386 150 8
D 510 97 2 163 162 161 8
D 509 95 2 159 510 164 8
D 508 93 2 154 509 165 8
D 513 97 2 163 237 161 29
D 512 95 2 159 513 164 29
D 511 93 2 154 512 165 29
D 507 99 2 508 167 511 8
D 516 87 2 146 241 148 8
D 515 85 2 144 516 149 346
D 514 83 3 139 515 457 389 458 29
D 492 89 7 138 493 506 507 290 435 341 370 384 324 453 272 514 8
D 519 65 2 113 112 111 136
D 518 63 2 106 519 114 8
D 521 65 2 113 136 111 8
D 520 63 2 106 521 114 29
D 517 67 3 105 391 518 460 520 29
D 486 79 7 487 137 428 271 365 323 317 369 267 434 104 492 517 8
D 523 51 2 83 353 98 29
D 524 43 2 73 101 75 29
D 522 47 3 71 463 481 523 524 29
D 479 59 7 480 103 422 266 360 316 310 364 262 427 70 486 522 8
D 526 23 3 38 467 476 254 41 8
D 527 23 3 38 469 476 260 41 29
D 525 27 3 253 399 526 403 527 29
D 473 39 7 474 69 416 261 36 309 252 359 304 421 355 479 525 8
D 530 3 2 7 6 5 8
D 529 1 2 3 530 9 8
D 532 3 2 7 34 5 29
D 531 1 2 3 532 9 29
D 528 5 2 529 409 531 8
D 536 21 2 41 40 39 8
D 537 21 2 41 47 39 29
D 535 23 2 536 254 537 8
D 538 23 2 536 260 537 29
D 534 27 2 535 48 538 8
D 542 41 2 75 74 73 8
D 543 41 2 75 81 73 29
D 541 43 2 542 76 543 8
D 544 43 2 542 101 543 29
D 540 47 2 541 484 544 8
D 549 73 2 123 131 125 8
D 550 73 2 123 124 125 29
D 548 75 2 549 321 550 8
D 547 71 2 117 548 132 8
D 546 67 2 105 547 134 8
D 558 125 2 201 221 203 8
D 559 129 2 205 500 219 8
D 560 125 2 201 202 203 29
D 557 127 2 558 559 560 8
D 556 123 2 195 557 222 8
D 555 119 2 187 556 224 8
D 554 113 2 179 555 227 8
D 564 117 2 192 191 190 8
D 563 115 2 188 564 193 8
D 566 117 2 192 226 190 29
D 565 115 2 188 566 193 29
D 562 119 2 563 194 565 8
D 568 111 2 184 229 182 8
D 567 109 2 180 568 185 29
D 561 113 4 502 278 179 562 446 327 567 8
D 553 107 6 168 554 444 561 274 495 335 437 380 372 450 8
D 552 99 2 153 553 234 8
D 571 91 2 155 166 157 8
D 572 91 2 155 156 157 29
D 570 93 2 571 158 572 8
D 573 93 3 154 512 571 235 157 29
D 569 99 3 570 167 508 273 573 8
D 551 89 7 138 552 506 569 290 493 341 435 384 370 453 324 514 8
D 576 75 3 549 350 122 299 125 29
D 575 71 3 117 576 392 349 393 29
D 574 67 3 105 575 518 460 520 29
D 545 79 8 546 137 487 271 428 323 365 369 317 434 267 492 104 551 574 8
D 579 41 2 75 74 73 81
D 580 41 2 73 74 75 81
D 578 43 2 579 76 580 8
D 582 41 2 75 74 73 29
D 583 41 2 75 81 73 8
D 581 43 2 582 101 583 29
D 577 47 3 71 463 578 523 581 29
D 539 59 8 540 103 480 266 422 316 360 364 310 427 262 486 70 545 577 8
D 586 21 2 41 40 39 47
D 587 21 2 41 47 39 8
D 585 23 3 38 467 586 254 587 8
D 588 23 3 38 469 586 260 587 29
D 584 27 3 253 399 585 403 588 29
D 533 39 8 534 69 474 261 416 309 36 359 252 421 304 479 355 539 584 8
D 592 11 2 19 28 17 8
D 593 11 2 19 18 17 29
D 591 13 2 592 20 593 8
D 590 9 2 11 591 30 8
D 589 5 2 2 590 32 8
D 597 29 2 52 51 50 8
D 598 29 2 52 65 50 29
D 596 31 2 597 53 598 8
D 595 27 2 253 596 259 8
D 602 45 2 77 102 79 8
D 601 43 2 72 602 80 8
D 604 45 2 77 78 79 29
D 603 43 2 72 604 80 29
D 600 47 2 601 484 603 8
D 609 73 2 125 124 123 8
D 610 73 2 125 131 123 29
D 608 75 2 609 321 610 8
D 607 71 2 117 608 132 8
D 606 67 2 105 607 134 8
D 615 109 2 185 181 180 8
D 616 119 2 563 279 565 8
D 617 109 2 180 568 185 228
D 614 113 5 502 327 615 186 179 616 446 373 617 8
D 622 125 2 203 202 201 8
D 623 125 2 203 221 201 29
D 621 127 2 622 559 623 8
D 620 123 2 195 621 222 8
D 619 119 2 187 620 224 8
D 618 113 2 179 619 227 8
D 613 107 6 444 614 168 618 274 554 335 495 380 437 450 8
D 612 99 2 153 613 234 8
D 626 91 2 157 156 155 8
D 627 91 2 157 166 155 29
D 625 93 2 626 158 627 8
D 629 91 2 157 156 155 166
D 630 91 2 157 166 155 8
D 628 93 3 154 512 629 235 630 29
D 624 99 4 625 167 570 273 508 325 628 8
D 611 89 7 138 612 506 624 290 552 341 493 384 435 453 370 514 8
D 634 73 2 125 124 123 131
D 635 73 2 125 131 123 8
D 633 75 3 634 350 122 299 635 29
D 632 71 3 392 349 117 633 393 29
D 631 67 3 518 460 105 632 520 29
D 605 79 9 606 137 546 271 487 323 428 369 365 434 317 492 267 551 104 611 631 8
D 637 43 3 72 602 579 76 583 8
D 638 43 3 579 101 72 79 583 29
D 636 47 3 71 463 637 523 638 29
D 599 59 9 600 103 540 266 480 316 422 364 360 427 310 486 262 545 70 605 636 8
D 640 31 3 49 400 597 404 65 29
D 639 27 3 253 640 585 403 588 29
D 594 39 9 595 69 534 261 474 309 416 359 36 421 252 479 304 539 355 599 639 8
D 643 7 2 14 13 12 8
D 644 7 2 14 31 12 29
D 642 9 2 643 410 644 8
D 641 5 2 2 642 32 8
D 648 29 2 50 65 52 8
D 649 29 2 50 51 52 29
D 647 31 2 648 53 649 8
D 646 27 2 253 647 259 8
D 653 45 2 79 78 77 8
D 652 43 2 72 653 80 8
D 655 45 2 79 102 77 29
D 654 43 2 72 655 80 29
D 651 47 2 652 484 654 8
D 659 61 2 109 108 107 8
D 660 61 2 109 115 107 29
D 658 63 2 659 110 660 8
D 661 63 2 659 135 660 29
D 657 67 2 658 431 661 8
D 668 117 2 190 226 192 8
D 667 115 2 188 668 193 8
D 670 117 2 190 191 192 226
D 669 115 2 188 670 193 29
D 666 119 3 667 194 563 328 669 8
D 665 113 5 179 666 615 278 502 373 446 438 617 8
D 674 121 2 196 223 198 8
D 675 127 2 200 559 220 8
D 676 121 2 196 197 198 29
D 673 123 2 674 675 676 8
D 672 119 2 187 673 224 8
D 671 113 2 179 672 227 8
D 664 107 6 444 665 274 618 335 554 168 671 380 495 450 8
D 663 99 2 153 664 234 8
D 679 95 2 164 160 159 8
D 678 93 2 154 679 165 8
D 681 95 2 159 513 164 236
D 680 93 3 154 681 629 235 630 29
D 677 99 5 678 167 625 273 570 325 508 371 680 8
D 662 89 7 138 663 506 677 290 612 341 552 384 493 453 435 514 8
D 683 63 3 106 519 659 110 115 8
D 684 63 3 106 521 659 135 115 29
D 682 67 3 683 460 105 632 684 29
D 656 79 10 657 137 606 271 546 323 487 369 428 434 365 492 317 551 267 611 104 662 682 8
D 687 45 2 79 78 77 102
D 686 43 3 72 687 579 76 583 8
D 689 45 2 79 102 77 8
D 688 43 3 72 689 579 101 583 29
D 685 47 3 71 463 686 523 688 29
D 650 59 10 651 103 600 266 540 316 480 364 422 427 360 486 310 545 262 605 70 656 685 8
D 692 29 2 52 51 50 65
D 693 29 2 52 65 50 8
D 691 31 3 49 400 692 404 693 29
D 690 27 3 253 691 585 403 588 29
D 645 39 10 646 69 595 261 534 309 474 359 416 421 36 479 252 539 304 599 355 650 690 8
D 696 7 2 12 31 14 8
D 697 7 2 12 13 14 29
D 695 9 2 696 410 697 8
D 694 5 2 2 695 32 8
D 702 33 2 57 56 55 8
D 703 33 2 57 63 55 29
D 701 35 2 702 58 703 8
D 700 31 2 49 701 64 8
D 699 27 2 253 700 259 8
D 708 53 2 91 90 89 8
D 709 53 2 91 97 89 29
D 707 55 2 708 314 709 8
D 706 51 2 83 707 98 8
D 705 47 2 71 706 100 8
D 713 61 2 107 115 109 8
D 714 61 2 107 108 109 29
D 712 63 2 713 110 714 8
D 715 63 2 713 135 714 29
D 711 67 2 712 431 715 8
D 720 97 2 161 237 163 8
D 719 95 2 159 720 164 8
D 718 93 2 154 719 165 8
D 723 97 2 161 162 163 237
D 722 95 2 159 723 164 236
D 721 93 3 154 722 629 235 630 29
D 717 99 6 718 167 678 273 625 325 570 371 508 436 721 8
D 728 115 2 193 189 188 8
D 729 115 2 188 670 193 225
D 727 119 4 728 194 667 279 563 374 729 8
D 726 113 5 179 727 615 327 502 438 446 496 617 8
D 733 121 2 198 197 196 8
D 734 121 2 198 223 196 29
D 732 123 2 733 675 734 8
D 731 119 2 187 732 224 8
D 730 113 2 179 731 227 8
D 725 107 6 444 726 335 618 380 554 274 671 168 730 450 8
D 724 99 2 153 725 234 8
D 716 89 7 506 717 138 724 290 663 341 612 384 552 453 493 514 8
D 737 61 2 109 108 107 115
D 738 61 2 109 115 107 8
D 736 63 3 106 519 737 110 738 8
D 739 63 3 106 521 737 135 738 29
D 735 67 3 736 460 105 632 739 29
D 710 79 11 711 137 657 271 606 323 546 369 487 434 428 492 365 551 317 611 267 662 104 716 735 8
D 743 53 2 91 90 89 97
D 744 53 2 91 97 89 8
D 742 55 3 743 354 88 303 744 29
D 741 51 3 396 353 83 742 397 29
D 740 47 3 686 523 71 741 688 29
D 704 59 11 705 103 651 266 600 316 540 364 480 427 422 486 360 545 310 605 262 656 70 710 740 8
D 748 33 2 57 56 55 63
D 749 33 2 57 63 55 8
D 747 35 3 748 401 54 402 749 29
D 746 31 3 692 404 49 747 693 29
D 745 27 3 585 403 253 746 588 29
D 698 39 11 699 69 646 261 595 309 534 359 474 421 416 479 36 539 252 599 304 650 355 704 745 8
D 753 15 2 26 22 21 8
D 752 13 2 411 753 412 8
D 751 9 2 11 752 30 8
D 750 5 2 2 751 32 8
D 758 99 6 718 273 678 325 625 371 570 436 508 494 721 8
D 762 119 4 728 279 667 328 563 439 729 8
D 761 113 5 179 762 615 373 502 496 446 555 617 8
D 764 103 2 176 340 171 173
D 763 101 2 169 764 177 383
D 760 107 5 380 618 444 761 335 671 274 730 763 8
D 759 99 2 153 760 234 8
D 757 89 7 506 758 290 724 138 759 341 663 384 612 453 552 514 8
D 756 79 11 711 271 657 323 606 369 546 434 487 492 428 551 365 611 317 662 267 716 104 757 735 8
D 755 59 11 705 266 651 316 600 364 540 427 480 486 422 545 360 605 310 656 262 710 70 756 740 8
D 754 39 11 699 261 646 309 595 359 534 421 474 479 416 539 36 599 252 650 304 704 355 755 745 8
D 769 17 2 25 24 23 8
D 768 15 2 21 769 26 8
D 767 13 2 411 768 412 8
D 766 9 2 11 767 30 8
D 765 5 2 2 766 32 8
D 774 99 6 718 325 678 371 625 436 570 494 508 553 721 8
D 778 119 4 728 328 667 374 563 497 729 8
D 777 113 5 179 778 615 438 502 555 446 619 617 8
D 779 101 2 177 383 169 340
D 776 107 4 380 671 444 777 335 730 779 8
D 775 99 2 153 776 234 8
D 773 89 7 506 774 341 724 290 759 138 775 384 663 453 612 514 8
D 772 79 11 711 323 657 369 606 434 546 492 487 551 428 611 365 662 317 716 267 757 104 773 735 8
D 771 59 11 705 316 651 364 600 427 540 486 480 545 422 605 360 656 310 710 262 756 70 772 740 8
D 770 39 11 699 309 646 359 595 421 534 479 474 539 416 599 36 650 252 704 304 755 355 771 745 8
L 785 18 10
D 784 17 2 23 785 25 8
D 783 15 2 21 784 26 8
D 782 13 2 411 783 412 8
D 781 9 2 11 782 30 8
D 780 5 2 2 781 32 8
D 790 99 6 718 371 678 436 625 494 570 553 508 613 721 8
D 794 119 4 728 374 667 439 563 556 729 8
D 793 113 5 179 794 615 496 502 619 446 672 617 8
D 792 107 3 380 730 444 793 383 8
D 791 99 2 153 792 234 8
D 789 89 7 506 790 384 724 341 759 290 775 138 791 453 663 514 8
D 788 79 11 711 369 657 434 606 492 546 551 487 611 428 662 365 716 317 757 267 773 104 789 735 8
D 787 59 11 705 364 651 427 600 486 540 545 480 605 422 656 360 710 310 756 262 772 70 788 740 8
D 786 39 11 699 359 646 421 595 479 534 539 474 599 416 650 36 704 252 755 304 771 355 787 745 8
D 799 17 2 23 24 25 785
D 800 17 2 23 785 25 29
D 798 15 2 21 799 26 800
D 801 11 2 19 28 17 18
D 802 15 2 21 800 26 29
D 803 11 2 19 18 17 8
D 797 13 3 411 798 801 802 803 29
D 804 7 2 14 13 12 31
D 805 13 2 411 802 412 29
D 806 7 2 14 31 12 8
D 796 9 3 11 797 804 805 806 29
D 808 3 2 7 6 5 34
D 807 1 2 3 808 9 4
D 809 9 2 11 805 30 29
D 811 3 2 7 34 5 8
D 810 1 2 3 811 9 33
D 795 5 3 2 796 807 809 810 29
D 0 19 11 1 35 406 415 470 473 528 533 589 594 641 645 694 698 750 754 765 770 780 786 795 8
