c ids of sdd nodes start at 0
c sdd nodes appear bottom-up, children before parents
c
c file syntax:
c sdd count-of-sdd-nodes
c F id-of-false-sdd-node
c T id-of-true-sdd-node
c L id-of-literal-sdd-node id-of-vtree literal
c D id-of-decomposition-sdd-node id-of-vtree number-of-elements {id-of-prime id-of-sub}*
c
sdd 805
L 3 0 -3
L 5 2 -4
L 6 4 -2
L 7 2 4
F 8
D 4 3 2 5 6 7 8
L 9 0 3
D 2 1 2 3 4 9 8
L 12 6 -6
L 13 8 -7
L 14 6 6
D 11 7 2 12 13 14 8
L 17 10 -5
L 18 12 1
L 19 10 5
D 16 11 2 17 18 19 8
L 21 14 -8
L 23 16 -9
L 24 18 -10
L 25 16 9
D 22 17 2 23 24 25 8
L 26 14 8
D 20 15 2 21 22 26 8
L 28 12 -1
T 29
D 27 11 2 17 28 19 29
D 15 13 2 16 20 27 8
L 31 8 7
D 30 7 2 12 31 14 29
D 10 9 2 11 15 30 8
L 34 4 2
D 33 3 2 5 34 7 29
D 32 1 2 3 33 9 29
D 1 5 2 2 10 32 8
L 39 20 -14
L 40 22 -15
L 41 20 14
D 38 21 2 39 40 41 8
L 43 24 -16
L 44 26 -17
L 45 24 16
D 42 25 2 43 44 45 8
L 47 22 15
D 46 21 2 39 47 41 29
D 37 23 2 38 42 46 8
L 50 28 -13
L 51 30 -12
L 52 28 13
D 49 29 2 50 51 52 8
L 55 32 -11
L 56 34 18
L 57 32 11
D 54 33 2 55 56 57 8
L 59 36 -20
L 60 38 -19
L 61 36 20
D 58 37 2 59 60 61 8
L 63 34 -18
D 62 33 2 55 63 57 29
D 53 35 2 54 58 62 8
L 65 30 12
D 64 29 2 50 65 52 29
D 48 31 2 49 53 64 8
L 68 26 17
D 67 25 2 43 68 45 29
D 66 23 2 38 67 46 29
D 36 27 2 37 48 66 8
L 73 40 -34
L 74 42 -35
L 75 40 34
D 72 41 2 73 74 75 8
L 77 44 -32
L 78 46 -33
L 79 44 32
D 76 45 2 77 78 79 8
L 81 42 35
D 80 41 2 73 81 75 29
D 71 43 2 72 76 80 8
L 84 48 -37
L 85 50 -38
L 86 48 37
D 83 49 2 84 85 86 8
L 89 52 -31
L 90 54 -36
L 91 52 31
D 88 53 2 89 90 91 8
L 93 56 -39
L 94 58 40
L 95 56 39
D 92 57 2 93 94 95 8
L 97 54 36
D 96 53 2 89 97 91 29
D 87 55 2 88 92 96 8
L 99 50 38
D 98 49 2 84 99 86 29
D 82 51 2 83 87 98 8
L 102 46 33
D 101 45 2 77 102 79 29
D 100 43 2 72 101 80 29
D 70 47 2 71 82 100 8
L 107 60 -22
L 108 62 -21
L 109 60 22
D 106 61 2 107 108 109 8
L 111 64 -25
L 112 66 -26
L 113 64 25
D 110 65 2 111 112 113 8
L 115 62 21
D 114 61 2 107 115 109 29
D 105 63 2 106 110 114 8
L 118 68 -27
L 119 70 -28
L 120 68 27
D 117 69 2 118 119 120 8
L 123 72 -23
L 124 74 -24
L 125 72 23
D 122 73 2 123 124 125 8
L 127 76 30
L 128 78 -29
L 129 76 -30
D 126 77 2 127 128 129 8
L 131 74 24
D 130 73 2 123 131 125 29
D 121 75 2 122 126 130 8
L 133 70 28
D 132 69 2 118 133 120 29
D 116 71 2 117 121 132 8
L 136 66 26
D 135 65 2 111 136 113 29
D 134 63 2 106 135 114 29
D 104 67 2 105 116 134 8
L 140 80 -46
L 141 82 -47
L 142 80 46
D 139 81 2 140 141 142 8
L 144 84 -48
L 146 86 50
L 147 88 -49
L 148 86 -50
D 145 87 2 146 147 148 8
L 149 84 48
D 143 85 2 144 145 149 8
L 151 82 47
D 150 81 2 140 151 142 29
D 138 83 2 139 143 150 8
L 155 90 -43
L 156 92 -44
L 157 90 43
D 154 91 2 155 156 157 8
L 159 94 -42
L 161 96 -45
L 162 98 -41
L 163 96 45
D 160 97 2 161 162 163 8
L 164 94 42
D 158 95 2 159 160 164 8
L 166 92 44
D 165 91 2 155 166 157 29
D 153 93 2 154 158 165 8
L 169 100 -57
L 171 102 -58
L 173 104 60
L 174 106 -59
L 175 104 -60
D 172 105 2 173 174 175 8
L 176 102 58
D 170 103 2 171 172 176 8
L 177 100 57
D 168 101 2 169 170 177 8
L 180 108 -53
L 182 110 -56
L 183 112 -55
L 184 110 56
D 181 111 2 182 183 184 8
L 185 108 53
D 179 109 2 180 181 185 8
L 188 114 -51
L 190 116 -54
L 191 118 -52
L 192 116 54
D 189 117 2 190 191 192 8
L 193 114 51
D 187 115 2 188 189 193 8
L 196 120 -61
L 197 122 -62
L 198 120 61
D 195 121 2 196 197 198 8
L 201 124 -63
L 202 126 -64
L 203 124 63
D 200 125 2 201 202 203 8
L 205 128 -65
L 207 130 -66
L 209 132 -67
L 211 134 -68
L 213 136 -69
L 214 138 70
L 215 136 69
D 212 137 2 213 214 215 8
L 216 134 68
D 210 135 2 211 212 216 8
L 217 132 67
D 208 133 2 209 210 217 8
L 218 130 66
D 206 131 2 207 208 218 8
L 219 128 65
D 204 129 2 205 206 219 8
L 221 126 64
D 220 125 2 201 221 203 29
D 199 127 2 200 204 220 8
L 223 122 62
D 222 121 2 196 223 198 29
D 194 123 2 195 199 222 8
L 226 118 52
D 225 117 2 190 226 192 29
D 224 115 2 188 225 193 29
D 186 119 2 187 194 224 8
L 229 112 55
D 228 111 2 182 229 184 29
D 227 109 2 180 228 185 29
D 178 113 2 179 186 227 8
L 233 106 59
D 232 105 2 173 233 175 29
D 231 103 2 171 232 176 29
D 230 101 2 169 231 177 29
D 167 107 2 168 178 230 8
L 237 98 41
D 236 97 2 161 237 163 29
D 235 95 2 159 236 164 29
D 234 93 2 154 235 165 29
D 152 99 2 153 167 234 8
L 241 88 49
D 240 87 2 146 241 148 29
D 239 85 2 144 240 149 29
D 238 83 2 139 239 150 29
D 137 89 2 138 152 238 8
L 246 78 29
D 245 77 2 127 246 129 29
D 244 75 2 122 245 130 29
D 243 71 2 117 244 132 29
D 242 67 2 105 243 134 29
D 103 79 2 104 137 242 8
L 251 58 -40
D 250 57 2 93 251 95 29
D 249 55 2 88 250 96 29
D 248 51 2 83 249 98 29
D 247 47 2 71 248 100 29
D 69 59 2 70 103 247 8
D 255 33 2 55 63 57 8
L 257 38 19
D 256 37 2 59 257 61 8
D 258 33 2 55 56 57 29
D 254 35 2 255 256 258 8
D 253 31 2 49 254 64 8
D 252 27 2 37 253 66 8
D 263 57 2 95 251 93 8
D 262 55 2 88 263 96 8
D 261 51 2 83 262 98 8
D 260 47 2 71 261 100 8
D 268 77 2 129 246 127 8
D 267 75 2 122 268 130 8
D 266 71 2 117 267 132 8
D 265 67 2 105 266 134 8
D 274 105 2 175 233 173 8
D 273 103 2 171 274 176 8
D 272 101 2 169 273 177 8
L 284 138 -70
D 283 137 2 215 284 213 8
D 282 135 2 211 283 216 8
D 281 133 2 209 282 217 8
D 280 131 2 207 281 218 8
D 279 129 2 205 280 219 8
D 278 127 2 200 279 220 8
D 277 123 2 195 278 222 8
D 276 119 2 187 277 224 8
D 275 113 2 179 276 227 8
D 287 105 2 175 174 173 233
D 286 103 2 171 287 176 29
D 285 101 2 169 286 177 29
D 271 107 3 272 178 168 275 285 8
D 270 99 2 153 271 234 8
D 290 87 2 148 241 146 8
D 289 85 2 144 290 149 8
D 288 83 2 139 289 150 8
D 293 87 2 148 147 146 241
D 292 85 2 144 293 149 29
D 291 83 2 139 292 150 29
D 269 89 3 138 270 288 152 291 8
D 297 77 2 129 128 127 246
D 296 75 2 122 297 130 29
D 295 71 2 117 296 132 29
D 294 67 2 105 295 134 29
D 264 79 3 265 137 104 269 294 8
D 301 57 2 93 251 95 94
D 300 55 2 88 301 96 29
D 299 51 2 83 300 98 29
D 298 47 2 71 299 100 29
D 259 59 3 260 103 70 264 298 8
D 305 37 2 61 60 59 8
D 304 35 2 255 305 258 8
D 303 31 2 49 304 64 8
D 302 27 2 37 303 66 8
D 309 49 2 84 99 86 8
D 311 57 2 93 251 95 8
D 310 55 2 88 311 96 8
D 312 49 2 84 85 86 29
D 308 51 2 309 310 312 8
D 307 47 2 71 308 100 8
D 316 69 2 118 133 120 8
D 318 77 2 129 128 127 8
D 317 75 2 122 318 130 8
D 319 69 2 118 119 120 29
D 315 71 2 316 317 319 8
D 314 67 2 105 315 134 8
D 331 137 2 213 284 215 8
D 330 135 2 216 331 211 8
D 329 133 2 209 330 217 8
D 328 131 2 207 329 218 8
D 327 129 2 205 328 219 8
D 326 127 2 200 327 220 8
D 325 123 2 195 326 222 8
D 324 119 2 187 325 224 8
D 323 113 2 179 324 227 8
D 334 105 2 175 174 173 8
D 333 103 2 176 334 171 8
D 332 101 2 169 333 177 8
D 337 105 2 175 233 173 29
D 336 103 2 171 287 176 337
D 335 101 2 169 336 177 29
D 322 107 4 168 323 332 178 272 275 335 8
D 321 99 2 153 322 234 8
D 340 87 2 148 147 146 8
D 339 85 2 149 340 144 8
D 338 83 2 139 339 150 8
D 343 87 2 148 241 146 29
D 342 85 2 144 293 149 343
D 341 83 2 139 342 150 29
D 320 89 4 138 321 288 270 338 152 341 8
D 347 77 2 129 246 127 29
D 346 75 2 122 347 130 29
D 345 71 3 117 296 316 346 120 29
D 344 67 2 105 345 134 29
D 313 79 4 314 137 265 269 104 320 344 8
D 351 57 2 93 94 95 29
D 350 55 2 88 351 96 29
D 349 51 3 83 300 309 350 86 29
D 348 47 2 71 349 100 29
D 306 59 4 307 103 260 264 70 313 348 8
D 355 37 2 59 257 61 29
D 356 37 2 59 60 61 257
D 354 35 3 54 355 255 356 57 29
D 353 31 2 49 354 64 29
D 352 27 2 37 353 66 29
D 35 39 4 36 69 252 259 302 306 352 8
D 359 3 2 5 34 7 8
D 358 1 2 3 359 9 8
D 362 11 2 17 28 19 8
D 363 11 2 17 18 19 29
D 361 13 2 362 20 363 8
D 360 9 2 11 361 30 8
D 365 3 2 5 6 7 29
D 364 1 2 3 365 9 29
D 357 5 2 358 360 364 8
D 369 25 2 43 68 45 8
D 368 23 2 38 369 46 8
D 371 35 2 255 58 258 8
D 370 31 2 49 371 64 8
D 373 25 2 43 44 45 29
D 372 23 2 38 373 46 29
D 367 27 2 368 370 372 8
D 377 49 2 86 85 84 8
D 378 49 2 86 99 84 29
D 376 51 2 377 310 378 8
D 375 47 2 71 376 100 8
D 382 69 2 120 119 118 8
D 383 69 2 120 133 118 29
D 381 71 2 382 317 383 8
D 380 67 2 105 381 134 8
D 394 135 2 211 331 216 8
D 393 133 2 217 394 209 8
D 392 131 2 207 393 218 8
D 391 129 2 205 392 219 8
D 390 127 2 200 391 220 8
D 389 123 2 195 390 222 8
D 388 119 2 187 389 224 8
D 387 113 2 179 388 227 8
D 396 103 2 171 334 176 8
D 395 101 2 177 396 169 8
D 398 103 2 171 337 176 29
D 397 101 2 169 336 177 398
D 386 107 5 168 387 272 323 395 178 332 275 397 8
D 385 99 2 153 386 234 8
D 400 81 2 140 151 142 8
D 401 85 2 144 340 149 8
D 402 81 2 140 141 142 29
D 399 83 2 400 401 402 8
D 404 85 2 144 343 149 29
D 403 83 3 139 342 400 404 142 29
D 384 89 5 138 385 288 321 338 270 399 152 403 8
D 407 69 2 120 119 118 133
D 408 69 2 120 133 118 8
D 406 71 3 117 296 407 346 408 29
D 405 67 2 105 406 134 29
D 379 79 5 380 137 314 269 265 320 104 384 405 8
D 411 49 2 86 85 84 99
D 412 49 2 86 99 84 8
D 410 51 3 83 300 411 350 412 29
D 409 47 2 71 410 100 29
D 374 59 5 375 103 307 264 260 313 70 379 409 8
D 415 35 2 255 355 258 29
D 414 31 2 49 415 64 29
D 416 23 2 38 45 46 29
D 413 27 3 37 353 368 414 416 29
D 366 39 5 367 69 36 259 252 306 302 374 413 8
D 418 1 2 9 4 3 8
D 419 1 2 9 33 3 29
D 417 5 2 418 360 419 8
D 423 25 2 45 44 43 8
D 422 23 2 38 423 46 8
D 425 25 2 45 68 43 29
D 424 23 2 38 425 46 29
D 421 27 2 422 370 424 8
D 430 53 2 89 97 91 8
D 431 53 2 89 90 91 29
D 429 55 2 430 311 431 8
D 428 51 2 83 429 98 8
D 427 47 2 71 428 100 8
D 435 65 2 111 136 113 8
D 434 63 2 106 435 114 8
D 436 71 2 117 317 132 8
D 438 65 2 111 112 113 29
D 437 63 2 106 438 114 29
D 433 67 2 434 436 437 8
D 448 133 2 209 394 217 8
D 447 131 2 218 448 207 8
D 446 129 2 205 447 219 8
D 445 127 2 200 446 220 8
D 444 123 2 195 445 222 8
D 443 119 2 187 444 224 8
D 442 113 2 179 443 227 8
D 449 101 2 169 396 177 8
D 452 111 2 184 183 182 8
D 451 109 2 180 452 185 8
D 454 111 2 184 229 182 29
D 453 109 2 180 454 185 29
D 450 113 2 451 186 453 8
D 457 105 2 173 233 175 8
D 456 103 2 171 457 176 337
D 455 101 2 169 456 177 398
D 441 107 6 168 442 449 450 272 387 332 323 395 275 455 8
D 440 99 2 153 441 234 8
D 459 81 2 142 141 140 8
D 460 81 2 142 151 140 29
D 458 83 2 459 401 460 8
D 462 81 2 142 141 140 151
D 463 81 2 142 151 140 8
D 461 83 3 139 342 462 404 463 29
D 439 89 6 138 440 288 385 338 321 399 270 458 152 461 8
D 465 71 2 117 346 132 29
D 466 63 2 106 113 114 29
D 464 67 3 105 406 434 465 466 29
D 432 79 6 433 137 380 269 314 320 265 384 104 439 464 8
D 469 55 3 430 351 88 301 91 29
D 468 51 3 83 469 411 350 412 29
D 467 47 2 71 468 100 29
D 426 59 6 427 103 375 264 307 313 260 379 70 432 467 8
D 472 25 2 45 44 43 68
D 471 23 2 38 472 46 8
D 474 25 2 45 68 43 8
D 473 23 2 38 474 46 29
D 470 27 3 37 353 471 414 473 29
D 420 39 6 421 69 367 259 36 306 252 374 302 426 470 8
D 477 3 2 7 6 5 8
D 476 1 2 3 477 9 8
D 479 3 2 7 34 5 29
D 478 1 2 3 479 9 29
D 475 5 2 476 360 478 8
D 483 21 2 39 47 41 8
D 484 21 2 39 40 41 29
D 482 23 2 483 42 484 8
D 485 23 2 483 67 484 29
D 481 27 2 482 370 485 8
D 489 41 2 73 81 75 8
D 490 41 2 73 74 75 29
D 488 43 2 489 76 490 8
D 491 51 2 83 310 98 8
D 492 43 2 489 101 490 29
D 487 47 2 488 491 492 8
D 496 65 2 113 112 111 8
D 495 63 2 106 496 114 8
D 498 65 2 113 136 111 29
D 497 63 2 106 498 114 29
D 494 67 2 495 436 497 8
D 507 131 2 207 448 218 8
D 506 129 2 219 507 205 8
D 505 127 2 200 506 220 8
D 504 123 2 195 505 222 8
D 503 119 2 187 504 224 8
D 502 113 2 179 503 227 8
D 510 111 2 182 229 184 8
D 509 109 2 180 510 185 8
D 512 111 2 182 183 184 229
D 511 109 2 180 512 185 29
D 508 113 3 451 276 509 186 511 8
D 501 107 6 168 502 449 508 272 442 332 387 395 323 455 8
D 500 99 2 153 501 234 8
D 513 83 2 139 401 150 8
D 517 97 2 163 162 161 8
D 516 95 2 159 517 164 8
D 515 93 2 154 516 165 8
D 520 97 2 163 237 161 29
D 519 95 2 159 520 164 29
D 518 93 2 154 519 165 29
D 514 99 2 515 167 518 8
D 523 87 2 146 241 148 8
D 522 85 2 144 523 149 343
D 521 83 3 139 522 462 404 463 29
D 499 89 7 138 500 513 514 288 440 338 385 399 321 458 270 521 8
D 526 65 2 113 112 111 136
D 525 63 2 106 526 114 8
D 528 65 2 113 136 111 8
D 527 63 2 106 528 114 29
D 524 67 3 105 406 525 465 527 29
D 493 79 7 494 137 433 269 380 320 314 384 265 439 104 499 524 8
D 530 51 2 83 350 98 29
D 531 43 2 73 101 75 29
D 529 47 3 71 468 488 530 531 29
D 486 59 7 487 103 427 264 375 313 307 379 260 432 70 493 529 8
D 533 23 3 38 472 483 42 41 8
D 534 23 3 38 474 483 67 41 29
D 532 27 3 37 353 533 414 534 29
D 480 39 7 481 69 421 259 367 306 36 374 252 426 302 486 532 8
D 538 11 2 19 28 17 8
D 539 11 2 19 18 17 29
D 537 13 2 538 20 539 8
D 536 9 2 11 537 30 8
D 535 5 2 2 536 32 8
D 543 21 2 41 40 39 8
D 544 21 2 41 47 39 29
D 542 23 2 543 42 544 8
D 545 23 2 543 67 544 29
D 541 27 2 542 370 545 8
D 549 41 2 75 74 73 8
D 550 41 2 75 81 73 29
D 548 43 2 549 76 550 8
D 551 43 2 549 101 550 29
D 547 47 2 548 491 551 8
D 556 73 2 123 131 125 8
D 557 73 2 123 124 125 29
D 555 75 2 556 318 557 8
D 554 71 2 117 555 132 8
D 553 67 2 105 554 134 8
D 565 125 2 201 221 203 8
D 566 129 2 205 507 219 8
D 567 125 2 201 202 203 29
D 564 127 2 565 566 567 8
D 563 123 2 195 564 222 8
D 562 119 2 187 563 224 8
D 561 113 2 179 562 227 8
D 571 117 2 192 191 190 8
D 570 115 2 188 571 193 8
D 573 117 2 192 226 190 29
D 572 115 2 188 573 193 29
D 569 119 2 570 194 572 8
D 575 111 2 184 229 182 8
D 574 109 2 180 575 185 29
D 568 113 4 509 276 179 569 451 324 574 8
D 560 107 6 168 561 449 568 272 502 332 442 395 387 455 8
D 559 99 2 153 560 234 8
D 578 91 2 155 166 157 8
D 579 91 2 155 156 157 29
D 577 93 2 578 158 579 8
D 580 93 3 154 519 578 235 157 29
D 576 99 3 577 167 515 271 580 8
D 558 89 7 138 559 513 576 288 500 338 440 399 385 458 321 521 8
D 583 75 3 556 347 122 297 125 29
D 582 71 3 117 583 407 346 408 29
D 581 67 3 105 582 525 465 527 29
D 552 79 8 553 137 494 269 433 320 380 384 314 439 265 499 104 558 581 8
D 586 41 2 75 74 73 81
D 587 41 2 73 74 75 81
D 585 43 2 586 76 587 8
D 589 41 2 75 74 73 29
D 590 41 2 75 81 73 8
D 588 43 2 589 101 590 29
D 584 47 3 71 468 585 530 588 29
D 546 59 8 547 103 487 264 427 313 375 379 307 432 260 493 70 552 584 8
D 593 21 2 41 40 39 47
D 594 21 2 41 47 39 8
D 592 23 3 38 472 593 42 594 8
D 595 23 3 38 474 593 67 594 29
D 591 27 3 37 353 592 414 595 29
D 540 39 8 541 69 481 259 421 306 367 374 36 426 252 486 302 546 591 8
D 598 7 2 14 13 12 8
D 599 7 2 14 31 12 29
D 597 9 2 598 361 599 8
D 596 5 2 2 597 32 8
D 603 29 2 52 51 50 8
D 604 29 2 52 65 50 29
D 602 31 2 603 371 604 8
D 601 27 2 37 602 66 8
D 608 45 2 77 102 79 8
D 607 43 2 72 608 80 8
D 610 45 2 77 78 79 29
D 609 43 2 72 610 80 29
D 606 47 2 607 491 609 8
D 615 73 2 125 124 123 8
D 616 73 2 125 131 123 29
D 614 75 2 615 318 616 8
D 613 71 2 117 614 132 8
D 612 67 2 105 613 134 8
D 621 109 2 185 181 180 8
D 622 119 2 570 277 572 8
D 623 109 2 180 575 185 228
D 620 113 5 509 324 621 186 179 622 451 388 623 8
D 628 125 2 203 202 201 8
D 629 125 2 203 221 201 29
D 627 127 2 628 566 629 8
D 626 123 2 195 627 222 8
D 625 119 2 187 626 224 8
D 624 113 2 179 625 227 8
D 619 107 6 449 620 168 624 272 561 332 502 395 442 455 8
D 618 99 2 153 619 234 8
D 632 91 2 157 156 155 8
D 633 91 2 157 166 155 29
D 631 93 2 632 158 633 8
D 635 91 2 157 156 155 166
D 636 91 2 157 166 155 8
D 634 93 3 154 519 635 235 636 29
D 630 99 4 631 167 577 271 515 322 634 8
D 617 89 7 138 618 513 630 288 559 338 500 399 440 458 385 521 8
D 640 73 2 125 124 123 131
D 641 73 2 125 131 123 8
D 639 75 3 640 347 122 297 641 29
D 638 71 3 407 346 117 639 408 29
D 637 67 3 525 465 105 638 527 29
D 611 79 9 612 137 553 269 494 320 433 384 380 439 314 499 265 558 104 617 637 8
D 643 43 3 72 608 586 76 590 8
D 644 43 3 586 101 72 79 590 29
D 642 47 3 71 468 643 530 644 29
D 605 59 9 606 103 547 264 487 313 427 379 375 432 307 493 260 552 70 611 642 8
D 646 31 3 49 354 603 415 65 29
D 645 27 3 37 646 592 414 595 29
D 600 39 9 601 69 541 259 481 306 421 374 367 426 36 486 252 546 302 605 645 8
D 649 7 2 12 31 14 8
D 650 7 2 12 13 14 29
D 648 9 2 649 361 650 8
D 647 5 2 2 648 32 8
D 654 29 2 50 65 52 8
D 655 29 2 50 51 52 29
D 653 31 2 654 371 655 8
D 652 27 2 37 653 66 8
D 659 45 2 79 78 77 8
D 658 43 2 72 659 80 8
D 661 45 2 79 102 77 29
D 660 43 2 72 661 80 29
D 657 47 2 658 491 660 8
D 665 61 2 109 108 107 8
D 666 61 2 109 115 107 29
D 664 63 2 665 110 666 8
D 667 63 2 665 135 666 29
D 663 67 2 664 436 667 8
D 674 117 2 190 226 192 8
D 673 115 2 188 674 193 8
D 676 117 2 190 191 192 226
D 675 115 2 188 676 193 29
D 672 119 3 673 194 570 325 675 8
D 671 113 5 179 672 621 276 509 388 451 443 623 8
D 680 121 2 196 223 198 8
D 681 127 2 200 566 220 8
D 682 121 2 196 197 198 29
D 679 123 2 680 681 682 8
D 678 119 2 187 679 224 8
D 677 113 2 179 678 227 8
D 670 107 6 449 671 272 624 332 561 168 677 395 502 455 8
D 669 99 2 153 670 234 8
D 685 95 2 164 160 159 8
D 684 93 2 154 685 165 8
D 687 95 2 159 520 164 236
D 686 93 3 154 687 635 235 636 29
D 683 99 5 684 167 631 271 577 322 515 386 686 8
D 668 89 7 138 669 513 683 288 618 338 559 399 500 458 440 521 8
D 689 63 3 106 526 665 110 115 8
D 690 63 3 106 528 665 135 115 29
D 688 67 3 689 465 105 638 690 29
D 662 79 10 663 137 612 269 553 320 494 384 433 439 380 499 314 558 265 617 104 668 688 8
D 693 45 2 79 78 77 102
D 692 43 3 72 693 586 76 590 8
D 695 45 2 79 102 77 8
D 694 43 3 72 695 586 101 590 29
D 691 47 3 71 468 692 530 694 29
D 656 59 10 657 103 606 264 547 313 487 379 427 432 375 493 307 552 260 611 70 662 691 8
D 698 29 2 52 51 50 65
D 699 29 2 52 65 50 8
D 697 31 3 49 354 698 415 699 29
D 696 27 3 37 697 592 414 595 29
D 651 39 10 652 69 601 259 541 306 481 374 421 426 367 486 36 546 252 605 302 656 696 8
D 703 15 2 26 22 21 8
D 702 13 2 362 703 363 8
D 701 9 2 11 702 30 8
D 700 5 2 2 701 32 8
D 708 33 2 57 63 55 8
D 709 33 2 57 56 55 29
D 707 35 2 708 58 709 8
D 706 31 2 49 707 64 8
D 705 27 2 37 706 66 8
D 714 53 2 91 90 89 8
D 715 53 2 91 97 89 29
D 713 55 2 714 311 715 8
D 712 51 2 83 713 98 8
D 711 47 2 71 712 100 8
D 719 61 2 107 115 109 8
D 720 61 2 107 108 109 29
D 718 63 2 719 110 720 8
D 721 63 2 719 135 720 29
D 717 67 2 718 436 721 8
D 726 97 2 161 237 163 8
D 725 95 2 159 726 164 8
D 724 93 2 154 725 165 8
D 729 97 2 161 162 163 237
D 728 95 2 159 729 164 236
D 727 93 3 154 728 635 235 636 29
D 723 99 6 724 167 684 271 631 322 577 386 515 441 727 8
D 734 115 2 193 189 188 8
D 735 115 2 188 676 193 225
D 733 119 4 734 194 673 277 570 389 735 8
D 732 113 5 179 733 621 324 509 443 451 503 623 8
D 739 121 2 198 197 196 8
D 740 121 2 198 223 196 29
D 738 123 2 739 681 740 8
D 737 119 2 187 738 224 8
D 736 113 2 179 737 227 8
D 731 107 6 449 732 332 624 395 561 272 677 168 736 455 8
D 730 99 2 153 731 234 8
D 722 89 7 513 723 138 730 288 669 338 618 399 559 458 500 521 8
D 743 61 2 109 108 107 115
D 744 61 2 109 115 107 8
D 742 63 3 106 526 743 110 744 8
D 745 63 3 106 528 743 135 744 29
D 741 67 3 742 465 105 638 745 29
D 716 79 11 717 137 663 269 612 320 553 384 494 439 433 499 380 558 314 617 265 668 104 722 741 8
D 749 53 2 91 90 89 97
D 750 53 2 91 97 89 8
D 748 55 3 749 351 88 301 750 29
D 747 51 3 411 350 83 748 412 29
D 746 47 3 692 530 71 747 694 29
D 710 59 11 711 103 657 264 606 313 547 379 487 432 427 493 375 552 307 611 260 662 70 716 746 8
D 754 33 2 57 63 55 56
D 755 33 2 57 56 55 8
D 753 35 3 754 355 255 356 755 29
D 752 31 3 698 415 49 753 699 29
D 751 27 3 592 414 37 752 595 29
D 704 39 11 705 69 652 259 601 306 541 374 481 426 421 486 367 546 36 605 252 656 302 710 751 8
D 760 17 2 25 24 23 8
D 759 15 2 21 760 26 8
D 758 13 2 362 759 363 8
D 757 9 2 11 758 30 8
D 756 5 2 2 757 32 8
D 765 99 6 724 271 684 322 631 386 577 441 515 501 727 8
D 769 119 4 734 277 673 325 570 444 735 8
D 768 113 5 179 769 621 388 509 503 451 562 623 8
D 771 103 2 176 337 171 173
D 770 101 2 169 771 177 398
D 767 107 5 395 624 449 768 332 677 272 736 770 8
D 766 99 2 153 767 234 8
D 764 89 7 513 765 288 730 138 766 338 669 399 618 458 559 521 8
D 763 79 11 717 269 663 320 612 384 553 439 494 499 433 558 380 617 314 668 265 722 104 764 741 8
D 762 59 11 711 264 657 313 606 379 547 432 487 493 427 552 375 611 307 662 260 716 70 763 746 8
D 761 39 11 705 259 652 306 601 374 541 426 481 486 421 546 367 605 36 656 252 710 302 762 751 8
L 777 18 10
D 776 17 2 23 777 25 8
D 775 15 2 21 776 26 8
D 774 13 2 362 775 363 8
D 773 9 2 11 774 30 8
D 772 5 2 2 773 32 8
D 782 99 6 724 322 684 386 631 441 577 501 515 560 727 8
D 786 119 4 734 325 673 389 570 504 735 8
D 785 113 5 179 786 621 443 509 562 451 625 623 8
D 787 101 2 177 398 169 337
D 784 107 4 395 677 449 785 332 736 787 8
D 783 99 2 153 784 234 8
D 781 89 7 513 782 338 730 288 766 138 783 399 669 458 618 521 8
D 780 79 11 717 320 663 384 612 439 553 499 494 558 433 617 380 668 314 722 265 764 104 781 741 8
D 779 59 11 711 313 657 379 606 432 547 493 487 552 427 611 375 662 307 716 260 763 70 780 746 8
D 778 39 11 705 306 652 374 601 426 541 486 481 546 421 605 367 656 36 710 252 762 302 779 751 8
D 792 17 2 23 24 25 777
D 793 17 2 23 777 25 29
D 791 15 2 21 792 26 793
D 794 11 2 19 28 17 18
D 795 15 2 21 793 26 29
D 796 11 2 19 18 17 8
D 790 13 3 362 791 794 795 796 29
D 797 7 2 14 13 12 31
D 798 13 2 362 795 363 29
D 799 7 2 14 31 12 8
D 789 9 3 11 790 797 798 799 29
D 801 3 2 7 6 5 34
D 800 1 2 3 801 9 4
D 802 9 2 11 798 30 29
D 804 3 2 7 34 5 8
D 803 1 2 3 804 9 33
D 788 5 3 2 789 800 802 803 29
D 0 19 11 1 35 357 366 417 420 475 480 535 540 596 600 647 651 700 704 756 761 772 778 788 8
