c ids of sdd nodes start at 0
c sdd nodes appear bottom-up, children before parents
c
c file syntax:
c sdd count-of-sdd-nodes
c F id-of-false-sdd-node
c T id-of-true-sdd-node
c L id-of-literal-sdd-node id-of-vtree literal
c D id-of-decomposition-sdd-node id-of-vtree number-of-elements {id-of-prime id-of-sub}*
c
sdd 799
L 3 0 -3
L 5 2 -4
L 6 4 -2
L 7 2 4
F 8
D 4 3 2 5 6 7 8
L 9 0 3
D 2 1 2 3 4 9 8
L 12 6 -6
L 13 8 -7
L 14 6 6
D 11 7 2 12 13 14 8
L 17 10 -5
L 18 12 1
L 19 10 5
D 16 11 2 17 18 19 8
L 21 14 -8
L 23 16 -9
L 24 18 -10
L 25 16 9
D 22 17 2 23 24 25 8
L 26 14 8
D 20 15 2 21 22 26 8
L 28 12 -1
T 29
D 27 11 2 17 28 19 29
D 15 13 2 16 20 27 8
L 31 8 7
D 30 7 2 12 31 14 29
D 10 9 2 11 15 30 8
L 34 4 2
D 33 3 2 5 34 7 29
D 32 1 2 3 33 9 29
D 1 5 2 2 10 32 8
L 39 20 -14
L 40 22 -15
L 41 20 14
D 38 21 2 39 40 41 8
L 43 24 -16
L 44 26 -17
L 45 24 16
D 42 25 2 43 44 45 8
L 47 22 15
D 46 21 2 39 47 41 29
D 37 23 2 38 42 46 8
L 50 28 -13
L 51 30 -12
L 52 28 13
D 49 29 2 50 51 52 8
L 55 32 -11
L 56 34 -18
L 57 32 11
D 54 33 2 55 56 57 8
L 59 36 -20
L 60 38 19
L 61 36 20
D 58 37 2 59 60 61 8
L 63 34 18
D 62 33 2 55 63 57 29
D 53 35 2 54 58 62 8
L 65 30 12
D 64 29 2 50 65 52 29
D 48 31 2 49 53 64 8
L 68 26 17
D 67 25 2 43 68 45 29
D 66 23 2 38 67 46 29
D 36 27 2 37 48 66 8
L 73 40 -34
L 74 42 -35
L 75 40 34
D 72 41 2 73 74 75 8
L 77 44 -32
L 78 46 -33
L 79 44 32
D 76 45 2 77 78 79 8
L 81 42 35
D 80 41 2 73 81 75 29
D 71 43 2 72 76 80 8
L 84 48 -37
L 85 50 -38
L 86 48 37
D 83 49 2 84 85 86 8
L 89 52 -31
L 90 54 -36
L 91 52 31
D 88 53 2 89 90 91 8
L 93 56 -39
L 94 58 40
L 95 56 39
D 92 57 2 93 94 95 8
L 97 54 36
D 96 53 2 89 97 91 29
D 87 55 2 88 92 96 8
L 99 50 38
D 98 49 2 84 99 86 29
D 82 51 2 83 87 98 8
L 102 46 33
D 101 45 2 77 102 79 29
D 100 43 2 72 101 80 29
D 70 47 2 71 82 100 8
L 107 60 -22
L 108 62 -21
L 109 60 22
D 106 61 2 107 108 109 8
L 111 64 -25
L 112 66 -26
L 113 64 25
D 110 65 2 111 112 113 8
L 115 62 21
D 114 61 2 107 115 109 29
D 105 63 2 106 110 114 8
L 118 68 -27
L 119 70 -28
L 120 68 27
D 117 69 2 118 119 120 8
L 123 72 -23
L 124 74 -24
L 125 72 23
D 122 73 2 123 124 125 8
L 127 76 30
L 128 78 -29
L 129 76 -30
D 126 77 2 127 128 129 8
L 131 74 24
D 130 73 2 123 131 125 29
D 121 75 2 122 126 130 8
L 133 70 28
D 132 69 2 118 133 120 29
D 116 71 2 117 121 132 8
L 136 66 26
D 135 65 2 111 136 113 29
D 134 63 2 106 135 114 29
D 104 67 2 105 116 134 8
L 140 80 -46
L 141 82 -47
L 142 80 46
D 139 81 2 140 141 142 8
L 144 84 -48
L 146 86 50
L 147 88 -49
L 148 86 -50
D 145 87 2 146 147 148 8
L 149 84 48
D 143 85 2 144 145 149 8
L 151 82 47
D 150 81 2 140 151 142 29
D 138 83 2 139 143 150 8
L 155 90 -43
L 156 92 -44
L 157 90 43
D 154 91 2 155 156 157 8
L 159 94 -42
L 161 96 -45
L 162 98 -41
L 163 96 45
D 160 97 2 161 162 163 8
L 164 94 42
D 158 95 2 159 160 164 8
L 166 92 44
D 165 91 2 155 166 157 29
D 153 93 2 154 158 165 8
L 169 100 -57
L 171 102 -58
L 173 104 60
L 174 106 -59
L 175 104 -60
D 172 105 2 173 174 175 8
L 176 102 58
D 170 103 2 171 172 176 8
L 177 100 57
D 168 101 2 169 170 177 8
L 180 108 -53
L 182 110 -56
L 183 112 -55
L 184 110 56
D 181 111 2 182 183 184 8
L 185 108 53
D 179 109 2 180 181 185 8
L 188 114 -51
L 190 116 -54
L 191 118 -52
L 192 116 54
D 189 117 2 190 191 192 8
L 193 114 51
D 187 115 2 188 189 193 8
L 196 120 -61
L 197 122 -62
L 198 120 61
D 195 121 2 196 197 198 8
L 201 124 -63
L 202 126 -64
L 203 124 63
D 200 125 2 201 202 203 8
L 205 128 -65
L 207 130 -66
L 209 132 -67
L 211 134 -68
L 213 136 -69
L 214 138 70
L 215 136 69
D 212 137 2 213 214 215 8
L 216 134 68
D 210 135 2 211 212 216 8
L 217 132 67
D 208 133 2 209 210 217 8
L 218 130 66
D 206 131 2 207 208 218 8
L 219 128 65
D 204 129 2 205 206 219 8
L 221 126 64
D 220 125 2 201 221 203 29
D 199 127 2 200 204 220 8
L 223 122 62
D 222 121 2 196 223 198 29
D 194 123 2 195 199 222 8
L 226 118 52
D 225 117 2 190 226 192 29
D 224 115 2 188 225 193 29
D 186 119 2 187 194 224 8
L 229 112 55
D 228 111 2 182 229 184 29
D 227 109 2 180 228 185 29
D 178 113 2 179 186 227 8
L 233 106 59
D 232 105 2 173 233 175 29
D 231 103 2 171 232 176 29
D 230 101 2 169 231 177 29
D 167 107 2 168 178 230 8
L 237 98 41
D 236 97 2 161 237 163 29
D 235 95 2 159 236 164 29
D 234 93 2 154 235 165 29
D 152 99 2 153 167 234 8
L 241 88 49
D 240 87 2 146 241 148 29
D 239 85 2 144 240 149 29
D 238 83 2 139 239 150 29
D 137 89 2 138 152 238 8
L 246 78 29
D 245 77 2 127 246 129 29
D 244 75 2 122 245 130 29
D 243 71 2 117 244 132 29
D 242 67 2 105 243 134 29
D 103 79 2 104 137 242 8
L 251 58 -40
D 250 57 2 93 251 95 29
D 249 55 2 88 250 96 29
D 248 51 2 83 249 98 29
D 247 47 2 71 248 100 29
D 69 59 2 70 103 247 8
L 256 38 -19
D 255 37 2 61 256 59 8
D 254 35 2 54 255 62 8
D 253 31 2 49 254 64 8
D 252 27 2 37 253 66 8
D 261 57 2 95 251 93 8
D 260 55 2 88 261 96 8
D 259 51 2 83 260 98 8
D 258 47 2 71 259 100 8
D 266 77 2 129 246 127 8
D 265 75 2 122 266 130 8
D 264 71 2 117 265 132 8
D 263 67 2 105 264 134 8
D 272 105 2 175 233 173 8
D 271 103 2 171 272 176 8
D 270 101 2 169 271 177 8
L 282 138 -70
D 281 137 2 215 282 213 8
D 280 135 2 211 281 216 8
D 279 133 2 209 280 217 8
D 278 131 2 207 279 218 8
D 277 129 2 205 278 219 8
D 276 127 2 200 277 220 8
D 275 123 2 195 276 222 8
D 274 119 2 187 275 224 8
D 273 113 2 179 274 227 8
D 285 105 2 175 174 173 233
D 284 103 2 171 285 176 29
D 283 101 2 169 284 177 29
D 269 107 3 270 178 168 273 283 8
D 268 99 2 153 269 234 8
D 288 87 2 148 241 146 8
D 287 85 2 144 288 149 8
D 286 83 2 139 287 150 8
D 291 87 2 148 147 146 241
D 290 85 2 144 291 149 29
D 289 83 2 139 290 150 29
D 267 89 3 138 268 286 152 289 8
D 295 77 2 129 128 127 246
D 294 75 2 122 295 130 29
D 293 71 2 117 294 132 29
D 292 67 2 105 293 134 29
D 262 79 3 263 137 104 267 292 8
D 299 57 2 93 251 95 94
D 298 55 2 88 299 96 29
D 297 51 2 83 298 98 29
D 296 47 2 71 297 100 29
D 257 59 3 258 103 70 262 296 8
D 303 37 2 59 256 61 60
D 302 35 2 54 303 62 29
D 301 31 2 49 302 64 29
D 300 27 2 37 301 66 29
D 35 39 3 36 69 252 257 300 8
D 306 3 2 5 34 7 8
D 305 1 2 3 306 9 8
D 309 11 2 17 28 19 8
D 310 11 2 17 18 19 29
D 308 13 2 309 20 310 8
D 307 9 2 11 308 30 8
D 312 3 2 5 6 7 29
D 311 1 2 3 312 9 29
D 304 5 2 305 307 311 8
D 317 33 2 55 63 57 8
D 318 37 2 59 256 61 8
D 319 33 2 55 56 57 29
D 316 35 2 317 318 319 8
D 315 31 2 49 316 64 8
D 314 27 2 37 315 66 8
D 323 49 2 84 99 86 8
D 325 57 2 93 251 95 8
D 324 55 2 88 325 96 8
D 326 49 2 84 85 86 29
D 322 51 2 323 324 326 8
D 321 47 2 71 322 100 8
D 330 69 2 118 133 120 8
D 332 77 2 129 128 127 8
D 331 75 2 122 332 130 8
D 333 69 2 118 119 120 29
D 329 71 2 330 331 333 8
D 328 67 2 105 329 134 8
D 345 137 2 213 282 215 8
D 344 135 2 216 345 211 8
D 343 133 2 209 344 217 8
D 342 131 2 207 343 218 8
D 341 129 2 205 342 219 8
D 340 127 2 200 341 220 8
D 339 123 2 195 340 222 8
D 338 119 2 187 339 224 8
D 337 113 2 179 338 227 8
D 348 105 2 175 174 173 8
D 347 103 2 176 348 171 8
D 346 101 2 169 347 177 8
D 351 105 2 175 233 173 29
D 350 103 2 171 285 176 351
D 349 101 2 169 350 177 29
D 336 107 4 168 337 346 178 270 273 349 8
D 335 99 2 153 336 234 8
D 354 87 2 148 147 146 8
D 353 85 2 149 354 144 8
D 352 83 2 139 353 150 8
D 357 87 2 148 241 146 29
D 356 85 2 144 291 149 357
D 355 83 2 139 356 150 29
D 334 89 4 138 335 286 268 352 152 355 8
D 361 77 2 129 246 127 29
D 360 75 2 122 361 130 29
D 359 71 3 117 294 330 360 120 29
D 358 67 2 105 359 134 29
D 327 79 4 328 137 263 267 104 334 358 8
D 365 57 2 93 94 95 29
D 364 55 2 88 365 96 29
D 363 51 3 83 298 323 364 86 29
D 362 47 2 71 363 100 29
D 320 59 4 321 103 258 262 70 327 362 8
D 369 37 2 59 60 61 29
D 368 35 3 317 369 54 303 57 29
D 367 31 2 49 368 64 29
D 366 27 2 37 367 66 29
D 313 39 4 314 69 36 257 252 320 366 8
D 371 1 2 9 4 3 8
D 372 1 2 9 33 3 29
D 370 5 2 371 307 372 8
D 376 25 2 43 68 45 8
D 375 23 2 38 376 46 8
D 378 35 2 54 318 62 8
D 377 31 2 49 378 64 8
D 380 25 2 43 44 45 29
D 379 23 2 38 380 46 29
D 374 27 2 375 377 379 8
D 384 49 2 86 85 84 8
D 385 49 2 86 99 84 29
D 383 51 2 384 324 385 8
D 382 47 2 71 383 100 8
D 389 69 2 120 119 118 8
D 390 69 2 120 133 118 29
D 388 71 2 389 331 390 8
D 387 67 2 105 388 134 8
D 401 135 2 211 345 216 8
D 400 133 2 217 401 209 8
D 399 131 2 207 400 218 8
D 398 129 2 205 399 219 8
D 397 127 2 200 398 220 8
D 396 123 2 195 397 222 8
D 395 119 2 187 396 224 8
D 394 113 2 179 395 227 8
D 403 103 2 171 348 176 8
D 402 101 2 177 403 169 8
D 405 103 2 171 351 176 29
D 404 101 2 169 350 177 405
D 393 107 5 168 394 270 337 402 178 346 273 404 8
D 392 99 2 153 393 234 8
D 407 81 2 140 151 142 8
D 408 85 2 144 354 149 8
D 409 81 2 140 141 142 29
D 406 83 2 407 408 409 8
D 411 85 2 144 357 149 29
D 410 83 3 139 356 407 411 142 29
D 391 89 5 138 392 286 335 352 268 406 152 410 8
D 414 69 2 120 119 118 133
D 415 69 2 120 133 118 8
D 413 71 3 117 294 414 360 415 29
D 412 67 2 105 413 134 29
D 386 79 5 387 137 328 267 263 334 104 391 412 8
D 418 49 2 86 85 84 99
D 419 49 2 86 99 84 8
D 417 51 3 83 298 418 364 419 29
D 416 47 2 71 417 100 29
D 381 59 5 382 103 321 262 258 327 70 386 416 8
D 422 35 2 54 369 62 29
D 421 31 2 49 422 64 29
D 423 23 2 38 45 46 29
D 420 27 3 37 367 375 421 423 29
D 373 39 5 374 69 314 257 36 320 252 381 420 8
D 426 3 2 7 6 5 8
D 425 1 2 3 426 9 8
D 428 3 2 7 34 5 29
D 427 1 2 3 428 9 29
D 424 5 2 425 307 427 8
D 432 25 2 45 44 43 8
D 431 23 2 38 432 46 8
D 434 25 2 45 68 43 29
D 433 23 2 38 434 46 29
D 430 27 2 431 377 433 8
D 439 53 2 89 97 91 8
D 440 53 2 89 90 91 29
D 438 55 2 439 325 440 8
D 437 51 2 83 438 98 8
D 436 47 2 71 437 100 8
D 444 65 2 111 136 113 8
D 443 63 2 106 444 114 8
D 445 71 2 117 331 132 8
D 447 65 2 111 112 113 29
D 446 63 2 106 447 114 29
D 442 67 2 443 445 446 8
D 457 133 2 209 401 217 8
D 456 131 2 218 457 207 8
D 455 129 2 205 456 219 8
D 454 127 2 200 455 220 8
D 453 123 2 195 454 222 8
D 452 119 2 187 453 224 8
D 451 113 2 179 452 227 8
D 458 101 2 169 403 177 8
D 461 111 2 184 183 182 8
D 460 109 2 180 461 185 8
D 463 111 2 184 229 182 29
D 462 109 2 180 463 185 29
D 459 113 2 460 186 462 8
D 466 105 2 173 233 175 8
D 465 103 2 171 466 176 351
D 464 101 2 169 465 177 405
D 450 107 6 168 451 458 459 270 394 346 337 402 273 464 8
D 449 99 2 153 450 234 8
D 468 81 2 142 141 140 8
D 469 81 2 142 151 140 29
D 467 83 2 468 408 469 8
D 471 81 2 142 141 140 151
D 472 81 2 142 151 140 8
D 470 83 3 139 356 471 411 472 29
D 448 89 6 138 449 286 392 352 335 406 268 467 152 470 8
D 474 71 2 117 360 132 29
D 475 63 2 106 113 114 29
D 473 67 3 105 413 443 474 475 29
D 441 79 6 442 137 387 267 328 334 263 391 104 448 473 8
D 478 55 3 439 365 88 299 91 29
D 477 51 3 83 478 418 364 419 29
D 476 47 2 71 477 100 29
D 435 59 6 436 103 382 262 321 327 258 386 70 441 476 8
D 481 25 2 45 44 43 68
D 480 23 2 38 481 46 8
D 483 25 2 45 68 43 8
D 482 23 2 38 483 46 29
D 479 27 3 37 367 480 421 482 29
D 429 39 6 430 69 374 257 314 320 36 381 252 435 479 8
D 487 11 2 19 28 17 8
D 488 11 2 19 18 17 29
D 486 13 2 487 20 488 8
D 485 9 2 11 486 30 8
D 484 5 2 2 485 32 8
D 492 21 2 39 47 41 8
D 493 21 2 39 40 41 29
D 491 23 2 492 42 493 8
D 494 23 2 492 67 493 29
D 490 27 2 491 377 494 8
D 498 41 2 73 81 75 8
D 499 41 2 73 74 75 29
D 497 43 2 498 76 499 8
D 500 51 2 83 324 98 8
D 501 43 2 498 101 499 29
D 496 47 2 497 500 501 8
D 505 65 2 113 112 111 8
D 504 63 2 106 505 114 8
D 507 65 2 113 136 111 29
D 506 63 2 106 507 114 29
D 503 67 2 504 445 506 8
D 516 131 2 207 457 218 8
D 515 129 2 219 516 205 8
D 514 127 2 200 515 220 8
D 513 123 2 195 514 222 8
D 512 119 2 187 513 224 8
D 511 113 2 179 512 227 8
D 519 111 2 182 229 184 8
D 518 109 2 180 519 185 8
D 521 111 2 182 183 184 229
D 520 109 2 180 521 185 29
D 517 113 3 460 274 518 186 520 8
D 510 107 6 168 511 458 517 270 451 346 394 402 337 464 8
D 509 99 2 153 510 234 8
D 522 83 2 139 408 150 8
D 526 97 2 163 162 161 8
D 525 95 2 159 526 164 8
D 524 93 2 154 525 165 8
D 529 97 2 163 237 161 29
D 528 95 2 159 529 164 29
D 527 93 2 154 528 165 29
D 523 99 2 524 167 527 8
D 532 87 2 146 241 148 8
D 531 85 2 144 532 149 357
D 530 83 3 139 531 471 411 472 29
D 508 89 7 138 509 522 523 286 449 352 392 406 335 467 268 530 8
D 535 65 2 113 112 111 136
D 534 63 2 106 535 114 8
D 537 65 2 113 136 111 8
D 536 63 2 106 537 114 29
D 533 67 3 105 413 534 474 536 29
D 502 79 7 503 137 442 267 387 334 328 391 263 448 104 508 533 8
D 539 51 2 83 364 98 29
D 540 43 2 73 101 75 29
D 538 47 3 71 477 497 539 540 29
D 495 59 7 496 103 436 262 382 327 321 386 258 441 70 502 538 8
D 542 23 3 38 481 492 42 41 8
D 543 23 3 38 483 492 67 41 29
D 541 27 3 37 367 542 421 543 29
D 489 39 7 490 69 430 257 374 320 314 381 36 435 252 495 541 8
D 546 7 2 14 13 12 8
D 547 7 2 14 31 12 29
D 545 9 2 546 308 547 8
D 544 5 2 2 545 32 8
D 551 21 2 41 40 39 8
D 552 21 2 41 47 39 29
D 550 23 2 551 42 552 8
D 553 23 2 551 67 552 29
D 549 27 2 550 377 553 8
D 557 41 2 75 74 73 8
D 558 41 2 75 81 73 29
D 556 43 2 557 76 558 8
D 559 43 2 557 101 558 29
D 555 47 2 556 500 559 8
D 564 73 2 123 131 125 8
D 565 73 2 123 124 125 29
D 563 75 2 564 332 565 8
D 562 71 2 117 563 132 8
D 561 67 2 105 562 134 8
D 573 125 2 201 221 203 8
D 574 129 2 205 516 219 8
D 575 125 2 201 202 203 29
D 572 127 2 573 574 575 8
D 571 123 2 195 572 222 8
D 570 119 2 187 571 224 8
D 569 113 2 179 570 227 8
D 579 117 2 192 191 190 8
D 578 115 2 188 579 193 8
D 581 117 2 192 226 190 29
D 580 115 2 188 581 193 29
D 577 119 2 578 194 580 8
D 583 111 2 184 229 182 8
D 582 109 2 180 583 185 29
D 576 113 4 518 274 179 577 460 338 582 8
D 568 107 6 168 569 458 576 270 511 346 451 402 394 464 8
D 567 99 2 153 568 234 8
D 586 91 2 155 166 157 8
D 587 91 2 155 156 157 29
D 585 93 2 586 158 587 8
D 588 93 3 154 528 586 235 157 29
D 584 99 3 585 167 524 269 588 8
D 566 89 7 138 567 522 584 286 509 352 449 406 392 467 335 530 8
D 591 75 3 564 361 122 295 125 29
D 590 71 3 117 591 414 360 415 29
D 589 67 3 105 590 534 474 536 29
D 560 79 8 561 137 503 267 442 334 387 391 328 448 263 508 104 566 589 8
D 594 41 2 75 74 73 81
D 595 41 2 73 74 75 81
D 593 43 2 594 76 595 8
D 597 41 2 75 74 73 29
D 598 41 2 75 81 73 8
D 596 43 2 597 101 598 29
D 592 47 3 71 477 593 539 596 29
D 554 59 8 555 103 496 262 436 327 382 386 321 441 258 502 70 560 592 8
D 601 21 2 41 40 39 47
D 602 21 2 41 47 39 8
D 600 23 3 38 481 601 42 602 8
D 603 23 3 38 483 601 67 602 29
D 599 27 3 37 367 600 421 603 29
D 548 39 8 549 69 490 257 430 320 374 381 314 435 36 495 252 554 599 8
D 606 7 2 12 31 14 8
D 607 7 2 12 13 14 29
D 605 9 2 606 308 607 8
D 604 5 2 2 605 32 8
D 611 29 2 52 51 50 8
D 612 29 2 52 65 50 29
D 610 31 2 611 378 612 8
D 609 27 2 37 610 66 8
D 616 45 2 77 102 79 8
D 615 43 2 72 616 80 8
D 618 45 2 77 78 79 29
D 617 43 2 72 618 80 29
D 614 47 2 615 500 617 8
D 623 73 2 125 124 123 8
D 624 73 2 125 131 123 29
D 622 75 2 623 332 624 8
D 621 71 2 117 622 132 8
D 620 67 2 105 621 134 8
D 629 109 2 185 181 180 8
D 630 119 2 578 275 580 8
D 631 109 2 180 583 185 228
D 628 113 5 518 338 629 186 179 630 460 395 631 8
D 636 125 2 203 202 201 8
D 637 125 2 203 221 201 29
D 635 127 2 636 574 637 8
D 634 123 2 195 635 222 8
D 633 119 2 187 634 224 8
D 632 113 2 179 633 227 8
D 627 107 6 458 628 168 632 270 569 346 511 402 451 464 8
D 626 99 2 153 627 234 8
D 640 91 2 157 156 155 8
D 641 91 2 157 166 155 29
D 639 93 2 640 158 641 8
D 643 91 2 157 156 155 166
D 644 91 2 157 166 155 8
D 642 93 3 154 528 643 235 644 29
D 638 99 4 639 167 585 269 524 336 642 8
D 625 89 7 138 626 522 638 286 567 352 509 406 449 467 392 530 8
D 648 73 2 125 124 123 131
D 649 73 2 125 131 123 8
D 647 75 3 648 361 122 295 649 29
D 646 71 3 414 360 117 647 415 29
D 645 67 3 534 474 105 646 536 29
D 619 79 9 620 137 561 267 503 334 442 391 387 448 328 508 263 566 104 625 645 8
D 651 43 3 72 616 594 76 598 8
D 652 43 3 594 101 72 79 598 29
D 650 47 3 71 477 651 539 652 29
D 613 59 9 614 103 555 262 496 327 436 386 382 441 321 502 258 560 70 619 650 8
D 654 31 3 49 368 611 422 65 29
D 653 27 3 37 654 600 421 603 29
D 608 39 9 609 69 549 257 490 320 430 381 374 435 314 495 36 554 252 613 653 8
D 658 15 2 26 22 21 8
D 657 13 2 309 658 310 8
D 656 9 2 11 657 30 8
D 655 5 2 2 656 32 8
D 662 29 2 50 65 52 8
D 663 29 2 50 51 52 29
D 661 31 2 662 378 663 8
D 660 27 2 37 661 66 8
D 667 45 2 79 78 77 8
D 666 43 2 72 667 80 8
D 669 45 2 79 102 77 29
D 668 43 2 72 669 80 29
D 665 47 2 666 500 668 8
D 673 61 2 109 108 107 8
D 674 61 2 109 115 107 29
D 672 63 2 673 110 674 8
D 675 63 2 673 135 674 29
D 671 67 2 672 445 675 8
D 682 117 2 190 226 192 8
D 681 115 2 188 682 193 8
D 684 117 2 190 191 192 226
D 683 115 2 188 684 193 29
D 680 119 3 681 194 578 339 683 8
D 679 113 5 179 680 629 274 518 395 460 452 631 8
D 688 121 2 196 223 198 8
D 689 127 2 200 574 220 8
D 690 121 2 196 197 198 29
D 687 123 2 688 689 690 8
D 686 119 2 187 687 224 8
D 685 113 2 179 686 227 8
D 678 107 6 458 679 270 632 346 569 168 685 402 511 464 8
D 677 99 2 153 678 234 8
D 693 95 2 164 160 159 8
D 692 93 2 154 693 165 8
D 695 95 2 159 529 164 236
D 694 93 3 154 695 643 235 644 29
D 691 99 5 692 167 639 269 585 336 524 393 694 8
D 676 89 7 138 677 522 691 286 626 352 567 406 509 467 449 530 8
D 697 63 3 106 535 673 110 115 8
D 698 63 3 106 537 673 135 115 29
D 696 67 3 697 474 105 646 698 29
D 670 79 10 671 137 620 267 561 334 503 391 442 448 387 508 328 566 263 625 104 676 696 8
D 701 45 2 79 78 77 102
D 700 43 3 72 701 594 76 598 8
D 703 45 2 79 102 77 8
D 702 43 3 72 703 594 101 598 29
D 699 47 3 71 477 700 539 702 29
D 664 59 10 665 103 614 262 555 327 496 386 436 441 382 502 321 560 258 619 70 670 699 8
D 706 29 2 52 51 50 65
D 707 29 2 52 65 50 8
D 705 31 3 49 368 706 422 707 29
D 704 27 3 37 705 600 421 603 29
D 659 39 10 660 69 609 257 549 320 490 381 430 435 374 495 314 554 36 613 252 664 704 8
D 712 17 2 25 24 23 8
D 711 15 2 21 712 26 8
D 710 13 2 309 711 310 8
D 709 9 2 11 710 30 8
D 708 5 2 2 709 32 8
D 717 33 2 57 56 55 8
D 718 33 2 57 63 55 29
D 716 35 2 717 318 718 8
D 715 31 2 49 716 64 8
D 714 27 2 37 715 66 8
D 723 53 2 91 90 89 8
D 724 53 2 91 97 89 29
D 722 55 2 723 325 724 8
D 721 51 2 83 722 98 8
D 720 47 2 71 721 100 8
D 728 61 2 107 115 109 8
D 729 61 2 107 108 109 29
D 727 63 2 728 110 729 8
D 730 63 2 728 135 729 29
D 726 67 2 727 445 730 8
D 735 97 2 161 237 163 8
D 734 95 2 159 735 164 8
D 733 93 2 154 734 165 8
D 738 97 2 161 162 163 237
D 737 95 2 159 738 164 236
D 736 93 3 154 737 643 235 644 29
D 732 99 6 733 167 692 269 639 336 585 393 524 450 736 8
D 743 115 2 193 189 188 8
D 744 115 2 188 684 193 225
D 742 119 4 743 194 681 275 578 396 744 8
D 741 113 5 179 742 629 338 518 452 460 512 631 8
D 748 121 2 198 197 196 8
D 749 121 2 198 223 196 29
D 747 123 2 748 689 749 8
D 746 119 2 187 747 224 8
D 745 113 2 179 746 227 8
D 740 107 6 458 741 346 632 402 569 270 685 168 745 464 8
D 739 99 2 153 740 234 8
D 731 89 7 522 732 138 739 286 677 352 626 406 567 467 509 530 8
D 752 61 2 109 108 107 115
D 753 61 2 109 115 107 8
D 751 63 3 106 535 752 110 753 8
D 754 63 3 106 537 752 135 753 29
D 750 67 3 751 474 105 646 754 29
D 725 79 11 726 137 671 267 620 334 561 391 503 448 442 508 387 566 328 625 263 676 104 731 750 8
D 758 53 2 91 90 89 97
D 759 53 2 91 97 89 8
D 757 55 3 758 365 88 299 759 29
D 756 51 3 418 364 83 757 419 29
D 755 47 3 700 539 71 756 702 29
D 719 59 11 720 103 665 262 614 327 555 386 496 441 436 502 382 560 321 619 258 670 70 725 755 8
D 763 33 2 57 56 55 63
D 764 33 2 57 63 55 8
D 762 35 3 763 369 54 303 764 29
D 761 31 3 706 422 49 762 707 29
D 760 27 3 600 421 37 761 603 29
D 713 39 11 714 69 660 257 609 320 549 381 490 435 430 495 374 554 314 613 36 664 252 719 760 8
L 770 18 10
D 769 17 2 23 770 25 8
D 768 15 2 21 769 26 8
D 767 13 2 309 768 310 8
D 766 9 2 11 767 30 8
D 765 5 2 2 766 32 8
D 775 99 6 733 269 692 336 639 393 585 450 524 510 736 8
D 779 119 4 743 275 681 339 578 453 744 8
D 778 113 5 179 779 629 395 518 512 460 570 631 8
D 781 103 2 176 351 171 173
D 780 101 2 169 781 177 405
D 777 107 5 402 632 458 778 346 685 270 745 780 8
D 776 99 2 153 777 234 8
D 774 89 7 522 775 286 739 138 776 352 677 406 626 467 567 530 8
D 773 79 11 726 267 671 334 620 391 561 448 503 508 442 566 387 625 328 676 263 731 104 774 750 8
D 772 59 11 720 262 665 327 614 386 555 441 496 502 436 560 382 619 321 670 258 725 70 773 755 8
D 771 39 11 714 257 660 320 609 381 549 435 490 495 430 554 374 613 314 664 36 719 252 772 760 8
D 786 17 2 23 24 25 770
D 787 17 2 23 770 25 29
D 785 15 2 21 786 26 787
D 788 11 2 19 28 17 18
D 789 15 2 21 787 26 29
D 790 11 2 19 18 17 8
D 784 13 3 309 785 788 789 790 29
D 791 7 2 14 13 12 31
D 792 13 2 309 789 310 29
D 793 7 2 14 31 12 8
D 783 9 3 11 784 791 792 793 29
D 795 3 2 7 6 5 34
D 794 1 2 3 795 9 4
D 796 9 2 11 792 30 29
D 798 3 2 7 34 5 8
D 797 1 2 3 798 9 33
D 782 5 3 2 783 794 796 797 29
D 0 19 11 1 35 304 313 370 373 424 429 484 489 544 548 604 608 655 659 708 713 765 771 782 8
