c ids of sdd nodes start at 0
c sdd nodes appear bottom-up, children before parents
c
c file syntax:
c sdd count-of-sdd-nodes
c F id-of-false-sdd-node
c T id-of-true-sdd-node
c L id-of-literal-sdd-node id-of-vtree literal
c D id-of-decomposition-sdd-node id-of-vtree number-of-elements {id-of-prime id-of-sub}*
c
sdd 734
L 3 0 -3
L 5 2 -4
L 6 4 2
L 7 2 4
F 8
D 4 3 2 5 6 7 8
L 9 0 3
D 2 1 2 3 4 9 8
L 12 6 -6
L 13 8 -7
L 14 6 6
D 11 7 2 12 13 14 8
L 17 10 -5
L 18 12 -1
L 19 10 5
D 16 11 2 17 18 19 8
L 21 14 -8
L 23 16 -9
L 24 18 -10
L 25 16 9
D 22 17 2 23 24 25 8
L 26 14 8
D 20 15 2 21 22 26 8
L 28 12 1
T 29
D 27 11 2 17 28 19 29
D 15 13 2 16 20 27 8
L 31 8 7
D 30 7 2 12 31 14 29
D 10 9 2 11 15 30 8
L 34 4 -2
D 33 3 2 5 34 7 29
D 32 1 2 3 33 9 29
D 1 5 2 2 10 32 8
L 39 20 -14
L 40 22 -15
L 41 20 14
D 38 21 2 39 40 41 8
L 43 24 -16
L 44 26 -17
L 45 24 16
D 42 25 2 43 44 45 8
L 47 22 15
D 46 21 2 39 47 41 29
D 37 23 2 38 42 46 8
L 50 28 -13
L 51 30 -12
L 52 28 13
D 49 29 2 50 51 52 8
L 55 32 -11
L 56 34 -18
L 57 32 11
D 54 33 2 55 56 57 8
L 59 36 20
L 60 38 -19
L 61 36 -20
D 58 37 2 59 60 61 8
L 63 34 18
D 62 33 2 55 63 57 29
D 53 35 2 54 58 62 8
L 65 30 12
D 64 29 2 50 65 52 29
D 48 31 2 49 53 64 8
L 68 26 17
D 67 25 2 43 68 45 29
D 66 23 2 38 67 46 29
D 36 27 2 37 48 66 8
L 73 40 -34
L 74 42 -35
L 75 40 34
D 72 41 2 73 74 75 8
L 77 44 -32
L 78 46 -33
L 79 44 32
D 76 45 2 77 78 79 8
L 81 42 35
D 80 41 2 73 81 75 29
D 71 43 2 72 76 80 8
L 84 48 -37
L 85 50 -38
L 86 48 37
D 83 49 2 84 85 86 8
L 89 52 -31
L 90 54 -36
L 91 52 31
D 88 53 2 89 90 91 8
L 93 56 -39
L 94 58 40
L 95 56 39
D 92 57 2 93 94 95 8
L 97 54 36
D 96 53 2 89 97 91 29
D 87 55 2 88 92 96 8
L 99 50 38
D 98 49 2 84 99 86 29
D 82 51 2 83 87 98 8
L 102 46 33
D 101 45 2 77 102 79 29
D 100 43 2 72 101 80 29
D 70 47 2 71 82 100 8
L 107 60 -22
L 108 62 -21
L 109 60 22
D 106 61 2 107 108 109 8
L 111 64 -25
L 112 66 -26
L 113 64 25
D 110 65 2 111 112 113 8
L 115 62 21
D 114 61 2 107 115 109 29
D 105 63 2 106 110 114 8
L 118 68 -27
L 119 70 -28
L 120 68 27
D 117 69 2 118 119 120 8
L 123 72 -23
L 124 74 -24
L 125 72 23
D 122 73 2 123 124 125 8
L 127 76 30
L 128 78 -29
L 129 76 -30
D 126 77 2 127 128 129 8
L 131 74 24
D 130 73 2 123 131 125 29
D 121 75 2 122 126 130 8
L 133 70 28
D 132 69 2 118 133 120 29
D 116 71 2 117 121 132 8
L 136 66 26
D 135 65 2 111 136 113 29
D 134 63 2 106 135 114 29
D 104 67 2 105 116 134 8
L 140 80 -46
L 141 82 -47
L 142 80 46
D 139 81 2 140 141 142 8
L 144 84 -48
L 146 86 50
L 147 88 -49
L 148 86 -50
D 145 87 2 146 147 148 8
L 149 84 48
D 143 85 2 144 145 149 8
L 151 82 47
D 150 81 2 140 151 142 29
D 138 83 2 139 143 150 8
L 155 90 -43
L 156 92 -44
L 157 90 43
D 154 91 2 155 156 157 8
L 159 94 -42
L 161 96 -45
L 162 98 -41
L 163 96 45
D 160 97 2 161 162 163 8
L 164 94 42
D 158 95 2 159 160 164 8
L 166 92 44
D 165 91 2 155 166 157 29
D 153 93 2 154 158 165 8
L 169 100 -57
L 171 102 -58
L 173 104 60
L 174 106 -59
L 175 104 -60
D 172 105 2 173 174 175 8
L 176 102 58
D 170 103 2 171 172 176 8
L 177 100 57
D 168 101 2 169 170 177 8
L 180 108 -53
L 182 110 -56
L 183 112 -55
L 184 110 56
D 181 111 2 182 183 184 8
L 185 108 53
D 179 109 2 180 181 185 8
L 188 114 -51
L 190 116 -54
L 191 118 -52
L 192 116 54
D 189 117 2 190 191 192 8
L 193 114 51
D 187 115 2 188 189 193 8
L 196 120 -61
L 197 122 -62
L 198 120 61
D 195 121 2 196 197 198 8
L 201 124 -63
L 202 126 -64
L 203 124 63
D 200 125 2 201 202 203 8
L 205 128 -65
L 207 130 -66
L 209 132 -67
L 211 134 -68
L 213 136 -69
L 214 138 70
L 215 136 69
D 212 137 2 213 214 215 8
L 216 134 68
D 210 135 2 211 212 216 8
L 217 132 67
D 208 133 2 209 210 217 8
L 218 130 66
D 206 131 2 207 208 218 8
L 219 128 65
D 204 129 2 205 206 219 8
L 221 126 64
D 220 125 2 201 221 203 29
D 199 127 2 200 204 220 8
L 223 122 62
D 222 121 2 196 223 198 29
D 194 123 2 195 199 222 8
L 226 118 52
D 225 117 2 190 226 192 29
D 224 115 2 188 225 193 29
D 186 119 2 187 194 224 8
L 229 112 55
D 228 111 2 182 229 184 29
D 227 109 2 180 228 185 29
D 178 113 2 179 186 227 8
L 233 106 59
D 232 105 2 173 233 175 29
D 231 103 2 171 232 176 29
D 230 101 2 169 231 177 29
D 167 107 2 168 178 230 8
L 237 98 41
D 236 97 2 161 237 163 29
D 235 95 2 159 236 164 29
D 234 93 2 154 235 165 29
D 152 99 2 153 167 234 8
L 241 88 49
D 240 87 2 146 241 148 29
D 239 85 2 144 240 149 29
D 238 83 2 139 239 150 29
D 137 89 2 138 152 238 8
L 246 78 29
D 245 77 2 127 246 129 29
D 244 75 2 122 245 130 29
D 243 71 2 117 244 132 29
D 242 67 2 105 243 134 29
D 103 79 2 104 137 242 8
L 251 58 -40
D 250 57 2 93 251 95 29
D 249 55 2 88 250 96 29
D 248 51 2 83 249 98 29
D 247 47 2 71 248 100 29
D 69 59 2 70 103 247 8
L 256 38 19
D 255 37 2 59 256 61 29
D 254 35 2 54 255 62 29
D 253 31 2 49 254 64 29
D 252 27 2 37 253 66 29
D 35 39 2 36 69 252 8
D 259 3 2 5 34 7 8
D 258 1 2 9 259 3 8
D 261 3 2 5 6 7 29
D 260 1 2 9 261 3 29
D 257 5 2 258 10 260 8
D 266 37 2 61 256 59 8
D 265 35 2 54 266 62 8
D 264 31 2 49 265 64 8
D 263 27 2 37 264 66 8
D 271 57 2 95 251 93 8
D 270 55 2 88 271 96 8
D 269 51 2 83 270 98 8
D 268 47 2 71 269 100 8
D 276 77 2 129 246 127 8
D 275 75 2 122 276 130 8
D 274 71 2 117 275 132 8
D 273 67 2 105 274 134 8
D 282 105 2 175 233 173 8
D 281 103 2 171 282 176 8
D 280 101 2 169 281 177 8
L 292 138 -70
D 291 137 2 215 292 213 8
D 290 135 2 211 291 216 8
D 289 133 2 209 290 217 8
D 288 131 2 207 289 218 8
D 287 129 2 205 288 219 8
D 286 127 2 200 287 220 8
D 285 123 2 195 286 222 8
D 284 119 2 187 285 224 8
D 283 113 2 179 284 227 8
D 295 105 2 175 174 173 233
D 294 103 2 171 295 176 29
D 293 101 2 169 294 177 29
D 279 107 3 280 178 168 283 293 8
D 278 99 2 153 279 234 8
D 298 87 2 148 241 146 8
D 297 85 2 144 298 149 8
D 296 83 2 139 297 150 8
D 301 87 2 148 147 146 241
D 300 85 2 144 301 149 29
D 299 83 2 139 300 150 29
D 277 89 3 138 278 296 152 299 8
D 305 77 2 129 128 127 246
D 304 75 2 122 305 130 29
D 303 71 2 117 304 132 29
D 302 67 2 105 303 134 29
D 272 79 3 273 137 104 277 302 8
D 309 57 2 93 251 95 94
D 308 55 2 88 309 96 29
D 307 51 2 83 308 98 29
D 306 47 2 71 307 100 29
D 267 59 3 268 103 70 272 306 8
D 313 37 2 61 60 59 256
D 312 35 2 54 313 62 29
D 311 31 2 49 312 64 29
D 310 27 2 37 311 66 29
D 262 39 3 263 69 36 267 310 8
D 316 3 2 7 34 5 8
D 315 1 2 3 316 9 8
D 318 3 2 7 6 5 29
D 317 1 2 3 318 9 29
D 314 5 2 315 10 317 8
D 323 33 2 55 63 57 8
D 324 37 2 61 60 59 8
D 325 33 2 55 56 57 29
D 322 35 2 323 324 325 8
D 321 31 2 49 322 64 8
D 320 27 2 37 321 66 8
D 329 49 2 84 99 86 8
D 331 57 2 93 251 95 8
D 330 55 2 88 331 96 8
D 332 49 2 84 85 86 29
D 328 51 2 329 330 332 8
D 327 47 2 71 328 100 8
D 336 69 2 118 133 120 8
D 338 77 2 129 128 127 8
D 337 75 2 122 338 130 8
D 339 69 2 118 119 120 29
D 335 71 2 336 337 339 8
D 334 67 2 105 335 134 8
D 351 137 2 213 292 215 8
D 350 135 2 216 351 211 8
D 349 133 2 209 350 217 8
D 348 131 2 207 349 218 8
D 347 129 2 205 348 219 8
D 346 127 2 200 347 220 8
D 345 123 2 195 346 222 8
D 344 119 2 187 345 224 8
D 343 113 2 179 344 227 8
D 354 105 2 175 174 173 8
D 353 103 2 176 354 171 8
D 352 101 2 169 353 177 8
D 357 105 2 175 233 173 29
D 356 103 2 171 295 176 357
D 355 101 2 169 356 177 29
D 342 107 4 168 343 352 178 280 283 355 8
D 341 99 2 153 342 234 8
D 360 87 2 148 147 146 8
D 359 85 2 149 360 144 8
D 358 83 2 139 359 150 8
D 363 87 2 148 241 146 29
D 362 85 2 144 301 149 363
D 361 83 2 139 362 150 29
D 340 89 4 138 341 296 278 358 152 361 8
D 367 77 2 129 246 127 29
D 366 75 2 122 367 130 29
D 365 71 3 117 304 336 366 120 29
D 364 67 2 105 365 134 29
D 333 79 4 334 137 273 277 104 340 364 8
D 371 57 2 93 94 95 29
D 370 55 2 88 371 96 29
D 369 51 3 83 308 329 370 86 29
D 368 47 2 71 369 100 29
D 326 59 4 327 103 268 272 70 333 368 8
D 375 37 2 61 256 59 29
D 374 35 3 323 375 54 313 57 29
D 373 31 2 49 374 64 29
D 372 27 2 37 373 66 29
D 319 39 4 320 69 263 267 36 326 372 8
D 377 1 2 3 259 9 8
D 380 11 2 19 18 17 8
D 381 11 2 19 28 17 29
D 379 13 2 380 20 381 8
D 378 9 2 11 379 30 8
D 382 1 2 3 261 9 29
D 376 5 2 377 378 382 8
D 386 25 2 43 68 45 8
D 385 23 2 38 386 46 8
D 388 35 2 54 324 62 8
D 387 31 2 49 388 64 8
D 390 25 2 43 44 45 29
D 389 23 2 38 390 46 29
D 384 27 2 385 387 389 8
D 394 49 2 86 85 84 8
D 395 49 2 86 99 84 29
D 393 51 2 394 330 395 8
D 392 47 2 71 393 100 8
D 399 69 2 120 119 118 8
D 400 69 2 120 133 118 29
D 398 71 2 399 337 400 8
D 397 67 2 105 398 134 8
D 411 135 2 211 351 216 8
D 410 133 2 217 411 209 8
D 409 131 2 207 410 218 8
D 408 129 2 205 409 219 8
D 407 127 2 200 408 220 8
D 406 123 2 195 407 222 8
D 405 119 2 187 406 224 8
D 404 113 2 179 405 227 8
D 413 103 2 171 354 176 8
D 412 101 2 177 413 169 8
D 415 103 2 171 357 176 29
D 414 101 2 169 356 177 415
D 403 107 5 168 404 280 343 412 178 352 283 414 8
D 402 99 2 153 403 234 8
D 417 81 2 140 151 142 8
D 418 85 2 144 360 149 8
D 419 81 2 140 141 142 29
D 416 83 2 417 418 419 8
D 421 85 2 144 363 149 29
D 420 83 3 139 362 417 421 142 29
D 401 89 5 138 402 296 341 358 278 416 152 420 8
D 424 69 2 120 119 118 133
D 425 69 2 120 133 118 8
D 423 71 3 117 304 424 366 425 29
D 422 67 2 105 423 134 29
D 396 79 5 397 137 334 277 273 340 104 401 422 8
D 428 49 2 86 85 84 99
D 429 49 2 86 99 84 8
D 427 51 3 83 308 428 370 429 29
D 426 47 2 71 427 100 29
D 391 59 5 392 103 327 272 268 333 70 396 426 8
D 432 35 2 54 375 62 29
D 431 31 2 49 432 64 29
D 433 23 2 38 45 46 29
D 430 27 3 37 373 385 431 433 29
D 383 39 5 384 69 320 267 263 326 36 391 430 8
D 436 7 2 14 13 12 8
D 437 7 2 14 31 12 29
D 435 9 2 436 15 437 8
D 434 5 2 377 435 382 8
D 441 25 2 45 44 43 8
D 440 23 2 38 441 46 8
D 443 25 2 45 68 43 29
D 442 23 2 38 443 46 29
D 439 27 2 440 387 442 8
D 448 53 2 89 97 91 8
D 449 53 2 89 90 91 29
D 447 55 2 448 331 449 8
D 446 51 2 83 447 98 8
D 445 47 2 71 446 100 8
D 453 65 2 111 136 113 8
D 452 63 2 106 453 114 8
D 454 71 2 117 337 132 8
D 456 65 2 111 112 113 29
D 455 63 2 106 456 114 29
D 451 67 2 452 454 455 8
D 466 133 2 209 411 217 8
D 465 131 2 218 466 207 8
D 464 129 2 205 465 219 8
D 463 127 2 200 464 220 8
D 462 123 2 195 463 222 8
D 461 119 2 187 462 224 8
D 460 113 2 179 461 227 8
D 467 101 2 169 413 177 8
D 470 111 2 184 183 182 8
D 469 109 2 180 470 185 8
D 472 111 2 184 229 182 29
D 471 109 2 180 472 185 29
D 468 113 2 469 186 471 8
D 475 105 2 173 233 175 8
D 474 103 2 171 475 176 357
D 473 101 2 169 474 177 415
D 459 107 6 168 460 467 468 280 404 352 343 412 283 473 8
D 458 99 2 153 459 234 8
D 477 81 2 142 141 140 8
D 478 81 2 142 151 140 29
D 476 83 2 477 418 478 8
D 480 81 2 142 141 140 151
D 481 81 2 142 151 140 8
D 479 83 3 139 362 480 421 481 29
D 457 89 6 138 458 296 402 358 341 416 278 476 152 479 8
D 483 71 2 117 366 132 29
D 484 63 2 106 113 114 29
D 482 67 3 105 423 452 483 484 29
D 450 79 6 451 137 397 277 334 340 273 401 104 457 482 8
D 487 55 3 448 371 88 309 91 29
D 486 51 3 83 487 428 370 429 29
D 485 47 2 71 486 100 29
D 444 59 6 445 103 392 272 327 333 268 396 70 450 485 8
D 490 25 2 45 44 43 68
D 489 23 2 38 490 46 8
D 492 25 2 45 68 43 8
D 491 23 2 38 492 46 29
D 488 27 3 37 373 489 431 491 29
D 438 39 6 439 69 384 267 320 326 263 391 36 444 488 8
D 495 7 2 12 31 14 8
D 496 7 2 12 13 14 29
D 494 9 2 495 15 496 8
D 493 5 2 377 494 382 8
D 500 21 2 39 47 41 8
D 501 21 2 39 40 41 29
D 499 23 2 500 42 501 8
D 502 23 2 500 67 501 29
D 498 27 2 499 387 502 8
D 506 41 2 73 81 75 8
D 507 41 2 73 74 75 29
D 505 43 2 506 76 507 8
D 508 51 2 83 330 98 8
D 509 43 2 506 101 507 29
D 504 47 2 505 508 509 8
D 513 65 2 113 112 111 8
D 512 63 2 106 513 114 8
D 515 65 2 113 136 111 29
D 514 63 2 106 515 114 29
D 511 67 2 512 454 514 8
D 524 131 2 207 466 218 8
D 523 129 2 219 524 205 8
D 522 127 2 200 523 220 8
D 521 123 2 195 522 222 8
D 520 119 2 187 521 224 8
D 519 113 2 179 520 227 8
D 527 111 2 182 229 184 8
D 526 109 2 180 527 185 8
D 529 111 2 182 183 184 229
D 528 109 2 180 529 185 29
D 525 113 3 469 284 526 186 528 8
D 518 107 6 168 519 467 525 280 460 352 404 412 343 473 8
D 517 99 2 153 518 234 8
D 530 83 2 139 418 150 8
D 534 97 2 163 162 161 8
D 533 95 2 159 534 164 8
D 532 93 2 154 533 165 8
D 537 97 2 163 237 161 29
D 536 95 2 159 537 164 29
D 535 93 2 154 536 165 29
D 531 99 2 532 167 535 8
D 540 87 2 146 241 148 8
D 539 85 2 144 540 149 363
D 538 83 3 139 539 480 421 481 29
D 516 89 7 138 517 530 531 296 458 358 402 416 341 476 278 538 8
D 543 65 2 113 112 111 136
D 542 63 2 106 543 114 8
D 545 65 2 113 136 111 8
D 544 63 2 106 545 114 29
D 541 67 3 105 423 542 483 544 29
D 510 79 7 511 137 451 277 397 340 334 401 273 457 104 516 541 8
D 547 51 2 83 370 98 29
D 548 43 2 73 101 75 29
D 546 47 3 71 486 505 547 548 29
D 503 59 7 504 103 445 272 392 333 327 396 268 450 70 510 546 8
D 550 23 3 38 490 500 42 41 8
D 551 23 3 38 492 500 67 41 29
D 549 27 3 37 373 550 431 551 29
D 497 39 7 498 69 439 267 384 326 320 391 263 444 36 503 549 8
D 555 15 2 26 22 21 8
D 554 13 2 16 555 27 8
D 553 9 2 11 554 30 8
D 552 5 2 377 553 382 8
D 559 21 2 41 40 39 8
D 560 21 2 41 47 39 29
D 558 23 2 559 42 560 8
D 561 23 2 559 67 560 29
D 557 27 2 558 387 561 8
D 565 41 2 75 74 73 8
D 566 41 2 75 81 73 29
D 564 43 2 565 76 566 8
D 567 43 2 565 101 566 29
D 563 47 2 564 508 567 8
D 572 73 2 123 131 125 8
D 573 73 2 123 124 125 29
D 571 75 2 572 338 573 8
D 570 71 2 117 571 132 8
D 569 67 2 105 570 134 8
D 581 125 2 201 221 203 8
D 582 129 2 205 524 219 8
D 583 125 2 201 202 203 29
D 580 127 2 581 582 583 8
D 579 123 2 195 580 222 8
D 578 119 2 187 579 224 8
D 577 113 2 179 578 227 8
D 587 117 2 192 191 190 8
D 586 115 2 188 587 193 8
D 589 117 2 192 226 190 29
D 588 115 2 188 589 193 29
D 585 119 2 586 194 588 8
D 591 111 2 184 229 182 8
D 590 109 2 180 591 185 29
D 584 113 4 526 284 179 585 469 344 590 8
D 576 107 6 168 577 467 584 280 519 352 460 412 404 473 8
D 575 99 2 153 576 234 8
D 594 91 2 155 166 157 8
D 595 91 2 155 156 157 29
D 593 93 2 594 158 595 8
D 596 93 3 154 536 594 235 157 29
D 592 99 3 593 167 532 279 596 8
D 574 89 7 138 575 530 592 296 517 358 458 416 402 476 341 538 8
D 599 75 3 572 367 122 305 125 29
D 598 71 3 117 599 424 366 425 29
D 597 67 3 105 598 542 483 544 29
D 568 79 8 569 137 511 277 451 340 397 401 334 457 273 516 104 574 597 8
D 602 41 2 75 74 73 81
D 603 41 2 73 74 75 81
D 601 43 2 602 76 603 8
D 605 41 2 75 74 73 29
D 606 41 2 75 81 73 8
D 604 43 2 605 101 606 29
D 600 47 3 71 486 601 547 604 29
D 562 59 8 563 103 504 272 445 333 392 396 327 450 268 510 70 568 600 8
D 609 21 2 41 40 39 47
D 610 21 2 41 47 39 8
D 608 23 3 38 490 609 42 610 8
D 611 23 3 38 492 609 67 610 29
D 607 27 3 37 373 608 431 611 29
D 556 39 8 557 69 498 267 439 326 384 391 320 444 263 503 36 562 607 8
D 616 17 2 25 24 23 8
D 615 15 2 21 616 26 8
D 614 13 2 16 615 27 8
D 613 9 2 11 614 30 8
D 612 5 2 377 613 382 8
D 620 29 2 52 51 50 8
D 621 29 2 52 65 50 29
D 619 31 2 620 388 621 8
D 618 27 2 37 619 66 8
D 625 45 2 77 102 79 8
D 624 43 2 72 625 80 8
D 627 45 2 77 78 79 29
D 626 43 2 72 627 80 29
D 623 47 2 624 508 626 8
D 632 73 2 125 124 123 8
D 633 73 2 125 131 123 29
D 631 75 2 632 338 633 8
D 630 71 2 117 631 132 8
D 629 67 2 105 630 134 8
D 638 109 2 185 181 180 8
D 639 119 2 586 285 588 8
D 640 109 2 180 591 185 228
D 637 113 5 526 344 638 186 179 639 469 405 640 8
D 645 125 2 203 202 201 8
D 646 125 2 203 221 201 29
D 644 127 2 645 582 646 8
D 643 123 2 195 644 222 8
D 642 119 2 187 643 224 8
D 641 113 2 179 642 227 8
D 636 107 6 467 637 168 641 280 577 352 519 412 460 473 8
D 635 99 2 153 636 234 8
D 649 91 2 157 156 155 8
D 650 91 2 157 166 155 29
D 648 93 2 649 158 650 8
D 652 91 2 157 156 155 166
D 653 91 2 157 166 155 8
D 651 93 3 154 536 652 235 653 29
D 647 99 4 648 167 593 279 532 342 651 8
D 634 89 7 138 635 530 647 296 575 358 517 416 458 476 402 538 8
D 657 73 2 125 124 123 131
D 658 73 2 125 131 123 8
D 656 75 3 657 367 122 305 658 29
D 655 71 3 424 366 117 656 425 29
D 654 67 3 542 483 105 655 544 29
D 628 79 9 629 137 569 277 511 340 451 401 397 457 334 516 273 574 104 634 654 8
D 660 43 3 72 625 602 76 606 8
D 661 43 3 602 101 72 79 606 29
D 659 47 3 71 486 660 547 661 29
D 622 59 9 623 103 563 272 504 333 445 396 392 450 327 510 268 568 70 628 659 8
D 663 31 3 49 374 620 432 65 29
D 662 27 3 37 663 608 431 611 29
D 617 39 9 618 69 557 267 498 326 439 391 384 444 320 503 263 562 36 622 662 8
L 669 18 10
D 668 17 2 23 669 25 8
D 667 15 2 21 668 26 8
D 666 13 2 16 667 27 8
D 665 9 2 11 666 30 8
D 664 5 2 377 665 382 8
D 673 29 2 50 65 52 8
D 674 29 2 50 51 52 29
D 672 31 2 673 388 674 8
D 671 27 2 37 672 66 8
D 678 45 2 79 78 77 8
D 677 43 2 72 678 80 8
D 680 45 2 79 102 77 29
D 679 43 2 72 680 80 29
D 676 47 2 677 508 679 8
D 684 61 2 109 108 107 8
D 685 61 2 109 115 107 29
D 683 63 2 684 110 685 8
D 686 63 2 684 135 685 29
D 682 67 2 683 454 686 8
D 693 117 2 190 226 192 8
D 692 115 2 188 693 193 8
D 695 117 2 190 191 192 226
D 694 115 2 188 695 193 29
D 691 119 3 692 194 586 345 694 8
D 690 113 5 179 691 638 284 526 405 469 461 640 8
D 699 121 2 196 223 198 8
D 700 127 2 200 582 220 8
D 701 121 2 196 197 198 29
D 698 123 2 699 700 701 8
D 697 119 2 187 698 224 8
D 696 113 2 179 697 227 8
D 689 107 6 467 690 280 641 352 577 168 696 412 519 473 8
D 688 99 2 153 689 234 8
D 704 95 2 164 160 159 8
D 703 93 2 154 704 165 8
D 706 95 2 159 537 164 236
D 705 93 3 154 706 652 235 653 29
D 702 99 5 703 167 648 279 593 342 532 403 705 8
D 687 89 7 138 688 530 702 296 635 358 575 416 517 476 458 538 8
D 708 63 3 106 543 684 110 115 8
D 709 63 3 106 545 684 135 115 29
D 707 67 3 708 483 105 655 709 29
D 681 79 10 682 137 629 277 569 340 511 401 451 457 397 516 334 574 273 634 104 687 707 8
D 712 45 2 79 78 77 102
D 711 43 3 72 712 602 76 606 8
D 714 45 2 79 102 77 8
D 713 43 3 72 714 602 101 606 29
D 710 47 3 71 486 711 547 713 29
D 675 59 10 676 103 623 272 563 333 504 396 445 450 392 510 327 568 268 628 70 681 710 8
D 717 29 2 52 51 50 65
D 718 29 2 52 65 50 8
D 716 31 3 49 374 717 432 718 29
D 715 27 3 37 716 608 431 611 29
D 670 39 10 671 69 618 267 557 326 498 391 439 444 384 503 320 562 263 622 36 675 715 8
D 721 3 2 7 34 5 6
D 720 1 2 3 721 9 259
D 725 17 2 23 669 25 29
D 724 15 2 21 725 26 29
D 723 13 2 16 724 27 29
D 722 9 2 11 723 30 29
D 729 17 2 23 24 25 669
D 728 15 2 21 729 26 725
D 727 13 3 16 728 380 724 28 29
D 730 7 2 14 13 12 31
D 731 7 2 14 31 12 8
D 726 9 3 11 727 730 723 731 29
D 733 3 2 7 6 5 8
D 732 1 2 3 733 9 261
D 719 5 3 720 722 377 726 732 29
D 0 19 10 1 35 257 262 314 319 376 383 434 438 493 497 552 556 612 617 664 670 719 8
