c ids of sdd nodes start at 0
c sdd nodes appear bottom-up, children before parents
c
c file syntax:
c sdd count-of-sdd-nodes
c F id-of-false-sdd-node
c T id-of-true-sdd-node
c L id-of-literal-sdd-node id-of-vtree literal
c D id-of-decomposition-sdd-node id-of-vtree number-of-elements {id-of-prime id-of-sub}*
c
sdd 678
L 3 0 3
L 5 2 -4
L 6 4 -2
L 7 2 4
F 8
D 4 3 2 5 6 7 8
L 9 0 -3
D 2 1 2 3 4 9 8
L 12 6 -6
L 13 8 -7
L 14 6 6
D 11 7 2 12 13 14 8
L 17 10 -5
L 18 12 -1
L 19 10 5
D 16 11 2 17 18 19 8
L 21 14 -8
L 23 16 -9
L 24 18 -10
L 25 16 9
D 22 17 2 23 24 25 8
L 26 14 8
D 20 15 2 21 22 26 8
L 28 12 1
T 29
D 27 11 2 17 28 19 29
D 15 13 2 16 20 27 8
L 31 8 7
D 30 7 2 12 31 14 29
D 10 9 2 11 15 30 8
L 34 4 2
D 33 3 2 5 34 7 29
D 32 1 2 3 33 9 29
D 1 5 2 2 10 32 8
L 39 20 -14
L 40 22 -15
L 41 20 14
D 38 21 2 39 40 41 8
L 43 24 -16
L 44 26 -17
L 45 24 16
D 42 25 2 43 44 45 8
L 47 22 15
D 46 21 2 39 47 41 29
D 37 23 2 38 42 46 8
L 50 28 -13
L 51 30 -12
L 52 28 13
D 49 29 2 50 51 52 8
L 55 32 -11
L 56 34 -18
L 57 32 11
D 54 33 2 55 56 57 8
L 59 36 20
L 60 38 -19
L 61 36 -20
D 58 37 2 59 60 61 8
L 63 34 18
D 62 33 2 55 63 57 29
D 53 35 2 54 58 62 8
L 65 30 12
D 64 29 2 50 65 52 29
D 48 31 2 49 53 64 8
L 68 26 17
D 67 25 2 43 68 45 29
D 66 23 2 38 67 46 29
D 36 27 2 37 48 66 8
L 73 40 -34
L 74 42 -35
L 75 40 34
D 72 41 2 73 74 75 8
L 77 44 -32
L 78 46 -33
L 79 44 32
D 76 45 2 77 78 79 8
L 81 42 35
D 80 41 2 73 81 75 29
D 71 43 2 72 76 80 8
L 84 48 -37
L 85 50 -38
L 86 48 37
D 83 49 2 84 85 86 8
L 89 52 -31
L 90 54 -36
L 91 52 31
D 88 53 2 89 90 91 8
L 93 56 -39
L 94 58 40
L 95 56 39
D 92 57 2 93 94 95 8
L 97 54 36
D 96 53 2 89 97 91 29
D 87 55 2 88 92 96 8
L 99 50 38
D 98 49 2 84 99 86 29
D 82 51 2 83 87 98 8
L 102 46 33
D 101 45 2 77 102 79 29
D 100 43 2 72 101 80 29
D 70 47 2 71 82 100 8
L 107 60 -22
L 108 62 -21
L 109 60 22
D 106 61 2 107 108 109 8
L 111 64 -25
L 112 66 -26
L 113 64 25
D 110 65 2 111 112 113 8
L 115 62 21
D 114 61 2 107 115 109 29
D 105 63 2 106 110 114 8
L 118 68 -27
L 119 70 -28
L 120 68 27
D 117 69 2 118 119 120 8
L 123 72 -23
L 124 74 -24
L 125 72 23
D 122 73 2 123 124 125 8
L 127 76 30
L 128 78 -29
L 129 76 -30
D 126 77 2 127 128 129 8
L 131 74 24
D 130 73 2 123 131 125 29
D 121 75 2 122 126 130 8
L 133 70 28
D 132 69 2 118 133 120 29
D 116 71 2 117 121 132 8
L 136 66 26
D 135 65 2 111 136 113 29
D 134 63 2 106 135 114 29
D 104 67 2 105 116 134 8
L 140 80 -46
L 141 82 -47
L 142 80 46
D 139 81 2 140 141 142 8
L 144 84 -48
L 146 86 50
L 147 88 -49
L 148 86 -50
D 145 87 2 146 147 148 8
L 149 84 48
D 143 85 2 144 145 149 8
L 151 82 47
D 150 81 2 140 151 142 29
D 138 83 2 139 143 150 8
L 155 90 -43
L 156 92 -44
L 157 90 43
D 154 91 2 155 156 157 8
L 159 94 -42
L 161 96 -45
L 162 98 -41
L 163 96 45
D 160 97 2 161 162 163 8
L 164 94 42
D 158 95 2 159 160 164 8
L 166 92 44
D 165 91 2 155 166 157 29
D 153 93 2 154 158 165 8
L 169 100 -57
L 171 102 -58
L 173 104 60
L 174 106 -59
L 175 104 -60
D 172 105 2 173 174 175 8
L 176 102 58
D 170 103 2 171 172 176 8
L 177 100 57
D 168 101 2 169 170 177 8
L 180 108 -53
L 182 110 -56
L 183 112 -55
L 184 110 56
D 181 111 2 182 183 184 8
L 185 108 53
D 179 109 2 180 181 185 8
L 188 114 -51
L 190 116 -54
L 191 118 -52
L 192 116 54
D 189 117 2 190 191 192 8
L 193 114 51
D 187 115 2 188 189 193 8
L 196 120 -61
L 197 122 -62
L 198 120 61
D 195 121 2 196 197 198 8
L 201 124 -63
L 202 126 -64
L 203 124 63
D 200 125 2 201 202 203 8
L 205 128 -65
L 207 130 -66
L 209 132 -67
L 211 134 -68
L 213 136 -69
L 214 138 70
L 215 136 69
D 212 137 2 213 214 215 8
L 216 134 68
D 210 135 2 211 212 216 8
L 217 132 67
D 208 133 2 209 210 217 8
L 218 130 66
D 206 131 2 207 208 218 8
L 219 128 65
D 204 129 2 205 206 219 8
L 221 126 64
D 220 125 2 201 221 203 29
D 199 127 2 200 204 220 8
L 223 122 62
D 222 121 2 196 223 198 29
D 194 123 2 195 199 222 8
L 226 118 52
D 225 117 2 190 226 192 29
D 224 115 2 188 225 193 29
D 186 119 2 187 194 224 8
L 229 112 55
D 228 111 2 182 229 184 29
D 227 109 2 180 228 185 29
D 178 113 2 179 186 227 8
L 233 106 59
D 232 105 2 173 233 175 29
D 231 103 2 171 232 176 29
D 230 101 2 169 231 177 29
D 167 107 2 168 178 230 8
L 237 98 41
D 236 97 2 161 237 163 29
D 235 95 2 159 236 164 29
D 234 93 2 154 235 165 29
D 152 99 2 153 167 234 8
L 241 88 49
D 240 87 2 146 241 148 29
D 239 85 2 144 240 149 29
D 238 83 2 139 239 150 29
D 137 89 2 138 152 238 8
L 246 78 29
D 245 77 2 127 246 129 29
D 244 75 2 122 245 130 29
D 243 71 2 117 244 132 29
D 242 67 2 105 243 134 29
D 103 79 2 104 137 242 8
L 251 58 -40
D 250 57 2 93 251 95 29
D 249 55 2 88 250 96 29
D 248 51 2 83 249 98 29
D 247 47 2 71 248 100 29
D 69 59 2 70 103 247 8
L 256 38 19
D 255 37 2 59 256 61 29
D 254 35 2 54 255 62 29
D 253 31 2 49 254 64 29
D 252 27 2 37 253 66 29
D 35 39 2 36 69 252 8
D 259 3 2 7 6 5 8
D 258 1 2 9 259 3 8
D 261 3 2 7 34 5 29
D 260 1 2 9 261 3 29
D 257 5 2 258 10 260 8
D 266 37 2 61 256 59 8
D 265 35 2 54 266 62 8
D 264 31 2 49 265 64 8
D 263 27 2 37 264 66 8
D 271 57 2 95 251 93 8
D 270 55 2 88 271 96 8
D 269 51 2 83 270 98 8
D 268 47 2 71 269 100 8
D 276 77 2 129 246 127 8
D 275 75 2 122 276 130 8
D 274 71 2 117 275 132 8
D 273 67 2 105 274 134 8
D 282 105 2 175 233 173 8
D 281 103 2 171 282 176 8
D 280 101 2 169 281 177 8
L 292 138 -70
D 291 137 2 215 292 213 8
D 290 135 2 211 291 216 8
D 289 133 2 209 290 217 8
D 288 131 2 207 289 218 8
D 287 129 2 205 288 219 8
D 286 127 2 200 287 220 8
D 285 123 2 195 286 222 8
D 284 119 2 187 285 224 8
D 283 113 2 179 284 227 8
D 295 105 2 175 174 173 233
D 294 103 2 171 295 176 29
D 293 101 2 169 294 177 29
D 279 107 3 280 178 168 283 293 8
D 278 99 2 153 279 234 8
D 298 87 2 148 241 146 8
D 297 85 2 144 298 149 8
D 296 83 2 139 297 150 8
D 301 87 2 148 147 146 241
D 300 85 2 144 301 149 29
D 299 83 2 139 300 150 29
D 277 89 3 138 278 296 152 299 8
D 305 77 2 129 128 127 246
D 304 75 2 122 305 130 29
D 303 71 2 117 304 132 29
D 302 67 2 105 303 134 29
D 272 79 3 273 137 104 277 302 8
D 309 57 2 93 251 95 94
D 308 55 2 88 309 96 29
D 307 51 2 83 308 98 29
D 306 47 2 71 307 100 29
D 267 59 3 268 103 70 272 306 8
D 313 37 2 61 60 59 256
D 312 35 2 54 313 62 29
D 311 31 2 49 312 64 29
D 310 27 2 37 311 66 29
D 262 39 3 263 69 36 267 310 8
D 315 1 2 9 4 3 8
D 318 11 2 19 18 17 8
D 319 11 2 19 28 17 29
D 317 13 2 318 20 319 8
D 316 9 2 11 317 30 8
D 320 1 2 9 33 3 29
D 314 5 2 315 316 320 8
D 325 33 2 55 63 57 8
D 326 37 2 61 60 59 8
D 327 33 2 55 56 57 29
D 324 35 2 325 326 327 8
D 323 31 2 49 324 64 8
D 322 27 2 37 323 66 8
D 331 49 2 84 99 86 8
D 333 57 2 93 251 95 8
D 332 55 2 88 333 96 8
D 334 49 2 84 85 86 29
D 330 51 2 331 332 334 8
D 329 47 2 71 330 100 8
D 338 69 2 118 133 120 8
D 340 77 2 129 128 127 8
D 339 75 2 122 340 130 8
D 341 69 2 118 119 120 29
D 337 71 2 338 339 341 8
D 336 67 2 105 337 134 8
D 353 137 2 213 292 215 8
D 352 135 2 216 353 211 8
D 351 133 2 209 352 217 8
D 350 131 2 207 351 218 8
D 349 129 2 205 350 219 8
D 348 127 2 200 349 220 8
D 347 123 2 195 348 222 8
D 346 119 2 187 347 224 8
D 345 113 2 179 346 227 8
D 356 105 2 175 174 173 8
D 355 103 2 176 356 171 8
D 354 101 2 169 355 177 8
D 359 105 2 175 233 173 29
D 358 103 2 171 295 176 359
D 357 101 2 169 358 177 29
D 344 107 4 168 345 354 178 280 283 357 8
D 343 99 2 153 344 234 8
D 362 87 2 148 147 146 8
D 361 85 2 149 362 144 8
D 360 83 2 139 361 150 8
D 365 87 2 148 241 146 29
D 364 85 2 144 301 149 365
D 363 83 2 139 364 150 29
D 342 89 4 138 343 296 278 360 152 363 8
D 369 77 2 129 246 127 29
D 368 75 2 122 369 130 29
D 367 71 3 117 304 338 368 120 29
D 366 67 2 105 367 134 29
D 335 79 4 336 137 273 277 104 342 366 8
D 373 57 2 93 94 95 29
D 372 55 2 88 373 96 29
D 371 51 3 83 308 331 372 86 29
D 370 47 2 71 371 100 29
D 328 59 4 329 103 268 272 70 335 370 8
D 377 37 2 61 256 59 29
D 376 35 3 325 377 54 313 57 29
D 375 31 2 49 376 64 29
D 374 27 2 37 375 66 29
D 321 39 4 322 69 263 267 36 328 374 8
D 380 7 2 14 13 12 8
D 381 7 2 14 31 12 29
D 379 9 2 380 15 381 8
D 378 5 2 315 379 320 8
D 385 25 2 43 68 45 8
D 384 23 2 38 385 46 8
D 387 35 2 54 326 62 8
D 386 31 2 49 387 64 8
D 389 25 2 43 44 45 29
D 388 23 2 38 389 46 29
D 383 27 2 384 386 388 8
D 393 49 2 86 85 84 8
D 394 49 2 86 99 84 29
D 392 51 2 393 332 394 8
D 391 47 2 71 392 100 8
D 398 69 2 120 119 118 8
D 399 69 2 120 133 118 29
D 397 71 2 398 339 399 8
D 396 67 2 105 397 134 8
D 410 135 2 211 353 216 8
D 409 133 2 217 410 209 8
D 408 131 2 207 409 218 8
D 407 129 2 205 408 219 8
D 406 127 2 200 407 220 8
D 405 123 2 195 406 222 8
D 404 119 2 187 405 224 8
D 403 113 2 179 404 227 8
D 412 103 2 171 356 176 8
D 411 101 2 177 412 169 8
D 414 103 2 171 359 176 29
D 413 101 2 169 358 177 414
D 402 107 5 168 403 280 345 411 178 354 283 413 8
D 401 99 2 153 402 234 8
D 416 81 2 140 151 142 8
D 417 85 2 144 362 149 8
D 418 81 2 140 141 142 29
D 415 83 2 416 417 418 8
D 420 85 2 144 365 149 29
D 419 83 3 139 364 416 420 142 29
D 400 89 5 138 401 296 343 360 278 415 152 419 8
D 423 69 2 120 119 118 133
D 424 69 2 120 133 118 8
D 422 71 3 117 304 423 368 424 29
D 421 67 2 105 422 134 29
D 395 79 5 396 137 336 277 273 342 104 400 421 8
D 427 49 2 86 85 84 99
D 428 49 2 86 99 84 8
D 426 51 3 83 308 427 372 428 29
D 425 47 2 71 426 100 29
D 390 59 5 391 103 329 272 268 335 70 395 425 8
D 431 35 2 54 377 62 29
D 430 31 2 49 431 64 29
D 432 23 2 38 45 46 29
D 429 27 3 37 375 384 430 432 29
D 382 39 5 383 69 322 267 263 328 36 390 429 8
D 435 7 2 12 31 14 8
D 436 7 2 12 13 14 29
D 434 9 2 435 15 436 8
D 433 5 2 315 434 320 8
D 440 25 2 45 44 43 8
D 439 23 2 38 440 46 8
D 442 25 2 45 68 43 29
D 441 23 2 38 442 46 29
D 438 27 2 439 386 441 8
D 447 53 2 89 97 91 8
D 448 53 2 89 90 91 29
D 446 55 2 447 333 448 8
D 445 51 2 83 446 98 8
D 444 47 2 71 445 100 8
D 452 65 2 111 136 113 8
D 451 63 2 106 452 114 8
D 453 71 2 117 339 132 8
D 455 65 2 111 112 113 29
D 454 63 2 106 455 114 29
D 450 67 2 451 453 454 8
D 465 133 2 209 410 217 8
D 464 131 2 218 465 207 8
D 463 129 2 205 464 219 8
D 462 127 2 200 463 220 8
D 461 123 2 195 462 222 8
D 460 119 2 187 461 224 8
D 459 113 2 179 460 227 8
D 466 101 2 169 412 177 8
D 469 111 2 184 183 182 8
D 468 109 2 180 469 185 8
D 471 111 2 184 229 182 29
D 470 109 2 180 471 185 29
D 467 113 2 468 186 470 8
D 474 105 2 173 233 175 8
D 473 103 2 171 474 176 359
D 472 101 2 169 473 177 414
D 458 107 6 168 459 466 467 280 403 354 345 411 283 472 8
D 457 99 2 153 458 234 8
D 476 81 2 142 141 140 8
D 477 81 2 142 151 140 29
D 475 83 2 476 417 477 8
D 479 81 2 142 141 140 151
D 480 81 2 142 151 140 8
D 478 83 3 139 364 479 420 480 29
D 456 89 6 138 457 296 401 360 343 415 278 475 152 478 8
D 482 71 2 117 368 132 29
D 483 63 2 106 113 114 29
D 481 67 3 105 422 451 482 483 29
D 449 79 6 450 137 396 277 336 342 273 400 104 456 481 8
D 486 55 3 447 373 88 309 91 29
D 485 51 3 83 486 427 372 428 29
D 484 47 2 71 485 100 29
D 443 59 6 444 103 391 272 329 335 268 395 70 449 484 8
D 489 25 2 45 44 43 68
D 488 23 2 38 489 46 8
D 491 25 2 45 68 43 8
D 490 23 2 38 491 46 29
D 487 27 3 37 375 488 430 490 29
D 437 39 6 438 69 383 267 322 328 263 390 36 443 487 8
D 495 15 2 26 22 21 8
D 494 13 2 16 495 27 8
D 493 9 2 11 494 30 8
D 492 5 2 315 493 320 8
D 499 21 2 39 47 41 8
D 500 21 2 39 40 41 29
D 498 23 2 499 42 500 8
D 501 23 2 499 67 500 29
D 497 27 2 498 386 501 8
D 505 41 2 73 81 75 8
D 506 41 2 73 74 75 29
D 504 43 2 505 76 506 8
D 507 51 2 83 332 98 8
D 508 43 2 505 101 506 29
D 503 47 2 504 507 508 8
D 512 65 2 113 112 111 8
D 511 63 2 106 512 114 8
D 514 65 2 113 136 111 29
D 513 63 2 106 514 114 29
D 510 67 2 511 453 513 8
D 523 131 2 207 465 218 8
D 522 129 2 219 523 205 8
D 521 127 2 200 522 220 8
D 520 123 2 195 521 222 8
D 519 119 2 187 520 224 8
D 518 113 2 179 519 227 8
D 526 111 2 182 229 184 8
D 525 109 2 180 526 185 8
D 528 111 2 182 183 184 229
D 527 109 2 180 528 185 29
D 524 113 3 468 284 525 186 527 8
D 517 107 6 168 518 466 524 280 459 354 403 411 345 472 8
D 516 99 2 153 517 234 8
D 529 83 2 139 417 150 8
D 533 97 2 163 162 161 8
D 532 95 2 159 533 164 8
D 531 93 2 154 532 165 8
D 536 97 2 163 237 161 29
D 535 95 2 159 536 164 29
D 534 93 2 154 535 165 29
D 530 99 2 531 167 534 8
D 539 87 2 146 241 148 8
D 538 85 2 144 539 149 365
D 537 83 3 139 538 479 420 480 29
D 515 89 7 138 516 529 530 296 457 360 401 415 343 475 278 537 8
D 542 65 2 113 112 111 136
D 541 63 2 106 542 114 8
D 544 65 2 113 136 111 8
D 543 63 2 106 544 114 29
D 540 67 3 105 422 541 482 543 29
D 509 79 7 510 137 450 277 396 342 336 400 273 456 104 515 540 8
D 546 51 2 83 372 98 29
D 547 43 2 73 101 75 29
D 545 47 3 71 485 504 546 547 29
D 502 59 7 503 103 444 272 391 335 329 395 268 449 70 509 545 8
D 549 23 3 38 489 499 42 41 8
D 550 23 3 38 491 499 67 41 29
D 548 27 3 37 375 549 430 550 29
D 496 39 7 497 69 438 267 383 328 322 390 263 443 36 502 548 8
D 555 17 2 25 24 23 8
D 554 15 2 21 555 26 8
D 553 13 2 16 554 27 8
D 552 9 2 11 553 30 8
D 551 5 2 315 552 320 8
D 559 21 2 41 40 39 8
D 560 21 2 41 47 39 29
D 558 23 2 559 42 560 8
D 561 23 2 559 67 560 29
D 557 27 2 558 386 561 8
D 565 41 2 75 74 73 8
D 566 41 2 75 81 73 29
D 564 43 2 565 76 566 8
D 567 43 2 565 101 566 29
D 563 47 2 564 507 567 8
D 572 73 2 123 131 125 8
D 573 73 2 123 124 125 29
D 571 75 2 572 340 573 8
D 570 71 2 117 571 132 8
D 569 67 2 105 570 134 8
D 581 125 2 201 221 203 8
D 582 129 2 205 523 219 8
D 583 125 2 201 202 203 29
D 580 127 2 581 582 583 8
D 579 123 2 195 580 222 8
D 578 119 2 187 579 224 8
D 577 113 2 179 578 227 8
D 587 117 2 192 191 190 8
D 586 115 2 188 587 193 8
D 589 117 2 192 226 190 29
D 588 115 2 188 589 193 29
D 585 119 2 586 194 588 8
D 591 111 2 184 229 182 8
D 590 109 2 180 591 185 29
D 584 113 4 525 284 179 585 468 346 590 8
D 576 107 6 168 577 466 584 280 518 354 459 411 403 472 8
D 575 99 2 153 576 234 8
D 594 91 2 155 166 157 8
D 595 91 2 155 156 157 29
D 593 93 2 594 158 595 8
D 596 93 3 154 535 594 235 157 29
D 592 99 3 593 167 531 279 596 8
D 574 89 7 138 575 529 592 296 516 360 457 415 401 475 343 537 8
D 599 75 3 572 369 122 305 125 29
D 598 71 3 117 599 423 368 424 29
D 597 67 3 105 598 541 482 543 29
D 568 79 8 569 137 510 277 450 342 396 400 336 456 273 515 104 574 597 8
D 602 41 2 75 74 73 81
D 603 41 2 73 74 75 81
D 601 43 2 602 76 603 8
D 605 41 2 75 74 73 29
D 606 41 2 75 81 73 8
D 604 43 2 605 101 606 29
D 600 47 3 71 485 601 546 604 29
D 562 59 8 563 103 503 272 444 335 391 395 329 449 268 509 70 568 600 8
D 609 21 2 41 40 39 47
D 610 21 2 41 47 39 8
D 608 23 3 38 489 609 42 610 8
D 611 23 3 38 491 609 67 610 29
D 607 27 3 37 375 608 430 611 29
D 556 39 8 557 69 497 267 438 328 383 390 322 443 263 502 36 562 607 8
L 617 18 10
D 616 17 2 23 617 25 8
D 615 15 2 21 616 26 8
D 614 13 2 16 615 27 8
D 613 9 2 11 614 30 8
D 612 5 2 315 613 320 8
D 621 29 2 52 51 50 8
D 622 29 2 52 65 50 29
D 620 31 2 621 387 622 8
D 619 27 2 37 620 66 8
D 626 45 2 77 102 79 8
D 625 43 2 72 626 80 8
D 628 45 2 77 78 79 29
D 627 43 2 72 628 80 29
D 624 47 2 625 507 627 8
D 633 73 2 125 124 123 8
D 634 73 2 125 131 123 29
D 632 75 2 633 340 634 8
D 631 71 2 117 632 132 8
D 630 67 2 105 631 134 8
D 639 109 2 185 181 180 8
D 640 119 2 586 285 588 8
D 641 109 2 180 591 185 228
D 638 113 5 525 346 639 186 179 640 468 404 641 8
D 646 125 2 203 202 201 8
D 647 125 2 203 221 201 29
D 645 127 2 646 582 647 8
D 644 123 2 195 645 222 8
D 643 119 2 187 644 224 8
D 642 113 2 179 643 227 8
D 637 107 6 466 638 168 642 280 577 354 518 411 459 472 8
D 636 99 2 153 637 234 8
D 650 91 2 157 156 155 8
D 651 91 2 157 166 155 29
D 649 93 2 650 158 651 8
D 653 91 2 157 156 155 166
D 654 91 2 157 166 155 8
D 652 93 3 154 535 653 235 654 29
D 648 99 4 649 167 593 279 531 344 652 8
D 635 89 7 138 636 529 648 296 575 360 516 415 457 475 401 537 8
D 658 73 2 125 124 123 131
D 659 73 2 125 131 123 8
D 657 75 3 658 369 122 305 659 29
D 656 71 3 423 368 117 657 424 29
D 655 67 3 541 482 105 656 543 29
D 629 79 9 630 137 569 277 510 342 450 400 396 456 336 515 273 574 104 635 655 8
D 661 43 3 72 626 602 76 606 8
D 662 43 3 602 101 72 79 606 29
D 660 47 3 71 485 661 546 662 29
D 623 59 9 624 103 563 272 503 335 444 395 391 449 329 509 268 568 70 629 660 8
D 664 31 3 49 376 621 431 65 29
D 663 27 3 37 664 608 430 611 29
D 618 39 9 619 69 557 267 497 328 438 390 383 443 322 502 263 562 36 623 663 8
D 666 1 2 9 259 3 4
D 670 17 2 23 617 25 29
D 669 15 2 21 670 26 29
D 668 13 2 16 669 27 29
D 667 9 2 11 668 30 29
D 674 17 2 23 24 25 617
D 673 15 2 21 674 26 670
D 672 13 3 16 673 318 669 28 29
D 675 7 2 14 13 12 31
D 676 7 2 14 31 12 8
D 671 9 3 11 672 675 668 676 29
D 677 1 2 3 33 9 34
D 665 5 3 666 667 315 671 677 29
D 0 19 9 1 35 257 262 314 321 378 382 433 437 492 496 551 556 612 618 665 8
