c ids of sdd nodes start at 0
c sdd nodes appear bottom-up, children before parents
c
c file syntax:
c sdd count-of-sdd-nodes
c F id-of-false-sdd-node
c T id-of-true-sdd-node
c L id-of-literal-sdd-node id-of-vtree literal
c D id-of-decomposition-sdd-node id-of-vtree number-of-elements {id-of-prime id-of-sub}*
c
sdd 627
L 3 0 -3
L 5 2 4
L 6 4 -2
L 7 2 -4
F 8
D 4 3 2 5 6 7 8
L 9 0 3
D 2 1 2 3 4 9 8
L 12 6 -6
L 13 8 -7
L 14 6 6
D 11 7 2 12 13 14 8
L 17 10 -5
L 18 12 -1
L 19 10 5
D 16 11 2 17 18 19 8
L 21 14 -8
L 23 16 -9
L 24 18 -10
L 25 16 9
D 22 17 2 23 24 25 8
L 26 14 8
D 20 15 2 21 22 26 8
L 28 12 1
T 29
D 27 11 2 17 28 19 29
D 15 13 2 16 20 27 8
L 31 8 7
D 30 7 2 12 31 14 29
D 10 9 2 11 15 30 8
L 34 4 2
D 33 3 2 5 34 7 29
D 32 1 2 3 33 9 29
D 1 5 2 2 10 32 8
L 39 20 -14
L 40 22 -15
L 41 20 14
D 38 21 2 39 40 41 8
L 43 24 -16
L 44 26 -17
L 45 24 16
D 42 25 2 43 44 45 8
L 47 22 15
D 46 21 2 39 47 41 29
D 37 23 2 38 42 46 8
L 50 28 -13
L 51 30 -12
L 52 28 13
D 49 29 2 50 51 52 8
L 55 32 -11
L 56 34 -18
L 57 32 11
D 54 33 2 55 56 57 8
L 59 36 20
L 60 38 -19
L 61 36 -20
D 58 37 2 59 60 61 8
L 63 34 18
D 62 33 2 55 63 57 29
D 53 35 2 54 58 62 8
L 65 30 12
D 64 29 2 50 65 52 29
D 48 31 2 49 53 64 8
L 68 26 17
D 67 25 2 43 68 45 29
D 66 23 2 38 67 46 29
D 36 27 2 37 48 66 8
L 73 40 -34
L 74 42 -35
L 75 40 34
D 72 41 2 73 74 75 8
L 77 44 -32
L 78 46 -33
L 79 44 32
D 76 45 2 77 78 79 8
L 81 42 35
D 80 41 2 73 81 75 29
D 71 43 2 72 76 80 8
L 84 48 -37
L 85 50 -38
L 86 48 37
D 83 49 2 84 85 86 8
L 89 52 -31
L 90 54 -36
L 91 52 31
D 88 53 2 89 90 91 8
L 93 56 -39
L 94 58 40
L 95 56 39
D 92 57 2 93 94 95 8
L 97 54 36
D 96 53 2 89 97 91 29
D 87 55 2 88 92 96 8
L 99 50 38
D 98 49 2 84 99 86 29
D 82 51 2 83 87 98 8
L 102 46 33
D 101 45 2 77 102 79 29
D 100 43 2 72 101 80 29
D 70 47 2 71 82 100 8
L 107 60 -22
L 108 62 -21
L 109 60 22
D 106 61 2 107 108 109 8
L 111 64 -25
L 112 66 -26
L 113 64 25
D 110 65 2 111 112 113 8
L 115 62 21
D 114 61 2 107 115 109 29
D 105 63 2 106 110 114 8
L 118 68 -27
L 119 70 -28
L 120 68 27
D 117 69 2 118 119 120 8
L 123 72 -23
L 124 74 -24
L 125 72 23
D 122 73 2 123 124 125 8
L 127 76 30
L 128 78 -29
L 129 76 -30
D 126 77 2 127 128 129 8
L 131 74 24
D 130 73 2 123 131 125 29
D 121 75 2 122 126 130 8
L 133 70 28
D 132 69 2 118 133 120 29
D 116 71 2 117 121 132 8
L 136 66 26
D 135 65 2 111 136 113 29
D 134 63 2 106 135 114 29
D 104 67 2 105 116 134 8
L 140 80 -46
L 141 82 -47
L 142 80 46
D 139 81 2 140 141 142 8
L 144 84 -48
L 146 86 50
L 147 88 -49
L 148 86 -50
D 145 87 2 146 147 148 8
L 149 84 48
D 143 85 2 144 145 149 8
L 151 82 47
D 150 81 2 140 151 142 29
D 138 83 2 139 143 150 8
L 155 90 -43
L 156 92 -44
L 157 90 43
D 154 91 2 155 156 157 8
L 159 94 -42
L 161 96 -45
L 162 98 -41
L 163 96 45
D 160 97 2 161 162 163 8
L 164 94 42
D 158 95 2 159 160 164 8
L 166 92 44
D 165 91 2 155 166 157 29
D 153 93 2 154 158 165 8
L 169 100 -57
L 171 102 -58
L 173 104 60
L 174 106 -59
L 175 104 -60
D 172 105 2 173 174 175 8
L 176 102 58
D 170 103 2 171 172 176 8
L 177 100 57
D 168 101 2 169 170 177 8
L 180 108 -53
L 182 110 -56
L 183 112 -55
L 184 110 56
D 181 111 2 182 183 184 8
L 185 108 53
D 179 109 2 180 181 185 8
L 188 114 -51
L 190 116 -54
L 191 118 -52
L 192 116 54
D 189 117 2 190 191 192 8
L 193 114 51
D 187 115 2 188 189 193 8
L 196 120 -61
L 197 122 -62
L 198 120 61
D 195 121 2 196 197 198 8
L 201 124 -63
L 202 126 -64
L 203 124 63
D 200 125 2 201 202 203 8
L 205 128 -65
L 207 130 -66
L 209 132 -67
L 211 134 -68
L 213 136 -69
L 214 138 70
L 215 136 69
D 212 137 2 213 214 215 8
L 216 134 68
D 210 135 2 211 212 216 8
L 217 132 67
D 208 133 2 209 210 217 8
L 218 130 66
D 206 131 2 207 208 218 8
L 219 128 65
D 204 129 2 205 206 219 8
L 221 126 64
D 220 125 2 201 221 203 29
D 199 127 2 200 204 220 8
L 223 122 62
D 222 121 2 196 223 198 29
D 194 123 2 195 199 222 8
L 226 118 52
D 225 117 2 190 226 192 29
D 224 115 2 188 225 193 29
D 186 119 2 187 194 224 8
L 229 112 55
D 228 111 2 182 229 184 29
D 227 109 2 180 228 185 29
D 178 113 2 179 186 227 8
L 233 106 59
D 232 105 2 173 233 175 29
D 231 103 2 171 232 176 29
D 230 101 2 169 231 177 29
D 167 107 2 168 178 230 8
L 237 98 41
D 236 97 2 161 237 163 29
D 235 95 2 159 236 164 29
D 234 93 2 154 235 165 29
D 152 99 2 153 167 234 8
L 241 88 49
D 240 87 2 146 241 148 29
D 239 85 2 144 240 149 29
D 238 83 2 139 239 150 29
D 137 89 2 138 152 238 8
L 246 78 29
D 245 77 2 127 246 129 29
D 244 75 2 122 245 130 29
D 243 71 2 117 244 132 29
D 242 67 2 105 243 134 29
D 103 79 2 104 137 242 8
L 251 58 -40
D 250 57 2 93 251 95 29
D 249 55 2 88 250 96 29
D 248 51 2 83 249 98 29
D 247 47 2 71 248 100 29
D 69 59 2 70 103 247 8
L 256 38 19
D 255 37 2 59 256 61 29
D 254 35 2 54 255 62 29
D 253 31 2 49 254 64 29
D 252 27 2 37 253 66 29
D 35 39 2 36 69 252 8
D 259 3 2 7 6 5 8
D 258 1 2 3 259 9 8
D 262 11 2 19 18 17 8
D 263 11 2 19 28 17 29
D 261 13 2 262 20 263 8
D 260 9 2 11 261 30 8
D 265 3 2 7 34 5 29
D 264 1 2 3 265 9 29
D 257 5 2 258 260 264 8
D 270 37 2 61 256 59 8
D 269 35 2 54 270 62 8
D 268 31 2 49 269 64 8
D 267 27 2 37 268 66 8
D 275 57 2 95 251 93 8
D 274 55 2 88 275 96 8
D 273 51 2 83 274 98 8
D 272 47 2 71 273 100 8
D 280 77 2 129 246 127 8
D 279 75 2 122 280 130 8
D 278 71 2 117 279 132 8
D 277 67 2 105 278 134 8
D 286 105 2 175 233 173 8
D 285 103 2 171 286 176 8
D 284 101 2 169 285 177 8
L 296 138 -70
D 295 137 2 215 296 213 8
D 294 135 2 211 295 216 8
D 293 133 2 209 294 217 8
D 292 131 2 207 293 218 8
D 291 129 2 205 292 219 8
D 290 127 2 200 291 220 8
D 289 123 2 195 290 222 8
D 288 119 2 187 289 224 8
D 287 113 2 179 288 227 8
D 299 105 2 175 174 173 233
D 298 103 2 171 299 176 29
D 297 101 2 169 298 177 29
D 283 107 3 284 178 168 287 297 8
D 282 99 2 153 283 234 8
D 302 87 2 148 241 146 8
D 301 85 2 144 302 149 8
D 300 83 2 139 301 150 8
D 305 87 2 148 147 146 241
D 304 85 2 144 305 149 29
D 303 83 2 139 304 150 29
D 281 89 3 138 282 300 152 303 8
D 309 77 2 129 128 127 246
D 308 75 2 122 309 130 29
D 307 71 2 117 308 132 29
D 306 67 2 105 307 134 29
D 276 79 3 277 137 104 281 306 8
D 313 57 2 93 251 95 94
D 312 55 2 88 313 96 29
D 311 51 2 83 312 98 29
D 310 47 2 71 311 100 29
D 271 59 3 272 103 70 276 310 8
D 317 37 2 61 60 59 256
D 316 35 2 54 317 62 29
D 315 31 2 49 316 64 29
D 314 27 2 37 315 66 29
D 266 39 3 267 69 36 271 314 8
D 320 7 2 14 13 12 8
D 321 7 2 14 31 12 29
D 319 9 2 320 15 321 8
D 318 5 2 258 319 264 8
D 326 33 2 55 63 57 8
D 327 37 2 61 60 59 8
D 328 33 2 55 56 57 29
D 325 35 2 326 327 328 8
D 324 31 2 49 325 64 8
D 323 27 2 37 324 66 8
D 332 49 2 84 99 86 8
D 334 57 2 93 251 95 8
D 333 55 2 88 334 96 8
D 335 49 2 84 85 86 29
D 331 51 2 332 333 335 8
D 330 47 2 71 331 100 8
D 339 69 2 118 133 120 8
D 341 77 2 129 128 127 8
D 340 75 2 122 341 130 8
D 342 69 2 118 119 120 29
D 338 71 2 339 340 342 8
D 337 67 2 105 338 134 8
D 354 137 2 213 296 215 8
D 353 135 2 216 354 211 8
D 352 133 2 209 353 217 8
D 351 131 2 207 352 218 8
D 350 129 2 205 351 219 8
D 349 127 2 200 350 220 8
D 348 123 2 195 349 222 8
D 347 119 2 187 348 224 8
D 346 113 2 179 347 227 8
D 357 105 2 175 174 173 8
D 356 103 2 176 357 171 8
D 355 101 2 169 356 177 8
D 360 105 2 175 233 173 29
D 359 103 2 171 299 176 360
D 358 101 2 169 359 177 29
D 345 107 4 168 346 355 178 284 287 358 8
D 344 99 2 153 345 234 8
D 363 87 2 148 147 146 8
D 362 85 2 149 363 144 8
D 361 83 2 139 362 150 8
D 366 87 2 148 241 146 29
D 365 85 2 144 305 149 366
D 364 83 2 139 365 150 29
D 343 89 4 138 344 300 282 361 152 364 8
D 370 77 2 129 246 127 29
D 369 75 2 122 370 130 29
D 368 71 3 117 308 339 369 120 29
D 367 67 2 105 368 134 29
D 336 79 4 337 137 277 281 104 343 367 8
D 374 57 2 93 94 95 29
D 373 55 2 88 374 96 29
D 372 51 3 83 312 332 373 86 29
D 371 47 2 71 372 100 29
D 329 59 4 330 103 272 276 70 336 371 8
D 378 37 2 61 256 59 29
D 377 35 3 326 378 54 317 57 29
D 376 31 2 49 377 64 29
D 375 27 2 37 376 66 29
D 322 39 4 323 69 267 271 36 329 375 8
D 381 7 2 12 31 14 8
D 382 7 2 12 13 14 29
D 380 9 2 381 15 382 8
D 379 5 2 258 380 264 8
D 386 25 2 43 68 45 8
D 385 23 2 38 386 46 8
D 388 35 2 54 327 62 8
D 387 31 2 49 388 64 8
D 390 25 2 43 44 45 29
D 389 23 2 38 390 46 29
D 384 27 2 385 387 389 8
D 394 49 2 86 85 84 8
D 395 49 2 86 99 84 29
D 393 51 2 394 333 395 8
D 392 47 2 71 393 100 8
D 399 69 2 120 119 118 8
D 400 69 2 120 133 118 29
D 398 71 2 399 340 400 8
D 397 67 2 105 398 134 8
D 411 135 2 211 354 216 8
D 410 133 2 217 411 209 8
D 409 131 2 207 410 218 8
D 408 129 2 205 409 219 8
D 407 127 2 200 408 220 8
D 406 123 2 195 407 222 8
D 405 119 2 187 406 224 8
D 404 113 2 179 405 227 8
D 413 103 2 171 357 176 8
D 412 101 2 177 413 169 8
D 415 103 2 171 360 176 29
D 414 101 2 169 359 177 415
D 403 107 5 168 404 284 346 412 178 355 287 414 8
D 402 99 2 153 403 234 8
D 417 81 2 140 151 142 8
D 418 85 2 144 363 149 8
D 419 81 2 140 141 142 29
D 416 83 2 417 418 419 8
D 421 85 2 144 366 149 29
D 420 83 3 139 365 417 421 142 29
D 401 89 5 138 402 300 344 361 282 416 152 420 8
D 424 69 2 120 119 118 133
D 425 69 2 120 133 118 8
D 423 71 3 117 308 424 369 425 29
D 422 67 2 105 423 134 29
D 396 79 5 397 137 337 281 277 343 104 401 422 8
D 428 49 2 86 85 84 99
D 429 49 2 86 99 84 8
D 427 51 3 83 312 428 373 429 29
D 426 47 2 71 427 100 29
D 391 59 5 392 103 330 276 272 336 70 396 426 8
D 432 35 2 54 378 62 29
D 431 31 2 49 432 64 29
D 433 23 2 38 45 46 29
D 430 27 3 37 376 385 431 433 29
D 383 39 5 384 69 323 271 267 329 36 391 430 8
D 437 15 2 26 22 21 8
D 436 13 2 16 437 27 8
D 435 9 2 11 436 30 8
D 434 5 2 258 435 264 8
D 441 25 2 45 44 43 8
D 440 23 2 38 441 46 8
D 443 25 2 45 68 43 29
D 442 23 2 38 443 46 29
D 439 27 2 440 387 442 8
D 448 53 2 89 97 91 8
D 449 53 2 89 90 91 29
D 447 55 2 448 334 449 8
D 446 51 2 83 447 98 8
D 445 47 2 71 446 100 8
D 453 65 2 111 136 113 8
D 452 63 2 106 453 114 8
D 454 71 2 117 340 132 8
D 456 65 2 111 112 113 29
D 455 63 2 106 456 114 29
D 451 67 2 452 454 455 8
D 466 133 2 209 411 217 8
D 465 131 2 218 466 207 8
D 464 129 2 205 465 219 8
D 463 127 2 200 464 220 8
D 462 123 2 195 463 222 8
D 461 119 2 187 462 224 8
D 460 113 2 179 461 227 8
D 467 101 2 169 413 177 8
D 470 111 2 184 183 182 8
D 469 109 2 180 470 185 8
D 472 111 2 184 229 182 29
D 471 109 2 180 472 185 29
D 468 113 2 469 186 471 8
D 475 105 2 173 233 175 8
D 474 103 2 171 475 176 360
D 473 101 2 169 474 177 415
D 459 107 6 168 460 467 468 284 404 355 346 412 287 473 8
D 458 99 2 153 459 234 8
D 477 81 2 142 141 140 8
D 478 81 2 142 151 140 29
D 476 83 2 477 418 478 8
D 480 81 2 142 141 140 151
D 481 81 2 142 151 140 8
D 479 83 3 139 365 480 421 481 29
D 457 89 6 138 458 300 402 361 344 416 282 476 152 479 8
D 483 71 2 117 369 132 29
D 484 63 2 106 113 114 29
D 482 67 3 105 423 452 483 484 29
D 450 79 6 451 137 397 281 337 343 277 401 104 457 482 8
D 487 55 3 448 374 88 313 91 29
D 486 51 3 83 487 428 373 429 29
D 485 47 2 71 486 100 29
D 444 59 6 445 103 392 276 330 336 272 396 70 450 485 8
D 490 25 2 45 44 43 68
D 489 23 2 38 490 46 8
D 492 25 2 45 68 43 8
D 491 23 2 38 492 46 29
D 488 27 3 37 376 489 431 491 29
D 438 39 6 439 69 384 271 323 329 267 391 36 444 488 8
D 497 17 2 25 24 23 8
D 496 15 2 21 497 26 8
D 495 13 2 16 496 27 8
D 494 9 2 11 495 30 8
D 493 5 2 258 494 264 8
D 501 21 2 39 47 41 8
D 502 21 2 39 40 41 29
D 500 23 2 501 42 502 8
D 503 23 2 501 67 502 29
D 499 27 2 500 387 503 8
D 507 41 2 73 81 75 8
D 508 41 2 73 74 75 29
D 506 43 2 507 76 508 8
D 509 51 2 83 333 98 8
D 510 43 2 507 101 508 29
D 505 47 2 506 509 510 8
D 514 65 2 113 112 111 8
D 513 63 2 106 514 114 8
D 516 65 2 113 136 111 29
D 515 63 2 106 516 114 29
D 512 67 2 513 454 515 8
D 525 131 2 207 466 218 8
D 524 129 2 219 525 205 8
D 523 127 2 200 524 220 8
D 522 123 2 195 523 222 8
D 521 119 2 187 522 224 8
D 520 113 2 179 521 227 8
D 528 111 2 182 229 184 8
D 527 109 2 180 528 185 8
D 530 111 2 182 183 184 229
D 529 109 2 180 530 185 29
D 526 113 3 469 288 527 186 529 8
D 519 107 6 168 520 467 526 284 460 355 404 412 346 473 8
D 518 99 2 153 519 234 8
D 531 83 2 139 418 150 8
D 535 97 2 163 162 161 8
D 534 95 2 159 535 164 8
D 533 93 2 154 534 165 8
D 538 97 2 163 237 161 29
D 537 95 2 159 538 164 29
D 536 93 2 154 537 165 29
D 532 99 2 533 167 536 8
D 541 87 2 146 241 148 8
D 540 85 2 144 541 149 366
D 539 83 3 139 540 480 421 481 29
D 517 89 7 138 518 531 532 300 458 361 402 416 344 476 282 539 8
D 544 65 2 113 112 111 136
D 543 63 2 106 544 114 8
D 546 65 2 113 136 111 8
D 545 63 2 106 546 114 29
D 542 67 3 105 423 543 483 545 29
D 511 79 7 512 137 451 281 397 343 337 401 277 457 104 517 542 8
D 548 51 2 83 373 98 29
D 549 43 2 73 101 75 29
D 547 47 3 71 486 506 548 549 29
D 504 59 7 505 103 445 276 392 336 330 396 272 450 70 511 547 8
D 551 23 3 38 490 501 42 41 8
D 552 23 3 38 492 501 67 41 29
D 550 27 3 37 376 551 431 552 29
D 498 39 7 499 69 439 271 384 329 323 391 267 444 36 504 550 8
L 558 18 10
D 557 17 2 23 558 25 8
D 556 15 2 21 557 26 8
D 555 13 2 16 556 27 8
D 554 9 2 11 555 30 8
D 553 5 2 258 554 264 8
D 562 21 2 41 40 39 8
D 563 21 2 41 47 39 29
D 561 23 2 562 42 563 8
D 564 23 2 562 67 563 29
D 560 27 2 561 387 564 8
D 568 41 2 75 74 73 8
D 569 41 2 75 81 73 29
D 567 43 2 568 76 569 8
D 570 43 2 568 101 569 29
D 566 47 2 567 509 570 8
D 575 73 2 123 131 125 8
D 576 73 2 123 124 125 29
D 574 75 2 575 341 576 8
D 573 71 2 117 574 132 8
D 572 67 2 105 573 134 8
D 584 125 2 201 221 203 8
D 585 129 2 205 525 219 8
D 586 125 2 201 202 203 29
D 583 127 2 584 585 586 8
D 582 123 2 195 583 222 8
D 581 119 2 187 582 224 8
D 580 113 2 179 581 227 8
D 590 117 2 192 191 190 8
D 589 115 2 188 590 193 8
D 592 117 2 192 226 190 29
D 591 115 2 188 592 193 29
D 588 119 2 589 194 591 8
D 594 111 2 184 229 182 8
D 593 109 2 180 594 185 29
D 587 113 4 527 288 179 588 469 347 593 8
D 579 107 6 168 580 467 587 284 520 355 460 412 404 473 8
D 578 99 2 153 579 234 8
D 597 91 2 155 166 157 8
D 598 91 2 155 156 157 29
D 596 93 2 597 158 598 8
D 599 93 3 154 537 597 235 157 29
D 595 99 3 596 167 533 283 599 8
D 577 89 7 138 578 531 595 300 518 361 458 416 402 476 344 539 8
D 602 75 3 575 370 122 309 125 29
D 601 71 3 117 602 424 369 425 29
D 600 67 3 105 601 543 483 545 29
D 571 79 8 572 137 512 281 451 343 397 401 337 457 277 517 104 577 600 8
D 605 41 2 75 74 73 81
D 606 41 2 73 74 75 81
D 604 43 2 605 76 606 8
D 608 41 2 75 74 73 29
D 609 41 2 75 81 73 8
D 607 43 2 608 101 609 29
D 603 47 3 71 486 604 548 607 29
D 565 59 8 566 103 505 276 445 336 392 396 330 450 272 511 70 571 603 8
D 612 21 2 41 40 39 47
D 613 21 2 41 47 39 8
D 611 23 3 38 490 612 42 613 8
D 614 23 3 38 492 612 67 613 29
D 610 27 3 37 376 611 431 614 29
D 559 39 8 560 69 499 271 439 329 384 391 323 444 267 504 36 565 610 8
D 619 17 2 23 558 25 29
D 618 15 2 21 619 26 29
D 617 13 2 16 618 27 29
D 616 9 2 11 617 30 29
D 623 17 2 23 24 25 558
D 622 15 2 21 623 26 619
D 621 13 3 16 622 262 618 28 29
D 624 7 2 14 13 12 31
D 625 7 2 14 31 12 8
D 620 9 3 11 621 624 617 625 29
D 626 1 2 3 34 9 29
D 615 5 3 2 616 258 620 626 29
D 0 19 8 1 35 257 266 318 322 379 383 434 438 493 498 553 559 615 8
