c ids of sdd nodes start at 0
c sdd nodes appear bottom-up, children before parents
c
c file syntax:
c sdd count-of-sdd-nodes
c F id-of-false-sdd-node
c T id-of-true-sdd-node
c L id-of-literal-sdd-node id-of-vtree literal
c D id-of-decomposition-sdd-node id-of-vtree number-of-elements {id-of-prime id-of-sub}*
c
sdd 563
L 3 0 -3
L 5 2 -4
L 6 4 -2
L 7 2 4
F 8
D 4 3 2 5 6 7 8
L 9 0 3
D 2 1 2 3 4 9 8
L 12 6 -6
L 13 8 -7
L 14 6 6
D 11 7 2 12 13 14 8
L 17 10 5
L 18 12 -1
L 19 10 -5
D 16 11 2 17 18 19 8
L 21 14 -8
L 23 16 -9
L 24 18 -10
L 25 16 9
D 22 17 2 23 24 25 8
L 26 14 8
D 20 15 2 21 22 26 8
L 28 12 1
T 29
D 27 11 2 17 28 19 29
D 15 13 2 16 20 27 8
L 31 8 7
D 30 7 2 12 31 14 29
D 10 9 2 11 15 30 8
L 34 4 2
D 33 3 2 5 34 7 29
D 32 1 2 3 33 9 29
D 1 5 2 2 10 32 8
L 39 20 -14
L 40 22 -15
L 41 20 14
D 38 21 2 39 40 41 8
L 43 24 -16
L 44 26 -17
L 45 24 16
D 42 25 2 43 44 45 8
L 47 22 15
D 46 21 2 39 47 41 29
D 37 23 2 38 42 46 8
L 50 28 -13
L 51 30 -12
L 52 28 13
D 49 29 2 50 51 52 8
L 55 32 -11
L 56 34 -18
L 57 32 11
D 54 33 2 55 56 57 8
L 59 36 20
L 60 38 -19
L 61 36 -20
D 58 37 2 59 60 61 8
L 63 34 18
D 62 33 2 55 63 57 29
D 53 35 2 54 58 62 8
L 65 30 12
D 64 29 2 50 65 52 29
D 48 31 2 49 53 64 8
L 68 26 17
D 67 25 2 43 68 45 29
D 66 23 2 38 67 46 29
D 36 27 2 37 48 66 8
L 73 40 -34
L 74 42 -35
L 75 40 34
D 72 41 2 73 74 75 8
L 77 44 -32
L 78 46 -33
L 79 44 32
D 76 45 2 77 78 79 8
L 81 42 35
D 80 41 2 73 81 75 29
D 71 43 2 72 76 80 8
L 84 48 -37
L 85 50 -38
L 86 48 37
D 83 49 2 84 85 86 8
L 89 52 -31
L 90 54 -36
L 91 52 31
D 88 53 2 89 90 91 8
L 93 56 -39
L 94 58 40
L 95 56 39
D 92 57 2 93 94 95 8
L 97 54 36
D 96 53 2 89 97 91 29
D 87 55 2 88 92 96 8
L 99 50 38
D 98 49 2 84 99 86 29
D 82 51 2 83 87 98 8
L 102 46 33
D 101 45 2 77 102 79 29
D 100 43 2 72 101 80 29
D 70 47 2 71 82 100 8
L 107 60 -22
L 108 62 -21
L 109 60 22
D 106 61 2 107 108 109 8
L 111 64 -25
L 112 66 -26
L 113 64 25
D 110 65 2 111 112 113 8
L 115 62 21
D 114 61 2 107 115 109 29
D 105 63 2 106 110 114 8
L 118 68 -27
L 119 70 -28
L 120 68 27
D 117 69 2 118 119 120 8
L 123 72 -23
L 124 74 -24
L 125 72 23
D 122 73 2 123 124 125 8
L 127 76 30
L 128 78 -29
L 129 76 -30
D 126 77 2 127 128 129 8
L 131 74 24
D 130 73 2 123 131 125 29
D 121 75 2 122 126 130 8
L 133 70 28
D 132 69 2 118 133 120 29
D 116 71 2 117 121 132 8
L 136 66 26
D 135 65 2 111 136 113 29
D 134 63 2 106 135 114 29
D 104 67 2 105 116 134 8
L 140 80 -46
L 141 82 -47
L 142 80 46
D 139 81 2 140 141 142 8
L 144 84 -48
L 146 86 50
L 147 88 -49
L 148 86 -50
D 145 87 2 146 147 148 8
L 149 84 48
D 143 85 2 144 145 149 8
L 151 82 47
D 150 81 2 140 151 142 29
D 138 83 2 139 143 150 8
L 155 90 -43
L 156 92 -44
L 157 90 43
D 154 91 2 155 156 157 8
L 159 94 -42
L 161 96 -45
L 162 98 -41
L 163 96 45
D 160 97 2 161 162 163 8
L 164 94 42
D 158 95 2 159 160 164 8
L 166 92 44
D 165 91 2 155 166 157 29
D 153 93 2 154 158 165 8
L 169 100 -57
L 171 102 -58
L 173 104 60
L 174 106 -59
L 175 104 -60
D 172 105 2 173 174 175 8
L 176 102 58
D 170 103 2 171 172 176 8
L 177 100 57
D 168 101 2 169 170 177 8
L 180 108 -53
L 182 110 -56
L 183 112 -55
L 184 110 56
D 181 111 2 182 183 184 8
L 185 108 53
D 179 109 2 180 181 185 8
L 188 114 -51
L 190 116 -54
L 191 118 -52
L 192 116 54
D 189 117 2 190 191 192 8
L 193 114 51
D 187 115 2 188 189 193 8
L 196 120 -61
L 197 122 -62
L 198 120 61
D 195 121 2 196 197 198 8
L 201 124 -63
L 202 126 -64
L 203 124 63
D 200 125 2 201 202 203 8
L 205 128 -65
L 207 130 -66
L 209 132 -67
L 211 134 -68
L 213 136 -69
L 214 138 70
L 215 136 69
D 212 137 2 213 214 215 8
L 216 134 68
D 210 135 2 211 212 216 8
L 217 132 67
D 208 133 2 209 210 217 8
L 218 130 66
D 206 131 2 207 208 218 8
L 219 128 65
D 204 129 2 205 206 219 8
L 221 126 64
D 220 125 2 201 221 203 29
D 199 127 2 200 204 220 8
L 223 122 62
D 222 121 2 196 223 198 29
D 194 123 2 195 199 222 8
L 226 118 52
D 225 117 2 190 226 192 29
D 224 115 2 188 225 193 29
D 186 119 2 187 194 224 8
L 229 112 55
D 228 111 2 182 229 184 29
D 227 109 2 180 228 185 29
D 178 113 2 179 186 227 8
L 233 106 59
D 232 105 2 173 233 175 29
D 231 103 2 171 232 176 29
D 230 101 2 169 231 177 29
D 167 107 2 168 178 230 8
L 237 98 41
D 236 97 2 161 237 163 29
D 235 95 2 159 236 164 29
D 234 93 2 154 235 165 29
D 152 99 2 153 167 234 8
L 241 88 49
D 240 87 2 146 241 148 29
D 239 85 2 144 240 149 29
D 238 83 2 139 239 150 29
D 137 89 2 138 152 238 8
L 246 78 29
D 245 77 2 127 246 129 29
D 244 75 2 122 245 130 29
D 243 71 2 117 244 132 29
D 242 67 2 105 243 134 29
D 103 79 2 104 137 242 8
L 251 58 -40
D 250 57 2 93 251 95 29
D 249 55 2 88 250 96 29
D 248 51 2 83 249 98 29
D 247 47 2 71 248 100 29
D 69 59 2 70 103 247 8
L 256 38 19
D 255 37 2 59 256 61 29
D 254 35 2 54 255 62 29
D 253 31 2 49 254 64 29
D 252 27 2 37 253 66 29
D 35 39 2 36 69 252 8
D 259 7 2 14 13 12 8
D 261 11 2 19 18 17 8
D 262 11 2 19 28 17 29
D 260 13 2 261 20 262 8
D 263 7 2 14 31 12 29
D 258 9 2 259 260 263 8
D 257 5 2 2 258 32 8
D 268 37 2 61 256 59 8
D 267 35 2 54 268 62 8
D 266 31 2 49 267 64 8
D 265 27 2 37 266 66 8
D 273 57 2 95 251 93 8
D 272 55 2 88 273 96 8
D 271 51 2 83 272 98 8
D 270 47 2 71 271 100 8
D 278 77 2 129 246 127 8
D 277 75 2 122 278 130 8
D 276 71 2 117 277 132 8
D 275 67 2 105 276 134 8
D 284 105 2 175 233 173 8
D 283 103 2 171 284 176 8
D 282 101 2 169 283 177 8
L 294 138 -70
D 293 137 2 215 294 213 8
D 292 135 2 211 293 216 8
D 291 133 2 209 292 217 8
D 290 131 2 207 291 218 8
D 289 129 2 205 290 219 8
D 288 127 2 200 289 220 8
D 287 123 2 195 288 222 8
D 286 119 2 187 287 224 8
D 285 113 2 179 286 227 8
D 297 105 2 175 174 173 233
D 296 103 2 171 297 176 29
D 295 101 2 169 296 177 29
D 281 107 3 282 178 168 285 295 8
D 280 99 2 153 281 234 8
D 300 87 2 148 241 146 8
D 299 85 2 144 300 149 8
D 298 83 2 139 299 150 8
D 303 87 2 148 147 146 241
D 302 85 2 144 303 149 29
D 301 83 2 139 302 150 29
D 279 89 3 138 280 298 152 301 8
D 307 77 2 129 128 127 246
D 306 75 2 122 307 130 29
D 305 71 2 117 306 132 29
D 304 67 2 105 305 134 29
D 274 79 3 275 137 104 279 304 8
D 311 57 2 93 251 95 94
D 310 55 2 88 311 96 29
D 309 51 2 83 310 98 29
D 308 47 2 71 309 100 29
D 269 59 3 270 103 70 274 308 8
D 315 37 2 61 60 59 256
D 314 35 2 54 315 62 29
D 313 31 2 49 314 64 29
D 312 27 2 37 313 66 29
D 264 39 3 265 69 36 269 312 8
D 318 7 2 12 31 14 8
D 319 7 2 12 13 14 29
D 317 9 2 318 260 319 8
D 316 5 2 2 317 32 8
D 324 33 2 55 63 57 8
D 325 37 2 61 60 59 8
D 326 33 2 55 56 57 29
D 323 35 2 324 325 326 8
D 322 31 2 49 323 64 8
D 321 27 2 37 322 66 8
D 330 49 2 84 99 86 8
D 332 57 2 93 251 95 8
D 331 55 2 88 332 96 8
D 333 49 2 84 85 86 29
D 329 51 2 330 331 333 8
D 328 47 2 71 329 100 8
D 337 69 2 118 133 120 8
D 339 77 2 129 128 127 8
D 338 75 2 122 339 130 8
D 340 69 2 118 119 120 29
D 336 71 2 337 338 340 8
D 335 67 2 105 336 134 8
D 352 137 2 213 294 215 8
D 351 135 2 216 352 211 8
D 350 133 2 209 351 217 8
D 349 131 2 207 350 218 8
D 348 129 2 205 349 219 8
D 347 127 2 200 348 220 8
D 346 123 2 195 347 222 8
D 345 119 2 187 346 224 8
D 344 113 2 179 345 227 8
D 355 105 2 175 174 173 8
D 354 103 2 176 355 171 8
D 353 101 2 169 354 177 8
D 358 105 2 175 233 173 29
D 357 103 2 171 297 176 358
D 356 101 2 169 357 177 29
D 343 107 4 168 344 353 178 282 285 356 8
D 342 99 2 153 343 234 8
D 361 87 2 148 147 146 8
D 360 85 2 149 361 144 8
D 359 83 2 139 360 150 8
D 364 87 2 148 241 146 29
D 363 85 2 144 303 149 364
D 362 83 2 139 363 150 29
D 341 89 4 138 342 298 280 359 152 362 8
D 368 77 2 129 246 127 29
D 367 75 2 122 368 130 29
D 366 71 3 117 306 337 367 120 29
D 365 67 2 105 366 134 29
D 334 79 4 335 137 275 279 104 341 365 8
D 372 57 2 93 94 95 29
D 371 55 2 88 372 96 29
D 370 51 3 83 310 330 371 86 29
D 369 47 2 71 370 100 29
D 327 59 4 328 103 270 274 70 334 369 8
D 376 37 2 61 256 59 29
D 375 35 3 324 376 54 315 57 29
D 374 31 2 49 375 64 29
D 373 27 2 37 374 66 29
D 320 39 4 321 69 265 269 36 327 373 8
D 380 15 2 26 22 21 8
D 379 13 2 261 380 262 8
D 378 9 2 11 379 30 8
D 377 5 2 2 378 32 8
D 384 25 2 43 68 45 8
D 383 23 2 38 384 46 8
D 386 35 2 54 325 62 8
D 385 31 2 49 386 64 8
D 388 25 2 43 44 45 29
D 387 23 2 38 388 46 29
D 382 27 2 383 385 387 8
D 392 49 2 86 85 84 8
D 393 49 2 86 99 84 29
D 391 51 2 392 331 393 8
D 390 47 2 71 391 100 8
D 397 69 2 120 119 118 8
D 398 69 2 120 133 118 29
D 396 71 2 397 338 398 8
D 395 67 2 105 396 134 8
D 409 135 2 211 352 216 8
D 408 133 2 217 409 209 8
D 407 131 2 207 408 218 8
D 406 129 2 205 407 219 8
D 405 127 2 200 406 220 8
D 404 123 2 195 405 222 8
D 403 119 2 187 404 224 8
D 402 113 2 179 403 227 8
D 411 103 2 171 355 176 8
D 410 101 2 177 411 169 8
D 413 103 2 171 358 176 29
D 412 101 2 169 357 177 413
D 401 107 5 168 402 282 344 410 178 353 285 412 8
D 400 99 2 153 401 234 8
D 415 81 2 140 151 142 8
D 416 85 2 144 361 149 8
D 417 81 2 140 141 142 29
D 414 83 2 415 416 417 8
D 419 85 2 144 364 149 29
D 418 83 3 139 363 415 419 142 29
D 399 89 5 138 400 298 342 359 280 414 152 418 8
D 422 69 2 120 119 118 133
D 423 69 2 120 133 118 8
D 421 71 3 117 306 422 367 423 29
D 420 67 2 105 421 134 29
D 394 79 5 395 137 335 279 275 341 104 399 420 8
D 426 49 2 86 85 84 99
D 427 49 2 86 99 84 8
D 425 51 3 83 310 426 371 427 29
D 424 47 2 71 425 100 29
D 389 59 5 390 103 328 274 270 334 70 394 424 8
D 430 35 2 54 376 62 29
D 429 31 2 49 430 64 29
D 431 23 2 38 45 46 29
D 428 27 3 37 374 383 429 431 29
D 381 39 5 382 69 321 269 265 327 36 389 428 8
D 436 17 2 25 24 23 8
D 435 15 2 21 436 26 8
D 434 13 2 261 435 262 8
D 433 9 2 11 434 30 8
D 432 5 2 2 433 32 8
D 440 25 2 45 44 43 8
D 439 23 2 38 440 46 8
D 442 25 2 45 68 43 29
D 441 23 2 38 442 46 29
D 438 27 2 439 385 441 8
D 447 53 2 89 97 91 8
D 448 53 2 89 90 91 29
D 446 55 2 447 332 448 8
D 445 51 2 83 446 98 8
D 444 47 2 71 445 100 8
D 452 65 2 111 136 113 8
D 451 63 2 106 452 114 8
D 453 71 2 117 338 132 8
D 455 65 2 111 112 113 29
D 454 63 2 106 455 114 29
D 450 67 2 451 453 454 8
D 465 133 2 209 409 217 8
D 464 131 2 218 465 207 8
D 463 129 2 205 464 219 8
D 462 127 2 200 463 220 8
D 461 123 2 195 462 222 8
D 460 119 2 187 461 224 8
D 459 113 2 179 460 227 8
D 466 101 2 169 411 177 8
D 469 111 2 184 183 182 8
D 468 109 2 180 469 185 8
D 471 111 2 184 229 182 29
D 470 109 2 180 471 185 29
D 467 113 2 468 186 470 8
D 474 105 2 173 233 175 8
D 473 103 2 171 474 176 358
D 472 101 2 169 473 177 413
D 458 107 6 168 459 466 467 282 402 353 344 410 285 472 8
D 457 99 2 153 458 234 8
D 476 81 2 142 141 140 8
D 477 81 2 142 151 140 29
D 475 83 2 476 416 477 8
D 479 81 2 142 141 140 151
D 480 81 2 142 151 140 8
D 478 83 3 139 363 479 419 480 29
D 456 89 6 138 457 298 400 359 342 414 280 475 152 478 8
D 482 71 2 117 367 132 29
D 483 63 2 106 113 114 29
D 481 67 3 105 421 451 482 483 29
D 449 79 6 450 137 395 279 335 341 275 399 104 456 481 8
D 486 55 3 447 372 88 311 91 29
D 485 51 3 83 486 426 371 427 29
D 484 47 2 71 485 100 29
D 443 59 6 444 103 390 274 328 334 270 394 70 449 484 8
D 489 25 2 45 44 43 68
D 488 23 2 38 489 46 8
D 491 25 2 45 68 43 8
D 490 23 2 38 491 46 29
D 487 27 3 37 374 488 429 490 29
D 437 39 6 438 69 382 269 321 327 265 389 36 443 487 8
L 497 18 10
D 496 17 2 23 497 25 8
D 495 15 2 21 496 26 8
D 494 13 2 261 495 262 8
D 493 9 2 11 494 30 8
D 492 5 2 2 493 32 8
D 501 21 2 39 47 41 8
D 502 21 2 39 40 41 29
D 500 23 2 501 42 502 8
D 503 23 2 501 67 502 29
D 499 27 2 500 385 503 8
D 507 41 2 73 81 75 8
D 508 41 2 73 74 75 29
D 506 43 2 507 76 508 8
D 509 51 2 83 331 98 8
D 510 43 2 507 101 508 29
D 505 47 2 506 509 510 8
D 514 65 2 113 112 111 8
D 513 63 2 106 514 114 8
D 516 65 2 113 136 111 29
D 515 63 2 106 516 114 29
D 512 67 2 513 453 515 8
D 525 131 2 207 465 218 8
D 524 129 2 219 525 205 8
D 523 127 2 200 524 220 8
D 522 123 2 195 523 222 8
D 521 119 2 187 522 224 8
D 520 113 2 179 521 227 8
D 528 111 2 182 229 184 8
D 527 109 2 180 528 185 8
D 530 111 2 182 183 184 229
D 529 109 2 180 530 185 29
D 526 113 3 468 286 527 186 529 8
D 519 107 6 168 520 466 526 282 459 353 402 410 344 472 8
D 518 99 2 153 519 234 8
D 531 83 2 139 416 150 8
D 535 97 2 163 162 161 8
D 534 95 2 159 535 164 8
D 533 93 2 154 534 165 8
D 538 97 2 163 237 161 29
D 537 95 2 159 538 164 29
D 536 93 2 154 537 165 29
D 532 99 2 533 167 536 8
D 541 87 2 146 241 148 8
D 540 85 2 144 541 149 364
D 539 83 3 139 540 479 419 480 29
D 517 89 7 138 518 531 532 298 457 359 400 414 342 475 280 539 8
D 544 65 2 113 112 111 136
D 543 63 2 106 544 114 8
D 546 65 2 113 136 111 8
D 545 63 2 106 546 114 29
D 542 67 3 105 421 543 482 545 29
D 511 79 7 512 137 450 279 395 341 335 399 275 456 104 517 542 8
D 548 51 2 83 371 98 29
D 549 43 2 73 101 75 29
D 547 47 3 71 485 506 548 549 29
D 504 59 7 505 103 444 274 390 334 328 394 270 449 70 511 547 8
D 551 23 3 38 489 501 42 41 8
D 552 23 3 38 491 501 67 41 29
D 550 27 3 37 374 551 429 552 29
D 498 39 7 499 69 438 269 382 327 321 389 265 443 36 504 550 8
D 557 17 2 23 24 25 497
D 558 17 2 23 497 25 29
D 556 15 2 21 557 26 558
D 559 15 2 21 558 26 29
D 555 13 3 261 556 16 559 28 29
D 560 7 2 14 13 12 31
D 561 13 2 261 559 262 29
D 562 7 2 14 31 12 8
D 554 9 3 11 555 560 561 562 29
D 553 5 2 2 554 32 29
D 0 19 7 1 35 257 264 316 320 377 381 432 437 492 498 553 8
