c ids of sdd nodes start at 0
c sdd nodes appear bottom-up, children before parents
c
c file syntax:
c sdd count-of-sdd-nodes
c F id-of-false-sdd-node
c T id-of-true-sdd-node
c L id-of-literal-sdd-node id-of-vtree literal
c D id-of-decomposition-sdd-node id-of-vtree number-of-elements {id-of-prime id-of-sub}*
c
sdd 503
L 3 0 -3
L 5 2 -4
L 6 4 -2
L 7 2 4
F 8
D 4 3 2 5 6 7 8
L 9 0 3
D 2 1 2 3 4 9 8
L 12 6 6
L 13 8 -7
L 14 6 -6
D 11 7 2 12 13 14 8
L 17 10 -5
L 18 12 -1
L 19 10 5
D 16 11 2 17 18 19 8
L 21 14 -8
L 23 16 -9
L 24 18 -10
L 25 16 9
D 22 17 2 23 24 25 8
L 26 14 8
D 20 15 2 21 22 26 8
L 28 12 1
T 29
D 27 11 2 17 28 19 29
D 15 13 2 16 20 27 8
L 31 8 7
D 30 7 2 12 31 14 29
D 10 9 2 11 15 30 8
L 34 4 2
D 33 3 2 5 34 7 29
D 32 1 2 3 33 9 29
D 1 5 2 2 10 32 8
L 39 20 -14
L 40 22 -15
L 41 20 14
D 38 21 2 39 40 41 8
L 43 24 -16
L 44 26 -17
L 45 24 16
D 42 25 2 43 44 45 8
L 47 22 15
D 46 21 2 39 47 41 29
D 37 23 2 38 42 46 8
L 50 28 -13
L 51 30 -12
L 52 28 13
D 49 29 2 50 51 52 8
L 55 32 -11
L 56 34 -18
L 57 32 11
D 54 33 2 55 56 57 8
L 59 36 20
L 60 38 -19
L 61 36 -20
D 58 37 2 59 60 61 8
L 63 34 18
D 62 33 2 55 63 57 29
D 53 35 2 54 58 62 8
L 65 30 12
D 64 29 2 50 65 52 29
D 48 31 2 49 53 64 8
L 68 26 17
D 67 25 2 43 68 45 29
D 66 23 2 38 67 46 29
D 36 27 2 37 48 66 8
L 73 40 -34
L 74 42 -35
L 75 40 34
D 72 41 2 73 74 75 8
L 77 44 -32
L 78 46 -33
L 79 44 32
D 76 45 2 77 78 79 8
L 81 42 35
D 80 41 2 73 81 75 29
D 71 43 2 72 76 80 8
L 84 48 -37
L 85 50 -38
L 86 48 37
D 83 49 2 84 85 86 8
L 89 52 -31
L 90 54 -36
L 91 52 31
D 88 53 2 89 90 91 8
L 93 56 -39
L 94 58 40
L 95 56 39
D 92 57 2 93 94 95 8
L 97 54 36
D 96 53 2 89 97 91 29
D 87 55 2 88 92 96 8
L 99 50 38
D 98 49 2 84 99 86 29
D 82 51 2 83 87 98 8
L 102 46 33
D 101 45 2 77 102 79 29
D 100 43 2 72 101 80 29
D 70 47 2 71 82 100 8
L 107 60 -22
L 108 62 -21
L 109 60 22
D 106 61 2 107 108 109 8
L 111 64 -25
L 112 66 -26
L 113 64 25
D 110 65 2 111 112 113 8
L 115 62 21
D 114 61 2 107 115 109 29
D 105 63 2 106 110 114 8
L 118 68 -27
L 119 70 -28
L 120 68 27
D 117 69 2 118 119 120 8
L 123 72 -23
L 124 74 -24
L 125 72 23
D 122 73 2 123 124 125 8
L 127 76 30
L 128 78 -29
L 129 76 -30
D 126 77 2 127 128 129 8
L 131 74 24
D 130 73 2 123 131 125 29
D 121 75 2 122 126 130 8
L 133 70 28
D 132 69 2 118 133 120 29
D 116 71 2 117 121 132 8
L 136 66 26
D 135 65 2 111 136 113 29
D 134 63 2 106 135 114 29
D 104 67 2 105 116 134 8
L 140 80 -46
L 141 82 -47
L 142 80 46
D 139 81 2 140 141 142 8
L 144 84 -48
L 146 86 50
L 147 88 -49
L 148 86 -50
D 145 87 2 146 147 148 8
L 149 84 48
D 143 85 2 144 145 149 8
L 151 82 47
D 150 81 2 140 151 142 29
D 138 83 2 139 143 150 8
L 155 90 -43
L 156 92 -44
L 157 90 43
D 154 91 2 155 156 157 8
L 159 94 -42
L 161 96 -45
L 162 98 -41
L 163 96 45
D 160 97 2 161 162 163 8
L 164 94 42
D 158 95 2 159 160 164 8
L 166 92 44
D 165 91 2 155 166 157 29
D 153 93 2 154 158 165 8
L 169 100 -57
L 171 102 -58
L 173 104 60
L 174 106 -59
L 175 104 -60
D 172 105 2 173 174 175 8
L 176 102 58
D 170 103 2 171 172 176 8
L 177 100 57
D 168 101 2 169 170 177 8
L 180 108 -53
L 182 110 -56
L 183 112 -55
L 184 110 56
D 181 111 2 182 183 184 8
L 185 108 53
D 179 109 2 180 181 185 8
L 188 114 -51
L 190 116 -54
L 191 118 -52
L 192 116 54
D 189 117 2 190 191 192 8
L 193 114 51
D 187 115 2 188 189 193 8
L 196 120 -61
L 197 122 -62
L 198 120 61
D 195 121 2 196 197 198 8
L 201 124 -63
L 202 126 -64
L 203 124 63
D 200 125 2 201 202 203 8
L 205 128 -65
L 207 130 -66
L 209 132 -67
L 211 134 -68
L 213 136 -69
L 214 138 70
L 215 136 69
D 212 137 2 213 214 215 8
L 216 134 68
D 210 135 2 211 212 216 8
L 217 132 67
D 208 133 2 209 210 217 8
L 218 130 66
D 206 131 2 207 208 218 8
L 219 128 65
D 204 129 2 205 206 219 8
L 221 126 64
D 220 125 2 201 221 203 29
D 199 127 2 200 204 220 8
L 223 122 62
D 222 121 2 196 223 198 29
D 194 123 2 195 199 222 8
L 226 118 52
D 225 117 2 190 226 192 29
D 224 115 2 188 225 193 29
D 186 119 2 187 194 224 8
L 229 112 55
D 228 111 2 182 229 184 29
D 227 109 2 180 228 185 29
D 178 113 2 179 186 227 8
L 233 106 59
D 232 105 2 173 233 175 29
D 231 103 2 171 232 176 29
D 230 101 2 169 231 177 29
D 167 107 2 168 178 230 8
L 237 98 41
D 236 97 2 161 237 163 29
D 235 95 2 159 236 164 29
D 234 93 2 154 235 165 29
D 152 99 2 153 167 234 8
L 241 88 49
D 240 87 2 146 241 148 29
D 239 85 2 144 240 149 29
D 238 83 2 139 239 150 29
D 137 89 2 138 152 238 8
L 246 78 29
D 245 77 2 127 246 129 29
D 244 75 2 122 245 130 29
D 243 71 2 117 244 132 29
D 242 67 2 105 243 134 29
D 103 79 2 104 137 242 8
L 251 58 -40
D 250 57 2 93 251 95 29
D 249 55 2 88 250 96 29
D 248 51 2 83 249 98 29
D 247 47 2 71 248 100 29
D 69 59 2 70 103 247 8
L 256 38 19
D 255 37 2 59 256 61 29
D 254 35 2 54 255 62 29
D 253 31 2 49 254 64 29
D 252 27 2 37 253 66 29
D 35 39 2 36 69 252 8
D 259 7 2 14 31 12 8
D 260 7 2 14 13 12 29
D 258 9 2 259 15 260 8
D 257 5 2 2 258 32 8
D 265 37 2 61 256 59 8
D 264 35 2 54 265 62 8
D 263 31 2 49 264 64 8
D 262 27 2 37 263 66 8
D 270 57 2 95 251 93 8
D 269 55 2 88 270 96 8
D 268 51 2 83 269 98 8
D 267 47 2 71 268 100 8
D 275 77 2 129 246 127 8
D 274 75 2 122 275 130 8
D 273 71 2 117 274 132 8
D 272 67 2 105 273 134 8
D 281 105 2 175 233 173 8
D 280 103 2 171 281 176 8
D 279 101 2 169 280 177 8
L 291 138 -70
D 290 137 2 215 291 213 8
D 289 135 2 211 290 216 8
D 288 133 2 209 289 217 8
D 287 131 2 207 288 218 8
D 286 129 2 205 287 219 8
D 285 127 2 200 286 220 8
D 284 123 2 195 285 222 8
D 283 119 2 187 284 224 8
D 282 113 2 179 283 227 8
D 294 105 2 175 174 173 233
D 293 103 2 171 294 176 29
D 292 101 2 169 293 177 29
D 278 107 3 279 178 168 282 292 8
D 277 99 2 153 278 234 8
D 297 87 2 148 241 146 8
D 296 85 2 144 297 149 8
D 295 83 2 139 296 150 8
D 300 87 2 148 147 146 241
D 299 85 2 144 300 149 29
D 298 83 2 139 299 150 29
D 276 89 3 138 277 295 152 298 8
D 304 77 2 129 128 127 246
D 303 75 2 122 304 130 29
D 302 71 2 117 303 132 29
D 301 67 2 105 302 134 29
D 271 79 3 272 137 104 276 301 8
D 308 57 2 93 251 95 94
D 307 55 2 88 308 96 29
D 306 51 2 83 307 98 29
D 305 47 2 71 306 100 29
D 266 59 3 267 103 70 271 305 8
D 312 37 2 61 60 59 256
D 311 35 2 54 312 62 29
D 310 31 2 49 311 64 29
D 309 27 2 37 310 66 29
D 261 39 3 262 69 36 266 309 8
D 315 7 2 14 13 12 8
D 317 15 2 26 22 21 8
D 316 13 2 16 317 27 8
D 318 7 2 14 31 12 29
D 314 9 2 315 316 318 8
D 313 5 2 2 314 32 8
D 323 33 2 55 63 57 8
D 324 37 2 61 60 59 8
D 325 33 2 55 56 57 29
D 322 35 2 323 324 325 8
D 321 31 2 49 322 64 8
D 320 27 2 37 321 66 8
D 329 49 2 84 99 86 8
D 331 57 2 93 251 95 8
D 330 55 2 88 331 96 8
D 332 49 2 84 85 86 29
D 328 51 2 329 330 332 8
D 327 47 2 71 328 100 8
D 336 69 2 118 133 120 8
D 338 77 2 129 128 127 8
D 337 75 2 122 338 130 8
D 339 69 2 118 119 120 29
D 335 71 2 336 337 339 8
D 334 67 2 105 335 134 8
D 351 137 2 213 291 215 8
D 350 135 2 216 351 211 8
D 349 133 2 209 350 217 8
D 348 131 2 207 349 218 8
D 347 129 2 205 348 219 8
D 346 127 2 200 347 220 8
D 345 123 2 195 346 222 8
D 344 119 2 187 345 224 8
D 343 113 2 179 344 227 8
D 354 105 2 175 174 173 8
D 353 103 2 176 354 171 8
D 352 101 2 169 353 177 8
D 357 105 2 175 233 173 29
D 356 103 2 171 294 176 357
D 355 101 2 169 356 177 29
D 342 107 4 168 343 352 178 279 282 355 8
D 341 99 2 153 342 234 8
D 360 87 2 148 147 146 8
D 359 85 2 149 360 144 8
D 358 83 2 139 359 150 8
D 363 87 2 148 241 146 29
D 362 85 2 144 300 149 363
D 361 83 2 139 362 150 29
D 340 89 4 138 341 295 277 358 152 361 8
D 367 77 2 129 246 127 29
D 366 75 2 122 367 130 29
D 365 71 3 117 303 336 366 120 29
D 364 67 2 105 365 134 29
D 333 79 4 334 137 272 276 104 340 364 8
D 371 57 2 93 94 95 29
D 370 55 2 88 371 96 29
D 369 51 3 83 307 329 370 86 29
D 368 47 2 71 369 100 29
D 326 59 4 327 103 267 271 70 333 368 8
D 375 37 2 61 256 59 29
D 374 35 3 323 375 54 312 57 29
D 373 31 2 49 374 64 29
D 372 27 2 37 373 66 29
D 319 39 4 320 69 262 266 36 326 372 8
D 380 17 2 25 24 23 8
D 379 15 2 21 380 26 8
D 378 13 2 16 379 27 8
D 377 9 2 315 378 318 8
D 376 5 2 2 377 32 8
D 384 25 2 43 68 45 8
D 383 23 2 38 384 46 8
D 386 35 2 54 324 62 8
D 385 31 2 49 386 64 8
D 388 25 2 43 44 45 29
D 387 23 2 38 388 46 29
D 382 27 2 383 385 387 8
D 392 49 2 86 85 84 8
D 393 49 2 86 99 84 29
D 391 51 2 392 330 393 8
D 390 47 2 71 391 100 8
D 397 69 2 120 119 118 8
D 398 69 2 120 133 118 29
D 396 71 2 397 337 398 8
D 395 67 2 105 396 134 8
D 409 135 2 211 351 216 8
D 408 133 2 217 409 209 8
D 407 131 2 207 408 218 8
D 406 129 2 205 407 219 8
D 405 127 2 200 406 220 8
D 404 123 2 195 405 222 8
D 403 119 2 187 404 224 8
D 402 113 2 179 403 227 8
D 411 103 2 171 354 176 8
D 410 101 2 177 411 169 8
D 413 103 2 171 357 176 29
D 412 101 2 169 356 177 413
D 401 107 5 168 402 279 343 410 178 352 282 412 8
D 400 99 2 153 401 234 8
D 415 81 2 140 151 142 8
D 416 85 2 144 360 149 8
D 417 81 2 140 141 142 29
D 414 83 2 415 416 417 8
D 419 85 2 144 363 149 29
D 418 83 3 139 362 415 419 142 29
D 399 89 5 138 400 295 341 358 277 414 152 418 8
D 422 69 2 120 119 118 133
D 423 69 2 120 133 118 8
D 421 71 3 117 303 422 366 423 29
D 420 67 2 105 421 134 29
D 394 79 5 395 137 334 276 272 340 104 399 420 8
D 426 49 2 86 85 84 99
D 427 49 2 86 99 84 8
D 425 51 3 83 307 426 370 427 29
D 424 47 2 71 425 100 29
D 389 59 5 390 103 327 271 267 333 70 394 424 8
D 430 35 2 54 375 62 29
D 429 31 2 49 430 64 29
D 431 23 2 38 45 46 29
D 428 27 3 37 373 383 429 431 29
D 381 39 5 382 69 320 266 262 326 36 389 428 8
L 437 18 10
D 436 17 2 23 437 25 8
D 435 15 2 21 436 26 8
D 434 13 2 16 435 27 8
D 433 9 2 315 434 318 8
D 432 5 2 2 433 32 8
D 441 25 2 45 44 43 8
D 440 23 2 38 441 46 8
D 443 25 2 45 68 43 29
D 442 23 2 38 443 46 29
D 439 27 2 440 385 442 8
D 448 53 2 89 97 91 8
D 449 53 2 89 90 91 29
D 447 55 2 448 331 449 8
D 446 51 2 83 447 98 8
D 445 47 2 71 446 100 8
D 453 65 2 111 136 113 8
D 452 63 2 106 453 114 8
D 454 71 2 117 337 132 8
D 456 65 2 111 112 113 29
D 455 63 2 106 456 114 29
D 451 67 2 452 454 455 8
D 466 133 2 209 409 217 8
D 465 131 2 218 466 207 8
D 464 129 2 205 465 219 8
D 463 127 2 200 464 220 8
D 462 123 2 195 463 222 8
D 461 119 2 187 462 224 8
D 460 113 2 179 461 227 8
D 467 101 2 169 411 177 8
D 470 111 2 184 183 182 8
D 469 109 2 180 470 185 8
D 472 111 2 184 229 182 29
D 471 109 2 180 472 185 29
D 468 113 2 469 186 471 8
D 475 105 2 173 233 175 8
D 474 103 2 171 475 176 357
D 473 101 2 169 474 177 413
D 459 107 6 168 460 467 468 279 402 352 343 410 282 473 8
D 458 99 2 153 459 234 8
D 477 81 2 142 141 140 8
D 478 81 2 142 151 140 29
D 476 83 2 477 416 478 8
D 480 81 2 142 141 140 151
D 481 81 2 142 151 140 8
D 479 83 3 139 362 480 419 481 29
D 457 89 6 138 458 295 400 358 341 414 277 476 152 479 8
D 483 71 2 117 366 132 29
D 484 63 2 106 113 114 29
D 482 67 3 105 421 452 483 484 29
D 450 79 6 451 137 395 276 334 340 272 399 104 457 482 8
D 487 55 3 448 371 88 308 91 29
D 486 51 3 83 487 426 370 427 29
D 485 47 2 71 486 100 29
D 444 59 6 445 103 390 271 327 333 267 394 70 450 485 8
D 490 25 2 45 44 43 68
D 489 23 2 38 490 46 8
D 492 25 2 45 68 43 8
D 491 23 2 38 492 46 29
D 488 27 3 37 373 489 429 491 29
D 438 39 6 439 69 382 266 320 326 262 389 36 444 488 8
D 497 17 2 23 24 25 437
D 498 17 2 23 437 25 29
D 496 15 2 21 497 26 498
D 495 13 2 16 496 27 29
D 499 7 2 12 13 14 31
D 501 15 2 21 498 26 29
D 500 13 2 16 501 27 29
D 502 7 2 12 31 14 8
D 494 9 3 315 495 499 500 502 29
D 493 5 2 2 494 32 29
D 0 19 6 1 35 257 261 313 319 376 381 432 438 493 8
