c ids of sdd nodes start at 0
c sdd nodes appear bottom-up, children before parents
c
c file syntax:
c sdd count-of-sdd-nodes
c F id-of-false-sdd-node
c T id-of-true-sdd-node
c L id-of-literal-sdd-node id-of-vtree literal
c D id-of-decomposition-sdd-node id-of-vtree number-of-elements {id-of-prime id-of-sub}*
c
sdd 612
L 3 0 -3
L 5 2 -4
L 6 4 -2
L 7 2 4
F 8
D 4 3 2 5 6 7 8
L 9 0 3
D 2 1 2 3 4 9 8
L 12 6 -6
L 13 8 -7
L 14 6 6
D 11 7 2 12 13 14 8
L 17 10 -5
L 18 12 1
L 19 10 5
D 16 11 2 17 18 19 8
L 21 14 -8
L 23 16 -9
L 24 18 -10
L 25 16 9
D 22 17 2 23 24 25 8
L 26 14 8
D 20 15 2 21 22 26 8
L 28 12 -1
T 29
D 27 11 2 17 28 19 29
D 15 13 2 16 20 27 8
L 31 8 7
D 30 7 2 12 31 14 29
D 10 9 2 11 15 30 8
L 34 4 2
D 33 3 2 5 34 7 29
D 32 1 2 3 33 9 29
D 1 5 2 2 10 32 8
L 39 20 -14
L 40 22 -15
L 41 20 14
D 38 21 2 39 40 41 8
L 43 24 -16
L 44 26 -17
L 45 24 16
D 42 25 2 43 44 45 8
L 47 22 15
D 46 21 2 39 47 41 29
D 37 23 2 38 42 46 8
L 50 28 -13
L 51 30 -12
L 52 28 13
D 49 29 2 50 51 52 8
L 55 32 11
L 56 34 -18
L 57 32 -11
D 54 33 2 55 56 57 8
L 59 36 -20
L 60 38 -19
L 61 36 20
D 58 37 2 59 60 61 8
L 63 34 18
D 62 33 2 55 63 57 29
D 53 35 2 54 58 62 8
L 65 30 12
D 64 29 2 50 65 52 29
D 48 31 2 49 53 64 8
L 68 26 17
D 67 25 2 43 68 45 29
D 66 23 2 38 67 46 29
D 36 27 2 37 48 66 8
L 73 40 -34
L 74 42 -35
L 75 40 34
D 72 41 2 73 74 75 8
L 77 44 -32
L 78 46 -33
L 79 44 32
D 76 45 2 77 78 79 8
L 81 42 35
D 80 41 2 73 81 75 29
D 71 43 2 72 76 80 8
L 84 48 -37
L 85 50 -38
L 86 48 37
D 83 49 2 84 85 86 8
L 89 52 31
L 90 54 -36
L 91 52 -31
D 88 53 2 89 90 91 8
L 93 56 -39
L 94 58 -40
L 95 56 39
D 92 57 2 93 94 95 8
L 97 54 36
D 96 53 2 89 97 91 29
D 87 55 2 88 92 96 8
L 99 50 38
D 98 49 2 84 99 86 29
D 82 51 2 83 87 98 8
L 102 46 33
D 101 45 2 77 102 79 29
D 100 43 2 72 101 80 29
D 70 47 2 71 82 100 8
L 107 60 -22
L 108 62 21
L 109 60 22
D 106 61 2 107 108 109 8
L 111 64 -25
L 112 66 -26
L 113 64 25
D 110 65 2 111 112 113 8
L 115 62 -21
D 114 61 2 107 115 109 29
D 105 63 2 106 110 114 8
L 118 68 -27
L 119 70 -28
L 120 68 27
D 117 69 2 118 119 120 8
L 123 72 -23
L 124 74 -24
L 125 72 23
D 122 73 2 123 124 125 8
L 127 76 -30
L 128 78 -29
L 129 76 30
D 126 77 2 127 128 129 8
L 131 74 24
D 130 73 2 123 131 125 29
D 121 75 2 122 126 130 8
L 133 70 28
D 132 69 2 118 133 120 29
D 116 71 2 117 121 132 8
L 136 66 26
D 135 65 2 111 136 113 29
D 134 63 2 106 135 114 29
D 104 67 2 105 116 134 8
L 140 80 46
L 141 82 -47
L 142 80 -46
D 139 81 2 140 141 142 8
L 144 84 -48
L 146 86 -50
L 147 88 -49
L 148 86 50
D 145 87 2 146 147 148 8
L 149 84 48
D 143 85 2 144 145 149 8
L 151 82 47
D 150 81 2 140 151 142 29
D 138 83 2 139 143 150 8
L 155 90 -43
L 156 92 -44
L 157 90 43
D 154 91 2 155 156 157 8
L 159 94 -42
L 161 96 -45
L 162 98 -41
L 163 96 45
D 160 97 2 161 162 163 8
L 164 94 42
D 158 95 2 159 160 164 8
L 166 92 44
D 165 91 2 155 166 157 29
D 153 93 2 154 158 165 8
L 169 100 -57
L 171 102 -58
L 173 104 -60
L 174 106 -59
L 175 104 60
D 172 105 2 173 174 175 8
L 176 102 58
D 170 103 2 171 172 176 8
L 177 100 57
D 168 101 2 169 170 177 8
L 180 108 -53
L 182 110 -56
L 183 112 -55
L 184 110 56
D 181 111 2 182 183 184 8
L 185 108 53
D 179 109 2 180 181 185 8
L 188 114 51
L 190 116 -54
L 191 118 -52
L 192 116 54
D 189 117 2 190 191 192 8
L 193 114 -51
D 187 115 2 188 189 193 8
L 196 120 -61
L 197 122 62
L 198 120 61
D 195 121 2 196 197 198 8
L 201 124 -63
L 202 126 -64
L 203 124 63
D 200 125 2 201 202 203 8
L 205 128 -65
L 207 130 -66
L 209 132 -67
L 211 134 -68
L 213 136 -69
L 214 138 -70
L 215 136 69
D 212 137 2 213 214 215 8
L 216 134 68
D 210 135 2 211 212 216 8
L 217 132 67
D 208 133 2 209 210 217 8
L 218 130 66
D 206 131 2 207 208 218 8
L 219 128 65
D 204 129 2 205 206 219 8
L 221 126 64
D 220 125 2 201 221 203 29
D 199 127 2 200 204 220 8
L 223 122 -62
D 222 121 2 196 223 198 29
D 194 123 2 195 199 222 8
L 226 118 52
D 225 117 2 190 226 192 8
D 224 115 2 193 225 188 8
D 228 121 2 198 223 196 8
D 229 121 2 198 197 196 29
D 227 123 2 228 199 229 8
D 231 117 2 190 191 192 29
D 232 117 2 190 226 192 29
D 230 115 2 193 231 188 232
D 186 119 3 187 194 224 227 230 8
L 235 112 55
D 234 111 2 182 235 184 29
D 233 109 2 180 234 185 29
D 178 113 2 179 186 233 8
L 239 106 59
D 238 105 2 173 239 175 29
D 237 103 2 171 238 176 29
D 236 101 2 169 237 177 29
D 167 107 2 168 178 236 8
L 243 98 41
D 242 97 2 161 243 163 29
D 241 95 2 159 242 164 29
D 240 93 2 154 241 165 29
D 152 99 2 153 167 240 8
D 245 81 2 142 141 140 8
D 246 81 2 142 151 140 29
D 244 83 2 245 143 246 8
D 250 97 2 161 243 163 8
D 249 95 2 159 250 164 8
D 248 93 2 154 249 165 8
D 252 101 2 177 170 169 8
D 255 115 2 193 189 188 8
D 256 115 2 193 232 188 29
D 254 119 2 255 227 256 8
D 253 113 2 179 254 233 8
D 260 121 2 196 223 198 8
D 264 133 2 217 210 209 8
D 263 131 2 207 264 218 8
D 262 129 2 205 263 219 8
D 261 127 2 200 262 220 8
D 265 121 2 196 197 198 29
D 259 123 2 260 261 265 8
D 269 131 2 218 208 207 8
D 268 129 2 205 269 219 8
D 267 127 2 200 268 220 8
D 266 123 2 260 267 265 8
D 271 117 2 192 191 190 8
D 270 115 2 193 271 188 8
D 274 125 2 201 221 203 8
D 275 125 2 201 202 203 29
D 273 127 2 274 204 275 8
D 272 123 2 260 273 265 8
D 277 117 2 190 191 192 226
D 276 115 2 193 277 188 232
D 258 119 4 187 259 224 266 270 272 276 8
D 278 109 2 185 181 180 8
D 282 129 2 219 206 205 8
D 281 127 2 200 282 220 8
D 280 123 2 260 281 265 8
D 279 119 2 255 280 256 8
D 284 111 2 182 235 184 8
D 283 109 2 180 284 185 8
D 288 125 2 203 202 201 8
D 289 125 2 203 221 201 29
D 287 127 2 288 204 289 8
D 286 123 2 260 287 265 8
D 285 119 2 255 286 256 8
D 291 111 2 184 183 182 8
D 290 109 2 180 291 185 8
D 292 119 2 255 194 256 8
D 294 111 2 184 235 182 8
D 293 109 2 180 294 185 234
D 257 113 5 179 258 278 279 283 285 290 292 293 8
D 251 107 3 252 253 168 257 237 8
D 296 95 2 164 160 159 8
D 295 93 2 154 296 165 8
D 299 119 4 187 266 224 280 270 286 276 8
D 300 119 2 255 272 256 8
D 298 113 5 179 299 278 300 283 292 290 254 293 8
D 297 107 2 168 298 236 8
D 302 91 2 157 156 155 8
D 303 91 2 157 166 155 29
D 301 93 2 302 158 303 8
D 306 119 4 187 280 224 272 270 194 276 8
D 307 109 2 185 234 180 184
D 305 113 4 179 306 278 285 283 254 307 8
D 304 107 2 168 305 236 8
D 309 91 2 155 166 157 8
D 310 91 2 155 156 157 29
D 308 93 2 309 158 310 8
D 313 119 4 187 272 224 286 270 227 276 8
D 312 113 3 179 313 278 292 234 8
D 311 107 2 168 312 236 8
D 316 97 2 163 162 161 8
D 315 95 2 159 316 164 8
D 314 93 2 154 315 165 8
D 319 119 3 187 286 224 194 230 8
D 318 113 3 179 319 278 254 234 8
D 317 107 2 168 318 236 8
D 322 97 2 161 162 163 243
D 321 95 2 159 322 164 242
D 323 91 2 157 156 155 166
D 324 91 2 157 166 155 8
D 320 93 3 154 321 323 241 324 29
D 247 99 6 248 251 295 297 301 304 308 311 314 317 320 8
D 326 81 2 142 151 140 8
D 327 81 2 142 141 140 29
D 325 83 2 326 143 327 8
D 332 115 2 188 232 193 29
D 331 119 2 187 227 332 8
D 330 113 2 179 331 233 8
D 329 107 2 168 330 236 8
D 328 99 2 153 329 240 8
D 334 81 2 140 141 142 29
L 337 88 49
D 336 87 2 146 337 148 29
D 335 85 2 144 336 149 29
D 338 81 2 140 151 142 8
D 333 83 2 334 335 338 29
D 137 89 4 138 152 244 247 325 328 333 8
D 341 61 2 109 115 107 8
D 342 61 2 109 108 107 29
D 340 63 2 341 110 342 8
D 343 63 2 341 135 342 29
D 339 67 2 340 116 343 8
D 345 99 6 248 297 295 304 301 311 308 317 314 167 320 8
D 346 83 2 141 335 151 29
D 344 89 3 138 328 244 345 346 8
D 349 61 2 107 115 109 8
D 350 61 2 107 108 109 29
D 348 63 2 349 110 350 8
D 353 73 2 125 124 123 8
D 354 73 2 125 131 123 29
D 352 75 2 353 126 354 8
D 351 71 2 117 352 132 8
D 355 63 2 349 135 350 29
D 347 67 2 348 351 355 8
D 357 99 6 248 304 295 311 301 317 308 167 314 329 320 8
D 358 83 2 245 335 246 29
D 356 89 2 244 357 358 8
D 362 73 2 123 131 125 8
D 363 73 2 123 124 125 29
D 361 75 2 362 126 363 8
D 360 71 2 117 361 132 8
D 359 67 2 348 360 355 8
D 368 97 2 161 162 163 29
D 367 95 2 164 242 159 368
D 366 93 3 154 367 323 241 324 29
D 365 99 5 248 311 295 317 301 167 308 329 366 8
D 364 89 2 244 365 358 8
D 371 65 2 113 112 111 8
D 370 63 2 349 371 350 8
D 373 65 2 113 136 111 29
D 372 63 2 349 373 350 29
D 369 67 2 370 116 372 8
D 376 93 3 154 367 302 241 166 29
D 375 99 4 248 317 295 167 301 329 376 8
D 374 89 2 244 375 358 8
D 379 65 2 111 136 113 8
D 378 63 2 349 379 350 8
D 381 65 2 111 112 113 29
D 380 63 2 349 381 350 29
D 377 67 2 378 116 380 8
D 384 93 2 154 367 165 29
D 383 99 3 248 167 295 329 384 8
D 382 89 2 244 383 358 8
D 387 69 2 120 119 118 8
D 388 69 2 120 133 118 29
D 386 71 2 387 121 388 8
D 385 67 2 348 386 355 8
D 392 95 2 159 368 164 29
D 391 93 2 154 392 165 29
D 390 99 2 248 329 391 8
D 389 89 2 244 390 358 8
D 396 73 2 125 124 123 131
L 398 78 29
D 397 77 2 127 398 129 29
D 399 73 2 123 124 125 131
D 395 75 2 396 397 399 29
D 400 75 2 122 397 130 29
D 394 71 3 117 395 387 400 133 29
D 402 65 2 113 112 111 136
D 403 61 2 109 115 107 108
D 404 61 2 109 108 107 8
D 401 63 3 349 402 403 110 404 8
D 405 71 2 117 400 132 29
D 407 65 2 113 136 111 8
D 406 63 3 349 407 403 135 404 29
D 393 67 3 348 394 401 405 406 29
D 103 79 8 104 137 339 344 347 356 359 364 369 374 377 382 385 389 393 8
D 410 45 2 79 78 77 8
D 409 43 2 72 410 80 8
D 413 53 2 91 90 89 8
D 414 53 2 91 97 89 29
D 412 55 2 413 92 414 8
D 411 51 2 83 412 98 8
D 416 45 2 79 102 77 29
D 415 43 2 72 416 80 29
D 408 47 2 409 411 415 8
D 419 71 2 117 395 132 29
D 418 67 3 348 419 401 405 406 29
D 417 79 7 104 344 339 356 347 364 359 374 369 382 377 389 418 8
D 422 45 2 77 102 79 8
D 421 43 2 72 422 80 8
D 424 45 2 77 78 79 29
D 423 43 2 72 424 80 29
D 420 47 2 421 411 423 8
D 427 63 3 349 371 403 110 404 8
D 428 63 3 403 135 349 136 404 29
D 426 67 3 348 419 427 405 428 29
D 425 79 6 104 356 339 364 347 374 359 382 369 389 426 8
D 431 41 2 75 74 73 8
D 432 41 2 75 81 73 29
D 430 43 2 431 76 432 8
D 433 43 2 431 101 432 29
D 429 47 2 430 411 433 8
D 437 61 2 107 115 109 108
D 436 63 2 403 110 437 8
D 439 61 2 109 115 107 29
D 438 63 2 439 135 404 29
D 435 67 3 348 419 436 405 438 29
D 434 79 5 104 364 339 374 347 382 359 389 435 8
D 442 41 2 73 81 75 8
D 443 41 2 73 74 75 29
D 441 43 2 442 76 443 8
D 444 43 2 442 101 443 29
D 440 47 2 441 411 444 8
D 448 75 2 353 397 354 29
D 447 71 2 117 448 132 29
D 446 67 3 348 447 436 405 438 29
D 445 79 4 104 374 339 382 347 389 446 8
D 452 53 2 91 97 89 8
D 453 53 2 91 90 89 29
D 451 55 2 452 92 453 8
D 450 51 2 83 451 98 8
D 449 47 2 71 450 100 8
D 456 63 2 403 135 437 29
D 455 67 2 436 405 456 29
D 454 79 3 104 382 339 389 455 8
D 459 49 2 86 85 84 8
D 460 49 2 86 99 84 29
D 458 51 2 459 412 460 8
D 457 47 2 71 458 100 8
D 462 67 2 105 405 134 29
D 461 79 2 104 389 462 8
D 466 53 2 89 90 91 97
L 468 58 40
D 467 57 2 93 468 95 29
D 469 53 2 91 90 89 97
D 465 55 2 466 467 469 29
D 470 55 2 413 467 414 29
D 464 51 3 83 465 459 470 99 29
D 472 45 2 79 78 77 102
D 473 41 2 75 74 73 81
D 474 41 2 75 81 73 8
D 471 43 3 72 472 473 76 474 8
D 475 51 2 83 470 98 29
D 477 45 2 79 102 77 8
D 476 43 3 72 477 473 101 474 29
D 463 47 3 71 464 471 475 476 29
D 69 59 8 70 103 408 417 420 425 429 434 440 445 449 454 457 461 463 8
D 480 29 2 50 65 52 8
D 482 33 2 57 56 55 8
D 483 33 2 57 63 55 29
D 481 35 2 482 58 483 8
D 484 29 2 50 51 52 29
D 479 31 2 480 481 484 8
D 478 27 2 37 479 66 8
D 487 51 2 83 465 98 29
D 486 47 3 71 487 471 475 476 29
D 485 59 7 70 417 408 425 420 434 429 445 440 454 449 461 486 8
D 490 29 2 52 51 50 8
D 491 29 2 52 65 50 29
D 489 31 2 490 481 491 8
D 488 27 2 37 489 66 8
D 495 55 2 88 467 96 29
D 494 51 2 83 495 98 29
D 493 47 3 71 494 471 475 476 29
D 492 59 6 70 425 408 434 420 445 429 454 440 461 493 8
D 498 21 2 41 40 39 8
D 499 21 2 41 47 39 29
D 497 23 2 498 42 499 8
D 500 31 2 49 481 64 8
D 501 23 2 498 67 499 29
D 496 27 2 497 500 501 8
D 504 43 3 72 472 431 76 81 8
D 505 43 3 72 477 431 101 81 29
D 503 47 3 71 494 504 475 505 29
D 502 59 5 70 434 408 445 420 454 429 461 503 8
D 508 21 2 39 47 41 8
D 509 21 2 39 40 41 29
D 507 23 2 508 42 509 8
D 510 23 2 508 67 509 29
D 506 27 2 507 500 510 8
D 513 43 2 72 472 80 8
D 514 43 2 72 477 80 29
D 512 47 3 71 494 513 475 514 29
D 511 59 4 70 445 408 454 420 461 512 8
D 517 25 2 45 44 43 8
D 516 23 2 38 517 46 8
D 519 25 2 45 68 43 29
D 518 23 2 38 519 46 29
D 515 27 2 516 500 518 8
D 522 43 2 72 102 80 29
D 521 47 3 71 494 409 475 522 29
D 520 59 3 70 454 408 461 521 8
D 525 25 2 43 68 45 8
D 524 23 2 38 525 46 8
D 527 25 2 43 44 45 29
D 526 23 2 38 527 46 29
D 523 27 2 524 500 526 8
D 529 47 2 71 494 100 29
D 528 59 2 70 461 529 8
L 534 38 19
D 533 37 2 59 534 61 29
D 532 35 2 54 533 62 29
D 535 29 2 52 51 50 65
D 536 35 2 482 533 483 29
D 537 29 2 52 65 50 8
D 531 31 3 49 532 535 536 537 29
D 539 25 2 45 44 43 68
D 540 21 2 41 40 39 47
D 541 21 2 41 47 39 8
D 538 23 3 38 539 540 42 541 8
D 542 31 2 49 536 64 29
D 544 25 2 45 68 43 8
D 543 23 3 38 544 540 67 541 29
D 530 27 3 37 531 538 542 543 29
D 35 39 8 36 69 478 485 488 492 496 502 506 511 515 520 523 528 530 8
D 547 3 2 5 34 7 8
D 546 1 2 3 547 9 8
D 550 11 2 17 28 19 8
D 551 11 2 17 18 19 29
D 549 13 2 550 20 551 8
D 548 9 2 11 549 30 8
D 553 3 2 5 6 7 29
D 552 1 2 3 553 9 29
D 545 5 2 546 548 552 8
D 556 23 3 38 517 540 42 541 8
D 557 23 3 540 67 38 68 541 29
D 555 27 3 37 531 556 542 557 29
D 554 39 7 36 485 478 492 488 502 496 511 506 520 515 528 555 8
D 559 1 2 9 4 3 8
D 560 1 2 9 33 3 29
D 558 5 2 559 548 560 8
D 564 21 2 39 40 41 47
D 563 23 2 540 42 564 8
D 566 21 2 41 40 39 29
D 565 23 2 566 67 541 29
D 562 27 3 37 531 563 542 565 29
D 561 39 6 36 492 478 502 488 511 496 520 506 528 562 8
D 569 3 2 7 6 5 8
D 568 1 2 3 569 9 8
D 571 3 2 7 34 5 29
D 570 1 2 3 571 9 29
D 567 5 2 568 548 570 8
D 574 23 2 40 67 47 29
D 573 27 3 37 531 497 542 574 29
D 572 39 5 36 502 478 511 488 520 496 528 573 8
D 578 11 2 19 28 17 8
D 579 11 2 19 18 17 29
D 577 13 2 578 20 579 8
D 576 9 2 11 577 30 8
D 575 5 2 2 576 32 8
D 581 27 2 37 531 66 29
D 580 39 4 36 511 478 520 488 528 581 8
D 584 7 2 14 13 12 8
D 585 7 2 14 31 12 29
D 583 9 2 584 549 585 8
D 582 5 2 2 583 32 8
D 588 31 3 49 532 480 536 52 29
D 587 27 2 37 588 66 29
D 586 39 3 36 520 478 528 587 8
D 591 7 2 12 31 14 8
D 592 7 2 12 13 14 29
D 590 9 2 591 549 592 8
D 589 5 2 2 590 32 8
D 595 31 2 49 532 64 29
D 594 27 2 37 595 66 29
D 593 39 2 36 528 594 8
D 599 11 2 19 28 17 18
L 602 18 10
D 601 17 2 23 602 25 29
D 600 15 2 21 601 26 29
D 603 11 2 17 28 19 18
D 598 13 2 599 600 603 29
D 604 7 2 14 13 12 31
D 605 13 2 550 600 551 29
D 606 7 2 14 31 12 8
D 597 9 3 11 598 604 605 606 29
D 608 3 2 7 6 5 34
D 607 1 2 3 608 9 4
D 609 9 2 11 605 30 29
D 611 3 2 7 34 5 8
D 610 1 2 3 611 9 33
D 596 5 3 2 597 607 609 610 29
D 0 19 8 1 35 545 554 558 561 567 572 575 580 582 586 589 593 596 8
