c ids of sdd nodes start at 0
c sdd nodes appear bottom-up, children before parents
c
c file syntax:
c sdd count-of-sdd-nodes
c F id-of-false-sdd-node
c T id-of-true-sdd-node
c L id-of-literal-sdd-node id-of-vtree literal
c D id-of-decomposition-sdd-node id-of-vtree number-of-elements {id-of-prime id-of-sub}*
c
sdd 383
L 3 0 -3
L 5 2 -4
L 6 4 -2
L 7 2 4
F 8
D 4 3 2 5 6 7 8
L 9 0 3
D 2 1 2 3 4 9 8
L 12 6 -6
L 13 8 -7
L 14 6 6
D 11 7 2 12 13 14 8
L 17 10 -5
L 18 12 -1
L 19 10 5
D 16 11 2 17 18 19 8
L 21 14 8
L 23 16 -9
L 24 18 -10
L 25 16 9
D 22 17 2 23 24 25 8
L 26 14 -8
D 20 15 2 21 22 26 8
L 28 12 1
T 29
D 27 11 2 17 28 19 29
D 15 13 2 16 20 27 8
L 31 8 7
D 30 7 2 12 31 14 29
D 10 9 2 11 15 30 8
L 34 4 2
D 33 3 2 5 34 7 29
D 32 1 2 3 33 9 29
D 1 5 2 2 10 32 8
L 39 20 -14
L 40 22 -15
L 41 20 14
D 38 21 2 39 40 41 8
L 43 24 -16
L 44 26 -17
L 45 24 16
D 42 25 2 43 44 45 8
L 47 22 15
D 46 21 2 39 47 41 29
D 37 23 2 38 42 46 8
L 50 28 -13
L 51 30 -12
L 52 28 13
D 49 29 2 50 51 52 8
L 55 32 -11
L 56 34 -18
L 57 32 11
D 54 33 2 55 56 57 8
L 59 36 20
L 60 38 -19
L 61 36 -20
D 58 37 2 59 60 61 8
L 63 34 18
D 62 33 2 55 63 57 29
D 53 35 2 54 58 62 8
L 65 30 12
D 64 29 2 50 65 52 29
D 48 31 2 49 53 64 8
L 68 26 17
D 67 25 2 43 68 45 29
D 66 23 2 38 67 46 29
D 36 27 2 37 48 66 8
L 73 40 -34
L 74 42 -35
L 75 40 34
D 72 41 2 73 74 75 8
L 77 44 -32
L 78 46 -33
L 79 44 32
D 76 45 2 77 78 79 8
L 81 42 35
D 80 41 2 73 81 75 29
D 71 43 2 72 76 80 8
L 84 48 -37
L 85 50 -38
L 86 48 37
D 83 49 2 84 85 86 8
L 89 52 -31
L 90 54 -36
L 91 52 31
D 88 53 2 89 90 91 8
L 93 56 -39
L 94 58 40
L 95 56 39
D 92 57 2 93 94 95 8
L 97 54 36
D 96 53 2 89 97 91 29
D 87 55 2 88 92 96 8
L 99 50 38
D 98 49 2 84 99 86 29
D 82 51 2 83 87 98 8
L 102 46 33
D 101 45 2 77 102 79 29
D 100 43 2 72 101 80 29
D 70 47 2 71 82 100 8
L 107 60 -22
L 108 62 -21
L 109 60 22
D 106 61 2 107 108 109 8
L 111 64 -25
L 112 66 -26
L 113 64 25
D 110 65 2 111 112 113 8
L 115 62 21
D 114 61 2 107 115 109 29
D 105 63 2 106 110 114 8
L 118 68 -27
L 119 70 -28
L 120 68 27
D 117 69 2 118 119 120 8
L 123 72 -23
L 124 74 -24
L 125 72 23
D 122 73 2 123 124 125 8
L 127 76 30
L 128 78 -29
L 129 76 -30
D 126 77 2 127 128 129 8
L 131 74 24
D 130 73 2 123 131 125 29
D 121 75 2 122 126 130 8
L 133 70 28
D 132 69 2 118 133 120 29
D 116 71 2 117 121 132 8
L 136 66 26
D 135 65 2 111 136 113 29
D 134 63 2 106 135 114 29
D 104 67 2 105 116 134 8
L 140 80 -46
L 141 82 -47
L 142 80 46
D 139 81 2 140 141 142 8
L 144 84 -48
L 146 86 50
L 147 88 -49
L 148 86 -50
D 145 87 2 146 147 148 8
L 149 84 48
D 143 85 2 144 145 149 8
L 151 82 47
D 150 81 2 140 151 142 29
D 138 83 2 139 143 150 8
L 155 90 -43
L 156 92 -44
L 157 90 43
D 154 91 2 155 156 157 8
L 159 94 -42
L 161 96 -45
L 162 98 -41
L 163 96 45
D 160 97 2 161 162 163 8
L 164 94 42
D 158 95 2 159 160 164 8
L 166 92 44
D 165 91 2 155 166 157 29
D 153 93 2 154 158 165 8
L 169 100 -57
L 171 102 -58
L 173 104 60
L 174 106 -59
L 175 104 -60
D 172 105 2 173 174 175 8
L 176 102 58
D 170 103 2 171 172 176 8
L 177 100 57
D 168 101 2 169 170 177 8
L 180 108 -53
L 182 110 -56
L 183 112 -55
L 184 110 56
D 181 111 2 182 183 184 8
L 185 108 53
D 179 109 2 180 181 185 8
L 188 114 -51
L 190 116 -54
L 191 118 -52
L 192 116 54
D 189 117 2 190 191 192 8
L 193 114 51
D 187 115 2 188 189 193 8
L 196 120 -61
L 197 122 -62
L 198 120 61
D 195 121 2 196 197 198 8
L 201 124 -63
L 202 126 -64
L 203 124 63
D 200 125 2 201 202 203 8
L 205 128 -65
L 207 130 -66
L 209 132 -67
L 211 134 -68
L 213 136 -69
L 214 138 70
L 215 136 69
D 212 137 2 213 214 215 8
L 216 134 68
D 210 135 2 211 212 216 8
L 217 132 67
D 208 133 2 209 210 217 8
L 218 130 66
D 206 131 2 207 208 218 8
L 219 128 65
D 204 129 2 205 206 219 8
L 221 126 64
D 220 125 2 201 221 203 29
D 199 127 2 200 204 220 8
L 223 122 62
D 222 121 2 196 223 198 29
D 194 123 2 195 199 222 8
L 226 118 52
D 225 117 2 190 226 192 29
D 224 115 2 188 225 193 29
D 186 119 2 187 194 224 8
L 229 112 55
D 228 111 2 182 229 184 29
D 227 109 2 180 228 185 29
D 178 113 2 179 186 227 8
L 233 106 59
D 232 105 2 173 233 175 29
D 231 103 2 171 232 176 29
D 230 101 2 169 231 177 29
D 167 107 2 168 178 230 8
L 237 98 41
D 236 97 2 161 237 163 29
D 235 95 2 159 236 164 29
D 234 93 2 154 235 165 29
D 152 99 2 153 167 234 8
L 241 88 49
D 240 87 2 146 241 148 29
D 239 85 2 144 240 149 29
D 238 83 2 139 239 150 29
D 137 89 2 138 152 238 8
L 246 78 29
D 245 77 2 127 246 129 29
D 244 75 2 122 245 130 29
D 243 71 2 117 244 132 29
D 242 67 2 105 243 134 29
D 103 79 2 104 137 242 8
L 251 58 -40
D 250 57 2 93 251 95 29
D 249 55 2 88 250 96 29
D 248 51 2 83 249 98 29
D 247 47 2 71 248 100 29
D 69 59 2 70 103 247 8
L 256 38 19
D 255 37 2 59 256 61 29
D 254 35 2 54 255 62 29
D 253 31 2 49 254 64 29
D 252 27 2 37 253 66 29
D 35 39 2 36 69 252 8
D 261 17 2 25 24 23 8
D 260 15 2 26 261 21 8
D 259 13 2 16 260 27 8
D 258 9 2 11 259 30 8
D 257 5 2 2 258 32 8
D 266 37 2 61 256 59 8
D 265 35 2 54 266 62 8
D 264 31 2 49 265 64 8
D 263 27 2 37 264 66 8
D 271 57 2 95 251 93 8
D 270 55 2 88 271 96 8
D 269 51 2 83 270 98 8
D 268 47 2 71 269 100 8
D 276 77 2 129 246 127 8
D 275 75 2 122 276 130 8
D 274 71 2 117 275 132 8
D 273 67 2 105 274 134 8
D 282 105 2 175 233 173 8
D 281 103 2 171 282 176 8
D 280 101 2 169 281 177 8
L 292 138 -70
D 291 137 2 215 292 213 8
D 290 135 2 211 291 216 8
D 289 133 2 209 290 217 8
D 288 131 2 207 289 218 8
D 287 129 2 205 288 219 8
D 286 127 2 200 287 220 8
D 285 123 2 195 286 222 8
D 284 119 2 187 285 224 8
D 283 113 2 179 284 227 8
D 295 105 2 175 174 173 233
D 294 103 2 171 295 176 29
D 293 101 2 169 294 177 29
D 279 107 3 280 178 168 283 293 8
D 278 99 2 153 279 234 8
D 298 87 2 148 241 146 8
D 297 85 2 144 298 149 8
D 296 83 2 139 297 150 8
D 301 87 2 148 147 146 241
D 300 85 2 144 301 149 29
D 299 83 2 139 300 150 29
D 277 89 3 138 278 296 152 299 8
D 305 77 2 129 128 127 246
D 304 75 2 122 305 130 29
D 303 71 2 117 304 132 29
D 302 67 2 105 303 134 29
D 272 79 3 273 137 104 277 302 8
D 309 57 2 93 251 95 94
D 308 55 2 88 309 96 29
D 307 51 2 83 308 98 29
D 306 47 2 71 307 100 29
D 267 59 3 268 103 70 272 306 8
D 313 37 2 61 60 59 256
D 312 35 2 54 313 62 29
D 311 31 2 49 312 64 29
D 310 27 2 37 311 66 29
D 262 39 3 263 69 36 267 310 8
L 319 18 10
D 318 17 2 23 319 25 8
D 317 15 2 26 318 21 8
D 316 13 2 16 317 27 8
D 315 9 2 11 316 30 8
D 314 5 2 2 315 32 8
D 324 33 2 55 63 57 8
D 325 37 2 61 60 59 8
D 326 33 2 55 56 57 29
D 323 35 2 324 325 326 8
D 322 31 2 49 323 64 8
D 321 27 2 37 322 66 8
D 330 49 2 84 99 86 8
D 332 57 2 93 251 95 8
D 331 55 2 88 332 96 8
D 333 49 2 84 85 86 29
D 329 51 2 330 331 333 8
D 328 47 2 71 329 100 8
D 337 69 2 118 133 120 8
D 339 77 2 129 128 127 8
D 338 75 2 122 339 130 8
D 340 69 2 118 119 120 29
D 336 71 2 337 338 340 8
D 335 67 2 105 336 134 8
D 352 137 2 213 292 215 8
D 351 135 2 216 352 211 8
D 350 133 2 209 351 217 8
D 349 131 2 207 350 218 8
D 348 129 2 205 349 219 8
D 347 127 2 200 348 220 8
D 346 123 2 195 347 222 8
D 345 119 2 187 346 224 8
D 344 113 2 179 345 227 8
D 355 105 2 175 174 173 8
D 354 103 2 176 355 171 8
D 353 101 2 169 354 177 8
D 358 105 2 175 233 173 29
D 357 103 2 171 295 176 358
D 356 101 2 169 357 177 29
D 343 107 4 168 344 353 178 280 283 356 8
D 342 99 2 153 343 234 8
D 361 87 2 148 147 146 8
D 360 85 2 149 361 144 8
D 359 83 2 139 360 150 8
D 364 87 2 148 241 146 29
D 363 85 2 144 301 149 364
D 362 83 2 139 363 150 29
D 341 89 4 138 342 296 278 359 152 362 8
D 368 77 2 129 246 127 29
D 367 75 2 122 368 130 29
D 366 71 3 117 304 337 367 120 29
D 365 67 2 105 366 134 29
D 334 79 4 335 137 273 277 104 341 365 8
D 372 57 2 93 94 95 29
D 371 55 2 88 372 96 29
D 370 51 3 83 308 330 371 86 29
D 369 47 2 71 370 100 29
D 327 59 4 328 103 268 272 70 334 369 8
D 376 37 2 61 256 59 29
D 375 35 3 324 376 54 313 57 29
D 374 31 2 49 375 64 29
D 373 27 2 37 374 66 29
D 320 39 4 321 69 263 267 36 327 373 8
D 381 17 2 23 24 25 319
D 382 17 2 23 319 25 29
D 380 15 2 26 381 21 382
D 379 13 2 16 380 27 29
D 378 9 2 11 379 30 29
D 377 5 2 2 378 32 29
D 0 19 4 1 35 257 262 314 320 377 8
