c ids of sdd nodes start at 0
c sdd nodes appear bottom-up, children before parents
c
c file syntax:
c sdd count-of-sdd-nodes
c F id-of-false-sdd-node
c T id-of-true-sdd-node
c L id-of-literal-sdd-node id-of-vtree literal
c D id-of-decomposition-sdd-node id-of-vtree number-of-elements {id-of-prime id-of-sub}*
c
sdd 667
L 3 0 -3
L 5 2 -4
L 6 4 -2
L 7 2 4
F 8
D 4 3 2 5 6 7 8
L 9 0 3
D 2 1 2 3 4 9 8
L 12 6 -6
L 13 8 -7
L 14 6 6
D 11 7 2 12 13 14 8
L 17 10 -5
L 18 12 1
L 19 10 5
D 16 11 2 17 18 19 8
L 21 14 -8
L 23 16 -9
L 24 18 -10
L 25 16 9
D 22 17 2 23 24 25 8
L 26 14 8
D 20 15 2 21 22 26 8
L 28 12 -1
T 29
D 27 11 2 17 28 19 29
D 15 13 2 16 20 27 8
L 31 8 7
D 30 7 2 12 31 14 29
D 10 9 2 11 15 30 8
L 34 4 2
D 33 3 2 5 34 7 29
D 32 1 2 3 33 9 29
D 1 5 2 2 10 32 8
L 39 20 -14
L 40 22 -15
L 41 20 14
D 38 21 2 39 40 41 8
L 43 24 -16
L 44 26 -17
L 45 24 16
D 42 25 2 43 44 45 8
L 47 22 15
D 46 21 2 39 47 41 29
D 37 23 2 38 42 46 8
L 50 28 -13
L 51 30 -12
L 52 28 13
D 49 29 2 50 51 52 8
L 55 32 11
L 56 34 -18
L 57 32 -11
D 54 33 2 55 56 57 8
L 59 36 -20
L 60 38 -19
L 61 36 20
D 58 37 2 59 60 61 8
L 63 34 18
D 62 33 2 55 63 57 29
D 53 35 2 54 58 62 8
L 65 30 12
D 64 29 2 50 65 52 29
D 48 31 2 49 53 64 8
L 68 26 17
D 67 25 2 43 68 45 29
D 66 23 2 38 67 46 29
D 36 27 2 37 48 66 8
L 73 40 -34
L 74 42 -35
L 75 40 34
D 72 41 2 73 74 75 8
L 77 44 -32
L 78 46 -33
L 79 44 32
D 76 45 2 77 78 79 8
L 81 42 35
D 80 41 2 73 81 75 29
D 71 43 2 72 76 80 8
L 84 48 -37
L 85 50 -38
L 86 48 37
D 83 49 2 84 85 86 8
L 89 52 31
L 90 54 -36
L 91 52 -31
D 88 53 2 89 90 91 8
L 93 56 -39
L 94 58 -40
L 95 56 39
D 92 57 2 93 94 95 8
L 97 54 36
D 96 53 2 89 97 91 29
D 87 55 2 88 92 96 8
L 99 50 38
D 98 49 2 84 99 86 29
D 82 51 2 83 87 98 8
L 102 46 33
D 101 45 2 77 102 79 29
D 100 43 2 72 101 80 29
D 70 47 2 71 82 100 8
L 107 60 -22
L 108 62 21
L 109 60 22
D 106 61 2 107 108 109 8
L 111 64 -25
L 112 66 -26
L 113 64 25
D 110 65 2 111 112 113 8
L 115 62 -21
D 114 61 2 107 115 109 29
D 105 63 2 106 110 114 8
L 118 68 -27
L 119 70 -28
L 120 68 27
D 117 69 2 118 119 120 8
L 123 72 -23
L 124 74 -24
L 125 72 23
D 122 73 2 123 124 125 8
L 127 76 -30
L 128 78 -29
L 129 76 30
D 126 77 2 127 128 129 8
L 131 74 24
D 130 73 2 123 131 125 29
D 121 75 2 122 126 130 8
L 133 70 28
D 132 69 2 118 133 120 29
D 116 71 2 117 121 132 8
L 136 66 26
D 135 65 2 111 136 113 29
D 134 63 2 106 135 114 29
D 104 67 2 105 116 134 8
L 140 80 46
L 141 82 -47
L 142 80 -46
D 139 81 2 140 141 142 8
L 144 84 -48
L 146 86 -50
L 147 88 -49
L 148 86 50
D 145 87 2 146 147 148 8
L 149 84 48
D 143 85 2 144 145 149 8
L 151 82 47
D 150 81 2 140 151 142 29
D 138 83 2 139 143 150 8
L 155 90 -43
L 156 92 -44
L 157 90 43
D 154 91 2 155 156 157 8
L 159 94 -42
L 161 96 -45
L 162 98 -41
L 163 96 45
D 160 97 2 161 162 163 8
L 164 94 42
D 158 95 2 159 160 164 8
L 166 92 44
D 165 91 2 155 166 157 29
D 153 93 2 154 158 165 8
L 169 100 -57
L 171 102 -58
L 173 104 -60
L 174 106 -59
L 175 104 60
D 172 105 2 173 174 175 8
L 176 102 58
D 170 103 2 171 172 176 8
L 177 100 57
D 168 101 2 169 170 177 8
L 180 108 -53
L 182 110 -56
L 183 112 -55
L 184 110 56
D 181 111 2 182 183 184 8
L 185 108 53
D 179 109 2 180 181 185 8
L 188 114 51
L 190 116 -54
L 191 118 -52
L 192 116 54
D 189 117 2 190 191 192 8
L 193 114 -51
D 187 115 2 188 189 193 8
L 196 120 -61
L 197 122 -62
L 198 120 61
D 195 121 2 196 197 198 8
L 201 124 63
L 202 126 -64
L 203 124 -63
D 200 125 2 201 202 203 8
L 205 128 -65
L 207 130 -66
L 209 132 -67
L 211 134 -68
L 213 136 -69
L 214 138 -70
L 215 136 69
D 212 137 2 213 214 215 8
L 216 134 68
D 210 135 2 211 212 216 8
L 217 132 67
D 208 133 2 209 210 217 8
L 218 130 66
D 206 131 2 207 208 218 8
L 219 128 65
D 204 129 2 205 206 219 8
L 221 126 64
D 220 125 2 201 221 203 29
D 199 127 2 200 204 220 8
L 223 122 62
D 222 121 2 196 223 198 29
D 194 123 2 195 199 222 8
L 226 118 52
D 225 117 2 190 226 192 8
D 224 115 2 193 225 188 8
D 228 121 2 196 223 198 8
D 230 125 2 203 202 201 8
D 231 125 2 203 221 201 29
D 229 127 2 230 204 231 8
D 232 121 2 196 197 198 29
D 227 123 2 228 229 232 8
D 234 117 2 190 191 192 29
D 235 117 2 190 226 192 29
D 233 115 2 193 234 188 235
D 186 119 3 187 194 224 227 233 8
D 236 109 2 185 181 180 8
D 238 115 2 193 189 188 8
D 240 121 2 198 197 196 8
D 241 121 2 198 223 196 29
D 239 123 2 240 229 241 8
D 242 115 2 193 235 188 29
D 237 119 2 238 239 242 8
L 244 112 55
D 243 111 2 182 244 184 29
D 178 113 3 179 186 236 237 243 8
L 248 106 59
D 247 105 2 173 248 175 29
D 246 103 2 171 247 176 29
D 245 101 2 169 246 177 29
D 167 107 2 168 178 245 8
L 252 98 41
D 251 97 2 161 252 163 29
D 250 95 2 159 251 164 29
D 249 93 2 154 250 165 29
D 152 99 2 153 167 249 8
D 254 81 2 142 141 140 8
D 255 81 2 142 151 140 29
D 253 83 2 254 143 255 8
D 259 97 2 161 252 163 8
D 258 95 2 159 259 164 8
D 257 93 2 154 258 165 8
D 261 101 2 177 170 169 8
D 263 119 2 238 227 242 8
D 264 109 2 180 243 185 29
D 262 113 2 179 263 264 8
D 272 135 2 216 212 211 8
D 271 133 2 209 272 217 8
D 270 131 2 207 271 218 8
D 269 129 2 205 270 219 8
D 268 127 2 230 269 231 8
D 267 123 2 195 268 222 8
D 277 133 2 217 210 209 8
D 276 131 2 207 277 218 8
D 275 129 2 205 276 219 8
D 274 127 2 230 275 231 8
D 273 123 2 195 274 222 8
D 279 117 2 192 191 190 8
D 278 115 2 193 279 188 8
D 282 129 2 219 206 205 8
D 281 127 2 230 282 231 8
D 280 123 2 195 281 222 8
D 284 117 2 190 191 192 226
D 283 115 2 193 284 188 235
D 266 119 4 187 267 224 273 278 280 283 8
D 289 131 2 218 208 207 8
D 288 129 2 205 289 219 8
D 287 127 2 230 288 231 8
D 286 123 2 195 287 222 8
D 285 119 2 238 286 242 8
D 291 111 2 182 244 184 8
D 290 109 2 180 291 185 8
D 295 125 2 203 221 201 8
D 296 125 2 203 202 201 29
D 294 127 2 295 204 296 8
D 293 123 2 195 294 222 8
D 292 119 2 238 293 242 8
D 298 111 2 184 183 182 8
D 297 109 2 180 298 185 8
D 299 119 2 238 194 242 8
D 301 111 2 184 244 182 8
D 300 109 2 180 301 185 243
D 265 113 5 179 266 236 285 290 292 297 299 300 8
D 303 103 2 176 172 171 8
D 302 101 2 169 303 177 8
D 304 113 2 179 237 264 8
D 305 101 2 177 246 169 247
D 260 107 4 261 262 168 265 302 304 305 8
D 307 95 2 164 160 159 8
D 306 93 2 154 307 165 8
D 310 119 4 187 273 224 286 278 293 283 8
D 311 119 2 238 280 242 8
D 309 113 5 179 310 236 311 290 299 297 263 300 8
D 308 107 3 261 304 168 309 246 8
D 313 91 2 157 156 155 8
D 314 91 2 157 166 155 29
D 312 93 2 313 158 314 8
D 317 119 4 187 286 224 280 278 194 283 8
D 316 113 5 179 317 236 292 290 263 297 237 300 8
D 315 107 2 168 316 245 8
D 319 91 2 155 166 157 8
D 320 91 2 155 156 157 29
D 318 93 2 319 158 320 8
D 323 119 4 187 280 224 293 278 227 283 8
D 324 109 2 185 243 180 184
D 322 113 4 179 323 236 299 290 237 324 8
D 321 107 2 168 322 245 8
D 327 97 2 163 162 161 8
D 326 95 2 159 327 164 8
D 325 93 2 154 326 165 8
D 330 119 4 187 293 224 194 278 239 283 8
D 329 113 3 179 330 236 263 243 8
D 328 107 2 168 329 245 8
D 333 97 2 161 162 163 252
D 332 95 2 159 333 164 251
D 334 91 2 157 156 155 166
D 335 91 2 157 166 155 8
D 331 93 3 154 332 334 250 335 29
D 256 99 6 257 260 306 308 312 315 318 321 325 328 331 8
D 337 81 2 142 151 140 8
D 338 81 2 142 141 140 29
D 336 83 2 337 143 338 8
D 342 119 3 187 227 224 239 233 8
D 341 113 2 179 342 264 8
D 340 107 2 168 341 245 8
D 339 99 2 153 340 249 8
D 344 85 2 149 145 144 8
D 343 83 2 254 344 255 8
D 349 115 2 188 235 193 29
D 348 119 2 187 239 349 8
D 347 113 2 179 348 264 8
D 346 107 2 168 347 245 8
D 345 99 2 153 346 249 8
D 351 81 2 140 141 142 151
L 354 88 49
D 353 87 2 146 354 148 29
D 352 85 2 144 353 149 29
D 355 81 2 140 151 142 8
D 350 83 3 351 352 254 353 355 29
D 137 89 5 138 152 253 256 336 339 343 345 350 8
D 358 61 2 109 115 107 8
D 359 61 2 109 108 107 29
D 357 63 2 358 110 359 8
D 360 63 2 358 135 359 29
D 356 67 2 357 116 360 8
D 362 99 6 257 308 306 315 312 321 318 328 325 167 331 8
D 364 81 2 140 141 142 29
D 363 83 2 364 352 355 29
D 361 89 4 138 339 253 362 336 345 363 8
D 367 61 2 107 115 109 8
D 368 61 2 107 108 109 29
D 366 63 2 367 110 368 8
D 371 73 2 125 124 123 8
D 372 73 2 125 131 123 29
D 370 75 2 371 126 372 8
D 369 71 2 117 370 132 8
D 373 63 2 367 135 368 29
D 365 67 2 366 369 373 8
D 375 99 6 257 315 306 321 312 328 318 167 325 340 331 8
D 376 83 2 141 352 151 29
D 374 89 3 138 345 253 375 376 8
D 380 73 2 123 131 125 8
D 381 73 2 123 124 125 29
D 379 75 2 380 126 381 8
D 378 71 2 117 379 132 8
D 377 67 2 366 378 373 8
D 383 99 6 257 321 306 328 312 167 318 340 325 346 331 8
D 384 83 2 254 352 255 29
D 382 89 2 253 383 384 8
D 387 65 2 113 112 111 8
D 386 63 2 367 387 368 8
D 389 65 2 113 136 111 29
D 388 63 2 367 389 368 29
D 385 67 2 386 116 388 8
D 394 97 2 161 162 163 29
D 393 95 2 164 251 159 394
D 392 93 3 154 393 334 250 335 29
D 391 99 5 257 328 306 167 312 340 318 346 392 8
D 390 89 2 253 391 384 8
D 397 65 2 111 136 113 8
D 396 63 2 367 397 368 8
D 399 65 2 111 112 113 29
D 398 63 2 367 399 368 29
D 395 67 2 396 116 398 8
D 402 93 3 154 393 313 250 166 29
D 401 99 4 257 167 306 340 312 346 402 8
D 400 89 2 253 401 384 8
D 405 69 2 120 119 118 8
D 406 69 2 120 133 118 29
D 404 71 2 405 121 406 8
D 403 67 2 366 404 373 8
D 409 93 2 154 393 165 29
D 408 99 3 257 340 306 346 409 8
D 407 89 2 253 408 384 8
D 412 69 2 118 133 120 8
D 413 69 2 118 119 120 29
D 411 71 2 412 121 413 8
D 410 67 2 366 411 373 8
D 417 95 2 159 394 164 29
D 416 93 2 154 417 165 29
D 415 99 2 257 346 416 8
D 414 89 2 253 415 384 8
D 421 73 2 125 124 123 131
L 423 78 29
D 422 77 2 127 423 129 29
D 424 73 2 123 124 125 131
D 420 75 2 421 422 424 29
D 425 69 2 120 119 118 133
D 426 75 2 122 422 130 29
D 427 69 2 120 133 118 8
D 419 71 3 117 420 425 426 427 29
D 429 65 2 113 112 111 136
D 430 61 2 109 115 107 108
D 431 61 2 109 108 107 8
D 428 63 3 367 429 430 110 431 8
D 432 71 2 117 426 132 29
D 434 65 2 113 136 111 8
D 433 63 3 367 434 430 135 431 29
D 418 67 3 366 419 428 432 433 29
D 103 79 9 104 137 356 361 365 374 377 382 385 390 395 400 403 407 410 414 418 8
D 437 45 2 79 78 77 8
D 436 43 2 72 437 80 8
D 440 53 2 91 90 89 8
D 441 53 2 91 97 89 29
D 439 55 2 440 92 441 8
D 438 51 2 83 439 98 8
D 443 45 2 79 102 77 29
D 442 43 2 72 443 80 29
D 435 47 2 436 438 442 8
D 446 71 3 117 420 405 426 133 29
D 445 67 3 366 446 428 432 433 29
D 444 79 8 104 361 356 374 365 382 377 390 385 400 395 407 403 414 445 8
D 449 45 2 77 102 79 8
D 448 43 2 72 449 80 8
D 451 45 2 77 78 79 29
D 450 43 2 72 451 80 29
D 447 47 2 448 438 450 8
D 454 71 2 117 420 132 29
D 453 67 3 366 454 428 432 433 29
D 452 79 7 104 374 356 382 365 390 377 400 385 407 395 414 453 8
D 457 41 2 75 74 73 8
D 458 41 2 75 81 73 29
D 456 43 2 457 76 458 8
D 459 43 2 457 101 458 29
D 455 47 2 456 438 459 8
D 462 63 3 367 387 430 110 431 8
D 463 63 3 430 135 367 136 431 29
D 461 67 3 366 454 462 432 463 29
D 460 79 6 104 382 356 390 365 400 377 407 385 414 461 8
D 466 41 2 73 81 75 8
D 467 41 2 73 74 75 29
D 465 43 2 466 76 467 8
D 468 43 2 466 101 467 29
D 464 47 2 465 438 468 8
D 472 61 2 107 115 109 108
D 471 63 2 430 110 472 8
D 474 61 2 109 115 107 29
D 473 63 2 474 135 431 29
D 470 67 3 366 454 471 432 473 29
D 469 79 5 104 390 356 400 365 407 377 414 470 8
D 478 53 2 91 97 89 8
D 479 53 2 91 90 89 29
D 477 55 2 478 92 479 8
D 476 51 2 83 477 98 8
D 475 47 2 71 476 100 8
D 483 75 2 371 422 372 29
D 482 71 2 117 483 132 29
D 481 67 3 366 482 471 432 473 29
D 480 79 4 104 400 356 407 365 414 481 8
D 486 49 2 86 85 84 8
D 487 49 2 86 99 84 29
D 485 51 2 486 439 487 8
D 484 47 2 71 485 100 8
D 490 63 2 430 135 472 29
D 489 67 2 471 432 490 29
D 488 79 3 104 407 356 414 489 8
D 493 49 2 84 99 86 8
D 494 49 2 84 85 86 29
D 492 51 2 493 439 494 8
D 491 47 2 71 492 100 8
D 496 67 2 105 432 134 29
D 495 79 2 104 414 496 8
D 500 53 2 89 90 91 97
L 502 58 40
D 501 57 2 93 502 95 29
D 503 53 2 91 90 89 97
D 499 55 2 500 501 503 29
D 504 49 2 86 85 84 99
D 505 55 2 440 501 441 29
D 506 49 2 86 99 84 8
D 498 51 3 83 499 504 505 506 29
D 508 45 2 79 78 77 102
D 509 41 2 75 74 73 81
D 510 41 2 75 81 73 8
D 507 43 3 72 508 509 76 510 8
D 511 51 2 83 505 98 29
D 513 45 2 79 102 77 8
D 512 43 3 72 513 509 101 510 29
D 497 47 3 71 498 507 511 512 29
D 69 59 9 70 103 435 444 447 452 455 460 464 469 475 480 484 488 491 495 497 8
D 516 29 2 50 65 52 8
D 518 33 2 57 56 55 8
D 519 33 2 57 63 55 29
D 517 35 2 518 58 519 8
D 520 29 2 50 51 52 29
D 515 31 2 516 517 520 8
D 514 27 2 37 515 66 8
D 523 51 3 83 499 486 505 99 29
D 522 47 3 71 523 507 511 512 29
D 521 59 8 70 444 435 452 447 460 455 469 464 480 475 488 484 495 522 8
D 526 29 2 52 51 50 8
D 527 29 2 52 65 50 29
D 525 31 2 526 517 527 8
D 524 27 2 37 525 66 8
D 530 51 2 83 499 98 29
D 529 47 3 71 530 507 511 512 29
D 528 59 7 70 452 435 460 447 469 455 480 464 488 475 495 529 8
D 533 21 2 41 40 39 8
D 534 21 2 41 47 39 29
D 532 23 2 533 42 534 8
D 535 31 2 49 517 64 8
D 536 23 2 533 67 534 29
D 531 27 2 532 535 536 8
D 540 55 2 88 501 96 29
D 539 51 2 83 540 98 29
D 538 47 3 71 539 507 511 512 29
D 537 59 6 70 460 435 469 447 480 455 488 464 495 538 8
D 543 21 2 39 47 41 8
D 544 21 2 39 40 41 29
D 542 23 2 543 42 544 8
D 545 23 2 543 67 544 29
D 541 27 2 542 535 545 8
D 548 43 3 72 508 457 76 81 8
D 549 43 3 72 513 457 101 81 29
D 547 47 3 71 539 548 511 549 29
D 546 59 5 70 469 435 480 447 488 455 495 547 8
D 552 25 2 45 44 43 8
D 551 23 2 38 552 46 8
D 554 25 2 45 68 43 29
D 553 23 2 38 554 46 29
D 550 27 2 551 535 553 8
D 557 43 2 72 508 80 8
D 558 43 2 72 513 80 29
D 556 47 3 71 539 557 511 558 29
D 555 59 4 70 480 435 488 447 495 556 8
D 561 25 2 43 68 45 8
D 560 23 2 38 561 46 8
D 563 25 2 43 44 45 29
D 562 23 2 38 563 46 29
D 559 27 2 560 535 562 8
D 566 43 2 72 102 80 29
D 565 47 3 71 539 436 511 566 29
D 564 59 3 70 488 435 495 565 8
D 570 33 2 57 63 55 8
D 571 33 2 57 56 55 29
D 569 35 2 570 58 571 8
D 568 31 2 49 569 64 8
D 567 27 2 37 568 66 8
D 573 47 2 71 539 100 29
D 572 59 2 70 495 573 8
D 577 33 2 55 56 57 63
L 579 38 19
D 578 37 2 59 579 61 29
D 580 33 2 57 56 55 63
D 576 35 2 577 578 580 29
D 581 29 2 52 51 50 65
D 582 35 2 518 578 519 29
D 583 29 2 52 65 50 8
D 575 31 3 49 576 581 582 583 29
D 585 25 2 45 44 43 68
D 586 21 2 41 40 39 47
D 587 21 2 41 47 39 8
D 584 23 3 38 585 586 42 587 8
D 588 31 2 49 582 64 29
D 590 25 2 45 68 43 8
D 589 23 3 38 590 586 67 587 29
D 574 27 3 37 575 584 588 589 29
D 35 39 9 36 69 514 521 524 528 531 537 541 546 550 555 559 564 567 572 574 8
D 593 3 2 5 34 7 8
D 592 1 2 3 593 9 8
D 596 11 2 17 28 19 8
D 597 11 2 17 18 19 29
D 595 13 2 596 20 597 8
D 594 9 2 11 595 30 8
D 599 3 2 5 6 7 29
D 598 1 2 3 599 9 29
D 591 5 2 592 594 598 8
D 603 35 2 54 578 62 29
D 602 31 3 49 603 581 582 583 29
D 601 27 3 37 602 584 588 589 29
D 600 39 8 36 521 514 528 524 537 531 546 541 555 550 564 559 572 601 8
D 605 1 2 9 4 3 8
D 606 1 2 9 33 3 29
D 604 5 2 605 594 606 8
D 609 23 3 38 552 586 42 587 8
D 610 23 3 586 67 38 68 587 29
D 608 27 3 37 602 609 588 610 29
D 607 39 7 36 528 514 537 524 546 531 555 541 564 550 572 608 8
D 613 3 2 7 6 5 8
D 612 1 2 3 613 9 8
D 615 3 2 7 34 5 29
D 614 1 2 3 615 9 29
D 611 5 2 612 594 614 8
D 619 21 2 39 40 41 47
D 618 23 2 586 42 619 8
D 621 21 2 41 40 39 29
D 620 23 2 621 67 587 29
D 617 27 3 37 602 618 588 620 29
D 616 39 6 36 537 514 546 524 555 531 564 541 572 617 8
D 625 11 2 19 28 17 8
D 626 11 2 19 18 17 29
D 624 13 2 625 20 626 8
D 623 9 2 11 624 30 8
D 622 5 2 2 623 32 8
D 629 23 2 40 67 47 29
D 628 27 3 37 602 532 588 629 29
D 627 39 5 36 546 514 555 524 564 531 572 628 8
D 632 7 2 14 13 12 8
D 633 7 2 14 31 12 29
D 631 9 2 632 595 633 8
D 630 5 2 2 631 32 8
D 635 27 2 37 602 66 29
D 634 39 4 36 555 514 564 524 572 635 8
D 638 7 2 12 31 14 8
D 639 7 2 12 13 14 29
D 637 9 2 638 595 639 8
D 636 5 2 2 637 32 8
D 642 31 3 49 603 516 582 52 29
D 641 27 2 37 642 66 29
D 640 39 3 36 564 514 572 641 8
D 646 15 2 26 22 21 8
D 645 13 2 596 646 597 8
D 644 9 2 11 645 30 8
D 643 5 2 2 644 32 8
D 649 31 2 49 603 64 29
D 648 27 2 37 649 66 29
D 647 39 2 36 572 648 8
L 655 18 10
D 654 17 2 23 655 25 29
D 653 15 2 26 654 21 29
D 656 11 2 19 28 17 18
D 657 15 2 21 654 26 29
D 658 11 2 19 18 17 8
D 652 13 3 596 653 656 657 658 29
D 659 7 2 14 13 12 31
D 660 13 2 596 657 597 29
D 661 7 2 14 31 12 8
D 651 9 3 11 652 659 660 661 29
D 663 3 2 7 6 5 34
D 662 1 2 3 663 9 4
D 664 9 2 11 660 30 29
D 666 3 2 7 34 5 8
D 665 1 2 3 666 9 33
D 650 5 3 2 651 662 664 665 29
D 0 19 9 1 35 591 600 604 607 611 616 622 627 630 634 636 640 643 647 650 8
