c ids of sdd nodes start at 0
c sdd nodes appear bottom-up, children before parents
c
c file syntax:
c sdd count-of-sdd-nodes
c F id-of-false-sdd-node
c T id-of-true-sdd-node
c L id-of-literal-sdd-node id-of-vtree literal
c D id-of-decomposition-sdd-node id-of-vtree number-of-elements {id-of-prime id-of-sub}*
c
sdd 728
L 3 0 -3
L 5 2 -4
L 6 4 -2
L 7 2 4
F 8
D 4 3 2 5 6 7 8
L 9 0 3
D 2 1 2 3 4 9 8
L 12 6 -6
L 13 8 -7
L 14 6 6
D 11 7 2 12 13 14 8
L 17 10 -5
L 18 12 1
L 19 10 5
D 16 11 2 17 18 19 8
L 21 14 -8
L 23 16 -9
L 24 18 -10
L 25 16 9
D 22 17 2 23 24 25 8
L 26 14 8
D 20 15 2 21 22 26 8
L 28 12 -1
T 29
D 27 11 2 17 28 19 29
D 15 13 2 16 20 27 8
L 31 8 7
D 30 7 2 12 31 14 29
D 10 9 2 11 15 30 8
L 34 4 2
D 33 3 2 5 34 7 29
D 32 1 2 3 33 9 29
D 1 5 2 2 10 32 8
L 39 20 -14
L 40 22 -15
L 41 20 14
D 38 21 2 39 40 41 8
L 43 24 -16
L 44 26 -17
L 45 24 16
D 42 25 2 43 44 45 8
L 47 22 15
D 46 21 2 39 47 41 29
D 37 23 2 38 42 46 8
L 50 28 -13
L 51 30 -12
L 52 28 13
D 49 29 2 50 51 52 8
L 55 32 11
L 56 34 -18
L 57 32 -11
D 54 33 2 55 56 57 8
L 59 36 -20
L 60 38 -19
L 61 36 20
D 58 37 2 59 60 61 8
L 63 34 18
D 62 33 2 55 63 57 29
D 53 35 2 54 58 62 8
L 65 30 12
D 64 29 2 50 65 52 29
D 48 31 2 49 53 64 8
L 68 26 17
D 67 25 2 43 68 45 29
D 66 23 2 38 67 46 29
D 36 27 2 37 48 66 8
L 73 40 -34
L 74 42 -35
L 75 40 34
D 72 41 2 73 74 75 8
L 77 44 -32
L 78 46 -33
L 79 44 32
D 76 45 2 77 78 79 8
L 81 42 35
D 80 41 2 73 81 75 29
D 71 43 2 72 76 80 8
L 84 48 -37
L 85 50 -38
L 86 48 37
D 83 49 2 84 85 86 8
L 89 52 31
L 90 54 -36
L 91 52 -31
D 88 53 2 89 90 91 8
L 93 56 -39
L 94 58 -40
L 95 56 39
D 92 57 2 93 94 95 8
L 97 54 36
D 96 53 2 89 97 91 29
D 87 55 2 88 92 96 8
L 99 50 38
D 98 49 2 84 99 86 29
D 82 51 2 83 87 98 8
L 102 46 33
D 101 45 2 77 102 79 29
D 100 43 2 72 101 80 29
D 70 47 2 71 82 100 8
L 107 60 -22
L 108 62 21
L 109 60 22
D 106 61 2 107 108 109 8
L 111 64 -25
L 112 66 -26
L 113 64 25
D 110 65 2 111 112 113 8
L 115 62 -21
D 114 61 2 107 115 109 29
D 105 63 2 106 110 114 8
L 118 68 -27
L 119 70 -28
L 120 68 27
D 117 69 2 118 119 120 8
L 123 72 -23
L 124 74 -24
L 125 72 23
D 122 73 2 123 124 125 8
L 127 76 -30
L 128 78 -29
L 129 76 30
D 126 77 2 127 128 129 8
L 131 74 24
D 130 73 2 123 131 125 29
D 121 75 2 122 126 130 8
L 133 70 28
D 132 69 2 118 133 120 29
D 116 71 2 117 121 132 8
L 136 66 26
D 135 65 2 111 136 113 29
D 134 63 2 106 135 114 29
D 104 67 2 105 116 134 8
L 140 80 46
L 141 82 -47
L 142 80 -46
D 139 81 2 140 141 142 8
L 144 84 -48
L 146 86 -50
L 147 88 -49
L 148 86 50
D 145 87 2 146 147 148 8
L 149 84 48
D 143 85 2 144 145 149 8
L 151 82 47
D 150 81 2 140 151 142 29
D 138 83 2 139 143 150 8
L 155 90 -43
L 156 92 -44
L 157 90 43
D 154 91 2 155 156 157 8
L 159 94 -42
L 161 96 -45
L 162 98 -41
L 163 96 45
D 160 97 2 161 162 163 8
L 164 94 42
D 158 95 2 159 160 164 8
L 166 92 44
D 165 91 2 155 166 157 29
D 153 93 2 154 158 165 8
L 169 100 -57
L 171 102 -58
L 173 104 -60
L 174 106 -59
L 175 104 60
D 172 105 2 173 174 175 8
L 176 102 58
D 170 103 2 171 172 176 8
L 177 100 57
D 168 101 2 169 170 177 8
L 180 108 -53
L 182 110 -56
L 183 112 -55
L 184 110 56
D 181 111 2 182 183 184 8
L 185 108 53
D 179 109 2 180 181 185 8
L 188 114 51
L 190 116 -54
L 191 118 -52
L 192 116 54
D 189 117 2 190 191 192 8
L 193 114 -51
D 187 115 2 188 189 193 8
L 196 120 -61
L 197 122 -62
L 198 120 61
D 195 121 2 196 197 198 8
L 201 124 -63
L 202 126 64
L 203 124 63
D 200 125 2 201 202 203 8
L 205 128 -65
L 207 130 -66
L 209 132 -67
L 211 134 -68
L 213 136 -69
L 214 138 -70
L 215 136 69
D 212 137 2 213 214 215 8
L 216 134 68
D 210 135 2 211 212 216 8
L 217 132 67
D 208 133 2 209 210 217 8
L 218 130 66
D 206 131 2 207 208 218 8
L 219 128 65
D 204 129 2 205 206 219 8
L 221 126 -64
D 220 125 2 201 221 203 29
D 199 127 2 200 204 220 8
L 223 122 62
D 222 121 2 196 223 198 29
D 194 123 2 195 199 222 8
L 226 118 52
D 225 117 2 190 226 192 8
D 224 115 2 193 225 188 8
D 229 125 2 203 221 201 8
D 230 125 2 203 202 201 29
D 228 127 2 229 204 230 8
D 227 123 2 195 228 222 8
D 232 117 2 192 191 190 8
D 231 115 2 193 232 188 8
D 234 121 2 198 197 196 8
D 236 125 2 201 221 203 8
D 237 125 2 201 202 203 29
D 235 127 2 236 204 237 8
D 238 121 2 198 223 196 29
D 233 123 2 234 235 238 8
D 240 117 2 190 191 192 226
D 241 117 2 190 226 192 29
D 239 115 2 193 240 188 241
D 186 119 4 187 194 224 227 231 233 239 8
D 242 109 2 185 181 180 8
D 244 115 2 193 189 188 8
D 246 121 2 196 223 198 8
D 247 121 2 196 197 198 29
D 245 123 2 246 235 247 8
D 248 115 2 193 241 188 29
D 243 119 2 244 245 248 8
L 250 112 55
D 249 111 2 182 250 184 29
D 178 113 3 179 186 242 243 249 8
L 254 106 59
D 253 105 2 173 254 175 29
D 252 103 2 171 253 176 29
D 251 101 2 169 252 177 29
D 167 107 2 168 178 251 8
L 258 98 41
D 257 97 2 161 258 163 29
D 256 95 2 159 257 164 29
D 255 93 2 154 256 165 29
D 152 99 2 153 167 255 8
D 260 81 2 142 141 140 8
D 261 81 2 142 151 140 29
D 259 83 2 260 143 261 8
D 265 97 2 161 258 163 8
D 264 95 2 159 265 164 8
D 263 93 2 154 264 165 8
D 267 101 2 177 170 169 8
D 269 119 2 244 227 248 8
D 270 109 2 180 249 185 29
D 268 113 2 179 269 270 8
D 279 137 2 215 214 213 8
D 278 135 2 211 279 216 8
D 277 133 2 209 278 217 8
D 276 131 2 207 277 218 8
D 275 129 2 205 276 219 8
D 274 127 2 236 275 237 8
D 273 123 2 195 274 222 8
D 285 135 2 216 212 211 8
D 284 133 2 209 285 217 8
D 283 131 2 207 284 218 8
D 282 129 2 205 283 219 8
D 281 127 2 236 282 237 8
D 280 123 2 195 281 222 8
D 289 131 2 218 208 207 8
D 288 129 2 205 289 219 8
D 287 127 2 236 288 237 8
D 286 123 2 195 287 222 8
D 272 119 4 187 273 224 280 231 286 239 8
D 295 133 2 217 210 209 8
D 294 131 2 207 295 218 8
D 293 129 2 205 294 219 8
D 292 127 2 236 293 237 8
D 291 123 2 195 292 222 8
D 290 119 2 244 291 248 8
D 297 111 2 182 250 184 8
D 296 109 2 180 297 185 8
D 301 129 2 219 206 205 8
D 300 127 2 236 301 237 8
D 299 123 2 195 300 222 8
D 298 119 2 244 299 248 8
D 303 111 2 184 183 182 8
D 302 109 2 180 303 185 8
D 304 119 2 244 194 248 8
D 306 111 2 184 250 182 8
D 305 109 2 180 306 185 249
D 271 113 5 179 272 242 290 296 298 302 304 305 8
D 308 103 2 176 172 171 8
D 307 101 2 169 308 177 8
D 309 113 2 179 243 270 8
D 312 105 2 173 254 175 8
D 311 103 2 171 312 176 8
D 310 101 2 169 311 177 8
D 314 119 2 244 233 248 8
D 313 113 2 179 314 270 8
D 316 103 2 176 253 171 175
D 315 101 2 169 316 177 252
D 266 107 5 267 268 168 271 307 309 310 313 315 8
D 318 95 2 164 160 159 8
D 317 93 2 154 318 165 8
D 321 119 4 187 280 224 291 231 299 239 8
D 322 119 2 244 286 248 8
D 320 113 5 179 321 242 322 296 304 302 269 305 8
D 323 101 2 177 252 169 253
D 319 107 4 267 309 168 320 307 313 323 8
D 325 91 2 157 156 155 8
D 326 91 2 157 166 155 29
D 324 93 2 325 158 326 8
D 329 119 4 187 291 224 286 231 194 239 8
D 328 113 5 179 329 242 298 296 269 302 243 305 8
D 327 107 3 267 313 168 328 252 8
D 331 91 2 155 166 157 8
D 332 91 2 155 156 157 29
D 330 93 2 331 158 332 8
D 335 119 4 187 286 224 299 231 227 239 8
D 334 113 5 179 335 242 304 296 243 302 314 305 8
D 333 107 2 168 334 251 8
D 338 97 2 163 162 161 8
D 337 95 2 159 338 164 8
D 336 93 2 154 337 165 8
D 341 119 4 187 299 224 194 231 245 239 8
D 342 109 2 185 249 180 184
D 340 113 4 179 341 242 269 296 314 342 8
D 339 107 2 168 340 251 8
D 345 97 2 161 162 163 258
D 344 95 2 159 345 164 257
D 346 91 2 157 156 155 166
D 347 91 2 157 166 155 8
D 343 93 3 154 344 346 256 347 29
D 262 99 6 263 266 317 319 324 327 330 333 336 339 343 8
D 349 81 2 142 151 140 8
D 350 81 2 142 141 140 29
D 348 83 2 349 143 350 8
D 356 117 2 190 191 192 29
D 355 115 2 193 356 188 241
D 354 119 3 187 227 224 245 355 8
D 353 113 3 179 354 242 314 249 8
D 352 107 2 168 353 251 8
D 351 99 2 153 352 255 8
D 358 85 2 149 145 144 8
D 357 83 2 260 358 261 8
D 362 119 3 187 245 224 233 355 8
D 361 113 2 179 362 270 8
D 360 107 2 168 361 251 8
D 359 99 2 153 360 255 8
L 366 88 49
D 365 87 2 146 366 148 8
D 364 85 2 144 365 149 8
D 363 83 2 260 364 261 8
D 371 115 2 188 241 193 29
D 370 119 2 187 233 371 8
D 369 113 2 179 370 270 8
D 368 107 2 168 369 251 8
D 367 99 2 153 368 255 8
D 374 87 2 146 366 148 29
D 373 85 2 149 374 144 148
D 375 81 2 140 141 142 151
D 376 85 2 144 374 149 29
D 377 81 2 140 151 142 8
D 372 83 3 260 373 375 376 377 29
D 137 89 6 138 152 259 262 348 351 357 359 363 367 372 8
D 380 61 2 109 115 107 8
D 381 61 2 109 108 107 29
D 379 63 2 380 110 381 8
D 382 63 2 380 135 381 29
D 378 67 2 379 116 382 8
D 384 99 6 263 319 317 327 324 333 330 339 336 167 343 8
D 385 83 3 375 376 260 374 377 29
D 383 89 5 138 351 259 384 348 359 357 367 385 8
D 388 61 2 107 115 109 8
D 389 61 2 107 108 109 29
D 387 63 2 388 110 389 8
D 392 73 2 125 124 123 8
D 393 73 2 125 131 123 29
D 391 75 2 392 126 393 8
D 390 71 2 117 391 132 8
D 394 63 2 388 135 389 29
D 386 67 2 387 390 394 8
D 396 99 6 263 327 317 333 324 339 330 167 336 352 343 8
D 398 81 2 140 141 142 29
D 397 83 2 398 376 377 29
D 395 89 4 138 359 259 396 348 367 397 8
D 402 73 2 123 131 125 8
D 403 73 2 123 124 125 29
D 401 75 2 402 126 403 8
D 400 71 2 117 401 132 8
D 399 67 2 387 400 394 8
D 405 99 6 263 333 317 339 324 167 330 352 336 360 343 8
D 406 83 2 141 376 151 29
D 404 89 3 138 367 259 405 406 8
D 409 65 2 113 112 111 8
D 408 63 2 388 409 389 8
D 411 65 2 113 136 111 29
D 410 63 2 388 411 389 29
D 407 67 2 408 116 410 8
D 413 99 6 263 339 317 167 324 352 330 360 336 368 343 8
D 414 83 2 260 376 261 29
D 412 89 2 259 413 414 8
D 417 65 2 111 136 113 8
D 416 63 2 388 417 389 8
D 419 65 2 111 112 113 29
D 418 63 2 388 419 389 29
D 415 67 2 416 116 418 8
D 424 97 2 161 162 163 29
D 423 95 2 164 257 159 424
D 422 93 3 154 423 346 256 347 29
D 421 99 5 263 167 317 352 324 360 330 368 422 8
D 420 89 2 259 421 414 8
D 427 69 2 120 119 118 8
D 428 69 2 120 133 118 29
D 426 71 2 427 121 428 8
D 425 67 2 387 426 394 8
D 431 93 3 154 423 325 256 166 29
D 430 99 4 263 352 317 360 324 368 431 8
D 429 89 2 259 430 414 8
D 434 69 2 118 133 120 8
D 435 69 2 118 119 120 29
D 433 71 2 434 121 435 8
D 432 67 2 387 433 394 8
D 438 93 2 154 423 165 29
D 437 99 3 263 360 317 368 438 8
D 436 89 2 259 437 414 8
L 443 78 29
D 442 77 2 127 443 129 8
D 441 75 2 122 442 130 8
D 440 71 2 117 441 132 8
D 439 67 2 387 440 394 8
D 447 95 2 159 424 164 29
D 446 93 2 154 447 165 29
D 445 99 2 263 368 446 8
D 444 89 2 259 445 414 8
D 451 77 2 127 128 129 29
D 452 73 2 125 124 123 131
D 453 77 2 127 443 129 29
D 454 73 2 125 131 123 8
D 450 75 3 122 451 452 453 454 29
D 455 69 2 120 119 118 133
D 456 75 2 122 453 130 29
D 457 69 2 120 133 118 8
D 449 71 3 117 450 455 456 457 29
D 459 65 2 113 112 111 136
D 460 61 2 109 115 107 108
D 461 61 2 109 108 107 8
D 458 63 3 388 459 460 110 461 8
D 462 71 2 117 456 132 29
D 464 65 2 113 136 111 8
D 463 63 3 388 464 460 135 461 29
D 448 67 3 387 449 458 462 463 29
D 103 79 10 104 137 378 383 386 395 399 404 407 412 415 420 425 429 432 436 439 444 448 8
D 467 45 2 79 78 77 8
D 466 43 2 72 467 80 8
D 470 53 2 91 90 89 8
D 471 53 2 91 97 89 29
D 469 55 2 470 92 471 8
D 468 51 2 83 469 98 8
D 473 45 2 79 102 77 29
D 472 43 2 72 473 80 29
D 465 47 2 466 468 472 8
D 478 73 2 123 124 125 131
D 477 75 2 452 453 478 29
D 476 71 3 117 477 455 456 457 29
D 475 67 3 387 476 458 462 463 29
D 474 79 9 104 383 378 395 386 404 399 412 407 420 415 429 425 436 432 444 475 8
D 481 45 2 77 102 79 8
D 480 43 2 72 481 80 8
D 483 45 2 77 78 79 29
D 482 43 2 72 483 80 29
D 479 47 2 480 468 482 8
D 486 71 3 117 477 427 456 133 29
D 485 67 3 387 486 458 462 463 29
D 484 79 8 104 395 378 404 386 412 399 420 407 429 415 436 425 444 485 8
D 489 41 2 75 74 73 8
D 490 41 2 75 81 73 29
D 488 43 2 489 76 490 8
D 491 43 2 489 101 490 29
D 487 47 2 488 468 491 8
D 494 71 2 117 477 132 29
D 493 67 3 387 494 458 462 463 29
D 492 79 7 104 404 378 412 386 420 399 429 407 436 415 444 493 8
D 497 41 2 73 81 75 8
D 498 41 2 73 74 75 29
D 496 43 2 497 76 498 8
D 499 43 2 497 101 498 29
D 495 47 2 496 468 499 8
D 502 63 3 388 409 460 110 461 8
D 503 63 3 460 135 388 136 461 29
D 501 67 3 387 494 502 462 503 29
D 500 79 6 104 412 378 420 386 429 399 436 407 444 501 8
D 507 53 2 91 97 89 8
D 508 53 2 91 90 89 29
D 506 55 2 507 92 508 8
D 505 51 2 83 506 98 8
D 504 47 2 71 505 100 8
D 512 61 2 107 115 109 108
D 511 63 2 460 110 512 8
D 514 61 2 109 115 107 29
D 513 63 2 514 135 461 29
D 510 67 3 387 494 511 462 513 29
D 509 79 5 104 420 378 429 386 436 399 444 510 8
D 517 49 2 86 85 84 8
D 518 49 2 86 99 84 29
D 516 51 2 517 469 518 8
D 515 47 2 71 516 100 8
D 522 75 2 392 453 393 29
D 521 71 2 117 522 132 29
D 520 67 3 387 521 511 462 513 29
D 519 79 4 104 429 378 436 386 444 520 8
D 525 49 2 84 99 86 8
D 526 49 2 84 85 86 29
D 524 51 2 525 469 526 8
D 523 47 2 71 524 100 8
D 529 63 2 460 135 512 29
D 528 67 2 511 462 529 29
D 527 79 3 104 436 378 444 528 8
D 533 57 2 95 94 93 8
D 532 55 2 470 533 471 8
D 531 51 2 83 532 98 8
D 530 47 2 71 531 100 8
D 535 67 2 105 462 134 29
D 534 79 2 104 444 535 8
L 540 58 40
D 539 57 2 95 540 93 29
D 541 53 2 89 90 91 97
D 542 57 2 93 540 95 29
D 543 53 2 89 97 91 8
D 538 55 3 470 539 541 542 543 29
D 544 49 2 86 85 84 99
D 545 55 2 470 542 471 29
D 546 49 2 86 99 84 8
D 537 51 3 83 538 544 545 546 29
D 548 45 2 79 78 77 102
D 549 41 2 75 74 73 81
D 550 41 2 75 81 73 8
D 547 43 3 72 548 549 76 550 8
D 551 51 2 83 545 98 29
D 553 45 2 79 102 77 8
D 552 43 3 72 553 549 101 550 29
D 536 47 3 71 537 547 551 552 29
D 69 59 10 70 103 465 474 479 484 487 492 495 500 504 509 515 519 523 527 530 534 536 8
D 556 29 2 50 65 52 8
D 558 33 2 57 56 55 8
D 559 33 2 57 63 55 29
D 557 35 2 558 58 559 8
D 560 29 2 50 51 52 29
D 555 31 2 556 557 560 8
D 554 27 2 37 555 66 8
D 565 53 2 91 90 89 97
D 564 55 2 541 542 565 29
D 563 51 3 83 564 544 545 546 29
D 562 47 3 71 563 547 551 552 29
D 561 59 9 70 474 465 484 479 492 487 500 495 509 504 519 515 527 523 534 562 8
D 568 29 2 52 51 50 8
D 569 29 2 52 65 50 29
D 567 31 2 568 557 569 8
D 566 27 2 37 567 66 8
D 572 51 3 83 564 517 545 99 29
D 571 47 3 71 572 547 551 552 29
D 570 59 8 70 484 465 492 479 500 487 509 495 519 504 527 515 534 571 8
D 575 21 2 41 40 39 8
D 576 21 2 41 47 39 29
D 574 23 2 575 42 576 8
D 577 31 2 49 557 64 8
D 578 23 2 575 67 576 29
D 573 27 2 574 577 578 8
D 581 51 2 83 564 98 29
D 580 47 3 71 581 547 551 552 29
D 579 59 7 70 492 465 500 479 509 487 519 495 527 504 534 580 8
D 584 21 2 39 47 41 8
D 585 21 2 39 40 41 29
D 583 23 2 584 42 585 8
D 586 23 2 584 67 585 29
D 582 27 2 583 577 586 8
D 590 55 2 88 542 96 29
D 589 51 2 83 590 98 29
D 588 47 3 71 589 547 551 552 29
D 587 59 6 70 500 465 509 479 519 487 527 495 534 588 8
D 593 25 2 45 44 43 8
D 592 23 2 38 593 46 8
D 595 25 2 45 68 43 29
D 594 23 2 38 595 46 29
D 591 27 2 592 577 594 8
D 598 43 3 72 548 489 76 81 8
D 599 43 3 72 553 489 101 81 29
D 597 47 3 71 589 598 551 599 29
D 596 59 5 70 509 465 519 479 527 487 534 597 8
D 602 25 2 43 68 45 8
D 601 23 2 38 602 46 8
D 604 25 2 43 44 45 29
D 603 23 2 38 604 46 29
D 600 27 2 601 577 603 8
D 607 43 2 72 548 80 8
D 608 43 2 72 553 80 29
D 606 47 3 71 589 607 551 608 29
D 605 59 4 70 519 465 527 479 534 606 8
D 612 33 2 57 63 55 8
D 613 33 2 57 56 55 29
D 611 35 2 612 58 613 8
D 610 31 2 49 611 64 8
D 609 27 2 37 610 66 8
D 616 43 2 72 102 80 29
D 615 47 3 71 589 466 551 616 29
D 614 59 3 70 527 465 534 615 8
L 621 38 19
D 620 37 2 59 621 61 8
D 619 35 2 558 620 559 8
D 618 31 2 49 619 64 8
D 617 27 2 37 618 66 8
D 623 47 2 71 589 100 29
D 622 59 2 70 534 623 8
D 627 37 2 59 60 61 29
D 628 33 2 55 56 57 63
D 629 37 2 59 621 61 29
D 630 33 2 55 63 57 8
D 626 35 3 558 627 628 629 630 29
D 631 29 2 52 51 50 65
D 632 35 2 558 629 559 29
D 633 29 2 52 65 50 8
D 625 31 3 49 626 631 632 633 29
D 635 25 2 45 44 43 68
D 636 21 2 41 40 39 47
D 637 21 2 41 47 39 8
D 634 23 3 38 635 636 42 637 8
D 638 31 2 49 632 64 29
D 640 25 2 45 68 43 8
D 639 23 3 38 640 636 67 637 29
D 624 27 3 37 625 634 638 639 29
D 35 39 10 36 69 554 561 566 570 573 579 582 587 591 596 600 605 609 614 617 622 624 8
D 643 3 2 5 34 7 8
D 642 1 2 3 643 9 8
D 646 11 2 17 28 19 8
D 647 11 2 17 18 19 29
D 645 13 2 646 20 647 8
D 644 9 2 11 645 30 8
D 649 3 2 5 6 7 29
D 648 1 2 3 649 9 29
D 641 5 2 642 644 648 8
D 654 33 2 57 56 55 63
D 653 35 2 628 629 654 29
D 652 31 3 49 653 631 632 633 29
D 651 27 3 37 652 634 638 639 29
D 650 39 9 36 561 554 570 566 579 573 587 582 596 591 605 600 614 609 622 651 8
D 656 1 2 9 4 3 8
D 657 1 2 9 33 3 29
D 655 5 2 656 644 657 8
D 661 35 2 54 629 62 29
D 660 31 3 49 661 631 632 633 29
D 659 27 3 37 660 634 638 639 29
D 658 39 8 36 570 554 579 566 587 573 596 582 605 591 614 600 622 659 8
D 664 3 2 7 6 5 8
D 663 1 2 3 664 9 8
D 666 3 2 7 34 5 29
D 665 1 2 3 666 9 29
D 662 5 2 663 644 665 8
D 669 23 3 38 593 636 42 637 8
D 670 23 3 636 67 38 68 637 29
D 668 27 3 37 660 669 638 670 29
D 667 39 7 36 579 554 587 566 596 573 605 582 614 591 622 668 8
D 674 11 2 19 28 17 8
D 675 11 2 19 18 17 29
D 673 13 2 674 20 675 8
D 672 9 2 11 673 30 8
D 671 5 2 2 672 32 8
D 679 21 2 39 40 41 47
D 678 23 2 636 42 679 8
D 681 21 2 41 40 39 29
D 680 23 2 681 67 637 29
D 677 27 3 37 660 678 638 680 29
D 676 39 6 36 587 554 596 566 605 573 614 582 622 677 8
D 684 7 2 14 13 12 8
D 685 7 2 14 31 12 29
D 683 9 2 684 645 685 8
D 682 5 2 2 683 32 8
D 688 23 2 40 67 47 29
D 687 27 3 37 660 574 638 688 29
D 686 39 5 36 596 554 605 566 614 573 622 687 8
D 691 7 2 12 31 14 8
D 692 7 2 12 13 14 29
D 690 9 2 691 645 692 8
D 689 5 2 2 690 32 8
D 694 27 2 37 660 66 29
D 693 39 4 36 605 554 614 566 622 694 8
D 698 15 2 26 22 21 8
D 697 13 2 646 698 647 8
D 696 9 2 11 697 30 8
D 695 5 2 2 696 32 8
D 701 31 3 49 661 556 632 52 29
D 700 27 2 37 701 66 29
D 699 39 3 36 614 554 622 700 8
D 706 17 2 25 24 23 8
D 705 15 2 21 706 26 8
D 704 13 2 646 705 647 8
D 703 9 2 11 704 30 8
D 702 5 2 2 703 32 8
D 709 31 2 49 661 64 29
D 708 27 2 37 709 66 29
D 707 39 2 36 622 708 8
L 715 18 10
D 714 17 2 25 715 23 29
D 716 17 2 23 715 25 29
D 713 15 2 21 714 26 716
D 717 11 2 19 28 17 18
D 718 15 2 21 716 26 29
D 719 11 2 19 18 17 8
D 712 13 3 646 713 717 718 719 29
D 720 7 2 14 13 12 31
D 721 13 2 646 718 647 29
D 722 7 2 14 31 12 8
D 711 9 3 11 712 720 721 722 29
D 724 3 2 7 6 5 34
D 723 1 2 3 724 9 4
D 725 9 2 11 721 30 29
D 727 3 2 7 34 5 8
D 726 1 2 3 727 9 33
D 710 5 3 2 711 723 725 726 29
D 0 19 10 1 35 641 650 655 658 662 667 671 676 682 686 689 693 695 699 702 707 710 8
