c ids of sdd nodes start at 0
c sdd nodes appear bottom-up, children before parents
c
c file syntax:
c sdd count-of-sdd-nodes
c F id-of-false-sdd-node
c T id-of-true-sdd-node
c L id-of-literal-sdd-node id-of-vtree literal
c D id-of-decomposition-sdd-node id-of-vtree number-of-elements {id-of-prime id-of-sub}*
c
sdd 788
L 3 0 -3
L 5 2 -4
L 6 4 -2
L 7 2 4
F 8
D 4 3 2 5 6 7 8
L 9 0 3
D 2 1 2 3 4 9 8
L 12 6 -6
L 13 8 -7
L 14 6 6
D 11 7 2 12 13 14 8
L 17 10 -5
L 18 12 1
L 19 10 5
D 16 11 2 17 18 19 8
L 21 14 -8
L 23 16 -9
L 24 18 -10
L 25 16 9
D 22 17 2 23 24 25 8
L 26 14 8
D 20 15 2 21 22 26 8
L 28 12 -1
T 29
D 27 11 2 17 28 19 29
D 15 13 2 16 20 27 8
L 31 8 7
D 30 7 2 12 31 14 29
D 10 9 2 11 15 30 8
L 34 4 2
D 33 3 2 5 34 7 29
D 32 1 2 3 33 9 29
D 1 5 2 2 10 32 8
L 39 20 -14
L 40 22 -15
L 41 20 14
D 38 21 2 39 40 41 8
L 43 24 -16
L 44 26 -17
L 45 24 16
D 42 25 2 43 44 45 8
L 47 22 15
D 46 21 2 39 47 41 29
D 37 23 2 38 42 46 8
L 50 28 -13
L 51 30 -12
L 52 28 13
D 49 29 2 50 51 52 8
L 55 32 11
L 56 34 -18
L 57 32 -11
D 54 33 2 55 56 57 8
L 59 36 -20
L 60 38 -19
L 61 36 20
D 58 37 2 59 60 61 8
L 63 34 18
D 62 33 2 55 63 57 29
D 53 35 2 54 58 62 8
L 65 30 12
D 64 29 2 50 65 52 29
D 48 31 2 49 53 64 8
L 68 26 17
D 67 25 2 43 68 45 29
D 66 23 2 38 67 46 29
D 36 27 2 37 48 66 8
L 73 40 -34
L 74 42 -35
L 75 40 34
D 72 41 2 73 74 75 8
L 77 44 -32
L 78 46 -33
L 79 44 32
D 76 45 2 77 78 79 8
L 81 42 35
D 80 41 2 73 81 75 29
D 71 43 2 72 76 80 8
L 84 48 -37
L 85 50 -38
L 86 48 37
D 83 49 2 84 85 86 8
L 89 52 31
L 90 54 -36
L 91 52 -31
D 88 53 2 89 90 91 8
L 93 56 -39
L 94 58 -40
L 95 56 39
D 92 57 2 93 94 95 8
L 97 54 36
D 96 53 2 89 97 91 29
D 87 55 2 88 92 96 8
L 99 50 38
D 98 49 2 84 99 86 29
D 82 51 2 83 87 98 8
L 102 46 33
D 101 45 2 77 102 79 29
D 100 43 2 72 101 80 29
D 70 47 2 71 82 100 8
L 107 60 -22
L 108 62 21
L 109 60 22
D 106 61 2 107 108 109 8
L 111 64 -25
L 112 66 -26
L 113 64 25
D 110 65 2 111 112 113 8
L 115 62 -21
D 114 61 2 107 115 109 29
D 105 63 2 106 110 114 8
L 118 68 -27
L 119 70 -28
L 120 68 27
D 117 69 2 118 119 120 8
L 123 72 -23
L 124 74 -24
L 125 72 23
D 122 73 2 123 124 125 8
L 127 76 -30
L 128 78 -29
L 129 76 30
D 126 77 2 127 128 129 8
L 131 74 24
D 130 73 2 123 131 125 29
D 121 75 2 122 126 130 8
L 133 70 28
D 132 69 2 118 133 120 29
D 116 71 2 117 121 132 8
L 136 66 26
D 135 65 2 111 136 113 29
D 134 63 2 106 135 114 29
D 104 67 2 105 116 134 8
L 140 80 46
L 141 82 -47
L 142 80 -46
D 139 81 2 140 141 142 8
L 144 84 -48
L 146 86 -50
L 147 88 -49
L 148 86 50
D 145 87 2 146 147 148 8
L 149 84 48
D 143 85 2 144 145 149 8
L 151 82 47
D 150 81 2 140 151 142 29
D 138 83 2 139 143 150 8
L 155 90 -43
L 156 92 -44
L 157 90 43
D 154 91 2 155 156 157 8
L 159 94 -42
L 161 96 -45
L 162 98 -41
L 163 96 45
D 160 97 2 161 162 163 8
L 164 94 42
D 158 95 2 159 160 164 8
L 166 92 44
D 165 91 2 155 166 157 29
D 153 93 2 154 158 165 8
L 169 100 -57
L 171 102 -58
L 173 104 -60
L 174 106 -59
L 175 104 60
D 172 105 2 173 174 175 8
L 176 102 58
D 170 103 2 171 172 176 8
L 177 100 57
D 168 101 2 169 170 177 8
L 180 108 -53
L 182 110 -56
L 183 112 -55
L 184 110 56
D 181 111 2 182 183 184 8
L 185 108 53
D 179 109 2 180 181 185 8
L 188 114 51
L 190 116 -54
L 191 118 -52
L 192 116 54
D 189 117 2 190 191 192 8
L 193 114 -51
D 187 115 2 188 189 193 8
L 196 120 -61
L 197 122 -62
L 198 120 61
D 195 121 2 196 197 198 8
L 201 124 -63
L 202 126 -64
L 203 124 63
D 200 125 2 201 202 203 8
L 205 128 65
L 207 130 -66
L 209 132 -67
L 211 134 -68
L 213 136 -69
L 214 138 -70
L 215 136 69
D 212 137 2 213 214 215 8
L 216 134 68
D 210 135 2 211 212 216 8
L 217 132 67
D 208 133 2 209 210 217 8
L 218 130 66
D 206 131 2 207 208 218 8
L 219 128 -65
D 204 129 2 205 206 219 8
L 221 126 64
D 220 125 2 201 221 203 29
D 199 127 2 200 204 220 8
L 223 122 62
D 222 121 2 196 223 198 29
D 194 123 2 195 199 222 8
L 226 118 52
D 225 117 2 190 226 192 8
D 224 115 2 193 225 188 8
D 229 125 2 201 221 203 8
D 230 129 2 219 206 205 8
D 231 125 2 201 202 203 29
D 228 127 2 229 230 231 8
D 227 123 2 195 228 222 8
D 233 117 2 192 191 190 8
D 232 115 2 193 233 188 8
D 235 121 2 196 223 198 8
D 236 127 2 200 230 220 8
D 237 121 2 196 197 198 29
D 234 123 2 235 236 237 8
D 239 117 2 190 191 192 226
D 240 117 2 190 226 192 29
D 238 115 2 193 239 188 240
D 186 119 4 187 194 224 227 232 234 238 8
D 241 109 2 185 181 180 8
D 243 115 2 193 189 188 8
D 246 125 2 203 202 201 8
D 247 125 2 203 221 201 29
D 245 127 2 246 230 247 8
D 244 123 2 195 245 222 8
D 248 115 2 193 240 188 29
D 242 119 2 243 244 248 8
L 251 112 55
D 250 111 2 182 251 184 8
D 249 109 2 180 250 185 8
D 254 121 2 198 197 196 8
D 255 121 2 198 223 196 29
D 253 123 2 254 236 255 8
D 252 119 2 243 253 248 8
D 257 111 2 182 251 184 29
D 256 109 2 185 257 180 184
D 178 113 4 179 186 241 242 249 252 256 8
L 261 106 59
D 260 105 2 173 261 175 29
D 259 103 2 171 260 176 29
D 258 101 2 169 259 177 29
D 167 107 2 168 178 258 8
L 265 98 41
D 264 97 2 161 265 163 29
D 263 95 2 159 264 164 29
D 262 93 2 154 263 165 29
D 152 99 2 153 167 262 8
D 267 81 2 142 141 140 8
D 268 81 2 142 151 140 29
D 266 83 2 267 143 268 8
D 272 97 2 161 265 163 8
D 271 95 2 159 272 164 8
D 270 93 2 154 271 165 8
L 283 138 70
D 282 137 2 213 283 215 8
D 281 135 2 211 282 216 8
D 280 133 2 209 281 217 8
D 279 131 2 207 280 218 8
D 278 129 2 219 279 205 8
D 277 127 2 200 278 220 8
D 276 123 2 195 277 222 8
D 290 137 2 215 214 213 8
D 289 135 2 211 290 216 8
D 288 133 2 209 289 217 8
D 287 131 2 207 288 218 8
D 286 129 2 219 287 205 8
D 285 127 2 200 286 220 8
D 284 123 2 195 285 222 8
D 295 133 2 217 210 209 8
D 294 131 2 207 295 218 8
D 293 129 2 219 294 205 8
D 292 127 2 200 293 220 8
D 291 123 2 195 292 222 8
D 275 119 4 187 276 224 284 232 291 238 8
D 302 135 2 216 212 211 8
D 301 133 2 209 302 217 8
D 300 131 2 207 301 218 8
D 299 129 2 219 300 205 8
D 298 127 2 200 299 220 8
D 297 123 2 195 298 222 8
D 296 119 2 243 297 248 8
D 307 131 2 218 208 207 8
D 306 129 2 219 307 205 8
D 305 127 2 200 306 220 8
D 304 123 2 195 305 222 8
D 303 119 2 243 304 248 8
D 309 111 2 184 183 182 8
D 308 109 2 180 309 185 8
D 310 119 2 243 194 248 8
D 312 111 2 184 251 182 8
D 311 109 2 180 312 185 257
D 274 113 5 179 275 241 296 249 303 308 310 311 8
D 314 103 2 176 172 171 8
D 313 101 2 169 314 177 8
D 316 109 2 180 257 185 29
D 315 113 2 179 242 316 8
D 317 101 2 177 170 169 8
D 319 119 2 243 227 248 8
D 318 113 2 179 319 316 8
D 322 105 2 173 261 175 8
D 321 103 2 171 322 176 8
D 320 101 2 169 321 177 8
D 324 119 2 243 234 248 8
D 323 113 2 179 324 316 8
D 327 105 2 175 174 173 8
D 326 103 2 171 327 176 8
D 325 101 2 169 326 177 8
D 328 113 2 179 252 316 8
D 331 105 2 175 261 173 8
D 330 103 2 171 331 176 260
D 329 101 2 169 330 177 259
D 273 107 6 168 274 313 315 317 318 320 323 325 328 329 8
D 333 95 2 164 160 159 8
D 332 93 2 154 333 165 8
D 336 119 4 187 284 224 297 232 304 238 8
D 337 119 2 243 291 248 8
D 335 113 5 179 336 241 337 249 310 308 319 311 8
D 339 103 2 176 260 171 175
D 338 101 2 169 339 177 259
D 334 107 5 317 315 168 335 313 323 320 328 338 8
D 341 91 2 157 156 155 8
D 342 91 2 157 166 155 29
D 340 93 2 341 158 342 8
D 345 119 4 187 297 224 291 232 194 238 8
D 344 113 5 179 345 241 303 249 319 308 242 311 8
D 346 101 2 177 259 169 260
D 343 107 4 317 323 168 344 313 328 346 8
D 348 91 2 155 166 157 8
D 349 91 2 155 156 157 29
D 347 93 2 348 158 349 8
D 352 119 4 187 291 224 304 232 227 238 8
D 351 113 5 179 352 241 310 249 242 308 324 311 8
D 350 107 3 317 328 168 351 259 8
D 355 97 2 163 162 161 8
D 354 95 2 159 355 164 8
D 353 93 2 154 354 165 8
D 358 119 4 187 304 224 194 232 244 238 8
D 357 113 5 179 358 241 319 249 324 308 252 311 8
D 356 107 2 168 357 258 8
D 361 97 2 161 162 163 265
D 360 95 2 159 361 164 264
D 362 91 2 157 156 155 166
D 363 91 2 157 166 155 8
D 359 93 3 154 360 362 263 363 29
D 269 99 6 270 273 332 334 340 343 347 350 353 356 359 8
D 365 81 2 142 151 140 8
D 366 81 2 142 141 140 29
D 364 83 2 365 143 366 8
D 370 119 4 187 227 224 244 232 253 238 8
D 369 113 3 179 370 241 324 257 8
D 368 107 2 168 369 258 8
D 367 99 2 153 368 262 8
D 372 85 2 149 145 144 8
D 371 83 2 267 372 268 8
D 378 117 2 190 191 192 29
D 377 115 2 193 378 188 240
D 376 119 3 187 244 224 234 377 8
D 375 113 3 179 376 241 252 257 8
D 374 107 2 168 375 258 8
D 373 99 2 153 374 262 8
L 382 88 49
D 381 87 2 146 382 148 8
D 380 85 2 144 381 149 8
D 379 83 2 267 380 268 8
D 386 119 3 187 234 224 253 377 8
D 385 113 2 179 386 316 8
D 384 107 2 168 385 258 8
D 383 99 2 153 384 262 8
D 389 87 2 148 147 146 8
D 388 85 2 144 389 149 8
D 387 83 2 267 388 268 8
D 394 115 2 188 240 193 29
D 393 119 2 187 253 394 8
D 392 113 2 179 393 316 8
D 391 107 2 168 392 258 8
D 390 99 2 153 391 262 8
D 397 87 2 148 382 146 8
D 398 87 2 146 382 148 29
D 396 85 2 144 397 149 398
D 399 81 2 140 141 142 151
D 400 85 2 144 398 149 29
D 401 81 2 140 151 142 8
D 395 83 3 267 396 399 400 401 29
D 137 89 7 138 152 266 269 364 367 371 373 379 383 387 390 395 8
D 404 61 2 109 115 107 8
D 405 61 2 109 108 107 29
D 403 63 2 404 110 405 8
D 406 63 2 404 135 405 29
D 402 67 2 403 116 406 8
D 408 99 6 270 334 332 343 340 350 347 356 353 167 359 8
D 410 85 2 149 398 144 148
D 409 83 3 267 410 399 400 401 29
D 407 89 6 138 367 266 408 364 373 371 383 379 390 409 8
D 413 61 2 107 115 109 8
D 414 61 2 107 108 109 29
D 412 63 2 413 110 414 8
D 417 73 2 125 124 123 8
D 418 73 2 125 131 123 29
D 416 75 2 417 126 418 8
D 415 71 2 117 416 132 8
D 419 63 2 413 135 414 29
D 411 67 2 412 415 419 8
D 421 99 6 270 343 332 350 340 356 347 167 353 368 359 8
D 422 83 3 399 400 267 398 401 29
D 420 89 5 138 373 266 421 364 383 371 390 422 8
D 426 73 2 123 131 125 8
D 427 73 2 123 124 125 29
D 425 75 2 426 126 427 8
D 424 71 2 117 425 132 8
D 423 67 2 412 424 419 8
D 429 99 6 270 350 332 356 340 167 347 368 353 374 359 8
D 431 81 2 140 141 142 29
D 430 83 2 431 400 401 29
D 428 89 4 138 383 266 429 364 390 430 8
D 434 65 2 113 112 111 8
D 433 63 2 413 434 414 8
D 436 65 2 113 136 111 29
D 435 63 2 413 436 414 29
D 432 67 2 433 116 435 8
D 438 99 6 270 356 332 167 340 368 347 374 353 384 359 8
D 439 83 2 141 400 151 29
D 437 89 3 138 390 266 438 439 8
D 442 65 2 111 136 113 8
D 441 63 2 413 442 414 8
D 444 65 2 111 112 113 29
D 443 63 2 413 444 414 29
D 440 67 2 441 116 443 8
D 446 99 6 270 167 332 368 340 374 347 384 353 391 359 8
D 447 83 2 267 400 268 29
D 445 89 2 266 446 447 8
D 450 69 2 120 119 118 8
D 451 69 2 120 133 118 29
D 449 71 2 450 121 451 8
D 448 67 2 412 449 419 8
D 456 97 2 161 162 163 29
D 455 95 2 164 264 159 456
D 454 93 3 154 455 362 263 363 29
D 453 99 5 270 368 332 374 340 384 347 391 454 8
D 452 89 2 266 453 447 8
D 459 69 2 118 133 120 8
D 460 69 2 118 119 120 29
D 458 71 2 459 121 460 8
D 457 67 2 412 458 419 8
D 463 93 3 154 455 341 263 166 29
D 462 99 4 270 374 332 384 340 391 463 8
D 461 89 2 266 462 447 8
L 468 78 29
D 467 77 2 127 468 129 8
D 466 75 2 122 467 130 8
D 465 71 2 117 466 132 8
D 464 67 2 412 465 419 8
D 471 93 2 154 455 165 29
D 470 99 3 270 384 332 391 471 8
D 469 89 2 266 470 447 8
D 475 77 2 129 128 127 8
D 474 75 2 122 475 130 8
D 473 71 2 117 474 132 8
D 472 67 2 412 473 419 8
D 479 95 2 159 456 164 29
D 478 93 2 154 479 165 29
D 477 99 2 270 391 478 8
D 476 89 2 266 477 447 8
D 482 65 2 113 112 111 136
D 483 61 2 109 115 107 108
D 484 61 2 109 108 107 8
D 481 63 3 413 482 483 110 484 8
D 487 77 2 127 468 129 29
D 486 75 2 122 487 130 29
D 485 71 2 117 486 132 29
D 489 69 2 120 119 118 133
D 491 73 2 125 124 123 131
D 492 77 2 127 128 129 468
D 493 73 2 125 131 123 8
D 490 75 3 491 487 122 492 493 29
D 494 69 2 120 133 118 8
D 488 71 3 489 486 117 490 494 29
D 496 65 2 113 136 111 8
D 495 63 3 413 496 483 135 484 29
D 480 67 3 481 485 412 488 495 29
D 103 79 11 104 137 402 407 411 420 423 428 432 437 440 445 448 452 457 461 464 469 472 476 480 8
D 499 45 2 79 78 77 8
D 498 43 2 72 499 80 8
D 502 53 2 91 90 89 8
D 503 53 2 91 97 89 29
D 501 55 2 502 92 503 8
D 500 51 2 83 501 98 8
D 505 45 2 79 102 77 29
D 504 43 2 72 505 80 29
D 497 47 2 498 500 504 8
D 510 77 2 127 128 129 29
D 509 75 3 122 510 491 487 493 29
D 508 71 3 117 509 489 486 494 29
D 507 67 3 412 508 481 485 495 29
D 506 79 10 104 407 402 420 411 428 423 437 432 445 440 452 448 461 457 469 464 476 507 8
D 513 45 2 77 102 79 8
D 512 43 2 72 513 80 8
D 515 45 2 77 78 79 29
D 514 43 2 72 515 80 29
D 511 47 2 512 500 514 8
D 520 73 2 123 124 125 131
D 519 75 2 491 487 520 29
D 518 71 3 117 519 489 486 494 29
D 517 67 3 412 518 481 485 495 29
D 516 79 9 104 420 402 428 411 437 423 445 432 452 440 461 448 469 457 476 517 8
D 523 41 2 75 74 73 8
D 524 41 2 75 81 73 29
D 522 43 2 523 76 524 8
D 525 43 2 523 101 524 29
D 521 47 2 522 500 525 8
D 528 71 3 117 519 450 486 133 29
D 527 67 3 412 528 481 485 495 29
D 526 79 8 104 428 402 437 411 445 423 452 432 461 440 469 448 476 527 8
D 531 41 2 73 81 75 8
D 532 41 2 73 74 75 29
D 530 43 2 531 76 532 8
D 533 43 2 531 101 532 29
D 529 47 2 530 500 533 8
D 536 71 2 117 519 132 29
D 535 67 3 412 536 481 485 495 29
D 534 79 7 104 437 402 445 411 452 423 461 432 469 440 476 535 8
D 540 53 2 91 97 89 8
D 541 53 2 91 90 89 29
D 539 55 2 540 92 541 8
D 538 51 2 83 539 98 8
D 537 47 2 71 538 100 8
D 544 63 3 413 434 483 110 484 8
D 545 63 3 483 135 413 136 484 29
D 543 67 3 412 536 544 485 545 29
D 542 79 6 104 445 402 452 411 461 423 469 432 476 543 8
D 548 49 2 86 85 84 8
D 549 49 2 86 99 84 29
D 547 51 2 548 501 549 8
D 546 47 2 71 547 100 8
D 553 61 2 107 115 109 108
D 552 63 2 483 110 553 8
D 555 61 2 109 115 107 29
D 554 63 2 555 135 484 29
D 551 67 3 412 536 552 485 554 29
D 550 79 5 104 452 402 461 411 469 423 476 551 8
D 558 49 2 84 99 86 8
D 559 49 2 84 85 86 29
D 557 51 2 558 501 559 8
D 556 47 2 71 557 100 8
D 563 75 2 417 487 418 29
D 562 71 2 117 563 132 29
D 561 67 3 412 562 552 485 554 29
D 560 79 4 104 461 402 469 411 476 561 8
D 567 57 2 95 94 93 8
D 566 55 2 502 567 503 8
D 565 51 2 83 566 98 8
D 564 47 2 71 565 100 8
D 570 63 2 483 135 553 29
D 569 67 2 552 485 570 29
D 568 79 3 104 469 402 476 569 8
L 575 58 40
D 574 57 2 93 575 95 8
D 573 55 2 502 574 503 8
D 572 51 2 83 573 98 8
D 571 47 2 71 572 100 8
D 577 67 2 105 485 134 29
D 576 79 2 104 476 577 8
D 580 45 2 79 78 77 102
D 581 41 2 75 74 73 81
D 582 41 2 75 81 73 8
D 579 43 3 72 580 581 76 582 8
D 585 57 2 93 575 95 29
D 584 55 2 502 585 503 29
D 583 51 2 83 584 98 29
D 587 49 2 86 85 84 99
D 589 53 2 89 90 91 97
D 590 57 2 93 94 95 575
D 591 53 2 89 97 91 8
D 588 55 3 589 585 502 590 591 29
D 592 49 2 86 99 84 8
D 586 51 3 587 584 83 588 592 29
D 594 45 2 79 102 77 8
D 593 43 3 72 594 581 101 582 29
D 578 47 3 579 583 71 586 593 29
D 69 59 11 70 103 497 506 511 516 521 526 529 534 537 542 546 550 556 560 564 568 571 576 578 8
D 597 29 2 50 65 52 8
D 599 33 2 57 56 55 8
D 600 33 2 57 63 55 29
D 598 35 2 599 58 600 8
D 601 29 2 50 51 52 29
D 596 31 2 597 598 601 8
D 595 27 2 37 596 66 8
D 606 57 2 95 575 93 29
D 605 55 3 502 606 589 585 591 29
D 604 51 3 83 605 587 584 592 29
D 603 47 3 71 604 579 583 593 29
D 602 59 10 70 506 497 516 511 526 521 534 529 542 537 550 546 560 556 568 564 576 603 8
D 609 29 2 52 51 50 8
D 610 29 2 52 65 50 29
D 608 31 2 609 598 610 8
D 607 27 2 37 608 66 8
D 615 53 2 91 90 89 97
D 614 55 2 589 585 615 29
D 613 51 3 83 614 587 584 592 29
D 612 47 3 71 613 579 583 593 29
D 611 59 9 70 516 497 526 511 534 521 542 529 550 537 560 546 568 556 576 612 8
D 618 21 2 41 40 39 8
D 619 21 2 41 47 39 29
D 617 23 2 618 42 619 8
D 620 31 2 49 598 64 8
D 621 23 2 618 67 619 29
D 616 27 2 617 620 621 8
D 624 51 3 83 614 548 584 99 29
D 623 47 3 71 624 579 583 593 29
D 622 59 8 70 526 497 534 511 542 521 550 529 560 537 568 546 576 623 8
D 627 21 2 39 47 41 8
D 628 21 2 39 40 41 29
D 626 23 2 627 42 628 8
D 629 23 2 627 67 628 29
D 625 27 2 626 620 629 8
D 632 51 2 83 614 98 29
D 631 47 3 71 632 579 583 593 29
D 630 59 7 70 534 497 542 511 550 521 560 529 568 537 576 631 8
D 635 25 2 45 44 43 8
D 634 23 2 38 635 46 8
D 637 25 2 45 68 43 29
D 636 23 2 38 637 46 29
D 633 27 2 634 620 636 8
D 641 55 2 88 585 96 29
D 640 51 2 83 641 98 29
D 639 47 3 71 640 579 583 593 29
D 638 59 6 70 542 497 550 511 560 521 568 529 576 639 8
D 644 25 2 43 68 45 8
D 643 23 2 38 644 46 8
D 646 25 2 43 44 45 29
D 645 23 2 38 646 46 29
D 642 27 2 643 620 645 8
D 649 43 3 72 580 523 76 81 8
D 650 43 3 72 594 523 101 81 29
D 648 47 3 71 640 649 583 650 29
D 647 59 5 70 550 497 560 511 568 521 576 648 8
D 654 33 2 57 63 55 8
D 655 33 2 57 56 55 29
D 653 35 2 654 58 655 8
D 652 31 2 49 653 64 8
D 651 27 2 37 652 66 8
D 658 43 2 72 580 80 8
D 659 43 2 72 594 80 29
D 657 47 3 71 640 658 583 659 29
D 656 59 4 70 560 497 568 511 576 657 8
L 664 38 19
D 663 37 2 59 664 61 8
D 662 35 2 599 663 600 8
D 661 31 2 49 662 64 8
D 660 27 2 37 661 66 8
D 667 43 2 72 102 80 29
D 666 47 3 71 640 498 583 667 29
D 665 59 3 70 568 497 576 666 8
D 671 37 2 61 60 59 8
D 670 35 2 599 671 600 8
D 669 31 2 49 670 64 8
D 668 27 2 37 669 66 8
D 673 47 2 71 640 100 29
D 672 59 2 70 576 673 8
D 676 25 2 45 44 43 68
D 677 21 2 41 40 39 47
D 678 21 2 41 47 39 8
D 675 23 3 38 676 677 42 678 8
D 681 37 2 59 664 61 29
D 680 35 2 599 681 600 29
D 679 31 2 49 680 64 29
D 683 29 2 52 51 50 65
D 685 33 2 55 56 57 63
D 686 37 2 59 60 61 664
D 687 33 2 55 63 57 8
D 684 35 3 685 681 599 686 687 29
D 688 29 2 52 65 50 8
D 682 31 3 683 680 49 684 688 29
D 690 25 2 45 68 43 8
D 689 23 3 38 690 677 67 678 29
D 674 27 3 675 679 37 682 689 29
D 35 39 11 36 69 595 602 607 611 616 622 625 630 633 638 642 647 651 656 660 665 668 672 674 8
D 693 3 2 5 34 7 8
D 692 1 2 3 693 9 8
D 696 11 2 17 28 19 8
D 697 11 2 17 18 19 29
D 695 13 2 696 20 697 8
D 694 9 2 11 695 30 8
D 699 3 2 5 6 7 29
D 698 1 2 3 699 9 29
D 691 5 2 692 694 698 8
D 704 37 2 59 60 61 29
D 703 35 3 599 704 685 681 687 29
D 702 31 3 49 703 683 680 688 29
D 701 27 3 37 702 675 679 689 29
D 700 39 10 36 602 595 611 607 622 616 630 625 638 633 647 642 656 651 665 660 672 701 8
D 706 1 2 9 4 3 8
D 707 1 2 9 33 3 29
D 705 5 2 706 694 707 8
D 712 33 2 57 56 55 63
D 711 35 2 685 681 712 29
D 710 31 3 49 711 683 680 688 29
D 709 27 3 37 710 675 679 689 29
D 708 39 9 36 611 595 622 607 630 616 638 625 647 633 656 642 665 651 672 709 8
D 715 3 2 7 6 5 8
D 714 1 2 3 715 9 8
D 717 3 2 7 34 5 29
D 716 1 2 3 717 9 29
D 713 5 2 714 694 716 8
D 721 35 2 54 681 62 29
D 720 31 3 49 721 683 680 688 29
D 719 27 3 37 720 675 679 689 29
D 718 39 8 36 622 595 630 607 638 616 647 625 656 633 665 642 672 719 8
D 725 11 2 19 28 17 8
D 726 11 2 19 18 17 29
D 724 13 2 725 20 726 8
D 723 9 2 11 724 30 8
D 722 5 2 2 723 32 8
D 729 23 3 38 635 677 42 678 8
D 730 23 3 677 67 38 68 678 29
D 728 27 3 37 720 729 679 730 29
D 727 39 7 36 630 595 638 607 647 616 656 625 665 633 672 728 8
D 733 7 2 14 13 12 8
D 734 7 2 14 31 12 29
D 732 9 2 733 695 734 8
D 731 5 2 2 732 32 8
D 738 21 2 39 40 41 47
D 737 23 2 677 42 738 8
D 740 21 2 41 40 39 29
D 739 23 2 740 67 678 29
D 736 27 3 37 720 737 679 739 29
D 735 39 6 36 638 595 647 607 656 616 665 625 672 736 8
D 743 7 2 12 31 14 8
D 744 7 2 12 13 14 29
D 742 9 2 743 695 744 8
D 741 5 2 2 742 32 8
D 747 23 2 40 67 47 29
D 746 27 3 37 720 617 679 747 29
D 745 39 5 36 647 595 656 607 665 616 672 746 8
D 751 15 2 26 22 21 8
D 750 13 2 696 751 697 8
D 749 9 2 11 750 30 8
D 748 5 2 2 749 32 8
D 753 27 2 37 720 66 29
D 752 39 4 36 656 595 665 607 672 753 8
D 758 17 2 25 24 23 8
D 757 15 2 21 758 26 8
D 756 13 2 696 757 697 8
D 755 9 2 11 756 30 8
D 754 5 2 2 755 32 8
D 761 31 3 49 721 597 680 52 29
D 760 27 2 37 761 66 29
D 759 39 3 36 665 595 672 760 8
L 767 18 10
D 766 17 2 23 767 25 8
D 765 15 2 21 766 26 8
D 764 13 2 696 765 697 8
D 763 9 2 11 764 30 8
D 762 5 2 2 763 32 8
D 770 31 2 49 721 64 29
D 769 27 2 37 770 66 29
D 768 39 2 36 672 769 8
D 775 17 2 23 24 25 767
D 776 17 2 23 767 25 29
D 774 15 2 21 775 26 776
D 777 11 2 19 28 17 18
D 778 15 2 21 776 26 29
D 779 11 2 19 18 17 8
D 773 13 3 696 774 777 778 779 29
D 780 7 2 14 13 12 31
D 781 13 2 696 778 697 29
D 782 7 2 14 31 12 8
D 772 9 3 11 773 780 781 782 29
D 784 3 2 7 6 5 34
D 783 1 2 3 784 9 4
D 785 9 2 11 781 30 29
D 787 3 2 7 34 5 8
D 786 1 2 3 787 9 33
D 771 5 3 2 772 783 785 786 29
D 0 19 11 1 35 691 700 705 708 713 718 722 727 731 735 741 745 748 752 754 759 762 768 771 8
