c ids of sdd nodes start at 0
c sdd nodes appear bottom-up, children before parents
c
c file syntax:
c sdd count-of-sdd-nodes
c F id-of-false-sdd-node
c T id-of-true-sdd-node
c L id-of-literal-sdd-node id-of-vtree literal
c D id-of-decomposition-sdd-node id-of-vtree number-of-elements {id-of-prime id-of-sub}*
c
sdd 143
L 3 0 -16
L 4 2 -17
L 5 0 16
F 6
D 2 1 2 3 4 5 6
L 8 4 -18
L 10 6 -19
L 11 8 -20
L 12 6 19
D 9 7 2 10 11 12 6
L 13 4 18
D 7 5 2 8 9 13 6
L 15 2 17
T 16
D 14 1 2 3 15 5 16
D 1 3 2 2 7 14 6
L 20 10 -11
L 21 12 -12
L 22 10 11
D 19 11 2 20 21 22 6
L 24 14 13
L 26 16 -14
L 27 18 -15
L 28 16 14
D 25 17 2 26 27 28 6
L 29 14 -13
D 23 15 2 24 25 29 6
L 31 12 12
D 30 11 2 20 31 22 16
D 18 13 2 19 23 30 6
L 34 20 -1
L 35 22 -2
L 36 20 1
D 33 21 2 34 35 36 6
L 39 24 -3
L 40 26 -4
L 41 24 3
D 38 25 2 39 40 41 6
L 43 28 -5
L 45 30 -6
L 47 32 -7
L 49 34 -8
L 51 36 -9
L 52 38 10
L 53 36 9
D 50 37 2 51 52 53 6
L 54 34 8
D 48 35 2 49 50 54 6
L 55 32 7
D 46 33 2 47 48 55 6
L 56 30 6
D 44 31 2 45 46 56 6
L 57 28 5
D 42 29 2 43 44 57 6
L 59 26 4
D 58 25 2 39 59 41 16
D 37 27 2 38 42 58 6
L 61 22 2
D 60 21 2 34 61 36 16
D 32 23 2 33 37 60 6
D 64 17 2 28 27 26 6
D 63 15 2 29 64 24 6
D 62 13 2 19 63 30 6
L 72 38 -10
D 71 37 2 53 72 51 6
D 70 35 2 49 71 54 6
D 69 33 2 47 70 55 6
D 68 31 2 45 69 56 6
D 67 29 2 43 68 57 6
D 66 27 2 38 67 58 6
D 65 23 2 33 66 60 6
L 76 18 15
D 75 17 2 26 76 28 6
D 74 15 2 29 75 24 6
D 73 13 2 19 74 30 6
D 83 37 2 51 72 53 6
D 82 35 2 54 83 49 6
D 81 33 2 47 82 55 6
D 80 31 2 45 81 56 6
D 79 29 2 43 80 57 6
D 78 27 2 38 79 58 6
D 77 23 2 33 78 60 6
D 86 17 2 26 27 28 76
D 87 17 2 26 76 28 16
D 85 15 2 29 86 24 87
D 84 13 2 19 85 30 16
D 17 19 4 18 32 62 65 73 77 84 6
L 91 8 20
D 90 7 2 10 91 12 6
D 89 5 2 8 90 13 6
D 88 3 2 2 89 14 6
D 94 15 2 29 25 24 6
D 93 13 2 19 94 30 6
D 97 25 2 41 40 39 6
D 101 35 2 49 83 54 6
D 100 33 2 47 101 55 6
D 99 31 2 45 100 56 6
D 98 29 2 43 99 57 6
D 102 25 2 41 59 39 16
D 96 27 2 97 98 102 6
D 95 23 2 33 96 60 6
D 104 15 2 29 87 24 16
D 103 13 2 19 104 30 16
D 92 19 2 93 95 103 6
D 107 7 2 12 11 10 6
D 106 5 2 8 107 13 6
D 105 3 2 2 106 14 6
D 111 25 2 39 59 41 6
D 112 25 2 39 40 41 16
D 110 27 2 111 98 112 6
D 109 23 2 33 110 60 6
D 108 19 2 93 109 103 6
D 114 5 2 13 9 8 6
D 113 3 2 2 114 14 6
D 118 29 2 57 99 43 6
D 117 27 2 38 118 58 6
D 116 23 2 33 117 60 6
D 115 19 2 93 116 103 6
D 120 1 2 3 15 5 6
D 121 1 2 3 4 5 16
D 119 3 2 120 7 121 6
D 126 31 2 56 100 45 6
D 125 29 2 43 126 57 6
D 124 27 2 38 125 58 6
D 123 23 2 33 124 60 6
D 122 19 2 93 123 103 6
D 128 1 2 5 4 3 6
D 129 1 2 5 15 3 16
D 127 3 2 128 7 129 6
D 135 33 2 55 101 47 6
D 134 31 2 45 135 56 6
D 133 29 2 43 134 57 6
D 132 27 2 38 133 58 6
D 131 23 2 33 132 60 6
D 130 19 2 93 131 103 6
D 138 7 2 12 91 10 6
D 139 7 2 10 91 12 16
D 137 5 2 8 138 13 139
D 140 1 2 5 4 3 15
D 141 5 2 8 139 13 16
D 142 1 2 5 15 3 6
D 136 3 3 2 137 140 141 142 16
D 0 9 7 1 17 88 92 105 108 113 115 119 122 127 130 136 6
