c ids of sdd nodes start at 0
c sdd nodes appear bottom-up, children before parents
c
c file syntax:
c sdd count-of-sdd-nodes
c F id-of-false-sdd-node
c T id-of-true-sdd-node
c L id-of-literal-sdd-node id-of-vtree literal
c D id-of-decomposition-sdd-node id-of-vtree number-of-elements {id-of-prime id-of-sub}*
c
sdd 137
L 3 0 -16
L 4 2 -17
L 5 0 16
F 6
D 2 1 2 3 4 5 6
L 8 4 -18
L 10 6 -19
L 11 8 20
L 12 6 19
D 9 7 2 10 11 12 6
L 13 4 18
D 7 5 2 8 9 13 6
L 15 2 17
T 16
D 14 1 2 3 15 5 16
D 1 3 2 2 7 14 6
L 20 10 -11
L 21 12 -12
L 22 10 11
D 19 11 2 20 21 22 6
L 24 14 -13
L 26 16 -14
L 27 18 -15
L 28 16 14
D 25 17 2 26 27 28 6
L 29 14 13
D 23 15 2 24 25 29 6
L 31 12 12
D 30 11 2 20 31 22 16
D 18 13 2 19 23 30 6
L 34 20 -1
L 35 22 -2
L 36 20 1
D 33 21 2 34 35 36 6
L 39 24 -3
L 40 26 4
L 41 24 3
D 38 25 2 39 40 41 6
L 43 28 -5
L 45 30 -6
L 47 32 -7
L 49 34 -8
L 51 36 -9
L 52 38 -10
L 53 36 9
D 50 37 2 51 52 53 6
L 54 34 8
D 48 35 2 49 50 54 6
L 55 32 7
D 46 33 2 47 48 55 6
L 56 30 6
D 44 31 2 45 46 56 6
L 57 28 5
D 42 29 2 43 44 57 6
L 59 26 -4
D 58 25 2 39 59 41 16
D 37 27 2 38 42 58 6
L 61 22 2
D 60 21 2 34 61 36 16
D 32 23 2 33 37 60 6
L 65 18 15
D 64 17 2 26 65 28 16
D 63 15 2 24 64 29 16
D 62 13 2 19 63 30 16
D 17 19 2 18 32 62 6
L 69 8 -20
D 68 7 2 10 69 12 6
D 67 5 2 8 68 13 6
D 66 3 2 2 67 14 6
D 73 17 2 28 27 26 6
D 72 15 2 24 73 29 6
D 71 13 2 19 72 30 6
D 76 25 2 39 59 41 6
L 82 38 10
D 81 37 2 51 82 53 6
D 80 35 2 49 81 54 6
D 79 33 2 47 80 55 6
D 78 31 2 45 79 56 6
D 77 29 2 43 78 57 6
D 83 25 2 39 40 41 16
D 75 27 2 76 77 83 6
D 74 23 2 33 75 60 6
D 86 17 2 26 65 28 6
D 85 15 2 24 86 29 6
D 84 13 2 19 85 30 6
D 93 37 2 53 52 51 6
D 92 35 2 49 93 54 6
D 91 33 2 47 92 55 6
D 90 31 2 45 91 56 6
D 89 29 2 43 90 57 6
D 88 27 2 76 89 83 6
D 87 23 2 33 88 60 6
D 96 17 2 26 27 28 65
D 95 15 2 24 96 29 16
D 94 13 2 19 95 30 16
D 70 19 3 71 74 84 87 94 6
D 99 7 2 12 69 10 6
D 98 5 2 8 99 13 6
D 97 3 2 2 98 14 6
D 103 29 2 57 44 43 6
D 102 27 2 76 103 83 6
D 101 23 2 33 102 60 6
D 100 19 2 18 101 62 6
D 105 5 2 13 68 8 6
D 104 3 2 2 105 14 6
D 110 31 2 56 46 45 6
D 109 29 2 43 110 57 6
D 108 27 2 76 109 83 6
D 107 23 2 33 108 60 6
D 106 19 2 18 107 62 6
D 112 1 2 3 15 5 6
D 113 1 2 3 4 5 16
D 111 3 2 112 67 113 6
D 119 33 2 55 48 47 6
D 118 31 2 45 119 56 6
D 117 29 2 43 118 57 6
D 116 27 2 76 117 83 6
D 115 23 2 33 116 60 6
D 114 19 2 18 115 62 6
D 121 1 2 5 4 3 6
D 122 1 2 5 15 3 16
D 120 3 2 121 67 122 6
D 129 35 2 54 50 49 6
D 128 33 2 47 129 55 6
D 127 31 2 45 128 56 6
D 126 29 2 43 127 57 6
D 125 27 2 76 126 83 6
D 124 23 2 33 125 60 6
D 123 19 2 18 124 62 6
D 132 7 2 12 11 10 6
D 133 7 2 10 11 12 16
D 131 5 2 8 132 13 133
D 134 1 2 5 4 3 15
D 135 5 2 8 133 13 16
D 136 1 2 5 15 3 6
D 130 3 3 2 131 134 135 136 16
D 0 9 7 1 17 66 70 97 100 104 106 111 114 120 123 130 6
