c ids of sdd nodes start at 0
c sdd nodes appear bottom-up, children before parents
c
c file syntax:
c sdd count-of-sdd-nodes
c F id-of-false-sdd-node
c T id-of-true-sdd-node
c L id-of-literal-sdd-node id-of-vtree literal
c D id-of-decomposition-sdd-node id-of-vtree number-of-elements {id-of-prime id-of-sub}*
c
sdd 106
L 3 0 -16
L 4 2 -17
L 5 0 16
F 6
D 2 1 2 3 4 5 6
L 8 4 -18
L 10 6 -19
L 11 8 20
L 12 6 19
D 9 7 2 10 11 12 6
L 13 4 18
D 7 5 2 8 9 13 6
L 15 2 17
T 16
D 14 1 2 3 15 5 16
D 1 3 2 2 7 14 6
L 20 10 -11
L 21 12 -12
L 22 10 11
D 19 11 2 20 21 22 6
L 24 14 -13
L 26 16 -14
L 27 18 -15
L 28 16 14
D 25 17 2 26 27 28 6
L 29 14 13
D 23 15 2 24 25 29 6
L 31 12 12
D 30 11 2 20 31 22 16
D 18 13 2 19 23 30 6
L 34 20 -1
L 35 22 -2
L 36 20 1
D 33 21 2 34 35 36 6
L 39 24 -3
L 40 26 -4
L 41 24 3
D 38 25 2 39 40 41 6
L 43 28 -5
L 45 30 -6
L 47 32 7
L 49 34 -8
L 51 36 -9
L 52 38 -10
L 53 36 9
D 50 37 2 51 52 53 6
L 54 34 8
D 48 35 2 49 50 54 6
L 55 32 -7
D 46 33 2 47 48 55 6
L 56 30 6
D 44 31 2 45 46 56 6
L 57 28 5
D 42 29 2 43 44 57 6
L 59 26 4
D 58 25 2 39 59 41 16
D 37 27 2 38 42 58 6
L 61 22 2
D 60 21 2 34 61 36 16
D 32 23 2 33 37 60 6
L 65 18 15
D 64 17 2 26 65 28 16
D 63 15 2 24 64 29 16
D 62 13 2 19 63 30 16
D 17 19 2 18 32 62 6
L 69 8 -20
D 68 7 2 12 69 10 6
D 67 5 2 8 68 13 6
D 66 3 2 2 67 14 6
D 76 35 2 54 50 49 6
D 75 33 2 55 76 47 6
D 74 31 2 45 75 56 6
D 73 29 2 43 74 57 6
D 72 27 2 38 73 58 6
D 71 23 2 33 72 60 6
D 70 19 2 18 71 62 6
D 79 7 2 10 69 12 6
D 78 5 2 13 79 8 6
D 77 3 2 2 78 14 6
D 87 37 2 53 52 51 6
D 86 35 2 49 87 54 6
D 85 33 2 55 86 47 6
D 84 31 2 45 85 56 6
D 83 29 2 43 84 57 6
D 82 27 2 38 83 58 6
D 81 23 2 33 82 60 6
D 80 19 2 18 81 62 6
D 89 1 2 3 15 5 6
D 90 5 2 8 79 13 6
D 91 1 2 3 4 5 16
D 88 3 2 89 90 91 6
L 100 38 10
D 99 37 2 51 100 53 6
D 98 35 2 49 99 54 6
D 97 33 2 55 98 47 6
D 96 31 2 45 97 56 6
D 95 29 2 43 96 57 6
D 94 27 2 38 95 58 6
D 93 23 2 33 94 60 6
D 92 19 2 18 93 62 6
D 103 7 2 10 69 12 11
D 104 7 2 10 11 12 16
D 102 5 2 8 103 13 104
D 105 5 2 8 104 13 16
D 101 3 3 2 102 89 105 5 16
D 0 9 5 1 17 66 70 77 80 88 92 101 6
