c ids of sdd nodes start at 0
c sdd nodes appear bottom-up, children before parents
c
c file syntax:
c sdd count-of-sdd-nodes
c F id-of-false-sdd-node
c T id-of-true-sdd-node
c L id-of-literal-sdd-node id-of-vtree literal
c D id-of-decomposition-sdd-node id-of-vtree number-of-elements {id-of-prime id-of-sub}*
c
sdd 103
L 3 0 -16
L 4 2 -17
L 5 0 16
F 6
D 2 1 2 3 4 5 6
L 8 4 -18
L 10 6 -19
L 11 8 -20
L 12 6 19
D 9 7 2 10 11 12 6
L 13 4 18
D 7 5 2 8 9 13 6
L 15 2 17
T 16
D 14 1 2 3 15 5 16
D 1 3 2 2 7 14 6
L 20 10 11
L 21 12 -12
L 22 10 -11
D 19 11 2 20 21 22 6
L 24 14 -13
L 26 16 -14
L 27 18 -15
L 28 16 14
D 25 17 2 26 27 28 6
L 29 14 13
D 23 15 2 24 25 29 6
L 31 12 12
D 30 11 2 20 31 22 16
D 18 13 2 19 23 30 6
L 34 20 -1
L 35 22 -2
L 36 20 1
D 33 21 2 34 35 36 6
L 39 24 -3
L 40 26 -4
L 41 24 3
D 38 25 2 39 40 41 6
L 43 28 5
L 45 30 -6
L 47 32 -7
L 49 34 -8
L 51 36 -9
L 52 38 -10
L 53 36 9
D 50 37 2 51 52 53 6
L 54 34 8
D 48 35 2 49 50 54 6
L 55 32 7
D 46 33 2 47 48 55 6
L 56 30 6
D 44 31 2 45 46 56 6
L 57 28 -5
D 42 29 2 43 44 57 6
L 59 26 4
D 58 25 2 39 59 41 16
D 37 27 2 38 42 58 6
L 61 22 2
D 60 21 2 34 61 36 16
D 32 23 2 33 37 60 6
D 63 11 2 22 31 20 6
D 64 11 2 22 21 20 16
D 62 13 2 63 23 64 6
D 67 25 2 39 59 41 6
D 68 29 2 57 44 43 6
D 69 25 2 39 40 41 16
D 66 27 2 67 68 69 6
D 65 23 2 33 66 60 6
D 71 11 2 22 21 20 6
D 72 15 2 29 25 24 6
D 73 11 2 22 31 20 16
D 70 13 2 71 72 73 6
D 76 25 2 41 40 39 6
D 77 25 2 41 59 39 16
D 75 27 2 76 68 77 6
D 74 23 2 33 75 60 6
D 80 17 2 28 27 26 6
D 79 15 2 24 80 29 6
D 78 13 2 71 79 73 6
D 82 21 2 34 61 36 6
D 83 27 2 38 68 58 6
D 84 21 2 34 35 36 16
D 81 23 2 82 83 84 6
L 88 18 15
D 87 17 2 26 88 28 6
D 86 15 2 24 87 29 6
D 85 13 2 71 86 73 6
D 90 21 2 36 35 34 6
D 91 21 2 36 61 34 16
D 89 23 2 90 83 91 6
D 94 17 2 26 27 28 88
D 95 17 2 26 88 28 16
D 93 15 2 24 94 29 95
D 96 11 2 20 21 22 31
D 97 15 2 24 95 29 16
D 98 11 2 20 31 22 6
D 92 13 3 71 93 96 97 98 16
D 17 19 6 18 32 62 65 70 74 78 81 85 89 92 6
L 102 8 20
D 101 7 2 10 102 12 16
D 100 5 2 8 101 13 16
D 99 3 2 2 100 14 16
D 0 9 2 1 17 99 6
