c ids of sdd nodes start at 0
c sdd nodes appear bottom-up, children before parents
c
c file syntax:
c sdd count-of-sdd-nodes
c F id-of-false-sdd-node
c T id-of-true-sdd-node
c L id-of-literal-sdd-node id-of-vtree literal
c D id-of-decomposition-sdd-node id-of-vtree number-of-elements {id-of-prime id-of-sub}*
c
sdd 113
L 3 0 16
L 4 2 -17
L 5 0 -16
F 6
D 2 1 2 3 4 5 6
L 8 4 -18
L 10 6 -19
L 11 8 -20
L 12 6 19
D 9 7 2 10 11 12 6
L 13 4 18
D 7 5 2 8 9 13 6
L 15 2 17
T 16
D 14 1 2 3 15 5 16
D 1 3 2 2 7 14 6
L 20 10 -11
L 21 12 -12
L 22 10 11
D 19 11 2 20 21 22 6
L 24 14 -13
L 26 16 -14
L 27 18 -15
L 28 16 14
D 25 17 2 26 27 28 6
L 29 14 13
D 23 15 2 24 25 29 6
L 31 12 12
D 30 11 2 20 31 22 16
D 18 13 2 19 23 30 6
L 34 20 1
L 35 22 -2
L 36 20 -1
D 33 21 2 34 35 36 6
L 39 24 -3
L 40 26 -4
L 41 24 3
D 38 25 2 39 40 41 6
L 43 28 -5
L 45 30 -6
L 47 32 -7
L 49 34 -8
L 51 36 -9
L 52 38 -10
L 53 36 9
D 50 37 2 51 52 53 6
L 54 34 8
D 48 35 2 49 50 54 6
L 55 32 7
D 46 33 2 47 48 55 6
L 56 30 6
D 44 31 2 45 46 56 6
L 57 28 5
D 42 29 2 43 44 57 6
L 59 26 4
D 58 25 2 39 59 41 16
D 37 27 2 38 42 58 6
L 61 22 2
D 60 21 2 34 61 36 16
D 32 23 2 33 37 60 6
L 65 18 15
D 64 17 2 26 65 28 16
D 63 15 2 24 64 29 16
D 62 13 2 19 63 30 16
D 17 19 2 18 32 62 6
D 67 1 2 5 4 3 6
D 68 1 2 5 15 3 16
D 66 3 2 67 7 68 6
D 71 11 2 22 21 20 6
D 72 11 2 22 31 20 16
D 70 13 2 71 23 72 6
D 74 21 2 36 35 34 6
D 77 31 2 56 46 45 6
D 76 29 2 43 77 57 6
D 75 27 2 38 76 58 6
D 78 21 2 36 61 34 16
D 73 23 2 74 75 78 6
D 80 11 2 20 31 22 6
D 81 11 2 20 21 22 16
D 79 13 2 80 23 81 6
D 84 29 2 57 44 43 6
D 83 27 2 38 84 58 6
D 82 23 2 74 83 78 6
D 86 15 2 29 25 24 6
D 85 13 2 19 86 30 6
D 89 25 2 39 59 41 6
D 90 25 2 39 40 41 16
D 88 27 2 89 42 90 6
D 87 23 2 74 88 78 6
D 93 17 2 28 27 26 6
D 92 15 2 24 93 29 6
D 91 13 2 19 92 30 6
D 96 25 2 41 40 39 6
D 97 25 2 41 59 39 16
D 95 27 2 96 42 97 6
D 94 23 2 74 95 78 6
D 100 17 2 26 65 28 6
D 99 15 2 24 100 29 6
D 98 13 2 19 99 30 6
D 102 21 2 36 61 34 6
D 103 21 2 36 35 34 16
D 101 23 2 102 37 103 6
D 106 17 2 26 27 28 65
D 105 15 2 24 106 29 64
D 107 11 2 22 21 20 31
D 108 11 2 22 31 20 6
D 104 13 3 19 105 107 63 108 16
D 69 19 6 70 73 79 82 85 87 91 94 98 101 104 6
L 112 8 20
D 111 7 2 10 112 12 16
D 110 5 2 8 111 13 16
D 109 3 2 4 110 15 16
D 0 9 3 1 17 66 69 109 6
