c ids of sdd nodes start at 0
c sdd nodes appear bottom-up, children before parents
c
c file syntax:
c sdd count-of-sdd-nodes
c F id-of-false-sdd-node
c T id-of-true-sdd-node
c L id-of-literal-sdd-node id-of-vtree literal
c D id-of-decomposition-sdd-node id-of-vtree number-of-elements {id-of-prime id-of-sub}*
c
sdd 124
L 3 0 16
L 4 2 -17
L 5 0 -16
F 6
D 2 1 2 3 4 5 6
L 8 4 -18
L 10 6 -19
L 11 8 -20
L 12 6 19
D 9 7 2 10 11 12 6
L 13 4 18
D 7 5 2 8 9 13 6
L 15 2 17
T 16
D 14 1 2 3 15 5 16
D 1 3 2 2 7 14 6
L 20 10 -11
L 21 12 -12
L 22 10 11
D 19 11 2 20 21 22 6
L 24 14 -13
L 26 16 -14
L 27 18 -15
L 28 16 14
D 25 17 2 26 27 28 6
L 29 14 13
D 23 15 2 24 25 29 6
L 31 12 12
D 30 11 2 20 31 22 16
D 18 13 2 19 23 30 6
L 34 20 -1
L 35 22 2
L 36 20 1
D 33 21 2 34 35 36 6
L 39 24 -3
L 40 26 -4
L 41 24 3
D 38 25 2 39 40 41 6
L 43 28 -5
L 45 30 -6
L 47 32 -7
L 49 34 -8
L 51 36 -9
L 52 38 -10
L 53 36 9
D 50 37 2 51 52 53 6
L 54 34 8
D 48 35 2 49 50 54 6
L 55 32 7
D 46 33 2 47 48 55 6
L 56 30 6
D 44 31 2 45 46 56 6
L 57 28 5
D 42 29 2 43 44 57 6
L 59 26 4
D 58 25 2 39 59 41 16
D 37 27 2 38 42 58 6
L 61 22 -2
D 60 21 2 34 61 36 16
D 32 23 2 33 37 60 6
L 65 18 15
D 64 17 2 26 65 28 16
D 63 15 2 24 64 29 16
D 62 13 2 19 63 30 16
D 17 19 2 18 32 62 6
D 67 1 2 5 4 3 6
D 68 1 2 5 15 3 16
D 66 3 2 67 7 68 6
D 71 11 2 22 21 20 6
D 72 11 2 22 31 20 16
D 70 13 2 71 23 72 6
D 74 21 2 34 61 36 6
D 78 33 2 55 48 47 6
D 77 31 2 45 78 56 6
D 76 29 2 43 77 57 6
D 75 27 2 38 76 58 6
D 79 21 2 34 35 36 16
D 73 23 2 74 75 79 6
D 81 11 2 20 31 22 6
D 82 11 2 20 21 22 16
D 80 13 2 81 23 82 6
D 86 31 2 56 46 45 6
D 85 29 2 43 86 57 6
D 84 27 2 38 85 58 6
D 83 23 2 74 84 79 6
D 88 15 2 29 25 24 6
D 87 13 2 19 88 30 6
D 91 29 2 57 44 43 6
D 90 27 2 38 91 58 6
D 89 23 2 74 90 79 6
D 94 17 2 28 27 26 6
D 93 15 2 24 94 29 6
D 92 13 2 19 93 30 6
D 97 25 2 39 59 41 6
D 98 25 2 39 40 41 16
D 96 27 2 97 42 98 6
D 95 23 2 74 96 79 6
D 101 17 2 26 65 28 6
D 100 15 2 24 101 29 6
D 99 13 2 19 100 30 6
D 104 25 2 41 40 39 6
D 105 25 2 41 59 39 16
D 103 27 2 104 42 105 6
D 102 23 2 74 103 79 6
D 108 17 2 26 27 28 65
D 107 15 2 24 108 29 64
D 109 11 2 22 21 20 31
D 110 11 2 22 31 20 6
D 106 13 3 19 107 109 63 110 16
D 69 19 6 70 73 80 83 87 89 92 95 99 102 106 6
D 112 1 2 5 15 3 6
D 113 1 2 5 4 3 16
D 111 3 2 112 7 113 6
D 116 21 2 36 61 34 6
D 117 21 2 36 35 34 16
D 115 23 2 116 37 117 6
D 114 19 2 18 115 62 6
D 119 1 2 3 4 5 16
L 122 8 20
D 121 7 2 10 122 12 16
D 120 5 2 8 121 13 16
D 123 1 2 3 15 5 6
D 118 3 2 119 120 123 16
D 0 9 4 1 17 66 69 111 114 118 6
