c ids of sdd nodes start at 0
c sdd nodes appear bottom-up, children before parents
c
c file syntax:
c sdd count-of-sdd-nodes
c F id-of-false-sdd-node
c T id-of-true-sdd-node
c L id-of-literal-sdd-node id-of-vtree literal
c D id-of-decomposition-sdd-node id-of-vtree number-of-elements {id-of-prime id-of-sub}*
c
sdd 133
L 3 0 16
L 4 2 -17
L 5 0 -16
F 6
D 2 1 2 3 4 5 6
L 8 4 -18
L 10 6 -19
L 11 8 -20
L 12 6 19
D 9 7 2 10 11 12 6
L 13 4 18
D 7 5 2 8 9 13 6
L 15 2 17
T 16
D 14 1 2 3 15 5 16
D 1 3 2 2 7 14 6
L 20 10 -11
L 21 12 -12
L 22 10 11
D 19 11 2 20 21 22 6
L 24 14 -13
L 26 16 -14
L 27 18 -15
L 28 16 14
D 25 17 2 26 27 28 6
L 29 14 13
D 23 15 2 24 25 29 6
L 31 12 12
D 30 11 2 20 31 22 16
D 18 13 2 19 23 30 6
L 34 20 -1
L 35 22 -2
L 36 20 1
D 33 21 2 34 35 36 6
L 39 24 3
L 40 26 -4
L 41 24 -3
D 38 25 2 39 40 41 6
L 43 28 -5
L 45 30 -6
L 47 32 -7
L 49 34 -8
L 51 36 -9
L 52 38 -10
L 53 36 9
D 50 37 2 51 52 53 6
L 54 34 8
D 48 35 2 49 50 54 6
L 55 32 7
D 46 33 2 47 48 55 6
L 56 30 6
D 44 31 2 45 46 56 6
L 57 28 5
D 42 29 2 43 44 57 6
L 59 26 4
D 58 25 2 39 59 41 16
D 37 27 2 38 42 58 6
L 61 22 2
D 60 21 2 34 61 36 16
D 32 23 2 33 37 60 6
L 65 18 15
D 64 17 2 26 65 28 16
D 63 15 2 24 64 29 16
D 62 13 2 19 63 30 16
D 17 19 2 18 32 62 6
D 67 1 2 5 4 3 6
D 68 1 2 5 15 3 16
D 66 3 2 67 7 68 6
D 71 11 2 22 21 20 6
D 72 11 2 22 31 20 16
D 70 13 2 71 23 72 6
D 75 25 2 41 40 39 6
D 79 35 2 54 50 49 6
D 78 33 2 47 79 55 6
D 77 31 2 45 78 56 6
D 76 29 2 43 77 57 6
D 80 25 2 41 59 39 16
D 74 27 2 75 76 80 6
D 73 23 2 33 74 60 6
D 82 11 2 20 31 22 6
D 83 11 2 20 21 22 16
D 81 13 2 82 23 83 6
D 88 33 2 55 48 47 6
D 87 31 2 45 88 56 6
D 86 29 2 43 87 57 6
D 85 27 2 75 86 80 6
D 84 23 2 33 85 60 6
D 90 15 2 29 25 24 6
D 89 13 2 19 90 30 6
D 94 31 2 56 46 45 6
D 93 29 2 43 94 57 6
D 92 27 2 75 93 80 6
D 91 23 2 33 92 60 6
D 97 17 2 28 27 26 6
D 96 15 2 24 97 29 6
D 95 13 2 19 96 30 6
D 100 29 2 57 44 43 6
D 99 27 2 75 100 80 6
D 98 23 2 33 99 60 6
D 103 17 2 26 65 28 6
D 102 15 2 24 103 29 6
D 101 13 2 19 102 30 6
D 106 25 2 41 59 39 6
D 107 25 2 41 40 39 16
D 105 27 2 106 42 107 6
D 104 23 2 33 105 60 6
D 110 17 2 26 27 28 65
D 109 15 2 24 110 29 64
D 111 11 2 22 21 20 31
D 112 11 2 22 31 20 6
D 108 13 3 19 109 111 63 112 16
D 69 19 6 70 73 81 84 89 91 95 98 101 104 108 6
D 114 1 2 5 15 3 6
D 115 1 2 5 4 3 16
D 113 3 2 114 7 115 6
D 118 21 2 34 61 36 6
D 119 27 2 75 42 80 6
D 120 21 2 34 35 36 16
D 117 23 2 118 119 120 6
D 116 19 2 18 117 62 6
D 122 5 2 13 9 8 6
D 121 3 2 67 122 68 6
D 125 21 2 36 35 34 6
D 126 21 2 36 61 34 16
D 124 23 2 125 119 126 6
D 123 19 2 18 124 62 6
D 128 1 2 3 4 5 15
L 131 8 20
D 130 7 2 10 131 12 16
D 129 5 2 8 130 13 16
D 132 1 2 3 15 5 6
D 127 3 3 128 129 67 130 132 16
D 0 9 5 1 17 66 69 113 116 121 123 127 6
