c ids of sdd nodes start at 0
c sdd nodes appear bottom-up, children before parents
c
c file syntax:
c sdd count-of-sdd-nodes
c F id-of-false-sdd-node
c T id-of-true-sdd-node
c L id-of-literal-sdd-node id-of-vtree literal
c D id-of-decomposition-sdd-node id-of-vtree number-of-elements {id-of-prime id-of-sub}*
c
sdd 158
L 3 0 -16
L 4 2 -17
L 5 0 16
F 6
D 2 1 2 3 4 5 6
L 8 4 -18
L 10 6 -19
L 11 8 -20
L 12 6 19
D 9 7 2 10 11 12 6
L 13 4 18
D 7 5 2 8 9 13 6
L 15 2 17
T 16
D 14 1 2 3 15 5 16
D 1 3 2 2 7 14 6
L 20 10 11
L 21 12 -12
L 22 10 -11
D 19 11 2 20 21 22 6
L 24 14 -13
L 26 16 -14
L 27 18 -15
L 28 16 14
D 25 17 2 26 27 28 6
L 29 14 13
D 23 15 2 24 25 29 6
L 31 12 12
D 30 11 2 20 31 22 16
D 18 13 2 19 23 30 6
L 34 20 -1
L 35 22 -2
L 36 20 1
D 33 21 2 34 35 36 6
L 39 24 -3
L 40 26 -4
L 41 24 3
D 38 25 2 39 40 41 6
L 43 28 -5
L 45 30 -6
L 47 32 -7
L 49 34 -8
L 51 36 -9
L 52 38 10
L 53 36 9
D 50 37 2 51 52 53 6
L 54 34 8
D 48 35 2 49 50 54 6
L 55 32 7
D 46 33 2 47 48 55 6
L 56 30 6
D 44 31 2 45 46 56 6
L 57 28 5
D 42 29 2 43 44 57 6
L 59 26 4
D 58 25 2 39 59 41 16
D 37 27 2 38 42 58 6
L 61 22 2
D 60 21 2 34 61 36 16
D 32 23 2 33 37 60 6
D 63 11 2 22 31 20 6
D 64 11 2 22 21 20 16
D 62 13 2 63 23 64 6
L 72 38 -10
D 71 37 2 53 72 51 6
D 70 35 2 49 71 54 6
D 69 33 2 47 70 55 6
D 68 31 2 45 69 56 6
D 67 29 2 43 68 57 6
D 66 27 2 38 67 58 6
D 65 23 2 33 66 60 6
D 74 11 2 22 21 20 6
D 75 15 2 29 25 24 6
D 76 11 2 22 31 20 16
D 73 13 2 74 75 76 6
D 83 37 2 51 72 53 6
D 82 35 2 54 83 49 6
D 81 33 2 47 82 55 6
D 80 31 2 45 81 56 6
D 79 29 2 43 80 57 6
D 78 27 2 38 79 58 6
D 77 23 2 33 78 60 6
D 86 17 2 28 27 26 6
D 85 15 2 24 86 29 6
D 84 13 2 74 85 76 6
D 92 35 2 49 83 54 6
D 91 33 2 55 92 47 6
D 90 31 2 45 91 56 6
D 89 29 2 43 90 57 6
D 88 27 2 38 89 58 6
D 87 23 2 33 88 60 6
L 96 18 15
D 95 17 2 26 96 28 6
D 94 15 2 24 95 29 6
D 93 13 2 74 94 76 6
D 101 33 2 47 92 55 6
D 100 31 2 56 101 45 6
D 99 29 2 43 100 57 6
D 98 27 2 38 99 58 6
D 97 23 2 33 98 60 6
D 104 17 2 26 27 28 96
D 105 17 2 26 96 28 16
D 103 15 2 24 104 29 105
D 106 11 2 20 21 22 31
D 107 15 2 24 105 29 16
D 108 11 2 20 31 22 6
D 102 13 3 74 103 106 107 108 16
D 17 19 6 18 32 62 65 73 77 84 87 93 97 102 6
D 110 5 2 13 9 8 6
D 109 3 2 2 110 14 6
D 112 13 2 74 23 76 6
D 115 25 2 41 40 39 6
D 117 31 2 45 101 56 6
D 116 29 2 43 117 57 6
D 118 25 2 41 59 39 16
D 114 27 2 115 116 118 6
D 113 23 2 33 114 60 6
D 119 13 2 74 107 76 16
D 111 19 2 112 113 119 6
D 121 1 2 3 15 5 6
D 122 1 2 3 4 5 16
D 120 3 2 121 7 122 6
D 126 25 2 39 59 41 6
D 127 25 2 39 40 41 16
D 125 27 2 126 116 127 6
D 124 23 2 33 125 60 6
D 123 19 2 112 124 119 6
D 130 7 2 12 11 10 6
D 129 5 2 8 130 13 6
D 128 3 2 2 129 14 6
D 133 21 2 34 61 36 6
D 134 27 2 38 116 58 6
D 135 21 2 34 35 36 16
D 132 23 2 133 134 135 6
D 131 19 2 112 132 119 6
D 137 1 2 5 4 3 6
D 138 1 2 5 15 3 16
D 136 3 2 137 7 138 6
D 142 29 2 57 117 43 6
D 141 27 2 38 142 58 6
D 140 23 2 33 141 60 6
D 139 19 2 112 140 119 6
L 146 8 20
D 145 7 2 10 146 12 6
D 144 5 2 8 145 13 6
D 143 3 2 2 144 14 6
D 149 21 2 36 35 34 6
D 150 21 2 36 61 34 16
D 148 23 2 149 134 150 6
D 147 19 2 112 148 119 6
D 153 7 2 12 146 10 6
D 154 7 2 10 146 12 16
D 152 5 2 8 153 13 154
D 155 1 2 5 4 3 15
D 156 5 2 8 154 13 16
D 157 1 2 5 15 3 6
D 151 3 3 2 152 155 156 157 16
D 0 9 7 1 17 109 111 120 123 128 131 136 139 143 147 151 6
