c ids of sdd nodes start at 0
c sdd nodes appear bottom-up, children before parents
c
c file syntax:
c sdd count-of-sdd-nodes
c F id-of-false-sdd-node
c T id-of-true-sdd-node
c L id-of-literal-sdd-node id-of-vtree literal
c D id-of-decomposition-sdd-node id-of-vtree number-of-elements {id-of-prime id-of-sub}*
c
sdd 401
L 3 0 -2
L 5 2 -3
L 6 4 -4
L 7 2 3
F 8
D 4 3 2 5 6 7 8
L 9 0 2
D 2 1 2 3 4 9 8
L 12 6 -6
L 13 8 -7
L 14 6 6
D 11 7 2 12 13 14 8
L 17 10 -5
L 18 12 1
L 19 10 5
D 16 11 2 17 18 19 8
L 21 14 -8
L 23 16 -9
L 24 18 -10
L 25 16 9
D 22 17 2 23 24 25 8
L 26 14 8
D 20 15 2 21 22 26 8
L 28 12 -1
T 29
D 27 11 2 17 28 19 29
D 15 13 2 16 20 27 8
L 31 8 7
D 30 7 2 12 31 14 29
D 10 9 2 11 15 30 8
L 34 4 4
D 33 3 2 5 34 7 29
D 32 1 2 3 33 9 29
D 1 5 2 2 10 32 8
L 38 20 16
L 39 22 -17
L 40 20 -16
D 37 21 2 38 39 40 8
L 42 24 -18
L 44 26 -19
L 45 28 -20
L 46 26 19
D 43 27 2 44 45 46 8
L 47 24 18
D 41 25 2 42 43 47 8
L 49 22 17
D 48 21 2 38 49 40 29
D 36 23 2 37 41 48 8
L 53 30 -13
L 54 32 -14
L 55 30 13
D 52 31 2 53 54 55 8
L 57 34 -12
L 59 36 -15
L 60 38 -11
L 61 36 15
D 58 37 2 59 60 61 8
L 62 34 12
D 56 35 2 57 58 62 8
L 64 32 14
D 63 31 2 53 64 55 29
D 51 33 2 52 56 63 8
L 68 40 36
L 69 42 -37
L 70 40 -36
D 67 41 2 68 69 70 8
L 72 44 -38
L 74 46 -39
L 75 48 -40
L 76 46 39
D 73 47 2 74 75 76 8
L 77 44 38
D 71 45 2 72 73 77 8
L 79 42 37
D 78 41 2 68 79 70 29
D 66 43 2 67 71 78 8
L 83 50 -33
L 84 52 -32
L 85 50 33
D 82 51 2 83 84 85 8
L 87 54 -31
L 89 56 -34
L 90 58 -35
L 91 56 34
D 88 57 2 89 90 91 8
L 92 54 31
D 86 55 2 87 88 92 8
L 94 52 32
D 93 51 2 83 94 85 29
D 81 53 2 82 86 93 8
L 97 60 21
L 98 62 -22
L 99 60 -21
D 96 61 2 97 98 99 8
L 102 64 -23
L 103 66 -24
L 104 64 23
D 101 65 2 102 103 104 8
L 106 68 -25
L 108 70 -26
L 110 72 -27
L 112 74 -28
L 114 76 -29
L 115 78 -30
L 116 76 29
D 113 77 2 114 115 116 8
L 117 74 28
D 111 75 2 112 113 117 8
L 118 72 27
D 109 73 2 110 111 118 8
L 119 70 26
D 107 71 2 108 109 119 8
L 120 68 25
D 105 69 2 106 107 120 8
L 122 66 24
D 121 65 2 102 122 104 29
D 100 67 2 101 105 121 8
L 124 62 22
D 123 61 2 97 124 99 29
D 95 63 2 96 100 123 8
L 128 58 35
D 127 57 2 89 128 91 29
D 126 55 2 87 127 92 29
D 125 53 2 82 126 93 29
D 80 59 2 81 95 125 8
D 130 41 2 70 69 68 8
D 131 41 2 70 79 68 29
D 129 43 2 130 71 131 8
D 135 57 2 91 90 89 8
D 134 55 2 87 135 92 8
D 133 53 2 82 134 93 8
D 137 61 2 99 98 97 8
D 139 65 2 104 103 102 8
D 140 65 2 104 122 102 29
D 138 67 2 139 105 140 8
D 141 61 2 99 124 97 29
D 136 63 2 137 138 141 8
D 143 51 2 85 84 83 8
D 144 51 2 85 94 83 29
D 142 53 2 143 86 144 8
D 147 65 2 102 122 104 8
D 148 65 2 102 103 104 29
D 146 67 2 147 105 148 8
D 145 63 2 137 146 141 8
D 150 51 2 83 94 85 8
D 151 51 2 83 84 85 29
D 149 53 2 150 86 151 8
D 154 69 2 120 107 106 8
D 153 67 2 101 154 121 8
D 152 63 2 137 153 141 8
D 156 55 2 92 88 87 8
D 155 53 2 82 156 93 8
D 160 71 2 119 109 108 8
D 159 69 2 106 160 120 8
D 158 67 2 101 159 121 8
D 157 63 2 137 158 141 8
D 163 57 2 89 128 91 8
D 162 55 2 87 163 92 8
D 161 53 2 82 162 93 8
D 165 61 2 99 124 97 8
D 166 61 2 99 98 97 29
D 164 63 2 165 100 166 8
D 169 57 2 89 90 91 128
D 168 55 2 87 169 92 127
D 170 51 2 85 84 83 94
D 171 51 2 85 94 83 8
D 167 53 3 82 168 170 126 171 29
D 132 59 6 133 136 142 145 149 152 155 157 161 164 167 8
L 175 48 40
D 174 47 2 74 175 76 29
D 173 45 2 72 174 77 29
D 172 43 2 69 173 79 29
D 65 49 3 66 80 129 132 172 8
L 179 38 11
D 178 37 2 59 179 61 29
D 177 35 2 57 178 62 29
D 176 33 2 52 177 63 29
D 50 39 2 51 65 176 8
D 181 21 2 40 39 38 8
D 182 21 2 40 49 38 29
D 180 23 2 181 41 182 8
D 186 37 2 59 179 61 8
D 185 35 2 57 186 62 8
D 184 33 2 52 185 63 8
L 196 78 30
D 195 77 2 114 196 116 8
D 194 75 2 112 195 117 8
D 193 73 2 110 194 118 8
D 192 71 2 108 193 119 8
D 191 69 2 106 192 120 8
D 190 67 2 101 191 121 8
D 189 63 2 137 190 141 8
D 203 77 2 116 115 114 8
D 202 75 2 112 203 117 8
D 201 73 2 110 202 118 8
D 200 71 2 108 201 119 8
D 199 69 2 106 200 120 8
D 198 67 2 101 199 121 8
D 197 63 2 137 198 141 8
D 209 75 2 117 113 112 8
D 208 73 2 110 209 118 8
D 207 71 2 108 208 119 8
D 206 69 2 106 207 120 8
D 205 67 2 101 206 121 8
D 204 63 2 137 205 141 8
D 214 73 2 118 111 110 8
D 213 71 2 108 214 119 8
D 212 69 2 106 213 120 8
D 211 67 2 101 212 121 8
D 210 63 2 137 211 141 8
D 216 55 2 87 169 92 29
D 215 53 3 82 216 170 126 171 29
D 188 59 5 149 189 142 197 133 204 161 210 215 8
D 219 47 2 76 75 74 8
D 218 45 2 72 219 77 8
D 217 43 2 130 218 131 8
D 220 59 2 81 136 125 8
D 223 47 2 74 175 76 8
D 222 45 2 72 223 77 8
D 221 43 2 130 222 131 8
D 224 59 2 81 164 125 8
D 226 45 2 77 73 72 8
D 225 43 2 130 226 131 8
D 227 59 2 81 145 125 8
D 229 41 2 70 79 68 8
D 230 41 2 70 69 68 29
D 228 43 2 229 71 230 8
D 231 59 2 81 152 125 8
D 232 59 2 81 157 125 8
D 235 47 2 76 175 74 8
D 234 45 2 72 235 77 174
D 236 41 2 68 69 70 79
D 237 41 2 68 79 70 8
D 233 43 3 130 234 236 173 237 29
D 187 49 7 129 188 217 220 221 224 225 227 228 231 66 232 233 8
D 239 35 2 62 58 57 8
D 238 33 2 52 239 63 8
D 241 59 6 155 189 149 197 142 204 161 157 133 210 167 8
D 240 49 7 129 241 225 220 217 224 228 227 221 80 66 231 233 8
D 243 31 2 55 54 53 8
D 244 31 2 55 64 53 29
D 242 33 2 243 56 244 8
D 246 59 6 155 197 149 204 161 152 133 157 142 210 167 8
D 248 45 2 77 174 72 175
D 247 43 3 130 248 236 173 237 29
D 245 49 6 129 246 228 220 225 224 66 227 217 80 247 8
D 250 31 2 53 64 55 8
D 251 31 2 53 54 55 29
D 249 33 2 250 56 251 8
D 253 59 6 155 204 161 145 133 152 142 157 149 210 167 8
D 254 43 3 236 173 130 174 237 29
D 252 49 5 129 253 66 220 228 224 225 80 254 8
D 257 37 2 61 60 59 8
D 256 35 2 57 257 62 8
D 255 33 2 52 256 63 8
D 259 59 6 161 136 133 145 142 152 149 157 155 210 167 8
D 261 41 2 68 69 70 29
D 260 43 2 261 173 237 29
D 258 49 4 66 224 129 259 228 80 260 8
D 264 37 2 59 60 61 179
D 263 35 2 57 264 62 178
D 265 31 2 55 54 53 64
D 266 31 2 55 64 53 8
D 262 33 3 52 263 265 177 266 29
D 183 39 6 184 187 238 240 242 245 249 252 255 258 262 8
D 268 21 2 40 49 38 8
D 269 21 2 40 39 38 29
D 267 23 2 268 41 269 8
D 272 59 6 142 136 149 145 155 152 133 164 161 95 167 8
D 273 43 2 130 173 131 29
D 271 49 2 129 272 273 8
D 270 39 2 51 271 176 8
D 275 25 2 47 43 42 8
D 274 23 2 181 275 182 8
D 281 57 2 91 128 89 29
D 280 55 2 87 281 92 127
D 279 53 3 82 280 170 126 171 29
D 278 59 5 149 136 155 145 142 164 133 95 279 8
D 277 49 2 129 278 273 8
D 276 39 2 51 277 176 8
D 284 27 2 46 45 44 8
D 283 25 2 42 284 47 8
D 282 23 2 181 283 182 8
D 289 55 2 92 127 87 29
D 288 53 3 170 126 82 289 171 29
D 287 59 4 155 136 149 164 142 95 288 8
D 286 49 2 129 287 273 8
D 285 39 2 51 286 176 8
L 293 28 20
D 292 27 2 44 293 46 8
D 291 25 2 42 292 47 8
D 290 23 2 181 291 182 8
D 297 53 3 150 126 82 289 85 29
D 296 59 3 155 164 149 95 297 8
D 295 49 2 129 296 273 8
D 294 39 2 51 295 176 8
D 300 27 2 46 293 44 8
D 301 27 2 44 293 46 29
D 299 25 2 42 300 47 301
D 302 21 2 38 39 40 49
D 303 25 2 42 301 47 29
D 304 21 2 38 49 40 8
D 298 23 3 181 299 302 303 304 29
D 35 29 7 36 50 180 183 267 270 274 276 282 285 290 294 298 8
D 306 1 2 9 4 3 8
D 309 11 2 17 28 19 8
D 310 11 2 17 18 19 29
D 308 13 2 309 20 310 8
D 307 9 2 11 308 30 8
D 311 1 2 9 33 3 29
D 305 5 2 306 307 311 8
D 313 39 6 184 240 238 245 242 252 249 258 255 65 262 8
D 317 53 2 82 289 93 29
D 316 59 2 155 95 317 8
D 315 49 2 129 316 273 8
D 314 39 2 51 315 176 8
D 312 29 7 36 270 180 313 267 276 274 285 282 294 290 314 298 8
D 320 3 2 7 6 5 8
D 319 1 2 3 320 9 8
D 322 3 2 7 34 5 29
D 321 1 2 3 322 9 29
D 318 5 2 319 307 321 8
D 324 39 6 184 245 238 252 242 258 249 65 255 271 262 8
D 326 25 2 47 301 42 293
D 325 23 3 181 326 302 303 304 29
D 323 29 6 36 276 180 324 267 285 274 294 282 314 325 8
D 329 3 2 5 34 7 8
D 328 1 2 3 329 9 8
D 331 3 2 5 6 7 29
D 330 1 2 3 331 9 29
D 327 5 2 328 307 330 8
D 333 39 6 184 252 238 258 242 65 249 271 255 277 262 8
D 334 23 3 302 303 181 301 304 29
D 332 29 5 36 285 180 333 267 294 274 314 334 8
D 338 11 2 19 28 17 8
D 339 11 2 19 18 17 29
D 337 13 2 338 20 339 8
D 336 9 2 11 337 30 8
D 335 5 2 2 336 32 8
D 341 39 6 184 258 238 65 242 271 249 277 255 286 262 8
D 343 21 2 38 39 40 29
D 342 23 2 343 303 304 29
D 340 29 4 36 294 180 341 267 314 342 8
D 346 7 2 14 13 12 8
D 347 7 2 14 31 12 29
D 345 9 2 346 308 347 8
D 344 5 2 2 345 32 8
D 349 39 6 184 65 238 271 242 277 249 286 255 295 262 8
D 350 23 2 39 303 49 29
D 348 29 3 36 314 180 349 350 8
D 353 7 2 12 31 14 8
D 354 7 2 12 13 14 29
D 352 9 2 353 308 354 8
D 351 5 2 2 352 32 8
D 356 39 6 184 271 238 277 242 286 249 295 255 315 262 8
D 357 23 2 181 303 182 29
D 355 29 2 180 356 357 8
D 361 15 2 26 22 21 8
D 360 13 2 309 361 310 8
D 359 9 2 11 360 30 8
D 358 5 2 2 359 32 8
D 366 37 2 59 60 61 29
D 365 35 2 62 178 57 366
D 364 33 3 52 365 265 177 266 29
D 363 39 5 184 277 238 286 242 295 249 315 364 8
D 362 29 2 180 363 357 8
D 371 17 2 25 24 23 8
D 370 15 2 21 371 26 8
D 369 13 2 309 370 310 8
D 368 9 2 11 369 30 8
D 367 5 2 2 368 32 8
D 374 33 3 52 365 243 177 64 29
D 373 39 4 184 286 238 295 242 315 374 8
D 372 29 2 180 373 357 8
L 380 18 10
D 379 17 2 23 380 25 8
D 378 15 2 21 379 26 8
D 377 13 2 309 378 310 8
D 376 9 2 11 377 30 8
D 375 5 2 2 376 32 8
D 383 33 2 52 365 63 29
D 382 39 3 184 295 238 315 383 8
D 381 29 2 180 382 357 8
D 388 17 2 23 24 25 380
D 389 17 2 23 380 25 29
D 387 15 2 21 388 26 389
D 390 11 2 19 28 17 18
D 391 15 2 21 389 26 29
D 392 11 2 19 18 17 8
D 386 13 3 309 387 390 391 392 29
D 393 7 2 14 13 12 31
D 394 13 2 309 391 310 29
D 395 7 2 14 31 12 8
D 385 9 3 11 386 393 394 395 29
D 397 3 2 7 6 5 34
D 396 1 2 3 397 9 4
D 398 9 2 11 394 30 29
D 400 3 2 7 34 5 8
D 399 1 2 3 400 9 33
D 384 5 3 2 385 396 398 399 29
D 0 19 11 1 35 305 312 318 323 327 332 335 340 344 348 351 355 358 362 367 372 375 381 384 8
