c ids of sdd nodes start at 0
c sdd nodes appear bottom-up, children before parents
c
c file syntax:
c sdd count-of-sdd-nodes
c F id-of-false-sdd-node
c T id-of-true-sdd-node
c L id-of-literal-sdd-node id-of-vtree literal
c D id-of-decomposition-sdd-node id-of-vtree number-of-elements {id-of-prime id-of-sub}*
c
sdd 405
L 3 0 -2
L 5 2 -3
L 6 4 -4
L 7 2 3
F 8
D 4 3 2 5 6 7 8
L 9 0 2
D 2 1 2 3 4 9 8
L 12 6 -6
L 13 8 -7
L 14 6 6
D 11 7 2 12 13 14 8
L 17 10 -5
L 18 12 1
L 19 10 5
D 16 11 2 17 18 19 8
L 21 14 -8
L 23 16 -9
L 24 18 -10
L 25 16 9
D 22 17 2 23 24 25 8
L 26 14 8
D 20 15 2 21 22 26 8
L 28 12 -1
T 29
D 27 11 2 17 28 19 29
D 15 13 2 16 20 27 8
L 31 8 7
D 30 7 2 12 31 14 29
D 10 9 2 11 15 30 8
L 34 4 4
D 33 3 2 5 34 7 29
D 32 1 2 3 33 9 29
D 1 5 2 2 10 32 8
L 38 20 16
L 39 22 -17
L 40 20 -16
D 37 21 2 38 39 40 8
L 42 24 -18
L 44 26 -19
L 45 28 -20
L 46 26 19
D 43 27 2 44 45 46 8
L 47 24 18
D 41 25 2 42 43 47 8
L 49 22 17
D 48 21 2 38 49 40 29
D 36 23 2 37 41 48 8
L 53 30 -13
L 54 32 -14
L 55 30 13
D 52 31 2 53 54 55 8
L 57 34 -12
L 59 36 -15
L 60 38 -11
L 61 36 15
D 58 37 2 59 60 61 8
L 62 34 12
D 56 35 2 57 58 62 8
L 64 32 14
D 63 31 2 53 64 55 29
D 51 33 2 52 56 63 8
L 68 40 36
L 69 42 -37
L 70 40 -36
D 67 41 2 68 69 70 8
L 72 44 -38
L 74 46 -39
L 75 48 -40
L 76 46 39
D 73 47 2 74 75 76 8
L 77 44 38
D 71 45 2 72 73 77 8
L 79 42 37
D 78 41 2 68 79 70 29
D 66 43 2 67 71 78 8
L 83 50 -33
L 84 52 -32
L 85 50 33
D 82 51 2 83 84 85 8
L 87 54 -31
L 89 56 -34
L 90 58 -35
L 91 56 34
D 88 57 2 89 90 91 8
L 92 54 31
D 86 55 2 87 88 92 8
L 94 52 32
D 93 51 2 83 94 85 29
D 81 53 2 82 86 93 8
L 97 60 -21
L 98 62 22
L 99 60 21
D 96 61 2 97 98 99 8
L 102 64 -23
L 103 66 -24
L 104 64 23
D 101 65 2 102 103 104 8
L 106 68 -25
L 108 70 -26
L 110 72 -27
L 112 74 -28
L 114 76 -29
L 115 78 -30
L 116 76 29
D 113 77 2 114 115 116 8
L 117 74 28
D 111 75 2 112 113 117 8
L 118 72 27
D 109 73 2 110 111 118 8
L 119 70 26
D 107 71 2 108 109 119 8
L 120 68 25
D 105 69 2 106 107 120 8
L 122 66 24
D 121 65 2 102 122 104 29
D 100 67 2 101 105 121 8
L 124 62 -22
D 123 61 2 97 124 99 29
D 95 63 2 96 100 123 8
L 128 58 35
D 127 57 2 89 128 91 29
D 126 55 2 87 127 92 29
D 125 53 2 82 126 93 29
D 80 59 2 81 95 125 8
D 130 41 2 70 69 68 8
D 131 41 2 70 79 68 29
D 129 43 2 130 71 131 8
D 135 57 2 89 128 91 8
D 134 55 2 87 135 92 8
D 133 53 2 82 134 93 8
D 137 61 2 97 124 99 8
D 139 65 2 104 103 102 8
D 140 65 2 104 122 102 29
D 138 67 2 139 105 140 8
D 141 61 2 97 98 99 29
D 136 63 2 137 138 141 8
D 144 57 2 91 90 89 8
D 143 55 2 87 144 92 8
D 142 53 2 82 143 93 8
D 147 65 2 102 122 104 8
D 148 65 2 102 103 104 29
D 146 67 2 147 105 148 8
D 145 63 2 137 146 141 8
D 150 51 2 85 84 83 8
D 151 51 2 85 94 83 29
D 149 53 2 150 86 151 8
D 154 69 2 120 107 106 8
D 153 67 2 101 154 121 8
D 152 63 2 137 153 141 8
D 156 51 2 83 94 85 8
D 157 51 2 83 84 85 29
D 155 53 2 156 86 157 8
D 161 71 2 119 109 108 8
D 160 69 2 106 161 120 8
D 159 67 2 101 160 121 8
D 158 63 2 137 159 141 8
D 163 55 2 92 88 87 8
D 162 53 2 82 163 93 8
D 168 73 2 118 111 110 8
D 167 71 2 108 168 119 8
D 166 69 2 106 167 120 8
D 165 67 2 101 166 121 8
D 164 63 2 137 165 141 8
D 171 57 2 89 90 91 128
D 170 55 2 87 171 92 127
D 172 51 2 85 84 83 94
D 173 51 2 85 94 83 8
D 169 53 3 82 170 172 126 173 29
D 132 59 6 133 136 142 145 149 152 155 158 162 164 169 8
D 175 41 2 70 79 68 8
D 176 41 2 70 69 68 29
D 174 43 2 175 71 176 8
D 179 61 2 99 124 97 8
D 180 61 2 99 98 97 29
D 178 63 2 179 100 180 8
D 177 59 2 81 178 125 8
D 182 41 2 68 69 70 29
L 185 48 40
D 184 47 2 74 185 76 29
D 183 45 2 72 184 77 29
D 186 41 2 68 79 70 8
D 181 43 2 182 183 186 29
D 65 49 4 66 80 129 132 174 177 181 8
L 190 38 11
D 189 37 2 59 190 61 29
D 188 35 2 57 189 62 29
D 187 33 2 52 188 63 29
D 50 39 2 51 65 187 8
D 192 21 2 40 39 38 8
D 193 21 2 40 49 38 29
D 191 23 2 192 41 193 8
D 197 37 2 59 190 61 8
D 196 35 2 57 197 62 8
D 195 33 2 52 196 63 8
D 201 47 2 74 185 76 8
D 200 45 2 72 201 77 8
D 199 43 2 130 200 131 8
D 202 59 2 81 136 125 8
L 211 78 30
D 210 77 2 114 211 116 8
D 209 75 2 112 210 117 8
D 208 73 2 110 209 118 8
D 207 71 2 108 208 119 8
D 206 69 2 106 207 120 8
D 205 67 2 101 206 121 8
D 204 63 2 137 205 141 8
D 218 77 2 116 115 114 8
D 217 75 2 112 218 117 8
D 216 73 2 110 217 118 8
D 215 71 2 108 216 119 8
D 214 69 2 106 215 120 8
D 213 67 2 101 214 121 8
D 212 63 2 137 213 141 8
D 224 75 2 117 113 112 8
D 223 73 2 110 224 118 8
D 222 71 2 108 223 119 8
D 221 69 2 106 222 120 8
D 220 67 2 101 221 121 8
D 219 63 2 137 220 141 8
D 226 55 2 87 171 92 29
D 225 53 3 82 226 150 126 94 29
D 203 59 4 149 204 142 212 133 219 225 8
D 229 47 2 76 75 74 8
D 228 45 2 72 229 77 8
D 227 43 2 130 228 131 8
D 230 59 2 81 145 125 8
D 232 45 2 77 73 72 8
D 231 43 2 130 232 131 8
D 233 59 2 81 152 125 8
D 234 59 2 81 158 125 8
D 235 59 2 81 164 125 8
D 238 47 2 76 185 74 8
D 237 45 2 72 238 77 184
D 239 41 2 68 69 70 79
D 236 43 3 130 237 239 183 186 29
D 198 49 7 199 202 129 203 227 230 231 233 174 234 66 235 236 8
D 241 35 2 62 58 57 8
D 240 33 2 52 241 63 8
D 244 53 3 82 226 172 126 173 29
D 243 59 5 155 204 149 212 142 219 133 164 244 8
D 242 49 7 129 243 227 202 199 80 231 230 174 233 66 234 236 8
D 246 31 2 55 54 53 8
D 247 31 2 55 64 53 29
D 245 33 2 246 56 247 8
D 249 59 6 162 204 155 212 149 219 133 158 142 164 169 8
D 248 49 7 129 249 231 202 227 80 174 230 199 177 66 233 236 8
D 251 31 2 53 64 55 8
D 252 31 2 53 54 55 29
D 250 33 2 251 56 252 8
D 254 59 6 162 212 155 219 133 152 142 158 149 164 169 8
D 256 45 2 77 184 72 185
D 255 43 3 130 256 239 183 186 29
D 253 49 6 129 254 174 202 231 80 66 230 227 177 255 8
D 259 37 2 61 60 59 8
D 258 35 2 57 259 62 8
D 257 33 2 52 258 63 8
D 261 59 6 162 219 133 145 142 152 149 158 155 164 169 8
D 262 43 3 239 183 130 184 186 29
D 260 49 5 129 261 66 202 174 80 231 177 262 8
D 265 37 2 59 60 61 190
D 264 35 2 57 265 62 189
D 266 31 2 55 54 53 64
D 267 31 2 55 64 53 8
D 263 33 3 52 264 266 188 267 29
D 194 39 6 195 198 240 242 245 248 250 253 257 260 263 8
D 269 21 2 40 49 38 8
D 270 21 2 40 39 38 29
D 268 23 2 269 41 270 8
D 273 59 6 142 136 149 145 155 152 162 158 133 95 169 8
D 274 43 2 69 183 79 29
D 272 49 3 66 177 129 273 274 8
D 271 39 2 51 272 187 8
D 276 25 2 47 43 42 8
D 275 23 2 192 276 193 8
D 279 59 6 149 136 155 145 162 152 142 95 133 178 169 8
D 280 43 2 130 183 131 29
D 278 49 2 129 279 280 8
D 277 39 2 51 278 187 8
D 283 27 2 46 45 44 8
D 282 25 2 42 283 47 8
D 281 23 2 192 282 193 8
D 289 57 2 91 128 89 29
D 288 55 2 87 289 92 127
D 287 53 3 82 288 172 126 173 29
D 286 59 5 155 136 162 145 149 95 142 178 287 8
D 285 49 2 129 286 280 8
D 284 39 2 51 285 187 8
L 293 28 20
D 292 27 2 44 293 46 8
D 291 25 2 42 292 47 8
D 290 23 2 192 291 193 8
D 298 55 2 92 127 87 29
D 297 53 3 172 126 82 298 173 29
D 296 59 4 162 136 155 95 149 178 297 8
D 295 49 2 129 296 280 8
D 294 39 2 51 295 187 8
D 301 27 2 46 293 44 8
D 302 27 2 44 293 46 29
D 300 25 2 42 301 47 302
D 303 21 2 38 39 40 49
D 304 25 2 42 302 47 29
D 305 21 2 38 49 40 8
D 299 23 3 192 300 303 304 305 29
D 35 29 7 36 50 191 194 268 271 275 277 281 284 290 294 299 8
D 307 1 2 9 4 3 8
D 310 11 2 17 28 19 8
D 311 11 2 17 18 19 29
D 309 13 2 310 20 311 8
D 308 9 2 11 309 30 8
D 312 1 2 9 33 3 29
D 306 5 2 307 308 312 8
D 314 39 6 195 242 240 248 245 253 250 260 257 65 263 8
D 318 53 3 156 126 82 298 85 29
D 317 59 3 162 95 155 178 318 8
D 316 49 2 129 317 280 8
D 315 39 2 51 316 187 8
D 313 29 7 36 271 191 314 268 277 275 284 281 294 290 315 299 8
D 321 3 2 7 6 5 8
D 320 1 2 3 321 9 8
D 323 3 2 7 34 5 29
D 322 1 2 3 323 9 29
D 319 5 2 320 308 322 8
D 325 39 6 195 248 240 253 245 260 250 65 257 272 263 8
D 329 53 2 82 298 93 29
D 328 59 2 162 178 329 8
D 327 49 2 129 328 280 8
D 326 39 2 51 327 187 8
D 324 29 7 36 277 191 325 268 284 275 294 281 315 290 326 299 8
D 332 3 2 5 34 7 8
D 331 1 2 3 332 9 8
D 334 3 2 5 6 7 29
D 333 1 2 3 334 9 29
D 330 5 2 331 308 333 8
D 336 39 6 195 253 240 260 245 65 250 272 257 278 263 8
D 338 25 2 47 302 42 293
D 337 23 3 192 338 303 304 305 29
D 335 29 6 36 284 191 336 268 294 275 315 281 326 337 8
D 342 11 2 19 28 17 8
D 343 11 2 19 18 17 29
D 341 13 2 342 20 343 8
D 340 9 2 11 341 30 8
D 339 5 2 2 340 32 8
D 345 39 6 195 260 240 65 245 272 250 278 257 285 263 8
D 346 23 3 303 304 192 302 305 29
D 344 29 5 36 294 191 345 268 315 275 326 346 8
D 349 7 2 14 13 12 8
D 350 7 2 14 31 12 29
D 348 9 2 349 309 350 8
D 347 5 2 2 348 32 8
D 352 39 6 195 65 240 272 245 278 250 285 257 295 263 8
D 354 21 2 38 39 40 29
D 353 23 2 354 304 305 29
D 351 29 4 36 315 191 352 268 326 353 8
D 357 7 2 12 31 14 8
D 358 7 2 12 13 14 29
D 356 9 2 357 309 358 8
D 355 5 2 2 356 32 8
D 360 39 6 195 272 240 278 245 285 250 295 257 316 263 8
D 361 23 2 39 304 49 29
D 359 29 3 36 326 191 360 361 8
D 365 15 2 26 22 21 8
D 364 13 2 310 365 311 8
D 363 9 2 11 364 30 8
D 362 5 2 2 363 32 8
D 367 39 6 195 278 240 285 245 295 250 316 257 327 263 8
D 368 23 2 192 304 193 29
D 366 29 2 191 367 368 8
D 373 17 2 25 24 23 8
D 372 15 2 21 373 26 8
D 371 13 2 310 372 311 8
D 370 9 2 11 371 30 8
D 369 5 2 2 370 32 8
D 378 37 2 59 60 61 29
D 377 35 2 62 189 57 378
D 376 33 3 52 377 266 188 267 29
D 375 39 5 195 285 240 295 245 316 250 327 376 8
D 374 29 2 191 375 368 8
L 384 18 10
D 383 17 2 23 384 25 8
D 382 15 2 21 383 26 8
D 381 13 2 310 382 311 8
D 380 9 2 11 381 30 8
D 379 5 2 2 380 32 8
D 387 33 3 52 377 246 188 64 29
D 386 39 4 195 295 240 316 245 327 387 8
D 385 29 2 191 386 368 8
D 392 17 2 23 24 25 384
D 393 17 2 23 384 25 29
D 391 15 2 21 392 26 393
D 394 11 2 19 28 17 18
D 395 15 2 21 393 26 29
D 396 11 2 19 18 17 8
D 390 13 3 310 391 394 395 396 29
D 397 7 2 14 13 12 31
D 398 13 2 310 395 311 29
D 399 7 2 14 31 12 8
D 389 9 3 11 390 397 398 399 29
D 401 3 2 7 6 5 34
D 400 1 2 3 401 9 4
D 402 9 2 11 398 30 29
D 404 3 2 7 34 5 8
D 403 1 2 3 404 9 33
D 388 5 3 2 389 400 402 403 29
D 0 19 11 1 35 306 313 319 324 330 335 339 344 347 351 355 359 362 366 369 374 379 385 388 8
