c ids of sdd nodes start at 0
c sdd nodes appear bottom-up, children before parents
c
c file syntax:
c sdd count-of-sdd-nodes
c F id-of-false-sdd-node
c T id-of-true-sdd-node
c L id-of-literal-sdd-node id-of-vtree literal
c D id-of-decomposition-sdd-node id-of-vtree number-of-elements {id-of-prime id-of-sub}*
c
sdd 413
L 3 0 -2
L 5 2 -3
L 6 4 -4
L 7 2 3
F 8
D 4 3 2 5 6 7 8
L 9 0 2
D 2 1 2 3 4 9 8
L 12 6 -6
L 13 8 -7
L 14 6 6
D 11 7 2 12 13 14 8
L 17 10 -5
L 18 12 1
L 19 10 5
D 16 11 2 17 18 19 8
L 21 14 -8
L 23 16 -9
L 24 18 -10
L 25 16 9
D 22 17 2 23 24 25 8
L 26 14 8
D 20 15 2 21 22 26 8
L 28 12 -1
T 29
D 27 11 2 17 28 19 29
D 15 13 2 16 20 27 8
L 31 8 7
D 30 7 2 12 31 14 29
D 10 9 2 11 15 30 8
L 34 4 4
D 33 3 2 5 34 7 29
D 32 1 2 3 33 9 29
D 1 5 2 2 10 32 8
L 38 20 16
L 39 22 -17
L 40 20 -16
D 37 21 2 38 39 40 8
L 42 24 -18
L 44 26 -19
L 45 28 -20
L 46 26 19
D 43 27 2 44 45 46 8
L 47 24 18
D 41 25 2 42 43 47 8
L 49 22 17
D 48 21 2 38 49 40 29
D 36 23 2 37 41 48 8
L 53 30 -13
L 54 32 -14
L 55 30 13
D 52 31 2 53 54 55 8
L 57 34 -12
L 59 36 -15
L 60 38 -11
L 61 36 15
D 58 37 2 59 60 61 8
L 62 34 12
D 56 35 2 57 58 62 8
L 64 32 14
D 63 31 2 53 64 55 29
D 51 33 2 52 56 63 8
L 68 40 -36
L 69 42 -37
L 70 40 36
D 67 41 2 68 69 70 8
L 72 44 -38
L 74 46 -39
L 75 48 -40
L 76 46 39
D 73 47 2 74 75 76 8
L 77 44 38
D 71 45 2 72 73 77 8
L 79 42 37
D 78 41 2 68 79 70 29
D 66 43 2 67 71 78 8
L 83 50 -33
L 84 52 -32
L 85 50 33
D 82 51 2 83 84 85 8
L 87 54 31
L 89 56 -34
L 90 58 -35
L 91 56 34
D 88 57 2 89 90 91 8
L 92 54 -31
D 86 55 2 87 88 92 8
L 94 52 32
D 93 51 2 83 94 85 29
D 81 53 2 82 86 93 8
L 97 60 -21
L 98 62 -22
L 99 60 21
D 96 61 2 97 98 99 8
L 102 64 -23
L 103 66 -24
L 104 64 23
D 101 65 2 102 103 104 8
L 106 68 -25
L 108 70 -26
L 110 72 -27
L 112 74 -28
L 114 76 29
L 115 78 -30
L 116 76 -29
D 113 77 2 114 115 116 8
L 117 74 28
D 111 75 2 112 113 117 8
L 118 72 27
D 109 73 2 110 111 118 8
L 119 70 26
D 107 71 2 108 109 119 8
L 120 68 25
D 105 69 2 106 107 120 8
L 122 66 24
D 121 65 2 102 122 104 29
D 100 67 2 101 105 121 8
L 124 62 22
D 123 61 2 97 124 99 29
D 95 63 2 96 100 123 8
D 126 51 2 83 94 85 8
D 127 55 2 92 88 87 8
D 128 51 2 83 84 85 29
D 125 53 2 126 127 128 8
D 135 77 2 116 115 114 8
D 134 75 2 117 135 112 8
D 133 73 2 110 134 118 8
D 132 71 2 108 133 119 8
D 131 69 2 106 132 120 8
D 130 67 2 101 131 121 8
D 129 63 2 96 130 123 8
L 139 58 35
D 138 57 2 89 139 91 8
D 137 55 2 92 138 87 8
D 136 53 2 82 137 93 8
D 145 75 2 112 135 117 8
D 144 73 2 110 145 118 8
D 143 71 2 108 144 119 8
D 142 69 2 120 143 106 8
D 141 67 2 101 142 121 8
D 140 63 2 96 141 123 8
D 148 57 2 91 90 89 8
D 147 55 2 92 148 87 8
D 146 53 2 82 147 93 8
D 152 71 2 119 144 108 8
D 151 69 2 106 152 120 8
D 150 67 2 101 151 121 8
D 149 63 2 96 150 123 8
D 154 51 2 85 84 83 8
D 155 51 2 85 94 83 29
D 153 53 2 154 127 155 8
D 160 73 2 118 145 110 8
D 159 71 2 108 160 119 8
D 158 69 2 106 159 120 8
D 157 67 2 101 158 121 8
D 156 63 2 96 157 123 8
D 163 57 2 89 90 91 139
D 164 57 2 89 139 91 29
D 162 55 2 92 163 87 164
D 165 51 2 85 84 83 94
D 166 55 2 92 164 87 29
D 167 51 2 85 94 83 8
D 161 53 3 82 162 165 166 167 29
D 80 59 6 81 95 125 129 136 140 146 149 153 156 161 8
D 169 41 2 68 79 70 8
D 170 41 2 68 69 70 29
D 168 43 2 169 71 170 8
D 172 53 2 82 127 93 8
D 175 65 2 104 103 102 8
D 176 69 2 106 143 120 8
D 177 65 2 104 122 102 29
D 174 67 2 175 176 177 8
D 173 63 2 96 174 123 8
D 178 53 2 82 166 93 29
D 171 59 2 172 173 178 8
D 180 45 2 77 73 72 8
D 179 43 2 67 180 78 8
D 183 61 2 97 124 99 8
D 184 67 2 101 176 121 8
D 185 61 2 97 98 99 29
D 182 63 2 183 184 185 8
D 181 59 2 172 182 178 8
D 187 41 2 70 69 68 8
D 188 41 2 70 79 68 29
D 186 43 2 187 71 188 8
D 192 65 2 102 122 104 8
D 193 65 2 102 103 104 29
D 191 67 2 192 176 193 8
D 190 63 2 96 191 123 8
D 189 59 2 172 190 178 8
D 196 47 2 76 75 74 8
D 195 45 2 72 196 77 8
D 194 43 2 67 195 78 8
D 199 61 2 99 98 97 8
D 200 61 2 99 124 97 29
D 198 63 2 199 184 200 8
D 197 59 2 172 198 178 8
L 204 48 40
D 203 47 2 74 204 76 29
D 202 45 2 77 203 72 204
D 205 41 2 70 69 68 79
D 206 45 2 72 203 77 29
D 207 41 2 70 79 68 8
D 201 43 3 67 202 205 206 207 29
D 65 49 6 66 80 168 171 179 181 186 189 194 197 201 8
L 211 38 11
D 210 37 2 59 211 61 29
D 209 35 2 57 210 62 29
D 208 33 2 52 209 63 29
D 50 39 2 51 65 208 8
D 213 21 2 40 39 38 8
D 214 21 2 40 49 38 29
D 212 23 2 213 41 214 8
D 218 37 2 59 211 61 8
D 217 35 2 57 218 62 8
D 216 33 2 52 217 63 8
D 222 47 2 74 204 76 8
D 221 45 2 72 222 77 8
D 220 43 2 67 221 78 8
D 223 59 2 172 140 178 8
L 232 78 30
D 231 77 2 116 232 114 8
D 230 75 2 112 231 117 8
D 229 73 2 110 230 118 8
D 228 71 2 108 229 119 8
D 227 69 2 106 228 120 8
D 226 67 2 101 227 121 8
D 225 63 2 96 226 123 8
D 235 57 2 89 90 91 29
D 234 55 2 92 235 87 29
D 233 53 2 82 234 93 29
D 224 59 2 136 225 233 8
D 236 59 2 172 149 178 8
D 237 59 2 172 156 178 8
D 238 59 2 172 129 178 8
D 239 59 2 172 95 178 8
D 242 47 2 76 204 74 8
D 241 45 2 72 242 77 203
D 240 43 3 67 241 205 206 207 29
D 219 49 7 220 223 66 224 194 236 179 237 168 238 186 239 240 8
D 244 35 2 62 58 57 8
D 243 33 2 52 244 63 8
D 248 55 2 92 163 87 29
D 247 53 2 82 248 93 29
D 246 59 3 146 225 136 95 247 8
D 245 49 7 220 189 66 246 194 223 179 236 168 237 186 238 240 8
D 250 31 2 55 54 53 8
D 251 31 2 55 64 53 29
D 249 33 2 250 56 251 8
D 254 53 3 82 248 154 166 94 29
D 253 59 4 153 225 146 95 136 129 254 8
D 252 49 7 220 171 66 253 194 189 179 223 168 236 186 237 240 8
D 256 31 2 53 64 55 8
D 257 31 2 53 54 55 29
D 255 33 2 256 56 257 8
D 260 53 3 82 248 165 166 167 29
D 259 59 5 125 225 153 95 146 129 136 156 260 8
D 258 49 7 66 259 194 171 220 181 179 189 168 223 186 236 240 8
D 263 37 2 61 60 59 8
D 262 35 2 57 263 62 8
D 261 33 2 52 262 63 8
D 265 59 6 81 225 125 95 153 129 136 149 146 156 161 8
D 264 49 7 66 265 179 171 194 181 168 189 220 197 186 223 240 8
D 268 37 2 59 60 61 211
D 267 35 2 57 268 62 210
D 269 31 2 55 54 53 64
D 270 31 2 55 64 53 8
D 266 33 3 52 267 269 209 270 29
D 215 39 6 216 219 243 245 249 252 255 258 261 264 266 8
D 272 21 2 40 49 38 8
D 273 21 2 40 39 38 29
D 271 23 2 272 41 273 8
D 276 59 6 81 129 136 190 146 140 153 149 125 156 161 8
D 277 43 3 205 206 67 203 207 29
D 275 49 5 66 276 186 171 168 181 179 197 277 8
D 274 39 2 51 275 208 8
D 279 25 2 47 43 42 8
D 278 23 2 213 279 214 8
D 282 59 6 136 173 146 190 153 140 125 149 81 156 161 8
D 284 41 2 70 69 68 29
D 283 43 2 284 206 207 29
D 281 49 4 186 181 66 282 168 197 283 8
D 280 39 2 51 281 208 8
D 287 27 2 46 45 44 8
D 286 25 2 42 287 47 8
D 285 23 2 213 286 214 8
D 290 59 6 146 173 153 190 125 140 81 149 136 182 161 8
D 291 43 2 69 206 79 29
D 289 49 3 186 197 66 290 291 8
D 288 39 2 51 289 208 8
L 295 28 20
D 294 27 2 44 295 46 8
D 293 25 2 42 294 47 8
D 292 23 2 213 293 214 8
D 298 59 6 153 173 125 190 81 140 146 182 136 198 161 8
D 299 43 2 67 206 78 29
D 297 49 2 66 298 299 8
D 296 39 2 51 297 208 8
D 302 27 2 46 295 44 8
D 303 27 2 44 295 46 29
D 301 25 2 42 302 47 303
D 304 21 2 38 39 40 49
D 305 25 2 42 303 47 29
D 306 21 2 38 49 40 8
D 300 23 3 213 301 304 305 306 29
D 35 29 7 36 50 212 215 271 274 278 280 285 288 292 296 300 8
D 308 1 2 9 4 3 8
D 311 11 2 17 28 19 8
D 312 11 2 17 18 19 29
D 310 13 2 311 20 312 8
D 309 9 2 11 310 30 8
D 313 1 2 9 33 3 29
D 307 5 2 308 309 313 8
D 315 39 6 216 245 243 252 249 258 255 264 261 65 266 8
D 321 57 2 91 139 89 29
D 320 55 2 92 321 87 164
D 319 53 3 82 320 165 166 167 29
D 318 59 5 125 173 81 190 153 182 146 198 319 8
D 317 49 2 66 318 299 8
D 316 39 2 51 317 208 8
D 314 29 7 36 274 212 315 271 280 278 288 285 296 292 316 300 8
D 324 3 2 7 6 5 8
D 323 1 2 3 324 9 8
D 326 3 2 7 34 5 29
D 325 1 2 3 326 9 29
D 322 5 2 323 309 325 8
D 328 39 6 216 252 243 258 249 264 255 65 261 275 266 8
D 333 55 2 87 164 92 29
D 332 53 3 165 166 82 333 167 29
D 331 59 4 81 173 125 182 153 198 332 8
D 330 49 2 66 331 299 8
D 329 39 2 51 330 208 8
D 327 29 7 36 280 212 328 271 288 278 296 285 316 292 329 300 8
D 336 3 2 5 34 7 8
D 335 1 2 3 336 9 8
D 338 3 2 5 6 7 29
D 337 1 2 3 338 9 29
D 334 5 2 335 309 337 8
D 340 39 6 216 258 243 264 249 65 255 275 261 281 266 8
D 344 53 3 126 166 82 333 85 29
D 343 59 3 81 182 125 198 344 8
D 342 49 2 66 343 299 8
D 341 39 2 51 342 208 8
D 339 29 7 36 288 212 340 271 296 278 316 285 329 292 341 300 8
D 348 11 2 19 28 17 8
D 349 11 2 19 18 17 29
D 347 13 2 348 20 349 8
D 346 9 2 11 347 30 8
D 345 5 2 2 346 32 8
D 351 39 6 216 264 243 65 249 275 255 281 261 289 266 8
D 355 53 2 82 333 93 29
D 354 59 2 81 198 355 8
D 353 49 2 66 354 299 8
D 352 39 2 51 353 208 8
D 350 29 7 36 296 212 351 271 316 278 329 285 341 292 352 300 8
D 358 7 2 14 13 12 8
D 359 7 2 14 31 12 29
D 357 9 2 358 310 359 8
D 356 5 2 2 357 32 8
D 361 39 6 216 65 243 275 249 281 255 289 261 297 266 8
D 363 25 2 47 303 42 295
D 362 23 3 213 363 304 305 306 29
D 360 29 6 36 316 212 361 271 329 278 341 285 352 362 8
D 366 7 2 12 31 14 8
D 367 7 2 12 13 14 29
D 365 9 2 366 310 367 8
D 364 5 2 2 365 32 8
D 369 39 6 216 275 243 281 249 289 255 297 261 317 266 8
D 370 23 3 304 305 213 303 306 29
D 368 29 5 36 329 212 369 271 341 278 352 370 8
D 374 15 2 26 22 21 8
D 373 13 2 311 374 312 8
D 372 9 2 11 373 30 8
D 371 5 2 2 372 32 8
D 376 39 6 216 281 243 289 249 297 255 317 261 330 266 8
D 378 21 2 38 39 40 29
D 377 23 2 378 305 306 29
D 375 29 4 36 341 212 376 271 352 377 8
D 383 17 2 25 24 23 8
D 382 15 2 21 383 26 8
D 381 13 2 311 382 312 8
D 380 9 2 11 381 30 8
D 379 5 2 2 380 32 8
D 385 39 6 216 289 243 297 249 317 255 330 261 342 266 8
D 386 23 2 39 305 49 29
D 384 29 3 36 352 212 385 386 8
L 392 18 10
D 391 17 2 23 392 25 8
D 390 15 2 21 391 26 8
D 389 13 2 311 390 312 8
D 388 9 2 11 389 30 8
D 387 5 2 2 388 32 8
D 394 39 6 216 297 243 317 249 330 255 342 261 353 266 8
D 395 23 2 213 305 214 29
D 393 29 2 212 394 395 8
D 400 17 2 23 24 25 392
D 401 17 2 23 392 25 29
D 399 15 2 21 400 26 401
D 402 11 2 19 28 17 18
D 403 15 2 21 401 26 29
D 404 11 2 19 18 17 8
D 398 13 3 311 399 402 403 404 29
D 405 7 2 14 13 12 31
D 406 13 2 311 403 312 29
D 407 7 2 14 31 12 8
D 397 9 3 11 398 405 406 407 29
D 409 3 2 7 6 5 34
D 408 1 2 3 409 9 4
D 410 9 2 11 406 30 29
D 412 3 2 7 34 5 8
D 411 1 2 3 412 9 33
D 396 5 3 2 397 408 410 411 29
D 0 19 11 1 35 307 314 322 327 334 339 345 350 356 360 364 368 371 375 379 384 387 393 396 8
