c ids of sdd nodes start at 0
c sdd nodes appear bottom-up, children before parents
c
c file syntax:
c sdd count-of-sdd-nodes
c F id-of-false-sdd-node
c T id-of-true-sdd-node
c L id-of-literal-sdd-node id-of-vtree literal
c D id-of-decomposition-sdd-node id-of-vtree number-of-elements {id-of-prime id-of-sub}*
c
sdd 418
L 3 0 -2
L 5 2 -3
L 6 4 -4
L 7 2 3
F 8
D 4 3 2 5 6 7 8
L 9 0 2
D 2 1 2 3 4 9 8
L 12 6 -6
L 13 8 -7
L 14 6 6
D 11 7 2 12 13 14 8
L 17 10 -5
L 18 12 1
L 19 10 5
D 16 11 2 17 18 19 8
L 21 14 -8
L 23 16 -9
L 24 18 -10
L 25 16 9
D 22 17 2 23 24 25 8
L 26 14 8
D 20 15 2 21 22 26 8
L 28 12 -1
T 29
D 27 11 2 17 28 19 29
D 15 13 2 16 20 27 8
L 31 8 7
D 30 7 2 12 31 14 29
D 10 9 2 11 15 30 8
L 34 4 4
D 33 3 2 5 34 7 29
D 32 1 2 3 33 9 29
D 1 5 2 2 10 32 8
L 38 20 -16
L 39 22 -17
L 40 20 16
D 37 21 2 38 39 40 8
L 42 24 -18
L 44 26 -19
L 45 28 -20
L 46 26 19
D 43 27 2 44 45 46 8
L 47 24 18
D 41 25 2 42 43 47 8
L 49 22 17
D 48 21 2 38 49 40 29
D 36 23 2 37 41 48 8
L 53 30 -13
L 54 32 -14
L 55 30 13
D 52 31 2 53 54 55 8
L 57 34 12
L 59 36 -15
L 60 38 -11
L 61 36 15
D 58 37 2 59 60 61 8
L 62 34 -12
D 56 35 2 57 58 62 8
L 64 32 14
D 63 31 2 53 64 55 29
D 51 33 2 52 56 63 8
L 68 40 -36
L 69 42 -37
L 70 40 36
D 67 41 2 68 69 70 8
L 72 44 -38
L 74 46 -39
L 75 48 40
L 76 46 39
D 73 47 2 74 75 76 8
L 77 44 38
D 71 45 2 72 73 77 8
L 79 42 37
D 78 41 2 68 79 70 29
D 66 43 2 67 71 78 8
L 83 50 -33
L 84 52 -32
L 85 50 33
D 82 51 2 83 84 85 8
L 87 54 -31
L 89 56 -34
L 90 58 -35
L 91 56 34
D 88 57 2 89 90 91 8
L 92 54 31
D 86 55 2 87 88 92 8
L 94 52 32
D 93 51 2 83 94 85 29
D 81 53 2 82 86 93 8
L 97 60 -21
L 98 62 -22
L 99 60 21
D 96 61 2 97 98 99 8
L 102 64 -23
L 103 66 -24
L 104 64 23
D 101 65 2 102 103 104 8
L 106 68 25
L 108 70 -26
L 110 72 -27
L 112 74 -28
L 114 76 -29
L 115 78 -30
L 116 76 29
D 113 77 2 114 115 116 8
L 117 74 28
D 111 75 2 112 113 117 8
L 118 72 27
D 109 73 2 110 111 118 8
L 119 70 26
D 107 71 2 108 109 119 8
L 120 68 -25
D 105 69 2 106 107 120 8
L 122 66 24
D 121 65 2 102 122 104 29
D 100 67 2 101 105 121 8
L 124 62 22
D 123 61 2 97 124 99 29
D 95 63 2 96 100 123 8
L 128 58 35
D 127 57 2 89 128 91 29
D 126 55 2 87 127 92 29
D 125 53 2 82 126 93 29
D 80 59 2 81 95 125 8
L 132 48 -40
D 131 47 2 74 132 76 8
D 130 45 2 72 131 77 8
D 129 43 2 67 130 78 8
D 136 57 2 89 128 91 8
D 135 55 2 87 136 92 8
D 134 53 2 82 135 93 8
L 144 78 30
D 143 77 2 114 144 116 8
D 142 75 2 112 143 117 8
D 141 73 2 110 142 118 8
D 140 71 2 108 141 119 8
D 139 69 2 120 140 106 8
D 138 67 2 101 139 121 8
D 137 63 2 96 138 123 8
D 147 57 2 89 90 91 29
D 146 55 2 87 147 92 29
D 145 53 2 82 146 93 29
D 133 59 2 134 137 145 8
D 150 47 2 76 132 74 8
D 149 45 2 72 150 77 8
D 148 43 2 67 149 78 8
D 155 71 2 119 109 108 8
D 154 69 2 120 155 106 8
D 153 67 2 101 154 121 8
D 152 63 2 96 153 123 8
D 151 59 2 81 152 125 8
D 157 45 2 77 131 72 8
D 156 43 2 67 157 78 8
D 163 73 2 118 111 110 8
D 162 71 2 108 163 119 8
D 161 69 2 120 162 106 8
D 160 67 2 101 161 121 8
D 159 63 2 96 160 123 8
D 158 59 2 81 159 125 8
D 165 41 2 68 79 70 8
D 166 41 2 68 69 70 29
D 164 43 2 165 130 166 8
D 173 75 2 117 113 112 8
D 172 73 2 110 173 118 8
D 171 71 2 108 172 119 8
D 170 69 2 120 171 106 8
D 169 67 2 101 170 121 8
D 168 63 2 96 169 123 8
D 167 59 2 81 168 125 8
D 175 41 2 70 69 68 8
D 176 41 2 70 79 68 29
D 174 43 2 175 130 176 8
D 184 77 2 116 115 114 8
D 183 75 2 112 184 117 8
D 182 73 2 110 183 118 8
D 181 71 2 108 182 119 8
D 180 69 2 120 181 106 8
D 179 67 2 101 180 121 8
D 178 63 2 96 179 123 8
D 177 59 2 81 178 125 8
D 187 47 2 76 75 74 8
D 188 47 2 74 75 76 29
D 186 45 2 72 187 77 188
D 189 41 2 70 69 68 79
D 190 45 2 72 188 77 29
D 191 41 2 70 79 68 8
D 185 43 3 67 186 189 190 191 29
D 65 49 7 66 80 129 133 148 151 156 158 164 167 174 177 185 8
D 193 31 2 55 54 53 8
D 194 35 2 62 58 57 8
D 195 31 2 55 64 53 29
D 192 33 2 193 194 195 8
D 200 65 2 102 122 104 8
D 201 69 2 120 107 106 8
D 202 65 2 102 103 104 29
D 199 67 2 200 201 202 8
D 198 63 2 96 199 123 8
D 197 59 2 81 198 125 8
D 206 57 2 91 90 89 8
D 205 55 2 87 206 92 8
D 204 53 2 82 205 93 8
D 209 57 2 89 90 91 128
D 208 55 2 87 209 92 29
D 207 53 2 82 208 93 29
D 203 59 3 204 137 134 178 207 8
D 196 49 7 66 197 129 203 148 80 156 151 164 158 174 167 185 8
D 211 31 2 53 64 55 8
D 212 31 2 53 54 55 29
D 210 33 2 211 194 212 8
D 217 65 2 104 103 102 8
D 218 65 2 104 122 102 29
D 216 67 2 217 201 218 8
D 215 63 2 96 216 123 8
D 214 59 2 81 215 125 8
D 221 51 2 85 84 83 8
D 222 51 2 85 94 83 29
D 220 53 2 221 86 222 8
D 223 53 3 82 208 221 126 94 29
D 219 59 4 220 137 204 178 134 168 223 8
D 213 49 7 66 214 129 219 148 197 156 80 164 151 174 158 185 8
D 226 37 2 61 60 59 8
D 225 35 2 62 226 57 8
D 224 33 2 52 225 63 8
D 230 51 2 83 94 85 8
D 231 51 2 83 84 85 29
D 229 53 2 230 86 231 8
D 233 51 2 85 84 83 94
D 234 51 2 85 94 83 8
D 232 53 3 82 208 233 126 234 29
D 228 59 5 229 137 220 178 204 168 134 159 232 8
D 237 61 2 97 124 99 8
D 238 67 2 101 201 121 8
D 239 61 2 97 98 99 29
D 236 63 2 237 238 239 8
D 235 59 2 81 236 125 8
D 227 49 7 129 228 148 214 66 235 156 197 164 80 174 151 185 8
L 243 38 11
D 242 37 2 59 243 61 8
D 241 35 2 62 242 57 8
D 240 33 2 52 241 63 8
D 245 59 2 81 137 125 8
D 248 47 2 74 132 76 75
D 247 45 2 72 248 77 188
D 246 43 3 67 247 189 190 191 29
D 244 49 6 66 151 148 158 156 167 164 177 174 245 246 8
D 251 37 2 59 60 61 243
D 252 37 2 59 243 61 29
D 250 35 2 62 251 57 252
D 253 31 2 55 54 53 64
D 254 35 2 62 252 57 29
D 255 31 2 55 64 53 8
D 249 33 3 52 250 253 254 255 29
D 50 39 6 51 65 192 196 210 213 224 227 240 244 249 8
D 257 21 2 40 39 38 8
D 258 21 2 40 49 38 29
D 256 23 2 257 41 258 8
D 260 33 2 52 194 63 8
D 264 55 2 92 88 87 8
D 263 53 2 82 264 93 8
D 266 55 2 87 209 92 127
D 265 53 3 82 266 233 126 234 29
D 262 59 6 263 137 229 178 220 168 134 152 204 159 265 8
D 269 61 2 99 98 97 8
D 270 61 2 99 124 97 29
D 268 63 2 269 238 270 8
D 267 59 2 81 268 125 8
D 261 49 7 129 262 156 214 148 235 164 197 66 267 174 80 185 8
D 271 33 2 52 254 63 29
D 259 39 2 260 261 271 8
D 273 21 2 38 49 40 8
D 274 21 2 38 39 40 29
D 272 23 2 273 41 274 8
D 277 59 6 263 178 229 168 134 95 204 152 220 159 265 8
D 279 45 2 77 188 72 75
D 278 43 3 67 279 189 190 191 29
D 276 49 6 129 277 164 214 156 235 174 197 148 267 278 8
D 275 39 2 260 276 271 8
D 281 25 2 47 43 42 8
D 280 23 2 37 281 48 8
D 284 59 6 263 168 134 198 204 95 220 152 229 159 265 8
D 285 43 3 189 190 67 188 191 29
D 283 49 5 129 284 174 214 164 235 156 267 285 8
D 282 39 2 260 283 271 8
D 288 27 2 46 45 44 8
D 287 25 2 42 288 47 8
D 286 23 2 37 287 48 8
D 291 59 6 134 215 204 198 220 95 229 152 263 159 265 8
D 293 41 2 70 69 68 29
D 292 43 2 293 190 191 29
D 290 49 4 174 235 129 291 164 267 292 8
D 289 39 2 260 290 271 8
L 297 28 20
D 296 27 2 44 297 46 8
D 295 25 2 42 296 47 8
D 294 23 2 37 295 48 8
D 300 59 6 204 215 220 198 229 95 263 152 134 236 265 8
D 301 43 2 69 190 79 29
D 299 49 3 174 267 129 300 301 8
D 298 39 2 260 299 271 8
D 304 27 2 46 297 44 8
D 305 27 2 44 297 46 29
D 303 25 2 42 304 47 305
D 306 21 2 40 39 38 49
D 307 25 2 42 305 47 29
D 308 21 2 40 49 38 8
D 302 23 3 37 303 306 307 308 29
D 35 29 7 36 50 256 259 272 275 280 282 286 289 294 298 302 8
D 310 1 2 9 4 3 8
D 313 11 2 17 28 19 8
D 314 11 2 17 18 19 29
D 312 13 2 313 20 314 8
D 311 9 2 11 312 30 8
D 315 1 2 9 33 3 29
D 309 5 2 310 311 315 8
D 317 39 6 240 65 51 196 192 213 210 227 224 261 249 8
D 320 59 6 220 215 229 198 263 95 204 236 134 268 265 8
D 321 43 2 67 190 78 29
D 319 49 2 129 320 321 8
D 318 39 2 260 319 271 8
D 316 29 7 256 275 36 317 272 282 280 289 286 298 294 318 302 8
D 324 3 2 7 6 5 8
D 323 1 2 3 324 9 8
D 326 3 2 7 34 5 29
D 325 1 2 3 326 9 29
D 322 5 2 323 311 325 8
D 328 39 6 240 196 51 213 192 227 210 261 224 276 249 8
D 334 57 2 91 128 89 29
D 333 55 2 87 334 92 127
D 332 53 3 82 333 233 126 234 29
D 331 59 5 229 215 263 198 220 236 204 268 332 8
D 330 49 2 129 331 321 8
D 329 39 2 260 330 271 8
D 327 29 7 256 282 36 328 272 289 280 298 286 318 294 329 302 8
D 337 3 2 5 34 7 8
D 336 1 2 3 337 9 8
D 339 3 2 5 6 7 29
D 338 1 2 3 339 9 29
D 335 5 2 336 311 338 8
D 341 39 6 240 213 51 227 192 261 210 276 224 283 249 8
D 346 55 2 92 127 87 29
D 345 53 3 233 126 82 346 234 29
D 344 59 4 263 215 229 236 220 268 345 8
D 343 49 2 129 344 321 8
D 342 39 2 260 343 271 8
D 340 29 7 256 289 36 341 272 298 280 318 286 329 294 342 302 8
D 350 11 2 19 28 17 8
D 351 11 2 19 18 17 29
D 349 13 2 350 20 351 8
D 348 9 2 11 349 30 8
D 347 5 2 2 348 32 8
D 353 39 6 240 227 51 261 192 276 210 283 224 290 249 8
D 357 53 3 230 126 82 346 85 29
D 356 59 3 263 236 229 268 357 8
D 355 49 2 129 356 321 8
D 354 39 2 260 355 271 8
D 352 29 7 256 298 36 353 272 318 280 329 286 342 294 354 302 8
D 360 7 2 14 13 12 8
D 361 7 2 14 31 12 29
D 359 9 2 360 312 361 8
D 358 5 2 2 359 32 8
D 363 39 6 240 261 51 276 192 283 210 290 224 299 249 8
D 367 53 2 82 346 93 29
D 366 59 2 263 268 367 8
D 365 49 2 129 366 321 8
D 364 39 2 260 365 271 8
D 362 29 7 256 318 36 363 272 329 280 342 286 354 294 364 302 8
D 370 7 2 12 31 14 8
D 371 7 2 12 13 14 29
D 369 9 2 370 312 371 8
D 368 5 2 2 369 32 8
D 373 39 6 240 276 51 283 192 290 210 299 224 319 249 8
D 375 25 2 47 305 42 297
D 374 23 3 37 375 306 307 308 29
D 372 29 6 256 329 36 373 272 342 280 354 286 364 374 8
D 379 15 2 26 22 21 8
D 378 13 2 313 379 314 8
D 377 9 2 11 378 30 8
D 376 5 2 2 377 32 8
D 381 39 6 240 283 51 290 192 299 210 319 224 330 249 8
D 382 23 3 306 307 37 305 308 29
D 380 29 5 256 342 36 381 272 354 280 364 382 8
D 387 17 2 25 24 23 8
D 386 15 2 21 387 26 8
D 385 13 2 313 386 314 8
D 384 9 2 11 385 30 8
D 383 5 2 2 384 32 8
D 389 39 6 240 290 51 299 192 319 210 330 224 343 249 8
D 391 21 2 40 39 38 29
D 390 23 2 391 307 308 29
D 388 29 4 256 354 36 389 272 364 390 8
L 397 18 10
D 396 17 2 23 397 25 8
D 395 15 2 21 396 26 8
D 394 13 2 313 395 314 8
D 393 9 2 11 394 30 8
D 392 5 2 2 393 32 8
D 399 39 6 240 299 51 319 192 330 210 343 224 355 249 8
D 400 23 2 39 307 49 29
D 398 29 3 256 364 36 399 400 8
D 405 17 2 23 24 25 397
D 406 17 2 23 397 25 29
D 404 15 2 21 405 26 406
D 407 11 2 19 28 17 18
D 408 15 2 21 406 26 29
D 409 11 2 19 18 17 8
D 403 13 3 313 404 407 408 409 29
D 410 7 2 14 13 12 31
D 411 13 2 313 408 314 29
D 412 7 2 14 31 12 8
D 402 9 3 11 403 410 411 412 29
D 414 3 2 7 6 5 34
D 413 1 2 3 414 9 4
D 415 9 2 11 411 30 29
D 417 3 2 7 34 5 8
D 416 1 2 3 417 9 33
D 401 5 3 2 402 413 415 416 29
D 0 19 11 1 35 309 316 322 327 335 340 347 352 358 362 368 372 376 380 383 388 392 398 401 8
