c ids of sdd nodes start at 0
c sdd nodes appear bottom-up, children before parents
c
c file syntax:
c sdd count-of-sdd-nodes
c F id-of-false-sdd-node
c T id-of-true-sdd-node
c L id-of-literal-sdd-node id-of-vtree literal
c D id-of-decomposition-sdd-node id-of-vtree number-of-elements {id-of-prime id-of-sub}*
c
sdd 420
L 3 0 -2
L 5 2 -3
L 6 4 -4
L 7 2 3
F 8
D 4 3 2 5 6 7 8
L 9 0 2
D 2 1 2 3 4 9 8
L 12 6 -6
L 13 8 -7
L 14 6 6
D 11 7 2 12 13 14 8
L 17 10 -5
L 18 12 1
L 19 10 5
D 16 11 2 17 18 19 8
L 21 14 -8
L 23 16 -9
L 24 18 -10
L 25 16 9
D 22 17 2 23 24 25 8
L 26 14 8
D 20 15 2 21 22 26 8
L 28 12 -1
T 29
D 27 11 2 17 28 19 29
D 15 13 2 16 20 27 8
L 31 8 7
D 30 7 2 12 31 14 29
D 10 9 2 11 15 30 8
L 34 4 4
D 33 3 2 5 34 7 29
D 32 1 2 3 33 9 29
D 1 5 2 2 10 32 8
L 38 20 -16
L 39 22 -17
L 40 20 16
D 37 21 2 38 39 40 8
L 42 24 -18
L 44 26 -19
L 45 28 -20
L 46 26 19
D 43 27 2 44 45 46 8
L 47 24 18
D 41 25 2 42 43 47 8
L 49 22 17
D 48 21 2 38 49 40 29
D 36 23 2 37 41 48 8
L 53 30 13
L 54 32 -14
L 55 30 -13
D 52 31 2 53 54 55 8
L 57 34 -12
L 59 36 -15
L 60 38 -11
L 61 36 15
D 58 37 2 59 60 61 8
L 62 34 12
D 56 35 2 57 58 62 8
L 64 32 14
D 63 31 2 53 64 55 29
D 51 33 2 52 56 63 8
L 68 40 -36
L 69 42 -37
L 70 40 36
D 67 41 2 68 69 70 8
L 72 44 -38
L 74 46 -39
L 75 48 40
L 76 46 39
D 73 47 2 74 75 76 8
L 77 44 38
D 71 45 2 72 73 77 8
L 79 42 37
D 78 41 2 68 79 70 29
D 66 43 2 67 71 78 8
L 83 50 -33
L 84 52 -32
L 85 50 33
D 82 51 2 83 84 85 8
L 87 54 -31
L 89 56 -34
L 90 58 -35
L 91 56 34
D 88 57 2 89 90 91 8
L 92 54 31
D 86 55 2 87 88 92 8
L 94 52 32
D 93 51 2 83 94 85 29
D 81 53 2 82 86 93 8
L 97 60 -21
L 98 62 -22
L 99 60 21
D 96 61 2 97 98 99 8
L 102 64 -23
L 103 66 -24
L 104 64 23
D 101 65 2 102 103 104 8
L 106 68 25
L 108 70 -26
L 110 72 -27
L 112 74 -28
L 114 76 -29
L 115 78 -30
L 116 76 29
D 113 77 2 114 115 116 8
L 117 74 28
D 111 75 2 112 113 117 8
L 118 72 27
D 109 73 2 110 111 118 8
L 119 70 26
D 107 71 2 108 109 119 8
L 120 68 -25
D 105 69 2 106 107 120 8
L 122 66 24
D 121 65 2 102 122 104 29
D 100 67 2 101 105 121 8
L 124 62 22
D 123 61 2 97 124 99 29
D 95 63 2 96 100 123 8
L 128 58 35
D 127 57 2 89 128 91 29
D 126 55 2 87 127 92 29
D 125 53 2 82 126 93 29
D 80 59 2 81 95 125 8
L 132 48 -40
D 131 47 2 74 132 76 8
D 130 45 2 72 131 77 8
D 129 43 2 67 130 78 8
D 136 57 2 89 128 91 8
D 135 55 2 87 136 92 8
D 134 53 2 82 135 93 8
L 144 78 30
D 143 77 2 114 144 116 8
D 142 75 2 112 143 117 8
D 141 73 2 110 142 118 8
D 140 71 2 108 141 119 8
D 139 69 2 120 140 106 8
D 138 67 2 101 139 121 8
D 137 63 2 96 138 123 8
D 147 57 2 89 90 91 29
D 146 55 2 87 147 92 29
D 145 53 2 82 146 93 29
D 133 59 2 134 137 145 8
D 150 47 2 76 132 74 8
D 149 45 2 72 150 77 8
D 148 43 2 67 149 78 8
D 155 71 2 119 109 108 8
D 154 69 2 120 155 106 8
D 153 67 2 101 154 121 8
D 152 63 2 96 153 123 8
D 151 59 2 81 152 125 8
D 157 45 2 77 131 72 8
D 156 43 2 67 157 78 8
D 163 73 2 118 111 110 8
D 162 71 2 108 163 119 8
D 161 69 2 120 162 106 8
D 160 67 2 101 161 121 8
D 159 63 2 96 160 123 8
D 158 59 2 81 159 125 8
D 165 41 2 68 79 70 8
D 166 41 2 68 69 70 29
D 164 43 2 165 130 166 8
D 173 75 2 117 113 112 8
D 172 73 2 110 173 118 8
D 171 71 2 108 172 119 8
D 170 69 2 120 171 106 8
D 169 67 2 101 170 121 8
D 168 63 2 96 169 123 8
D 167 59 2 81 168 125 8
D 175 41 2 70 69 68 8
D 176 41 2 70 79 68 29
D 174 43 2 175 130 176 8
D 184 77 2 116 115 114 8
D 183 75 2 112 184 117 8
D 182 73 2 110 183 118 8
D 181 71 2 108 182 119 8
D 180 69 2 120 181 106 8
D 179 67 2 101 180 121 8
D 178 63 2 96 179 123 8
D 177 59 2 81 178 125 8
D 187 47 2 76 75 74 8
D 188 47 2 74 75 76 29
D 186 45 2 72 187 77 188
D 189 41 2 70 69 68 79
D 190 45 2 72 188 77 29
D 191 41 2 70 79 68 8
D 185 43 3 67 186 189 190 191 29
D 65 49 7 66 80 129 133 148 151 156 158 164 167 174 177 185 8
D 193 31 2 55 64 53 8
D 194 31 2 55 54 53 29
D 192 33 2 193 56 194 8
D 199 65 2 102 122 104 8
D 200 69 2 120 107 106 8
D 201 65 2 102 103 104 29
D 198 67 2 199 200 201 8
D 197 63 2 96 198 123 8
D 196 59 2 81 197 125 8
D 205 57 2 91 90 89 8
D 204 55 2 87 205 92 8
D 203 53 2 82 204 93 8
D 208 57 2 89 90 91 128
D 207 55 2 87 208 92 29
D 206 53 2 82 207 93 29
D 202 59 3 203 137 134 178 206 8
D 195 49 7 66 196 129 202 148 80 156 151 164 158 174 167 185 8
D 210 31 2 55 54 53 8
D 212 37 2 61 60 59 8
D 211 35 2 57 212 62 8
D 213 31 2 55 64 53 29
D 209 33 2 210 211 213 8
D 218 65 2 104 103 102 8
D 219 65 2 104 122 102 29
D 217 67 2 218 200 219 8
D 216 63 2 96 217 123 8
D 215 59 2 81 216 125 8
D 222 51 2 85 84 83 8
D 223 51 2 85 94 83 29
D 221 53 2 222 86 223 8
D 224 53 3 82 207 222 126 94 29
D 220 59 4 221 137 203 178 134 168 224 8
D 214 49 7 66 215 129 220 148 196 156 80 164 151 174 158 185 8
D 226 35 2 62 58 57 8
D 225 33 2 210 226 213 8
D 228 59 2 81 137 125 8
D 231 47 2 74 132 76 75
D 230 45 2 72 231 77 188
D 229 43 3 67 230 189 190 191 29
D 227 49 6 66 151 148 158 156 167 164 177 174 228 229 8
L 235 38 11
D 234 37 2 59 235 61 8
D 233 35 2 57 234 62 8
D 232 33 2 210 233 213 8
D 237 43 3 67 230 165 190 70 29
D 236 49 5 66 158 148 167 156 177 164 228 237 8
D 240 37 2 59 60 61 235
D 241 37 2 59 235 61 29
D 239 35 2 57 240 62 241
D 242 31 2 53 54 55 64
D 243 35 2 57 241 62 29
D 244 31 2 53 64 55 8
D 238 33 3 210 239 242 243 244 29
D 50 39 6 51 65 192 195 209 214 225 227 232 236 238 8
D 246 21 2 38 49 40 8
D 247 21 2 38 39 40 29
D 245 23 2 246 41 247 8
D 249 33 2 210 56 213 8
D 253 55 2 92 88 87 8
D 252 53 2 82 253 93 8
D 255 51 2 83 94 85 8
D 256 51 2 83 84 85 29
D 254 53 2 255 86 256 8
D 258 55 2 87 208 92 127
D 259 51 2 85 84 83 94
D 260 51 2 85 94 83 8
D 257 53 3 82 258 259 126 260 29
D 251 59 6 252 137 254 178 221 168 134 152 203 159 257 8
D 263 61 2 97 124 99 8
D 264 67 2 101 200 121 8
D 265 61 2 97 98 99 29
D 262 63 2 263 264 265 8
D 261 59 2 81 262 125 8
D 268 61 2 99 98 97 8
D 269 61 2 99 124 97 29
D 267 63 2 268 264 269 8
D 266 59 2 81 267 125 8
D 250 49 7 129 251 156 215 148 261 164 196 66 266 174 80 185 8
D 270 33 2 210 243 213 29
D 248 39 2 249 250 270 8
D 272 25 2 47 43 42 8
D 271 23 2 37 272 48 8
D 275 59 6 252 178 254 168 134 95 203 152 221 159 257 8
D 277 45 2 77 188 72 75
D 276 43 3 67 277 189 190 191 29
D 274 49 6 129 275 164 215 156 261 174 196 148 266 276 8
D 273 39 2 249 274 270 8
D 280 27 2 46 45 44 8
D 279 25 2 42 280 47 8
D 278 23 2 37 279 48 8
D 283 59 6 252 168 134 197 203 95 221 152 254 159 257 8
D 284 43 3 189 190 67 188 191 29
D 282 49 5 129 283 174 215 164 261 156 266 284 8
D 281 39 2 249 282 270 8
L 288 28 20
D 287 27 2 44 288 46 8
D 286 25 2 42 287 47 8
D 285 23 2 37 286 48 8
D 291 59 6 134 216 203 197 221 95 254 152 252 159 257 8
D 293 41 2 70 69 68 29
D 292 43 2 293 190 191 29
D 290 49 4 174 261 129 291 164 266 292 8
D 289 39 2 249 290 270 8
D 295 21 2 40 39 38 8
D 296 21 2 40 49 38 29
D 294 23 2 295 41 296 8
D 300 53 3 82 207 259 126 260 29
D 299 59 5 254 137 221 178 203 168 134 159 300 8
D 298 49 7 129 299 148 215 66 261 156 196 164 80 174 151 185 8
D 297 39 2 249 298 270 8
D 303 27 2 46 288 44 8
D 304 27 2 44 288 46 29
D 302 25 2 42 303 47 304
D 305 21 2 40 39 38 49
D 306 25 2 42 304 47 29
D 307 21 2 40 49 38 8
D 301 23 3 37 302 305 306 307 29
D 35 29 7 36 50 245 248 271 273 278 281 285 289 294 297 301 8
D 309 1 2 9 4 3 8
D 312 11 2 17 28 19 8
D 313 11 2 17 18 19 29
D 311 13 2 312 20 313 8
D 310 9 2 11 311 30 8
D 314 1 2 9 33 3 29
D 308 5 2 309 310 314 8
D 316 39 6 225 65 51 195 192 214 209 298 232 227 238 8
D 319 59 6 203 216 221 197 254 95 252 152 134 262 257 8
D 320 43 2 69 190 79 29
D 318 49 3 174 266 129 319 320 8
D 317 39 2 249 318 270 8
D 315 29 7 36 316 294 248 245 273 271 281 278 289 285 317 301 8
D 323 3 2 7 6 5 8
D 322 1 2 3 323 9 8
D 325 3 2 7 34 5 29
D 324 1 2 3 325 9 29
D 321 5 2 322 310 324 8
D 327 39 6 232 65 225 195 51 214 192 298 209 250 238 8
D 330 59 6 221 216 254 197 252 95 203 262 134 267 257 8
D 331 43 2 67 190 78 29
D 329 49 2 129 330 331 8
D 328 39 2 249 329 270 8
D 326 29 7 294 273 36 327 245 281 271 289 278 317 285 328 301 8
D 334 3 2 5 34 7 8
D 333 1 2 3 334 9 8
D 336 3 2 5 6 7 29
D 335 1 2 3 336 9 29
D 332 5 2 333 310 335 8
D 338 39 6 232 195 225 214 51 298 192 250 209 274 238 8
D 344 57 2 91 128 89 29
D 343 55 2 87 344 92 127
D 342 53 3 82 343 259 126 260 29
D 341 59 5 254 216 252 197 221 262 203 267 342 8
D 340 49 2 129 341 331 8
D 339 39 2 249 340 270 8
D 337 29 7 294 281 36 338 245 289 271 317 278 328 285 339 301 8
D 348 11 2 19 28 17 8
D 349 11 2 19 18 17 29
D 347 13 2 348 20 349 8
D 346 9 2 11 347 30 8
D 345 5 2 2 346 32 8
D 351 39 6 232 214 225 298 51 250 192 274 209 282 238 8
D 356 55 2 92 127 87 29
D 355 53 3 259 126 82 356 260 29
D 354 59 4 252 216 254 262 221 267 355 8
D 353 49 2 129 354 331 8
D 352 39 2 249 353 270 8
D 350 29 7 294 289 36 351 245 317 271 328 278 339 285 352 301 8
D 359 7 2 14 13 12 8
D 360 7 2 14 31 12 29
D 358 9 2 359 311 360 8
D 357 5 2 2 358 32 8
D 362 39 6 232 298 225 250 51 274 192 282 209 290 238 8
D 366 53 3 255 126 82 356 85 29
D 365 59 3 252 262 254 267 366 8
D 364 49 2 129 365 331 8
D 363 39 2 249 364 270 8
D 361 29 7 294 317 36 362 245 328 271 339 278 352 285 363 301 8
D 369 7 2 12 31 14 8
D 370 7 2 12 13 14 29
D 368 9 2 369 311 370 8
D 367 5 2 2 368 32 8
D 372 39 6 232 250 225 274 51 282 192 290 209 318 238 8
D 376 53 2 82 356 93 29
D 375 59 2 252 267 376 8
D 374 49 2 129 375 331 8
D 373 39 2 249 374 270 8
D 371 29 7 294 328 36 372 245 339 271 352 278 363 285 373 301 8
D 380 15 2 26 22 21 8
D 379 13 2 312 380 313 8
D 378 9 2 11 379 30 8
D 377 5 2 2 378 32 8
D 382 39 6 232 274 225 282 51 290 192 318 209 329 238 8
D 384 25 2 47 304 42 288
D 383 23 3 37 384 305 306 307 29
D 381 29 6 294 339 36 382 245 352 271 363 278 373 383 8
D 389 17 2 25 24 23 8
D 388 15 2 21 389 26 8
D 387 13 2 312 388 313 8
D 386 9 2 11 387 30 8
D 385 5 2 2 386 32 8
D 391 39 6 232 282 225 290 51 318 192 329 209 340 238 8
D 392 23 3 305 306 37 304 307 29
D 390 29 5 294 352 36 391 245 363 271 373 392 8
L 398 18 10
D 397 17 2 23 398 25 8
D 396 15 2 21 397 26 8
D 395 13 2 312 396 313 8
D 394 9 2 11 395 30 8
D 393 5 2 2 394 32 8
D 400 39 6 232 290 225 318 51 329 192 340 209 353 238 8
D 402 21 2 40 39 38 29
D 401 23 2 402 306 307 29
D 399 29 4 294 363 36 400 245 373 401 8
D 407 17 2 23 24 25 398
D 408 17 2 23 398 25 29
D 406 15 2 21 407 26 408
D 409 11 2 19 28 17 18
D 410 15 2 21 408 26 29
D 411 11 2 19 18 17 8
D 405 13 3 312 406 409 410 411 29
D 412 7 2 14 13 12 31
D 413 13 2 312 410 313 29
D 414 7 2 14 31 12 8
D 404 9 3 11 405 412 413 414 29
D 416 3 2 7 6 5 34
D 415 1 2 3 416 9 4
D 417 9 2 11 413 30 29
D 419 3 2 7 34 5 8
D 418 1 2 3 419 9 33
D 403 5 3 2 404 415 417 418 29
D 0 19 11 1 35 308 315 321 326 332 337 345 350 357 361 367 371 377 381 385 390 393 399 403 8
