c ids of sdd nodes start at 0
c sdd nodes appear bottom-up, children before parents
c
c file syntax:
c sdd count-of-sdd-nodes
c F id-of-false-sdd-node
c T id-of-true-sdd-node
c L id-of-literal-sdd-node id-of-vtree literal
c D id-of-decomposition-sdd-node id-of-vtree number-of-elements {id-of-prime id-of-sub}*
c
sdd 421
L 3 0 -2
L 5 2 -3
L 6 4 -4
L 7 2 3
F 8
D 4 3 2 5 6 7 8
L 9 0 2
D 2 1 2 3 4 9 8
L 12 6 -6
L 13 8 -7
L 14 6 6
D 11 7 2 12 13 14 8
L 17 10 -5
L 18 12 1
L 19 10 5
D 16 11 2 17 18 19 8
L 21 14 -8
L 23 16 -9
L 24 18 -10
L 25 16 9
D 22 17 2 23 24 25 8
L 26 14 8
D 20 15 2 21 22 26 8
L 28 12 -1
T 29
D 27 11 2 17 28 19 29
D 15 13 2 16 20 27 8
L 31 8 7
D 30 7 2 12 31 14 29
D 10 9 2 11 15 30 8
L 34 4 4
D 33 3 2 5 34 7 29
D 32 1 2 3 33 9 29
D 1 5 2 2 10 32 8
L 38 20 -16
L 39 22 -17
L 40 20 16
D 37 21 2 38 39 40 8
L 42 24 -18
L 44 26 -19
L 45 28 -20
L 46 26 19
D 43 27 2 44 45 46 8
L 47 24 18
D 41 25 2 42 43 47 8
L 49 22 17
D 48 21 2 38 49 40 29
D 36 23 2 37 41 48 8
L 53 30 -13
L 54 32 14
L 55 30 13
D 52 31 2 53 54 55 8
L 57 34 -12
L 59 36 -15
L 60 38 -11
L 61 36 15
D 58 37 2 59 60 61 8
L 62 34 12
D 56 35 2 57 58 62 8
L 64 32 -14
D 63 31 2 53 64 55 29
D 51 33 2 52 56 63 8
L 68 40 -36
L 69 42 -37
L 70 40 36
D 67 41 2 68 69 70 8
L 72 44 -38
L 74 46 -39
L 75 48 40
L 76 46 39
D 73 47 2 74 75 76 8
L 77 44 38
D 71 45 2 72 73 77 8
L 79 42 37
D 78 41 2 68 79 70 29
D 66 43 2 67 71 78 8
L 83 50 -33
L 84 52 -32
L 85 50 33
D 82 51 2 83 84 85 8
L 87 54 -31
L 89 56 -34
L 90 58 -35
L 91 56 34
D 88 57 2 89 90 91 8
L 92 54 31
D 86 55 2 87 88 92 8
L 94 52 32
D 93 51 2 83 94 85 29
D 81 53 2 82 86 93 8
L 97 60 -21
L 98 62 -22
L 99 60 21
D 96 61 2 97 98 99 8
L 102 64 -23
L 103 66 -24
L 104 64 23
D 101 65 2 102 103 104 8
L 106 68 25
L 108 70 -26
L 110 72 -27
L 112 74 -28
L 114 76 -29
L 115 78 -30
L 116 76 29
D 113 77 2 114 115 116 8
L 117 74 28
D 111 75 2 112 113 117 8
L 118 72 27
D 109 73 2 110 111 118 8
L 119 70 26
D 107 71 2 108 109 119 8
L 120 68 -25
D 105 69 2 106 107 120 8
L 122 66 24
D 121 65 2 102 122 104 29
D 100 67 2 101 105 121 8
L 124 62 22
D 123 61 2 97 124 99 29
D 95 63 2 96 100 123 8
L 128 58 35
D 127 57 2 89 128 91 29
D 126 55 2 87 127 92 29
D 125 53 2 82 126 93 29
D 80 59 2 81 95 125 8
L 132 48 -40
D 131 47 2 74 132 76 8
D 130 45 2 72 131 77 8
D 129 43 2 67 130 78 8
D 136 57 2 89 128 91 8
D 135 55 2 87 136 92 8
D 134 53 2 82 135 93 8
L 144 78 30
D 143 77 2 114 144 116 8
D 142 75 2 112 143 117 8
D 141 73 2 110 142 118 8
D 140 71 2 108 141 119 8
D 139 69 2 120 140 106 8
D 138 67 2 101 139 121 8
D 137 63 2 96 138 123 8
D 147 57 2 89 90 91 29
D 146 55 2 87 147 92 29
D 145 53 2 82 146 93 29
D 133 59 2 134 137 145 8
D 150 47 2 76 132 74 8
D 149 45 2 72 150 77 8
D 148 43 2 67 149 78 8
D 155 71 2 119 109 108 8
D 154 69 2 120 155 106 8
D 153 67 2 101 154 121 8
D 152 63 2 96 153 123 8
D 151 59 2 81 152 125 8
D 157 45 2 77 131 72 8
D 156 43 2 67 157 78 8
D 163 73 2 118 111 110 8
D 162 71 2 108 163 119 8
D 161 69 2 120 162 106 8
D 160 67 2 101 161 121 8
D 159 63 2 96 160 123 8
D 158 59 2 81 159 125 8
D 165 41 2 68 79 70 8
D 166 41 2 68 69 70 29
D 164 43 2 165 130 166 8
D 173 75 2 117 113 112 8
D 172 73 2 110 173 118 8
D 171 71 2 108 172 119 8
D 170 69 2 120 171 106 8
D 169 67 2 101 170 121 8
D 168 63 2 96 169 123 8
D 167 59 2 81 168 125 8
D 175 41 2 70 69 68 8
D 176 41 2 70 79 68 29
D 174 43 2 175 130 176 8
D 184 77 2 116 115 114 8
D 183 75 2 112 184 117 8
D 182 73 2 110 183 118 8
D 181 71 2 108 182 119 8
D 180 69 2 120 181 106 8
D 179 67 2 101 180 121 8
D 178 63 2 96 179 123 8
D 177 59 2 81 178 125 8
D 187 47 2 76 75 74 8
D 188 47 2 74 75 76 29
D 186 45 2 72 187 77 188
D 189 41 2 70 69 68 79
D 190 45 2 72 188 77 29
D 191 41 2 70 79 68 8
D 185 43 3 67 186 189 190 191 29
D 65 49 7 66 80 129 133 148 151 156 158 164 167 174 177 185 8
D 193 31 2 53 64 55 8
D 195 37 2 61 60 59 8
D 194 35 2 57 195 62 8
D 196 31 2 53 54 55 29
D 192 33 2 193 194 196 8
D 201 65 2 102 122 104 8
D 202 69 2 120 107 106 8
D 203 65 2 102 103 104 29
D 200 67 2 201 202 203 8
D 199 63 2 96 200 123 8
D 198 59 2 81 199 125 8
D 207 57 2 91 90 89 8
D 206 55 2 87 207 92 8
D 205 53 2 82 206 93 8
D 210 57 2 89 90 91 128
D 209 55 2 87 210 92 29
D 208 53 2 82 209 93 29
D 204 59 3 205 137 134 178 208 8
D 197 49 7 66 198 129 204 148 80 156 151 164 158 174 167 185 8
D 212 31 2 55 64 53 8
D 213 31 2 55 54 53 29
D 211 33 2 212 56 213 8
D 215 59 2 81 137 125 8
D 218 47 2 74 132 76 75
D 217 45 2 72 218 77 188
D 216 43 3 67 217 189 190 191 29
D 214 49 6 66 151 148 158 156 167 164 177 174 215 216 8
D 220 35 2 62 58 57 8
D 219 33 2 193 220 196 8
D 222 43 3 67 217 165 190 70 29
D 221 49 5 66 158 148 167 156 177 164 215 222 8
L 226 38 11
D 225 37 2 59 226 61 8
D 224 35 2 57 225 62 8
D 223 33 2 193 224 196 8
D 228 43 2 67 217 78 29
D 227 49 4 66 167 148 177 156 215 228 8
D 231 37 2 59 60 61 226
D 232 37 2 59 226 61 29
D 230 35 2 57 231 62 232
D 233 31 2 55 64 53 54
D 234 35 2 57 232 62 29
D 235 31 2 55 54 53 8
D 229 33 3 193 230 233 234 235 29
D 50 39 6 51 65 192 197 211 214 219 221 223 227 229 8
D 237 25 2 47 43 42 8
D 236 23 2 37 237 48 8
D 239 33 2 193 56 196 8
D 243 55 2 92 88 87 8
D 242 53 2 82 243 93 8
D 245 51 2 83 94 85 8
D 246 51 2 83 84 85 29
D 244 53 2 245 86 246 8
D 248 51 2 85 84 83 8
D 249 51 2 85 94 83 29
D 247 53 2 248 86 249 8
D 251 55 2 87 210 92 127
D 252 51 2 85 84 83 94
D 253 51 2 85 94 83 8
D 250 53 3 82 251 252 126 253 29
D 241 59 6 242 137 244 178 247 168 134 152 205 159 250 8
D 257 65 2 104 103 102 8
D 258 65 2 104 122 102 29
D 256 67 2 257 202 258 8
D 255 63 2 96 256 123 8
D 254 59 2 81 255 125 8
D 261 61 2 97 124 99 8
D 262 67 2 101 202 121 8
D 263 61 2 97 98 99 29
D 260 63 2 261 262 263 8
D 259 59 2 81 260 125 8
D 266 61 2 99 98 97 8
D 267 61 2 99 124 97 29
D 265 63 2 266 262 267 8
D 264 59 2 81 265 125 8
D 240 49 7 129 241 156 254 148 259 164 198 66 264 174 80 185 8
D 268 33 2 193 234 196 29
D 238 39 2 239 240 268 8
D 271 27 2 46 45 44 8
D 270 25 2 42 271 47 8
D 269 23 2 37 270 48 8
D 274 59 6 242 178 244 168 134 95 205 152 247 159 250 8
D 276 45 2 77 188 72 75
D 275 43 3 67 276 189 190 191 29
D 273 49 6 129 274 164 254 156 259 174 198 148 264 275 8
D 272 39 2 239 273 268 8
L 280 28 20
D 279 27 2 44 280 46 8
D 278 25 2 42 279 47 8
D 277 23 2 37 278 48 8
D 283 59 6 242 168 134 199 205 95 247 152 244 159 250 8
D 284 43 3 189 190 67 188 191 29
D 282 49 5 129 283 174 254 164 259 156 264 284 8
D 281 39 2 239 282 268 8
D 286 21 2 38 49 40 8
D 287 21 2 38 39 40 29
D 285 23 2 286 41 287 8
D 291 53 3 82 209 252 126 253 29
D 290 59 5 244 137 247 178 205 168 134 159 291 8
D 289 49 7 129 290 148 254 66 259 156 198 164 80 174 151 185 8
D 288 39 2 239 289 268 8
D 293 21 2 40 39 38 8
D 294 21 2 40 49 38 29
D 292 23 2 293 41 294 8
D 298 53 3 82 209 248 126 94 29
D 297 59 4 247 137 205 178 134 168 298 8
D 296 49 7 66 254 129 297 148 198 156 80 164 151 174 158 185 8
D 295 39 2 239 296 268 8
D 301 27 2 46 280 44 8
D 302 27 2 44 280 46 29
D 300 25 2 42 301 47 302
D 303 21 2 40 39 38 49
D 304 25 2 42 302 47 29
D 305 21 2 40 49 38 8
D 299 23 3 37 300 303 304 305 29
D 35 29 7 36 50 236 238 269 272 277 281 285 288 292 295 299 8
D 307 1 2 9 4 3 8
D 310 11 2 17 28 19 8
D 311 11 2 17 18 19 29
D 309 13 2 310 20 311 8
D 308 9 2 11 309 30 8
D 312 1 2 9 33 3 29
D 306 5 2 307 308 312 8
D 314 39 6 211 65 51 197 192 296 219 214 223 221 229 8
D 317 59 6 134 255 205 199 247 95 244 152 242 159 250 8
D 319 41 2 70 69 68 29
D 318 43 2 319 190 191 29
D 316 49 4 174 259 129 317 164 264 318 8
D 315 39 2 239 316 268 8
D 313 29 7 36 314 285 238 236 272 269 281 277 315 292 288 299 8
D 322 3 2 7 6 5 8
D 321 1 2 3 322 9 8
D 324 3 2 7 34 5 29
D 323 1 2 3 324 9 29
D 320 5 2 321 308 323 8
D 326 39 6 219 65 211 197 51 296 192 289 223 214 229 8
D 329 59 6 205 255 247 199 244 95 242 152 134 260 250 8
D 330 43 2 69 190 79 29
D 328 49 3 174 264 129 329 330 8
D 327 39 2 239 328 268 8
D 325 29 7 36 326 292 238 285 272 236 281 269 315 277 327 299 8
D 333 3 2 5 34 7 8
D 332 1 2 3 333 9 8
D 335 3 2 5 6 7 29
D 334 1 2 3 335 9 29
D 331 5 2 332 308 334 8
D 337 39 6 223 65 219 197 211 296 51 289 192 240 229 8
D 340 59 6 247 255 244 199 242 95 205 260 134 265 250 8
D 341 43 2 67 190 78 29
D 339 49 2 129 340 341 8
D 338 39 2 239 339 268 8
D 336 29 7 292 272 36 337 285 281 236 315 269 327 277 338 299 8
D 345 11 2 19 28 17 8
D 346 11 2 19 18 17 29
D 344 13 2 345 20 346 8
D 343 9 2 11 344 30 8
D 342 5 2 2 343 32 8
D 348 39 6 223 197 219 296 211 289 51 240 192 273 229 8
D 354 57 2 91 128 89 29
D 353 55 2 87 354 92 127
D 352 53 3 82 353 252 126 253 29
D 351 59 5 244 255 242 199 247 260 205 265 352 8
D 350 49 2 129 351 341 8
D 349 39 2 239 350 268 8
D 347 29 7 292 281 36 348 285 315 236 327 269 338 277 349 299 8
D 357 7 2 14 13 12 8
D 358 7 2 14 31 12 29
D 356 9 2 357 309 358 8
D 355 5 2 2 356 32 8
D 360 39 6 223 296 219 289 211 240 51 273 192 282 229 8
D 365 55 2 92 127 87 29
D 364 53 3 252 126 82 365 253 29
D 363 59 4 242 255 244 260 247 265 364 8
D 362 49 2 129 363 341 8
D 361 39 2 239 362 268 8
D 359 29 7 292 315 36 360 285 327 236 338 269 349 277 361 299 8
D 368 7 2 12 31 14 8
D 369 7 2 12 13 14 29
D 367 9 2 368 309 369 8
D 366 5 2 2 367 32 8
D 371 39 6 223 289 219 240 211 273 51 282 192 316 229 8
D 375 53 3 245 126 82 365 85 29
D 374 59 3 242 260 244 265 375 8
D 373 49 2 129 374 341 8
D 372 39 2 239 373 268 8
D 370 29 7 292 327 36 371 285 338 236 349 269 361 277 372 299 8
D 379 15 2 26 22 21 8
D 378 13 2 310 379 311 8
D 377 9 2 11 378 30 8
D 376 5 2 2 377 32 8
D 381 39 6 223 240 219 273 211 282 51 316 192 328 229 8
D 385 53 2 82 365 93 29
D 384 59 2 242 265 385 8
D 383 49 2 129 384 341 8
D 382 39 2 239 383 268 8
D 380 29 7 292 338 36 381 285 349 236 361 269 372 277 382 299 8
D 390 17 2 25 24 23 8
D 389 15 2 21 390 26 8
D 388 13 2 310 389 311 8
D 387 9 2 11 388 30 8
D 386 5 2 2 387 32 8
D 392 39 6 223 273 219 282 211 316 51 328 192 339 229 8
D 394 25 2 47 302 42 280
D 393 23 3 37 394 303 304 305 29
D 391 29 6 292 349 36 392 285 361 236 372 269 382 393 8
L 400 18 10
D 399 17 2 23 400 25 8
D 398 15 2 21 399 26 8
D 397 13 2 310 398 311 8
D 396 9 2 11 397 30 8
D 395 5 2 2 396 32 8
D 402 39 6 223 282 219 316 211 328 51 339 192 350 229 8
D 403 23 3 303 304 37 302 305 29
D 401 29 5 292 361 36 402 285 372 236 382 403 8
D 408 17 2 23 24 25 400
D 409 17 2 23 400 25 29
D 407 15 2 21 408 26 409
D 410 11 2 19 28 17 18
D 411 15 2 21 409 26 29
D 412 11 2 19 18 17 8
D 406 13 3 310 407 410 411 412 29
D 413 7 2 14 13 12 31
D 414 13 2 310 411 311 29
D 415 7 2 14 31 12 8
D 405 9 3 11 406 413 414 415 29
D 417 3 2 7 6 5 34
D 416 1 2 3 417 9 4
D 418 9 2 11 414 30 29
D 420 3 2 7 34 5 8
D 419 1 2 3 420 9 33
D 404 5 3 2 405 416 418 419 29
D 0 19 11 1 35 306 313 320 325 331 336 342 347 355 359 366 370 376 380 386 391 395 401 404 8
