c ids of sdd nodes start at 0
c sdd nodes appear bottom-up, children before parents
c
c file syntax:
c sdd count-of-sdd-nodes
c F id-of-false-sdd-node
c T id-of-true-sdd-node
c L id-of-literal-sdd-node id-of-vtree literal
c D id-of-decomposition-sdd-node id-of-vtree number-of-elements {id-of-prime id-of-sub}*
c
sdd 427
L 3 0 -2
L 5 2 -3
L 6 4 -4
L 7 2 3
F 8
D 4 3 2 5 6 7 8
L 9 0 2
D 2 1 2 3 4 9 8
L 12 6 -6
L 13 8 -7
L 14 6 6
D 11 7 2 12 13 14 8
L 17 10 -5
L 18 12 1
L 19 10 5
D 16 11 2 17 18 19 8
L 21 14 -8
L 23 16 -9
L 24 18 -10
L 25 16 9
D 22 17 2 23 24 25 8
L 26 14 8
D 20 15 2 21 22 26 8
L 28 12 -1
T 29
D 27 11 2 17 28 19 29
D 15 13 2 16 20 27 8
L 31 8 7
D 30 7 2 12 31 14 29
D 10 9 2 11 15 30 8
L 34 4 4
D 33 3 2 5 34 7 29
D 32 1 2 3 33 9 29
D 1 5 2 2 10 32 8
L 38 20 -16
L 39 22 -17
L 40 20 16
D 37 21 2 38 39 40 8
L 42 24 -18
L 44 26 -19
L 45 28 -20
L 46 26 19
D 43 27 2 44 45 46 8
L 47 24 18
D 41 25 2 42 43 47 8
L 49 22 17
D 48 21 2 38 49 40 29
D 36 23 2 37 41 48 8
L 53 30 -13
L 54 32 -14
L 55 30 13
D 52 31 2 53 54 55 8
L 57 34 -12
L 59 36 15
L 60 38 -11
L 61 36 -15
D 58 37 2 59 60 61 8
L 62 34 12
D 56 35 2 57 58 62 8
L 64 32 14
D 63 31 2 53 64 55 29
D 51 33 2 52 56 63 8
L 68 40 -36
L 69 42 -37
L 70 40 36
D 67 41 2 68 69 70 8
L 72 44 -38
L 74 46 -39
L 75 48 40
L 76 46 39
D 73 47 2 74 75 76 8
L 77 44 38
D 71 45 2 72 73 77 8
L 79 42 37
D 78 41 2 68 79 70 29
D 66 43 2 67 71 78 8
L 83 50 -33
L 84 52 -32
L 85 50 33
D 82 51 2 83 84 85 8
L 87 54 -31
L 89 56 -34
L 90 58 -35
L 91 56 34
D 88 57 2 89 90 91 8
L 92 54 31
D 86 55 2 87 88 92 8
L 94 52 32
D 93 51 2 83 94 85 29
D 81 53 2 82 86 93 8
L 97 60 -21
L 98 62 -22
L 99 60 21
D 96 61 2 97 98 99 8
L 102 64 -23
L 103 66 -24
L 104 64 23
D 101 65 2 102 103 104 8
L 106 68 -25
L 108 70 26
L 110 72 -27
L 112 74 -28
L 114 76 -29
L 115 78 -30
L 116 76 29
D 113 77 2 114 115 116 8
L 117 74 28
D 111 75 2 112 113 117 8
L 118 72 27
D 109 73 2 110 111 118 8
L 119 70 -26
D 107 71 2 108 109 119 8
L 120 68 25
D 105 69 2 106 107 120 8
L 122 66 24
D 121 65 2 102 122 104 29
D 100 67 2 101 105 121 8
L 124 62 22
D 123 61 2 97 124 99 29
D 95 63 2 96 100 123 8
L 128 58 35
D 127 57 2 89 128 91 29
D 126 55 2 87 127 92 29
D 125 53 2 82 126 93 29
D 80 59 2 81 95 125 8
L 132 48 -40
D 131 47 2 76 132 74 8
D 130 45 2 72 131 77 8
D 129 43 2 67 130 78 8
D 138 73 2 118 111 110 8
D 137 71 2 119 138 108 8
D 136 69 2 106 137 120 8
D 135 67 2 101 136 121 8
D 134 63 2 96 135 123 8
D 133 59 2 81 134 125 8
D 141 47 2 74 132 76 8
D 140 45 2 77 141 72 8
D 139 43 2 67 140 78 8
D 148 75 2 117 113 112 8
D 147 73 2 110 148 118 8
D 146 71 2 119 147 108 8
D 145 69 2 106 146 120 8
D 144 67 2 101 145 121 8
D 143 63 2 96 144 123 8
D 142 59 2 81 143 125 8
D 150 41 2 68 79 70 8
D 151 45 2 72 141 77 8
D 152 41 2 68 69 70 29
D 149 43 2 150 151 152 8
D 160 77 2 116 115 114 8
D 159 75 2 112 160 117 8
D 158 73 2 110 159 118 8
D 157 71 2 119 158 108 8
D 156 69 2 106 157 120 8
D 155 67 2 101 156 121 8
D 154 63 2 96 155 123 8
D 153 59 2 81 154 125 8
D 162 41 2 70 69 68 8
D 163 41 2 70 79 68 29
D 161 43 2 162 151 163 8
L 172 78 30
D 171 77 2 114 172 116 8
D 170 75 2 112 171 117 8
D 169 73 2 110 170 118 8
D 168 71 2 119 169 108 8
D 167 69 2 106 168 120 8
D 166 67 2 101 167 121 8
D 165 63 2 96 166 123 8
D 164 59 2 81 165 125 8
D 175 47 2 74 132 76 75
D 176 47 2 74 75 76 29
D 174 45 2 72 175 77 176
D 177 41 2 70 69 68 79
D 178 45 2 72 176 77 29
D 179 41 2 70 79 68 8
D 173 43 3 67 174 177 178 179 29
D 65 49 6 66 80 129 133 139 142 149 153 161 164 173 8
D 181 31 2 53 64 55 8
D 183 37 2 61 60 59 8
D 182 35 2 57 183 62 8
D 184 31 2 53 54 55 29
D 180 33 2 181 182 184 8
D 186 43 3 67 174 150 178 70 29
D 185 49 5 66 133 129 142 139 153 149 164 186 8
D 188 35 2 62 183 57 8
D 187 33 2 52 188 63 8
D 191 45 2 72 175 77 29
D 190 43 2 67 191 78 29
D 189 49 3 66 153 129 164 190 8
D 193 31 2 55 54 53 8
D 194 31 2 55 64 53 29
D 192 33 2 193 182 194 8
D 196 43 2 67 174 78 29
D 195 49 4 66 142 129 153 139 164 196 8
L 200 38 11
D 199 37 2 61 200 59 8
D 198 35 2 57 199 62 8
D 197 33 2 52 198 63 8
D 204 47 2 74 132 76 29
D 203 45 2 72 204 77 29
D 202 43 2 67 203 78 29
D 201 49 2 66 164 202 8
D 207 37 2 61 60 59 200
D 208 37 2 61 200 59 29
D 206 35 2 57 207 62 208
D 209 31 2 55 54 53 64
D 210 35 2 57 208 62 29
D 211 31 2 55 64 53 8
D 205 33 3 52 206 209 210 211 29
D 50 39 6 51 65 180 185 187 189 192 195 197 201 205 8
L 215 28 20
D 214 27 2 44 215 46 8
D 213 25 2 42 214 47 8
D 212 23 2 37 213 48 8
D 217 33 2 52 182 63 8
D 219 43 2 67 151 78 8
D 222 55 2 92 88 87 8
D 221 53 2 82 222 93 8
D 224 51 2 83 94 85 8
D 225 51 2 83 84 85 29
D 223 53 2 224 86 225 8
D 227 51 2 85 84 83 8
D 228 51 2 85 94 83 29
D 226 53 2 227 86 228 8
D 231 57 2 89 128 91 8
D 230 55 2 87 231 92 8
D 229 53 2 82 230 93 8
D 234 57 2 91 90 89 8
D 233 55 2 87 234 92 8
D 232 53 2 82 233 93 8
D 237 57 2 89 90 91 128
D 236 55 2 87 237 92 127
D 238 51 2 85 84 83 94
D 239 51 2 85 94 83 8
D 235 53 3 82 236 238 126 239 29
D 220 59 6 221 165 223 154 226 143 229 95 232 134 235 8
D 243 65 2 104 103 102 8
D 245 71 2 119 109 108 8
D 244 69 2 106 245 120 8
D 246 65 2 104 122 102 29
D 242 67 2 243 244 246 8
D 241 63 2 96 242 123 8
D 240 59 2 81 241 125 8
D 249 61 2 97 124 99 8
D 250 67 2 101 244 121 8
D 251 61 2 97 98 99 29
D 248 63 2 249 250 251 8
D 247 59 2 81 248 125 8
D 255 65 2 102 122 104 8
D 256 65 2 102 103 104 29
D 254 67 2 255 244 256 8
D 253 63 2 96 254 123 8
D 252 59 2 81 253 125 8
D 259 61 2 99 98 97 8
D 260 61 2 99 124 97 29
D 258 63 2 259 250 260 8
D 257 59 2 81 258 125 8
D 264 69 2 120 245 106 8
D 263 67 2 101 264 121 8
D 262 63 2 96 263 123 8
D 261 59 2 81 262 125 8
D 267 47 2 76 75 74 8
D 266 45 2 72 267 77 176
D 265 43 3 67 266 177 178 179 29
D 218 49 7 219 220 139 240 129 247 149 252 66 257 161 261 265 8
D 268 33 2 52 210 63 29
D 216 39 2 217 218 268 8
D 271 27 2 46 45 44 8
D 270 25 2 42 271 47 8
D 269 23 2 37 270 48 8
D 276 55 2 87 237 92 29
D 275 53 3 82 276 238 126 239 29
D 274 59 5 223 165 226 154 232 143 229 134 275 8
D 273 49 7 219 274 129 240 66 247 139 252 149 261 161 80 265 8
D 272 39 2 217 273 268 8
D 278 25 2 47 43 42 8
D 277 23 2 37 278 48 8
D 282 53 3 82 276 227 126 94 29
D 281 59 4 226 165 232 154 229 143 282 8
D 280 49 7 66 240 219 281 129 252 139 261 149 80 161 133 265 8
D 279 39 2 217 280 268 8
D 284 21 2 38 49 40 8
D 285 21 2 38 39 40 29
D 283 23 2 284 41 285 8
D 289 53 2 82 276 93 29
D 288 59 3 232 165 229 154 289 8
D 287 49 7 66 252 219 288 129 261 139 80 149 133 161 142 265 8
D 286 39 2 217 287 268 8
D 291 21 2 40 39 38 8
D 292 21 2 40 49 38 29
D 290 23 2 291 41 292 8
D 298 57 2 89 90 91 29
D 297 55 2 87 298 92 29
D 296 53 2 82 297 93 29
D 295 59 2 229 165 296 8
D 294 49 7 66 261 219 295 129 80 139 133 149 142 161 153 265 8
D 293 39 2 217 294 268 8
D 301 27 2 46 215 44 8
D 302 27 2 44 215 46 29
D 300 25 2 42 301 47 302
D 303 21 2 40 39 38 49
D 304 25 2 42 302 47 29
D 305 21 2 40 49 38 8
D 299 23 3 37 300 303 304 305 29
D 35 29 7 36 50 212 216 269 272 277 279 283 286 290 293 299 8
D 307 1 2 9 4 3 8
D 310 11 2 17 28 19 8
D 311 11 2 17 18 19 29
D 309 13 2 310 20 311 8
D 308 9 2 11 309 30 8
D 312 1 2 9 33 3 29
D 306 5 2 307 308 312 8
D 314 39 6 51 294 180 65 192 185 197 189 187 195 205 8
D 317 59 6 221 154 223 143 229 262 232 95 226 134 235 8
D 319 45 2 77 176 72 75
D 318 43 3 67 319 177 178 179 29
D 316 49 6 219 317 149 240 139 247 161 252 129 257 318 8
D 315 39 2 217 316 268 8
D 313 29 7 36 314 269 216 212 315 277 272 283 279 290 286 299 8
D 322 3 2 7 6 5 8
D 321 1 2 3 322 9 8
D 324 3 2 7 34 5 29
D 323 1 2 3 324 9 29
D 320 5 2 321 308 323 8
D 326 39 6 180 294 51 287 192 65 187 185 197 195 205 8
D 329 59 6 221 143 229 253 232 262 226 95 223 134 235 8
D 330 43 3 177 178 67 176 179 29
D 328 49 5 219 329 161 240 149 247 139 257 330 8
D 327 39 2 217 328 268 8
D 325 29 7 36 326 277 216 269 315 212 327 283 272 290 279 299 8
D 333 3 2 5 34 7 8
D 332 1 2 3 333 9 8
D 335 3 2 5 6 7 29
D 334 1 2 3 335 9 29
D 331 5 2 332 308 334 8
D 337 39 6 192 294 180 287 51 280 187 65 197 185 205 8
D 340 59 6 229 241 232 253 226 262 223 95 221 134 235 8
D 342 41 2 70 69 68 29
D 341 43 2 342 178 179 29
D 339 49 4 161 247 219 340 149 257 341 8
D 338 39 2 217 339 268 8
D 336 29 7 36 337 283 216 277 315 269 327 212 338 290 272 299 8
D 346 11 2 19 28 17 8
D 347 11 2 19 18 17 29
D 345 13 2 346 20 347 8
D 344 9 2 11 345 30 8
D 343 5 2 2 344 32 8
D 349 39 6 187 294 192 287 180 280 51 273 197 65 205 8
D 352 59 6 232 241 226 253 223 262 221 95 229 248 235 8
D 353 43 2 69 178 79 29
D 351 49 3 161 257 219 352 353 8
D 350 39 2 217 351 268 8
D 348 29 7 36 349 290 216 283 315 277 327 269 338 212 350 299 8
D 356 7 2 14 13 12 8
D 357 7 2 14 31 12 29
D 355 9 2 356 309 357 8
D 354 5 2 2 355 32 8
D 359 39 6 197 294 187 287 192 280 180 273 51 218 205 8
D 362 59 6 226 241 223 253 221 262 232 248 229 258 235 8
D 363 43 2 67 178 78 29
D 361 49 2 219 362 363 8
D 360 39 2 217 361 268 8
D 358 29 7 290 315 36 359 283 327 277 338 269 350 212 360 299 8
D 366 7 2 12 31 14 8
D 367 7 2 12 13 14 29
D 365 9 2 366 309 367 8
D 364 5 2 2 365 32 8
D 369 39 6 197 287 187 280 192 273 180 218 51 316 205 8
D 375 57 2 91 128 89 29
D 374 55 2 87 375 92 127
D 373 53 3 82 374 238 126 239 29
D 372 59 5 223 241 221 253 226 248 232 258 373 8
D 371 49 2 219 372 363 8
D 370 39 2 217 371 268 8
D 368 29 7 290 327 36 369 283 338 277 350 269 360 212 370 299 8
D 379 15 2 26 22 21 8
D 378 13 2 310 379 311 8
D 377 9 2 11 378 30 8
D 376 5 2 2 377 32 8
D 381 39 6 197 280 187 273 192 218 180 316 51 328 205 8
D 386 55 2 92 127 87 29
D 385 53 3 238 126 82 386 239 29
D 384 59 4 221 241 223 248 226 258 385 8
D 383 49 2 219 384 363 8
D 382 39 2 217 383 268 8
D 380 29 7 290 338 36 381 283 350 277 360 269 370 212 382 299 8
D 391 17 2 25 24 23 8
D 390 15 2 21 391 26 8
D 389 13 2 310 390 311 8
D 388 9 2 11 389 30 8
D 387 5 2 2 388 32 8
D 393 39 6 197 273 187 218 192 316 180 328 51 339 205 8
D 397 53 3 224 126 82 386 85 29
D 396 59 3 221 248 223 258 397 8
D 395 49 2 219 396 363 8
D 394 39 2 217 395 268 8
D 392 29 7 290 350 36 393 283 360 277 370 269 382 212 394 299 8
L 403 18 10
D 402 17 2 23 403 25 8
D 401 15 2 21 402 26 8
D 400 13 2 310 401 311 8
D 399 9 2 11 400 30 8
D 398 5 2 2 399 32 8
D 405 39 6 197 218 187 316 192 328 180 339 51 351 205 8
D 409 53 2 82 386 93 29
D 408 59 2 221 258 409 8
D 407 49 2 219 408 363 8
D 406 39 2 217 407 268 8
D 404 29 7 290 360 36 405 283 370 277 382 269 394 212 406 299 8
D 414 17 2 23 24 25 403
D 415 17 2 23 403 25 29
D 413 15 2 21 414 26 415
D 416 11 2 19 28 17 18
D 417 15 2 21 415 26 29
D 418 11 2 19 18 17 8
D 412 13 3 310 413 416 417 418 29
D 419 7 2 14 13 12 31
D 420 13 2 310 417 311 29
D 421 7 2 14 31 12 8
D 411 9 3 11 412 419 420 421 29
D 423 3 2 7 6 5 34
D 422 1 2 3 423 9 4
D 424 9 2 11 420 30 29
D 426 3 2 7 34 5 8
D 425 1 2 3 426 9 33
D 410 5 3 2 411 422 424 425 29
D 0 19 11 1 35 306 313 320 325 331 336 343 348 354 358 364 368 376 380 387 392 398 404 410 8
