c ids of sdd nodes start at 0
c sdd nodes appear bottom-up, children before parents
c
c file syntax:
c sdd count-of-sdd-nodes
c F id-of-false-sdd-node
c T id-of-true-sdd-node
c L id-of-literal-sdd-node id-of-vtree literal
c D id-of-decomposition-sdd-node id-of-vtree number-of-elements {id-of-prime id-of-sub}*
c
sdd 427
L 3 0 -2
L 5 2 -3
L 6 4 -4
L 7 2 3
F 8
D 4 3 2 5 6 7 8
L 9 0 2
D 2 1 2 3 4 9 8
L 12 6 -6
L 13 8 -7
L 14 6 6
D 11 7 2 12 13 14 8
L 17 10 -5
L 18 12 1
L 19 10 5
D 16 11 2 17 18 19 8
L 21 14 -8
L 23 16 -9
L 24 18 -10
L 25 16 9
D 22 17 2 23 24 25 8
L 26 14 8
D 20 15 2 21 22 26 8
L 28 12 -1
T 29
D 27 11 2 17 28 19 29
D 15 13 2 16 20 27 8
L 31 8 7
D 30 7 2 12 31 14 29
D 10 9 2 11 15 30 8
L 34 4 4
D 33 3 2 5 34 7 29
D 32 1 2 3 33 9 29
D 1 5 2 2 10 32 8
L 38 20 -16
L 39 22 -17
L 40 20 16
D 37 21 2 38 39 40 8
L 42 24 -18
L 44 26 -19
L 45 28 -20
L 46 26 19
D 43 27 2 44 45 46 8
L 47 24 18
D 41 25 2 42 43 47 8
L 49 22 17
D 48 21 2 38 49 40 29
D 36 23 2 37 41 48 8
L 53 30 -13
L 54 32 -14
L 55 30 13
D 52 31 2 53 54 55 8
L 57 34 -12
L 59 36 15
L 60 38 -11
L 61 36 -15
D 58 37 2 59 60 61 8
L 62 34 12
D 56 35 2 57 58 62 8
L 64 32 14
D 63 31 2 53 64 55 29
D 51 33 2 52 56 63 8
L 68 40 -36
L 69 42 -37
L 70 40 36
D 67 41 2 68 69 70 8
L 72 44 -38
L 74 46 -39
L 75 48 40
L 76 46 39
D 73 47 2 74 75 76 8
L 77 44 38
D 71 45 2 72 73 77 8
L 79 42 37
D 78 41 2 68 79 70 29
D 66 43 2 67 71 78 8
L 83 50 -33
L 84 52 -32
L 85 50 33
D 82 51 2 83 84 85 8
L 87 54 -31
L 89 56 -34
L 90 58 -35
L 91 56 34
D 88 57 2 89 90 91 8
L 92 54 31
D 86 55 2 87 88 92 8
L 94 52 32
D 93 51 2 83 94 85 29
D 81 53 2 82 86 93 8
L 97 60 -21
L 98 62 -22
L 99 60 21
D 96 61 2 97 98 99 8
L 102 64 -23
L 103 66 -24
L 104 64 23
D 101 65 2 102 103 104 8
L 106 68 -25
L 108 70 -26
L 110 72 27
L 112 74 -28
L 114 76 -29
L 115 78 -30
L 116 76 29
D 113 77 2 114 115 116 8
L 117 74 28
D 111 75 2 112 113 117 8
L 118 72 -27
D 109 73 2 110 111 118 8
L 119 70 26
D 107 71 2 108 109 119 8
L 120 68 25
D 105 69 2 106 107 120 8
L 122 66 24
D 121 65 2 102 122 104 29
D 100 67 2 101 105 121 8
L 124 62 22
D 123 61 2 97 124 99 29
D 95 63 2 96 100 123 8
L 128 58 35
D 127 57 2 89 128 91 29
D 126 55 2 87 127 92 29
D 125 53 2 82 126 93 29
D 80 59 2 81 95 125 8
L 132 48 -40
D 131 47 2 76 132 74 8
D 130 45 2 72 131 77 8
D 129 43 2 67 130 78 8
D 139 75 2 117 113 112 8
D 138 73 2 118 139 110 8
D 137 71 2 108 138 119 8
D 136 69 2 106 137 120 8
D 135 67 2 101 136 121 8
D 134 63 2 96 135 123 8
D 133 59 2 81 134 125 8
D 142 47 2 74 132 76 8
D 141 45 2 77 142 72 8
D 140 43 2 67 141 78 8
D 150 77 2 116 115 114 8
D 149 75 2 112 150 117 8
D 148 73 2 118 149 110 8
D 147 71 2 108 148 119 8
D 146 69 2 106 147 120 8
D 145 67 2 101 146 121 8
D 144 63 2 96 145 123 8
D 143 59 2 81 144 125 8
D 152 41 2 68 79 70 8
D 153 45 2 72 142 77 8
D 154 41 2 68 69 70 29
D 151 43 2 152 153 154 8
L 163 78 30
D 162 77 2 114 163 116 8
D 161 75 2 112 162 117 8
D 160 73 2 118 161 110 8
D 159 71 2 108 160 119 8
D 158 69 2 106 159 120 8
D 157 67 2 101 158 121 8
D 156 63 2 96 157 123 8
D 155 59 2 81 156 125 8
D 166 47 2 74 132 76 75
D 167 47 2 74 75 76 29
D 165 45 2 72 166 77 167
D 168 45 2 72 167 77 29
D 164 43 3 67 165 152 168 70 29
D 65 49 5 66 80 129 133 140 143 151 155 164 8
D 170 31 2 55 54 53 8
D 172 37 2 61 60 59 8
D 171 35 2 57 172 62 8
D 173 31 2 55 64 53 29
D 169 33 2 170 171 173 8
D 176 45 2 72 166 77 29
D 175 43 2 67 176 78 29
D 174 49 3 66 143 129 155 175 8
D 178 31 2 53 64 55 8
D 179 31 2 53 54 55 29
D 177 33 2 178 171 179 8
D 181 43 2 67 165 78 29
D 180 49 4 66 133 129 143 140 155 181 8
D 183 35 2 62 172 57 8
D 182 33 2 52 183 63 8
D 187 47 2 74 132 76 29
D 186 45 2 72 187 77 29
D 185 43 2 67 186 78 29
D 184 49 2 66 155 185 8
L 191 38 11
D 190 37 2 59 191 61 29
D 192 37 2 61 191 59 29
D 189 35 2 57 190 62 192
D 193 31 2 55 54 53 64
D 194 35 2 57 192 62 29
D 195 31 2 55 64 53 8
D 188 33 3 52 189 193 194 195 29
D 50 39 5 51 65 169 174 177 180 182 184 188 8
L 199 28 20
D 198 27 2 44 199 46 8
D 197 25 2 42 198 47 8
D 196 23 2 37 197 48 8
D 201 33 2 52 171 63 8
D 203 43 2 67 153 78 8
D 206 51 2 83 94 85 8
D 207 51 2 83 84 85 29
D 205 53 2 206 86 207 8
D 209 51 2 85 84 83 8
D 210 51 2 85 94 83 29
D 208 53 2 209 86 210 8
D 213 57 2 91 90 89 8
D 212 55 2 87 213 92 8
D 211 53 2 82 212 93 8
D 216 57 2 89 128 91 8
D 215 55 2 87 216 92 8
D 214 53 2 82 215 93 8
D 219 57 2 89 90 91 128
D 218 55 2 87 219 92 29
D 220 51 2 85 84 83 94
D 221 51 2 85 94 83 8
D 217 53 3 82 218 220 126 221 29
D 204 59 5 205 156 208 144 211 134 214 95 217 8
D 225 65 2 104 103 102 8
D 228 73 2 118 111 110 8
D 227 71 2 108 228 119 8
D 226 69 2 106 227 120 8
D 229 65 2 104 122 102 29
D 224 67 2 225 226 229 8
D 223 63 2 96 224 123 8
D 222 59 2 81 223 125 8
D 232 61 2 97 124 99 8
D 233 67 2 101 226 121 8
D 234 61 2 97 98 99 29
D 231 63 2 232 233 234 8
D 230 59 2 81 231 125 8
D 238 65 2 102 122 104 8
D 239 65 2 102 103 104 29
D 237 67 2 238 226 239 8
D 236 63 2 96 237 123 8
D 235 59 2 81 236 125 8
D 243 69 2 120 227 106 8
D 242 67 2 101 243 121 8
D 241 63 2 96 242 123 8
D 240 59 2 81 241 125 8
D 245 41 2 70 69 68 8
D 246 41 2 70 79 68 29
D 244 43 2 245 153 246 8
D 251 71 2 119 228 108 8
D 250 69 2 106 251 120 8
D 249 67 2 101 250 121 8
D 248 63 2 96 249 123 8
D 247 59 2 81 248 125 8
D 254 47 2 76 75 74 8
D 253 45 2 72 254 77 167
D 255 41 2 70 69 68 79
D 256 41 2 70 79 68 8
D 252 43 3 67 253 255 168 256 29
D 202 49 7 203 204 129 222 66 230 140 235 151 240 244 247 252 8
D 257 33 2 52 194 63 29
D 200 39 2 201 202 257 8
D 260 27 2 46 45 44 8
D 259 25 2 42 260 47 8
D 258 23 2 37 259 48 8
D 264 53 3 82 218 209 126 94 29
D 263 59 4 208 156 211 144 214 134 264 8
D 262 49 7 66 222 203 263 129 235 140 240 151 247 244 80 252 8
D 261 39 2 201 262 257 8
D 266 25 2 47 43 42 8
D 265 23 2 37 266 48 8
D 270 53 2 82 218 93 29
D 269 59 3 211 156 214 144 270 8
D 268 49 7 66 235 203 269 129 240 140 247 151 80 244 133 252 8
D 267 39 2 201 268 257 8
D 272 21 2 38 49 40 8
D 273 21 2 38 39 40 29
D 271 23 2 272 41 273 8
D 279 57 2 89 90 91 29
D 278 55 2 87 279 92 29
D 277 53 2 82 278 93 29
D 276 59 2 214 156 277 8
D 275 49 7 66 240 203 276 129 247 140 80 151 133 244 143 252 8
D 274 39 2 201 275 257 8
D 281 21 2 40 39 38 8
D 282 21 2 40 49 38 29
D 280 23 2 281 41 282 8
D 285 43 3 67 165 255 168 256 29
D 284 49 6 66 247 129 80 140 133 151 143 244 155 285 8
D 283 39 2 201 284 257 8
D 288 27 2 46 199 44 8
D 289 27 2 44 199 46 29
D 287 25 2 42 288 47 289
D 290 21 2 40 39 38 49
D 291 25 2 42 289 47 29
D 292 21 2 40 49 38 8
D 286 23 3 37 287 290 291 292 29
D 35 29 7 36 50 196 200 258 261 265 267 271 274 280 283 286 8
D 294 1 2 9 4 3 8
D 297 11 2 17 28 19 8
D 298 11 2 17 18 19 29
D 296 13 2 297 20 298 8
D 295 9 2 11 296 30 8
D 299 1 2 9 33 3 29
D 293 5 2 294 295 299 8
D 304 37 2 61 191 59 8
D 303 35 2 57 304 62 8
D 302 33 2 52 303 63 8
D 307 37 2 61 60 59 191
D 306 35 2 57 307 62 192
D 305 33 3 52 306 193 194 195 29
D 301 39 6 51 284 177 65 182 174 169 180 302 184 305 8
D 312 55 2 92 88 87 8
D 311 53 2 82 312 93 8
D 314 55 2 87 219 92 127
D 313 53 3 82 314 220 126 221 29
D 310 59 6 311 156 205 144 208 134 214 248 211 95 313 8
D 317 61 2 99 98 97 8
D 318 61 2 99 124 97 29
D 316 63 2 317 233 318 8
D 315 59 2 81 316 125 8
D 309 49 7 203 310 140 222 129 230 151 235 66 315 244 240 252 8
D 308 39 2 201 309 257 8
D 300 29 7 36 301 196 308 258 200 265 261 271 267 280 274 286 8
D 321 3 2 7 6 5 8
D 320 1 2 3 321 9 8
D 323 3 2 7 34 5 29
D 322 1 2 3 323 9 29
D 319 5 2 320 295 322 8
D 325 39 6 51 275 177 284 169 65 302 174 182 180 305 8
D 328 59 6 311 144 205 134 214 241 211 248 208 95 313 8
D 330 45 2 77 167 72 75
D 329 43 3 67 330 255 168 256 29
D 327 49 6 203 328 151 222 140 230 244 235 129 315 329 8
D 326 39 2 201 327 257 8
D 324 29 7 36 325 258 308 196 326 265 200 271 261 280 267 286 8
D 333 3 2 5 34 7 8
D 332 1 2 3 333 9 8
D 335 3 2 5 6 7 29
D 334 1 2 3 335 9 29
D 331 5 2 332 295 334 8
D 337 39 6 177 275 51 268 169 284 182 65 302 180 305 8
D 340 59 6 311 134 214 236 211 241 208 248 205 95 313 8
D 341 43 3 255 168 67 167 256 29
D 339 49 5 203 340 244 222 151 230 140 315 341 8
D 338 39 2 201 339 257 8
D 336 29 7 36 337 265 308 258 326 196 338 271 200 280 261 286 8
D 345 11 2 19 28 17 8
D 346 11 2 19 18 17 29
D 344 13 2 345 20 346 8
D 343 9 2 11 344 30 8
D 342 5 2 2 343 32 8
D 348 39 6 169 275 177 268 51 262 182 284 302 65 305 8
D 351 59 6 214 223 211 236 208 241 205 248 311 95 313 8
D 353 41 2 70 69 68 29
D 352 43 2 353 168 256 29
D 350 49 4 244 230 203 351 151 315 352 8
D 349 39 2 201 350 257 8
D 347 29 7 36 348 271 308 265 326 258 338 196 349 280 200 286 8
D 356 7 2 14 13 12 8
D 357 7 2 14 31 12 29
D 355 9 2 356 296 357 8
D 354 5 2 2 355 32 8
D 359 39 6 182 275 169 268 177 262 51 202 302 284 305 8
D 362 59 6 211 223 208 236 205 241 311 248 214 231 313 8
D 363 43 2 69 168 79 29
D 361 49 3 244 315 203 362 363 8
D 360 39 2 201 361 257 8
D 358 29 7 36 359 280 308 271 326 265 338 258 349 196 360 286 8
D 366 7 2 12 31 14 8
D 367 7 2 12 13 14 29
D 365 9 2 366 296 367 8
D 364 5 2 2 365 32 8
D 369 39 6 302 275 182 268 169 262 177 202 51 309 305 8
D 372 59 6 208 223 205 236 311 241 211 231 214 316 313 8
D 373 43 2 67 168 78 29
D 371 49 2 203 372 373 8
D 370 39 2 201 371 257 8
D 368 29 7 280 326 36 369 271 338 265 349 258 360 196 370 286 8
D 377 15 2 26 22 21 8
D 376 13 2 297 377 298 8
D 375 9 2 11 376 30 8
D 374 5 2 2 375 32 8
D 379 39 6 302 268 182 262 169 202 177 309 51 327 305 8
D 385 57 2 91 128 89 29
D 384 55 2 87 385 92 127
D 383 53 3 82 384 220 126 221 29
D 382 59 5 205 223 311 236 208 231 211 316 383 8
D 381 49 2 203 382 373 8
D 380 39 2 201 381 257 8
D 378 29 7 280 338 36 379 271 349 265 360 258 370 196 380 286 8
D 390 17 2 25 24 23 8
D 389 15 2 21 390 26 8
D 388 13 2 297 389 298 8
D 387 9 2 11 388 30 8
D 386 5 2 2 387 32 8
D 392 39 6 302 262 182 202 169 309 177 327 51 339 305 8
D 397 55 2 92 127 87 29
D 396 53 3 220 126 82 397 221 29
D 395 59 4 311 223 205 231 208 316 396 8
D 394 49 2 203 395 373 8
D 393 39 2 201 394 257 8
D 391 29 7 280 349 36 392 271 360 265 370 258 380 196 393 286 8
L 403 18 10
D 402 17 2 23 403 25 8
D 401 15 2 21 402 26 8
D 400 13 2 297 401 298 8
D 399 9 2 11 400 30 8
D 398 5 2 2 399 32 8
D 405 39 6 302 202 182 309 169 327 177 339 51 350 305 8
D 409 53 3 206 126 82 397 85 29
D 408 59 3 311 231 205 316 409 8
D 407 49 2 203 408 373 8
D 406 39 2 201 407 257 8
D 404 29 7 280 360 36 405 271 370 265 380 258 393 196 406 286 8
D 414 17 2 23 24 25 403
D 415 17 2 23 403 25 29
D 413 15 2 21 414 26 415
D 416 11 2 19 28 17 18
D 417 15 2 21 415 26 29
D 418 11 2 19 18 17 8
D 412 13 3 297 413 416 417 418 29
D 419 7 2 14 13 12 31
D 420 13 2 297 417 298 29
D 421 7 2 14 31 12 8
D 411 9 3 11 412 419 420 421 29
D 423 3 2 7 6 5 34
D 422 1 2 3 423 9 4
D 424 9 2 11 420 30 29
D 426 3 2 7 34 5 8
D 425 1 2 3 426 9 33
D 410 5 3 2 411 422 424 425 29
D 0 19 11 1 35 293 300 319 324 331 336 342 347 354 358 364 368 374 378 386 391 398 404 410 8
