c ids of sdd nodes start at 0
c sdd nodes appear bottom-up, children before parents
c
c file syntax:
c sdd count-of-sdd-nodes
c F id-of-false-sdd-node
c T id-of-true-sdd-node
c L id-of-literal-sdd-node id-of-vtree literal
c D id-of-decomposition-sdd-node id-of-vtree number-of-elements {id-of-prime id-of-sub}*
c
sdd 204
L 3 0 -2
L 5 2 -3
L 6 4 -4
L 7 2 3
F 8
D 4 3 2 5 6 7 8
L 9 0 2
D 2 1 2 3 4 9 8
L 12 6 -6
L 13 8 -7
L 14 6 6
D 11 7 2 12 13 14 8
L 17 10 -5
L 18 12 1
L 19 10 5
D 16 11 2 17 18 19 8
L 21 14 -8
L 23 16 -9
L 24 18 -10
L 25 16 9
D 22 17 2 23 24 25 8
L 26 14 8
D 20 15 2 21 22 26 8
L 28 12 -1
T 29
D 27 11 2 17 28 19 29
D 15 13 2 16 20 27 8
L 31 8 7
D 30 7 2 12 31 14 29
D 10 9 2 11 15 30 8
L 34 4 4
D 33 3 2 5 34 7 29
D 32 1 2 3 33 9 29
D 1 5 2 2 10 32 8
L 38 20 -16
L 39 22 -17
L 40 20 16
D 37 21 2 38 39 40 8
L 42 24 -18
L 44 26 -19
L 45 28 -20
L 46 26 19
D 43 27 2 44 45 46 8
L 47 24 18
D 41 25 2 42 43 47 8
L 49 22 17
D 48 21 2 38 49 40 29
D 36 23 2 37 41 48 8
L 53 30 -13
L 54 32 -14
L 55 30 13
D 52 31 2 53 54 55 8
L 57 34 -12
L 59 36 -15
L 60 38 11
L 61 36 15
D 58 37 2 59 60 61 8
L 62 34 12
D 56 35 2 57 58 62 8
L 64 32 14
D 63 31 2 53 64 55 29
D 51 33 2 52 56 63 8
L 68 40 -36
L 69 42 -37
L 70 40 36
D 67 41 2 68 69 70 8
L 72 44 -38
L 74 46 -39
L 75 48 -40
L 76 46 39
D 73 47 2 74 75 76 8
L 77 44 38
D 71 45 2 72 73 77 8
L 79 42 37
D 78 41 2 68 79 70 29
D 66 43 2 67 71 78 8
L 83 50 -33
L 84 52 -32
L 85 50 33
D 82 51 2 83 84 85 8
L 87 54 31
L 89 56 -34
L 90 58 -35
L 91 56 34
D 88 57 2 89 90 91 8
L 92 54 -31
D 86 55 2 87 88 92 8
L 94 52 32
D 93 51 2 83 94 85 29
D 81 53 2 82 86 93 8
L 97 60 -21
L 98 62 -22
L 99 60 21
D 96 61 2 97 98 99 8
L 102 64 23
L 103 66 -24
L 104 64 -23
D 101 65 2 102 103 104 8
L 106 68 -25
L 108 70 -26
L 110 72 -27
L 112 74 -28
L 114 76 -29
L 115 78 -30
L 116 76 29
D 113 77 2 114 115 116 8
L 117 74 28
D 111 75 2 112 113 117 8
L 118 72 27
D 109 73 2 110 111 118 8
L 119 70 26
D 107 71 2 108 109 119 8
L 120 68 25
D 105 69 2 106 107 120 8
L 122 66 24
D 121 65 2 102 122 104 29
D 100 67 2 101 105 121 8
L 124 62 22
D 123 61 2 97 124 99 29
D 95 63 2 96 100 123 8
D 126 51 2 83 94 85 8
D 127 55 2 92 88 87 8
D 128 51 2 83 84 85 29
D 125 53 2 126 127 128 8
D 130 61 2 97 124 99 8
D 132 65 2 104 103 102 8
D 133 65 2 104 122 102 29
D 131 67 2 132 105 133 8
D 134 61 2 97 98 99 29
D 129 63 2 130 131 134 8
D 136 51 2 85 84 83 8
D 137 51 2 85 94 83 29
D 135 53 2 136 127 137 8
D 139 61 2 99 98 97 8
D 140 61 2 99 124 97 29
D 138 63 2 139 131 140 8
D 142 51 2 85 84 83 94
L 145 58 35
D 144 57 2 89 145 91 29
D 143 55 2 92 144 87 29
D 146 55 2 87 144 92 29
D 147 51 2 85 94 83 8
D 141 53 3 142 143 82 146 147 29
D 80 59 4 81 95 125 129 135 138 141 8
L 151 48 40
D 150 47 2 74 151 76 29
D 149 45 2 72 150 77 29
D 148 43 2 67 149 78 29
D 65 49 2 66 80 148 8
L 155 38 -11
D 154 37 2 59 155 61 8
D 153 35 2 62 154 57 8
D 152 33 2 52 153 63 8
D 158 53 3 126 143 82 146 85 29
D 157 59 3 81 129 125 138 158 8
D 156 49 2 66 157 148 8
D 160 31 2 55 54 53 8
D 161 35 2 57 154 62 8
D 162 31 2 55 64 53 29
D 159 33 2 160 161 162 8
D 165 53 2 82 146 93 29
D 164 59 2 81 138 165 8
D 163 49 2 66 164 148 8
D 168 37 2 59 60 61 29
D 169 37 2 59 155 61 29
D 167 35 2 62 168 57 169
D 170 35 2 57 168 62 29
D 166 33 3 52 167 160 170 64 29
D 50 39 4 51 65 152 156 159 163 166 8
L 174 28 20
D 173 27 2 44 174 46 29
D 172 25 2 42 173 47 29
D 171 23 2 37 172 48 29
D 35 29 2 36 50 171 8
D 176 1 2 9 4 3 8
D 179 11 2 17 28 19 8
D 180 11 2 17 18 19 29
D 178 13 2 179 20 180 8
D 177 9 2 11 178 30 8
D 181 1 2 9 33 3 29
D 175 5 2 176 177 181 8
D 184 33 2 52 167 63 29
D 183 39 3 51 156 152 163 184 8
D 182 29 2 36 183 171 8
D 187 3 2 7 6 5 8
D 186 1 2 3 187 9 8
D 189 3 2 7 34 5 29
D 188 1 2 3 189 9 29
D 185 5 2 186 177 188 8
D 193 35 2 57 169 62 29
D 192 33 2 52 193 63 29
D 191 39 2 51 163 192 8
D 190 29 2 36 191 171 8
D 195 1 2 3 187 9 4
L 200 18 10
D 199 17 2 23 200 25 29
D 198 15 2 21 199 26 29
D 197 13 2 179 198 180 29
D 196 9 2 11 197 30 29
D 202 13 2 16 198 27 29
D 201 9 2 11 202 30 29
D 203 1 2 9 33 3 34
D 194 5 3 195 196 2 201 203 29
D 0 19 4 1 35 175 182 185 190 194 8
