c ids of sdd nodes start at 0
c sdd nodes appear bottom-up, children before parents
c
c file syntax:
c sdd count-of-sdd-nodes
c F id-of-false-sdd-node
c T id-of-true-sdd-node
c L id-of-literal-sdd-node id-of-vtree literal
c D id-of-decomposition-sdd-node id-of-vtree number-of-elements {id-of-prime id-of-sub}*
c
sdd 426
L 3 0 -2
L 5 2 -3
L 6 4 -4
L 7 2 3
F 8
D 4 3 2 5 6 7 8
L 9 0 2
D 2 1 2 3 4 9 8
L 12 6 -6
L 13 8 -7
L 14 6 6
D 11 7 2 12 13 14 8
L 17 10 -5
L 18 12 1
L 19 10 5
D 16 11 2 17 18 19 8
L 21 14 -8
L 23 16 -9
L 24 18 -10
L 25 16 9
D 22 17 2 23 24 25 8
L 26 14 8
D 20 15 2 21 22 26 8
L 28 12 -1
T 29
D 27 11 2 17 28 19 29
D 15 13 2 16 20 27 8
L 31 8 7
D 30 7 2 12 31 14 29
D 10 9 2 11 15 30 8
L 34 4 4
D 33 3 2 5 34 7 29
D 32 1 2 3 33 9 29
D 1 5 2 2 10 32 8
L 38 20 -16
L 39 22 -17
L 40 20 16
D 37 21 2 38 39 40 8
L 42 24 -18
L 44 26 -19
L 45 28 -20
L 46 26 19
D 43 27 2 44 45 46 8
L 47 24 18
D 41 25 2 42 43 47 8
L 49 22 17
D 48 21 2 38 49 40 29
D 36 23 2 37 41 48 8
L 53 30 -13
L 54 32 14
L 55 30 13
D 52 31 2 53 54 55 8
L 57 34 -12
L 59 36 -15
L 60 38 -11
L 61 36 15
D 58 37 2 59 60 61 8
L 62 34 12
D 56 35 2 57 58 62 8
L 64 32 -14
D 63 31 2 53 64 55 29
D 51 33 2 52 56 63 8
L 68 40 -36
L 69 42 -37
L 70 40 36
D 67 41 2 68 69 70 8
L 72 44 -38
L 74 46 -39
L 75 48 40
L 76 46 39
D 73 47 2 74 75 76 8
L 77 44 38
D 71 45 2 72 73 77 8
L 79 42 37
D 78 41 2 68 79 70 29
D 66 43 2 67 71 78 8
L 83 50 -33
L 84 52 -32
L 85 50 33
D 82 51 2 83 84 85 8
L 87 54 -31
L 89 56 -34
L 90 58 -35
L 91 56 34
D 88 57 2 89 90 91 8
L 92 54 31
D 86 55 2 87 88 92 8
L 94 52 32
D 93 51 2 83 94 85 29
D 81 53 2 82 86 93 8
L 97 60 -21
L 98 62 -22
L 99 60 21
D 96 61 2 97 98 99 8
L 102 64 -23
L 103 66 -24
L 104 64 23
D 101 65 2 102 103 104 8
L 106 68 -25
L 108 70 -26
L 110 72 -27
L 112 74 -28
L 114 76 29
L 115 78 -30
L 116 76 -29
D 113 77 2 114 115 116 8
L 117 74 28
D 111 75 2 112 113 117 8
L 118 72 27
D 109 73 2 110 111 118 8
L 119 70 26
D 107 71 2 108 109 119 8
L 120 68 25
D 105 69 2 106 107 120 8
L 122 66 24
D 121 65 2 102 122 104 29
D 100 67 2 101 105 121 8
L 124 62 22
D 123 61 2 97 124 99 29
D 95 63 2 96 100 123 8
L 128 58 35
D 127 57 2 89 128 91 29
D 126 55 2 87 127 92 29
D 125 53 2 82 126 93 29
D 80 59 2 81 95 125 8
L 132 48 -40
D 131 47 2 76 132 74 8
D 130 45 2 72 131 77 8
D 129 43 2 67 130 78 8
L 141 78 30
D 140 77 2 116 141 114 8
D 139 75 2 112 140 117 8
D 138 73 2 110 139 118 8
D 137 71 2 108 138 119 8
D 136 69 2 106 137 120 8
D 135 67 2 101 136 121 8
D 134 63 2 96 135 123 8
D 133 59 2 81 134 125 8
D 144 47 2 74 132 76 75
D 143 45 2 72 144 77 29
D 142 43 2 67 143 78 29
D 65 49 3 66 80 129 133 142 8
D 146 31 2 53 64 55 8
D 148 37 2 61 60 59 8
D 147 35 2 57 148 62 8
D 149 31 2 53 54 55 29
D 145 33 2 146 147 149 8
D 158 77 2 116 115 114 8
D 157 75 2 117 158 112 8
D 156 73 2 110 157 118 8
D 155 71 2 108 156 119 8
D 154 69 2 106 155 120 8
D 153 67 2 101 154 121 8
D 152 63 2 96 153 123 8
D 151 59 2 81 152 125 8
D 161 47 2 74 132 76 8
D 160 45 2 77 161 72 8
D 159 43 2 67 160 78 8
D 164 47 2 74 75 76 29
D 163 45 2 72 144 77 164
D 162 43 2 67 163 78 29
D 150 49 4 66 151 129 80 159 133 162 8
D 166 31 2 55 64 53 8
D 167 31 2 55 54 53 29
D 165 33 2 166 56 167 8
D 171 47 2 74 132 76 29
D 170 45 2 72 171 77 29
D 169 43 2 67 170 78 29
D 168 49 2 66 133 169 8
L 175 38 11
D 174 37 2 61 175 59 29
D 173 35 2 57 174 62 29
D 176 31 2 55 64 53 54
D 178 37 2 59 175 61 29
D 177 35 2 57 178 62 29
D 179 31 2 55 54 53 8
D 172 33 3 146 173 176 177 179 29
D 50 39 4 51 65 145 150 165 168 172 8
L 183 28 20
D 182 27 2 44 183 46 8
D 181 25 2 42 182 47 8
D 180 23 2 37 181 48 8
D 185 33 2 146 56 149 8
D 190 65 2 104 103 102 8
D 194 75 2 112 158 117 8
D 193 73 2 110 194 118 8
D 192 71 2 108 193 119 8
D 191 69 2 106 192 120 8
D 195 65 2 104 122 102 29
D 189 67 2 190 191 195 8
D 188 63 2 96 189 123 8
D 187 59 2 81 188 125 8
D 197 45 2 72 161 77 8
D 196 43 2 67 197 78 8
D 200 51 2 85 84 83 8
D 201 51 2 85 94 83 29
D 199 53 2 200 86 201 8
D 204 57 2 91 90 89 8
D 203 55 2 87 204 92 8
D 202 53 2 82 203 93 8
D 207 57 2 89 128 91 8
D 206 55 2 87 207 92 8
D 205 53 2 82 206 93 8
D 210 57 2 89 90 91 128
D 209 55 2 87 210 92 29
D 208 53 3 82 209 200 126 94 29
D 198 59 4 199 134 202 95 205 152 208 8
D 214 65 2 102 122 104 8
D 215 65 2 102 103 104 29
D 213 67 2 214 191 215 8
D 212 63 2 96 213 123 8
D 211 59 2 81 212 125 8
D 219 69 2 120 192 106 8
D 218 67 2 101 219 121 8
D 217 63 2 96 218 123 8
D 216 59 2 81 217 125 8
D 221 41 2 68 79 70 8
D 222 41 2 68 69 70 29
D 220 43 2 221 197 222 8
D 227 71 2 119 193 108 8
D 226 69 2 106 227 120 8
D 225 67 2 101 226 121 8
D 224 63 2 96 225 123 8
D 223 59 2 81 224 125 8
D 229 41 2 70 69 68 8
D 230 41 2 70 79 68 29
D 228 43 2 229 197 230 8
D 236 73 2 118 194 110 8
D 235 71 2 108 236 119 8
D 234 69 2 106 235 120 8
D 233 67 2 101 234 121 8
D 232 63 2 96 233 123 8
D 231 59 2 81 232 125 8
D 239 47 2 76 75 74 8
D 238 45 2 72 239 77 164
D 240 41 2 70 69 68 79
D 241 45 2 72 164 77 29
D 242 41 2 70 79 68 8
D 237 43 3 67 238 240 241 242 29
D 186 49 7 66 187 196 198 129 211 159 216 220 223 228 231 237 8
D 243 33 2 146 177 149 29
D 184 39 2 185 186 243 8
D 246 27 2 46 45 44 8
D 245 25 2 42 246 47 8
D 244 23 2 37 245 48 8
D 250 53 2 82 209 93 29
D 249 59 3 202 134 205 95 250 8
D 248 49 7 66 211 196 249 129 216 159 223 220 231 228 151 237 8
D 247 39 2 185 248 243 8
D 252 25 2 47 43 42 8
D 251 23 2 37 252 48 8
D 258 57 2 89 90 91 29
D 257 55 2 87 258 92 29
D 256 53 2 82 257 93 29
D 255 59 2 205 134 256 8
D 254 49 7 66 216 196 255 129 223 159 231 220 151 228 80 237 8
D 253 39 2 185 254 243 8
D 260 21 2 38 49 40 8
D 261 21 2 38 39 40 29
D 259 23 2 260 41 261 8
D 264 43 3 67 163 240 241 242 29
D 263 49 6 66 223 129 231 159 151 220 80 228 133 264 8
D 262 39 2 185 263 243 8
D 266 21 2 40 39 38 8
D 267 21 2 40 49 38 29
D 265 23 2 266 41 267 8
D 270 43 3 67 163 221 241 70 29
D 269 49 5 66 231 129 151 159 80 220 133 270 8
D 268 39 2 185 269 243 8
D 273 27 2 46 183 44 8
D 274 27 2 44 183 46 29
D 272 25 2 42 273 47 274
D 275 21 2 40 39 38 49
D 276 25 2 42 274 47 29
D 277 21 2 40 49 38 8
D 271 23 3 37 272 275 276 277 29
D 35 29 7 36 50 180 184 244 247 251 253 259 262 265 268 271 8
D 279 1 2 9 4 3 8
D 282 11 2 17 28 19 8
D 283 11 2 17 18 19 29
D 281 13 2 282 20 283 8
D 280 9 2 11 281 30 8
D 284 1 2 9 33 3 29
D 278 5 2 279 280 284 8
D 288 35 2 62 58 57 8
D 287 33 2 146 288 149 8
D 290 35 2 57 174 62 178
D 289 33 3 146 290 176 177 179 29
D 286 39 5 145 269 165 65 51 150 287 168 289 8
D 295 51 2 83 94 85 8
D 296 51 2 83 84 85 29
D 294 53 2 295 86 296 8
D 298 51 2 85 84 83 94
D 299 51 2 85 94 83 8
D 297 53 3 82 209 298 126 299 29
D 293 59 5 294 134 199 95 202 152 205 232 297 8
D 302 61 2 97 124 99 8
D 303 67 2 101 191 121 8
D 304 61 2 97 98 99 29
D 301 63 2 302 303 304 8
D 300 59 2 81 301 125 8
D 292 49 7 196 293 129 187 66 300 159 211 220 216 228 223 237 8
D 291 39 2 185 292 243 8
D 285 29 7 36 286 180 291 244 184 251 247 259 253 265 262 271 8
D 307 3 2 7 6 5 8
D 306 1 2 3 307 9 8
D 309 3 2 7 34 5 29
D 308 1 2 3 309 9 29
D 305 5 2 306 280 308 8
D 314 37 2 59 175 61 8
D 313 35 2 57 314 62 8
D 312 33 2 146 313 149 8
D 317 37 2 59 60 61 175
D 316 35 2 57 317 62 178
D 315 33 3 146 316 176 177 179 29
D 311 39 6 145 263 51 269 287 65 165 150 312 168 315 8
D 322 55 2 92 88 87 8
D 321 53 2 82 322 93 8
D 324 55 2 87 210 92 127
D 323 53 3 82 324 298 126 299 29
D 320 59 6 321 134 294 95 199 152 205 224 202 232 323 8
D 327 61 2 99 98 97 8
D 328 61 2 99 124 97 29
D 326 63 2 327 303 328 8
D 325 59 2 81 326 125 8
D 319 49 7 196 320 159 187 129 300 220 211 66 325 228 216 237 8
D 318 39 2 185 319 243 8
D 310 29 7 36 311 180 318 244 291 251 184 259 247 265 253 271 8
D 331 3 2 5 34 7 8
D 330 1 2 3 331 9 8
D 333 3 2 5 6 7 29
D 332 1 2 3 333 9 29
D 329 5 2 330 280 332 8
D 335 39 6 145 254 51 263 165 269 312 65 287 150 315 8
D 338 59 6 321 95 294 152 205 217 202 224 199 232 323 8
D 340 45 2 77 164 72 75
D 339 43 3 67 340 240 241 242 29
D 337 49 6 196 338 220 187 159 300 228 211 129 325 339 8
D 336 39 2 185 337 243 8
D 334 29 7 36 335 244 318 180 336 251 291 259 184 265 247 271 8
D 344 11 2 19 28 17 8
D 345 11 2 19 18 17 29
D 343 13 2 344 20 345 8
D 342 9 2 11 343 30 8
D 341 5 2 2 342 32 8
D 347 39 6 51 254 145 248 165 263 287 269 312 150 315 8
D 350 59 6 321 152 205 212 202 217 199 224 294 232 323 8
D 351 43 3 240 241 67 164 242 29
D 349 49 5 196 350 228 187 220 300 159 325 351 8
D 348 39 2 185 349 243 8
D 346 29 7 36 347 251 318 244 336 180 348 259 291 265 184 271 8
D 354 7 2 14 13 12 8
D 355 7 2 14 31 12 29
D 353 9 2 354 281 355 8
D 352 5 2 2 353 32 8
D 357 39 6 165 254 51 248 145 186 287 263 312 269 315 8
D 360 59 6 205 188 202 212 199 217 294 224 321 232 323 8
D 362 41 2 70 69 68 29
D 361 43 2 362 241 242 29
D 359 49 4 228 300 196 360 220 325 361 8
D 358 39 2 185 359 243 8
D 356 29 7 36 357 259 318 251 336 244 348 180 358 265 291 271 8
D 365 7 2 12 31 14 8
D 366 7 2 12 13 14 29
D 364 9 2 365 281 366 8
D 363 5 2 2 364 32 8
D 368 39 6 287 254 165 248 51 186 145 292 312 263 315 8
D 371 59 6 202 188 199 212 294 217 321 224 205 301 323 8
D 372 43 2 69 241 79 29
D 370 49 3 228 325 196 371 372 8
D 369 39 2 185 370 243 8
D 367 29 7 36 368 265 318 259 336 251 348 244 358 180 369 271 8
D 376 15 2 26 22 21 8
D 375 13 2 282 376 283 8
D 374 9 2 11 375 30 8
D 373 5 2 2 374 32 8
D 378 39 6 312 254 287 248 165 186 51 292 145 319 315 8
D 381 59 6 199 188 294 212 321 217 202 301 205 326 323 8
D 382 43 2 67 241 78 29
D 380 49 2 196 381 382 8
D 379 39 2 185 380 243 8
D 377 29 7 265 336 36 378 259 348 251 358 244 369 180 379 271 8
D 387 17 2 25 24 23 8
D 386 15 2 21 387 26 8
D 385 13 2 282 386 283 8
D 384 9 2 11 385 30 8
D 383 5 2 2 384 32 8
D 389 39 6 312 248 287 186 165 292 51 319 145 337 315 8
D 395 57 2 91 128 89 29
D 394 55 2 87 395 92 127
D 393 53 3 82 394 298 126 299 29
D 392 59 5 294 188 321 212 199 301 202 326 393 8
D 391 49 2 196 392 382 8
D 390 39 2 185 391 243 8
D 388 29 7 265 348 36 389 259 358 251 369 244 379 180 390 271 8
L 401 18 10
D 400 17 2 23 401 25 8
D 399 15 2 21 400 26 8
D 398 13 2 282 399 283 8
D 397 9 2 11 398 30 8
D 396 5 2 2 397 32 8
D 403 39 6 312 186 287 292 165 319 51 337 145 349 315 8
D 408 55 2 92 127 87 29
D 407 53 3 298 126 82 408 299 29
D 406 59 4 321 188 294 301 199 326 407 8
D 405 49 2 196 406 382 8
D 404 39 2 185 405 243 8
D 402 29 7 265 358 36 403 259 369 251 379 244 390 180 404 271 8
D 413 17 2 23 24 25 401
D 414 17 2 23 401 25 29
D 412 15 2 21 413 26 414
D 415 11 2 19 28 17 18
D 416 15 2 21 414 26 29
D 417 11 2 19 18 17 8
D 411 13 3 282 412 415 416 417 29
D 418 7 2 14 13 12 31
D 419 13 2 282 416 283 29
D 420 7 2 14 31 12 8
D 410 9 3 11 411 418 419 420 29
D 422 3 2 7 6 5 34
D 421 1 2 3 422 9 4
D 423 9 2 11 419 30 29
D 425 3 2 7 34 5 8
D 424 1 2 3 425 9 33
D 409 5 3 2 410 421 423 424 29
D 0 19 11 1 35 278 285 305 310 329 334 341 346 352 356 363 367 373 377 383 388 396 402 409 8
