c ids of sdd nodes start at 0
c sdd nodes appear bottom-up, children before parents
c
c file syntax:
c sdd count-of-sdd-nodes
c F id-of-false-sdd-node
c T id-of-true-sdd-node
c L id-of-literal-sdd-node id-of-vtree literal
c D id-of-decomposition-sdd-node id-of-vtree number-of-elements {id-of-prime id-of-sub}*
c
sdd 419
L 3 0 -2
L 5 2 -3
L 6 4 -4
L 7 2 3
F 8
D 4 3 2 5 6 7 8
L 9 0 2
D 2 1 2 3 4 9 8
L 12 6 -6
L 13 8 -7
L 14 6 6
D 11 7 2 12 13 14 8
L 17 10 -5
L 18 12 1
L 19 10 5
D 16 11 2 17 18 19 8
L 21 14 -8
L 23 16 -9
L 24 18 -10
L 25 16 9
D 22 17 2 23 24 25 8
L 26 14 8
D 20 15 2 21 22 26 8
L 28 12 -1
T 29
D 27 11 2 17 28 19 29
D 15 13 2 16 20 27 8
L 31 8 7
D 30 7 2 12 31 14 29
D 10 9 2 11 15 30 8
L 34 4 4
D 33 3 2 5 34 7 29
D 32 1 2 3 33 9 29
D 1 5 2 2 10 32 8
L 38 20 -16
L 39 22 -17
L 40 20 16
D 37 21 2 38 39 40 8
L 42 24 -18
L 44 26 -19
L 45 28 -20
L 46 26 19
D 43 27 2 44 45 46 8
L 47 24 18
D 41 25 2 42 43 47 8
L 49 22 17
D 48 21 2 38 49 40 29
D 36 23 2 37 41 48 8
L 53 30 -13
L 54 32 -14
L 55 30 13
D 52 31 2 53 54 55 8
L 57 34 -12
L 59 36 15
L 60 38 -11
L 61 36 -15
D 58 37 2 59 60 61 8
L 62 34 12
D 56 35 2 57 58 62 8
L 64 32 14
D 63 31 2 53 64 55 29
D 51 33 2 52 56 63 8
L 68 40 -36
L 69 42 -37
L 70 40 36
D 67 41 2 68 69 70 8
L 72 44 -38
L 74 46 -39
L 75 48 40
L 76 46 39
D 73 47 2 74 75 76 8
L 77 44 38
D 71 45 2 72 73 77 8
L 79 42 37
D 78 41 2 68 79 70 29
D 66 43 2 67 71 78 8
L 83 50 -33
L 84 52 -32
L 85 50 33
D 82 51 2 83 84 85 8
L 87 54 -31
L 89 56 -34
L 90 58 -35
L 91 56 34
D 88 57 2 89 90 91 8
L 92 54 31
D 86 55 2 87 88 92 8
L 94 52 32
D 93 51 2 83 94 85 29
D 81 53 2 82 86 93 8
L 97 60 -21
L 98 62 -22
L 99 60 21
D 96 61 2 97 98 99 8
L 102 64 -23
L 103 66 -24
L 104 64 23
D 101 65 2 102 103 104 8
L 106 68 -25
L 108 70 -26
L 110 72 -27
L 112 74 -28
L 114 76 -29
L 115 78 30
L 116 76 29
D 113 77 2 114 115 116 8
L 117 74 28
D 111 75 2 112 113 117 8
L 118 72 27
D 109 73 2 110 111 118 8
L 119 70 26
D 107 71 2 108 109 119 8
L 120 68 25
D 105 69 2 106 107 120 8
L 122 66 24
D 121 65 2 102 122 104 29
D 100 67 2 101 105 121 8
L 124 62 22
D 123 61 2 97 124 99 29
D 95 63 2 96 100 123 8
L 128 58 35
D 127 57 2 89 128 91 29
D 126 55 2 87 127 92 29
D 125 53 2 82 126 93 29
D 80 59 2 81 95 125 8
L 132 48 -40
D 131 47 2 74 132 76 29
D 130 45 2 72 131 77 29
D 129 43 2 67 130 78 29
D 65 49 2 66 80 129 8
L 136 38 11
D 135 37 2 59 136 61 29
D 134 35 2 57 135 62 29
D 133 33 2 52 134 63 29
D 50 39 2 51 65 133 8
L 140 28 20
D 139 27 2 44 140 46 8
D 138 25 2 42 139 47 8
D 137 23 2 37 138 48 8
D 144 37 2 61 60 59 8
D 143 35 2 57 144 62 8
D 142 33 2 52 143 63 8
L 154 78 -30
D 153 77 2 114 154 116 8
D 152 75 2 112 153 117 8
D 151 73 2 110 152 118 8
D 150 71 2 108 151 119 8
D 149 69 2 120 150 106 8
D 148 67 2 101 149 121 8
D 147 63 2 96 148 123 8
D 146 59 2 81 147 125 8
D 157 47 2 74 132 76 8
D 156 45 2 72 157 77 8
D 155 43 2 67 156 78 8
D 161 57 2 89 128 91 8
D 160 55 2 87 161 92 8
D 159 53 2 82 160 93 8
D 164 57 2 89 90 91 29
D 163 55 2 87 164 92 29
D 162 53 2 82 163 93 29
D 158 59 2 159 95 162 8
D 167 47 2 76 132 74 8
D 166 45 2 72 167 77 8
D 165 43 2 67 166 78 8
D 172 71 2 119 151 108 8
D 171 69 2 106 172 120 8
D 170 67 2 101 171 121 8
D 169 63 2 96 170 123 8
D 168 59 2 81 169 125 8
D 174 45 2 77 157 72 8
D 173 43 2 67 174 78 8
D 180 73 2 118 152 110 8
D 179 71 2 108 180 119 8
D 178 69 2 106 179 120 8
D 177 67 2 101 178 121 8
D 176 63 2 96 177 123 8
D 175 59 2 81 176 125 8
D 182 41 2 68 79 70 8
D 183 41 2 68 69 70 29
D 181 43 2 182 156 183 8
D 190 75 2 117 153 112 8
D 189 73 2 110 190 118 8
D 188 71 2 108 189 119 8
D 187 69 2 106 188 120 8
D 186 67 2 101 187 121 8
D 185 63 2 96 186 123 8
D 184 59 2 81 185 125 8
D 192 41 2 70 69 68 8
D 193 41 2 70 79 68 29
D 191 43 2 192 156 193 8
D 201 77 2 116 154 114 8
D 200 75 2 112 201 117 8
D 199 73 2 110 200 118 8
D 198 71 2 108 199 119 8
D 197 69 2 106 198 120 8
D 196 67 2 101 197 121 8
D 195 63 2 96 196 123 8
D 194 59 2 81 195 125 8
D 204 47 2 76 75 74 8
D 205 47 2 74 75 76 29
D 203 45 2 72 204 77 205
D 206 41 2 70 69 68 79
D 207 45 2 72 205 77 29
D 208 41 2 70 79 68 8
D 202 43 3 67 203 206 207 208 29
D 145 49 7 66 146 155 158 165 168 173 175 181 184 191 194 202 8
D 211 37 2 61 136 59 29
D 210 35 2 57 211 62 29
D 209 33 2 52 210 63 29
D 141 39 2 142 145 209 8
D 214 27 2 46 45 44 8
D 213 25 2 42 214 47 8
D 212 23 2 37 213 48 8
D 219 47 2 74 132 76 75
D 218 45 2 72 219 77 205
D 217 43 3 67 218 206 207 208 29
D 216 49 6 66 168 165 175 173 184 181 194 191 80 217 8
D 215 39 2 142 216 209 8
D 221 25 2 47 43 42 8
D 220 23 2 37 221 48 8
D 224 43 3 67 218 182 207 70 29
D 223 49 5 66 175 165 184 173 194 181 80 224 8
D 222 39 2 142 223 209 8
D 226 21 2 38 49 40 8
D 227 21 2 38 39 40 29
D 225 23 2 226 41 227 8
D 230 43 2 67 218 78 29
D 229 49 4 66 184 165 194 173 80 230 8
D 228 39 2 142 229 209 8
D 232 21 2 40 39 38 8
D 233 21 2 40 49 38 29
D 231 23 2 232 41 233 8
D 237 45 2 72 219 77 29
D 236 43 2 67 237 78 29
D 235 49 3 66 194 165 80 236 8
D 234 39 2 142 235 209 8
D 240 27 2 46 140 44 8
D 241 27 2 44 140 46 29
D 239 25 2 42 240 47 241
D 242 21 2 40 39 38 49
D 243 25 2 42 241 47 29
D 244 21 2 40 49 38 8
D 238 23 3 37 239 242 243 244 29
D 35 29 7 36 50 137 141 212 215 220 222 225 228 231 234 238 8
D 246 1 2 9 4 3 8
D 249 11 2 17 28 19 8
D 250 11 2 17 18 19 29
D 248 13 2 249 20 250 8
D 247 9 2 11 248 30 8
D 251 1 2 9 33 3 29
D 245 5 2 246 247 251 8
D 255 31 2 53 64 55 8
D 256 31 2 53 54 55 29
D 254 33 2 255 143 256 8
D 257 33 3 52 134 255 210 55 29
D 253 39 3 51 235 254 65 257 8
D 263 65 2 102 122 104 8
D 264 69 2 106 150 120 8
D 265 65 2 102 103 104 29
D 262 67 2 263 264 265 8
D 261 63 2 96 262 123 8
D 260 59 2 81 261 125 8
D 269 57 2 91 90 89 8
D 268 55 2 87 269 92 8
D 267 53 2 82 268 93 8
D 272 57 2 89 90 91 128
D 271 55 2 87 272 92 29
D 270 53 2 82 271 93 29
D 266 59 3 267 95 159 195 270 8
D 259 49 7 66 260 155 266 165 146 173 168 181 175 191 184 202 8
D 258 39 2 142 259 209 8
D 252 29 7 36 253 137 258 212 141 220 215 225 222 231 228 238 8
D 275 3 2 7 6 5 8
D 274 1 2 3 275 9 8
D 277 3 2 7 34 5 29
D 276 1 2 3 277 9 29
D 273 5 2 274 247 276 8
D 281 31 2 55 54 53 8
D 282 31 2 55 64 53 29
D 280 33 2 281 143 282 8
D 284 31 2 55 54 53 64
D 285 31 2 55 64 53 8
D 283 33 3 52 134 284 210 285 29
D 279 39 4 254 235 51 229 280 65 283 8
D 291 65 2 104 103 102 8
D 292 65 2 104 122 102 29
D 290 67 2 291 264 292 8
D 289 63 2 96 290 123 8
D 288 59 2 81 289 125 8
D 295 51 2 85 84 83 8
D 296 51 2 85 94 83 29
D 294 53 2 295 86 296 8
D 297 53 3 82 271 295 126 94 29
D 293 59 4 294 95 267 195 159 185 297 8
D 287 49 7 66 288 155 293 165 260 173 146 181 168 191 175 202 8
D 286 39 2 142 287 209 8
D 278 29 7 36 279 137 286 212 258 220 141 225 215 231 222 238 8
D 300 3 2 5 34 7 8
D 299 1 2 3 300 9 8
D 302 3 2 5 6 7 29
D 301 1 2 3 302 9 29
D 298 5 2 299 247 301 8
D 306 35 2 62 144 57 8
D 305 33 2 52 306 63 8
D 308 35 2 57 135 62 211
D 307 33 3 52 308 284 210 285 29
D 304 39 5 51 223 280 235 254 229 305 65 307 8
D 313 51 2 83 94 85 8
D 314 51 2 83 84 85 29
D 312 53 2 313 86 314 8
D 316 51 2 85 84 83 94
D 317 51 2 85 94 83 8
D 315 53 3 82 271 316 126 317 29
D 311 59 5 312 95 294 195 267 185 159 176 315 8
D 320 61 2 97 124 99 8
D 321 67 2 101 264 121 8
D 322 61 2 97 98 99 29
D 319 63 2 320 321 322 8
D 318 59 2 81 319 125 8
D 310 49 7 155 311 165 288 66 318 173 260 181 146 191 168 202 8
D 309 39 2 142 310 209 8
D 303 29 7 36 304 137 309 212 286 220 258 225 141 231 215 238 8
D 326 11 2 19 28 17 8
D 327 11 2 19 18 17 29
D 325 13 2 326 20 327 8
D 324 9 2 11 325 30 8
D 323 5 2 2 324 32 8
D 332 37 2 61 136 59 8
D 331 35 2 57 332 62 8
D 330 33 2 52 331 63 8
D 335 37 2 61 60 59 136
D 334 35 2 57 335 62 211
D 333 33 3 52 334 284 210 285 29
D 329 39 6 51 216 254 223 305 235 280 229 330 65 333 8
D 340 55 2 92 88 87 8
D 339 53 2 82 340 93 8
D 342 55 2 87 272 92 127
D 341 53 3 82 342 316 126 317 29
D 338 59 6 339 95 312 195 294 185 159 169 267 176 341 8
D 345 61 2 99 98 97 8
D 346 61 2 99 124 97 29
D 344 63 2 345 321 346 8
D 343 59 2 81 344 125 8
D 337 49 7 155 338 173 288 165 318 181 260 66 343 191 146 202 8
D 336 39 2 142 337 209 8
D 328 29 7 36 329 137 336 212 309 220 286 225 258 231 141 238 8
D 349 7 2 14 13 12 8
D 350 7 2 14 31 12 29
D 348 9 2 349 248 350 8
D 347 5 2 2 348 32 8
D 352 39 6 51 145 254 216 280 223 330 235 305 229 333 8
D 355 59 6 339 195 312 185 159 147 267 169 294 176 341 8
D 357 45 2 77 205 72 75
D 356 43 3 67 357 206 207 208 29
D 354 49 6 155 355 181 288 173 318 191 260 165 343 356 8
D 353 39 2 142 354 209 8
D 351 29 7 36 352 212 336 137 353 220 309 225 286 231 258 238 8
D 360 7 2 12 31 14 8
D 361 7 2 12 13 14 29
D 359 9 2 360 248 361 8
D 358 5 2 2 359 32 8
D 363 39 6 254 145 51 259 280 216 305 223 330 229 333 8
D 366 59 6 339 185 159 261 267 147 294 169 312 176 341 8
D 367 43 3 206 207 67 205 208 29
D 365 49 5 155 366 191 288 181 318 173 343 367 8
D 364 39 2 142 365 209 8
D 362 29 7 36 363 220 336 212 353 137 364 225 309 231 286 238 8
D 371 15 2 26 22 21 8
D 370 13 2 249 371 250 8
D 369 9 2 11 370 30 8
D 368 5 2 2 369 32 8
D 373 39 6 280 145 254 259 51 287 305 216 330 223 333 8
D 376 59 6 159 289 267 261 294 147 312 169 339 176 341 8
D 378 41 2 70 69 68 29
D 377 43 2 378 207 208 29
D 375 49 4 191 318 155 376 181 343 377 8
D 374 39 2 142 375 209 8
D 372 29 7 36 373 225 336 220 353 212 364 137 374 231 309 238 8
D 383 17 2 25 24 23 8
D 382 15 2 21 383 26 8
D 381 13 2 249 382 250 8
D 380 9 2 11 381 30 8
D 379 5 2 2 380 32 8
D 385 39 6 305 145 280 259 254 287 51 310 330 216 333 8
D 388 59 6 267 289 294 261 312 147 339 169 159 319 341 8
D 389 43 2 69 207 79 29
D 387 49 3 191 343 155 388 389 8
D 386 39 2 142 387 209 8
D 384 29 7 36 385 231 336 225 353 220 364 212 374 137 386 238 8
L 395 18 10
D 394 17 2 23 395 25 8
D 393 15 2 21 394 26 8
D 392 13 2 249 393 250 8
D 391 9 2 11 392 30 8
D 390 5 2 2 391 32 8
D 397 39 6 330 145 305 259 280 287 254 310 51 337 333 8
D 400 59 6 294 289 312 261 339 147 267 319 159 344 341 8
D 401 43 2 67 207 78 29
D 399 49 2 155 400 401 8
D 398 39 2 142 399 209 8
D 396 29 7 231 353 36 397 225 364 220 374 212 386 137 398 238 8
D 406 17 2 23 24 25 395
D 407 17 2 23 395 25 29
D 405 15 2 21 406 26 407
D 408 11 2 19 28 17 18
D 409 15 2 21 407 26 29
D 410 11 2 19 18 17 8
D 404 13 3 249 405 408 409 410 29
D 411 7 2 14 13 12 31
D 412 13 2 249 409 250 29
D 413 7 2 14 31 12 8
D 403 9 3 11 404 411 412 413 29
D 415 3 2 7 6 5 34
D 414 1 2 3 415 9 4
D 416 9 2 11 412 30 29
D 418 3 2 7 34 5 8
D 417 1 2 3 418 9 33
D 402 5 3 2 403 414 416 417 29
D 0 19 11 1 35 245 252 273 278 298 303 323 328 347 351 358 362 368 372 379 384 390 396 402 8
