c ids of sdd nodes start at 0
c sdd nodes appear bottom-up, children before parents
c
c file syntax:
c sdd count-of-sdd-nodes
c F id-of-false-sdd-node
c T id-of-true-sdd-node
c L id-of-literal-sdd-node id-of-vtree literal
c D id-of-decomposition-sdd-node id-of-vtree number-of-elements {id-of-prime id-of-sub}*
c
sdd 418
L 3 0 -2
L 5 2 -3
L 6 4 -4
L 7 2 3
F 8
D 4 3 2 5 6 7 8
L 9 0 2
D 2 1 2 3 4 9 8
L 12 6 -6
L 13 8 -7
L 14 6 6
D 11 7 2 12 13 14 8
L 17 10 -5
L 18 12 1
L 19 10 5
D 16 11 2 17 18 19 8
L 21 14 -8
L 23 16 -9
L 24 18 -10
L 25 16 9
D 22 17 2 23 24 25 8
L 26 14 8
D 20 15 2 21 22 26 8
L 28 12 -1
T 29
D 27 11 2 17 28 19 29
D 15 13 2 16 20 27 8
L 31 8 7
D 30 7 2 12 31 14 29
D 10 9 2 11 15 30 8
L 34 4 4
D 33 3 2 5 34 7 29
D 32 1 2 3 33 9 29
D 1 5 2 2 10 32 8
L 38 20 -16
L 39 22 -17
L 40 20 16
D 37 21 2 38 39 40 8
L 42 24 -18
L 44 26 -19
L 45 28 20
L 46 26 19
D 43 27 2 44 45 46 8
L 47 24 18
D 41 25 2 42 43 47 8
L 49 22 17
D 48 21 2 38 49 40 29
D 36 23 2 37 41 48 8
L 53 30 -13
L 54 32 -14
L 55 30 13
D 52 31 2 53 54 55 8
L 57 34 -12
L 59 36 -15
L 60 38 -11
L 61 36 15
D 58 37 2 59 60 61 8
L 62 34 12
D 56 35 2 57 58 62 8
L 64 32 14
D 63 31 2 53 64 55 29
D 51 33 2 52 56 63 8
L 68 40 -36
L 69 42 -37
L 70 40 36
D 67 41 2 68 69 70 8
L 72 44 -38
L 74 46 -39
L 75 48 40
L 76 46 39
D 73 47 2 74 75 76 8
L 77 44 38
D 71 45 2 72 73 77 8
L 79 42 37
D 78 41 2 68 79 70 29
D 66 43 2 67 71 78 8
L 83 50 -33
L 84 52 -32
L 85 50 33
D 82 51 2 83 84 85 8
L 87 54 -31
L 89 56 -34
L 90 58 -35
L 91 56 34
D 88 57 2 89 90 91 8
L 92 54 31
D 86 55 2 87 88 92 8
L 94 52 32
D 93 51 2 83 94 85 29
D 81 53 2 82 86 93 8
L 97 60 -21
L 98 62 -22
L 99 60 21
D 96 61 2 97 98 99 8
L 102 64 -23
L 103 66 -24
L 104 64 23
D 101 65 2 102 103 104 8
L 106 68 -25
L 108 70 26
L 110 72 -27
L 112 74 -28
L 114 76 -29
L 115 78 -30
L 116 76 29
D 113 77 2 114 115 116 8
L 117 74 28
D 111 75 2 112 113 117 8
L 118 72 27
D 109 73 2 110 111 118 8
L 119 70 -26
D 107 71 2 108 109 119 8
L 120 68 25
D 105 69 2 106 107 120 8
L 122 66 24
D 121 65 2 102 122 104 29
D 100 67 2 101 105 121 8
L 124 62 22
D 123 61 2 97 124 99 29
D 95 63 2 96 100 123 8
L 128 58 35
D 127 57 2 89 128 91 29
D 126 55 2 87 127 92 29
D 125 53 2 82 126 93 29
D 80 59 2 81 95 125 8
L 132 48 -40
D 131 47 2 76 132 74 8
D 130 45 2 72 131 77 8
D 129 43 2 67 130 78 8
D 138 73 2 118 111 110 8
D 137 71 2 119 138 108 8
D 136 69 2 106 137 120 8
D 135 67 2 101 136 121 8
D 134 63 2 96 135 123 8
D 133 59 2 81 134 125 8
D 141 47 2 74 132 76 8
D 140 45 2 77 141 72 8
D 139 43 2 67 140 78 8
D 148 75 2 117 113 112 8
D 147 73 2 110 148 118 8
D 146 71 2 119 147 108 8
D 145 69 2 106 146 120 8
D 144 67 2 101 145 121 8
D 143 63 2 96 144 123 8
D 142 59 2 81 143 125 8
D 150 41 2 68 79 70 8
D 151 45 2 72 141 77 8
D 152 41 2 68 69 70 29
D 149 43 2 150 151 152 8
D 160 77 2 116 115 114 8
D 159 75 2 112 160 117 8
D 158 73 2 110 159 118 8
D 157 71 2 119 158 108 8
D 156 69 2 106 157 120 8
D 155 67 2 101 156 121 8
D 154 63 2 96 155 123 8
D 153 59 2 81 154 125 8
D 162 41 2 70 69 68 8
D 163 41 2 70 79 68 29
D 161 43 2 162 151 163 8
L 172 78 30
D 171 77 2 114 172 116 8
D 170 75 2 112 171 117 8
D 169 73 2 110 170 118 8
D 168 71 2 119 169 108 8
D 167 69 2 106 168 120 8
D 166 67 2 101 167 121 8
D 165 63 2 96 166 123 8
D 164 59 2 81 165 125 8
D 175 47 2 74 132 76 75
D 176 47 2 74 75 76 29
D 174 45 2 72 175 77 176
D 177 41 2 70 69 68 79
D 178 45 2 72 176 77 29
D 179 41 2 70 79 68 8
D 173 43 3 67 174 177 178 179 29
D 65 49 6 66 80 129 133 139 142 149 153 161 164 173 8
L 183 38 11
D 182 37 2 59 183 61 29
D 181 35 2 57 182 62 29
D 180 33 2 52 181 63 29
D 50 39 2 51 65 180 8
L 187 28 -20
D 186 27 2 46 187 44 8
D 185 25 2 42 186 47 8
D 184 23 2 37 185 48 8
D 190 43 3 67 174 150 178 70 29
D 189 49 5 66 133 129 142 139 153 149 164 190 8
D 188 39 2 51 189 180 8
D 193 27 2 44 187 46 8
D 192 25 2 47 193 42 8
D 191 23 2 37 192 48 8
D 196 43 2 67 174 78 29
D 195 49 4 66 142 129 153 139 164 196 8
D 194 39 2 51 195 180 8
D 198 21 2 38 49 40 8
D 199 25 2 42 193 47 8
D 200 21 2 38 39 40 29
D 197 23 2 198 199 200 8
D 204 45 2 72 175 77 29
D 203 43 2 67 204 78 29
D 202 49 3 66 153 129 164 203 8
D 201 39 2 51 202 180 8
D 206 21 2 40 39 38 8
D 207 21 2 40 49 38 29
D 205 23 2 206 199 207 8
D 212 47 2 74 132 76 29
D 211 45 2 72 212 77 29
D 210 43 2 67 211 78 29
D 209 49 2 66 164 210 8
D 208 39 2 51 209 180 8
D 215 27 2 44 187 46 45
D 216 27 2 44 45 46 29
D 214 25 2 42 215 47 216
D 217 21 2 40 39 38 49
D 218 25 2 42 216 47 29
D 219 21 2 40 49 38 8
D 213 23 3 37 214 217 218 219 29
D 35 29 6 36 50 184 188 191 194 197 201 205 208 213 8
D 221 1 2 9 4 3 8
D 224 11 2 17 28 19 8
D 225 11 2 17 18 19 29
D 223 13 2 224 20 225 8
D 222 9 2 11 223 30 8
D 226 1 2 9 33 3 29
D 220 5 2 221 222 226 8
D 228 23 2 37 199 48 8
D 232 37 2 61 60 59 8
D 231 35 2 57 232 62 8
D 230 33 2 52 231 63 8
D 235 37 2 61 183 59 29
D 234 35 2 57 235 62 29
D 233 33 2 52 234 63 29
D 229 39 2 230 209 233 8
D 242 71 2 119 109 108 8
D 241 69 2 120 242 106 8
D 240 67 2 101 241 121 8
D 239 63 2 96 240 123 8
D 238 59 2 81 239 125 8
D 243 43 2 67 151 78 8
D 247 57 2 89 128 91 8
D 246 55 2 87 247 92 8
D 245 53 2 82 246 93 8
D 250 57 2 89 90 91 29
D 249 55 2 87 250 92 29
D 248 53 2 82 249 93 29
D 244 59 2 245 165 248 8
D 253 47 2 76 75 74 8
D 252 45 2 72 253 77 176
D 251 43 3 67 252 177 178 179 29
D 237 49 7 66 238 243 244 129 80 139 133 149 142 161 153 251 8
D 236 39 2 51 237 180 8
D 256 27 2 46 45 44 8
D 255 25 2 42 256 47 216
D 254 23 3 37 255 217 218 219 29
D 227 29 7 228 229 36 236 184 50 191 188 197 194 205 201 254 8
D 259 3 2 7 6 5 8
D 258 1 2 3 259 9 8
D 261 3 2 7 34 5 29
D 260 1 2 3 261 9 29
D 257 5 2 258 222 260 8
D 265 31 2 53 64 55 8
D 266 31 2 53 54 55 29
D 264 33 2 265 56 266 8
D 267 33 3 52 234 265 181 55 29
D 263 39 3 230 202 264 209 267 8
D 273 65 2 102 122 104 8
D 274 69 2 106 242 120 8
D 275 65 2 102 103 104 29
D 272 67 2 273 274 275 8
D 271 63 2 96 272 123 8
D 270 59 2 81 271 125 8
D 279 57 2 91 90 89 8
D 278 55 2 87 279 92 8
D 277 53 2 82 278 93 8
D 282 57 2 89 90 91 128
D 281 55 2 87 282 92 29
D 280 53 2 82 281 93 29
D 276 59 3 277 165 245 154 280 8
D 269 49 7 66 270 243 276 129 238 139 80 149 133 161 142 251 8
D 268 39 2 51 269 180 8
D 262 29 7 228 263 36 268 184 236 191 50 197 188 205 194 254 8
D 285 3 2 5 34 7 8
D 284 1 2 3 285 9 8
D 287 3 2 5 6 7 29
D 286 1 2 3 287 9 29
D 283 5 2 284 222 286 8
D 291 31 2 55 54 53 8
D 292 31 2 55 64 53 29
D 290 33 2 291 56 292 8
D 294 31 2 55 54 53 64
D 295 31 2 55 64 53 8
D 293 33 3 52 234 294 181 295 29
D 289 39 4 264 202 230 195 290 209 293 8
D 301 65 2 104 103 102 8
D 302 65 2 104 122 102 29
D 300 67 2 301 274 302 8
D 299 63 2 96 300 123 8
D 298 59 2 81 299 125 8
D 305 51 2 85 84 83 8
D 306 51 2 85 94 83 29
D 304 53 2 305 86 306 8
D 307 53 3 82 281 305 126 94 29
D 303 59 4 304 165 277 154 245 143 307 8
D 297 49 7 66 298 243 303 129 270 139 238 149 80 161 133 251 8
D 296 39 2 51 297 180 8
D 288 29 7 228 289 36 296 184 268 191 236 197 50 205 188 254 8
D 311 11 2 19 28 17 8
D 312 11 2 19 18 17 29
D 310 13 2 311 20 312 8
D 309 9 2 11 310 30 8
D 308 5 2 2 309 32 8
D 316 35 2 62 58 57 8
D 315 33 2 52 316 63 8
D 318 35 2 57 235 62 182
D 317 33 3 52 318 294 181 295 29
D 314 39 5 230 189 290 202 264 195 315 209 317 8
D 323 51 2 83 94 85 8
D 324 51 2 83 84 85 29
D 322 53 2 323 86 324 8
D 326 51 2 85 84 83 94
D 327 51 2 85 94 83 8
D 325 53 3 82 281 326 126 327 29
D 321 59 5 322 165 304 154 277 143 245 134 325 8
D 330 61 2 97 124 99 8
D 331 67 2 101 274 121 8
D 332 61 2 97 98 99 29
D 329 63 2 330 331 332 8
D 328 59 2 81 329 125 8
D 320 49 7 243 321 129 298 66 328 139 270 149 238 161 80 251 8
D 319 39 2 51 320 180 8
D 313 29 7 228 314 36 319 184 296 191 268 197 236 205 50 254 8
D 335 7 2 14 13 12 8
D 336 7 2 14 31 12 29
D 334 9 2 335 223 336 8
D 333 5 2 2 334 32 8
D 341 37 2 59 183 61 8
D 340 35 2 57 341 62 8
D 339 33 2 52 340 63 8
D 344 37 2 59 60 61 183
D 343 35 2 57 344 62 182
D 342 33 3 52 343 294 181 295 29
D 338 39 6 230 65 264 189 315 202 290 195 339 209 342 8
D 349 55 2 92 88 87 8
D 348 53 2 82 349 93 8
D 351 55 2 87 282 92 127
D 350 53 3 82 351 326 126 327 29
D 347 59 6 348 165 322 154 304 143 245 95 277 134 350 8
D 354 61 2 99 98 97 8
D 355 61 2 99 124 97 29
D 353 63 2 354 331 355 8
D 352 59 2 81 353 125 8
D 346 49 7 243 347 139 298 129 328 149 270 66 352 161 238 251 8
D 345 39 2 51 346 180 8
D 337 29 7 228 338 36 345 184 319 191 296 197 268 205 236 254 8
D 358 7 2 12 31 14 8
D 359 7 2 12 13 14 29
D 357 9 2 358 223 359 8
D 356 5 2 2 357 32 8
D 361 39 6 230 237 264 65 290 189 339 202 315 195 342 8
D 364 59 6 348 154 322 143 245 239 277 95 304 134 350 8
D 366 45 2 77 176 72 75
D 365 43 3 67 366 177 178 179 29
D 363 49 6 243 364 149 298 139 328 161 270 129 352 365 8
D 362 39 2 51 363 180 8
D 360 29 7 228 361 184 345 36 362 191 319 197 296 205 268 254 8
D 370 15 2 26 22 21 8
D 369 13 2 224 370 225 8
D 368 9 2 11 369 30 8
D 367 5 2 2 368 32 8
D 372 39 6 264 237 230 269 290 65 315 189 339 195 342 8
D 375 59 6 348 143 245 271 277 239 304 95 322 134 350 8
D 376 43 3 177 178 67 176 179 29
D 374 49 5 243 375 161 298 149 328 139 352 376 8
D 373 39 2 51 374 180 8
D 371 29 7 228 372 191 345 184 362 36 373 197 319 205 296 254 8
D 381 17 2 25 24 23 8
D 380 15 2 21 381 26 8
D 379 13 2 224 380 225 8
D 378 9 2 11 379 30 8
D 377 5 2 2 378 32 8
D 383 39 6 290 237 264 269 230 297 315 65 339 189 342 8
D 386 59 6 245 299 277 271 304 239 322 95 348 134 350 8
D 388 41 2 70 69 68 29
D 387 43 2 388 178 179 29
D 385 49 4 161 328 243 386 149 352 387 8
D 384 39 2 51 385 180 8
D 382 29 7 228 383 197 345 191 362 184 373 36 384 205 319 254 8
L 394 18 10
D 393 17 2 23 394 25 8
D 392 15 2 21 393 26 8
D 391 13 2 224 392 225 8
D 390 9 2 11 391 30 8
D 389 5 2 2 390 32 8
D 396 39 6 315 237 290 269 264 297 230 320 339 65 342 8
D 399 59 6 277 299 304 271 322 239 348 95 245 329 350 8
D 400 43 2 69 178 79 29
D 398 49 3 161 352 243 399 400 8
D 397 39 2 51 398 180 8
D 395 29 7 228 396 205 345 197 362 191 373 184 384 36 397 254 8
D 405 17 2 23 24 25 394
D 406 17 2 23 394 25 29
D 404 15 2 21 405 26 406
D 407 11 2 19 28 17 18
D 408 15 2 21 406 26 29
D 409 11 2 19 18 17 8
D 403 13 3 224 404 407 408 409 29
D 410 7 2 14 13 12 31
D 411 13 2 224 408 225 29
D 412 7 2 14 31 12 8
D 402 9 3 11 403 410 411 412 29
D 414 3 2 7 6 5 34
D 413 1 2 3 414 9 4
D 415 9 2 11 411 30 29
D 417 3 2 7 34 5 8
D 416 1 2 3 417 9 33
D 401 5 3 2 402 413 415 416 29
D 0 19 11 1 35 220 227 257 262 283 288 308 313 333 337 356 360 367 371 377 382 389 395 401 8
