c ids of sdd nodes start at 0
c sdd nodes appear bottom-up, children before parents
c
c file syntax:
c sdd count-of-sdd-nodes
c F id-of-false-sdd-node
c T id-of-true-sdd-node
c L id-of-literal-sdd-node id-of-vtree literal
c D id-of-decomposition-sdd-node id-of-vtree number-of-elements {id-of-prime id-of-sub}*
c
sdd 414
L 3 0 -2
L 5 2 -3
L 6 4 -4
L 7 2 3
F 8
D 4 3 2 5 6 7 8
L 9 0 2
D 2 1 2 3 4 9 8
L 12 6 -6
L 13 8 -7
L 14 6 6
D 11 7 2 12 13 14 8
L 17 10 -5
L 18 12 1
L 19 10 5
D 16 11 2 17 18 19 8
L 21 14 -8
L 23 16 -9
L 24 18 -10
L 25 16 9
D 22 17 2 23 24 25 8
L 26 14 8
D 20 15 2 21 22 26 8
L 28 12 -1
T 29
D 27 11 2 17 28 19 29
D 15 13 2 16 20 27 8
L 31 8 7
D 30 7 2 12 31 14 29
D 10 9 2 11 15 30 8
L 34 4 4
D 33 3 2 5 34 7 29
D 32 1 2 3 33 9 29
D 1 5 2 2 10 32 8
L 38 20 -16
L 39 22 -17
L 40 20 16
D 37 21 2 38 39 40 8
L 42 24 -18
L 44 26 -19
L 45 28 20
L 46 26 19
D 43 27 2 44 45 46 8
L 47 24 18
D 41 25 2 42 43 47 8
L 49 22 17
D 48 21 2 38 49 40 29
D 36 23 2 37 41 48 8
L 53 30 -13
L 54 32 -14
L 55 30 13
D 52 31 2 53 54 55 8
L 57 34 -12
L 59 36 -15
L 60 38 -11
L 61 36 15
D 58 37 2 59 60 61 8
L 62 34 12
D 56 35 2 57 58 62 8
L 64 32 14
D 63 31 2 53 64 55 29
D 51 33 2 52 56 63 8
L 68 40 -36
L 69 42 -37
L 70 40 36
D 67 41 2 68 69 70 8
L 72 44 -38
L 74 46 -39
L 75 48 40
L 76 46 39
D 73 47 2 74 75 76 8
L 77 44 38
D 71 45 2 72 73 77 8
L 79 42 37
D 78 41 2 68 79 70 29
D 66 43 2 67 71 78 8
L 83 50 -33
L 84 52 -32
L 85 50 33
D 82 51 2 83 84 85 8
L 87 54 -31
L 89 56 -34
L 90 58 -35
L 91 56 34
D 88 57 2 89 90 91 8
L 92 54 31
D 86 55 2 87 88 92 8
L 94 52 32
D 93 51 2 83 94 85 29
D 81 53 2 82 86 93 8
L 97 60 -21
L 98 62 -22
L 99 60 21
D 96 61 2 97 98 99 8
L 102 64 -23
L 103 66 -24
L 104 64 23
D 101 65 2 102 103 104 8
L 106 68 -25
L 108 70 -26
L 110 72 27
L 112 74 -28
L 114 76 -29
L 115 78 -30
L 116 76 29
D 113 77 2 114 115 116 8
L 117 74 28
D 111 75 2 112 113 117 8
L 118 72 -27
D 109 73 2 110 111 118 8
L 119 70 26
D 107 71 2 108 109 119 8
L 120 68 25
D 105 69 2 106 107 120 8
L 122 66 24
D 121 65 2 102 122 104 29
D 100 67 2 101 105 121 8
L 124 62 22
D 123 61 2 97 124 99 29
D 95 63 2 96 100 123 8
L 128 58 35
D 127 57 2 89 128 91 29
D 126 55 2 87 127 92 29
D 125 53 2 82 126 93 29
D 80 59 2 81 95 125 8
L 132 48 -40
D 131 47 2 76 132 74 8
D 130 45 2 72 131 77 8
D 129 43 2 67 130 78 8
D 139 75 2 117 113 112 8
D 138 73 2 118 139 110 8
D 137 71 2 108 138 119 8
D 136 69 2 106 137 120 8
D 135 67 2 101 136 121 8
D 134 63 2 96 135 123 8
D 133 59 2 81 134 125 8
D 142 47 2 74 132 76 8
D 141 45 2 77 142 72 8
D 140 43 2 67 141 78 8
D 150 77 2 116 115 114 8
D 149 75 2 112 150 117 8
D 148 73 2 118 149 110 8
D 147 71 2 108 148 119 8
D 146 69 2 106 147 120 8
D 145 67 2 101 146 121 8
D 144 63 2 96 145 123 8
D 143 59 2 81 144 125 8
D 152 41 2 68 79 70 8
D 153 45 2 72 142 77 8
D 154 41 2 68 69 70 29
D 151 43 2 152 153 154 8
L 163 78 30
D 162 77 2 114 163 116 8
D 161 75 2 112 162 117 8
D 160 73 2 118 161 110 8
D 159 71 2 108 160 119 8
D 158 69 2 106 159 120 8
D 157 67 2 101 158 121 8
D 156 63 2 96 157 123 8
D 155 59 2 81 156 125 8
D 166 47 2 74 132 76 75
D 167 47 2 74 75 76 29
D 165 45 2 72 166 77 167
D 168 45 2 72 167 77 29
D 164 43 3 67 165 152 168 70 29
D 65 49 5 66 80 129 133 140 143 151 155 164 8
L 172 38 11
D 171 37 2 59 172 61 29
D 170 35 2 57 171 62 29
D 169 33 2 52 170 63 29
D 50 39 2 51 65 169 8
L 176 28 -20
D 175 27 2 46 176 44 8
D 174 25 2 42 175 47 8
D 173 23 2 37 174 48 8
D 179 43 2 67 165 78 29
D 178 49 4 66 133 129 143 140 155 179 8
D 177 39 2 51 178 169 8
D 182 27 2 44 176 46 8
D 181 25 2 47 182 42 8
D 180 23 2 37 181 48 8
D 186 45 2 72 166 77 29
D 185 43 2 67 186 78 29
D 184 49 3 66 143 129 155 185 8
D 183 39 2 51 184 169 8
D 188 21 2 38 49 40 8
D 189 25 2 42 182 47 8
D 190 21 2 38 39 40 29
D 187 23 2 188 189 190 8
D 195 47 2 74 132 76 29
D 194 45 2 72 195 77 29
D 193 43 2 67 194 78 29
D 192 49 2 66 155 193 8
D 191 39 2 51 192 169 8
D 198 27 2 44 176 46 45
D 199 27 2 44 45 46 29
D 197 25 2 42 198 47 199
D 200 25 2 42 199 47 29
D 196 23 3 37 197 188 200 40 29
D 35 29 5 36 50 173 177 180 183 187 191 196 8
D 202 1 2 9 4 3 8
D 205 11 2 17 28 19 8
D 206 11 2 17 18 19 29
D 204 13 2 205 20 206 8
D 203 9 2 11 204 30 8
D 207 1 2 9 33 3 29
D 201 5 2 202 203 207 8
D 216 73 2 118 111 110 8
D 215 71 2 119 216 108 8
D 214 69 2 106 215 120 8
D 213 67 2 101 214 121 8
D 212 63 2 96 213 123 8
D 211 59 2 81 212 125 8
D 218 41 2 70 69 68 8
D 219 41 2 70 79 68 29
D 217 43 2 218 153 219 8
D 221 41 2 70 69 68 79
D 222 41 2 70 79 68 8
D 220 43 3 67 165 221 168 222 29
D 210 49 6 66 211 129 80 140 133 151 143 217 155 220 8
D 209 39 2 51 210 169 8
D 224 21 2 40 39 38 8
D 225 21 2 40 49 38 29
D 223 23 2 224 189 225 8
D 227 21 2 40 39 38 49
D 228 21 2 40 49 38 8
D 226 23 3 37 197 227 200 228 29
D 208 29 6 36 209 173 50 180 177 187 183 223 191 226 8
D 231 3 2 7 6 5 8
D 230 1 2 3 231 9 8
D 233 3 2 7 34 5 29
D 232 1 2 3 233 9 29
D 229 5 2 230 203 232 8
D 235 23 2 37 189 48 8
D 239 37 2 61 60 59 8
D 238 35 2 57 239 62 8
D 237 33 2 52 238 63 8
D 242 37 2 61 172 59 29
D 241 35 2 57 242 62 29
D 240 33 2 52 241 63 29
D 236 39 2 237 192 240 8
D 249 71 2 108 216 119 8
D 248 69 2 120 249 106 8
D 247 67 2 101 248 121 8
D 246 63 2 96 247 123 8
D 245 59 2 81 246 125 8
D 250 43 2 67 153 78 8
D 254 57 2 89 128 91 8
D 253 55 2 87 254 92 8
D 252 53 2 82 253 93 8
D 257 57 2 89 90 91 29
D 256 55 2 87 257 92 29
D 255 53 2 82 256 93 29
D 251 59 2 252 156 255 8
D 260 47 2 76 75 74 8
D 259 45 2 72 260 77 167
D 258 43 3 67 259 221 168 222 29
D 244 49 7 66 245 250 251 129 211 140 80 151 133 217 143 258 8
D 243 39 2 51 244 169 8
D 263 27 2 46 45 44 8
D 262 25 2 42 263 47 199
D 261 23 3 37 262 227 200 228 29
D 234 29 7 235 236 36 243 173 209 180 50 187 177 223 183 261 8
D 266 3 2 5 34 7 8
D 265 1 2 3 266 9 8
D 268 3 2 5 6 7 29
D 267 1 2 3 268 9 29
D 264 5 2 265 203 267 8
D 272 31 2 53 64 55 8
D 273 31 2 53 54 55 29
D 271 33 2 272 56 273 8
D 274 33 3 52 241 272 170 55 29
D 270 39 3 237 184 271 192 274 8
D 280 65 2 102 122 104 8
D 281 69 2 106 249 120 8
D 282 65 2 102 103 104 29
D 279 67 2 280 281 282 8
D 278 63 2 96 279 123 8
D 277 59 2 81 278 125 8
D 286 57 2 91 90 89 8
D 285 55 2 87 286 92 8
D 284 53 2 82 285 93 8
D 289 57 2 89 90 91 128
D 288 55 2 87 289 92 29
D 287 53 2 82 288 93 29
D 283 59 3 284 156 252 144 287 8
D 276 49 7 66 277 250 283 129 245 140 211 151 80 217 133 258 8
D 275 39 2 51 276 169 8
D 269 29 7 235 270 36 275 173 243 180 209 187 50 223 177 261 8
D 293 11 2 19 28 17 8
D 294 11 2 19 18 17 29
D 292 13 2 293 20 294 8
D 291 9 2 11 292 30 8
D 290 5 2 2 291 32 8
D 298 31 2 55 54 53 8
D 299 31 2 55 64 53 29
D 297 33 2 298 56 299 8
D 301 31 2 55 54 53 64
D 302 31 2 55 64 53 8
D 300 33 3 52 241 301 170 302 29
D 296 39 4 271 184 237 178 297 192 300 8
D 308 65 2 104 103 102 8
D 309 65 2 104 122 102 29
D 307 67 2 308 281 309 8
D 306 63 2 96 307 123 8
D 305 59 2 81 306 125 8
D 312 51 2 85 84 83 8
D 313 51 2 85 94 83 29
D 311 53 2 312 86 313 8
D 314 53 3 82 288 312 126 94 29
D 310 59 4 311 156 284 144 252 134 314 8
D 304 49 7 66 305 250 310 129 277 140 245 151 211 217 80 258 8
D 303 39 2 51 304 169 8
D 295 29 7 235 296 36 303 173 275 180 243 187 209 223 50 261 8
D 317 7 2 14 13 12 8
D 318 7 2 14 31 12 29
D 316 9 2 317 204 318 8
D 315 5 2 2 316 32 8
D 322 35 2 62 58 57 8
D 321 33 2 52 322 63 8
D 324 35 2 57 242 62 171
D 323 33 3 52 324 301 170 302 29
D 320 39 5 237 65 297 184 271 178 321 192 323 8
D 329 51 2 83 94 85 8
D 330 51 2 83 84 85 29
D 328 53 2 329 86 330 8
D 332 51 2 85 84 83 94
D 333 51 2 85 94 83 8
D 331 53 3 82 288 332 126 333 29
D 327 59 5 328 156 311 144 284 134 252 95 331 8
D 336 61 2 97 124 99 8
D 337 67 2 101 281 121 8
D 338 61 2 97 98 99 29
D 335 63 2 336 337 338 8
D 334 59 2 81 335 125 8
D 326 49 7 250 327 129 305 66 334 140 277 151 245 217 211 258 8
D 325 39 2 51 326 169 8
D 319 29 7 235 320 36 325 173 303 180 275 187 243 223 209 261 8
D 341 7 2 12 31 14 8
D 342 7 2 12 13 14 29
D 340 9 2 341 204 342 8
D 339 5 2 2 340 32 8
D 347 37 2 59 172 61 8
D 346 35 2 57 347 62 8
D 345 33 2 52 346 63 8
D 350 37 2 59 60 61 172
D 349 35 2 57 350 62 171
D 348 33 3 52 349 301 170 302 29
D 344 39 6 237 210 271 65 321 184 297 178 345 192 348 8
D 355 55 2 92 88 87 8
D 354 53 2 82 355 93 8
D 357 55 2 87 289 92 127
D 356 53 3 82 357 332 126 333 29
D 353 59 6 354 156 328 144 311 134 252 212 284 95 356 8
D 360 61 2 99 98 97 8
D 361 61 2 99 124 97 29
D 359 63 2 360 337 361 8
D 358 59 2 81 359 125 8
D 352 49 7 250 353 140 305 129 334 151 277 66 358 217 245 258 8
D 351 39 2 51 352 169 8
D 343 29 7 235 344 36 351 173 325 180 303 187 275 223 243 261 8
D 365 15 2 26 22 21 8
D 364 13 2 205 365 206 8
D 363 9 2 11 364 30 8
D 362 5 2 2 363 32 8
D 367 39 6 237 244 271 210 297 65 345 184 321 178 348 8
D 370 59 6 354 144 328 134 252 246 284 212 311 95 356 8
D 372 45 2 77 167 72 75
D 371 43 3 67 372 221 168 222 29
D 369 49 6 250 370 151 305 140 334 217 277 129 358 371 8
D 368 39 2 51 369 169 8
D 366 29 7 235 367 173 351 36 368 180 325 187 303 223 275 261 8
D 377 17 2 25 24 23 8
D 376 15 2 21 377 26 8
D 375 13 2 205 376 206 8
D 374 9 2 11 375 30 8
D 373 5 2 2 374 32 8
D 379 39 6 271 244 237 276 297 210 321 65 345 178 348 8
D 382 59 6 354 134 252 278 284 246 311 212 328 95 356 8
D 383 43 3 221 168 67 167 222 29
D 381 49 5 250 382 217 305 151 334 140 358 383 8
D 380 39 2 51 381 169 8
D 378 29 7 235 379 180 351 173 368 36 380 187 325 223 303 261 8
L 389 18 10
D 388 17 2 23 389 25 8
D 387 15 2 21 388 26 8
D 386 13 2 205 387 206 8
D 385 9 2 11 386 30 8
D 384 5 2 2 385 32 8
D 391 39 6 297 244 271 276 237 304 321 210 345 65 348 8
D 394 59 6 252 306 284 278 311 246 328 212 354 95 356 8
D 396 41 2 70 69 68 29
D 395 43 2 396 168 222 29
D 393 49 4 217 334 250 394 151 358 395 8
D 392 39 2 51 393 169 8
D 390 29 7 235 391 187 351 180 368 173 380 36 392 223 325 261 8
D 401 17 2 23 24 25 389
D 402 17 2 23 389 25 29
D 400 15 2 21 401 26 402
D 403 11 2 19 28 17 18
D 404 15 2 21 402 26 29
D 405 11 2 19 18 17 8
D 399 13 3 205 400 403 404 405 29
D 406 7 2 14 13 12 31
D 407 13 2 205 404 206 29
D 408 7 2 14 31 12 8
D 398 9 3 11 399 406 407 408 29
D 410 3 2 7 6 5 34
D 409 1 2 3 410 9 4
D 411 9 2 11 407 30 29
D 413 3 2 7 34 5 8
D 412 1 2 3 413 9 33
D 397 5 3 2 398 409 411 412 29
D 0 19 11 1 35 201 208 229 234 264 269 290 295 315 319 339 343 362 366 373 378 384 390 397 8
