c ids of sdd nodes start at 0
c sdd nodes appear bottom-up, children before parents
c
c file syntax:
c sdd count-of-sdd-nodes
c F id-of-false-sdd-node
c T id-of-true-sdd-node
c L id-of-literal-sdd-node id-of-vtree literal
c D id-of-decomposition-sdd-node id-of-vtree number-of-elements {id-of-prime id-of-sub}*
c
sdd 409
L 3 0 -2
L 5 2 -3
L 6 4 -4
L 7 2 3
F 8
D 4 3 2 5 6 7 8
L 9 0 2
D 2 1 2 3 4 9 8
L 12 6 -6
L 13 8 -7
L 14 6 6
D 11 7 2 12 13 14 8
L 17 10 -5
L 18 12 1
L 19 10 5
D 16 11 2 17 18 19 8
L 21 14 -8
L 23 16 -9
L 24 18 -10
L 25 16 9
D 22 17 2 23 24 25 8
L 26 14 8
D 20 15 2 21 22 26 8
L 28 12 -1
T 29
D 27 11 2 17 28 19 29
D 15 13 2 16 20 27 8
L 31 8 7
D 30 7 2 12 31 14 29
D 10 9 2 11 15 30 8
L 34 4 4
D 33 3 2 5 34 7 29
D 32 1 2 3 33 9 29
D 1 5 2 2 10 32 8
L 38 20 -16
L 39 22 -17
L 40 20 16
D 37 21 2 38 39 40 8
L 42 24 -18
L 44 26 -19
L 45 28 20
L 46 26 19
D 43 27 2 44 45 46 8
L 47 24 18
D 41 25 2 42 43 47 8
L 49 22 17
D 48 21 2 38 49 40 29
D 36 23 2 37 41 48 8
L 53 30 -13
L 54 32 -14
L 55 30 13
D 52 31 2 53 54 55 8
L 57 34 -12
L 59 36 -15
L 60 38 -11
L 61 36 15
D 58 37 2 59 60 61 8
L 62 34 12
D 56 35 2 57 58 62 8
L 64 32 14
D 63 31 2 53 64 55 29
D 51 33 2 52 56 63 8
L 68 40 -36
L 69 42 -37
L 70 40 36
D 67 41 2 68 69 70 8
L 72 44 -38
L 74 46 -39
L 75 48 40
L 76 46 39
D 73 47 2 74 75 76 8
L 77 44 38
D 71 45 2 72 73 77 8
L 79 42 37
D 78 41 2 68 79 70 29
D 66 43 2 67 71 78 8
L 83 50 -33
L 84 52 -32
L 85 50 33
D 82 51 2 83 84 85 8
L 87 54 -31
L 89 56 -34
L 90 58 -35
L 91 56 34
D 88 57 2 89 90 91 8
L 92 54 31
D 86 55 2 87 88 92 8
L 94 52 32
D 93 51 2 83 94 85 29
D 81 53 2 82 86 93 8
L 97 60 -21
L 98 62 -22
L 99 60 21
D 96 61 2 97 98 99 8
L 102 64 -23
L 103 66 -24
L 104 64 23
D 101 65 2 102 103 104 8
L 106 68 -25
L 108 70 -26
L 110 72 -27
L 112 74 28
L 114 76 -29
L 115 78 -30
L 116 76 29
D 113 77 2 114 115 116 8
L 117 74 -28
D 111 75 2 112 113 117 8
L 118 72 27
D 109 73 2 110 111 118 8
L 119 70 26
D 107 71 2 108 109 119 8
L 120 68 25
D 105 69 2 106 107 120 8
L 122 66 24
D 121 65 2 102 122 104 29
D 100 67 2 101 105 121 8
L 124 62 22
D 123 61 2 97 124 99 29
D 95 63 2 96 100 123 8
L 128 58 35
D 127 57 2 89 128 91 29
D 126 55 2 87 127 92 29
D 125 53 2 82 126 93 29
D 80 59 2 81 95 125 8
L 132 48 -40
D 131 47 2 76 132 74 8
D 130 45 2 72 131 77 8
D 129 43 2 67 130 78 8
D 140 77 2 116 115 114 8
D 139 75 2 117 140 112 8
D 138 73 2 110 139 118 8
D 137 71 2 108 138 119 8
D 136 69 2 106 137 120 8
D 135 67 2 101 136 121 8
D 134 63 2 96 135 123 8
D 133 59 2 81 134 125 8
D 143 47 2 74 132 76 8
D 142 45 2 77 143 72 8
D 141 43 2 67 142 78 8
L 152 78 30
D 151 77 2 114 152 116 8
D 150 75 2 117 151 112 8
D 149 73 2 110 150 118 8
D 148 71 2 108 149 119 8
D 147 69 2 106 148 120 8
D 146 67 2 101 147 121 8
D 145 63 2 96 146 123 8
D 144 59 2 81 145 125 8
D 155 47 2 74 132 76 75
D 156 47 2 74 75 76 29
D 154 45 2 72 155 77 156
D 153 43 2 67 154 78 29
D 65 49 4 66 80 129 133 141 144 153 8
L 160 38 11
D 159 37 2 59 160 61 29
D 158 35 2 57 159 62 29
D 157 33 2 52 158 63 29
D 50 39 2 51 65 157 8
L 164 28 -20
D 163 27 2 46 164 44 8
D 162 25 2 42 163 47 8
D 161 23 2 37 162 48 8
D 168 45 2 72 155 77 29
D 167 43 2 67 168 78 29
D 166 49 3 66 133 129 144 167 8
D 165 39 2 51 166 157 8
D 171 27 2 44 164 46 8
D 170 25 2 47 171 42 8
D 169 23 2 37 170 48 8
D 176 47 2 74 132 76 29
D 175 45 2 72 176 77 29
D 174 43 2 67 175 78 29
D 173 49 2 66 144 174 8
D 172 39 2 51 173 157 8
D 179 27 2 44 164 46 45
D 180 27 2 44 45 46 29
D 178 25 2 42 179 47 180
D 177 23 2 37 178 48 29
D 35 29 4 36 50 161 165 169 172 177 8
D 182 1 2 9 4 3 8
D 185 11 2 17 28 19 8
D 186 11 2 17 18 19 29
D 184 13 2 185 20 186 8
D 183 9 2 11 184 30 8
D 187 1 2 9 33 3 29
D 181 5 2 182 183 187 8
D 197 75 2 117 113 112 8
D 196 73 2 118 197 110 8
D 195 71 2 108 196 119 8
D 194 69 2 106 195 120 8
D 193 67 2 101 194 121 8
D 192 63 2 96 193 123 8
D 191 59 2 81 192 125 8
D 199 41 2 68 79 70 8
D 200 45 2 72 143 77 8
D 201 41 2 68 69 70 29
D 198 43 2 199 200 201 8
D 203 45 2 72 156 77 29
D 202 43 3 67 154 199 203 70 29
D 190 49 5 66 191 129 80 141 133 198 144 202 8
D 189 39 2 51 190 157 8
D 205 21 2 38 49 40 8
D 206 25 2 42 171 47 8
D 207 21 2 38 39 40 29
D 204 23 2 205 206 207 8
D 209 25 2 42 180 47 29
D 208 23 3 37 178 205 209 40 29
D 188 29 5 36 189 161 50 169 165 204 172 208 8
D 212 3 2 7 6 5 8
D 211 1 2 3 212 9 8
D 214 3 2 7 34 5 29
D 213 1 2 3 214 9 29
D 210 5 2 211 183 213 8
D 223 73 2 110 197 118 8
D 222 71 2 119 223 108 8
D 221 69 2 106 222 120 8
D 220 67 2 101 221 121 8
D 219 63 2 96 220 123 8
D 218 59 2 81 219 125 8
D 225 41 2 70 69 68 8
D 226 41 2 70 79 68 29
D 224 43 2 225 200 226 8
D 228 41 2 70 69 68 79
D 229 41 2 70 79 68 8
D 227 43 3 67 154 228 203 229 29
D 217 49 6 66 218 129 191 141 80 198 133 224 144 227 8
D 216 39 2 51 217 157 8
D 231 21 2 40 39 38 8
D 232 21 2 40 49 38 29
D 230 23 2 231 206 232 8
D 234 21 2 40 39 38 49
D 235 21 2 40 49 38 8
D 233 23 3 37 178 234 209 235 29
D 215 29 6 36 216 161 189 169 50 204 165 230 172 233 8
D 238 3 2 5 34 7 8
D 237 1 2 3 238 9 8
D 240 3 2 5 6 7 29
D 239 1 2 3 240 9 29
D 236 5 2 237 183 239 8
D 242 23 2 37 206 48 8
D 246 37 2 61 60 59 8
D 245 35 2 57 246 62 8
D 244 33 2 52 245 63 8
D 249 37 2 61 160 59 29
D 248 35 2 57 249 62 29
D 247 33 2 52 248 63 29
D 243 39 2 244 173 247 8
D 256 71 2 108 223 119 8
D 255 69 2 120 256 106 8
D 254 67 2 101 255 121 8
D 253 63 2 96 254 123 8
D 252 59 2 81 253 125 8
D 257 43 2 67 200 78 8
D 261 57 2 89 128 91 8
D 260 55 2 87 261 92 8
D 259 53 2 82 260 93 8
D 264 57 2 89 90 91 29
D 263 55 2 87 264 92 29
D 262 53 2 82 263 93 29
D 258 59 2 259 145 262 8
D 267 47 2 76 75 74 8
D 266 45 2 72 267 77 156
D 265 43 3 67 266 228 203 229 29
D 251 49 7 66 252 257 258 129 218 141 191 198 80 224 133 265 8
D 250 39 2 51 251 157 8
D 270 27 2 46 45 44 8
D 269 25 2 42 270 47 180
D 268 23 3 37 269 234 209 235 29
D 241 29 7 242 243 36 250 161 216 169 189 204 50 230 165 268 8
D 274 11 2 19 28 17 8
D 275 11 2 19 18 17 29
D 273 13 2 274 20 275 8
D 272 9 2 11 273 30 8
D 271 5 2 2 272 32 8
D 279 31 2 53 64 55 8
D 280 31 2 53 54 55 29
D 278 33 2 279 56 280 8
D 281 33 3 52 248 279 158 55 29
D 277 39 3 244 166 278 173 281 8
D 287 65 2 102 122 104 8
D 288 69 2 106 256 120 8
D 289 65 2 102 103 104 29
D 286 67 2 287 288 289 8
D 285 63 2 96 286 123 8
D 284 59 2 81 285 125 8
D 293 57 2 91 90 89 8
D 292 55 2 87 293 92 8
D 291 53 2 82 292 93 8
D 296 57 2 89 90 91 128
D 295 55 2 87 296 92 29
D 294 53 2 82 295 93 29
D 290 59 3 291 145 259 134 294 8
D 283 49 7 66 284 257 290 129 252 141 218 198 191 224 80 265 8
D 282 39 2 51 283 157 8
D 276 29 7 242 277 36 282 161 250 169 216 204 189 230 50 268 8
D 299 7 2 14 13 12 8
D 300 7 2 14 31 12 29
D 298 9 2 299 184 300 8
D 297 5 2 2 298 32 8
D 304 31 2 55 54 53 8
D 305 31 2 55 64 53 29
D 303 33 2 304 56 305 8
D 307 31 2 55 54 53 64
D 308 31 2 55 64 53 8
D 306 33 3 52 248 307 158 308 29
D 302 39 4 278 166 244 65 303 173 306 8
D 314 65 2 104 103 102 8
D 315 65 2 104 122 102 29
D 313 67 2 314 288 315 8
D 312 63 2 96 313 123 8
D 311 59 2 81 312 125 8
D 318 51 2 85 84 83 8
D 319 51 2 85 94 83 29
D 317 53 2 318 86 319 8
D 320 53 3 82 295 318 126 94 29
D 316 59 4 317 145 291 134 259 95 320 8
D 310 49 7 66 311 257 316 129 284 141 252 198 218 224 191 265 8
D 309 39 2 51 310 157 8
D 301 29 7 242 302 36 309 161 282 169 250 204 216 230 189 268 8
D 323 7 2 12 31 14 8
D 324 7 2 12 13 14 29
D 322 9 2 323 184 324 8
D 321 5 2 2 322 32 8
D 328 35 2 62 58 57 8
D 327 33 2 52 328 63 8
D 330 35 2 57 249 62 159
D 329 33 3 52 330 307 158 308 29
D 326 39 5 244 190 303 166 278 65 327 173 329 8
D 335 51 2 83 94 85 8
D 336 51 2 83 84 85 29
D 334 53 2 335 86 336 8
D 338 51 2 85 84 83 94
D 339 51 2 85 94 83 8
D 337 53 3 82 295 338 126 339 29
D 333 59 5 334 145 317 134 291 95 259 192 337 8
D 342 61 2 97 124 99 8
D 343 67 2 101 288 121 8
D 344 61 2 97 98 99 29
D 341 63 2 342 343 344 8
D 340 59 2 81 341 125 8
D 332 49 7 257 333 129 311 66 340 141 284 198 252 224 218 265 8
D 331 39 2 51 332 157 8
D 325 29 7 242 326 36 331 161 309 169 282 204 250 230 216 268 8
D 348 15 2 26 22 21 8
D 347 13 2 185 348 186 8
D 346 9 2 11 347 30 8
D 345 5 2 2 346 32 8
D 353 37 2 59 160 61 8
D 352 35 2 57 353 62 8
D 351 33 2 52 352 63 8
D 356 37 2 59 60 61 160
D 355 35 2 57 356 62 159
D 354 33 3 52 355 307 158 308 29
D 350 39 6 244 217 278 190 327 166 303 65 351 173 354 8
D 361 55 2 92 88 87 8
D 360 53 2 82 361 93 8
D 363 55 2 87 296 92 127
D 362 53 3 82 363 338 126 339 29
D 359 59 6 360 145 334 134 317 95 259 219 291 192 362 8
D 366 61 2 99 98 97 8
D 367 61 2 99 124 97 29
D 365 63 2 366 343 367 8
D 364 59 2 81 365 125 8
D 358 49 7 257 359 141 311 129 340 198 284 66 364 224 252 265 8
D 357 39 2 51 358 157 8
D 349 29 7 242 350 36 357 161 331 169 309 204 282 230 250 268 8
D 372 17 2 25 24 23 8
D 371 15 2 21 372 26 8
D 370 13 2 185 371 186 8
D 369 9 2 11 370 30 8
D 368 5 2 2 369 32 8
D 374 39 6 244 251 278 217 303 190 351 166 327 65 354 8
D 377 59 6 360 134 334 95 259 253 291 219 317 192 362 8
D 379 45 2 77 156 72 75
D 378 43 3 67 379 228 203 229 29
D 376 49 6 257 377 198 311 141 340 224 284 129 364 378 8
D 375 39 2 51 376 157 8
D 373 29 7 242 374 161 357 36 375 169 331 204 309 230 282 268 8
L 385 18 10
D 384 17 2 23 385 25 8
D 383 15 2 21 384 26 8
D 382 13 2 185 383 186 8
D 381 9 2 11 382 30 8
D 380 5 2 2 381 32 8
D 387 39 6 278 251 244 283 303 217 327 190 351 65 354 8
D 390 59 6 360 95 259 285 291 253 317 219 334 192 362 8
D 391 43 3 228 203 67 156 229 29
D 389 49 5 257 390 224 311 198 340 141 364 391 8
D 388 39 2 51 389 157 8
D 386 29 7 242 387 169 357 161 375 36 388 204 331 230 309 268 8
D 396 17 2 23 24 25 385
D 397 17 2 23 385 25 29
D 395 15 2 21 396 26 397
D 398 11 2 19 28 17 18
D 399 15 2 21 397 26 29
D 400 11 2 19 18 17 8
D 394 13 3 185 395 398 399 400 29
D 401 7 2 14 13 12 31
D 402 13 2 185 399 186 29
D 403 7 2 14 31 12 8
D 393 9 3 11 394 401 402 403 29
D 405 3 2 7 6 5 34
D 404 1 2 3 405 9 4
D 406 9 2 11 402 30 29
D 408 3 2 7 34 5 8
D 407 1 2 3 408 9 33
D 392 5 3 2 393 404 406 407 29
D 0 19 11 1 35 181 188 210 215 236 241 271 276 297 301 321 325 345 349 368 373 380 386 392 8
