c ids of sdd nodes start at 0
c sdd nodes appear bottom-up, children before parents
c
c file syntax:
c sdd count-of-sdd-nodes
c F id-of-false-sdd-node
c T id-of-true-sdd-node
c L id-of-literal-sdd-node id-of-vtree literal
c D id-of-decomposition-sdd-node id-of-vtree number-of-elements {id-of-prime id-of-sub}*
c
sdd 406
L 3 0 -2
L 5 2 -3
L 6 4 -4
L 7 2 3
F 8
D 4 3 2 5 6 7 8
L 9 0 2
D 2 1 2 3 4 9 8
L 12 6 -6
L 13 8 -7
L 14 6 6
D 11 7 2 12 13 14 8
L 17 10 -5
L 18 12 1
L 19 10 5
D 16 11 2 17 18 19 8
L 21 14 -8
L 23 16 -9
L 24 18 -10
L 25 16 9
D 22 17 2 23 24 25 8
L 26 14 8
D 20 15 2 21 22 26 8
L 28 12 -1
T 29
D 27 11 2 17 28 19 29
D 15 13 2 16 20 27 8
L 31 8 7
D 30 7 2 12 31 14 29
D 10 9 2 11 15 30 8
L 34 4 4
D 33 3 2 5 34 7 29
D 32 1 2 3 33 9 29
D 1 5 2 2 10 32 8
L 38 20 -16
L 39 22 -17
L 40 20 16
D 37 21 2 38 39 40 8
L 42 24 -18
L 44 26 -19
L 45 28 20
L 46 26 19
D 43 27 2 44 45 46 8
L 47 24 18
D 41 25 2 42 43 47 8
L 49 22 17
D 48 21 2 38 49 40 29
D 36 23 2 37 41 48 8
L 53 30 -13
L 54 32 -14
L 55 30 13
D 52 31 2 53 54 55 8
L 57 34 -12
L 59 36 -15
L 60 38 -11
L 61 36 15
D 58 37 2 59 60 61 8
L 62 34 12
D 56 35 2 57 58 62 8
L 64 32 14
D 63 31 2 53 64 55 29
D 51 33 2 52 56 63 8
L 68 40 -36
L 69 42 -37
L 70 40 36
D 67 41 2 68 69 70 8
L 72 44 -38
L 74 46 -39
L 75 48 40
L 76 46 39
D 73 47 2 74 75 76 8
L 77 44 38
D 71 45 2 72 73 77 8
L 79 42 37
D 78 41 2 68 79 70 29
D 66 43 2 67 71 78 8
L 83 50 -33
L 84 52 -32
L 85 50 33
D 82 51 2 83 84 85 8
L 87 54 -31
L 89 56 -34
L 90 58 -35
L 91 56 34
D 88 57 2 89 90 91 8
L 92 54 31
D 86 55 2 87 88 92 8
L 94 52 32
D 93 51 2 83 94 85 29
D 81 53 2 82 86 93 8
L 97 60 -21
L 98 62 -22
L 99 60 21
D 96 61 2 97 98 99 8
L 102 64 -23
L 103 66 -24
L 104 64 23
D 101 65 2 102 103 104 8
L 106 68 -25
L 108 70 -26
L 110 72 -27
L 112 74 -28
L 114 76 29
L 115 78 -30
L 116 76 -29
D 113 77 2 114 115 116 8
L 117 74 28
D 111 75 2 112 113 117 8
L 118 72 27
D 109 73 2 110 111 118 8
L 119 70 26
D 107 71 2 108 109 119 8
L 120 68 25
D 105 69 2 106 107 120 8
L 122 66 24
D 121 65 2 102 122 104 29
D 100 67 2 101 105 121 8
L 124 62 22
D 123 61 2 97 124 99 29
D 95 63 2 96 100 123 8
L 128 58 35
D 127 57 2 89 128 91 29
D 126 55 2 87 127 92 29
D 125 53 2 82 126 93 29
D 80 59 2 81 95 125 8
L 132 48 -40
D 131 47 2 76 132 74 8
D 130 45 2 72 131 77 8
D 129 43 2 67 130 78 8
L 141 78 30
D 140 77 2 116 141 114 8
D 139 75 2 112 140 117 8
D 138 73 2 110 139 118 8
D 137 71 2 108 138 119 8
D 136 69 2 106 137 120 8
D 135 67 2 101 136 121 8
D 134 63 2 96 135 123 8
D 133 59 2 81 134 125 8
D 144 47 2 74 132 76 75
D 143 45 2 72 144 77 29
D 142 43 2 67 143 78 29
D 65 49 3 66 80 129 133 142 8
L 148 38 11
D 147 37 2 59 148 61 29
D 146 35 2 57 147 62 29
D 145 33 2 52 146 63 29
D 50 39 2 51 65 145 8
L 152 28 -20
D 151 27 2 46 152 44 8
D 150 25 2 42 151 47 8
D 149 23 2 37 150 48 8
D 157 47 2 74 132 76 29
D 156 45 2 72 157 77 29
D 155 43 2 67 156 78 29
D 154 49 2 66 133 155 8
D 153 39 2 51 154 145 8
D 160 27 2 44 152 46 45
D 159 25 2 42 160 47 29
D 158 23 2 37 159 48 29
D 35 29 3 36 50 149 153 158 8
D 162 1 2 9 4 3 8
D 165 11 2 17 28 19 8
D 166 11 2 17 18 19 29
D 164 13 2 165 20 166 8
D 163 9 2 11 164 30 8
D 167 1 2 9 33 3 29
D 161 5 2 162 163 167 8
D 178 77 2 116 115 114 8
D 177 75 2 117 178 112 8
D 176 73 2 110 177 118 8
D 175 71 2 108 176 119 8
D 174 69 2 106 175 120 8
D 173 67 2 101 174 121 8
D 172 63 2 96 173 123 8
D 171 59 2 81 172 125 8
D 181 47 2 74 132 76 8
D 180 45 2 77 181 72 8
D 179 43 2 67 180 78 8
D 184 47 2 74 75 76 29
D 183 45 2 72 144 77 184
D 182 43 2 67 183 78 29
D 170 49 4 66 171 129 80 179 133 182 8
D 169 39 2 51 170 145 8
D 187 27 2 44 152 46 8
D 186 25 2 47 187 42 8
D 185 23 2 37 186 48 8
D 190 27 2 44 45 46 29
D 189 25 2 42 160 47 190
D 188 23 2 37 189 48 29
D 168 29 4 36 169 149 50 185 153 188 8
D 193 3 2 7 6 5 8
D 192 1 2 3 193 9 8
D 195 3 2 7 34 5 29
D 194 1 2 3 195 9 29
D 191 5 2 192 163 194 8
D 205 75 2 112 178 117 8
D 204 73 2 118 205 110 8
D 203 71 2 108 204 119 8
D 202 69 2 106 203 120 8
D 201 67 2 101 202 121 8
D 200 63 2 96 201 123 8
D 199 59 2 81 200 125 8
D 207 41 2 68 79 70 8
D 208 45 2 72 181 77 8
D 209 41 2 68 69 70 29
D 206 43 2 207 208 209 8
D 211 45 2 72 184 77 29
D 210 43 3 67 183 207 211 70 29
D 198 49 5 66 199 129 171 179 80 206 133 210 8
D 197 39 2 51 198 145 8
D 213 21 2 38 49 40 8
D 214 25 2 42 187 47 8
D 215 21 2 38 39 40 29
D 212 23 2 213 214 215 8
D 217 25 2 42 190 47 29
D 216 23 3 37 189 213 217 40 29
D 196 29 5 36 197 149 169 185 50 212 153 216 8
D 220 3 2 5 34 7 8
D 219 1 2 3 220 9 8
D 222 3 2 5 6 7 29
D 221 1 2 3 222 9 29
D 218 5 2 219 163 221 8
D 231 73 2 110 205 118 8
D 230 71 2 119 231 108 8
D 229 69 2 106 230 120 8
D 228 67 2 101 229 121 8
D 227 63 2 96 228 123 8
D 226 59 2 81 227 125 8
D 233 41 2 70 69 68 8
D 234 41 2 70 79 68 29
D 232 43 2 233 208 234 8
D 236 41 2 70 69 68 79
D 237 41 2 70 79 68 8
D 235 43 3 67 183 236 211 237 29
D 225 49 6 66 226 129 199 179 171 206 80 232 133 235 8
D 224 39 2 51 225 145 8
D 239 21 2 40 39 38 8
D 240 21 2 40 49 38 29
D 238 23 2 239 214 240 8
D 242 21 2 40 39 38 49
D 243 21 2 40 49 38 8
D 241 23 3 37 189 242 217 243 29
D 223 29 6 36 224 149 197 185 169 212 50 238 153 241 8
D 247 11 2 19 28 17 8
D 248 11 2 19 18 17 29
D 246 13 2 247 20 248 8
D 245 9 2 11 246 30 8
D 244 5 2 2 245 32 8
D 250 23 2 37 214 48 8
D 254 37 2 61 60 59 8
D 253 35 2 57 254 62 8
D 252 33 2 52 253 63 8
D 257 37 2 61 148 59 29
D 256 35 2 57 257 62 29
D 255 33 2 52 256 63 29
D 251 39 2 252 154 255 8
D 264 71 2 108 231 119 8
D 263 69 2 120 264 106 8
D 262 67 2 101 263 121 8
D 261 63 2 96 262 123 8
D 260 59 2 81 261 125 8
D 265 43 2 67 208 78 8
D 269 57 2 89 128 91 8
D 268 55 2 87 269 92 8
D 267 53 2 82 268 93 8
D 272 57 2 89 90 91 29
D 271 55 2 87 272 92 29
D 270 53 2 82 271 93 29
D 266 59 2 267 134 270 8
D 275 47 2 76 75 74 8
D 274 45 2 72 275 77 184
D 273 43 3 67 274 236 211 237 29
D 259 49 7 66 260 265 266 129 226 179 199 206 171 232 80 273 8
D 258 39 2 51 259 145 8
D 278 27 2 46 45 44 8
D 277 25 2 42 278 47 190
D 276 23 3 37 277 242 217 243 29
D 249 29 7 250 251 36 258 149 224 185 197 212 169 238 50 276 8
D 281 7 2 14 13 12 8
D 282 7 2 14 31 12 29
D 280 9 2 281 164 282 8
D 279 5 2 2 280 32 8
D 286 31 2 53 64 55 8
D 287 31 2 53 54 55 29
D 285 33 2 286 56 287 8
D 288 33 3 52 256 286 146 55 29
D 284 39 3 252 65 285 154 288 8
D 294 65 2 102 122 104 8
D 295 69 2 106 264 120 8
D 296 65 2 102 103 104 29
D 293 67 2 294 295 296 8
D 292 63 2 96 293 123 8
D 291 59 2 81 292 125 8
D 300 57 2 91 90 89 8
D 299 55 2 87 300 92 8
D 298 53 2 82 299 93 8
D 303 57 2 89 90 91 128
D 302 55 2 87 303 92 29
D 301 53 2 82 302 93 29
D 297 59 3 298 134 267 95 301 8
D 290 49 7 66 291 265 297 129 260 179 226 206 199 232 171 273 8
D 289 39 2 51 290 145 8
D 283 29 7 250 284 36 289 149 258 185 224 212 197 238 169 276 8
D 306 7 2 12 31 14 8
D 307 7 2 12 13 14 29
D 305 9 2 306 164 307 8
D 304 5 2 2 305 32 8
D 311 31 2 55 54 53 8
D 312 31 2 55 64 53 29
D 310 33 2 311 56 312 8
D 314 31 2 55 54 53 64
D 315 31 2 55 64 53 8
D 313 33 3 52 256 314 146 315 29
D 309 39 4 285 65 252 170 310 154 313 8
D 321 65 2 104 103 102 8
D 322 65 2 104 122 102 29
D 320 67 2 321 295 322 8
D 319 63 2 96 320 123 8
D 318 59 2 81 319 125 8
D 325 51 2 85 84 83 8
D 326 51 2 85 94 83 29
D 324 53 2 325 86 326 8
D 327 53 3 82 302 325 126 94 29
D 323 59 4 324 134 298 95 267 172 327 8
D 317 49 7 66 318 265 323 129 291 179 260 206 226 232 199 273 8
D 316 39 2 51 317 145 8
D 308 29 7 250 309 36 316 149 289 185 258 212 224 238 197 276 8
D 331 15 2 26 22 21 8
D 330 13 2 165 331 166 8
D 329 9 2 11 330 30 8
D 328 5 2 2 329 32 8
D 335 35 2 62 58 57 8
D 334 33 2 52 335 63 8
D 337 35 2 57 257 62 147
D 336 33 3 52 337 314 146 315 29
D 333 39 5 252 198 310 65 285 170 334 154 336 8
D 342 51 2 83 94 85 8
D 343 51 2 83 84 85 29
D 341 53 2 342 86 343 8
D 345 51 2 85 84 83 94
D 346 51 2 85 94 83 8
D 344 53 3 82 302 345 126 346 29
D 340 59 5 341 134 324 95 298 172 267 200 344 8
D 349 61 2 97 124 99 8
D 350 67 2 101 295 121 8
D 351 61 2 97 98 99 29
D 348 63 2 349 350 351 8
D 347 59 2 81 348 125 8
D 339 49 7 265 340 129 318 66 347 179 291 206 260 232 226 273 8
D 338 39 2 51 339 145 8
D 332 29 7 250 333 36 338 149 316 185 289 212 258 238 224 276 8
D 356 17 2 25 24 23 8
D 355 15 2 21 356 26 8
D 354 13 2 165 355 166 8
D 353 9 2 11 354 30 8
D 352 5 2 2 353 32 8
D 361 37 2 59 148 61 8
D 360 35 2 57 361 62 8
D 359 33 2 52 360 63 8
D 364 37 2 59 60 61 148
D 363 35 2 57 364 62 147
D 362 33 3 52 363 314 146 315 29
D 358 39 6 252 225 285 198 334 65 310 170 359 154 362 8
D 369 55 2 92 88 87 8
D 368 53 2 82 369 93 8
D 371 55 2 87 303 92 127
D 370 53 3 82 371 345 126 346 29
D 367 59 6 368 134 341 95 324 172 267 227 298 200 370 8
D 374 61 2 99 98 97 8
D 375 61 2 99 124 97 29
D 373 63 2 374 350 375 8
D 372 59 2 81 373 125 8
D 366 49 7 265 367 179 318 129 347 206 291 66 372 232 260 273 8
D 365 39 2 51 366 145 8
D 357 29 7 250 358 36 365 149 338 185 316 212 289 238 258 276 8
L 381 18 10
D 380 17 2 23 381 25 8
D 379 15 2 21 380 26 8
D 378 13 2 165 379 166 8
D 377 9 2 11 378 30 8
D 376 5 2 2 377 32 8
D 383 39 6 252 259 285 225 310 198 359 65 334 170 362 8
D 386 59 6 368 95 341 172 267 261 298 227 324 200 370 8
D 388 45 2 77 184 72 75
D 387 43 3 67 388 236 211 237 29
D 385 49 6 265 386 206 318 179 347 232 291 129 372 387 8
D 384 39 2 51 385 145 8
D 382 29 7 250 383 149 365 36 384 185 338 212 316 238 289 276 8
D 393 17 2 23 24 25 381
D 394 17 2 23 381 25 29
D 392 15 2 21 393 26 394
D 395 11 2 19 28 17 18
D 396 15 2 21 394 26 29
D 397 11 2 19 18 17 8
D 391 13 3 165 392 395 396 397 29
D 398 7 2 14 13 12 31
D 399 13 2 165 396 166 29
D 400 7 2 14 31 12 8
D 390 9 3 11 391 398 399 400 29
D 402 3 2 7 6 5 34
D 401 1 2 3 402 9 4
D 403 9 2 11 399 30 29
D 405 3 2 7 34 5 8
D 404 1 2 3 405 9 33
D 389 5 3 2 390 401 403 404 29
D 0 19 11 1 35 161 168 191 196 218 223 244 249 279 283 304 308 328 332 352 357 376 382 389 8
