c ids of sdd nodes start at 0
c sdd nodes appear bottom-up, children before parents
c
c file syntax:
c sdd count-of-sdd-nodes
c F id-of-false-sdd-node
c T id-of-true-sdd-node
c L id-of-literal-sdd-node id-of-vtree literal
c D id-of-decomposition-sdd-node id-of-vtree number-of-elements {id-of-prime id-of-sub}*
c
sdd 403
L 3 0 -2
L 5 2 -3
L 6 4 -4
L 7 2 3
F 8
D 4 3 2 5 6 7 8
L 9 0 2
D 2 1 2 3 4 9 8
L 12 6 -6
L 13 8 -7
L 14 6 6
D 11 7 2 12 13 14 8
L 17 10 -5
L 18 12 1
L 19 10 5
D 16 11 2 17 18 19 8
L 21 14 -8
L 23 16 -9
L 24 18 -10
L 25 16 9
D 22 17 2 23 24 25 8
L 26 14 8
D 20 15 2 21 22 26 8
L 28 12 -1
T 29
D 27 11 2 17 28 19 29
D 15 13 2 16 20 27 8
L 31 8 7
D 30 7 2 12 31 14 29
D 10 9 2 11 15 30 8
L 34 4 4
D 33 3 2 5 34 7 29
D 32 1 2 3 33 9 29
D 1 5 2 2 10 32 8
L 38 20 -16
L 39 22 -17
L 40 20 16
D 37 21 2 38 39 40 8
L 42 24 -18
L 44 26 -19
L 45 28 20
L 46 26 19
D 43 27 2 44 45 46 8
L 47 24 18
D 41 25 2 42 43 47 8
L 49 22 17
D 48 21 2 38 49 40 29
D 36 23 2 37 41 48 8
L 53 30 -13
L 54 32 -14
L 55 30 13
D 52 31 2 53 54 55 8
L 57 34 -12
L 59 36 -15
L 60 38 -11
L 61 36 15
D 58 37 2 59 60 61 8
L 62 34 12
D 56 35 2 57 58 62 8
L 64 32 14
D 63 31 2 53 64 55 29
D 51 33 2 52 56 63 8
L 68 40 -36
L 69 42 -37
L 70 40 36
D 67 41 2 68 69 70 8
L 72 44 -38
L 74 46 -39
L 75 48 40
L 76 46 39
D 73 47 2 74 75 76 8
L 77 44 38
D 71 45 2 72 73 77 8
L 79 42 37
D 78 41 2 68 79 70 29
D 66 43 2 67 71 78 8
L 83 50 -33
L 84 52 -32
L 85 50 33
D 82 51 2 83 84 85 8
L 87 54 -31
L 89 56 -34
L 90 58 -35
L 91 56 34
D 88 57 2 89 90 91 8
L 92 54 31
D 86 55 2 87 88 92 8
L 94 52 32
D 93 51 2 83 94 85 29
D 81 53 2 82 86 93 8
L 97 60 -21
L 98 62 -22
L 99 60 21
D 96 61 2 97 98 99 8
L 102 64 -23
L 103 66 -24
L 104 64 23
D 101 65 2 102 103 104 8
L 106 68 -25
L 108 70 -26
L 110 72 -27
L 112 74 -28
L 114 76 -29
L 115 78 30
L 116 76 29
D 113 77 2 114 115 116 8
L 117 74 28
D 111 75 2 112 113 117 8
L 118 72 27
D 109 73 2 110 111 118 8
L 119 70 26
D 107 71 2 108 109 119 8
L 120 68 25
D 105 69 2 106 107 120 8
L 122 66 24
D 121 65 2 102 122 104 29
D 100 67 2 101 105 121 8
L 124 62 22
D 123 61 2 97 124 99 29
D 95 63 2 96 100 123 8
L 128 58 35
D 127 57 2 89 128 91 29
D 126 55 2 87 127 92 29
D 125 53 2 82 126 93 29
D 80 59 2 81 95 125 8
L 132 48 -40
D 131 47 2 74 132 76 29
D 130 45 2 72 131 77 29
D 129 43 2 67 130 78 29
D 65 49 2 66 80 129 8
L 136 38 11
D 135 37 2 59 136 61 29
D 134 35 2 57 135 62 29
D 133 33 2 52 134 63 29
D 50 39 2 51 65 133 8
L 140 28 -20
D 139 27 2 44 140 46 29
D 138 25 2 42 139 47 29
D 137 23 2 37 138 48 29
D 35 29 2 36 50 137 8
D 142 1 2 9 4 3 8
D 145 11 2 17 28 19 8
D 146 11 2 17 18 19 29
D 144 13 2 145 20 146 8
D 143 9 2 11 144 30 8
D 147 1 2 9 33 3 29
D 141 5 2 142 143 147 8
L 159 78 -30
D 158 77 2 116 159 114 8
D 157 75 2 112 158 117 8
D 156 73 2 110 157 118 8
D 155 71 2 108 156 119 8
D 154 69 2 106 155 120 8
D 153 67 2 101 154 121 8
D 152 63 2 96 153 123 8
D 151 59 2 81 152 125 8
D 162 47 2 76 132 74 8
D 161 45 2 72 162 77 8
D 160 43 2 67 161 78 8
D 165 47 2 74 132 76 75
D 164 45 2 72 165 77 29
D 163 43 2 67 164 78 29
D 150 49 3 66 151 160 80 163 8
D 149 39 2 51 150 133 8
D 168 27 2 46 140 44 8
D 167 25 2 42 168 47 8
D 166 23 2 37 167 48 8
D 171 27 2 44 140 46 45
D 170 25 2 42 171 47 29
D 169 23 2 37 170 48 29
D 148 29 3 36 149 166 50 169 8
D 174 3 2 7 6 5 8
D 173 1 2 3 174 9 8
D 176 3 2 7 34 5 29
D 175 1 2 3 176 9 29
D 172 5 2 173 143 175 8
D 187 77 2 114 159 116 8
D 186 75 2 117 187 112 8
D 185 73 2 110 186 118 8
D 184 71 2 108 185 119 8
D 183 69 2 106 184 120 8
D 182 67 2 101 183 121 8
D 181 63 2 96 182 123 8
D 180 59 2 81 181 125 8
D 190 47 2 74 132 76 8
D 189 45 2 77 190 72 8
D 188 43 2 67 189 78 8
D 193 47 2 74 75 76 29
D 192 45 2 72 165 77 193
D 191 43 2 67 192 78 29
D 179 49 4 66 180 160 151 188 80 191 8
D 178 39 2 51 179 133 8
D 196 27 2 44 140 46 8
D 195 25 2 47 196 42 8
D 194 23 2 37 195 48 8
D 199 27 2 44 45 46 29
D 198 25 2 42 171 47 199
D 197 23 2 37 198 48 29
D 177 29 4 36 178 166 149 194 50 197 8
D 202 3 2 5 34 7 8
D 201 1 2 3 202 9 8
D 204 3 2 5 6 7 29
D 203 1 2 3 204 9 29
D 200 5 2 201 143 203 8
D 214 75 2 112 187 117 8
D 213 73 2 118 214 110 8
D 212 71 2 108 213 119 8
D 211 69 2 106 212 120 8
D 210 67 2 101 211 121 8
D 209 63 2 96 210 123 8
D 208 59 2 81 209 125 8
D 216 41 2 68 79 70 8
D 217 45 2 72 190 77 8
D 218 41 2 68 69 70 29
D 215 43 2 216 217 218 8
D 220 45 2 72 193 77 29
D 219 43 3 67 192 216 220 70 29
D 207 49 5 66 208 160 180 188 151 215 80 219 8
D 206 39 2 51 207 133 8
D 222 21 2 38 49 40 8
D 223 25 2 42 196 47 8
D 224 21 2 38 39 40 29
D 221 23 2 222 223 224 8
D 226 25 2 42 199 47 29
D 225 23 3 37 198 222 226 40 29
D 205 29 5 36 206 166 178 194 149 221 50 225 8
D 230 11 2 19 28 17 8
D 231 11 2 19 18 17 29
D 229 13 2 230 20 231 8
D 228 9 2 11 229 30 8
D 227 5 2 2 228 32 8
D 240 73 2 110 214 118 8
D 239 71 2 119 240 108 8
D 238 69 2 106 239 120 8
D 237 67 2 101 238 121 8
D 236 63 2 96 237 123 8
D 235 59 2 81 236 125 8
D 242 41 2 70 69 68 8
D 243 41 2 70 79 68 29
D 241 43 2 242 217 243 8
D 245 41 2 70 69 68 79
D 246 41 2 70 79 68 8
D 244 43 3 67 192 245 220 246 29
D 234 49 6 66 235 160 208 188 180 215 151 241 80 244 8
D 233 39 2 51 234 133 8
D 248 21 2 40 39 38 8
D 249 21 2 40 49 38 29
D 247 23 2 248 223 249 8
D 251 21 2 40 39 38 49
D 252 21 2 40 49 38 8
D 250 23 3 37 198 251 226 252 29
D 232 29 6 36 233 166 206 194 178 221 149 247 50 250 8
D 255 7 2 14 13 12 8
D 256 7 2 14 31 12 29
D 254 9 2 255 144 256 8
D 253 5 2 2 254 32 8
D 258 23 2 37 223 48 8
D 262 37 2 61 60 59 8
D 261 35 2 57 262 62 8
D 260 33 2 52 261 63 8
D 265 37 2 61 136 59 29
D 264 35 2 57 265 62 29
D 263 33 2 52 264 63 29
D 259 39 2 260 65 263 8
D 272 71 2 108 240 119 8
D 271 69 2 120 272 106 8
D 270 67 2 101 271 121 8
D 269 63 2 96 270 123 8
D 268 59 2 81 269 125 8
D 273 43 2 67 217 78 8
D 277 57 2 89 128 91 8
D 276 55 2 87 277 92 8
D 275 53 2 82 276 93 8
D 280 57 2 89 90 91 29
D 279 55 2 87 280 92 29
D 278 53 2 82 279 93 29
D 274 59 2 275 95 278 8
D 283 47 2 76 75 74 8
D 282 45 2 72 283 77 193
D 281 43 3 67 282 245 220 246 29
D 267 49 7 66 268 273 274 160 235 188 208 215 180 241 151 281 8
D 266 39 2 51 267 133 8
D 286 27 2 46 45 44 8
D 285 25 2 42 286 47 199
D 284 23 3 37 285 251 226 252 29
D 257 29 7 258 259 36 266 166 233 194 206 221 178 247 149 284 8
D 289 7 2 12 31 14 8
D 290 7 2 12 13 14 29
D 288 9 2 289 144 290 8
D 287 5 2 2 288 32 8
D 294 31 2 53 64 55 8
D 295 31 2 53 54 55 29
D 293 33 2 294 56 295 8
D 296 33 3 52 264 294 134 55 29
D 292 39 3 260 150 293 65 296 8
D 302 65 2 102 122 104 8
D 303 69 2 106 272 120 8
D 304 65 2 102 103 104 29
D 301 67 2 302 303 304 8
D 300 63 2 96 301 123 8
D 299 59 2 81 300 125 8
D 308 57 2 91 90 89 8
D 307 55 2 87 308 92 8
D 306 53 2 82 307 93 8
D 311 57 2 89 90 91 128
D 310 55 2 87 311 92 29
D 309 53 2 82 310 93 29
D 305 59 3 306 95 275 152 309 8
D 298 49 7 66 299 273 305 160 268 188 235 215 208 241 180 281 8
D 297 39 2 51 298 133 8
D 291 29 7 258 292 36 297 166 266 194 233 221 206 247 178 284 8
D 315 15 2 26 22 21 8
D 314 13 2 145 315 146 8
D 313 9 2 11 314 30 8
D 312 5 2 2 313 32 8
D 319 31 2 55 54 53 8
D 320 31 2 55 64 53 29
D 318 33 2 319 56 320 8
D 322 31 2 55 54 53 64
D 323 31 2 55 64 53 8
D 321 33 3 52 264 322 134 323 29
D 317 39 4 293 150 260 179 318 65 321 8
D 329 65 2 104 103 102 8
D 330 65 2 104 122 102 29
D 328 67 2 329 303 330 8
D 327 63 2 96 328 123 8
D 326 59 2 81 327 125 8
D 333 51 2 85 84 83 8
D 334 51 2 85 94 83 29
D 332 53 2 333 86 334 8
D 335 53 3 82 310 333 126 94 29
D 331 59 4 332 95 306 152 275 181 335 8
D 325 49 7 66 326 273 331 160 299 188 268 215 235 241 208 281 8
D 324 39 2 51 325 133 8
D 316 29 7 258 317 36 324 166 297 194 266 221 233 247 206 284 8
D 340 17 2 25 24 23 8
D 339 15 2 21 340 26 8
D 338 13 2 145 339 146 8
D 337 9 2 11 338 30 8
D 336 5 2 2 337 32 8
D 344 35 2 62 58 57 8
D 343 33 2 52 344 63 8
D 346 35 2 57 265 62 135
D 345 33 3 52 346 322 134 323 29
D 342 39 5 260 207 318 150 293 179 343 65 345 8
D 351 51 2 83 94 85 8
D 352 51 2 83 84 85 29
D 350 53 2 351 86 352 8
D 354 51 2 85 84 83 94
D 355 51 2 85 94 83 8
D 353 53 3 82 310 354 126 355 29
D 349 59 5 350 95 332 152 306 181 275 209 353 8
D 358 61 2 97 124 99 8
D 359 67 2 101 303 121 8
D 360 61 2 97 98 99 29
D 357 63 2 358 359 360 8
D 356 59 2 81 357 125 8
D 348 49 7 273 349 160 326 66 356 188 299 215 268 241 235 281 8
D 347 39 2 51 348 133 8
D 341 29 7 258 342 36 347 166 324 194 297 221 266 247 233 284 8
L 366 18 10
D 365 17 2 23 366 25 8
D 364 15 2 21 365 26 8
D 363 13 2 145 364 146 8
D 362 9 2 11 363 30 8
D 361 5 2 2 362 32 8
D 371 37 2 59 136 61 8
D 370 35 2 57 371 62 8
D 369 33 2 52 370 63 8
D 374 37 2 59 60 61 136
D 373 35 2 57 374 62 135
D 372 33 3 52 373 322 134 323 29
D 368 39 6 260 234 293 207 343 150 318 179 369 65 372 8
D 379 55 2 92 88 87 8
D 378 53 2 82 379 93 8
D 381 55 2 87 311 92 127
D 380 53 3 82 381 354 126 355 29
D 377 59 6 378 95 350 152 332 181 275 236 306 209 380 8
D 384 61 2 99 98 97 8
D 385 61 2 99 124 97 29
D 383 63 2 384 359 385 8
D 382 59 2 81 383 125 8
D 376 49 7 273 377 188 326 160 356 215 299 66 382 241 268 281 8
D 375 39 2 51 376 133 8
D 367 29 7 258 368 36 375 166 347 194 324 221 297 247 266 284 8
D 390 17 2 23 24 25 366
D 391 17 2 23 366 25 29
D 389 15 2 21 390 26 391
D 392 11 2 19 28 17 18
D 393 15 2 21 391 26 29
D 394 11 2 19 18 17 8
D 388 13 3 145 389 392 393 394 29
D 395 7 2 14 13 12 31
D 396 13 2 145 393 146 29
D 397 7 2 14 31 12 8
D 387 9 3 11 388 395 396 397 29
D 399 3 2 7 6 5 34
D 398 1 2 3 399 9 4
D 400 9 2 11 396 30 29
D 402 3 2 7 34 5 8
D 401 1 2 3 402 9 33
D 386 5 3 2 387 398 400 401 29
D 0 19 11 1 35 141 148 172 177 200 205 227 232 253 257 287 291 312 316 336 341 361 367 386 8
