c ids of sdd nodes start at 0
c sdd nodes appear bottom-up, children before parents
c
c file syntax:
c sdd count-of-sdd-nodes
c F id-of-false-sdd-node
c T id-of-true-sdd-node
c L id-of-literal-sdd-node id-of-vtree literal
c D id-of-decomposition-sdd-node id-of-vtree number-of-elements {id-of-prime id-of-sub}*
c
sdd 377
L 3 0 2
L 5 2 -3
L 6 4 -4
L 7 2 3
F 8
D 4 3 2 5 6 7 8
L 9 0 -2
D 2 1 2 3 4 9 8
L 12 6 -6
L 13 8 -7
L 14 6 6
D 11 7 2 12 13 14 8
L 17 10 -5
L 18 12 -1
L 19 10 5
D 16 11 2 17 18 19 8
L 21 14 -8
L 23 16 -9
L 24 18 -10
L 25 16 9
D 22 17 2 23 24 25 8
L 26 14 8
D 20 15 2 21 22 26 8
L 28 12 1
T 29
D 27 11 2 17 28 19 29
D 15 13 2 16 20 27 8
L 31 8 7
D 30 7 2 12 31 14 29
D 10 9 2 11 15 30 8
L 34 4 4
D 33 3 2 5 34 7 29
D 32 1 2 3 33 9 29
D 1 5 2 2 10 32 8
L 38 20 -16
L 39 22 -17
L 40 20 16
D 37 21 2 38 39 40 8
L 42 24 -18
L 44 26 -19
L 45 28 20
L 46 26 19
D 43 27 2 44 45 46 8
L 47 24 18
D 41 25 2 42 43 47 8
L 49 22 17
D 48 21 2 38 49 40 29
D 36 23 2 37 41 48 8
L 53 30 -13
L 54 32 -14
L 55 30 13
D 52 31 2 53 54 55 8
L 57 34 -12
L 59 36 -15
L 60 38 -11
L 61 36 15
D 58 37 2 59 60 61 8
L 62 34 12
D 56 35 2 57 58 62 8
L 64 32 14
D 63 31 2 53 64 55 29
D 51 33 2 52 56 63 8
L 68 40 -36
L 69 42 -37
L 70 40 36
D 67 41 2 68 69 70 8
L 72 44 -38
L 74 46 -39
L 75 48 40
L 76 46 39
D 73 47 2 74 75 76 8
L 77 44 38
D 71 45 2 72 73 77 8
L 79 42 37
D 78 41 2 68 79 70 29
D 66 43 2 67 71 78 8
L 83 50 -33
L 84 52 -32
L 85 50 33
D 82 51 2 83 84 85 8
L 87 54 -31
L 89 56 -34
L 90 58 -35
L 91 56 34
D 88 57 2 89 90 91 8
L 92 54 31
D 86 55 2 87 88 92 8
L 94 52 32
D 93 51 2 83 94 85 29
D 81 53 2 82 86 93 8
L 97 60 -21
L 98 62 -22
L 99 60 21
D 96 61 2 97 98 99 8
L 102 64 -23
L 103 66 -24
L 104 64 23
D 101 65 2 102 103 104 8
L 106 68 -25
L 108 70 -26
L 110 72 -27
L 112 74 -28
L 114 76 -29
L 115 78 30
L 116 76 29
D 113 77 2 114 115 116 8
L 117 74 28
D 111 75 2 112 113 117 8
L 118 72 27
D 109 73 2 110 111 118 8
L 119 70 26
D 107 71 2 108 109 119 8
L 120 68 25
D 105 69 2 106 107 120 8
L 122 66 24
D 121 65 2 102 122 104 29
D 100 67 2 101 105 121 8
L 124 62 22
D 123 61 2 97 124 99 29
D 95 63 2 96 100 123 8
L 128 58 35
D 127 57 2 89 128 91 29
D 126 55 2 87 127 92 29
D 125 53 2 82 126 93 29
D 80 59 2 81 95 125 8
L 132 48 -40
D 131 47 2 74 132 76 29
D 130 45 2 72 131 77 29
D 129 43 2 67 130 78 29
D 65 49 2 66 80 129 8
L 136 38 11
D 135 37 2 59 136 61 29
D 134 35 2 57 135 62 29
D 133 33 2 52 134 63 29
D 50 39 2 51 65 133 8
L 140 28 -20
D 139 27 2 44 140 46 29
D 138 25 2 42 139 47 29
D 137 23 2 37 138 48 29
D 35 29 2 36 50 137 8
D 143 3 2 7 6 5 8
D 142 1 2 9 143 3 8
D 145 3 2 7 34 5 29
D 144 1 2 9 145 3 29
D 141 5 2 142 10 144 8
L 157 78 -30
D 156 77 2 116 157 114 8
D 155 75 2 112 156 117 8
D 154 73 2 110 155 118 8
D 153 71 2 108 154 119 8
D 152 69 2 106 153 120 8
D 151 67 2 101 152 121 8
D 150 63 2 96 151 123 8
D 149 59 2 81 150 125 8
D 160 47 2 76 132 74 8
D 159 45 2 72 160 77 8
D 158 43 2 67 159 78 8
D 163 47 2 74 132 76 75
D 162 45 2 72 163 77 29
D 161 43 2 67 162 78 29
D 148 49 3 66 149 158 80 161 8
D 147 39 2 51 148 133 8
D 166 27 2 46 140 44 8
D 165 25 2 42 166 47 8
D 164 23 2 37 165 48 8
D 169 27 2 44 140 46 45
D 168 25 2 42 169 47 29
D 167 23 2 37 168 48 29
D 146 29 3 36 147 164 50 167 8
D 172 3 2 5 34 7 8
D 171 1 2 9 172 3 8
D 174 3 2 5 6 7 29
D 173 1 2 9 174 3 29
D 170 5 2 171 10 173 8
D 185 77 2 114 157 116 8
D 184 75 2 117 185 112 8
D 183 73 2 110 184 118 8
D 182 71 2 108 183 119 8
D 181 69 2 106 182 120 8
D 180 67 2 101 181 121 8
D 179 63 2 96 180 123 8
D 178 59 2 81 179 125 8
D 188 47 2 74 132 76 8
D 187 45 2 77 188 72 8
D 186 43 2 67 187 78 8
D 191 47 2 74 75 76 29
D 190 45 2 72 163 77 191
D 189 43 2 67 190 78 29
D 177 49 4 66 178 158 149 186 80 189 8
D 176 39 2 51 177 133 8
D 194 27 2 44 140 46 8
D 193 25 2 47 194 42 8
D 192 23 2 37 193 48 8
D 197 27 2 44 45 46 29
D 196 25 2 42 169 47 197
D 195 23 2 37 196 48 29
D 175 29 4 36 176 164 147 192 50 195 8
D 199 1 2 9 4 3 8
D 202 11 2 19 18 17 8
D 203 11 2 19 28 17 29
D 201 13 2 202 20 203 8
D 200 9 2 11 201 30 8
D 204 1 2 9 33 3 29
D 198 5 2 199 200 204 8
D 214 75 2 112 185 117 8
D 213 73 2 118 214 110 8
D 212 71 2 108 213 119 8
D 211 69 2 106 212 120 8
D 210 67 2 101 211 121 8
D 209 63 2 96 210 123 8
D 208 59 2 81 209 125 8
D 216 41 2 68 79 70 8
D 217 45 2 72 188 77 8
D 218 41 2 68 69 70 29
D 215 43 2 216 217 218 8
D 220 45 2 72 191 77 29
D 219 43 3 67 190 216 220 70 29
D 207 49 5 66 208 158 178 186 149 215 80 219 8
D 206 39 2 51 207 133 8
D 222 21 2 38 49 40 8
D 223 25 2 42 194 47 8
D 224 21 2 38 39 40 29
D 221 23 2 222 223 224 8
D 226 25 2 42 197 47 29
D 225 23 3 37 196 222 226 40 29
D 205 29 5 36 206 164 176 192 147 221 50 225 8
D 229 7 2 14 13 12 8
D 230 7 2 14 31 12 29
D 228 9 2 229 15 230 8
D 227 5 2 199 228 204 8
D 239 73 2 110 214 118 8
D 238 71 2 119 239 108 8
D 237 69 2 106 238 120 8
D 236 67 2 101 237 121 8
D 235 63 2 96 236 123 8
D 234 59 2 81 235 125 8
D 241 41 2 70 69 68 8
D 242 41 2 70 79 68 29
D 240 43 2 241 217 242 8
D 244 41 2 70 69 68 79
D 245 41 2 70 79 68 8
D 243 43 3 67 190 244 220 245 29
D 233 49 6 66 234 158 208 186 178 215 149 240 80 243 8
D 232 39 2 51 233 133 8
D 247 21 2 40 39 38 8
D 248 21 2 40 49 38 29
D 246 23 2 247 223 248 8
D 250 21 2 40 39 38 49
D 251 21 2 40 49 38 8
D 249 23 3 37 196 250 226 251 29
D 231 29 6 36 232 164 206 192 176 221 147 246 50 249 8
D 254 7 2 12 31 14 8
D 255 7 2 12 13 14 29
D 253 9 2 254 15 255 8
D 252 5 2 199 253 204 8
D 257 23 2 37 223 48 8
D 261 37 2 61 60 59 8
D 260 35 2 57 261 62 8
D 259 33 2 52 260 63 8
D 264 37 2 61 136 59 29
D 263 35 2 57 264 62 29
D 262 33 2 52 263 63 29
D 258 39 2 259 65 262 8
D 271 71 2 108 239 119 8
D 270 69 2 120 271 106 8
D 269 67 2 101 270 121 8
D 268 63 2 96 269 123 8
D 267 59 2 81 268 125 8
D 272 43 2 67 217 78 8
D 276 57 2 89 128 91 8
D 275 55 2 87 276 92 8
D 274 53 2 82 275 93 8
D 279 57 2 89 90 91 29
D 278 55 2 87 279 92 29
D 277 53 2 82 278 93 29
D 273 59 2 274 95 277 8
D 282 47 2 76 75 74 8
D 281 45 2 72 282 77 191
D 280 43 3 67 281 244 220 245 29
D 266 49 7 66 267 272 273 158 234 186 208 215 178 240 149 280 8
D 265 39 2 51 266 133 8
D 285 27 2 46 45 44 8
D 284 25 2 42 285 47 197
D 283 23 3 37 284 250 226 251 29
D 256 29 7 257 258 36 265 164 232 192 206 221 176 246 147 283 8
D 289 15 2 26 22 21 8
D 288 13 2 16 289 27 8
D 287 9 2 11 288 30 8
D 286 5 2 199 287 204 8
D 293 31 2 53 64 55 8
D 294 31 2 53 54 55 29
D 292 33 2 293 56 294 8
D 295 33 3 52 263 293 134 55 29
D 291 39 3 259 148 292 65 295 8
D 301 65 2 102 122 104 8
D 302 69 2 106 271 120 8
D 303 65 2 102 103 104 29
D 300 67 2 301 302 303 8
D 299 63 2 96 300 123 8
D 298 59 2 81 299 125 8
D 307 57 2 91 90 89 8
D 306 55 2 87 307 92 8
D 305 53 2 82 306 93 8
D 310 57 2 89 90 91 128
D 309 55 2 87 310 92 29
D 308 53 2 82 309 93 29
D 304 59 3 305 95 274 150 308 8
D 297 49 7 66 298 272 304 158 267 186 234 215 208 240 178 280 8
D 296 39 2 51 297 133 8
D 290 29 7 257 291 36 296 164 265 192 232 221 206 246 176 283 8
D 315 17 2 25 24 23 8
D 314 15 2 21 315 26 8
D 313 13 2 16 314 27 8
D 312 9 2 11 313 30 8
D 311 5 2 199 312 204 8
D 319 31 2 55 54 53 8
D 320 31 2 55 64 53 29
D 318 33 2 319 56 320 8
D 322 31 2 55 54 53 64
D 323 31 2 55 64 53 8
D 321 33 3 52 263 322 134 323 29
D 317 39 4 292 148 259 177 318 65 321 8
D 329 65 2 104 103 102 8
D 330 65 2 104 122 102 29
D 328 67 2 329 302 330 8
D 327 63 2 96 328 123 8
D 326 59 2 81 327 125 8
D 333 51 2 85 84 83 8
D 334 51 2 85 94 83 29
D 332 53 2 333 86 334 8
D 335 53 3 82 309 333 126 94 29
D 331 59 4 332 95 305 150 274 179 335 8
D 325 49 7 66 326 272 331 158 298 186 267 215 234 240 208 280 8
D 324 39 2 51 325 133 8
D 316 29 7 257 317 36 324 164 296 192 265 221 232 246 206 283 8
L 341 18 10
D 340 17 2 23 341 25 8
D 339 15 2 21 340 26 8
D 338 13 2 16 339 27 8
D 337 9 2 11 338 30 8
D 336 5 2 199 337 204 8
D 345 35 2 62 58 57 8
D 344 33 2 52 345 63 8
D 347 35 2 57 264 62 135
D 346 33 3 52 347 322 134 323 29
D 343 39 5 259 207 318 148 292 177 344 65 346 8
D 352 51 2 83 94 85 8
D 353 51 2 83 84 85 29
D 351 53 2 352 86 353 8
D 355 51 2 85 84 83 94
D 356 51 2 85 94 83 8
D 354 53 3 82 309 355 126 356 29
D 350 59 5 351 95 332 150 305 179 274 209 354 8
D 359 61 2 97 124 99 8
D 360 67 2 101 302 121 8
D 361 61 2 97 98 99 29
D 358 63 2 359 360 361 8
D 357 59 2 81 358 125 8
D 349 49 7 272 350 158 326 66 357 186 298 215 267 240 234 280 8
D 348 39 2 51 349 133 8
D 342 29 7 257 343 36 348 164 324 192 296 221 265 246 232 283 8
D 364 3 2 7 6 5 34
D 363 1 2 9 364 3 4
D 368 17 2 23 341 25 29
D 367 15 2 21 368 26 29
D 366 13 2 16 367 27 29
D 365 9 2 11 366 30 29
D 372 17 2 23 24 25 341
D 371 15 2 21 372 26 368
D 370 13 3 16 371 202 367 28 29
D 373 7 2 14 13 12 31
D 374 7 2 14 31 12 8
D 369 9 3 11 370 373 366 374 29
D 376 3 2 7 34 5 8
D 375 1 2 9 376 3 33
D 362 5 3 363 365 199 369 375 29
D 0 19 10 1 35 141 146 170 175 198 205 227 231 252 256 286 290 311 316 336 342 362 8
