c ids of sdd nodes start at 0
c sdd nodes appear bottom-up, children before parents
c
c file syntax:
c sdd count-of-sdd-nodes
c F id-of-false-sdd-node
c T id-of-true-sdd-node
c L id-of-literal-sdd-node id-of-vtree literal
c D id-of-decomposition-sdd-node id-of-vtree number-of-elements {id-of-prime id-of-sub}*
c
sdd 326
L 3 0 -2
L 5 2 -3
L 6 4 4
L 7 2 3
F 8
D 4 3 2 5 6 7 8
L 9 0 2
D 2 1 2 3 4 9 8
L 12 6 -6
L 13 8 -7
L 14 6 6
D 11 7 2 12 13 14 8
L 17 10 -5
L 18 12 -1
L 19 10 5
D 16 11 2 17 18 19 8
L 21 14 -8
L 23 16 -9
L 24 18 -10
L 25 16 9
D 22 17 2 23 24 25 8
L 26 14 8
D 20 15 2 21 22 26 8
L 28 12 1
T 29
D 27 11 2 17 28 19 29
D 15 13 2 16 20 27 8
L 31 8 7
D 30 7 2 12 31 14 29
D 10 9 2 11 15 30 8
L 34 4 -4
D 33 3 2 5 34 7 29
D 32 1 2 3 33 9 29
D 1 5 2 2 10 32 8
L 38 20 -16
L 39 22 -17
L 40 20 16
D 37 21 2 38 39 40 8
L 42 24 -18
L 44 26 -19
L 45 28 20
L 46 26 19
D 43 27 2 44 45 46 8
L 47 24 18
D 41 25 2 42 43 47 8
L 49 22 17
D 48 21 2 38 49 40 29
D 36 23 2 37 41 48 8
L 53 30 -13
L 54 32 -14
L 55 30 13
D 52 31 2 53 54 55 8
L 57 34 -12
L 59 36 -15
L 60 38 -11
L 61 36 15
D 58 37 2 59 60 61 8
L 62 34 12
D 56 35 2 57 58 62 8
L 64 32 14
D 63 31 2 53 64 55 29
D 51 33 2 52 56 63 8
L 68 40 -36
L 69 42 -37
L 70 40 36
D 67 41 2 68 69 70 8
L 72 44 -38
L 74 46 -39
L 75 48 40
L 76 46 39
D 73 47 2 74 75 76 8
L 77 44 38
D 71 45 2 72 73 77 8
L 79 42 37
D 78 41 2 68 79 70 29
D 66 43 2 67 71 78 8
L 83 50 -33
L 84 52 -32
L 85 50 33
D 82 51 2 83 84 85 8
L 87 54 -31
L 89 56 -34
L 90 58 -35
L 91 56 34
D 88 57 2 89 90 91 8
L 92 54 31
D 86 55 2 87 88 92 8
L 94 52 32
D 93 51 2 83 94 85 29
D 81 53 2 82 86 93 8
L 97 60 -21
L 98 62 -22
L 99 60 21
D 96 61 2 97 98 99 8
L 102 64 -23
L 103 66 -24
L 104 64 23
D 101 65 2 102 103 104 8
L 106 68 -25
L 108 70 -26
L 110 72 -27
L 112 74 -28
L 114 76 -29
L 115 78 30
L 116 76 29
D 113 77 2 114 115 116 8
L 117 74 28
D 111 75 2 112 113 117 8
L 118 72 27
D 109 73 2 110 111 118 8
L 119 70 26
D 107 71 2 108 109 119 8
L 120 68 25
D 105 69 2 106 107 120 8
L 122 66 24
D 121 65 2 102 122 104 29
D 100 67 2 101 105 121 8
L 124 62 22
D 123 61 2 97 124 99 29
D 95 63 2 96 100 123 8
L 128 58 35
D 127 57 2 89 128 91 29
D 126 55 2 87 127 92 29
D 125 53 2 82 126 93 29
D 80 59 2 81 95 125 8
L 132 48 -40
D 131 47 2 74 132 76 29
D 130 45 2 72 131 77 29
D 129 43 2 67 130 78 29
D 65 49 2 66 80 129 8
L 136 38 11
D 135 37 2 59 136 61 29
D 134 35 2 57 135 62 29
D 133 33 2 52 134 63 29
D 50 39 2 51 65 133 8
L 140 28 -20
D 139 27 2 44 140 46 29
D 138 25 2 42 139 47 29
D 137 23 2 37 138 48 29
D 35 29 2 36 50 137 8
D 143 3 2 5 34 7 8
D 142 1 2 3 143 9 8
D 146 11 2 19 18 17 8
D 147 11 2 19 28 17 29
D 145 13 2 146 20 147 8
D 144 9 2 11 145 30 8
D 149 3 2 5 6 7 29
D 148 1 2 3 149 9 29
D 141 5 2 142 144 148 8
L 161 78 -30
D 160 77 2 116 161 114 8
D 159 75 2 112 160 117 8
D 158 73 2 110 159 118 8
D 157 71 2 108 158 119 8
D 156 69 2 106 157 120 8
D 155 67 2 101 156 121 8
D 154 63 2 96 155 123 8
D 153 59 2 81 154 125 8
D 164 47 2 76 132 74 8
D 163 45 2 72 164 77 8
D 162 43 2 67 163 78 8
D 167 47 2 74 132 76 75
D 166 45 2 72 167 77 29
D 165 43 2 67 166 78 29
D 152 49 3 66 153 162 80 165 8
D 151 39 2 51 152 133 8
D 170 27 2 46 140 44 8
D 169 25 2 42 170 47 8
D 168 23 2 37 169 48 8
D 173 27 2 44 140 46 45
D 172 25 2 42 173 47 29
D 171 23 2 37 172 48 29
D 150 29 3 36 151 168 50 171 8
D 176 7 2 14 13 12 8
D 177 7 2 14 31 12 29
D 175 9 2 176 15 177 8
D 174 5 2 142 175 148 8
D 188 77 2 114 161 116 8
D 187 75 2 117 188 112 8
D 186 73 2 110 187 118 8
D 185 71 2 108 186 119 8
D 184 69 2 106 185 120 8
D 183 67 2 101 184 121 8
D 182 63 2 96 183 123 8
D 181 59 2 81 182 125 8
D 191 47 2 74 132 76 8
D 190 45 2 77 191 72 8
D 189 43 2 67 190 78 8
D 194 47 2 74 75 76 29
D 193 45 2 72 167 77 194
D 192 43 2 67 193 78 29
D 180 49 4 66 181 162 153 189 80 192 8
D 179 39 2 51 180 133 8
D 197 27 2 44 140 46 8
D 196 25 2 47 197 42 8
D 195 23 2 37 196 48 8
D 200 27 2 44 45 46 29
D 199 25 2 42 173 47 200
D 198 23 2 37 199 48 29
D 178 29 4 36 179 168 151 195 50 198 8
D 203 7 2 12 31 14 8
D 204 7 2 12 13 14 29
D 202 9 2 203 15 204 8
D 201 5 2 142 202 148 8
D 214 75 2 112 188 117 8
D 213 73 2 118 214 110 8
D 212 71 2 108 213 119 8
D 211 69 2 106 212 120 8
D 210 67 2 101 211 121 8
D 209 63 2 96 210 123 8
D 208 59 2 81 209 125 8
D 216 41 2 68 79 70 8
D 217 45 2 72 191 77 8
D 218 41 2 68 69 70 29
D 215 43 2 216 217 218 8
D 220 45 2 72 194 77 29
D 219 43 3 67 193 216 220 70 29
D 207 49 5 66 208 162 181 189 153 215 80 219 8
D 206 39 2 51 207 133 8
D 222 21 2 38 49 40 8
D 223 25 2 42 197 47 8
D 224 21 2 38 39 40 29
D 221 23 2 222 223 224 8
D 226 25 2 42 200 47 29
D 225 23 3 37 199 222 226 40 29
D 205 29 5 36 206 168 179 195 151 221 50 225 8
D 230 15 2 26 22 21 8
D 229 13 2 16 230 27 8
D 228 9 2 11 229 30 8
D 227 5 2 142 228 148 8
D 239 73 2 110 214 118 8
D 238 71 2 119 239 108 8
D 237 69 2 106 238 120 8
D 236 67 2 101 237 121 8
D 235 63 2 96 236 123 8
D 234 59 2 81 235 125 8
D 241 41 2 70 69 68 8
D 242 41 2 70 79 68 29
D 240 43 2 241 217 242 8
D 244 41 2 70 69 68 79
D 245 41 2 70 79 68 8
D 243 43 3 67 193 244 220 245 29
D 233 49 6 66 234 162 208 189 181 215 153 240 80 243 8
D 232 39 2 51 233 133 8
D 247 21 2 40 39 38 8
D 248 21 2 40 49 38 29
D 246 23 2 247 223 248 8
D 250 21 2 40 39 38 49
D 251 21 2 40 49 38 8
D 249 23 3 37 199 250 226 251 29
D 231 29 6 36 232 168 206 195 179 221 151 246 50 249 8
D 256 17 2 25 24 23 8
D 255 15 2 21 256 26 8
D 254 13 2 16 255 27 8
D 253 9 2 11 254 30 8
D 252 5 2 142 253 148 8
D 258 23 2 37 223 48 8
D 262 37 2 61 60 59 8
D 261 35 2 57 262 62 8
D 260 33 2 52 261 63 8
D 265 37 2 61 136 59 29
D 264 35 2 57 265 62 29
D 263 33 2 52 264 63 29
D 259 39 2 260 65 263 8
D 272 71 2 108 239 119 8
D 271 69 2 120 272 106 8
D 270 67 2 101 271 121 8
D 269 63 2 96 270 123 8
D 268 59 2 81 269 125 8
D 273 43 2 67 217 78 8
D 277 57 2 89 128 91 8
D 276 55 2 87 277 92 8
D 275 53 2 82 276 93 8
D 280 57 2 89 90 91 29
D 279 55 2 87 280 92 29
D 278 53 2 82 279 93 29
D 274 59 2 275 95 278 8
D 283 47 2 76 75 74 8
D 282 45 2 72 283 77 194
D 281 43 3 67 282 244 220 245 29
D 267 49 7 66 268 273 274 162 234 189 208 215 181 240 153 281 8
D 266 39 2 51 267 133 8
D 286 27 2 46 45 44 8
D 285 25 2 42 286 47 200
D 284 23 3 37 285 250 226 251 29
D 257 29 7 258 259 36 266 168 232 195 206 221 179 246 151 284 8
L 292 18 10
D 291 17 2 23 292 25 8
D 290 15 2 21 291 26 8
D 289 13 2 16 290 27 8
D 288 9 2 11 289 30 8
D 287 5 2 142 288 148 8
D 296 31 2 53 64 55 8
D 297 31 2 53 54 55 29
D 295 33 2 296 56 297 8
D 298 33 3 52 264 296 134 55 29
D 294 39 3 260 152 295 65 298 8
D 304 65 2 102 122 104 8
D 305 69 2 106 272 120 8
D 306 65 2 102 103 104 29
D 303 67 2 304 305 306 8
D 302 63 2 96 303 123 8
D 301 59 2 81 302 125 8
D 310 57 2 91 90 89 8
D 309 55 2 87 310 92 8
D 308 53 2 82 309 93 8
D 313 57 2 89 90 91 128
D 312 55 2 87 313 92 29
D 311 53 2 82 312 93 29
D 307 59 3 308 95 275 154 311 8
D 300 49 7 66 301 273 307 162 268 189 234 215 208 240 181 281 8
D 299 39 2 51 300 133 8
D 293 29 7 258 294 36 299 168 266 195 232 221 206 246 179 284 8
D 318 17 2 23 292 25 29
D 317 15 2 21 318 26 29
D 316 13 2 16 317 27 29
D 315 9 2 11 316 30 29
D 322 17 2 23 24 25 292
D 321 15 2 21 322 26 318
D 320 13 3 16 321 146 317 28 29
D 323 7 2 14 13 12 31
D 324 7 2 14 31 12 8
D 319 9 3 11 320 323 316 324 29
D 325 1 2 3 7 9 29
D 314 5 3 2 315 142 319 325 29
D 0 19 8 1 35 141 150 174 178 201 205 227 231 252 257 287 293 314 8
