c ids of sdd nodes start at 0
c sdd nodes appear bottom-up, children before parents
c
c file syntax:
c sdd count-of-sdd-nodes
c F id-of-false-sdd-node
c T id-of-true-sdd-node
c L id-of-literal-sdd-node id-of-vtree literal
c D id-of-decomposition-sdd-node id-of-vtree number-of-elements {id-of-prime id-of-sub}*
c
sdd 297
L 3 0 -2
L 5 2 -3
L 6 4 -4
L 7 2 3
F 8
D 4 3 2 5 6 7 8
L 9 0 2
D 2 1 2 3 4 9 8
L 12 6 -6
L 13 8 -7
L 14 6 6
D 11 7 2 12 13 14 8
L 17 10 5
L 18 12 -1
L 19 10 -5
D 16 11 2 17 18 19 8
L 21 14 -8
L 23 16 -9
L 24 18 -10
L 25 16 9
D 22 17 2 23 24 25 8
L 26 14 8
D 20 15 2 21 22 26 8
L 28 12 1
T 29
D 27 11 2 17 28 19 29
D 15 13 2 16 20 27 8
L 31 8 7
D 30 7 2 12 31 14 29
D 10 9 2 11 15 30 8
L 34 4 4
D 33 3 2 5 34 7 29
D 32 1 2 3 33 9 29
D 1 5 2 2 10 32 8
L 38 20 -16
L 39 22 -17
L 40 20 16
D 37 21 2 38 39 40 8
L 42 24 -18
L 44 26 -19
L 45 28 20
L 46 26 19
D 43 27 2 44 45 46 8
L 47 24 18
D 41 25 2 42 43 47 8
L 49 22 17
D 48 21 2 38 49 40 29
D 36 23 2 37 41 48 8
L 53 30 -13
L 54 32 -14
L 55 30 13
D 52 31 2 53 54 55 8
L 57 34 -12
L 59 36 -15
L 60 38 -11
L 61 36 15
D 58 37 2 59 60 61 8
L 62 34 12
D 56 35 2 57 58 62 8
L 64 32 14
D 63 31 2 53 64 55 29
D 51 33 2 52 56 63 8
L 68 40 -36
L 69 42 -37
L 70 40 36
D 67 41 2 68 69 70 8
L 72 44 -38
L 74 46 -39
L 75 48 40
L 76 46 39
D 73 47 2 74 75 76 8
L 77 44 38
D 71 45 2 72 73 77 8
L 79 42 37
D 78 41 2 68 79 70 29
D 66 43 2 67 71 78 8
L 83 50 -33
L 84 52 -32
L 85 50 33
D 82 51 2 83 84 85 8
L 87 54 -31
L 89 56 -34
L 90 58 -35
L 91 56 34
D 88 57 2 89 90 91 8
L 92 54 31
D 86 55 2 87 88 92 8
L 94 52 32
D 93 51 2 83 94 85 29
D 81 53 2 82 86 93 8
L 97 60 -21
L 98 62 -22
L 99 60 21
D 96 61 2 97 98 99 8
L 102 64 -23
L 103 66 -24
L 104 64 23
D 101 65 2 102 103 104 8
L 106 68 -25
L 108 70 -26
L 110 72 -27
L 112 74 -28
L 114 76 -29
L 115 78 30
L 116 76 29
D 113 77 2 114 115 116 8
L 117 74 28
D 111 75 2 112 113 117 8
L 118 72 27
D 109 73 2 110 111 118 8
L 119 70 26
D 107 71 2 108 109 119 8
L 120 68 25
D 105 69 2 106 107 120 8
L 122 66 24
D 121 65 2 102 122 104 29
D 100 67 2 101 105 121 8
L 124 62 22
D 123 61 2 97 124 99 29
D 95 63 2 96 100 123 8
L 128 58 35
D 127 57 2 89 128 91 29
D 126 55 2 87 127 92 29
D 125 53 2 82 126 93 29
D 80 59 2 81 95 125 8
L 132 48 -40
D 131 47 2 74 132 76 29
D 130 45 2 72 131 77 29
D 129 43 2 67 130 78 29
D 65 49 2 66 80 129 8
L 136 38 11
D 135 37 2 59 136 61 29
D 134 35 2 57 135 62 29
D 133 33 2 52 134 63 29
D 50 39 2 51 65 133 8
L 140 28 -20
D 139 27 2 44 140 46 29
D 138 25 2 42 139 47 29
D 137 23 2 37 138 48 29
D 35 29 2 36 50 137 8
D 143 7 2 14 13 12 8
D 145 11 2 19 18 17 8
D 146 11 2 19 28 17 29
D 144 13 2 145 20 146 8
D 147 7 2 14 31 12 29
D 142 9 2 143 144 147 8
D 141 5 2 2 142 32 8
L 159 78 -30
D 158 77 2 116 159 114 8
D 157 75 2 112 158 117 8
D 156 73 2 110 157 118 8
D 155 71 2 108 156 119 8
D 154 69 2 106 155 120 8
D 153 67 2 101 154 121 8
D 152 63 2 96 153 123 8
D 151 59 2 81 152 125 8
D 162 47 2 76 132 74 8
D 161 45 2 72 162 77 8
D 160 43 2 67 161 78 8
D 165 47 2 74 132 76 75
D 164 45 2 72 165 77 29
D 163 43 2 67 164 78 29
D 150 49 3 66 151 160 80 163 8
D 149 39 2 51 150 133 8
D 168 27 2 46 140 44 8
D 167 25 2 42 168 47 8
D 166 23 2 37 167 48 8
D 171 27 2 44 140 46 45
D 170 25 2 42 171 47 29
D 169 23 2 37 170 48 29
D 148 29 3 36 149 166 50 169 8
D 174 7 2 12 31 14 8
D 175 7 2 12 13 14 29
D 173 9 2 174 144 175 8
D 172 5 2 2 173 32 8
D 186 77 2 114 159 116 8
D 185 75 2 117 186 112 8
D 184 73 2 110 185 118 8
D 183 71 2 108 184 119 8
D 182 69 2 106 183 120 8
D 181 67 2 101 182 121 8
D 180 63 2 96 181 123 8
D 179 59 2 81 180 125 8
D 189 47 2 74 132 76 8
D 188 45 2 77 189 72 8
D 187 43 2 67 188 78 8
D 192 47 2 74 75 76 29
D 191 45 2 72 165 77 192
D 190 43 2 67 191 78 29
D 178 49 4 66 179 160 151 187 80 190 8
D 177 39 2 51 178 133 8
D 195 27 2 44 140 46 8
D 194 25 2 47 195 42 8
D 193 23 2 37 194 48 8
D 198 27 2 44 45 46 29
D 197 25 2 42 171 47 198
D 196 23 2 37 197 48 29
D 176 29 4 36 177 166 149 193 50 196 8
D 202 15 2 26 22 21 8
D 201 13 2 145 202 146 8
D 200 9 2 11 201 30 8
D 199 5 2 2 200 32 8
D 212 75 2 112 186 117 8
D 211 73 2 118 212 110 8
D 210 71 2 108 211 119 8
D 209 69 2 106 210 120 8
D 208 67 2 101 209 121 8
D 207 63 2 96 208 123 8
D 206 59 2 81 207 125 8
D 214 41 2 68 79 70 8
D 215 45 2 72 189 77 8
D 216 41 2 68 69 70 29
D 213 43 2 214 215 216 8
D 218 45 2 72 192 77 29
D 217 43 3 67 191 214 218 70 29
D 205 49 5 66 206 160 179 187 151 213 80 217 8
D 204 39 2 51 205 133 8
D 220 21 2 38 49 40 8
D 221 25 2 42 195 47 8
D 222 21 2 38 39 40 29
D 219 23 2 220 221 222 8
D 224 25 2 42 198 47 29
D 223 23 3 37 197 220 224 40 29
D 203 29 5 36 204 166 177 193 149 219 50 223 8
D 229 17 2 25 24 23 8
D 228 15 2 21 229 26 8
D 227 13 2 145 228 146 8
D 226 9 2 11 227 30 8
D 225 5 2 2 226 32 8
D 238 73 2 110 212 118 8
D 237 71 2 119 238 108 8
D 236 69 2 106 237 120 8
D 235 67 2 101 236 121 8
D 234 63 2 96 235 123 8
D 233 59 2 81 234 125 8
D 240 41 2 70 69 68 8
D 241 41 2 70 79 68 29
D 239 43 2 240 215 241 8
D 243 41 2 70 69 68 79
D 244 41 2 70 79 68 8
D 242 43 3 67 191 243 218 244 29
D 232 49 6 66 233 160 206 187 179 213 151 239 80 242 8
D 231 39 2 51 232 133 8
D 246 21 2 40 39 38 8
D 247 21 2 40 49 38 29
D 245 23 2 246 221 247 8
D 249 21 2 40 39 38 49
D 250 21 2 40 49 38 8
D 248 23 3 37 197 249 224 250 29
D 230 29 6 36 231 166 204 193 177 219 149 245 50 248 8
L 256 18 10
D 255 17 2 23 256 25 8
D 254 15 2 21 255 26 8
D 253 13 2 145 254 146 8
D 252 9 2 11 253 30 8
D 251 5 2 2 252 32 8
D 258 23 2 37 221 48 8
D 262 37 2 61 60 59 8
D 261 35 2 57 262 62 8
D 260 33 2 52 261 63 8
D 265 37 2 61 136 59 29
D 264 35 2 57 265 62 29
D 263 33 2 52 264 63 29
D 259 39 2 260 65 263 8
D 272 71 2 108 238 119 8
D 271 69 2 120 272 106 8
D 270 67 2 101 271 121 8
D 269 63 2 96 270 123 8
D 268 59 2 81 269 125 8
D 273 43 2 67 215 78 8
D 277 57 2 89 128 91 8
D 276 55 2 87 277 92 8
D 275 53 2 82 276 93 8
D 280 57 2 89 90 91 29
D 279 55 2 87 280 92 29
D 278 53 2 82 279 93 29
D 274 59 2 275 95 278 8
D 283 47 2 76 75 74 8
D 282 45 2 72 283 77 192
D 281 43 3 67 282 243 218 244 29
D 267 49 7 66 268 273 274 160 233 187 206 213 179 239 151 281 8
D 266 39 2 51 267 133 8
D 286 27 2 46 45 44 8
D 285 25 2 42 286 47 198
D 284 23 3 37 285 249 224 250 29
D 257 29 7 258 259 36 266 166 231 193 204 219 177 245 149 284 8
D 291 17 2 23 24 25 256
D 292 17 2 23 256 25 29
D 290 15 2 21 291 26 292
D 293 15 2 21 292 26 29
D 289 13 3 145 290 16 293 28 29
D 294 7 2 14 13 12 31
D 295 13 2 145 293 146 29
D 296 7 2 14 31 12 8
D 288 9 3 11 289 294 295 296 29
D 287 5 2 2 288 32 29
D 0 19 7 1 35 141 148 172 176 199 203 225 230 251 257 287 8
