c ids of sdd nodes start at 0
c sdd nodes appear bottom-up, children before parents
c
c file syntax:
c sdd count-of-sdd-nodes
c F id-of-false-sdd-node
c T id-of-true-sdd-node
c L id-of-literal-sdd-node id-of-vtree literal
c D id-of-decomposition-sdd-node id-of-vtree number-of-elements {id-of-prime id-of-sub}*
c
sdd 262
L 3 0 -2
L 5 2 -3
L 6 4 -4
L 7 2 3
F 8
D 4 3 2 5 6 7 8
L 9 0 2
D 2 1 2 3 4 9 8
L 12 6 6
L 13 8 -7
L 14 6 -6
D 11 7 2 12 13 14 8
L 17 10 -5
L 18 12 -1
L 19 10 5
D 16 11 2 17 18 19 8
L 21 14 -8
L 23 16 -9
L 24 18 -10
L 25 16 9
D 22 17 2 23 24 25 8
L 26 14 8
D 20 15 2 21 22 26 8
L 28 12 1
T 29
D 27 11 2 17 28 19 29
D 15 13 2 16 20 27 8
L 31 8 7
D 30 7 2 12 31 14 29
D 10 9 2 11 15 30 8
L 34 4 4
D 33 3 2 5 34 7 29
D 32 1 2 3 33 9 29
D 1 5 2 2 10 32 8
L 38 20 -16
L 39 22 -17
L 40 20 16
D 37 21 2 38 39 40 8
L 42 24 -18
L 44 26 -19
L 45 28 20
L 46 26 19
D 43 27 2 44 45 46 8
L 47 24 18
D 41 25 2 42 43 47 8
L 49 22 17
D 48 21 2 38 49 40 29
D 36 23 2 37 41 48 8
L 53 30 -13
L 54 32 -14
L 55 30 13
D 52 31 2 53 54 55 8
L 57 34 -12
L 59 36 -15
L 60 38 -11
L 61 36 15
D 58 37 2 59 60 61 8
L 62 34 12
D 56 35 2 57 58 62 8
L 64 32 14
D 63 31 2 53 64 55 29
D 51 33 2 52 56 63 8
L 68 40 -36
L 69 42 -37
L 70 40 36
D 67 41 2 68 69 70 8
L 72 44 -38
L 74 46 -39
L 75 48 40
L 76 46 39
D 73 47 2 74 75 76 8
L 77 44 38
D 71 45 2 72 73 77 8
L 79 42 37
D 78 41 2 68 79 70 29
D 66 43 2 67 71 78 8
L 83 50 -33
L 84 52 -32
L 85 50 33
D 82 51 2 83 84 85 8
L 87 54 -31
L 89 56 -34
L 90 58 -35
L 91 56 34
D 88 57 2 89 90 91 8
L 92 54 31
D 86 55 2 87 88 92 8
L 94 52 32
D 93 51 2 83 94 85 29
D 81 53 2 82 86 93 8
L 97 60 -21
L 98 62 -22
L 99 60 21
D 96 61 2 97 98 99 8
L 102 64 -23
L 103 66 -24
L 104 64 23
D 101 65 2 102 103 104 8
L 106 68 -25
L 108 70 -26
L 110 72 -27
L 112 74 -28
L 114 76 -29
L 115 78 30
L 116 76 29
D 113 77 2 114 115 116 8
L 117 74 28
D 111 75 2 112 113 117 8
L 118 72 27
D 109 73 2 110 111 118 8
L 119 70 26
D 107 71 2 108 109 119 8
L 120 68 25
D 105 69 2 106 107 120 8
L 122 66 24
D 121 65 2 102 122 104 29
D 100 67 2 101 105 121 8
L 124 62 22
D 123 61 2 97 124 99 29
D 95 63 2 96 100 123 8
L 128 58 35
D 127 57 2 89 128 91 29
D 126 55 2 87 127 92 29
D 125 53 2 82 126 93 29
D 80 59 2 81 95 125 8
L 132 48 -40
D 131 47 2 74 132 76 29
D 130 45 2 72 131 77 29
D 129 43 2 67 130 78 29
D 65 49 2 66 80 129 8
L 136 38 11
D 135 37 2 59 136 61 29
D 134 35 2 57 135 62 29
D 133 33 2 52 134 63 29
D 50 39 2 51 65 133 8
L 140 28 -20
D 139 27 2 44 140 46 29
D 138 25 2 42 139 47 29
D 137 23 2 37 138 48 29
D 35 29 2 36 50 137 8
D 143 7 2 14 31 12 8
D 144 7 2 14 13 12 29
D 142 9 2 143 15 144 8
D 141 5 2 2 142 32 8
L 156 78 -30
D 155 77 2 116 156 114 8
D 154 75 2 112 155 117 8
D 153 73 2 110 154 118 8
D 152 71 2 108 153 119 8
D 151 69 2 106 152 120 8
D 150 67 2 101 151 121 8
D 149 63 2 96 150 123 8
D 148 59 2 81 149 125 8
D 159 47 2 76 132 74 8
D 158 45 2 72 159 77 8
D 157 43 2 67 158 78 8
D 162 47 2 74 132 76 75
D 161 45 2 72 162 77 29
D 160 43 2 67 161 78 29
D 147 49 3 66 148 157 80 160 8
D 146 39 2 51 147 133 8
D 165 27 2 46 140 44 8
D 164 25 2 42 165 47 8
D 163 23 2 37 164 48 8
D 168 27 2 44 140 46 45
D 167 25 2 42 168 47 29
D 166 23 2 37 167 48 29
D 145 29 3 36 146 163 50 166 8
D 171 7 2 14 13 12 8
D 173 15 2 26 22 21 8
D 172 13 2 16 173 27 8
D 174 7 2 14 31 12 29
D 170 9 2 171 172 174 8
D 169 5 2 2 170 32 8
D 185 77 2 114 156 116 8
D 184 75 2 117 185 112 8
D 183 73 2 110 184 118 8
D 182 71 2 108 183 119 8
D 181 69 2 106 182 120 8
D 180 67 2 101 181 121 8
D 179 63 2 96 180 123 8
D 178 59 2 81 179 125 8
D 188 47 2 74 132 76 8
D 187 45 2 77 188 72 8
D 186 43 2 67 187 78 8
D 191 47 2 74 75 76 29
D 190 45 2 72 162 77 191
D 189 43 2 67 190 78 29
D 177 49 4 66 178 157 148 186 80 189 8
D 176 39 2 51 177 133 8
D 194 27 2 44 140 46 8
D 193 25 2 47 194 42 8
D 192 23 2 37 193 48 8
D 197 27 2 44 45 46 29
D 196 25 2 42 168 47 197
D 195 23 2 37 196 48 29
D 175 29 4 36 176 163 146 192 50 195 8
D 202 17 2 25 24 23 8
D 201 15 2 21 202 26 8
D 200 13 2 16 201 27 8
D 199 9 2 171 200 174 8
D 198 5 2 2 199 32 8
D 212 75 2 112 185 117 8
D 211 73 2 118 212 110 8
D 210 71 2 108 211 119 8
D 209 69 2 106 210 120 8
D 208 67 2 101 209 121 8
D 207 63 2 96 208 123 8
D 206 59 2 81 207 125 8
D 214 41 2 68 79 70 8
D 215 45 2 72 188 77 8
D 216 41 2 68 69 70 29
D 213 43 2 214 215 216 8
D 218 45 2 72 191 77 29
D 217 43 3 67 190 214 218 70 29
D 205 49 5 66 206 157 178 186 148 213 80 217 8
D 204 39 2 51 205 133 8
D 220 21 2 38 49 40 8
D 221 25 2 42 194 47 8
D 222 21 2 38 39 40 29
D 219 23 2 220 221 222 8
D 224 25 2 42 197 47 29
D 223 23 3 37 196 220 224 40 29
D 203 29 5 36 204 163 176 192 146 219 50 223 8
L 230 18 10
D 229 17 2 23 230 25 8
D 228 15 2 21 229 26 8
D 227 13 2 16 228 27 8
D 226 9 2 171 227 174 8
D 225 5 2 2 226 32 8
D 239 73 2 110 212 118 8
D 238 71 2 119 239 108 8
D 237 69 2 106 238 120 8
D 236 67 2 101 237 121 8
D 235 63 2 96 236 123 8
D 234 59 2 81 235 125 8
D 241 41 2 70 69 68 8
D 242 41 2 70 79 68 29
D 240 43 2 241 215 242 8
D 244 41 2 70 69 68 79
D 245 41 2 70 79 68 8
D 243 43 3 67 190 244 218 245 29
D 233 49 6 66 234 157 206 186 178 213 148 240 80 243 8
D 232 39 2 51 233 133 8
D 247 21 2 40 39 38 8
D 248 21 2 40 49 38 29
D 246 23 2 247 221 248 8
D 250 21 2 40 39 38 49
D 251 21 2 40 49 38 8
D 249 23 3 37 196 250 224 251 29
D 231 29 6 36 232 163 204 192 176 219 146 246 50 249 8
D 256 17 2 23 24 25 230
D 257 17 2 23 230 25 29
D 255 15 2 21 256 26 257
D 254 13 2 16 255 27 29
D 258 7 2 12 13 14 31
D 260 15 2 21 257 26 29
D 259 13 2 16 260 27 29
D 261 7 2 12 31 14 8
D 253 9 3 171 254 258 259 261 29
D 252 5 2 2 253 32 29
D 0 19 6 1 35 141 145 169 175 198 203 225 231 252 8
