c ids of sdd nodes start at 0
c sdd nodes appear bottom-up, children before parents
c
c file syntax:
c sdd count-of-sdd-nodes
c F id-of-false-sdd-node
c T id-of-true-sdd-node
c L id-of-literal-sdd-node id-of-vtree literal
c D id-of-decomposition-sdd-node id-of-vtree number-of-elements {id-of-prime id-of-sub}*
c
sdd 205
L 3 0 -2
L 5 2 -3
L 6 4 -4
L 7 2 3
F 8
D 4 3 2 5 6 7 8
L 9 0 2
D 2 1 2 3 4 9 8
L 12 6 -6
L 13 8 -7
L 14 6 6
D 11 7 2 12 13 14 8
L 17 10 -5
L 18 12 -1
L 19 10 5
D 16 11 2 17 18 19 8
L 21 14 8
L 23 16 -9
L 24 18 -10
L 25 16 9
D 22 17 2 23 24 25 8
L 26 14 -8
D 20 15 2 21 22 26 8
L 28 12 1
T 29
D 27 11 2 17 28 19 29
D 15 13 2 16 20 27 8
L 31 8 7
D 30 7 2 12 31 14 29
D 10 9 2 11 15 30 8
L 34 4 4
D 33 3 2 5 34 7 29
D 32 1 2 3 33 9 29
D 1 5 2 2 10 32 8
L 38 20 -16
L 39 22 -17
L 40 20 16
D 37 21 2 38 39 40 8
L 42 24 -18
L 44 26 -19
L 45 28 20
L 46 26 19
D 43 27 2 44 45 46 8
L 47 24 18
D 41 25 2 42 43 47 8
L 49 22 17
D 48 21 2 38 49 40 29
D 36 23 2 37 41 48 8
L 53 30 -13
L 54 32 -14
L 55 30 13
D 52 31 2 53 54 55 8
L 57 34 -12
L 59 36 -15
L 60 38 -11
L 61 36 15
D 58 37 2 59 60 61 8
L 62 34 12
D 56 35 2 57 58 62 8
L 64 32 14
D 63 31 2 53 64 55 29
D 51 33 2 52 56 63 8
L 68 40 -36
L 69 42 -37
L 70 40 36
D 67 41 2 68 69 70 8
L 72 44 -38
L 74 46 -39
L 75 48 40
L 76 46 39
D 73 47 2 74 75 76 8
L 77 44 38
D 71 45 2 72 73 77 8
L 79 42 37
D 78 41 2 68 79 70 29
D 66 43 2 67 71 78 8
L 83 50 -33
L 84 52 -32
L 85 50 33
D 82 51 2 83 84 85 8
L 87 54 -31
L 89 56 -34
L 90 58 -35
L 91 56 34
D 88 57 2 89 90 91 8
L 92 54 31
D 86 55 2 87 88 92 8
L 94 52 32
D 93 51 2 83 94 85 29
D 81 53 2 82 86 93 8
L 97 60 -21
L 98 62 -22
L 99 60 21
D 96 61 2 97 98 99 8
L 102 64 -23
L 103 66 -24
L 104 64 23
D 101 65 2 102 103 104 8
L 106 68 -25
L 108 70 -26
L 110 72 -27
L 112 74 -28
L 114 76 -29
L 115 78 30
L 116 76 29
D 113 77 2 114 115 116 8
L 117 74 28
D 111 75 2 112 113 117 8
L 118 72 27
D 109 73 2 110 111 118 8
L 119 70 26
D 107 71 2 108 109 119 8
L 120 68 25
D 105 69 2 106 107 120 8
L 122 66 24
D 121 65 2 102 122 104 29
D 100 67 2 101 105 121 8
L 124 62 22
D 123 61 2 97 124 99 29
D 95 63 2 96 100 123 8
L 128 58 35
D 127 57 2 89 128 91 29
D 126 55 2 87 127 92 29
D 125 53 2 82 126 93 29
D 80 59 2 81 95 125 8
L 132 48 -40
D 131 47 2 74 132 76 29
D 130 45 2 72 131 77 29
D 129 43 2 67 130 78 29
D 65 49 2 66 80 129 8
L 136 38 11
D 135 37 2 59 136 61 29
D 134 35 2 57 135 62 29
D 133 33 2 52 134 63 29
D 50 39 2 51 65 133 8
L 140 28 -20
D 139 27 2 44 140 46 29
D 138 25 2 42 139 47 29
D 137 23 2 37 138 48 29
D 35 29 2 36 50 137 8
D 145 17 2 25 24 23 8
D 144 15 2 26 145 21 8
D 143 13 2 16 144 27 8
D 142 9 2 11 143 30 8
D 141 5 2 2 142 32 8
L 157 78 -30
D 156 77 2 116 157 114 8
D 155 75 2 112 156 117 8
D 154 73 2 110 155 118 8
D 153 71 2 108 154 119 8
D 152 69 2 106 153 120 8
D 151 67 2 101 152 121 8
D 150 63 2 96 151 123 8
D 149 59 2 81 150 125 8
D 160 47 2 76 132 74 8
D 159 45 2 72 160 77 8
D 158 43 2 67 159 78 8
D 163 47 2 74 132 76 75
D 162 45 2 72 163 77 29
D 161 43 2 67 162 78 29
D 148 49 3 66 149 158 80 161 8
D 147 39 2 51 148 133 8
D 166 27 2 46 140 44 8
D 165 25 2 42 166 47 8
D 164 23 2 37 165 48 8
D 169 27 2 44 140 46 45
D 168 25 2 42 169 47 29
D 167 23 2 37 168 48 29
D 146 29 3 36 147 164 50 167 8
L 175 18 10
D 174 17 2 23 175 25 8
D 173 15 2 26 174 21 8
D 172 13 2 16 173 27 8
D 171 9 2 11 172 30 8
D 170 5 2 2 171 32 8
D 186 77 2 114 157 116 8
D 185 75 2 117 186 112 8
D 184 73 2 110 185 118 8
D 183 71 2 108 184 119 8
D 182 69 2 106 183 120 8
D 181 67 2 101 182 121 8
D 180 63 2 96 181 123 8
D 179 59 2 81 180 125 8
D 189 47 2 74 132 76 8
D 188 45 2 77 189 72 8
D 187 43 2 67 188 78 8
D 192 47 2 74 75 76 29
D 191 45 2 72 163 77 192
D 190 43 2 67 191 78 29
D 178 49 4 66 179 158 149 187 80 190 8
D 177 39 2 51 178 133 8
D 195 27 2 44 140 46 8
D 194 25 2 47 195 42 8
D 193 23 2 37 194 48 8
D 198 27 2 44 45 46 29
D 197 25 2 42 169 47 198
D 196 23 2 37 197 48 29
D 176 29 4 36 177 164 147 193 50 196 8
D 203 17 2 23 24 25 175
D 204 17 2 23 175 25 29
D 202 15 2 26 203 21 204
D 201 13 2 16 202 27 29
D 200 9 2 11 201 30 29
D 199 5 2 2 200 32 29
D 0 19 4 1 35 141 146 170 176 199 8
