c ids of sdd nodes start at 0
c sdd nodes appear bottom-up, children before parents
c
c file syntax:
c sdd count-of-sdd-nodes
c F id-of-false-sdd-node
c T id-of-true-sdd-node
c L id-of-literal-sdd-node id-of-vtree literal
c D id-of-decomposition-sdd-node id-of-vtree number-of-elements {id-of-prime id-of-sub}*
c
sdd 257
L 3 0 -2
L 5 2 -3
L 6 4 -4
L 7 2 3
F 8
D 4 3 2 5 6 7 8
L 9 0 2
D 2 1 2 3 4 9 8
L 12 6 -6
L 13 8 -7
L 14 6 6
D 11 7 2 12 13 14 8
L 17 10 -5
L 18 12 1
L 19 10 5
D 16 11 2 17 18 19 8
L 21 14 -8
L 23 16 -9
L 24 18 -10
L 25 16 9
D 22 17 2 23 24 25 8
L 26 14 8
D 20 15 2 21 22 26 8
L 28 12 -1
T 29
D 27 11 2 17 28 19 29
D 15 13 2 16 20 27 8
L 31 8 7
D 30 7 2 12 31 14 29
D 10 9 2 11 15 30 8
L 34 4 4
D 33 3 2 5 34 7 29
D 32 1 2 3 33 9 29
D 1 5 2 2 10 32 8
L 38 20 -16
L 39 22 -17
L 40 20 16
D 37 21 2 38 39 40 8
L 42 24 -18
L 44 26 -19
L 45 28 -20
L 46 26 19
D 43 27 2 44 45 46 8
L 47 24 18
D 41 25 2 42 43 47 8
L 49 22 17
D 48 21 2 38 49 40 29
D 36 23 2 37 41 48 8
L 53 30 -13
L 54 32 -14
L 55 30 13
D 52 31 2 53 54 55 8
L 57 34 -12
L 59 36 -15
L 60 38 11
L 61 36 15
D 58 37 2 59 60 61 8
L 62 34 12
D 56 35 2 57 58 62 8
L 64 32 14
D 63 31 2 53 64 55 29
D 51 33 2 52 56 63 8
L 68 40 -36
L 69 42 -37
L 70 40 36
D 67 41 2 68 69 70 8
L 72 44 -38
L 74 46 -39
L 75 48 -40
L 76 46 39
D 73 47 2 74 75 76 8
L 77 44 38
D 71 45 2 72 73 77 8
L 79 42 37
D 78 41 2 68 79 70 29
D 66 43 2 67 71 78 8
L 83 50 33
L 84 52 -32
L 85 50 -33
D 82 51 2 83 84 85 8
L 87 54 -31
L 89 56 -34
L 90 58 -35
L 91 56 34
D 88 57 2 89 90 91 8
L 92 54 31
D 86 55 2 87 88 92 8
L 94 52 32
D 93 51 2 83 94 85 29
D 81 53 2 82 86 93 8
L 97 60 -21
L 98 62 -22
L 99 60 21
D 96 61 2 97 98 99 8
L 102 64 23
L 103 66 -24
L 104 64 -23
D 101 65 2 102 103 104 8
L 106 68 -25
L 108 70 -26
L 110 72 -27
L 112 74 -28
L 114 76 -29
L 115 78 -30
L 116 76 29
D 113 77 2 114 115 116 8
L 117 74 28
D 111 75 2 112 113 117 8
L 118 72 27
D 109 73 2 110 111 118 8
L 119 70 26
D 107 71 2 108 109 119 8
L 120 68 25
D 105 69 2 106 107 120 8
L 122 66 24
D 121 65 2 102 122 104 29
D 100 67 2 101 105 121 8
L 124 62 22
D 123 61 2 97 124 99 29
D 95 63 2 96 100 123 8
D 126 51 2 85 94 83 8
D 127 51 2 85 84 83 29
D 125 53 2 126 86 127 8
D 130 65 2 104 122 102 8
D 131 65 2 104 103 102 29
D 129 67 2 130 105 131 8
D 128 63 2 96 129 123 8
D 133 51 2 85 84 83 8
D 134 55 2 92 88 87 8
D 135 51 2 85 94 83 29
D 132 53 2 133 134 135 8
D 138 65 2 104 103 102 8
D 139 69 2 120 107 106 8
D 140 65 2 104 122 102 29
D 137 67 2 138 139 140 8
D 136 63 2 96 137 123 8
D 143 57 2 91 90 89 8
D 142 55 2 87 143 92 8
D 141 53 2 133 142 135 8
D 145 61 2 97 124 99 8
D 146 67 2 138 105 140 8
D 147 61 2 97 98 99 29
D 144 63 2 145 146 147 8
L 151 58 35
D 150 57 2 89 151 91 8
D 149 55 2 87 150 92 8
D 148 53 2 133 149 135 8
D 153 61 2 99 98 97 8
D 154 61 2 99 124 97 29
D 152 63 2 153 146 154 8
D 157 57 2 89 90 91 151
D 158 57 2 89 151 91 29
D 156 55 2 87 157 92 158
D 159 51 2 83 84 85 94
D 160 55 2 87 158 92 29
D 161 51 2 83 94 85 8
D 155 53 3 133 156 159 160 161 29
D 80 59 6 81 95 125 128 132 136 141 144 148 152 155 8
L 165 48 40
D 164 47 2 74 165 76 29
D 163 45 2 72 164 77 29
D 162 43 2 67 163 78 29
D 65 49 2 66 80 162 8
L 169 38 -11
D 168 37 2 59 169 61 8
D 167 35 2 62 168 57 8
D 166 33 2 52 167 63 8
D 174 57 2 91 151 89 29
D 173 55 2 87 174 92 158
D 172 53 3 133 173 159 160 161 29
D 171 59 5 125 95 132 128 81 144 141 152 172 8
D 170 49 2 66 171 162 8
D 176 31 2 55 54 53 8
D 177 35 2 57 168 62 8
D 178 31 2 55 64 53 29
D 175 33 2 176 177 178 8
D 182 55 2 92 158 87 29
D 181 53 3 159 160 133 182 161 29
D 180 59 4 132 95 125 144 81 152 181 8
D 179 49 2 66 180 162 8
D 184 31 2 53 64 55 8
D 185 31 2 53 54 55 29
D 183 33 2 184 177 185 8
D 188 53 3 126 160 133 182 83 29
D 187 59 3 132 144 125 152 188 8
D 186 49 2 66 187 162 8
D 191 37 2 61 169 59 8
D 190 35 2 57 191 62 8
D 189 33 2 52 190 63 8
D 194 53 2 133 182 135 29
D 193 59 2 132 152 194 8
D 192 49 2 66 193 162 8
D 197 37 2 59 169 61 60
D 198 37 2 59 60 61 29
D 196 35 2 57 197 62 198
D 199 31 2 55 54 53 64
D 200 35 2 57 198 62 29
D 201 31 2 55 64 53 8
D 195 33 3 52 196 199 200 201 29
D 50 39 6 51 65 166 170 175 179 183 186 189 192 195 8
L 205 28 20
D 204 27 2 44 205 46 29
D 203 25 2 42 204 47 29
D 202 23 2 37 203 48 29
D 35 29 2 36 50 202 8
D 207 1 2 9 4 3 8
D 210 11 2 17 28 19 8
D 211 11 2 17 18 19 29
D 209 13 2 210 20 211 8
D 208 9 2 11 209 30 8
D 212 1 2 9 33 3 29
D 206 5 2 207 208 212 8
D 217 37 2 59 169 61 29
D 216 35 2 62 198 57 217
D 215 33 3 52 216 199 200 201 29
D 214 39 5 51 170 166 179 175 186 183 192 215 8
D 213 29 2 36 214 202 8
D 220 3 2 7 6 5 8
D 219 1 2 3 220 9 8
D 222 3 2 7 34 5 29
D 221 1 2 3 222 9 29
D 218 5 2 219 208 221 8
D 225 33 3 52 216 176 200 64 29
D 224 39 4 51 179 166 186 175 192 225 8
D 223 29 2 36 224 202 8
D 228 3 2 5 34 7 8
D 227 1 2 3 228 9 8
D 230 3 2 5 6 7 29
D 229 1 2 3 230 9 29
D 226 5 2 227 208 229 8
D 233 33 2 52 216 63 29
D 232 39 3 51 186 166 192 233 8
D 231 29 2 36 232 202 8
D 237 11 2 19 28 17 8
D 238 11 2 19 18 17 29
D 236 13 2 237 20 238 8
D 235 9 2 11 236 30 8
D 234 5 2 2 235 32 8
D 242 35 2 57 217 62 29
D 241 33 2 52 242 63 29
D 240 39 2 51 192 241 8
D 239 29 2 36 240 202 8
D 246 11 2 19 28 17 18
L 249 18 10
D 248 17 2 23 249 25 29
D 247 15 2 21 248 26 29
D 250 11 2 17 28 19 18
D 245 13 2 246 247 250 29
D 244 9 2 11 245 30 29
D 252 3 2 7 6 5 34
D 251 1 2 3 252 9 4
D 254 13 2 210 247 211 29
D 253 9 2 11 254 30 29
D 256 3 2 7 34 5 8
D 255 1 2 3 256 9 33
D 243 5 3 2 244 251 253 255 29
D 0 19 6 1 35 206 213 218 223 226 231 234 239 243 8
