c ids of sdd nodes start at 0
c sdd nodes appear bottom-up, children before parents
c
c file syntax:
c sdd count-of-sdd-nodes
c F id-of-false-sdd-node
c T id-of-true-sdd-node
c L id-of-literal-sdd-node id-of-vtree literal
c D id-of-decomposition-sdd-node id-of-vtree number-of-elements {id-of-prime id-of-sub}*
c
sdd 312
L 3 0 -2
L 5 2 -3
L 6 4 -4
L 7 2 3
F 8
D 4 3 2 5 6 7 8
L 9 0 2
D 2 1 2 3 4 9 8
L 12 6 -6
L 13 8 -7
L 14 6 6
D 11 7 2 12 13 14 8
L 17 10 -5
L 18 12 1
L 19 10 5
D 16 11 2 17 18 19 8
L 21 14 -8
L 23 16 -9
L 24 18 -10
L 25 16 9
D 22 17 2 23 24 25 8
L 26 14 8
D 20 15 2 21 22 26 8
L 28 12 -1
T 29
D 27 11 2 17 28 19 29
D 15 13 2 16 20 27 8
L 31 8 7
D 30 7 2 12 31 14 29
D 10 9 2 11 15 30 8
L 34 4 4
D 33 3 2 5 34 7 29
D 32 1 2 3 33 9 29
D 1 5 2 2 10 32 8
L 38 20 16
L 39 22 -17
L 40 20 -16
D 37 21 2 38 39 40 8
L 42 24 -18
L 44 26 -19
L 45 28 -20
L 46 26 19
D 43 27 2 44 45 46 8
L 47 24 18
D 41 25 2 42 43 47 8
L 49 22 17
D 48 21 2 38 49 40 29
D 36 23 2 37 41 48 8
L 53 30 -13
L 54 32 -14
L 55 30 13
D 52 31 2 53 54 55 8
L 57 34 -12
L 59 36 -15
L 60 38 -11
L 61 36 15
D 58 37 2 59 60 61 8
L 62 34 12
D 56 35 2 57 58 62 8
L 64 32 14
D 63 31 2 53 64 55 29
D 51 33 2 52 56 63 8
L 68 40 -36
L 69 42 -37
L 70 40 36
D 67 41 2 68 69 70 8
L 72 44 -38
L 74 46 -39
L 75 48 -40
L 76 46 39
D 73 47 2 74 75 76 8
L 77 44 38
D 71 45 2 72 73 77 8
L 79 42 37
D 78 41 2 68 79 70 29
D 66 43 2 67 71 78 8
L 83 50 -33
L 84 52 -32
L 85 50 33
D 82 51 2 83 84 85 8
L 87 54 31
L 89 56 -34
L 90 58 -35
L 91 56 34
D 88 57 2 89 90 91 8
L 92 54 -31
D 86 55 2 87 88 92 8
L 94 52 32
D 93 51 2 83 94 85 29
D 81 53 2 82 86 93 8
L 97 60 -21
L 98 62 22
L 99 60 21
D 96 61 2 97 98 99 8
L 102 64 -23
L 103 66 -24
L 104 64 23
D 101 65 2 102 103 104 8
L 106 68 -25
L 108 70 -26
L 110 72 -27
L 112 74 -28
L 114 76 -29
L 115 78 -30
L 116 76 29
D 113 77 2 114 115 116 8
L 117 74 28
D 111 75 2 112 113 117 8
L 118 72 27
D 109 73 2 110 111 118 8
L 119 70 26
D 107 71 2 108 109 119 8
L 120 68 25
D 105 69 2 106 107 120 8
L 122 66 24
D 121 65 2 102 122 104 29
D 100 67 2 101 105 121 8
L 124 62 -22
D 123 61 2 97 124 99 29
D 95 63 2 96 100 123 8
D 126 51 2 83 94 85 8
D 127 55 2 92 88 87 8
D 128 51 2 83 84 85 29
D 125 53 2 126 127 128 8
D 130 61 2 99 124 97 8
D 131 61 2 99 98 97 29
D 129 63 2 130 100 131 8
L 135 58 35
D 134 57 2 89 135 91 29
D 133 55 2 92 134 87 29
D 136 55 2 87 134 92 29
D 132 53 3 126 133 82 136 85 29
D 80 59 3 81 95 125 129 132 8
L 140 48 40
D 139 47 2 74 140 76 29
D 138 45 2 72 139 77 29
D 137 43 2 67 138 78 29
D 65 49 2 66 80 137 8
L 144 38 11
D 143 37 2 59 144 61 29
D 142 35 2 57 143 62 29
D 141 33 2 52 142 63 29
D 50 39 2 51 65 141 8
D 146 21 2 40 39 38 8
D 147 21 2 40 49 38 29
D 145 23 2 146 41 147 8
D 151 37 2 59 144 61 8
D 150 35 2 57 151 62 8
D 149 33 2 52 150 63 8
D 154 41 2 70 69 68 8
D 155 41 2 70 79 68 29
D 153 43 2 154 71 155 8
D 157 53 2 82 127 93 8
D 158 53 2 82 133 93 29
D 156 59 2 157 95 158 8
D 162 57 2 89 135 91 8
D 161 55 2 92 162 87 8
D 160 53 2 82 161 93 8
D 164 61 2 97 124 99 8
D 166 65 2 104 103 102 8
D 167 65 2 104 122 102 29
D 165 67 2 166 105 167 8
D 168 61 2 97 98 99 29
D 163 63 2 164 165 168 8
D 171 57 2 91 90 89 8
D 170 55 2 92 171 87 8
D 169 53 2 82 170 93 8
D 174 65 2 102 122 104 8
D 175 65 2 102 103 104 29
D 173 67 2 174 105 175 8
D 172 63 2 164 173 168 8
D 177 51 2 85 84 83 8
D 178 51 2 85 94 83 29
D 176 53 2 177 127 178 8
D 181 69 2 120 107 106 8
D 180 67 2 101 181 121 8
D 179 63 2 164 180 168 8
D 185 71 2 119 109 108 8
D 184 69 2 106 185 120 8
D 183 67 2 101 184 121 8
D 182 63 2 164 183 168 8
D 190 73 2 118 111 110 8
D 189 71 2 108 190 119 8
D 188 69 2 106 189 120 8
D 187 67 2 101 188 121 8
D 186 63 2 164 187 168 8
D 193 57 2 89 90 91 135
D 192 55 2 92 193 87 134
D 194 51 2 85 84 83 94
D 195 51 2 85 94 83 8
D 191 53 3 82 192 194 133 195 29
D 159 59 6 160 163 169 172 176 179 125 182 81 186 191 8
D 197 41 2 68 79 70 8
D 198 41 2 68 69 70 29
D 196 43 2 197 71 198 8
D 199 59 2 157 129 158 8
D 201 41 2 70 69 68 29
D 202 41 2 70 79 68 8
D 200 43 2 201 138 202 29
D 152 49 4 153 156 66 159 196 199 200 8
D 204 35 2 62 58 57 8
D 203 33 2 52 204 63 8
D 206 59 6 169 163 176 172 125 179 81 182 160 95 191 8
D 207 43 2 69 138 79 29
D 205 49 3 153 199 66 206 207 8
D 209 31 2 55 54 53 8
D 210 31 2 55 64 53 29
D 208 33 2 209 56 210 8
D 212 59 6 176 163 125 172 81 179 169 95 160 129 191 8
D 211 49 2 66 212 137 8
D 214 31 2 53 64 55 8
D 215 31 2 53 54 55 29
D 213 33 2 214 56 215 8
D 220 57 2 91 135 89 29
D 219 55 2 92 220 87 134
D 218 53 3 82 219 194 133 195 29
D 217 59 5 125 163 81 172 176 95 169 129 218 8
D 216 49 2 66 217 137 8
D 223 37 2 61 60 59 8
D 222 35 2 57 223 62 8
D 221 33 2 52 222 63 8
D 226 53 3 194 133 82 136 195 29
D 225 59 4 81 163 125 95 176 129 226 8
D 224 49 2 66 225 137 8
D 229 37 2 59 60 61 144
D 228 35 2 57 229 62 143
D 230 31 2 55 54 53 64
D 231 31 2 55 64 53 8
D 227 33 3 52 228 230 142 231 29
D 148 39 6 149 152 203 205 208 211 213 216 221 224 227 8
D 233 21 2 40 49 38 8
D 234 21 2 40 39 38 29
D 232 23 2 233 41 234 8
D 238 53 2 82 136 93 29
D 237 59 2 81 129 238 8
D 236 49 2 66 237 137 8
D 235 39 2 51 236 141 8
D 240 21 2 38 39 40 29
L 243 28 20
D 242 27 2 44 243 46 29
D 241 25 2 42 242 47 29
D 244 21 2 38 49 40 8
D 239 23 2 240 241 244 29
D 35 29 4 36 50 145 148 232 235 239 8
D 246 1 2 9 4 3 8
D 249 11 2 17 28 19 8
D 250 11 2 17 18 19 29
D 248 13 2 249 20 250 8
D 247 9 2 11 248 30 8
D 251 1 2 9 33 3 29
D 245 5 2 246 247 251 8
D 253 39 6 149 205 203 211 208 216 213 224 221 65 227 8
D 254 23 2 39 241 49 29
D 252 29 3 36 235 145 253 254 8
D 257 3 2 7 6 5 8
D 256 1 2 3 257 9 8
D 259 3 2 7 34 5 29
D 258 1 2 3 259 9 29
D 255 5 2 256 247 258 8
D 261 39 6 149 211 203 216 208 224 213 65 221 236 227 8
D 262 23 2 146 241 147 29
D 260 29 2 145 261 262 8
D 265 3 2 5 34 7 8
D 264 1 2 3 265 9 8
D 267 3 2 5 6 7 29
D 266 1 2 3 267 9 29
D 263 5 2 264 247 266 8
D 272 37 2 59 60 61 29
D 271 35 2 62 143 57 272
D 270 33 3 52 271 230 142 231 29
D 269 39 5 149 216 203 224 208 65 213 236 270 8
D 268 29 2 145 269 262 8
D 276 11 2 19 28 17 8
D 277 11 2 19 18 17 29
D 275 13 2 276 20 277 8
D 274 9 2 11 275 30 8
D 273 5 2 2 274 32 8
D 280 33 3 52 271 209 142 64 29
D 279 39 4 149 224 203 65 208 236 280 8
D 278 29 2 145 279 262 8
D 283 7 2 14 13 12 8
D 284 7 2 14 31 12 29
D 282 9 2 283 248 284 8
D 281 5 2 2 282 32 8
D 287 33 2 52 271 63 29
D 286 39 3 149 65 203 236 287 8
D 285 29 2 145 286 262 8
D 290 7 2 12 31 14 8
D 291 7 2 12 13 14 29
D 289 9 2 290 248 291 8
D 288 5 2 2 289 32 8
D 295 35 2 57 272 62 29
D 294 33 2 52 295 63 29
D 293 39 2 149 236 294 8
D 292 29 2 145 293 262 8
D 299 11 2 19 28 17 18
L 302 18 10
D 301 17 2 23 302 25 29
D 300 15 2 21 301 26 29
D 303 11 2 17 28 19 18
D 298 13 2 299 300 303 29
D 304 7 2 14 13 12 31
D 305 13 2 249 300 250 29
D 306 7 2 14 31 12 8
D 297 9 3 11 298 304 305 306 29
D 308 3 2 7 6 5 34
D 307 1 2 3 308 9 4
D 309 9 2 11 305 30 29
D 311 3 2 7 34 5 8
D 310 1 2 3 311 9 33
D 296 5 3 2 297 307 309 310 29
D 0 19 8 1 35 245 252 255 260 263 268 273 278 281 285 288 292 296 8
