c ids of sdd nodes start at 0
c sdd nodes appear bottom-up, children before parents
c
c file syntax:
c sdd count-of-sdd-nodes
c F id-of-false-sdd-node
c T id-of-true-sdd-node
c L id-of-literal-sdd-node id-of-vtree literal
c D id-of-decomposition-sdd-node id-of-vtree number-of-elements {id-of-prime id-of-sub}*
c
sdd 337
L 3 0 -2
L 5 2 -3
L 6 4 -4
L 7 2 3
F 8
D 4 3 2 5 6 7 8
L 9 0 2
D 2 1 2 3 4 9 8
L 12 6 -6
L 13 8 -7
L 14 6 6
D 11 7 2 12 13 14 8
L 17 10 -5
L 18 12 1
L 19 10 5
D 16 11 2 17 18 19 8
L 21 14 -8
L 23 16 -9
L 24 18 -10
L 25 16 9
D 22 17 2 23 24 25 8
L 26 14 8
D 20 15 2 21 22 26 8
L 28 12 -1
T 29
D 27 11 2 17 28 19 29
D 15 13 2 16 20 27 8
L 31 8 7
D 30 7 2 12 31 14 29
D 10 9 2 11 15 30 8
L 34 4 4
D 33 3 2 5 34 7 29
D 32 1 2 3 33 9 29
D 1 5 2 2 10 32 8
L 38 20 16
L 39 22 -17
L 40 20 -16
D 37 21 2 38 39 40 8
L 42 24 -18
L 44 26 -19
L 45 28 -20
L 46 26 19
D 43 27 2 44 45 46 8
L 47 24 18
D 41 25 2 42 43 47 8
L 49 22 17
D 48 21 2 38 49 40 29
D 36 23 2 37 41 48 8
L 53 30 -13
L 54 32 -14
L 55 30 13
D 52 31 2 53 54 55 8
L 57 34 -12
L 59 36 -15
L 60 38 -11
L 61 36 15
D 58 37 2 59 60 61 8
L 62 34 12
D 56 35 2 57 58 62 8
L 64 32 14
D 63 31 2 53 64 55 29
D 51 33 2 52 56 63 8
L 68 40 -36
L 69 42 -37
L 70 40 36
D 67 41 2 68 69 70 8
L 72 44 -38
L 74 46 -39
L 75 48 -40
L 76 46 39
D 73 47 2 74 75 76 8
L 77 44 38
D 71 45 2 72 73 77 8
L 79 42 37
D 78 41 2 68 79 70 29
D 66 43 2 67 71 78 8
L 83 50 -33
L 84 52 -32
L 85 50 33
D 82 51 2 83 84 85 8
L 87 54 31
L 89 56 -34
L 90 58 -35
L 91 56 34
D 88 57 2 89 90 91 8
L 92 54 -31
D 86 55 2 87 88 92 8
L 94 52 32
D 93 51 2 83 94 85 29
D 81 53 2 82 86 93 8
L 97 60 -21
L 98 62 -22
L 99 60 21
D 96 61 2 97 98 99 8
L 102 64 23
L 103 66 -24
L 104 64 -23
D 101 65 2 102 103 104 8
L 106 68 -25
L 108 70 -26
L 110 72 -27
L 112 74 -28
L 114 76 -29
L 115 78 -30
L 116 76 29
D 113 77 2 114 115 116 8
L 117 74 28
D 111 75 2 112 113 117 8
L 118 72 27
D 109 73 2 110 111 118 8
L 119 70 26
D 107 71 2 108 109 119 8
L 120 68 25
D 105 69 2 106 107 120 8
L 122 66 24
D 121 65 2 102 122 104 29
D 100 67 2 101 105 121 8
L 124 62 22
D 123 61 2 97 124 99 29
D 95 63 2 96 100 123 8
D 126 51 2 83 94 85 8
D 127 55 2 92 88 87 8
D 128 51 2 83 84 85 29
D 125 53 2 126 127 128 8
D 130 61 2 97 124 99 8
D 132 65 2 104 103 102 8
D 133 65 2 104 122 102 29
D 131 67 2 132 105 133 8
D 134 61 2 97 98 99 29
D 129 63 2 130 131 134 8
D 136 51 2 85 84 83 8
D 137 51 2 85 94 83 29
D 135 53 2 136 127 137 8
D 139 61 2 99 98 97 8
D 140 61 2 99 124 97 29
D 138 63 2 139 131 140 8
D 142 51 2 85 84 83 94
L 145 58 35
D 144 57 2 89 145 91 29
D 143 55 2 92 144 87 29
D 146 55 2 87 144 92 29
D 147 51 2 85 94 83 8
D 141 53 3 142 143 82 146 147 29
D 80 59 4 81 95 125 129 135 138 141 8
L 151 48 40
D 150 47 2 74 151 76 29
D 149 45 2 72 150 77 29
D 148 43 2 67 149 78 29
D 65 49 2 66 80 148 8
L 155 38 11
D 154 37 2 59 155 61 29
D 153 35 2 57 154 62 29
D 152 33 2 52 153 63 29
D 50 39 2 51 65 152 8
D 157 21 2 40 39 38 8
D 158 21 2 40 49 38 29
D 156 23 2 157 41 158 8
D 162 37 2 59 155 61 8
D 161 35 2 57 162 62 8
D 160 33 2 52 161 63 8
D 170 75 2 117 113 112 8
D 169 73 2 110 170 118 8
D 168 71 2 108 169 119 8
D 167 69 2 106 168 120 8
D 166 67 2 132 167 133 8
D 165 63 2 96 166 123 8
D 173 57 2 89 145 91 8
D 172 55 2 92 173 87 8
D 171 53 2 82 172 93 8
D 176 65 2 104 122 102 8
D 177 65 2 104 103 102 29
D 175 67 2 176 105 177 8
D 174 63 2 96 175 123 8
D 180 57 2 91 90 89 8
D 179 55 2 92 180 87 8
D 178 53 2 82 179 93 8
D 183 69 2 120 107 106 8
D 182 67 2 132 183 133 8
D 181 63 2 96 182 123 8
D 187 71 2 119 109 108 8
D 186 69 2 106 187 120 8
D 185 67 2 132 186 133 8
D 184 63 2 96 185 123 8
D 192 73 2 118 111 110 8
D 191 71 2 108 192 119 8
D 190 69 2 106 191 120 8
D 189 67 2 132 190 133 8
D 188 63 2 96 189 123 8
D 195 57 2 89 90 91 145
D 194 55 2 92 195 87 144
D 193 53 3 82 194 142 143 147 29
D 164 59 6 81 165 171 174 178 181 135 184 125 188 193 8
D 197 41 2 70 69 68 8
D 198 41 2 70 79 68 29
D 196 43 2 197 71 198 8
D 200 53 2 82 127 93 8
D 201 53 2 82 143 93 29
D 199 59 2 200 95 201 8
D 203 41 2 68 79 70 8
D 204 41 2 68 69 70 29
D 202 43 2 203 71 204 8
D 205 59 2 200 129 201 8
D 207 45 2 77 73 72 8
D 206 43 2 67 207 78 8
D 208 59 2 200 138 201 8
D 210 41 2 70 69 68 79
D 211 41 2 70 79 68 8
D 209 43 3 210 149 67 150 211 29
D 163 49 5 66 164 196 199 202 205 206 208 209 8
D 213 35 2 62 58 57 8
D 212 33 2 52 213 63 8
D 215 59 6 171 95 178 174 135 181 125 184 81 188 193 8
D 217 41 2 70 69 68 29
D 216 43 2 217 149 211 29
D 214 49 4 196 205 66 215 202 208 216 8
D 219 31 2 55 54 53 8
D 220 31 2 55 64 53 29
D 218 33 2 219 56 220 8
D 222 59 6 178 95 135 174 125 181 81 184 171 129 193 8
D 223 43 2 69 149 79 29
D 221 49 3 196 208 66 222 223 8
D 225 31 2 53 64 55 8
D 226 31 2 53 54 55 29
D 224 33 2 225 56 226 8
D 228 59 6 135 95 125 174 81 181 178 129 171 138 193 8
D 227 49 2 66 228 148 8
D 231 37 2 61 60 59 8
D 230 35 2 57 231 62 8
D 229 33 2 52 230 63 8
D 236 57 2 91 145 89 29
D 235 55 2 92 236 87 144
D 234 53 3 82 235 142 143 147 29
D 233 59 5 125 95 81 174 135 129 178 138 234 8
D 232 49 2 66 233 148 8
D 239 37 2 59 60 61 155
D 238 35 2 57 239 62 154
D 240 31 2 55 54 53 64
D 241 31 2 55 64 53 8
D 237 33 3 52 238 240 153 241 29
D 159 39 6 160 163 212 214 218 221 224 227 229 232 237 8
D 243 21 2 40 49 38 8
D 244 21 2 40 39 38 29
D 242 23 2 243 41 244 8
D 248 53 3 126 143 82 146 85 29
D 247 59 3 81 129 125 138 248 8
D 246 49 2 66 247 148 8
D 245 39 2 51 246 152 8
D 250 25 2 47 43 42 8
D 249 23 2 157 250 158 8
D 254 53 2 82 146 93 29
D 253 59 2 81 138 254 8
D 252 49 2 66 253 148 8
D 251 39 2 51 252 152 8
D 256 21 2 38 39 40 49
L 259 28 20
D 258 27 2 44 259 46 29
D 257 25 2 42 258 47 29
D 260 21 2 38 49 40 8
D 255 23 3 256 257 157 258 260 29
D 35 29 5 36 50 156 159 242 245 249 251 255 8
D 262 1 2 9 4 3 8
D 265 11 2 17 28 19 8
D 266 11 2 17 18 19 29
D 264 13 2 265 20 266 8
D 263 9 2 11 264 30 8
D 267 1 2 9 33 3 29
D 261 5 2 262 263 267 8
D 269 39 6 160 214 212 221 218 227 224 232 229 65 237 8
D 271 21 2 38 39 40 29
D 270 23 2 271 257 260 29
D 268 29 4 36 245 156 269 242 251 270 8
D 274 3 2 7 6 5 8
D 273 1 2 3 274 9 8
D 276 3 2 7 34 5 29
D 275 1 2 3 276 9 29
D 272 5 2 273 263 275 8
D 278 39 6 160 221 212 227 218 232 224 65 229 246 237 8
D 279 23 2 39 257 49 29
D 277 29 3 36 251 156 278 279 8
D 282 3 2 5 34 7 8
D 281 1 2 3 282 9 8
D 284 3 2 5 6 7 29
D 283 1 2 3 284 9 29
D 280 5 2 281 263 283 8
D 286 39 6 160 227 212 232 218 65 224 246 229 252 237 8
D 287 23 2 157 257 158 29
D 285 29 2 156 286 287 8
D 291 11 2 19 28 17 8
D 292 11 2 19 18 17 29
D 290 13 2 291 20 292 8
D 289 9 2 11 290 30 8
D 288 5 2 2 289 32 8
D 297 37 2 59 60 61 29
D 296 35 2 62 154 57 297
D 295 33 3 52 296 240 153 241 29
D 294 39 5 160 232 212 65 218 246 224 252 295 8
D 293 29 2 156 294 287 8
D 300 7 2 14 13 12 8
D 301 7 2 14 31 12 29
D 299 9 2 300 264 301 8
D 298 5 2 2 299 32 8
D 304 33 3 52 296 219 153 64 29
D 303 39 4 160 65 212 246 218 252 304 8
D 302 29 2 156 303 287 8
D 307 7 2 12 31 14 8
D 308 7 2 12 13 14 29
D 306 9 2 307 264 308 8
D 305 5 2 2 306 32 8
D 311 33 2 52 296 63 29
D 310 39 3 160 246 212 252 311 8
D 309 29 2 156 310 287 8
D 315 15 2 26 22 21 8
D 314 13 2 265 315 266 8
D 313 9 2 11 314 30 8
D 312 5 2 2 313 32 8
D 319 35 2 57 297 62 29
D 318 33 2 52 319 63 29
D 317 39 2 160 252 318 8
D 316 29 2 156 317 287 8
L 325 18 10
D 324 17 2 23 325 25 29
D 323 15 2 26 324 21 29
D 326 11 2 19 28 17 18
D 327 15 2 21 324 26 29
D 328 11 2 19 18 17 8
D 322 13 3 265 323 326 327 328 29
D 329 7 2 14 13 12 31
D 330 13 2 265 327 266 29
D 331 7 2 14 31 12 8
D 321 9 3 11 322 329 330 331 29
D 333 3 2 7 6 5 34
D 332 1 2 3 333 9 4
D 334 9 2 11 330 30 29
D 336 3 2 7 34 5 8
D 335 1 2 3 336 9 33
D 320 5 3 2 321 332 334 335 29
D 0 19 9 1 35 261 268 272 277 280 285 288 293 298 302 305 309 312 316 320 8
