c ids of sdd nodes start at 0
c sdd nodes appear bottom-up, children before parents
c
c file syntax:
c sdd count-of-sdd-nodes
c F id-of-false-sdd-node
c T id-of-true-sdd-node
c L id-of-literal-sdd-node id-of-vtree literal
c D id-of-decomposition-sdd-node id-of-vtree number-of-elements {id-of-prime id-of-sub}*
c
sdd 926
L 3 0 -4
L 5 2 -2
L 6 4 -3
L 7 2 2
F 8
D 4 3 2 5 6 7 8
L 9 0 4
D 2 1 2 3 4 9 8
L 12 6 -6
L 13 8 -7
L 14 6 6
D 11 7 2 12 13 14 8
L 17 10 -5
L 18 12 1
L 19 10 5
D 16 11 2 17 18 19 8
L 21 14 -8
L 23 16 -9
L 24 18 -10
L 25 16 9
D 22 17 2 23 24 25 8
L 26 14 8
D 20 15 2 21 22 26 8
L 28 12 -1
T 29
D 27 11 2 17 28 19 29
D 15 13 2 16 20 27 8
L 31 8 7
D 30 7 2 12 31 14 29
D 10 9 2 11 15 30 8
L 34 4 3
D 33 3 2 5 34 7 29
D 32 1 2 3 33 9 29
D 1 5 2 2 10 32 8
L 38 20 -14
L 40 22 -12
L 41 24 -13
L 42 22 12
D 39 23 2 40 41 42 8
L 43 20 14
D 37 21 2 38 39 43 8
L 46 26 -16
L 47 28 -17
L 48 26 16
D 45 27 2 46 47 48 8
L 51 30 -15
L 52 32 11
L 53 30 15
D 50 31 2 51 52 53 8
L 55 34 -18
L 57 36 -19
L 58 38 -20
L 59 36 19
D 56 37 2 57 58 59 8
L 60 34 18
D 54 35 2 55 56 60 8
L 62 32 -11
D 61 31 2 51 62 53 29
D 49 33 2 50 54 61 8
L 64 28 17
D 63 27 2 46 64 48 29
D 44 29 2 45 49 63 8
L 67 24 13
D 66 23 2 40 67 42 29
D 65 21 2 38 66 43 29
D 36 25 2 37 44 65 8
L 71 40 -24
L 73 42 -22
L 74 44 -23
L 75 42 22
D 72 43 2 73 74 75 8
L 76 40 24
D 70 41 2 71 72 76 8
L 79 46 -26
L 80 48 -27
L 81 46 26
D 78 47 2 79 80 81 8
L 84 50 -25
L 85 52 21
L 86 50 25
D 83 51 2 84 85 86 8
L 88 54 -28
L 90 56 -29
L 91 58 -30
L 92 56 29
D 89 57 2 90 91 92 8
L 93 54 28
D 87 55 2 88 89 93 8
L 95 52 -21
D 94 51 2 84 95 86 29
D 82 53 2 83 87 94 8
L 97 48 27
D 96 47 2 79 97 81 29
D 77 49 2 78 82 96 8
L 100 44 23
D 99 43 2 73 100 75 29
D 98 41 2 71 99 76 29
D 69 45 2 70 77 98 8
L 104 60 -34
L 106 62 -32
L 107 64 -33
L 108 62 32
D 105 63 2 106 107 108 8
L 109 60 34
D 103 61 2 104 105 109 8
L 112 66 -36
L 113 68 -37
L 114 66 36
D 111 67 2 112 113 114 8
L 117 70 -35
L 118 72 31
L 119 70 35
D 116 71 2 117 118 119 8
L 121 74 -38
L 123 76 -39
L 124 78 -40
L 125 76 39
D 122 77 2 123 124 125 8
L 126 74 38
D 120 75 2 121 122 126 8
L 128 72 -31
D 127 71 2 117 128 119 29
D 115 73 2 116 120 127 8
L 130 68 37
D 129 67 2 112 130 114 29
D 110 69 2 111 115 129 8
L 133 64 33
D 132 63 2 106 133 108 29
D 131 61 2 104 132 109 29
D 102 65 2 103 110 131 8
L 137 80 -42
L 139 82 -43
L 140 84 -44
L 141 82 43
D 138 83 2 139 140 141 8
L 142 80 42
D 136 81 2 137 138 142 8
L 145 86 -46
L 146 88 -47
L 147 86 46
D 144 87 2 145 146 147 8
L 150 90 -45
L 151 92 41
L 152 90 45
D 149 91 2 150 151 152 8
L 154 94 -48
L 156 96 -49
L 157 98 -50
L 158 96 49
D 155 97 2 156 157 158 8
L 159 94 48
D 153 95 2 154 155 159 8
L 161 92 -41
D 160 91 2 150 161 152 29
D 148 93 2 149 153 160 8
L 163 88 47
D 162 87 2 145 163 147 29
D 143 89 2 144 148 162 8
L 166 84 44
D 165 83 2 139 166 141 29
D 164 81 2 137 165 142 29
D 135 85 2 136 143 164 8
L 170 100 56
L 171 102 -57
L 172 100 -56
D 169 101 2 170 171 172 8
L 174 104 -58
L 176 106 -59
L 177 108 -60
L 178 106 59
D 175 107 2 176 177 178 8
L 179 104 58
D 173 105 2 174 175 179 8
L 181 102 57
D 180 101 2 170 181 172 29
D 168 103 2 169 173 180 8
L 185 110 -53
L 186 112 -54
L 187 110 53
D 184 111 2 185 186 187 8
L 189 114 -52
L 191 116 -55
L 192 118 -51
L 193 116 55
D 190 117 2 191 192 193 8
L 194 114 52
D 188 115 2 189 190 194 8
L 196 112 54
D 195 111 2 185 196 187 29
D 183 113 2 184 188 195 8
L 200 120 76
L 201 122 -77
L 202 120 -76
D 199 121 2 200 201 202 8
L 204 124 -78
L 206 126 -79
L 207 128 -80
L 208 126 79
D 205 127 2 206 207 208 8
L 209 124 78
D 203 125 2 204 205 209 8
L 211 122 77
D 210 121 2 200 211 202 29
D 198 123 2 199 203 210 8
L 215 130 -73
L 216 132 -72
L 217 130 73
D 214 131 2 215 216 217 8
L 219 134 -71
L 221 136 -74
L 222 138 -75
L 223 136 74
D 220 137 2 221 222 223 8
L 224 134 71
D 218 135 2 219 220 224 8
L 226 132 72
D 225 131 2 215 226 217 29
D 213 133 2 214 218 225 8
L 229 140 61
L 230 142 -62
L 231 140 -61
D 228 141 2 229 230 231 8
L 234 144 -63
L 235 146 -64
L 236 144 63
D 233 145 2 234 235 236 8
L 238 148 -65
L 240 150 -66
L 242 152 -67
L 244 154 -68
L 246 156 -69
L 247 158 -70
L 248 156 69
D 245 157 2 246 247 248 8
L 249 154 68
D 243 155 2 244 245 249 8
L 250 152 67
D 241 153 2 242 243 250 8
L 251 150 66
D 239 151 2 240 241 251 8
L 252 148 65
D 237 149 2 238 239 252 8
L 254 146 64
D 253 145 2 234 254 236 29
D 232 147 2 233 237 253 8
L 256 142 62
D 255 141 2 229 256 231 29
D 227 143 2 228 232 255 8
L 260 138 75
D 259 137 2 221 260 223 29
D 258 135 2 219 259 224 29
D 257 133 2 214 258 225 29
D 212 139 2 213 227 257 8
D 262 121 2 202 201 200 8
D 263 121 2 202 211 200 29
D 261 123 2 262 203 263 8
D 267 137 2 223 222 221 8
D 266 135 2 219 267 224 8
D 265 133 2 214 266 225 8
D 269 141 2 231 230 229 8
D 271 145 2 236 235 234 8
D 272 145 2 236 254 234 29
D 270 147 2 271 237 272 8
D 273 141 2 231 256 229 29
D 268 143 2 269 270 273 8
D 275 131 2 217 216 215 8
D 276 131 2 217 226 215 29
D 274 133 2 275 218 276 8
D 279 145 2 234 254 236 8
D 280 145 2 234 235 236 29
D 278 147 2 279 237 280 8
D 277 143 2 269 278 273 8
D 282 131 2 215 226 217 8
D 283 131 2 215 216 217 29
D 281 133 2 282 218 283 8
D 286 149 2 252 239 238 8
D 285 147 2 233 286 253 8
D 284 143 2 269 285 273 8
D 288 135 2 224 220 219 8
D 287 133 2 214 288 225 8
D 292 151 2 251 241 240 8
D 291 149 2 238 292 252 8
D 290 147 2 233 291 253 8
D 289 143 2 269 290 273 8
D 295 137 2 221 260 223 8
D 294 135 2 219 295 224 8
D 293 133 2 214 294 225 8
D 297 141 2 231 256 229 8
D 298 141 2 231 230 229 29
D 296 143 2 297 232 298 8
D 301 137 2 221 222 223 260
D 300 135 2 219 301 224 259
D 302 131 2 217 216 215 226
D 303 131 2 217 226 215 8
D 299 133 3 214 300 302 258 303 29
D 264 139 6 265 268 274 277 281 284 287 289 293 296 299 8
L 307 128 80
D 306 127 2 206 307 208 29
D 305 125 2 204 306 209 29
D 304 123 2 201 305 211 29
D 197 129 3 198 212 261 264 304 8
L 311 118 51
D 310 117 2 191 311 193 29
D 309 115 2 189 310 194 29
D 308 113 2 184 309 195 29
D 182 119 2 183 197 308 8
D 313 101 2 172 171 170 8
D 314 101 2 172 181 170 29
D 312 103 2 313 173 314 8
D 318 117 2 191 311 193 8
D 317 115 2 189 318 194 8
D 316 113 2 184 317 195 8
L 328 158 70
D 327 157 2 246 328 248 8
D 326 155 2 244 327 249 8
D 325 153 2 242 326 250 8
D 324 151 2 240 325 251 8
D 323 149 2 238 324 252 8
D 322 147 2 233 323 253 8
D 321 143 2 269 322 273 8
D 335 157 2 248 247 246 8
D 334 155 2 244 335 249 8
D 333 153 2 242 334 250 8
D 332 151 2 240 333 251 8
D 331 149 2 238 332 252 8
D 330 147 2 233 331 253 8
D 329 143 2 269 330 273 8
D 341 155 2 249 245 244 8
D 340 153 2 242 341 250 8
D 339 151 2 240 340 251 8
D 338 149 2 238 339 252 8
D 337 147 2 233 338 253 8
D 336 143 2 269 337 273 8
D 346 153 2 250 243 242 8
D 345 151 2 240 346 251 8
D 344 149 2 238 345 252 8
D 343 147 2 233 344 253 8
D 342 143 2 269 343 273 8
D 348 135 2 219 301 224 29
D 347 133 3 214 348 302 258 303 29
D 320 139 5 281 321 274 329 265 336 293 342 347 8
D 351 127 2 208 207 206 8
D 350 125 2 204 351 209 8
D 349 123 2 262 350 263 8
D 352 139 2 213 268 257 8
D 355 127 2 206 307 208 8
D 354 125 2 204 355 209 8
D 353 123 2 262 354 263 8
D 356 139 2 213 296 257 8
D 358 125 2 209 205 204 8
D 357 123 2 262 358 263 8
D 359 139 2 213 277 257 8
D 361 121 2 202 211 200 8
D 362 121 2 202 201 200 29
D 360 123 2 361 203 362 8
D 363 139 2 213 284 257 8
D 364 139 2 213 289 257 8
D 367 127 2 208 307 206 8
D 366 125 2 204 367 209 306
D 368 121 2 200 201 202 211
D 369 121 2 200 211 202 8
D 365 123 3 262 366 368 305 369 29
D 319 129 7 261 320 349 352 353 356 357 359 360 363 198 364 365 8
D 371 115 2 194 190 189 8
D 370 113 2 184 371 195 8
D 373 139 6 287 321 281 329 274 336 293 289 265 342 299 8
D 372 129 7 261 373 357 352 349 356 360 359 353 212 198 363 365 8
D 375 111 2 187 186 185 8
D 376 111 2 187 196 185 29
D 374 113 2 375 188 376 8
D 378 139 6 287 329 281 336 293 284 265 289 274 342 299 8
D 380 125 2 209 306 204 307
D 379 123 3 262 380 368 305 369 29
D 377 129 6 261 378 360 352 357 356 198 359 349 212 379 8
D 382 111 2 185 196 187 8
D 383 111 2 185 186 187 29
D 381 113 2 382 188 383 8
D 385 139 6 287 336 293 277 265 284 274 289 281 342 299 8
D 386 123 3 368 305 262 306 369 29
D 384 129 5 261 385 198 352 360 356 357 212 386 8
D 389 117 2 193 192 191 8
D 388 115 2 189 389 194 8
D 387 113 2 184 388 195 8
D 391 139 6 293 268 265 277 274 284 281 289 287 342 299 8
D 393 121 2 200 201 202 29
D 392 123 2 393 305 369 29
D 390 129 4 198 356 261 391 360 212 392 8
D 396 117 2 191 192 193 311
D 395 115 2 189 396 194 310
D 397 111 2 187 186 185 196
D 398 111 2 187 196 185 8
D 394 113 3 184 395 397 309 398 29
D 315 119 6 316 319 370 372 374 377 381 384 387 390 394 8
D 400 101 2 172 181 170 8
D 401 101 2 172 171 170 29
D 399 103 2 400 173 401 8
D 404 139 6 274 268 281 277 287 284 265 296 293 227 299 8
D 405 123 2 262 305 263 29
D 403 129 2 261 404 405 8
D 402 119 2 183 403 308 8
D 407 105 2 179 175 174 8
D 406 103 2 313 407 314 8
D 413 137 2 223 260 221 29
D 412 135 2 219 413 224 259
D 411 133 3 214 412 302 258 303 29
D 410 139 5 281 268 287 277 274 296 265 227 411 8
D 409 129 2 261 410 405 8
D 408 119 2 183 409 308 8
D 416 107 2 178 177 176 8
D 415 105 2 174 416 179 8
D 414 103 2 313 415 314 8
D 421 135 2 224 259 219 29
D 420 133 3 302 258 214 421 303 29
D 419 139 4 287 268 281 296 274 227 420 8
D 418 129 2 261 419 405 8
D 417 119 2 183 418 308 8
L 425 108 60
D 424 107 2 176 425 178 8
D 423 105 2 174 424 179 8
D 422 103 2 313 423 314 8
D 429 133 3 282 258 214 421 217 29
D 428 139 3 287 296 281 227 429 8
D 427 129 2 261 428 405 8
D 426 119 2 183 427 308 8
D 432 107 2 178 425 176 8
D 433 107 2 176 425 178 29
D 431 105 2 174 432 179 433
D 434 101 2 170 171 172 181
D 435 105 2 174 433 179 29
D 436 101 2 170 181 172 8
D 430 103 3 313 431 434 435 436 29
D 167 109 7 168 182 312 315 399 402 406 408 414 417 422 426 430 8
D 438 81 2 142 138 137 8
D 441 91 2 150 161 152 8
D 442 91 2 150 151 152 29
D 440 93 2 441 153 442 8
D 439 89 2 144 440 162 8
D 443 81 2 142 165 137 29
D 437 85 2 438 439 443 8
D 445 119 6 316 372 370 377 374 384 381 390 387 197 394 8
D 449 133 2 214 421 225 29
D 448 139 2 287 227 449 8
D 447 129 2 261 448 405 8
D 446 119 2 183 447 308 8
D 444 109 7 168 402 312 445 399 408 406 417 414 426 422 446 430 8
D 452 83 2 141 140 139 8
D 451 81 2 137 452 142 8
D 454 83 2 141 166 139 29
D 453 81 2 137 454 142 29
D 450 85 2 451 439 453 8
D 456 119 6 316 377 370 384 374 390 381 197 387 403 394 8
D 458 105 2 179 433 174 425
D 457 103 3 313 458 434 435 436 29
D 455 109 6 168 408 312 456 399 417 406 426 414 446 457 8
D 461 83 2 139 166 141 8
D 460 81 2 137 461 142 8
D 463 83 2 139 140 141 29
D 462 81 2 137 463 142 29
D 459 85 2 460 439 462 8
D 465 119 6 316 384 370 390 374 197 381 403 387 409 394 8
D 466 103 3 434 435 313 433 436 29
D 464 109 5 168 417 312 465 399 426 406 446 466 8
D 470 91 2 152 161 150 8
D 471 91 2 152 151 150 29
D 469 93 2 470 153 471 8
D 468 89 2 144 469 162 8
D 467 85 2 136 468 164 8
D 473 119 6 316 390 370 197 374 403 381 409 387 418 394 8
D 475 101 2 170 171 172 29
D 474 103 2 475 435 436 29
D 472 109 4 168 426 312 473 399 446 474 8
D 478 87 2 147 146 145 8
D 479 87 2 147 163 145 29
D 477 89 2 478 440 479 8
D 476 85 2 136 477 164 8
D 481 119 6 316 197 370 403 374 409 381 418 387 427 394 8
D 482 103 2 171 435 181 29
D 480 109 3 168 446 312 481 482 8
D 485 87 2 145 163 147 8
D 486 87 2 145 146 147 29
D 484 89 2 485 440 486 8
D 483 85 2 136 484 164 8
D 488 119 6 316 403 370 409 374 418 381 427 387 447 394 8
D 489 103 2 313 435 314 29
D 487 109 2 312 488 489 8
D 493 95 2 159 155 154 8
D 492 93 2 441 493 442 8
D 491 89 2 144 492 162 8
D 490 85 2 136 491 164 8
D 498 117 2 191 192 193 29
D 497 115 2 194 310 189 498
D 496 113 3 184 497 397 309 398 29
D 495 119 5 316 409 370 418 374 427 381 447 496 8
D 494 109 2 312 495 489 8
D 503 97 2 158 157 156 8
D 502 95 2 154 503 159 8
D 501 93 2 441 502 442 8
D 500 89 2 144 501 162 8
D 499 85 2 136 500 164 8
D 506 113 3 184 497 375 309 196 29
D 505 119 4 316 418 370 427 374 447 506 8
D 504 109 2 312 505 489 8
L 512 98 50
D 511 97 2 156 512 158 8
D 510 95 2 154 511 159 8
D 509 93 2 441 510 442 8
D 508 89 2 144 509 162 8
D 507 85 2 136 508 164 8
D 515 113 2 184 497 195 29
D 514 119 3 316 427 370 447 515 8
D 513 109 2 312 514 489 8
D 518 83 2 141 140 139 166
D 517 81 2 137 518 142 138
D 522 97 2 156 512 158 29
D 521 95 2 154 522 159 29
D 520 93 2 441 521 442 29
D 519 89 2 144 520 162 29
D 524 87 2 147 146 145 163
D 526 91 2 152 161 150 151
D 528 97 2 156 157 158 512
D 527 95 2 159 522 154 528
D 529 91 2 152 151 150 8
D 525 93 3 526 521 441 527 529 29
D 530 87 2 147 163 145 8
D 523 89 3 524 520 144 525 530 29
D 532 83 2 141 166 139 8
D 531 81 2 137 532 142 165
D 516 85 3 517 519 136 523 531 29
D 134 99 11 135 167 437 444 450 455 459 464 467 472 476 480 483 487 490 494 499 504 507 513 516 8
D 535 63 2 108 107 106 8
D 534 61 2 104 535 109 8
D 538 71 2 117 128 119 8
D 539 71 2 117 118 119 29
D 537 73 2 538 120 539 8
D 536 69 2 111 537 129 8
D 541 63 2 108 133 106 29
D 540 61 2 104 541 109 29
D 533 65 2 534 536 540 8
D 546 115 2 189 498 194 29
D 545 113 2 184 546 195 29
D 544 119 2 316 447 545 8
D 543 109 2 312 544 489 8
D 542 99 11 135 444 437 455 450 464 459 472 467 480 476 487 483 494 490 504 499 513 507 543 516 8
D 549 63 2 106 133 108 8
D 548 61 2 104 549 109 8
D 551 63 2 106 107 108 29
D 550 61 2 104 551 109 29
D 547 65 2 548 536 550 8
D 557 97 2 158 512 156 29
D 556 95 2 154 557 159 522
D 555 93 3 441 556 526 521 529 29
D 554 89 3 144 555 524 520 530 29
D 553 85 3 136 554 517 519 531 29
D 552 99 10 135 455 437 464 450 472 459 480 467 487 476 494 483 504 490 513 499 543 553 8
D 559 61 2 109 105 104 8
D 560 61 2 109 132 104 29
D 558 65 2 559 536 560 8
D 565 95 2 159 522 154 29
D 564 93 3 441 565 526 521 529 29
D 563 89 3 144 564 524 520 530 29
D 562 85 3 136 563 517 519 531 29
D 561 99 9 135 464 437 472 450 480 459 487 467 494 476 504 483 513 490 543 562 8
D 569 71 2 119 128 117 8
D 570 71 2 119 118 117 29
D 568 73 2 569 120 570 8
D 567 69 2 111 568 129 8
D 566 65 2 103 567 131 8
D 575 91 2 150 161 152 151
D 574 93 2 526 521 575 29
D 573 89 3 144 574 524 520 530 29
D 572 85 3 136 573 517 519 531 29
D 571 99 8 135 472 437 480 450 487 459 494 467 504 476 513 483 543 572 8
D 578 67 2 114 113 112 8
D 579 67 2 114 130 112 29
D 577 69 2 578 537 579 8
D 576 65 2 103 577 131 8
D 582 89 3 144 574 478 520 163 29
D 581 85 3 136 582 517 519 531 29
D 580 99 7 135 480 437 487 450 494 459 504 467 513 476 543 581 8
D 585 67 2 112 130 114 8
D 586 67 2 112 113 114 29
D 584 69 2 585 537 586 8
D 583 65 2 103 584 131 8
D 589 89 2 144 574 162 29
D 588 85 3 136 589 517 519 531 29
D 587 99 6 135 487 437 494 450 504 459 513 467 543 588 8
D 593 75 2 126 122 121 8
D 592 73 2 538 593 539 8
D 591 69 2 111 592 129 8
D 590 65 2 103 591 131 8
D 597 93 2 149 521 160 29
D 596 89 2 144 597 162 29
D 595 85 3 136 596 517 519 531 29
D 594 99 5 135 494 437 504 450 513 459 543 595 8
D 602 77 2 125 124 123 8
D 601 75 2 121 602 126 8
D 600 73 2 538 601 539 8
D 599 69 2 111 600 129 8
D 598 65 2 103 599 131 8
D 605 81 2 137 452 142 138
D 606 81 2 142 165 137 166
D 604 85 3 136 596 605 519 606 29
D 603 99 4 135 504 437 513 450 543 604 8
L 612 78 40
D 611 77 2 123 612 125 8
D 610 75 2 121 611 126 8
D 609 73 2 538 610 539 8
D 608 69 2 111 609 129 8
D 607 65 2 103 608 131 8
D 614 85 3 136 596 438 519 165 29
D 613 99 3 135 513 437 543 614 8
D 617 63 2 108 107 106 133
D 616 61 2 104 617 109 105
D 621 77 2 123 612 125 29
D 620 75 2 121 621 126 29
D 619 73 2 538 620 539 29
D 618 69 2 111 619 129 29
D 623 67 2 114 113 112 130
D 625 71 2 119 128 117 118
D 627 77 2 123 124 125 612
D 626 75 2 126 621 121 627
D 628 71 2 119 118 117 8
D 624 73 3 625 620 538 626 628 29
D 629 67 2 114 130 112 8
D 622 69 3 623 619 111 624 629 29
D 631 63 2 108 133 106 8
D 630 61 2 104 631 109 132
D 615 65 3 616 618 103 622 630 29
D 101 79 11 102 134 533 542 547 552 558 561 566 571 576 580 583 587 590 594 598 603 607 613 615 8
D 634 43 2 75 74 73 8
D 633 41 2 71 634 76 8
D 637 51 2 84 95 86 8
D 638 51 2 84 85 86 29
D 636 53 2 637 87 638 8
D 635 49 2 78 636 96 8
D 640 43 2 75 100 73 29
D 639 41 2 71 640 76 29
D 632 45 2 633 635 639 8
D 643 85 2 136 596 164 29
D 642 99 2 135 543 643 8
D 641 79 11 102 542 533 552 547 561 558 571 566 580 576 587 583 594 590 603 598 613 607 642 615 8
D 646 43 2 73 100 75 8
D 645 41 2 71 646 76 8
D 648 43 2 73 74 75 29
D 647 41 2 71 648 76 29
D 644 45 2 645 635 647 8
D 654 77 2 125 612 123 29
D 653 75 2 121 654 126 621
D 652 73 3 538 653 625 620 628 29
D 651 69 3 111 652 623 619 629 29
D 650 65 3 103 651 616 618 630 29
D 649 79 10 102 552 533 561 547 571 558 580 566 587 576 594 583 603 590 613 598 642 650 8
D 656 41 2 76 72 71 8
D 657 41 2 76 99 71 29
D 655 45 2 656 635 657 8
D 662 75 2 126 621 121 29
D 661 73 3 538 662 625 620 628 29
D 660 69 3 111 661 623 619 629 29
D 659 65 3 103 660 616 618 630 29
D 658 79 9 102 561 533 571 547 580 558 587 566 594 576 603 583 613 590 642 659 8
D 666 51 2 86 95 84 8
D 667 51 2 86 85 84 29
D 665 53 2 666 87 667 8
D 664 49 2 78 665 96 8
D 663 45 2 70 664 98 8
D 672 71 2 117 128 119 118
D 671 73 2 625 620 672 29
D 670 69 3 111 671 623 619 629 29
D 669 65 3 103 670 616 618 630 29
D 668 79 8 102 571 533 580 547 587 558 594 566 603 576 613 583 642 669 8
D 675 47 2 81 80 79 8
D 676 47 2 81 97 79 29
D 674 49 2 675 636 676 8
D 673 45 2 70 674 98 8
D 679 69 3 111 671 578 619 130 29
D 678 65 3 103 679 616 618 630 29
D 677 79 7 102 580 533 587 547 594 558 603 566 613 576 642 678 8
D 682 47 2 79 97 81 8
D 683 47 2 79 80 81 29
D 681 49 2 682 636 683 8
D 680 45 2 70 681 98 8
D 686 69 2 111 671 129 29
D 685 65 3 103 686 616 618 630 29
D 684 79 6 102 587 533 594 547 603 558 613 566 642 685 8
D 690 55 2 93 89 88 8
D 689 53 2 637 690 638 8
D 688 49 2 78 689 96 8
D 687 45 2 70 688 98 8
D 694 73 2 116 620 127 29
D 693 69 2 111 694 129 29
D 692 65 3 103 693 616 618 630 29
D 691 79 5 102 594 533 603 547 613 558 642 692 8
D 699 57 2 92 91 90 8
D 698 55 2 88 699 93 8
D 697 53 2 637 698 638 8
D 696 49 2 78 697 96 8
D 695 45 2 70 696 98 8
D 702 61 2 104 617 109 8
D 703 61 2 104 631 109 29
D 701 65 3 103 693 702 618 703 29
D 700 79 4 102 603 533 613 547 642 701 8
L 709 58 30
D 708 57 2 90 709 92 8
D 707 55 2 88 708 93 8
D 706 53 2 637 707 638 8
D 705 49 2 78 706 96 8
D 704 45 2 70 705 98 8
D 712 61 2 104 133 109 29
D 711 65 3 103 693 534 618 712 29
D 710 79 3 102 613 533 642 711 8
D 715 43 2 75 74 73 100
D 714 41 2 71 715 76 72
D 719 57 2 90 709 92 29
D 718 55 2 88 719 93 29
D 717 53 2 637 718 638 29
D 716 49 2 78 717 96 29
D 721 47 2 81 80 79 97
D 723 51 2 86 95 84 85
D 725 57 2 90 91 92 709
D 724 55 2 93 719 88 725
D 726 51 2 86 85 84 8
D 722 53 3 723 718 637 724 726 29
D 727 47 2 81 97 79 8
D 720 49 3 721 717 78 722 727 29
D 729 43 2 75 100 73 8
D 728 41 2 71 729 76 99
D 713 45 3 714 716 70 720 728 29
D 68 59 11 69 101 632 641 644 649 655 658 663 668 673 677 680 684 687 691 695 700 704 710 713 8
D 732 23 2 42 41 40 8
D 731 21 2 38 732 43 8
D 735 31 2 51 62 53 8
D 736 31 2 51 52 53 29
D 734 33 2 735 54 736 8
D 733 29 2 45 734 63 8
D 738 23 2 42 67 40 29
D 737 21 2 38 738 43 29
D 730 25 2 731 733 737 8
D 741 65 2 103 693 131 29
D 740 79 2 102 642 741 8
D 739 59 11 69 641 632 649 644 658 655 668 663 677 673 684 680 691 687 700 695 710 704 740 713 8
D 744 23 2 40 67 42 8
D 743 21 2 38 744 43 8
D 746 23 2 40 41 42 29
D 745 21 2 38 746 43 29
D 742 25 2 743 733 745 8
D 752 57 2 92 709 90 29
D 751 55 2 88 752 93 719
D 750 53 3 637 751 723 718 726 29
D 749 49 3 78 750 721 717 727 29
D 748 45 3 70 749 714 716 728 29
D 747 59 10 69 649 632 658 644 668 655 677 663 684 673 691 680 700 687 710 695 740 748 8
D 754 21 2 43 39 38 8
D 755 21 2 43 66 38 29
D 753 25 2 754 733 755 8
D 760 55 2 93 719 88 29
D 759 53 3 637 760 723 718 726 29
D 758 49 3 78 759 721 717 727 29
D 757 45 3 70 758 714 716 728 29
D 756 59 9 69 658 632 668 644 677 655 684 663 691 673 700 680 710 687 740 757 8
D 764 31 2 53 62 51 8
D 765 31 2 53 52 51 29
D 763 33 2 764 54 765 8
D 762 29 2 45 763 63 8
D 761 25 2 37 762 65 8
D 770 51 2 84 95 86 85
D 769 53 2 723 718 770 29
D 768 49 3 78 769 721 717 727 29
D 767 45 3 70 768 714 716 728 29
D 766 59 8 69 668 632 677 644 684 655 691 663 700 673 710 680 740 767 8
D 773 27 2 48 47 46 8
D 774 27 2 48 64 46 29
D 772 29 2 773 734 774 8
D 771 25 2 37 772 65 8
D 777 49 3 78 769 675 717 97 29
D 776 45 3 70 777 714 716 728 29
D 775 59 7 69 677 632 684 644 691 655 700 663 710 673 740 776 8
D 780 27 2 46 64 48 8
D 781 27 2 46 47 48 29
D 779 29 2 780 734 781 8
D 778 25 2 37 779 65 8
D 784 49 2 78 769 96 29
D 783 45 3 70 784 714 716 728 29
D 782 59 6 69 684 632 691 644 700 655 710 663 740 783 8
D 788 35 2 60 56 55 8
D 787 33 2 735 788 736 8
D 786 29 2 45 787 63 8
D 785 25 2 37 786 65 8
D 792 53 2 83 718 94 29
D 791 49 2 78 792 96 29
D 790 45 3 70 791 714 716 728 29
D 789 59 5 69 691 632 700 644 710 655 740 790 8
D 797 37 2 59 58 57 8
D 796 35 2 55 797 60 8
D 795 33 2 735 796 736 8
D 794 29 2 45 795 63 8
D 793 25 2 37 794 65 8
D 800 41 2 71 715 76 8
D 801 41 2 71 729 76 29
D 799 45 3 70 791 800 716 801 29
D 798 59 4 69 700 632 710 644 740 799 8
L 807 38 20
D 806 37 2 57 807 59 8
D 805 35 2 55 806 60 8
D 804 33 2 735 805 736 8
D 803 29 2 45 804 63 8
D 802 25 2 37 803 65 8
D 810 41 2 71 100 76 29
D 809 45 3 70 791 633 716 810 29
D 808 59 3 69 710 632 740 809 8
D 813 23 2 42 41 40 67
D 812 21 2 38 813 43 39
D 817 37 2 57 807 59 29
D 816 35 2 55 817 60 29
D 815 33 2 735 816 736 29
D 814 29 2 45 815 63 29
D 819 27 2 48 47 46 64
D 821 31 2 53 62 51 52
D 823 37 2 57 58 59 807
D 822 35 2 60 817 55 823
D 824 31 2 53 52 51 8
D 820 33 3 821 816 735 822 824 29
D 825 27 2 48 64 46 8
D 818 29 3 819 815 45 820 825 29
D 827 23 2 42 67 40 8
D 826 21 2 38 827 43 66
D 811 25 3 812 814 37 818 826 29
D 35 39 11 36 68 730 739 742 747 753 756 761 766 771 775 778 782 785 789 793 798 802 808 811 8
D 830 3 2 7 6 5 8
D 829 1 2 3 830 9 8
D 833 11 2 17 28 19 8
D 834 11 2 17 18 19 29
D 832 13 2 833 20 834 8
D 831 9 2 11 832 30 8
D 836 3 2 7 34 5 29
D 835 1 2 3 836 9 29
D 828 5 2 829 831 835 8
D 839 45 2 70 791 98 29
D 838 59 2 69 740 839 8
D 837 39 11 36 739 730 747 742 756 753 766 761 775 771 782 778 789 785 798 793 808 802 838 811 8
D 842 3 2 5 34 7 8
D 841 1 2 3 842 9 8
D 844 3 2 5 6 7 29
D 843 1 2 3 844 9 29
D 840 5 2 841 831 843 8
D 850 37 2 59 807 57 29
D 849 35 2 55 850 60 817
D 848 33 3 735 849 821 816 824 29
D 847 29 3 45 848 819 815 825 29
D 846 25 3 37 847 812 814 826 29
D 845 39 10 36 747 730 756 742 766 753 775 761 782 771 789 778 798 785 808 793 838 846 8
D 852 1 2 9 4 3 8
D 853 1 2 9 33 3 29
D 851 5 2 852 831 853 8
D 858 35 2 60 817 55 29
D 857 33 3 735 858 821 816 824 29
D 856 29 3 45 857 819 815 825 29
D 855 25 3 37 856 812 814 826 29
D 854 39 9 36 756 730 766 742 775 753 782 761 789 771 798 778 808 785 838 855 8
D 862 11 2 19 28 17 8
D 863 11 2 19 18 17 29
D 861 13 2 862 20 863 8
D 860 9 2 11 861 30 8
D 859 5 2 2 860 32 8
D 868 31 2 51 62 53 52
D 867 33 2 821 816 868 29
D 866 29 3 45 867 819 815 825 29
D 865 25 3 37 866 812 814 826 29
D 864 39 8 36 766 730 775 742 782 753 789 761 798 771 808 778 838 865 8
D 871 7 2 14 13 12 8
D 872 7 2 14 31 12 29
D 870 9 2 871 832 872 8
D 869 5 2 2 870 32 8
D 875 29 3 45 867 773 815 64 29
D 874 25 3 37 875 812 814 826 29
D 873 39 7 36 775 730 782 742 789 753 798 761 808 771 838 874 8
D 878 7 2 12 31 14 8
D 879 7 2 12 13 14 29
D 877 9 2 878 832 879 8
D 876 5 2 2 877 32 8
D 882 29 2 45 867 63 29
D 881 25 3 37 882 812 814 826 29
D 880 39 6 36 782 730 789 742 798 753 808 761 838 881 8
D 886 15 2 26 22 21 8
D 885 13 2 833 886 834 8
D 884 9 2 11 885 30 8
D 883 5 2 2 884 32 8
D 890 33 2 50 816 61 29
D 889 29 2 45 890 63 29
D 888 25 3 37 889 812 814 826 29
D 887 39 5 36 789 730 798 742 808 753 838 888 8
D 895 17 2 25 24 23 8
D 894 15 2 21 895 26 8
D 893 13 2 833 894 834 8
D 892 9 2 11 893 30 8
D 891 5 2 2 892 32 8
D 898 21 2 38 813 43 8
D 899 21 2 38 827 43 29
D 897 25 3 37 889 898 814 899 29
D 896 39 4 36 798 730 808 742 838 897 8
L 905 18 10
D 904 17 2 23 905 25 8
D 903 15 2 21 904 26 8
D 902 13 2 833 903 834 8
D 901 9 2 11 902 30 8
D 900 5 2 2 901 32 8
D 908 21 2 38 67 43 29
D 907 25 3 37 889 731 814 908 29
D 906 39 3 36 808 730 838 907 8
D 913 17 2 23 24 25 905
D 914 17 2 23 905 25 29
D 912 15 2 21 913 26 914
D 915 11 2 19 28 17 18
D 916 15 2 21 914 26 29
D 917 11 2 19 18 17 8
D 911 13 3 833 912 915 916 917 29
D 918 7 2 14 13 12 31
D 919 13 2 833 916 834 29
D 920 7 2 14 31 12 8
D 910 9 3 11 911 918 919 920 29
D 922 3 2 7 6 5 34
D 921 1 2 3 922 9 4
D 923 9 2 11 919 30 29
D 925 3 2 7 34 5 8
D 924 1 2 3 925 9 33
D 909 5 3 2 910 921 923 924 29
D 0 19 11 1 35 828 837 840 845 851 854 859 864 869 873 876 880 883 887 891 896 900 906 909 8
