c ids of sdd nodes start at 0
c sdd nodes appear bottom-up, children before parents
c
c file syntax:
c sdd count-of-sdd-nodes
c F id-of-false-sdd-node
c T id-of-true-sdd-node
c L id-of-literal-sdd-node id-of-vtree literal
c D id-of-decomposition-sdd-node id-of-vtree number-of-elements {id-of-prime id-of-sub}*
c
sdd 934
L 3 0 -4
L 5 2 -2
L 6 4 -3
L 7 2 2
F 8
D 4 3 2 5 6 7 8
L 9 0 4
D 2 1 2 3 4 9 8
L 12 6 -6
L 13 8 -7
L 14 6 6
D 11 7 2 12 13 14 8
L 17 10 -5
L 18 12 1
L 19 10 5
D 16 11 2 17 18 19 8
L 21 14 -8
L 23 16 -9
L 24 18 -10
L 25 16 9
D 22 17 2 23 24 25 8
L 26 14 8
D 20 15 2 21 22 26 8
L 28 12 -1
T 29
D 27 11 2 17 28 19 29
D 15 13 2 16 20 27 8
L 31 8 7
D 30 7 2 12 31 14 29
D 10 9 2 11 15 30 8
L 34 4 3
D 33 3 2 5 34 7 29
D 32 1 2 3 33 9 29
D 1 5 2 2 10 32 8
L 38 20 -14
L 40 22 -12
L 41 24 -13
L 42 22 12
D 39 23 2 40 41 42 8
L 43 20 14
D 37 21 2 38 39 43 8
L 46 26 -16
L 47 28 -17
L 48 26 16
D 45 27 2 46 47 48 8
L 51 30 -15
L 52 32 11
L 53 30 15
D 50 31 2 51 52 53 8
L 55 34 -18
L 57 36 -19
L 58 38 -20
L 59 36 19
D 56 37 2 57 58 59 8
L 60 34 18
D 54 35 2 55 56 60 8
L 62 32 -11
D 61 31 2 51 62 53 29
D 49 33 2 50 54 61 8
L 64 28 17
D 63 27 2 46 64 48 29
D 44 29 2 45 49 63 8
L 67 24 13
D 66 23 2 40 67 42 29
D 65 21 2 38 66 43 29
D 36 25 2 37 44 65 8
L 71 40 -24
L 73 42 -22
L 74 44 -23
L 75 42 22
D 72 43 2 73 74 75 8
L 76 40 24
D 70 41 2 71 72 76 8
L 79 46 -26
L 80 48 -27
L 81 46 26
D 78 47 2 79 80 81 8
L 84 50 -25
L 85 52 21
L 86 50 25
D 83 51 2 84 85 86 8
L 88 54 -28
L 90 56 -29
L 91 58 -30
L 92 56 29
D 89 57 2 90 91 92 8
L 93 54 28
D 87 55 2 88 89 93 8
L 95 52 -21
D 94 51 2 84 95 86 29
D 82 53 2 83 87 94 8
L 97 48 27
D 96 47 2 79 97 81 29
D 77 49 2 78 82 96 8
L 100 44 23
D 99 43 2 73 100 75 29
D 98 41 2 71 99 76 29
D 69 45 2 70 77 98 8
L 104 60 -34
L 106 62 -32
L 107 64 -33
L 108 62 32
D 105 63 2 106 107 108 8
L 109 60 34
D 103 61 2 104 105 109 8
L 112 66 -36
L 113 68 -37
L 114 66 36
D 111 67 2 112 113 114 8
L 117 70 -35
L 118 72 31
L 119 70 35
D 116 71 2 117 118 119 8
L 121 74 -38
L 123 76 -39
L 124 78 -40
L 125 76 39
D 122 77 2 123 124 125 8
L 126 74 38
D 120 75 2 121 122 126 8
L 128 72 -31
D 127 71 2 117 128 119 29
D 115 73 2 116 120 127 8
L 130 68 37
D 129 67 2 112 130 114 29
D 110 69 2 111 115 129 8
L 133 64 33
D 132 63 2 106 133 108 29
D 131 61 2 104 132 109 29
D 102 65 2 103 110 131 8
L 137 80 -42
L 139 82 -43
L 140 84 -44
L 141 82 43
D 138 83 2 139 140 141 8
L 142 80 42
D 136 81 2 137 138 142 8
L 145 86 -46
L 146 88 -47
L 147 86 46
D 144 87 2 145 146 147 8
L 150 90 -45
L 151 92 41
L 152 90 45
D 149 91 2 150 151 152 8
L 154 94 -48
L 156 96 -49
L 157 98 -50
L 158 96 49
D 155 97 2 156 157 158 8
L 159 94 48
D 153 95 2 154 155 159 8
L 161 92 -41
D 160 91 2 150 161 152 29
D 148 93 2 149 153 160 8
L 163 88 47
D 162 87 2 145 163 147 29
D 143 89 2 144 148 162 8
L 166 84 44
D 165 83 2 139 166 141 29
D 164 81 2 137 165 142 29
D 135 85 2 136 143 164 8
L 170 100 56
L 171 102 -57
L 172 100 -56
D 169 101 2 170 171 172 8
L 174 104 -58
L 176 106 -59
L 177 108 -60
L 178 106 59
D 175 107 2 176 177 178 8
L 179 104 58
D 173 105 2 174 175 179 8
L 181 102 57
D 180 101 2 170 181 172 29
D 168 103 2 169 173 180 8
L 185 110 -53
L 186 112 -54
L 187 110 53
D 184 111 2 185 186 187 8
L 189 114 -52
L 191 116 -55
L 192 118 -51
L 193 116 55
D 190 117 2 191 192 193 8
L 194 114 52
D 188 115 2 189 190 194 8
L 196 112 54
D 195 111 2 185 196 187 29
D 183 113 2 184 188 195 8
L 200 120 76
L 201 122 -77
L 202 120 -76
D 199 121 2 200 201 202 8
L 204 124 -78
L 206 126 -79
L 207 128 -80
L 208 126 79
D 205 127 2 206 207 208 8
L 209 124 78
D 203 125 2 204 205 209 8
L 211 122 77
D 210 121 2 200 211 202 29
D 198 123 2 199 203 210 8
L 215 130 -73
L 216 132 -72
L 217 130 73
D 214 131 2 215 216 217 8
L 219 134 -71
L 221 136 -74
L 222 138 -75
L 223 136 74
D 220 137 2 221 222 223 8
L 224 134 71
D 218 135 2 219 220 224 8
L 226 132 72
D 225 131 2 215 226 217 29
D 213 133 2 214 218 225 8
L 229 140 -61
L 230 142 62
L 231 140 61
D 228 141 2 229 230 231 8
L 234 144 -63
L 235 146 -64
L 236 144 63
D 233 145 2 234 235 236 8
L 238 148 -65
L 240 150 -66
L 242 152 -67
L 244 154 -68
L 246 156 -69
L 247 158 -70
L 248 156 69
D 245 157 2 246 247 248 8
L 249 154 68
D 243 155 2 244 245 249 8
L 250 152 67
D 241 153 2 242 243 250 8
L 251 150 66
D 239 151 2 240 241 251 8
L 252 148 65
D 237 149 2 238 239 252 8
L 254 146 64
D 253 145 2 234 254 236 29
D 232 147 2 233 237 253 8
L 256 142 -62
D 255 141 2 229 256 231 29
D 227 143 2 228 232 255 8
L 260 138 75
D 259 137 2 221 260 223 29
D 258 135 2 219 259 224 29
D 257 133 2 214 258 225 29
D 212 139 2 213 227 257 8
D 262 121 2 202 201 200 8
D 263 121 2 202 211 200 29
D 261 123 2 262 203 263 8
D 267 137 2 221 260 223 8
D 266 135 2 219 267 224 8
D 265 133 2 214 266 225 8
D 269 141 2 229 256 231 8
D 271 145 2 236 235 234 8
D 272 145 2 236 254 234 29
D 270 147 2 271 237 272 8
D 273 141 2 229 230 231 29
D 268 143 2 269 270 273 8
D 276 137 2 223 222 221 8
D 275 135 2 219 276 224 8
D 274 133 2 214 275 225 8
D 279 145 2 234 254 236 8
D 280 145 2 234 235 236 29
D 278 147 2 279 237 280 8
D 277 143 2 269 278 273 8
D 282 131 2 217 216 215 8
D 283 131 2 217 226 215 29
D 281 133 2 282 218 283 8
D 286 149 2 252 239 238 8
D 285 147 2 233 286 253 8
D 284 143 2 269 285 273 8
D 288 131 2 215 226 217 8
D 289 131 2 215 216 217 29
D 287 133 2 288 218 289 8
D 293 151 2 251 241 240 8
D 292 149 2 238 293 252 8
D 291 147 2 233 292 253 8
D 290 143 2 269 291 273 8
D 295 135 2 224 220 219 8
D 294 133 2 214 295 225 8
D 300 153 2 250 243 242 8
D 299 151 2 240 300 251 8
D 298 149 2 238 299 252 8
D 297 147 2 233 298 253 8
D 296 143 2 269 297 273 8
D 303 137 2 221 222 223 260
D 302 135 2 219 303 224 259
D 304 131 2 217 216 215 226
D 305 131 2 217 226 215 8
D 301 133 3 214 302 304 258 305 29
D 264 139 6 265 268 274 277 281 284 287 290 294 296 301 8
D 307 121 2 202 211 200 8
D 308 121 2 202 201 200 29
D 306 123 2 307 203 308 8
D 311 141 2 231 256 229 8
D 312 141 2 231 230 229 29
D 310 143 2 311 232 312 8
D 309 139 2 213 310 257 8
D 314 121 2 200 201 202 29
L 317 128 80
D 316 127 2 206 317 208 29
D 315 125 2 204 316 209 29
D 318 121 2 200 211 202 8
D 313 123 2 314 315 318 29
D 197 129 4 198 212 261 264 306 309 313 8
L 322 118 51
D 321 117 2 191 322 193 29
D 320 115 2 189 321 194 29
D 319 113 2 184 320 195 29
D 182 119 2 183 197 319 8
D 324 101 2 172 171 170 8
D 325 101 2 172 181 170 29
D 323 103 2 324 173 325 8
D 329 117 2 191 322 193 8
D 328 115 2 189 329 194 8
D 327 113 2 184 328 195 8
D 333 127 2 206 317 208 8
D 332 125 2 204 333 209 8
D 331 123 2 262 332 263 8
D 334 139 2 213 268 257 8
L 343 158 70
D 342 157 2 246 343 248 8
D 341 155 2 244 342 249 8
D 340 153 2 242 341 250 8
D 339 151 2 240 340 251 8
D 338 149 2 238 339 252 8
D 337 147 2 233 338 253 8
D 336 143 2 269 337 273 8
D 350 157 2 248 247 246 8
D 349 155 2 244 350 249 8
D 348 153 2 242 349 250 8
D 347 151 2 240 348 251 8
D 346 149 2 238 347 252 8
D 345 147 2 233 346 253 8
D 344 143 2 269 345 273 8
D 356 155 2 249 245 244 8
D 355 153 2 242 356 250 8
D 354 151 2 240 355 251 8
D 353 149 2 238 354 252 8
D 352 147 2 233 353 253 8
D 351 143 2 269 352 273 8
D 358 135 2 219 303 224 29
D 357 133 3 214 358 282 258 226 29
D 335 139 4 281 336 274 344 265 351 357 8
D 361 127 2 208 207 206 8
D 360 125 2 204 361 209 8
D 359 123 2 262 360 263 8
D 362 139 2 213 277 257 8
D 364 125 2 209 205 204 8
D 363 123 2 262 364 263 8
D 365 139 2 213 284 257 8
D 366 139 2 213 290 257 8
D 367 139 2 213 296 257 8
D 370 127 2 208 317 206 8
D 369 125 2 204 370 209 316
D 371 121 2 200 201 202 211
D 368 123 3 262 369 371 315 318 29
D 330 129 7 331 334 261 335 359 362 363 365 306 366 198 367 368 8
D 373 115 2 194 190 189 8
D 372 113 2 184 373 195 8
D 376 133 3 214 358 304 258 305 29
D 375 139 5 287 336 281 344 274 351 265 296 376 8
D 374 129 7 261 375 359 334 331 212 363 362 306 365 198 366 368 8
D 378 111 2 187 186 185 8
D 379 111 2 187 196 185 29
D 377 113 2 378 188 379 8
D 381 139 6 294 336 287 344 281 351 265 290 274 296 301 8
D 380 129 7 261 381 363 334 359 212 306 362 331 309 198 365 368 8
D 383 111 2 185 196 187 8
D 384 111 2 185 186 187 29
D 382 113 2 383 188 384 8
D 386 139 6 294 344 287 351 265 284 274 290 281 296 301 8
D 388 125 2 209 316 204 317
D 387 123 3 262 388 371 315 318 29
D 385 129 6 261 386 306 334 363 212 198 362 359 309 387 8
D 391 117 2 193 192 191 8
D 390 115 2 189 391 194 8
D 389 113 2 184 390 195 8
D 393 139 6 294 351 265 277 274 284 281 290 287 296 301 8
D 394 123 3 371 315 262 316 318 29
D 392 129 5 261 393 198 334 306 212 363 309 394 8
D 397 117 2 191 192 193 322
D 396 115 2 189 397 194 321
D 398 111 2 187 186 185 196
D 399 111 2 187 196 185 8
D 395 113 3 184 396 398 320 399 29
D 326 119 6 327 330 372 374 377 380 382 385 389 392 395 8
D 401 101 2 172 181 170 8
D 402 101 2 172 171 170 29
D 400 103 2 401 173 402 8
D 405 139 6 274 268 281 277 287 284 294 290 265 227 301 8
D 406 123 2 201 315 211 29
D 404 129 3 198 309 261 405 406 8
D 403 119 2 183 404 319 8
D 408 105 2 179 175 174 8
D 407 103 2 324 408 325 8
D 411 139 6 281 268 287 277 294 284 274 227 265 310 301 8
D 412 123 2 262 315 263 29
D 410 129 2 261 411 412 8
D 409 119 2 183 410 319 8
D 415 107 2 178 177 176 8
D 414 105 2 174 415 179 8
D 413 103 2 324 414 325 8
D 421 137 2 223 260 221 29
D 420 135 2 219 421 224 259
D 419 133 3 214 420 304 258 305 29
D 418 139 5 287 268 294 277 281 227 274 310 419 8
D 417 129 2 261 418 412 8
D 416 119 2 183 417 319 8
L 425 108 60
D 424 107 2 176 425 178 8
D 423 105 2 174 424 179 8
D 422 103 2 324 423 325 8
D 430 135 2 224 259 219 29
D 429 133 3 304 258 214 430 305 29
D 428 139 4 294 268 287 227 281 310 429 8
D 427 129 2 261 428 412 8
D 426 119 2 183 427 319 8
D 433 107 2 178 425 176 8
D 434 107 2 176 425 178 29
D 432 105 2 174 433 179 434
D 435 101 2 170 171 172 181
D 436 105 2 174 434 179 29
D 437 101 2 170 181 172 8
D 431 103 3 324 432 435 436 437 29
D 167 109 7 168 182 323 326 400 403 407 409 413 416 422 426 431 8
D 439 81 2 142 138 137 8
D 442 91 2 150 161 152 8
D 443 91 2 150 151 152 29
D 441 93 2 442 153 443 8
D 440 89 2 144 441 162 8
D 444 81 2 142 165 137 29
D 438 85 2 439 440 444 8
D 446 119 6 327 374 372 380 377 385 382 392 389 197 395 8
D 450 133 3 288 258 214 430 217 29
D 449 139 3 294 227 287 310 450 8
D 448 129 2 261 449 412 8
D 447 119 2 183 448 319 8
D 445 109 7 168 403 323 446 400 409 407 416 413 426 422 447 431 8
D 453 83 2 141 140 139 8
D 452 81 2 137 453 142 8
D 455 83 2 141 166 139 29
D 454 81 2 137 455 142 29
D 451 85 2 452 440 454 8
D 457 119 6 327 380 372 385 377 392 382 197 389 404 395 8
D 461 133 2 214 430 225 29
D 460 139 2 294 310 461 8
D 459 129 2 261 460 412 8
D 458 119 2 183 459 319 8
D 456 109 7 168 409 323 457 400 416 407 426 413 447 422 458 431 8
D 464 83 2 139 166 141 8
D 463 81 2 137 464 142 8
D 466 83 2 139 140 141 29
D 465 81 2 137 466 142 29
D 462 85 2 463 440 465 8
D 468 119 6 327 385 372 392 377 197 382 404 389 410 395 8
D 470 105 2 179 434 174 425
D 469 103 3 324 470 435 436 437 29
D 467 109 6 168 416 323 468 400 426 407 447 413 458 469 8
D 474 91 2 152 161 150 8
D 475 91 2 152 151 150 29
D 473 93 2 474 153 475 8
D 472 89 2 144 473 162 8
D 471 85 2 136 472 164 8
D 477 119 6 327 392 372 197 377 404 382 410 389 417 395 8
D 478 103 3 435 436 324 434 437 29
D 476 109 5 168 426 323 477 400 447 407 458 478 8
D 481 87 2 147 146 145 8
D 482 87 2 147 163 145 29
D 480 89 2 481 441 482 8
D 479 85 2 136 480 164 8
D 484 119 6 327 197 372 404 377 410 382 417 389 427 395 8
D 486 101 2 170 171 172 29
D 485 103 2 486 436 437 29
D 483 109 4 168 447 323 484 400 458 485 8
D 489 87 2 145 163 147 8
D 490 87 2 145 146 147 29
D 488 89 2 489 441 490 8
D 487 85 2 136 488 164 8
D 492 119 6 327 404 372 410 377 417 382 427 389 448 395 8
D 493 103 2 171 436 181 29
D 491 109 3 168 458 323 492 493 8
D 497 95 2 159 155 154 8
D 496 93 2 442 497 443 8
D 495 89 2 144 496 162 8
D 494 85 2 136 495 164 8
D 499 119 6 327 410 372 417 377 427 382 448 389 459 395 8
D 500 103 2 324 436 325 29
D 498 109 2 323 499 500 8
D 505 97 2 158 157 156 8
D 504 95 2 154 505 159 8
D 503 93 2 442 504 443 8
D 502 89 2 144 503 162 8
D 501 85 2 136 502 164 8
D 510 117 2 191 192 193 29
D 509 115 2 194 321 189 510
D 508 113 3 184 509 398 320 399 29
D 507 119 5 327 417 372 427 377 448 382 459 508 8
D 506 109 2 323 507 500 8
L 516 98 50
D 515 97 2 156 516 158 8
D 514 95 2 154 515 159 8
D 513 93 2 442 514 443 8
D 512 89 2 144 513 162 8
D 511 85 2 136 512 164 8
D 519 113 3 184 509 378 320 196 29
D 518 119 4 327 427 372 448 377 459 519 8
D 517 109 2 323 518 500 8
D 522 83 2 141 140 139 166
D 521 81 2 137 522 142 138
D 526 97 2 156 516 158 29
D 525 95 2 154 526 159 29
D 524 93 2 442 525 443 29
D 523 89 2 144 524 162 29
D 528 87 2 147 146 145 163
D 530 91 2 152 161 150 151
D 532 97 2 156 157 158 516
D 531 95 2 159 526 154 532
D 533 91 2 152 151 150 8
D 529 93 3 530 525 442 531 533 29
D 534 87 2 147 163 145 8
D 527 89 3 528 524 144 529 534 29
D 536 83 2 141 166 139 8
D 535 81 2 137 536 142 165
D 520 85 3 521 523 136 527 535 29
D 134 99 11 135 167 438 445 451 456 462 467 471 476 479 483 487 491 494 498 501 506 511 517 520 8
D 539 63 2 108 107 106 8
D 538 61 2 104 539 109 8
D 542 71 2 117 128 119 8
D 543 71 2 117 118 119 29
D 541 73 2 542 120 543 8
D 540 69 2 111 541 129 8
D 545 63 2 108 133 106 29
D 544 61 2 104 545 109 29
D 537 65 2 538 540 544 8
D 549 113 2 184 509 195 29
D 548 119 3 327 448 372 459 549 8
D 547 109 2 323 548 500 8
D 546 99 11 135 445 438 456 451 467 462 476 471 483 479 491 487 498 494 506 501 517 511 547 520 8
D 552 63 2 106 133 108 8
D 551 61 2 104 552 109 8
D 554 63 2 106 107 108 29
D 553 61 2 104 554 109 29
D 550 65 2 551 540 553 8
D 559 115 2 189 510 194 29
D 558 113 2 184 559 195 29
D 557 119 2 327 459 558 8
D 556 109 2 323 557 500 8
D 555 99 11 135 456 438 467 451 476 462 483 471 491 479 498 487 506 494 517 501 547 511 556 520 8
D 561 61 2 109 105 104 8
D 562 61 2 109 132 104 29
D 560 65 2 561 540 562 8
D 568 97 2 158 516 156 29
D 567 95 2 154 568 159 526
D 566 93 3 442 567 530 525 533 29
D 565 89 3 144 566 528 524 534 29
D 564 85 3 136 565 521 523 535 29
D 563 99 10 135 467 438 476 451 483 462 491 471 498 479 506 487 517 494 547 501 556 564 8
D 572 71 2 119 128 117 8
D 573 71 2 119 118 117 29
D 571 73 2 572 120 573 8
D 570 69 2 111 571 129 8
D 569 65 2 103 570 131 8
D 578 95 2 159 526 154 29
D 577 93 3 442 578 530 525 533 29
D 576 89 3 144 577 528 524 534 29
D 575 85 3 136 576 521 523 535 29
D 574 99 9 135 476 438 483 451 491 462 498 471 506 479 517 487 547 494 556 575 8
D 581 67 2 114 113 112 8
D 582 67 2 114 130 112 29
D 580 69 2 581 541 582 8
D 579 65 2 103 580 131 8
D 587 91 2 150 161 152 151
D 586 93 2 530 525 587 29
D 585 89 3 144 586 528 524 534 29
D 584 85 3 136 585 521 523 535 29
D 583 99 8 135 483 438 491 451 498 462 506 471 517 479 547 487 556 584 8
D 590 67 2 112 130 114 8
D 591 67 2 112 113 114 29
D 589 69 2 590 541 591 8
D 588 65 2 103 589 131 8
D 594 89 3 144 586 481 524 163 29
D 593 85 3 136 594 521 523 535 29
D 592 99 7 135 491 438 498 451 506 462 517 471 547 479 556 593 8
D 598 75 2 126 122 121 8
D 597 73 2 542 598 543 8
D 596 69 2 111 597 129 8
D 595 65 2 103 596 131 8
D 601 89 2 144 586 162 29
D 600 85 3 136 601 521 523 535 29
D 599 99 6 135 498 438 506 451 517 462 547 471 556 600 8
D 606 77 2 125 124 123 8
D 605 75 2 121 606 126 8
D 604 73 2 542 605 543 8
D 603 69 2 111 604 129 8
D 602 65 2 103 603 131 8
D 610 93 2 149 525 160 29
D 609 89 2 144 610 162 29
D 608 85 3 136 609 521 523 535 29
D 607 99 5 135 506 438 517 451 547 462 556 608 8
L 616 78 40
D 615 77 2 123 616 125 8
D 614 75 2 121 615 126 8
D 613 73 2 542 614 543 8
D 612 69 2 111 613 129 8
D 611 65 2 103 612 131 8
D 619 81 2 137 453 142 138
D 620 81 2 142 165 137 166
D 618 85 3 136 609 619 523 620 29
D 617 99 4 135 517 438 547 451 556 618 8
D 623 63 2 108 107 106 133
D 622 61 2 104 623 109 105
D 627 77 2 123 616 125 29
D 626 75 2 121 627 126 29
D 625 73 2 542 626 543 29
D 624 69 2 111 625 129 29
D 629 67 2 114 113 112 130
D 631 71 2 119 128 117 118
D 633 77 2 123 124 125 616
D 632 75 2 126 627 121 633
D 634 71 2 119 118 117 8
D 630 73 3 631 626 542 632 634 29
D 635 67 2 114 130 112 8
D 628 69 3 629 625 111 630 635 29
D 637 63 2 108 133 106 8
D 636 61 2 104 637 109 132
D 621 65 3 622 624 103 628 636 29
D 101 79 11 102 134 537 546 550 555 560 563 569 574 579 583 588 592 595 599 602 607 611 617 621 8
D 640 43 2 75 74 73 8
D 639 41 2 71 640 76 8
D 643 51 2 84 95 86 8
D 644 51 2 84 85 86 29
D 642 53 2 643 87 644 8
D 641 49 2 78 642 96 8
D 646 43 2 75 100 73 29
D 645 41 2 71 646 76 29
D 638 45 2 639 641 645 8
D 649 85 3 136 609 439 523 165 29
D 648 99 3 135 547 438 556 649 8
D 647 79 11 102 546 537 555 550 563 560 574 569 583 579 592 588 599 595 607 602 617 611 648 621 8
D 652 43 2 73 100 75 8
D 651 41 2 71 652 76 8
D 654 43 2 73 74 75 29
D 653 41 2 71 654 76 29
D 650 45 2 651 641 653 8
D 657 85 2 136 609 164 29
D 656 99 2 135 556 657 8
D 655 79 11 102 555 537 563 550 574 560 583 569 592 579 599 588 607 595 617 602 648 611 656 621 8
D 659 41 2 76 72 71 8
D 660 41 2 76 99 71 29
D 658 45 2 659 641 660 8
D 666 77 2 125 616 123 29
D 665 75 2 121 666 126 627
D 664 73 3 542 665 631 626 634 29
D 663 69 3 111 664 629 625 635 29
D 662 65 3 103 663 622 624 636 29
D 661 79 10 102 563 537 574 550 583 560 592 569 599 579 607 588 617 595 648 602 656 662 8
D 670 51 2 86 95 84 8
D 671 51 2 86 85 84 29
D 669 53 2 670 87 671 8
D 668 49 2 78 669 96 8
D 667 45 2 70 668 98 8
D 676 75 2 126 627 121 29
D 675 73 3 542 676 631 626 634 29
D 674 69 3 111 675 629 625 635 29
D 673 65 3 103 674 622 624 636 29
D 672 79 9 102 574 537 583 550 592 560 599 569 607 579 617 588 648 595 656 673 8
D 679 47 2 81 80 79 8
D 680 47 2 81 97 79 29
D 678 49 2 679 642 680 8
D 677 45 2 70 678 98 8
D 685 71 2 117 128 119 118
D 684 73 2 631 626 685 29
D 683 69 3 111 684 629 625 635 29
D 682 65 3 103 683 622 624 636 29
D 681 79 8 102 583 537 592 550 599 560 607 569 617 579 648 588 656 682 8
D 688 47 2 79 97 81 8
D 689 47 2 79 80 81 29
D 687 49 2 688 642 689 8
D 686 45 2 70 687 98 8
D 692 69 3 111 684 581 625 130 29
D 691 65 3 103 692 622 624 636 29
D 690 79 7 102 592 537 599 550 607 560 617 569 648 579 656 691 8
D 696 55 2 93 89 88 8
D 695 53 2 643 696 644 8
D 694 49 2 78 695 96 8
D 693 45 2 70 694 98 8
D 699 69 2 111 684 129 29
D 698 65 3 103 699 622 624 636 29
D 697 79 6 102 599 537 607 550 617 560 648 569 656 698 8
D 704 57 2 92 91 90 8
D 703 55 2 88 704 93 8
D 702 53 2 643 703 644 8
D 701 49 2 78 702 96 8
D 700 45 2 70 701 98 8
D 708 73 2 116 626 127 29
D 707 69 2 111 708 129 29
D 706 65 3 103 707 622 624 636 29
D 705 79 5 102 607 537 617 550 648 560 656 706 8
L 714 58 30
D 713 57 2 90 714 92 8
D 712 55 2 88 713 93 8
D 711 53 2 643 712 644 8
D 710 49 2 78 711 96 8
D 709 45 2 70 710 98 8
D 717 61 2 104 623 109 8
D 718 61 2 104 637 109 29
D 716 65 3 103 707 717 624 718 29
D 715 79 4 102 617 537 648 550 656 716 8
D 721 43 2 75 74 73 100
D 720 41 2 71 721 76 72
D 725 57 2 90 714 92 29
D 724 55 2 88 725 93 29
D 723 53 2 643 724 644 29
D 722 49 2 78 723 96 29
D 727 47 2 81 80 79 97
D 729 51 2 86 95 84 85
D 731 57 2 90 91 92 714
D 730 55 2 93 725 88 731
D 732 51 2 86 85 84 8
D 728 53 3 729 724 643 730 732 29
D 733 47 2 81 97 79 8
D 726 49 3 727 723 78 728 733 29
D 735 43 2 75 100 73 8
D 734 41 2 71 735 76 99
D 719 45 3 720 722 70 726 734 29
D 68 59 11 69 101 638 647 650 655 658 661 667 672 677 681 686 690 693 697 700 705 709 715 719 8
D 738 23 2 42 41 40 8
D 737 21 2 38 738 43 8
D 741 31 2 51 62 53 8
D 742 31 2 51 52 53 29
D 740 33 2 741 54 742 8
D 739 29 2 45 740 63 8
D 744 23 2 42 67 40 29
D 743 21 2 38 744 43 29
D 736 25 2 737 739 743 8
D 748 61 2 104 133 109 29
D 747 65 3 103 707 538 624 748 29
D 746 79 3 102 648 537 656 747 8
D 745 59 11 69 647 638 655 650 661 658 672 667 681 677 690 686 697 693 705 700 715 709 746 719 8
D 751 23 2 40 67 42 8
D 750 21 2 38 751 43 8
D 753 23 2 40 41 42 29
D 752 21 2 38 753 43 29
D 749 25 2 750 739 752 8
D 756 65 2 103 707 131 29
D 755 79 2 102 656 756 8
D 754 59 11 69 655 638 661 650 672 658 681 667 690 677 697 686 705 693 715 700 746 709 755 719 8
D 758 21 2 43 39 38 8
D 759 21 2 43 66 38 29
D 757 25 2 758 739 759 8
D 765 57 2 92 714 90 29
D 764 55 2 88 765 93 725
D 763 53 3 643 764 729 724 732 29
D 762 49 3 78 763 727 723 733 29
D 761 45 3 70 762 720 722 734 29
D 760 59 10 69 661 638 672 650 681 658 690 667 697 677 705 686 715 693 746 700 755 761 8
D 769 31 2 53 62 51 8
D 770 31 2 53 52 51 29
D 768 33 2 769 54 770 8
D 767 29 2 45 768 63 8
D 766 25 2 37 767 65 8
D 775 55 2 93 725 88 29
D 774 53 3 643 775 729 724 732 29
D 773 49 3 78 774 727 723 733 29
D 772 45 3 70 773 720 722 734 29
D 771 59 9 69 672 638 681 650 690 658 697 667 705 677 715 686 746 693 755 772 8
D 778 27 2 48 47 46 8
D 779 27 2 48 64 46 29
D 777 29 2 778 740 779 8
D 776 25 2 37 777 65 8
D 784 51 2 84 95 86 85
D 783 53 2 729 724 784 29
D 782 49 3 78 783 727 723 733 29
D 781 45 3 70 782 720 722 734 29
D 780 59 8 69 681 638 690 650 697 658 705 667 715 677 746 686 755 781 8
D 787 27 2 46 64 48 8
D 788 27 2 46 47 48 29
D 786 29 2 787 740 788 8
D 785 25 2 37 786 65 8
D 791 49 3 78 783 679 723 97 29
D 790 45 3 70 791 720 722 734 29
D 789 59 7 69 690 638 697 650 705 658 715 667 746 677 755 790 8
D 795 35 2 60 56 55 8
D 794 33 2 741 795 742 8
D 793 29 2 45 794 63 8
D 792 25 2 37 793 65 8
D 798 49 2 78 783 96 29
D 797 45 3 70 798 720 722 734 29
D 796 59 6 69 697 638 705 650 715 658 746 667 755 797 8
D 803 37 2 59 58 57 8
D 802 35 2 55 803 60 8
D 801 33 2 741 802 742 8
D 800 29 2 45 801 63 8
D 799 25 2 37 800 65 8
D 807 53 2 83 724 94 29
D 806 49 2 78 807 96 29
D 805 45 3 70 806 720 722 734 29
D 804 59 5 69 705 638 715 650 746 658 755 805 8
L 813 38 20
D 812 37 2 57 813 59 8
D 811 35 2 55 812 60 8
D 810 33 2 741 811 742 8
D 809 29 2 45 810 63 8
D 808 25 2 37 809 65 8
D 816 41 2 71 721 76 8
D 817 41 2 71 735 76 29
D 815 45 3 70 806 816 722 817 29
D 814 59 4 69 715 638 746 650 755 815 8
D 820 23 2 42 41 40 67
D 819 21 2 38 820 43 39
D 824 37 2 57 813 59 29
D 823 35 2 55 824 60 29
D 822 33 2 741 823 742 29
D 821 29 2 45 822 63 29
D 826 27 2 48 47 46 64
D 828 31 2 53 62 51 52
D 830 37 2 57 58 59 813
D 829 35 2 60 824 55 830
D 831 31 2 53 52 51 8
D 827 33 3 828 823 741 829 831 29
D 832 27 2 48 64 46 8
D 825 29 3 826 822 45 827 832 29
D 834 23 2 42 67 40 8
D 833 21 2 38 834 43 66
D 818 25 3 819 821 37 825 833 29
D 35 39 11 36 68 736 745 749 754 757 760 766 771 776 780 785 789 792 796 799 804 808 814 818 8
D 837 3 2 7 6 5 8
D 836 1 2 3 837 9 8
D 840 11 2 17 28 19 8
D 841 11 2 17 18 19 29
D 839 13 2 840 20 841 8
D 838 9 2 11 839 30 8
D 843 3 2 7 34 5 29
D 842 1 2 3 843 9 29
D 835 5 2 836 838 842 8
D 847 41 2 71 100 76 29
D 846 45 3 70 806 639 722 847 29
D 845 59 3 69 746 638 755 846 8
D 844 39 11 36 745 736 754 749 760 757 771 766 780 776 789 785 796 792 804 799 814 808 845 818 8
D 850 3 2 5 34 7 8
D 849 1 2 3 850 9 8
D 852 3 2 5 6 7 29
D 851 1 2 3 852 9 29
D 848 5 2 849 838 851 8
D 855 45 2 70 806 98 29
D 854 59 2 69 755 855 8
D 853 39 11 36 754 736 760 749 771 757 780 766 789 776 796 785 804 792 814 799 845 808 854 818 8
D 857 1 2 9 4 3 8
D 858 1 2 9 33 3 29
D 856 5 2 857 838 858 8
D 864 37 2 59 813 57 29
D 863 35 2 55 864 60 824
D 862 33 3 741 863 828 823 831 29
D 861 29 3 45 862 826 822 832 29
D 860 25 3 37 861 819 821 833 29
D 859 39 10 36 760 736 771 749 780 757 789 766 796 776 804 785 814 792 845 799 854 860 8
D 868 11 2 19 28 17 8
D 869 11 2 19 18 17 29
D 867 13 2 868 20 869 8
D 866 9 2 11 867 30 8
D 865 5 2 2 866 32 8
D 874 35 2 60 824 55 29
D 873 33 3 741 874 828 823 831 29
D 872 29 3 45 873 826 822 832 29
D 871 25 3 37 872 819 821 833 29
D 870 39 9 36 771 736 780 749 789 757 796 766 804 776 814 785 845 792 854 871 8
D 877 7 2 14 13 12 8
D 878 7 2 14 31 12 29
D 876 9 2 877 839 878 8
D 875 5 2 2 876 32 8
D 883 31 2 51 62 53 52
D 882 33 2 828 823 883 29
D 881 29 3 45 882 826 822 832 29
D 880 25 3 37 881 819 821 833 29
D 879 39 8 36 780 736 789 749 796 757 804 766 814 776 845 785 854 880 8
D 886 7 2 12 31 14 8
D 887 7 2 12 13 14 29
D 885 9 2 886 839 887 8
D 884 5 2 2 885 32 8
D 890 29 3 45 882 778 822 64 29
D 889 25 3 37 890 819 821 833 29
D 888 39 7 36 789 736 796 749 804 757 814 766 845 776 854 889 8
D 894 15 2 26 22 21 8
D 893 13 2 840 894 841 8
D 892 9 2 11 893 30 8
D 891 5 2 2 892 32 8
D 897 29 2 45 882 63 29
D 896 25 3 37 897 819 821 833 29
D 895 39 6 36 796 736 804 749 814 757 845 766 854 896 8
D 902 17 2 25 24 23 8
D 901 15 2 21 902 26 8
D 900 13 2 840 901 841 8
D 899 9 2 11 900 30 8
D 898 5 2 2 899 32 8
D 906 33 2 50 823 61 29
D 905 29 2 45 906 63 29
D 904 25 3 37 905 819 821 833 29
D 903 39 5 36 804 736 814 749 845 757 854 904 8
L 912 18 10
D 911 17 2 23 912 25 8
D 910 15 2 21 911 26 8
D 909 13 2 840 910 841 8
D 908 9 2 11 909 30 8
D 907 5 2 2 908 32 8
D 915 21 2 38 820 43 8
D 916 21 2 38 834 43 29
D 914 25 3 37 905 915 821 916 29
D 913 39 4 36 814 736 845 749 854 914 8
D 921 17 2 23 24 25 912
D 922 17 2 23 912 25 29
D 920 15 2 21 921 26 922
D 923 11 2 19 28 17 18
D 924 15 2 21 922 26 29
D 925 11 2 19 18 17 8
D 919 13 3 840 920 923 924 925 29
D 926 7 2 14 13 12 31
D 927 13 2 840 924 841 29
D 928 7 2 14 31 12 8
D 918 9 3 11 919 926 927 928 29
D 930 3 2 7 6 5 34
D 929 1 2 3 930 9 4
D 931 9 2 11 927 30 29
D 933 3 2 7 34 5 8
D 932 1 2 3 933 9 33
D 917 5 3 2 918 929 931 932 29
D 0 19 11 1 35 835 844 848 853 856 859 865 870 875 879 884 888 891 895 898 903 907 913 917 8
