c ids of sdd nodes start at 0
c sdd nodes appear bottom-up, children before parents
c
c file syntax:
c sdd count-of-sdd-nodes
c F id-of-false-sdd-node
c T id-of-true-sdd-node
c L id-of-literal-sdd-node id-of-vtree literal
c D id-of-decomposition-sdd-node id-of-vtree number-of-elements {id-of-prime id-of-sub}*
c
sdd 950
L 3 0 -4
L 5 2 -2
L 6 4 -3
L 7 2 2
F 8
D 4 3 2 5 6 7 8
L 9 0 4
D 2 1 2 3 4 9 8
L 12 6 -6
L 13 8 -7
L 14 6 6
D 11 7 2 12 13 14 8
L 17 10 -5
L 18 12 1
L 19 10 5
D 16 11 2 17 18 19 8
L 21 14 -8
L 23 16 -9
L 24 18 -10
L 25 16 9
D 22 17 2 23 24 25 8
L 26 14 8
D 20 15 2 21 22 26 8
L 28 12 -1
T 29
D 27 11 2 17 28 19 29
D 15 13 2 16 20 27 8
L 31 8 7
D 30 7 2 12 31 14 29
D 10 9 2 11 15 30 8
L 34 4 3
D 33 3 2 5 34 7 29
D 32 1 2 3 33 9 29
D 1 5 2 2 10 32 8
L 38 20 -14
L 40 22 -12
L 41 24 -13
L 42 22 12
D 39 23 2 40 41 42 8
L 43 20 14
D 37 21 2 38 39 43 8
L 46 26 -16
L 47 28 -17
L 48 26 16
D 45 27 2 46 47 48 8
L 51 30 -15
L 52 32 11
L 53 30 15
D 50 31 2 51 52 53 8
L 55 34 -18
L 57 36 -19
L 58 38 -20
L 59 36 19
D 56 37 2 57 58 59 8
L 60 34 18
D 54 35 2 55 56 60 8
L 62 32 -11
D 61 31 2 51 62 53 29
D 49 33 2 50 54 61 8
L 64 28 17
D 63 27 2 46 64 48 29
D 44 29 2 45 49 63 8
L 67 24 13
D 66 23 2 40 67 42 29
D 65 21 2 38 66 43 29
D 36 25 2 37 44 65 8
L 71 40 -24
L 73 42 -22
L 74 44 -23
L 75 42 22
D 72 43 2 73 74 75 8
L 76 40 24
D 70 41 2 71 72 76 8
L 79 46 -26
L 80 48 -27
L 81 46 26
D 78 47 2 79 80 81 8
L 84 50 -25
L 85 52 21
L 86 50 25
D 83 51 2 84 85 86 8
L 88 54 -28
L 90 56 -29
L 91 58 -30
L 92 56 29
D 89 57 2 90 91 92 8
L 93 54 28
D 87 55 2 88 89 93 8
L 95 52 -21
D 94 51 2 84 95 86 29
D 82 53 2 83 87 94 8
L 97 48 27
D 96 47 2 79 97 81 29
D 77 49 2 78 82 96 8
L 100 44 23
D 99 43 2 73 100 75 29
D 98 41 2 71 99 76 29
D 69 45 2 70 77 98 8
L 104 60 -34
L 106 62 -32
L 107 64 -33
L 108 62 32
D 105 63 2 106 107 108 8
L 109 60 34
D 103 61 2 104 105 109 8
L 112 66 -36
L 113 68 -37
L 114 66 36
D 111 67 2 112 113 114 8
L 117 70 -35
L 118 72 31
L 119 70 35
D 116 71 2 117 118 119 8
L 121 74 -38
L 123 76 -39
L 124 78 -40
L 125 76 39
D 122 77 2 123 124 125 8
L 126 74 38
D 120 75 2 121 122 126 8
L 128 72 -31
D 127 71 2 117 128 119 29
D 115 73 2 116 120 127 8
L 130 68 37
D 129 67 2 112 130 114 29
D 110 69 2 111 115 129 8
L 133 64 33
D 132 63 2 106 133 108 29
D 131 61 2 104 132 109 29
D 102 65 2 103 110 131 8
L 137 80 -42
L 139 82 -43
L 140 84 -44
L 141 82 43
D 138 83 2 139 140 141 8
L 142 80 42
D 136 81 2 137 138 142 8
L 145 86 -46
L 146 88 -47
L 147 86 46
D 144 87 2 145 146 147 8
L 150 90 -45
L 151 92 41
L 152 90 45
D 149 91 2 150 151 152 8
L 154 94 -48
L 156 96 -49
L 157 98 -50
L 158 96 49
D 155 97 2 156 157 158 8
L 159 94 48
D 153 95 2 154 155 159 8
L 161 92 -41
D 160 91 2 150 161 152 29
D 148 93 2 149 153 160 8
L 163 88 47
D 162 87 2 145 163 147 29
D 143 89 2 144 148 162 8
L 166 84 44
D 165 83 2 139 166 141 29
D 164 81 2 137 165 142 29
D 135 85 2 136 143 164 8
L 170 100 56
L 171 102 -57
L 172 100 -56
D 169 101 2 170 171 172 8
L 174 104 -58
L 176 106 -59
L 177 108 -60
L 178 106 59
D 175 107 2 176 177 178 8
L 179 104 58
D 173 105 2 174 175 179 8
L 181 102 57
D 180 101 2 170 181 172 29
D 168 103 2 169 173 180 8
L 185 110 -53
L 186 112 -54
L 187 110 53
D 184 111 2 185 186 187 8
L 189 114 -52
L 191 116 -55
L 192 118 -51
L 193 116 55
D 190 117 2 191 192 193 8
L 194 114 52
D 188 115 2 189 190 194 8
L 196 112 54
D 195 111 2 185 196 187 29
D 183 113 2 184 188 195 8
L 200 120 -76
L 201 122 -77
L 202 120 76
D 199 121 2 200 201 202 8
L 204 124 -78
L 206 126 -79
L 207 128 -80
L 208 126 79
D 205 127 2 206 207 208 8
L 209 124 78
D 203 125 2 204 205 209 8
L 211 122 77
D 210 121 2 200 211 202 29
D 198 123 2 199 203 210 8
L 215 130 -73
L 216 132 -72
L 217 130 73
D 214 131 2 215 216 217 8
L 219 134 71
L 221 136 -74
L 222 138 -75
L 223 136 74
D 220 137 2 221 222 223 8
L 224 134 -71
D 218 135 2 219 220 224 8
L 226 132 72
D 225 131 2 215 226 217 29
D 213 133 2 214 218 225 8
L 229 140 -61
L 230 142 -62
L 231 140 61
D 228 141 2 229 230 231 8
L 234 144 -63
L 235 146 -64
L 236 144 63
D 233 145 2 234 235 236 8
L 238 148 -65
L 240 150 -66
L 242 152 -67
L 244 154 -68
L 246 156 69
L 247 158 -70
L 248 156 -69
D 245 157 2 246 247 248 8
L 249 154 68
D 243 155 2 244 245 249 8
L 250 152 67
D 241 153 2 242 243 250 8
L 251 150 66
D 239 151 2 240 241 251 8
L 252 148 65
D 237 149 2 238 239 252 8
L 254 146 64
D 253 145 2 234 254 236 29
D 232 147 2 233 237 253 8
L 256 142 62
D 255 141 2 229 256 231 29
D 227 143 2 228 232 255 8
D 258 131 2 215 226 217 8
D 259 135 2 224 220 219 8
D 260 131 2 215 216 217 29
D 257 133 2 258 259 260 8
D 267 157 2 248 247 246 8
D 266 155 2 249 267 244 8
D 265 153 2 242 266 250 8
D 264 151 2 240 265 251 8
D 263 149 2 238 264 252 8
D 262 147 2 233 263 253 8
D 261 143 2 228 262 255 8
L 271 138 75
D 270 137 2 221 271 223 8
D 269 135 2 224 270 219 8
D 268 133 2 214 269 225 8
D 277 155 2 244 267 249 8
D 276 153 2 242 277 250 8
D 275 151 2 240 276 251 8
D 274 149 2 252 275 238 8
D 273 147 2 233 274 253 8
D 272 143 2 228 273 255 8
D 280 137 2 223 222 221 8
D 279 135 2 224 280 219 8
D 278 133 2 214 279 225 8
D 284 151 2 251 276 240 8
D 283 149 2 238 284 252 8
D 282 147 2 233 283 253 8
D 281 143 2 228 282 255 8
D 286 131 2 217 216 215 8
D 287 131 2 217 226 215 29
D 285 133 2 286 259 287 8
D 292 153 2 250 277 242 8
D 291 151 2 240 292 251 8
D 290 149 2 238 291 252 8
D 289 147 2 233 290 253 8
D 288 143 2 228 289 255 8
D 295 137 2 221 222 223 271
D 296 137 2 221 271 223 29
D 294 135 2 224 295 219 296
D 297 131 2 217 216 215 226
D 298 135 2 224 296 219 29
D 299 131 2 217 226 215 8
D 293 133 3 214 294 297 298 299 29
D 212 139 6 213 227 257 261 268 272 278 281 285 288 293 8
D 301 121 2 200 211 202 8
D 302 121 2 200 201 202 29
D 300 123 2 301 203 302 8
D 304 133 2 214 259 225 8
D 307 145 2 236 235 234 8
D 308 149 2 238 275 252 8
D 309 145 2 236 254 234 29
D 306 147 2 307 308 309 8
D 305 143 2 228 306 255 8
D 310 133 2 214 298 225 29
D 303 139 2 304 305 310 8
D 312 125 2 209 205 204 8
D 311 123 2 199 312 210 8
D 315 141 2 229 256 231 8
D 316 147 2 233 308 253 8
D 317 141 2 229 230 231 29
D 314 143 2 315 316 317 8
D 313 139 2 304 314 310 8
D 319 121 2 202 201 200 8
D 320 121 2 202 211 200 29
D 318 123 2 319 203 320 8
D 324 145 2 234 254 236 8
D 325 145 2 234 235 236 29
D 323 147 2 324 308 325 8
D 322 143 2 228 323 255 8
D 321 139 2 304 322 310 8
D 328 127 2 208 207 206 8
D 327 125 2 204 328 209 8
D 326 123 2 199 327 210 8
D 331 141 2 231 230 229 8
D 332 141 2 231 256 229 29
D 330 143 2 331 316 332 8
D 329 139 2 304 330 310 8
L 336 128 80
D 335 127 2 206 336 208 29
D 334 125 2 209 335 204 336
D 337 121 2 202 201 200 211
D 338 125 2 204 335 209 29
D 339 121 2 202 211 200 8
D 333 123 3 199 334 337 338 339 29
D 197 129 6 198 212 300 303 311 313 318 321 326 329 333 8
L 343 118 51
D 342 117 2 191 343 193 29
D 341 115 2 189 342 194 29
D 340 113 2 184 341 195 29
D 182 119 2 183 197 340 8
D 345 101 2 172 171 170 8
D 346 101 2 172 181 170 29
D 344 103 2 345 173 346 8
D 350 117 2 191 343 193 8
D 349 115 2 189 350 194 8
D 348 113 2 184 349 195 8
D 354 127 2 206 336 208 8
D 353 125 2 204 354 209 8
D 352 123 2 199 353 210 8
D 355 139 2 304 272 310 8
L 364 158 70
D 363 157 2 248 364 246 8
D 362 155 2 244 363 249 8
D 361 153 2 242 362 250 8
D 360 151 2 240 361 251 8
D 359 149 2 238 360 252 8
D 358 147 2 233 359 253 8
D 357 143 2 228 358 255 8
D 367 137 2 221 222 223 29
D 366 135 2 224 367 219 29
D 365 133 2 214 366 225 29
D 356 139 2 268 357 365 8
D 368 139 2 304 281 310 8
D 369 139 2 304 288 310 8
D 370 139 2 304 261 310 8
D 371 139 2 304 227 310 8
D 374 127 2 208 336 206 8
D 373 125 2 204 374 209 335
D 372 123 3 199 373 337 338 339 29
D 351 129 7 352 355 198 356 326 368 311 369 300 370 318 371 372 8
D 376 115 2 194 190 189 8
D 375 113 2 184 376 195 8
D 380 135 2 224 295 219 29
D 379 133 2 214 380 225 29
D 378 139 3 278 357 268 227 379 8
D 377 129 7 352 321 198 378 326 355 311 368 300 369 318 370 372 8
D 382 111 2 187 186 185 8
D 383 111 2 187 196 185 29
D 381 113 2 382 188 383 8
D 386 133 3 214 380 286 298 226 29
D 385 139 4 285 357 278 227 268 261 386 8
D 384 129 7 352 303 198 385 326 321 311 355 300 368 318 369 372 8
D 388 111 2 185 196 187 8
D 389 111 2 185 186 187 29
D 387 113 2 388 188 389 8
D 392 133 3 214 380 297 298 299 29
D 391 139 5 257 357 285 227 278 261 268 288 392 8
D 390 129 7 198 391 326 303 352 313 311 321 300 355 318 368 372 8
D 395 117 2 193 192 191 8
D 394 115 2 189 395 194 8
D 393 113 2 184 394 195 8
D 397 139 6 213 357 257 227 285 261 268 281 278 288 293 8
D 396 129 7 198 397 311 303 326 313 300 321 352 329 318 355 372 8
D 400 117 2 191 192 193 343
D 399 115 2 189 400 194 342
D 401 111 2 187 186 185 196
D 402 111 2 187 196 185 8
D 398 113 3 184 399 401 341 402 29
D 347 119 6 348 351 375 377 381 384 387 390 393 396 398 8
D 404 101 2 172 181 170 8
D 405 101 2 172 171 170 29
D 403 103 2 404 173 405 8
D 408 139 6 213 261 268 322 278 272 285 281 257 288 293 8
D 409 123 3 337 338 199 335 339 29
D 407 129 5 198 408 318 303 300 313 311 329 409 8
D 406 119 2 183 407 340 8
D 411 105 2 179 175 174 8
D 410 103 2 345 411 346 8
D 414 139 6 268 305 278 322 285 272 257 281 213 288 293 8
D 416 121 2 202 201 200 29
D 415 123 2 416 338 339 29
D 413 129 4 318 313 198 414 300 329 415 8
D 412 119 2 183 413 340 8
D 419 107 2 178 177 176 8
D 418 105 2 174 419 179 8
D 417 103 2 345 418 346 8
D 422 139 6 278 305 285 322 257 272 213 281 268 314 293 8
D 423 123 2 201 338 211 29
D 421 129 3 318 329 198 422 423 8
D 420 119 2 183 421 340 8
L 427 108 60
D 426 107 2 176 427 178 8
D 425 105 2 174 426 179 8
D 424 103 2 345 425 346 8
D 430 139 6 285 305 257 322 213 272 278 314 268 330 293 8
D 431 123 2 199 338 210 29
D 429 129 2 198 430 431 8
D 428 119 2 183 429 340 8
D 434 107 2 178 427 176 8
D 435 107 2 176 427 178 29
D 433 105 2 174 434 179 435
D 436 101 2 170 171 172 181
D 437 105 2 174 435 179 29
D 438 101 2 170 181 172 8
D 432 103 3 345 433 436 437 438 29
D 167 109 7 168 182 344 347 403 406 410 412 417 420 424 428 432 8
D 440 81 2 142 138 137 8
D 443 91 2 150 161 152 8
D 444 91 2 150 151 152 29
D 442 93 2 443 153 444 8
D 441 89 2 144 442 162 8
D 445 81 2 142 165 137 29
D 439 85 2 440 441 445 8
D 447 119 6 348 377 375 384 381 390 387 396 393 197 398 8
D 453 137 2 223 271 221 29
D 452 135 2 224 453 219 296
D 451 133 3 214 452 297 298 299 29
D 450 139 5 257 305 213 322 285 314 278 330 451 8
D 449 129 2 198 450 431 8
D 448 119 2 183 449 340 8
D 446 109 7 168 406 344 447 403 412 410 420 417 428 424 448 432 8
D 456 83 2 141 140 139 8
D 455 81 2 137 456 142 8
D 458 83 2 141 166 139 29
D 457 81 2 137 458 142 29
D 454 85 2 455 441 457 8
D 460 119 6 348 384 375 390 381 396 387 197 393 407 398 8
D 465 135 2 219 296 224 29
D 464 133 3 297 298 214 465 299 29
D 463 139 4 213 305 257 314 285 330 464 8
D 462 129 2 198 463 431 8
D 461 119 2 183 462 340 8
D 459 109 7 168 412 344 460 403 420 410 428 417 448 424 461 432 8
D 468 83 2 139 166 141 8
D 467 81 2 137 468 142 8
D 470 83 2 139 140 141 29
D 469 81 2 137 470 142 29
D 466 85 2 467 441 469 8
D 472 119 6 348 390 375 396 381 197 387 407 393 413 398 8
D 476 133 3 258 298 214 465 217 29
D 475 139 3 213 314 257 330 476 8
D 474 129 2 198 475 431 8
D 473 119 2 183 474 340 8
D 471 109 7 168 420 344 472 403 428 410 448 417 461 424 473 432 8
D 480 91 2 152 161 150 8
D 481 91 2 152 151 150 29
D 479 93 2 480 153 481 8
D 478 89 2 144 479 162 8
D 477 85 2 136 478 164 8
D 483 119 6 348 396 375 197 381 407 387 413 393 421 398 8
D 487 133 2 214 465 225 29
D 486 139 2 213 330 487 8
D 485 129 2 198 486 431 8
D 484 119 2 183 485 340 8
D 482 109 7 168 428 344 483 403 448 410 461 417 473 424 484 432 8
D 490 87 2 147 146 145 8
D 491 87 2 147 163 145 29
D 489 89 2 490 442 491 8
D 488 85 2 136 489 164 8
D 493 119 6 348 197 375 407 381 413 387 421 393 429 398 8
D 495 105 2 179 435 174 427
D 494 103 3 345 495 436 437 438 29
D 492 109 6 168 448 344 493 403 461 410 473 417 484 494 8
D 498 87 2 145 163 147 8
D 499 87 2 145 146 147 29
D 497 89 2 498 442 499 8
D 496 85 2 136 497 164 8
D 501 119 6 348 407 375 413 381 421 387 429 393 449 398 8
D 502 103 3 436 437 345 435 438 29
D 500 109 5 168 461 344 501 403 473 410 484 502 8
D 506 95 2 159 155 154 8
D 505 93 2 443 506 444 8
D 504 89 2 144 505 162 8
D 503 85 2 136 504 164 8
D 508 119 6 348 413 375 421 381 429 387 449 393 462 398 8
D 510 101 2 170 171 172 29
D 509 103 2 510 437 438 29
D 507 109 4 168 473 344 508 403 484 509 8
D 515 97 2 158 157 156 8
D 514 95 2 154 515 159 8
D 513 93 2 443 514 444 8
D 512 89 2 144 513 162 8
D 511 85 2 136 512 164 8
D 517 119 6 348 421 375 429 381 449 387 462 393 474 398 8
D 518 103 2 171 437 181 29
D 516 109 3 168 484 344 517 518 8
L 524 98 50
D 523 97 2 156 524 158 8
D 522 95 2 154 523 159 8
D 521 93 2 443 522 444 8
D 520 89 2 144 521 162 8
D 519 85 2 136 520 164 8
D 526 119 6 348 429 375 449 381 462 387 474 393 485 398 8
D 527 103 2 345 437 346 29
D 525 109 2 344 526 527 8
D 530 83 2 141 140 139 166
D 529 81 2 137 530 142 138
D 534 97 2 156 524 158 29
D 533 95 2 154 534 159 29
D 532 93 2 443 533 444 29
D 531 89 2 144 532 162 29
D 536 87 2 147 146 145 163
D 538 91 2 152 161 150 151
D 540 97 2 156 157 158 524
D 539 95 2 159 534 154 540
D 541 91 2 152 151 150 8
D 537 93 3 538 533 443 539 541 29
D 542 87 2 147 163 145 8
D 535 89 3 536 532 144 537 542 29
D 544 83 2 141 166 139 8
D 543 81 2 137 544 142 165
D 528 85 3 529 531 136 535 543 29
D 134 99 11 135 167 439 446 454 459 466 471 477 482 488 492 496 500 503 507 511 516 519 525 528 8
D 547 63 2 108 107 106 8
D 546 61 2 104 547 109 8
D 550 71 2 117 128 119 8
D 551 71 2 117 118 119 29
D 549 73 2 550 120 551 8
D 548 69 2 111 549 129 8
D 553 63 2 108 133 106 29
D 552 61 2 104 553 109 29
D 545 65 2 546 548 552 8
D 559 117 2 191 192 193 29
D 558 115 2 194 342 189 559
D 557 113 3 184 558 401 341 402 29
D 556 119 5 348 449 375 462 381 474 387 485 557 8
D 555 109 2 344 556 527 8
D 554 99 11 135 446 439 459 454 471 466 482 477 492 488 500 496 507 503 516 511 525 519 555 528 8
D 562 63 2 106 133 108 8
D 561 61 2 104 562 109 8
D 564 63 2 106 107 108 29
D 563 61 2 104 564 109 29
D 560 65 2 561 548 563 8
D 568 113 3 184 558 382 341 196 29
D 567 119 4 348 462 375 474 381 485 568 8
D 566 109 2 344 567 527 8
D 565 99 11 135 459 439 471 454 482 466 492 477 500 488 507 496 516 503 525 511 555 519 566 528 8
D 570 61 2 109 105 104 8
D 571 61 2 109 132 104 29
D 569 65 2 570 548 571 8
D 575 113 2 184 558 195 29
D 574 119 3 348 474 375 485 575 8
D 573 109 2 344 574 527 8
D 572 99 11 135 471 439 482 454 492 466 500 477 507 488 516 496 525 503 555 511 566 519 573 528 8
D 579 71 2 119 128 117 8
D 580 71 2 119 118 117 29
D 578 73 2 579 120 580 8
D 577 69 2 111 578 129 8
D 576 65 2 103 577 131 8
D 585 115 2 189 559 194 29
D 584 113 2 184 585 195 29
D 583 119 2 348 485 584 8
D 582 109 2 344 583 527 8
D 581 99 11 135 482 439 492 454 500 466 507 477 516 488 525 496 555 503 566 511 573 519 582 528 8
D 588 67 2 114 113 112 8
D 589 67 2 114 130 112 29
D 587 69 2 588 549 589 8
D 586 65 2 103 587 131 8
D 595 97 2 158 524 156 29
D 594 95 2 154 595 159 534
D 593 93 3 443 594 538 533 541 29
D 592 89 3 144 593 536 532 542 29
D 591 85 3 136 592 529 531 543 29
D 590 99 10 135 492 439 500 454 507 466 516 477 525 488 555 496 566 503 573 511 582 591 8
D 598 67 2 112 130 114 8
D 599 67 2 112 113 114 29
D 597 69 2 598 549 599 8
D 596 65 2 103 597 131 8
D 604 95 2 159 534 154 29
D 603 93 3 443 604 538 533 541 29
D 602 89 3 144 603 536 532 542 29
D 601 85 3 136 602 529 531 543 29
D 600 99 9 135 500 439 507 454 516 466 525 477 555 488 566 496 573 503 582 601 8
D 608 75 2 126 122 121 8
D 607 73 2 550 608 551 8
D 606 69 2 111 607 129 8
D 605 65 2 103 606 131 8
D 613 91 2 150 161 152 151
D 612 93 2 538 533 613 29
D 611 89 3 144 612 536 532 542 29
D 610 85 3 136 611 529 531 543 29
D 609 99 8 135 507 439 516 454 525 466 555 477 566 488 573 496 582 610 8
D 618 77 2 125 124 123 8
D 617 75 2 121 618 126 8
D 616 73 2 550 617 551 8
D 615 69 2 111 616 129 8
D 614 65 2 103 615 131 8
D 621 89 3 144 612 490 532 163 29
D 620 85 3 136 621 529 531 543 29
D 619 99 7 135 516 439 525 454 555 466 566 477 573 488 582 620 8
L 627 78 40
D 626 77 2 123 627 125 8
D 625 75 2 121 626 126 8
D 624 73 2 550 625 551 8
D 623 69 2 111 624 129 8
D 622 65 2 103 623 131 8
D 630 89 2 144 612 162 29
D 629 85 3 136 630 529 531 543 29
D 628 99 6 135 525 439 555 454 566 466 573 477 582 629 8
D 633 63 2 108 107 106 133
D 632 61 2 104 633 109 105
D 637 77 2 123 627 125 29
D 636 75 2 121 637 126 29
D 635 73 2 550 636 551 29
D 634 69 2 111 635 129 29
D 639 67 2 114 113 112 130
D 641 71 2 119 128 117 118
D 643 77 2 123 124 125 627
D 642 75 2 126 637 121 643
D 644 71 2 119 118 117 8
D 640 73 3 641 636 550 642 644 29
D 645 67 2 114 130 112 8
D 638 69 3 639 635 111 640 645 29
D 647 63 2 108 133 106 8
D 646 61 2 104 647 109 132
D 631 65 3 632 634 103 638 646 29
D 101 79 11 102 134 545 554 560 565 569 572 576 581 586 590 596 600 605 609 614 619 622 628 631 8
D 650 43 2 75 74 73 8
D 649 41 2 71 650 76 8
D 653 51 2 84 95 86 8
D 654 51 2 84 85 86 29
D 652 53 2 653 87 654 8
D 651 49 2 78 652 96 8
D 656 43 2 75 100 73 29
D 655 41 2 71 656 76 29
D 648 45 2 649 651 655 8
D 661 93 2 149 533 160 29
D 660 89 2 144 661 162 29
D 659 85 3 136 660 529 531 543 29
D 658 99 5 135 555 439 566 454 573 466 582 659 8
D 657 79 11 102 554 545 565 560 572 569 581 576 590 586 600 596 609 605 619 614 628 622 658 631 8
D 664 43 2 73 100 75 8
D 663 41 2 71 664 76 8
D 666 43 2 73 74 75 29
D 665 41 2 71 666 76 29
D 662 45 2 663 651 665 8
D 670 81 2 137 456 142 138
D 671 81 2 142 165 137 166
D 669 85 3 136 660 670 531 671 29
D 668 99 4 135 566 439 573 454 582 669 8
D 667 79 11 102 565 545 572 560 581 569 590 576 600 586 609 596 619 605 628 614 658 622 668 631 8
D 673 41 2 76 72 71 8
D 674 41 2 76 99 71 29
D 672 45 2 673 651 674 8
D 677 85 3 136 660 440 531 165 29
D 676 99 3 135 573 439 582 677 8
D 675 79 11 102 572 545 581 560 590 569 600 576 609 586 619 596 628 605 658 614 668 622 676 631 8
D 681 51 2 86 95 84 8
D 682 51 2 86 85 84 29
D 680 53 2 681 87 682 8
D 679 49 2 78 680 96 8
D 678 45 2 70 679 98 8
D 685 85 2 136 660 164 29
D 684 99 2 135 582 685 8
D 683 79 11 102 581 545 590 560 600 569 609 576 619 586 628 596 658 605 668 614 676 622 684 631 8
D 688 47 2 81 80 79 8
D 689 47 2 81 97 79 29
D 687 49 2 688 652 689 8
D 686 45 2 70 687 98 8
D 695 77 2 125 627 123 29
D 694 75 2 121 695 126 637
D 693 73 3 550 694 641 636 644 29
D 692 69 3 111 693 639 635 645 29
D 691 65 3 103 692 632 634 646 29
D 690 79 10 102 590 545 600 560 609 569 619 576 628 586 658 596 668 605 676 614 684 691 8
D 698 47 2 79 97 81 8
D 699 47 2 79 80 81 29
D 697 49 2 698 652 699 8
D 696 45 2 70 697 98 8
D 704 75 2 126 637 121 29
D 703 73 3 550 704 641 636 644 29
D 702 69 3 111 703 639 635 645 29
D 701 65 3 103 702 632 634 646 29
D 700 79 9 102 600 545 609 560 619 569 628 576 658 586 668 596 676 605 684 701 8
D 708 55 2 93 89 88 8
D 707 53 2 653 708 654 8
D 706 49 2 78 707 96 8
D 705 45 2 70 706 98 8
D 713 71 2 117 128 119 118
D 712 73 2 641 636 713 29
D 711 69 3 111 712 639 635 645 29
D 710 65 3 103 711 632 634 646 29
D 709 79 8 102 609 545 619 560 628 569 658 576 668 586 676 596 684 710 8
D 718 57 2 92 91 90 8
D 717 55 2 88 718 93 8
D 716 53 2 653 717 654 8
D 715 49 2 78 716 96 8
D 714 45 2 70 715 98 8
D 721 69 3 111 712 588 635 130 29
D 720 65 3 103 721 632 634 646 29
D 719 79 7 102 619 545 628 560 658 569 668 576 676 586 684 720 8
L 727 58 30
D 726 57 2 90 727 92 8
D 725 55 2 88 726 93 8
D 724 53 2 653 725 654 8
D 723 49 2 78 724 96 8
D 722 45 2 70 723 98 8
D 730 69 2 111 712 129 29
D 729 65 3 103 730 632 634 646 29
D 728 79 6 102 628 545 658 560 668 569 676 576 684 729 8
D 733 43 2 75 74 73 100
D 732 41 2 71 733 76 72
D 737 57 2 90 727 92 29
D 736 55 2 88 737 93 29
D 735 53 2 653 736 654 29
D 734 49 2 78 735 96 29
D 739 47 2 81 80 79 97
D 741 51 2 86 95 84 85
D 743 57 2 90 91 92 727
D 742 55 2 93 737 88 743
D 744 51 2 86 85 84 8
D 740 53 3 741 736 653 742 744 29
D 745 47 2 81 97 79 8
D 738 49 3 739 735 78 740 745 29
D 747 43 2 75 100 73 8
D 746 41 2 71 747 76 99
D 731 45 3 732 734 70 738 746 29
D 68 59 11 69 101 648 657 662 667 672 675 678 683 686 690 696 700 705 709 714 719 722 728 731 8
D 750 23 2 42 41 40 8
D 749 21 2 38 750 43 8
D 753 31 2 51 62 53 8
D 754 31 2 51 52 53 29
D 752 33 2 753 54 754 8
D 751 29 2 45 752 63 8
D 756 23 2 42 67 40 29
D 755 21 2 38 756 43 29
D 748 25 2 749 751 755 8
D 761 73 2 116 636 127 29
D 760 69 2 111 761 129 29
D 759 65 3 103 760 632 634 646 29
D 758 79 5 102 658 545 668 560 676 569 684 759 8
D 757 59 11 69 657 648 667 662 675 672 683 678 690 686 700 696 709 705 719 714 728 722 758 731 8
D 764 23 2 40 67 42 8
D 763 21 2 38 764 43 8
D 766 23 2 40 41 42 29
D 765 21 2 38 766 43 29
D 762 25 2 763 751 765 8
D 770 61 2 104 633 109 8
D 771 61 2 104 647 109 29
D 769 65 3 103 760 770 634 771 29
D 768 79 4 102 668 545 676 560 684 769 8
D 767 59 11 69 667 648 675 662 683 672 690 678 700 686 709 696 719 705 728 714 758 722 768 731 8
D 773 21 2 43 39 38 8
D 774 21 2 43 66 38 29
D 772 25 2 773 751 774 8
D 778 61 2 104 133 109 29
D 777 65 3 103 760 546 634 778 29
D 776 79 3 102 676 545 684 777 8
D 775 59 11 69 675 648 683 662 690 672 700 678 709 686 719 696 728 705 758 714 768 722 776 731 8
D 782 31 2 53 62 51 8
D 783 31 2 53 52 51 29
D 781 33 2 782 54 783 8
D 780 29 2 45 781 63 8
D 779 25 2 37 780 65 8
D 786 65 2 103 760 131 29
D 785 79 2 102 684 786 8
D 784 59 11 69 683 648 690 662 700 672 709 678 719 686 728 696 758 705 768 714 776 722 785 731 8
D 789 27 2 48 47 46 8
D 790 27 2 48 64 46 29
D 788 29 2 789 752 790 8
D 787 25 2 37 788 65 8
D 796 57 2 92 727 90 29
D 795 55 2 88 796 93 737
D 794 53 3 653 795 741 736 744 29
D 793 49 3 78 794 739 735 745 29
D 792 45 3 70 793 732 734 746 29
D 791 59 10 69 690 648 700 662 709 672 719 678 728 686 758 696 768 705 776 714 785 792 8
D 799 27 2 46 64 48 8
D 800 27 2 46 47 48 29
D 798 29 2 799 752 800 8
D 797 25 2 37 798 65 8
D 805 55 2 93 737 88 29
D 804 53 3 653 805 741 736 744 29
D 803 49 3 78 804 739 735 745 29
D 802 45 3 70 803 732 734 746 29
D 801 59 9 69 700 648 709 662 719 672 728 678 758 686 768 696 776 705 785 802 8
D 809 35 2 60 56 55 8
D 808 33 2 753 809 754 8
D 807 29 2 45 808 63 8
D 806 25 2 37 807 65 8
D 814 51 2 84 95 86 85
D 813 53 2 741 736 814 29
D 812 49 3 78 813 739 735 745 29
D 811 45 3 70 812 732 734 746 29
D 810 59 8 69 709 648 719 662 728 672 758 678 768 686 776 696 785 811 8
D 819 37 2 59 58 57 8
D 818 35 2 55 819 60 8
D 817 33 2 753 818 754 8
D 816 29 2 45 817 63 8
D 815 25 2 37 816 65 8
D 822 49 3 78 813 688 735 97 29
D 821 45 3 70 822 732 734 746 29
D 820 59 7 69 719 648 728 662 758 672 768 678 776 686 785 821 8
L 828 38 20
D 827 37 2 57 828 59 8
D 826 35 2 55 827 60 8
D 825 33 2 753 826 754 8
D 824 29 2 45 825 63 8
D 823 25 2 37 824 65 8
D 831 49 2 78 813 96 29
D 830 45 3 70 831 732 734 746 29
D 829 59 6 69 728 648 758 662 768 672 776 678 785 830 8
D 834 23 2 42 41 40 67
D 833 21 2 38 834 43 39
D 838 37 2 57 828 59 29
D 837 35 2 55 838 60 29
D 836 33 2 753 837 754 29
D 835 29 2 45 836 63 29
D 840 27 2 48 47 46 64
D 842 31 2 53 62 51 52
D 844 37 2 57 58 59 828
D 843 35 2 60 838 55 844
D 845 31 2 53 52 51 8
D 841 33 3 842 837 753 843 845 29
D 846 27 2 48 64 46 8
D 839 29 3 840 836 45 841 846 29
D 848 23 2 42 67 40 8
D 847 21 2 38 848 43 66
D 832 25 3 833 835 37 839 847 29
D 35 39 11 36 68 748 757 762 767 772 775 779 784 787 791 797 801 806 810 815 820 823 829 832 8
D 851 3 2 7 6 5 8
D 850 1 2 3 851 9 8
D 854 11 2 17 28 19 8
D 855 11 2 17 18 19 29
D 853 13 2 854 20 855 8
D 852 9 2 11 853 30 8
D 857 3 2 7 34 5 29
D 856 1 2 3 857 9 29
D 849 5 2 850 852 856 8
D 862 53 2 83 736 94 29
D 861 49 2 78 862 96 29
D 860 45 3 70 861 732 734 746 29
D 859 59 5 69 758 648 768 662 776 672 785 860 8
D 858 39 11 36 757 748 767 762 775 772 784 779 791 787 801 797 810 806 820 815 829 823 859 832 8
D 865 3 2 5 34 7 8
D 864 1 2 3 865 9 8
D 867 3 2 5 6 7 29
D 866 1 2 3 867 9 29
D 863 5 2 864 852 866 8
D 871 41 2 71 733 76 8
D 872 41 2 71 747 76 29
D 870 45 3 70 861 871 734 872 29
D 869 59 4 69 768 648 776 662 785 870 8
D 868 39 11 36 767 748 775 762 784 772 791 779 801 787 810 797 820 806 829 815 859 823 869 832 8
D 874 1 2 9 4 3 8
D 875 1 2 9 33 3 29
D 873 5 2 874 852 875 8
D 879 41 2 71 100 76 29
D 878 45 3 70 861 649 734 879 29
D 877 59 3 69 776 648 785 878 8
D 876 39 11 36 775 748 784 762 791 772 801 779 810 787 820 797 829 806 859 815 869 823 877 832 8
D 883 11 2 19 28 17 8
D 884 11 2 19 18 17 29
D 882 13 2 883 20 884 8
D 881 9 2 11 882 30 8
D 880 5 2 2 881 32 8
D 887 45 2 70 861 98 29
D 886 59 2 69 785 887 8
D 885 39 11 36 784 748 791 762 801 772 810 779 820 787 829 797 859 806 869 815 877 823 886 832 8
D 890 7 2 14 13 12 8
D 891 7 2 14 31 12 29
D 889 9 2 890 853 891 8
D 888 5 2 2 889 32 8
D 897 37 2 59 828 57 29
D 896 35 2 55 897 60 838
D 895 33 3 753 896 842 837 845 29
D 894 29 3 45 895 840 836 846 29
D 893 25 3 37 894 833 835 847 29
D 892 39 10 36 791 748 801 762 810 772 820 779 829 787 859 797 869 806 877 815 886 893 8
D 900 7 2 12 31 14 8
D 901 7 2 12 13 14 29
D 899 9 2 900 853 901 8
D 898 5 2 2 899 32 8
D 906 35 2 60 838 55 29
D 905 33 3 753 906 842 837 845 29
D 904 29 3 45 905 840 836 846 29
D 903 25 3 37 904 833 835 847 29
D 902 39 9 36 801 748 810 762 820 772 829 779 859 787 869 797 877 806 886 903 8
D 910 15 2 26 22 21 8
D 909 13 2 854 910 855 8
D 908 9 2 11 909 30 8
D 907 5 2 2 908 32 8
D 915 31 2 51 62 53 52
D 914 33 2 842 837 915 29
D 913 29 3 45 914 840 836 846 29
D 912 25 3 37 913 833 835 847 29
D 911 39 8 36 810 748 820 762 829 772 859 779 869 787 877 797 886 912 8
D 920 17 2 25 24 23 8
D 919 15 2 21 920 26 8
D 918 13 2 854 919 855 8
D 917 9 2 11 918 30 8
D 916 5 2 2 917 32 8
D 923 29 3 45 914 789 836 64 29
D 922 25 3 37 923 833 835 847 29
D 921 39 7 36 820 748 829 762 859 772 869 779 877 787 886 922 8
L 929 18 10
D 928 17 2 23 929 25 8
D 927 15 2 21 928 26 8
D 926 13 2 854 927 855 8
D 925 9 2 11 926 30 8
D 924 5 2 2 925 32 8
D 932 29 2 45 914 63 29
D 931 25 3 37 932 833 835 847 29
D 930 39 6 36 829 748 859 762 869 772 877 779 886 931 8
D 937 17 2 23 24 25 929
D 938 17 2 23 929 25 29
D 936 15 2 21 937 26 938
D 939 11 2 19 28 17 18
D 940 15 2 21 938 26 29
D 941 11 2 19 18 17 8
D 935 13 3 854 936 939 940 941 29
D 942 7 2 14 13 12 31
D 943 13 2 854 940 855 29
D 944 7 2 14 31 12 8
D 934 9 3 11 935 942 943 944 29
D 946 3 2 7 6 5 34
D 945 1 2 3 946 9 4
D 947 9 2 11 943 30 29
D 949 3 2 7 34 5 8
D 948 1 2 3 949 9 33
D 933 5 3 2 934 945 947 948 29
D 0 19 11 1 35 849 858 863 868 873 876 880 885 888 892 898 902 907 911 916 921 924 930 933 8
