c ids of sdd nodes start at 0
c sdd nodes appear bottom-up, children before parents
c
c file syntax:
c sdd count-of-sdd-nodes
c F id-of-false-sdd-node
c T id-of-true-sdd-node
c L id-of-literal-sdd-node id-of-vtree literal
c D id-of-decomposition-sdd-node id-of-vtree number-of-elements {id-of-prime id-of-sub}*
c
sdd 959
L 3 0 -4
L 5 2 -2
L 6 4 -3
L 7 2 2
F 8
D 4 3 2 5 6 7 8
L 9 0 4
D 2 1 2 3 4 9 8
L 12 6 -6
L 13 8 -7
L 14 6 6
D 11 7 2 12 13 14 8
L 17 10 -5
L 18 12 1
L 19 10 5
D 16 11 2 17 18 19 8
L 21 14 -8
L 23 16 -9
L 24 18 -10
L 25 16 9
D 22 17 2 23 24 25 8
L 26 14 8
D 20 15 2 21 22 26 8
L 28 12 -1
T 29
D 27 11 2 17 28 19 29
D 15 13 2 16 20 27 8
L 31 8 7
D 30 7 2 12 31 14 29
D 10 9 2 11 15 30 8
L 34 4 3
D 33 3 2 5 34 7 29
D 32 1 2 3 33 9 29
D 1 5 2 2 10 32 8
L 38 20 -14
L 40 22 -12
L 41 24 -13
L 42 22 12
D 39 23 2 40 41 42 8
L 43 20 14
D 37 21 2 38 39 43 8
L 46 26 -16
L 47 28 -17
L 48 26 16
D 45 27 2 46 47 48 8
L 51 30 -15
L 52 32 11
L 53 30 15
D 50 31 2 51 52 53 8
L 55 34 -18
L 57 36 -19
L 58 38 -20
L 59 36 19
D 56 37 2 57 58 59 8
L 60 34 18
D 54 35 2 55 56 60 8
L 62 32 -11
D 61 31 2 51 62 53 29
D 49 33 2 50 54 61 8
L 64 28 17
D 63 27 2 46 64 48 29
D 44 29 2 45 49 63 8
L 67 24 13
D 66 23 2 40 67 42 29
D 65 21 2 38 66 43 29
D 36 25 2 37 44 65 8
L 71 40 -24
L 73 42 -22
L 74 44 -23
L 75 42 22
D 72 43 2 73 74 75 8
L 76 40 24
D 70 41 2 71 72 76 8
L 79 46 -26
L 80 48 -27
L 81 46 26
D 78 47 2 79 80 81 8
L 84 50 -25
L 85 52 21
L 86 50 25
D 83 51 2 84 85 86 8
L 88 54 -28
L 90 56 -29
L 91 58 -30
L 92 56 29
D 89 57 2 90 91 92 8
L 93 54 28
D 87 55 2 88 89 93 8
L 95 52 -21
D 94 51 2 84 95 86 29
D 82 53 2 83 87 94 8
L 97 48 27
D 96 47 2 79 97 81 29
D 77 49 2 78 82 96 8
L 100 44 23
D 99 43 2 73 100 75 29
D 98 41 2 71 99 76 29
D 69 45 2 70 77 98 8
L 104 60 -34
L 106 62 -32
L 107 64 -33
L 108 62 32
D 105 63 2 106 107 108 8
L 109 60 34
D 103 61 2 104 105 109 8
L 112 66 -36
L 113 68 -37
L 114 66 36
D 111 67 2 112 113 114 8
L 117 70 -35
L 118 72 31
L 119 70 35
D 116 71 2 117 118 119 8
L 121 74 -38
L 123 76 -39
L 124 78 -40
L 125 76 39
D 122 77 2 123 124 125 8
L 126 74 38
D 120 75 2 121 122 126 8
L 128 72 -31
D 127 71 2 117 128 119 29
D 115 73 2 116 120 127 8
L 130 68 37
D 129 67 2 112 130 114 29
D 110 69 2 111 115 129 8
L 133 64 33
D 132 63 2 106 133 108 29
D 131 61 2 104 132 109 29
D 102 65 2 103 110 131 8
L 137 80 -42
L 139 82 -43
L 140 84 -44
L 141 82 43
D 138 83 2 139 140 141 8
L 142 80 42
D 136 81 2 137 138 142 8
L 145 86 -46
L 146 88 -47
L 147 86 46
D 144 87 2 145 146 147 8
L 150 90 -45
L 151 92 41
L 152 90 45
D 149 91 2 150 151 152 8
L 154 94 -48
L 156 96 -49
L 157 98 -50
L 158 96 49
D 155 97 2 156 157 158 8
L 159 94 48
D 153 95 2 154 155 159 8
L 161 92 -41
D 160 91 2 150 161 152 29
D 148 93 2 149 153 160 8
L 163 88 47
D 162 87 2 145 163 147 29
D 143 89 2 144 148 162 8
L 166 84 44
D 165 83 2 139 166 141 29
D 164 81 2 137 165 142 29
D 135 85 2 136 143 164 8
L 170 100 -56
L 171 102 -57
L 172 100 56
D 169 101 2 170 171 172 8
L 174 104 -58
L 176 106 -59
L 177 108 -60
L 178 106 59
D 175 107 2 176 177 178 8
L 179 104 58
D 173 105 2 174 175 179 8
L 181 102 57
D 180 101 2 170 181 172 29
D 168 103 2 169 173 180 8
L 185 110 -53
L 186 112 -54
L 187 110 53
D 184 111 2 185 186 187 8
L 189 114 52
L 191 116 -55
L 192 118 -51
L 193 116 55
D 190 117 2 191 192 193 8
L 194 114 -52
D 188 115 2 189 190 194 8
L 196 112 54
D 195 111 2 185 196 187 29
D 183 113 2 184 188 195 8
L 200 120 -76
L 201 122 -77
L 202 120 76
D 199 121 2 200 201 202 8
L 204 124 -78
L 206 126 -79
L 207 128 80
L 208 126 79
D 205 127 2 206 207 208 8
L 209 124 78
D 203 125 2 204 205 209 8
L 211 122 77
D 210 121 2 200 211 202 29
D 198 123 2 199 203 210 8
L 215 130 -73
L 216 132 -72
L 217 130 73
D 214 131 2 215 216 217 8
L 219 134 -71
L 221 136 -74
L 222 138 -75
L 223 136 74
D 220 137 2 221 222 223 8
L 224 134 71
D 218 135 2 219 220 224 8
L 226 132 72
D 225 131 2 215 226 217 29
D 213 133 2 214 218 225 8
L 229 140 -61
L 230 142 -62
L 231 140 61
D 228 141 2 229 230 231 8
L 234 144 -63
L 235 146 -64
L 236 144 63
D 233 145 2 234 235 236 8
L 238 148 65
L 240 150 -66
L 242 152 -67
L 244 154 -68
L 246 156 -69
L 247 158 -70
L 248 156 69
D 245 157 2 246 247 248 8
L 249 154 68
D 243 155 2 244 245 249 8
L 250 152 67
D 241 153 2 242 243 250 8
L 251 150 66
D 239 151 2 240 241 251 8
L 252 148 -65
D 237 149 2 238 239 252 8
L 254 146 64
D 253 145 2 234 254 236 29
D 232 147 2 233 237 253 8
L 256 142 62
D 255 141 2 229 256 231 29
D 227 143 2 228 232 255 8
L 260 138 75
D 259 137 2 221 260 223 29
D 258 135 2 219 259 224 29
D 257 133 2 214 258 225 29
D 212 139 2 213 227 257 8
L 264 128 -80
D 263 127 2 206 264 208 8
D 262 125 2 204 263 209 8
D 261 123 2 199 262 210 8
D 268 137 2 221 260 223 8
D 267 135 2 219 268 224 8
D 266 133 2 214 267 225 8
L 276 158 70
D 275 157 2 246 276 248 8
D 274 155 2 244 275 249 8
D 273 153 2 242 274 250 8
D 272 151 2 240 273 251 8
D 271 149 2 252 272 238 8
D 270 147 2 233 271 253 8
D 269 143 2 228 270 255 8
D 279 137 2 221 222 223 29
D 278 135 2 219 279 224 29
D 277 133 2 214 278 225 29
D 265 139 2 266 269 277 8
D 282 127 2 208 264 206 8
D 281 125 2 204 282 209 8
D 280 123 2 199 281 210 8
D 287 151 2 251 241 240 8
D 286 149 2 252 287 238 8
D 285 147 2 233 286 253 8
D 284 143 2 228 285 255 8
D 283 139 2 213 284 257 8
D 289 125 2 209 263 204 8
D 288 123 2 199 289 210 8
D 295 153 2 250 243 242 8
D 294 151 2 240 295 251 8
D 293 149 2 252 294 238 8
D 292 147 2 233 293 253 8
D 291 143 2 228 292 255 8
D 290 139 2 213 291 257 8
D 297 121 2 200 211 202 8
D 298 121 2 200 201 202 29
D 296 123 2 297 262 298 8
D 305 155 2 249 245 244 8
D 304 153 2 242 305 250 8
D 303 151 2 240 304 251 8
D 302 149 2 252 303 238 8
D 301 147 2 233 302 253 8
D 300 143 2 228 301 255 8
D 299 139 2 213 300 257 8
D 307 121 2 202 201 200 8
D 308 121 2 202 211 200 29
D 306 123 2 307 262 308 8
D 316 157 2 248 247 246 8
D 315 155 2 244 316 249 8
D 314 153 2 242 315 250 8
D 313 151 2 240 314 251 8
D 312 149 2 252 313 238 8
D 311 147 2 233 312 253 8
D 310 143 2 228 311 255 8
D 309 139 2 213 310 257 8
D 319 127 2 208 207 206 8
D 320 127 2 206 207 208 29
D 318 125 2 204 319 209 320
D 321 121 2 202 201 200 211
D 322 125 2 204 320 209 29
D 323 121 2 202 211 200 8
D 317 123 3 199 318 321 322 323 29
D 197 129 7 198 212 261 265 280 283 288 290 296 299 306 309 317 8
D 325 111 2 187 186 185 8
D 326 115 2 194 190 189 8
D 327 111 2 187 196 185 29
D 324 113 2 325 326 327 8
D 332 145 2 234 254 236 8
D 333 149 2 252 239 238 8
D 334 145 2 234 235 236 29
D 331 147 2 332 333 334 8
D 330 143 2 228 331 255 8
D 329 139 2 213 330 257 8
D 338 137 2 223 222 221 8
D 337 135 2 219 338 224 8
D 336 133 2 214 337 225 8
D 341 137 2 221 222 223 260
D 340 135 2 219 341 224 29
D 339 133 2 214 340 225 29
D 335 139 3 336 269 266 310 339 8
D 328 129 7 198 329 261 335 280 212 288 283 296 290 306 299 317 8
D 343 111 2 185 196 187 8
D 344 111 2 185 186 187 29
D 342 113 2 343 326 344 8
D 349 145 2 236 235 234 8
D 350 145 2 236 254 234 29
D 348 147 2 349 333 350 8
D 347 143 2 228 348 255 8
D 346 139 2 213 347 257 8
D 353 131 2 217 216 215 8
D 354 131 2 217 226 215 29
D 352 133 2 353 218 354 8
D 355 133 3 214 340 353 258 226 29
D 351 139 4 352 269 336 310 266 300 355 8
D 345 129 7 198 346 261 351 280 329 288 212 296 283 306 290 317 8
D 358 117 2 193 192 191 8
D 357 115 2 194 358 189 8
D 356 113 2 184 357 195 8
D 362 131 2 215 226 217 8
D 363 131 2 215 216 217 29
D 361 133 2 362 218 363 8
D 365 131 2 217 216 215 226
D 366 131 2 217 226 215 8
D 364 133 3 214 340 365 258 366 29
D 360 139 5 361 269 352 310 336 300 266 291 364 8
D 369 141 2 229 256 231 8
D 370 147 2 233 333 253 8
D 371 141 2 229 230 231 29
D 368 143 2 369 370 371 8
D 367 139 2 213 368 257 8
D 359 129 7 261 360 280 346 198 367 288 329 296 212 306 283 317 8
L 375 118 51
D 374 117 2 191 375 193 8
D 373 115 2 194 374 189 8
D 372 113 2 184 373 195 8
D 377 139 2 213 269 257 8
D 380 127 2 206 264 208 207
D 379 125 2 204 380 209 320
D 378 123 3 199 379 321 322 323 29
D 376 129 6 198 283 280 290 288 299 296 309 306 377 378 8
D 383 117 2 191 192 193 375
D 384 117 2 191 375 193 29
D 382 115 2 194 383 189 384
D 385 111 2 187 186 185 196
D 386 115 2 194 384 189 29
D 387 111 2 187 196 185 8
D 381 113 3 184 382 385 386 387 29
D 182 119 6 183 197 324 328 342 345 356 359 372 376 381 8
D 389 101 2 172 171 170 8
D 390 101 2 172 181 170 29
D 388 103 2 389 173 390 8
D 392 113 2 184 326 195 8
D 396 135 2 224 220 219 8
D 395 133 2 214 396 225 8
D 398 135 2 219 341 224 259
D 397 133 3 214 398 365 258 366 29
D 394 139 6 395 269 361 310 352 300 266 284 336 291 397 8
D 401 141 2 231 230 229 8
D 402 141 2 231 256 229 29
D 400 143 2 401 370 402 8
D 399 139 2 213 400 257 8
D 393 129 7 261 394 288 346 280 367 296 329 198 399 306 212 317 8
D 403 113 2 184 386 195 29
D 391 119 2 392 393 403 8
D 405 101 2 170 181 172 8
D 406 101 2 170 171 172 29
D 404 103 2 405 173 406 8
D 409 139 6 395 310 361 300 266 227 336 284 352 291 397 8
D 411 125 2 209 320 204 207
D 410 123 3 199 411 321 322 323 29
D 408 129 6 261 409 296 346 288 367 306 329 280 399 410 8
D 407 119 2 392 408 403 8
D 413 105 2 179 175 174 8
D 412 103 2 169 413 180 8
D 416 139 6 395 300 266 330 336 227 352 284 361 291 397 8
D 417 123 3 321 322 199 320 323 29
D 415 129 5 261 416 306 346 296 367 288 399 417 8
D 414 119 2 392 415 403 8
D 420 107 2 178 177 176 8
D 419 105 2 174 420 179 8
D 418 103 2 169 419 180 8
D 423 139 6 266 347 336 330 352 227 361 284 395 291 397 8
D 425 121 2 202 201 200 29
D 424 123 2 425 322 323 29
D 422 129 4 306 367 261 423 296 399 424 8
D 421 119 2 392 422 403 8
L 429 108 60
D 428 107 2 176 429 178 8
D 427 105 2 174 428 179 8
D 426 103 2 169 427 180 8
D 432 139 6 336 347 352 330 361 227 395 284 266 368 397 8
D 433 123 2 201 322 211 29
D 431 129 3 306 399 261 432 433 8
D 430 119 2 392 431 403 8
D 436 107 2 178 429 176 8
D 437 107 2 176 429 178 29
D 435 105 2 174 436 179 437
D 438 101 2 172 171 170 181
D 439 105 2 174 437 179 29
D 440 101 2 172 181 170 8
D 434 103 3 169 435 438 439 440 29
D 167 109 7 168 182 388 391 404 407 412 414 418 421 426 430 434 8
D 442 81 2 142 138 137 8
D 445 91 2 150 161 152 8
D 446 91 2 150 151 152 29
D 444 93 2 445 153 446 8
D 443 89 2 144 444 162 8
D 447 81 2 142 165 137 29
D 441 85 2 442 443 447 8
D 449 119 6 372 197 183 328 324 345 342 359 356 393 381 8
D 452 139 6 352 347 361 330 395 227 336 368 266 400 397 8
D 453 123 2 199 322 210 29
D 451 129 2 261 452 453 8
D 450 119 2 392 451 403 8
D 448 109 7 388 407 168 449 404 414 412 421 418 430 426 450 434 8
D 456 83 2 141 140 139 8
D 455 81 2 137 456 142 8
D 458 83 2 141 166 139 29
D 457 81 2 137 458 142 29
D 454 85 2 455 443 457 8
D 460 119 6 372 328 183 345 324 359 342 393 356 408 381 8
D 466 137 2 223 260 221 29
D 465 135 2 219 466 224 259
D 464 133 3 214 465 365 258 366 29
D 463 139 5 361 347 395 330 352 368 336 400 464 8
D 462 129 2 261 463 453 8
D 461 119 2 392 462 403 8
D 459 109 7 388 414 168 460 404 421 412 430 418 450 426 461 434 8
D 469 83 2 139 166 141 8
D 468 81 2 137 469 142 8
D 471 83 2 139 140 141 29
D 470 81 2 137 471 142 29
D 467 85 2 468 443 470 8
D 473 119 6 372 345 183 359 324 393 342 408 356 415 381 8
D 478 135 2 224 259 219 29
D 477 133 3 365 258 214 478 366 29
D 476 139 4 395 347 361 368 352 400 477 8
D 475 129 2 261 476 453 8
D 474 119 2 392 475 403 8
D 472 109 7 388 421 168 473 404 430 412 450 418 461 426 474 434 8
D 482 91 2 152 161 150 8
D 483 91 2 152 151 150 29
D 481 93 2 482 153 483 8
D 480 89 2 144 481 162 8
D 479 85 2 136 480 164 8
D 485 119 6 372 359 183 393 324 408 342 415 356 422 381 8
D 489 133 3 362 258 214 478 217 29
D 488 139 3 395 368 361 400 489 8
D 487 129 2 261 488 453 8
D 486 119 2 392 487 403 8
D 484 109 7 388 430 168 485 404 450 412 461 418 474 426 486 434 8
D 492 87 2 147 146 145 8
D 493 87 2 147 163 145 29
D 491 89 2 492 444 493 8
D 490 85 2 136 491 164 8
D 495 119 6 372 393 183 408 324 415 342 422 356 431 381 8
D 499 133 2 214 478 225 29
D 498 139 2 395 400 499 8
D 497 129 2 261 498 453 8
D 496 119 2 392 497 403 8
D 494 109 7 388 450 168 495 404 461 412 474 418 486 426 496 434 8
D 502 87 2 145 163 147 8
D 503 87 2 145 146 147 29
D 501 89 2 502 444 503 8
D 500 85 2 136 501 164 8
D 505 119 6 372 408 183 415 324 422 342 431 356 451 381 8
D 507 105 2 179 437 174 429
D 506 103 3 169 507 438 439 440 29
D 504 109 6 388 461 168 505 404 474 412 486 418 496 506 8
D 511 95 2 159 155 154 8
D 510 93 2 445 511 446 8
D 509 89 2 144 510 162 8
D 508 85 2 136 509 164 8
D 513 119 6 372 415 183 422 324 431 342 451 356 462 381 8
D 514 103 3 438 439 169 437 440 29
D 512 109 5 388 474 168 513 404 486 412 496 514 8
D 519 97 2 158 157 156 8
D 518 95 2 154 519 159 8
D 517 93 2 445 518 446 8
D 516 89 2 144 517 162 8
D 515 85 2 136 516 164 8
D 521 119 6 372 422 183 431 324 451 342 462 356 475 381 8
D 523 101 2 172 171 170 29
D 522 103 2 523 439 440 29
D 520 109 4 388 486 168 521 404 496 522 8
L 529 98 50
D 528 97 2 156 529 158 8
D 527 95 2 154 528 159 8
D 526 93 2 445 527 446 8
D 525 89 2 144 526 162 8
D 524 85 2 136 525 164 8
D 531 119 6 372 431 183 451 324 462 342 475 356 487 381 8
D 532 103 2 171 439 181 29
D 530 109 3 388 496 168 531 532 8
D 535 83 2 141 140 139 166
D 534 81 2 137 535 142 138
D 539 97 2 156 529 158 29
D 538 95 2 154 539 159 29
D 537 93 2 445 538 446 29
D 536 89 2 144 537 162 29
D 541 87 2 147 146 145 163
D 543 91 2 152 161 150 151
D 545 97 2 156 157 158 529
D 544 95 2 159 539 154 545
D 546 91 2 152 151 150 8
D 542 93 3 543 538 445 544 546 29
D 547 87 2 147 163 145 8
D 540 89 3 541 537 144 542 547 29
D 549 83 2 141 166 139 8
D 548 81 2 137 549 142 165
D 533 85 3 534 536 136 540 548 29
D 134 99 11 135 167 441 448 454 459 467 472 479 484 490 494 500 504 508 512 515 520 524 530 533 8
D 552 63 2 108 107 106 8
D 551 61 2 104 552 109 8
D 555 71 2 117 128 119 8
D 556 71 2 117 118 119 29
D 554 73 2 555 120 556 8
D 553 69 2 111 554 129 8
D 558 63 2 108 133 106 29
D 557 61 2 104 558 109 29
D 550 65 2 551 553 557 8
D 561 119 6 372 451 183 462 324 475 342 487 356 497 381 8
D 562 103 2 169 439 180 29
D 560 109 2 168 561 562 8
D 559 99 11 135 448 441 459 454 472 467 484 479 494 490 504 500 512 508 520 515 530 524 560 533 8
D 565 63 2 106 133 108 8
D 564 61 2 104 565 109 8
D 567 63 2 106 107 108 29
D 566 61 2 104 567 109 29
D 563 65 2 564 553 566 8
D 573 117 2 191 192 193 29
D 572 115 2 189 384 194 573
D 571 113 3 184 572 385 386 387 29
D 570 119 5 372 462 183 475 324 487 342 497 571 8
D 569 109 2 168 570 562 8
D 568 99 11 135 459 441 472 454 484 467 494 479 504 490 512 500 520 508 530 515 560 524 569 533 8
D 575 61 2 109 105 104 8
D 576 61 2 109 132 104 29
D 574 65 2 575 553 576 8
D 580 113 3 184 572 325 386 196 29
D 579 119 4 372 475 183 487 324 497 580 8
D 578 109 2 168 579 562 8
D 577 99 11 135 472 441 484 454 494 467 504 479 512 490 520 500 530 508 560 515 569 524 578 533 8
D 584 71 2 119 128 117 8
D 585 71 2 119 118 117 29
D 583 73 2 584 120 585 8
D 582 69 2 111 583 129 8
D 581 65 2 103 582 131 8
D 589 113 2 184 572 195 29
D 588 119 3 372 487 183 497 589 8
D 587 109 2 168 588 562 8
D 586 99 11 135 484 441 494 454 504 467 512 479 520 490 530 500 560 508 569 515 578 524 587 533 8
D 592 67 2 114 113 112 8
D 593 67 2 114 130 112 29
D 591 69 2 592 554 593 8
D 590 65 2 103 591 131 8
D 598 115 2 194 573 189 29
D 597 113 2 184 598 195 29
D 596 119 2 372 497 597 8
D 595 109 2 168 596 562 8
D 594 99 11 135 494 441 504 454 512 467 520 479 530 490 560 500 569 508 578 515 587 524 595 533 8
D 601 67 2 112 130 114 8
D 602 67 2 112 113 114 29
D 600 69 2 601 554 602 8
D 599 65 2 103 600 131 8
D 608 97 2 158 529 156 29
D 607 95 2 154 608 159 539
D 606 93 3 445 607 543 538 546 29
D 605 89 3 144 606 541 537 547 29
D 604 85 3 136 605 534 536 548 29
D 603 99 10 135 504 441 512 454 520 467 530 479 560 490 569 500 578 508 587 515 595 604 8
D 612 75 2 126 122 121 8
D 611 73 2 555 612 556 8
D 610 69 2 111 611 129 8
D 609 65 2 103 610 131 8
D 617 95 2 159 539 154 29
D 616 93 3 445 617 543 538 546 29
D 615 89 3 144 616 541 537 547 29
D 614 85 3 136 615 534 536 548 29
D 613 99 9 135 512 441 520 454 530 467 560 479 569 490 578 500 587 508 595 614 8
D 622 77 2 125 124 123 8
D 621 75 2 121 622 126 8
D 620 73 2 555 621 556 8
D 619 69 2 111 620 129 8
D 618 65 2 103 619 131 8
D 627 91 2 150 161 152 151
D 626 93 2 543 538 627 29
D 625 89 3 144 626 541 537 547 29
D 624 85 3 136 625 534 536 548 29
D 623 99 8 135 520 441 530 454 560 467 569 479 578 490 587 500 595 624 8
L 633 78 40
D 632 77 2 123 633 125 8
D 631 75 2 121 632 126 8
D 630 73 2 555 631 556 8
D 629 69 2 111 630 129 8
D 628 65 2 103 629 131 8
D 636 89 3 144 626 492 537 163 29
D 635 85 3 136 636 534 536 548 29
D 634 99 7 135 530 441 560 454 569 467 578 479 587 490 595 635 8
D 639 63 2 108 107 106 133
D 638 61 2 104 639 109 105
D 643 77 2 123 633 125 29
D 642 75 2 121 643 126 29
D 641 73 2 555 642 556 29
D 640 69 2 111 641 129 29
D 645 67 2 114 113 112 130
D 647 71 2 119 128 117 118
D 649 77 2 123 124 125 633
D 648 75 2 126 643 121 649
D 650 71 2 119 118 117 8
D 646 73 3 647 642 555 648 650 29
D 651 67 2 114 130 112 8
D 644 69 3 645 641 111 646 651 29
D 653 63 2 108 133 106 8
D 652 61 2 104 653 109 132
D 637 65 3 638 640 103 644 652 29
D 101 79 11 102 134 550 559 563 568 574 577 581 586 590 594 599 603 609 613 618 623 628 634 637 8
D 656 43 2 75 74 73 8
D 655 41 2 71 656 76 8
D 659 51 2 84 95 86 8
D 660 51 2 84 85 86 29
D 658 53 2 659 87 660 8
D 657 49 2 78 658 96 8
D 662 43 2 75 100 73 29
D 661 41 2 71 662 76 29
D 654 45 2 655 657 661 8
D 666 89 2 144 626 162 29
D 665 85 3 136 666 534 536 548 29
D 664 99 6 135 560 441 569 454 578 467 587 479 595 665 8
D 663 79 11 102 559 550 568 563 577 574 586 581 594 590 603 599 613 609 623 618 634 628 664 637 8
D 669 43 2 73 100 75 8
D 668 41 2 71 669 76 8
D 671 43 2 73 74 75 29
D 670 41 2 71 671 76 29
D 667 45 2 668 657 670 8
D 676 93 2 149 538 160 29
D 675 89 2 144 676 162 29
D 674 85 3 136 675 534 536 548 29
D 673 99 5 135 569 441 578 454 587 467 595 674 8
D 672 79 11 102 568 550 577 563 586 574 594 581 603 590 613 599 623 609 634 618 664 628 673 637 8
D 678 41 2 76 72 71 8
D 679 41 2 76 99 71 29
D 677 45 2 678 657 679 8
D 683 81 2 137 456 142 138
D 684 81 2 142 165 137 166
D 682 85 3 136 675 683 536 684 29
D 681 99 4 135 578 441 587 454 595 682 8
D 680 79 11 102 577 550 586 563 594 574 603 581 613 590 623 599 634 609 664 618 673 628 681 637 8
D 688 51 2 86 95 84 8
D 689 51 2 86 85 84 29
D 687 53 2 688 87 689 8
D 686 49 2 78 687 96 8
D 685 45 2 70 686 98 8
D 692 85 3 136 675 442 536 165 29
D 691 99 3 135 587 441 595 692 8
D 690 79 11 102 586 550 594 563 603 574 613 581 623 590 634 599 664 609 673 618 681 628 691 637 8
D 695 47 2 81 80 79 8
D 696 47 2 81 97 79 29
D 694 49 2 695 658 696 8
D 693 45 2 70 694 98 8
D 699 85 2 136 675 164 29
D 698 99 2 135 595 699 8
D 697 79 11 102 594 550 603 563 613 574 623 581 634 590 664 599 673 609 681 618 691 628 698 637 8
D 702 47 2 79 97 81 8
D 703 47 2 79 80 81 29
D 701 49 2 702 658 703 8
D 700 45 2 70 701 98 8
D 709 77 2 125 633 123 29
D 708 75 2 121 709 126 643
D 707 73 3 555 708 647 642 650 29
D 706 69 3 111 707 645 641 651 29
D 705 65 3 103 706 638 640 652 29
D 704 79 10 102 603 550 613 563 623 574 634 581 664 590 673 599 681 609 691 618 698 705 8
D 713 55 2 93 89 88 8
D 712 53 2 659 713 660 8
D 711 49 2 78 712 96 8
D 710 45 2 70 711 98 8
D 718 75 2 126 643 121 29
D 717 73 3 555 718 647 642 650 29
D 716 69 3 111 717 645 641 651 29
D 715 65 3 103 716 638 640 652 29
D 714 79 9 102 613 550 623 563 634 574 664 581 673 590 681 599 691 609 698 715 8
D 723 57 2 92 91 90 8
D 722 55 2 88 723 93 8
D 721 53 2 659 722 660 8
D 720 49 2 78 721 96 8
D 719 45 2 70 720 98 8
D 728 71 2 117 128 119 118
D 727 73 2 647 642 728 29
D 726 69 3 111 727 645 641 651 29
D 725 65 3 103 726 638 640 652 29
D 724 79 8 102 623 550 634 563 664 574 673 581 681 590 691 599 698 725 8
L 734 58 30
D 733 57 2 90 734 92 8
D 732 55 2 88 733 93 8
D 731 53 2 659 732 660 8
D 730 49 2 78 731 96 8
D 729 45 2 70 730 98 8
D 737 69 3 111 727 592 641 130 29
D 736 65 3 103 737 638 640 652 29
D 735 79 7 102 634 550 664 563 673 574 681 581 691 590 698 736 8
D 740 43 2 75 74 73 100
D 739 41 2 71 740 76 72
D 744 57 2 90 734 92 29
D 743 55 2 88 744 93 29
D 742 53 2 659 743 660 29
D 741 49 2 78 742 96 29
D 746 47 2 81 80 79 97
D 748 51 2 86 95 84 85
D 750 57 2 90 91 92 734
D 749 55 2 93 744 88 750
D 751 51 2 86 85 84 8
D 747 53 3 748 743 659 749 751 29
D 752 47 2 81 97 79 8
D 745 49 3 746 742 78 747 752 29
D 754 43 2 75 100 73 8
D 753 41 2 71 754 76 99
D 738 45 3 739 741 70 745 753 29
D 68 59 11 69 101 654 663 667 672 677 680 685 690 693 697 700 704 710 714 719 724 729 735 738 8
D 757 23 2 42 41 40 8
D 756 21 2 38 757 43 8
D 760 31 2 51 62 53 8
D 761 31 2 51 52 53 29
D 759 33 2 760 54 761 8
D 758 29 2 45 759 63 8
D 763 23 2 42 67 40 29
D 762 21 2 38 763 43 29
D 755 25 2 756 758 762 8
D 767 69 2 111 727 129 29
D 766 65 3 103 767 638 640 652 29
D 765 79 6 102 664 550 673 563 681 574 691 581 698 766 8
D 764 59 11 69 663 654 672 667 680 677 690 685 697 693 704 700 714 710 724 719 735 729 765 738 8
D 770 23 2 40 67 42 8
D 769 21 2 38 770 43 8
D 772 23 2 40 41 42 29
D 771 21 2 38 772 43 29
D 768 25 2 769 758 771 8
D 777 73 2 116 642 127 29
D 776 69 2 111 777 129 29
D 775 65 3 103 776 638 640 652 29
D 774 79 5 102 673 550 681 563 691 574 698 775 8
D 773 59 11 69 672 654 680 667 690 677 697 685 704 693 714 700 724 710 735 719 765 729 774 738 8
D 779 21 2 43 39 38 8
D 780 21 2 43 66 38 29
D 778 25 2 779 758 780 8
D 784 61 2 104 639 109 8
D 785 61 2 104 653 109 29
D 783 65 3 103 776 784 640 785 29
D 782 79 4 102 681 550 691 563 698 783 8
D 781 59 11 69 680 654 690 667 697 677 704 685 714 693 724 700 735 710 765 719 774 729 782 738 8
D 789 31 2 53 62 51 8
D 790 31 2 53 52 51 29
D 788 33 2 789 54 790 8
D 787 29 2 45 788 63 8
D 786 25 2 37 787 65 8
D 794 61 2 104 133 109 29
D 793 65 3 103 776 551 640 794 29
D 792 79 3 102 691 550 698 793 8
D 791 59 11 69 690 654 697 667 704 677 714 685 724 693 735 700 765 710 774 719 782 729 792 738 8
D 797 27 2 48 47 46 8
D 798 27 2 48 64 46 29
D 796 29 2 797 759 798 8
D 795 25 2 37 796 65 8
D 801 65 2 103 776 131 29
D 800 79 2 102 698 801 8
D 799 59 11 69 697 654 704 667 714 677 724 685 735 693 765 700 774 710 782 719 792 729 800 738 8
D 804 27 2 46 64 48 8
D 805 27 2 46 47 48 29
D 803 29 2 804 759 805 8
D 802 25 2 37 803 65 8
D 811 57 2 92 734 90 29
D 810 55 2 88 811 93 744
D 809 53 3 659 810 748 743 751 29
D 808 49 3 78 809 746 742 752 29
D 807 45 3 70 808 739 741 753 29
D 806 59 10 69 704 654 714 667 724 677 735 685 765 693 774 700 782 710 792 719 800 807 8
D 815 35 2 60 56 55 8
D 814 33 2 760 815 761 8
D 813 29 2 45 814 63 8
D 812 25 2 37 813 65 8
D 820 55 2 93 744 88 29
D 819 53 3 659 820 748 743 751 29
D 818 49 3 78 819 746 742 752 29
D 817 45 3 70 818 739 741 753 29
D 816 59 9 69 714 654 724 667 735 677 765 685 774 693 782 700 792 710 800 817 8
D 825 37 2 59 58 57 8
D 824 35 2 55 825 60 8
D 823 33 2 760 824 761 8
D 822 29 2 45 823 63 8
D 821 25 2 37 822 65 8
D 830 51 2 84 95 86 85
D 829 53 2 748 743 830 29
D 828 49 3 78 829 746 742 752 29
D 827 45 3 70 828 739 741 753 29
D 826 59 8 69 724 654 735 667 765 677 774 685 782 693 792 700 800 827 8
L 836 38 20
D 835 37 2 57 836 59 8
D 834 35 2 55 835 60 8
D 833 33 2 760 834 761 8
D 832 29 2 45 833 63 8
D 831 25 2 37 832 65 8
D 839 49 3 78 829 695 742 97 29
D 838 45 3 70 839 739 741 753 29
D 837 59 7 69 735 654 765 667 774 677 782 685 792 693 800 838 8
D 842 23 2 42 41 40 67
D 841 21 2 38 842 43 39
D 846 37 2 57 836 59 29
D 845 35 2 55 846 60 29
D 844 33 2 760 845 761 29
D 843 29 2 45 844 63 29
D 848 27 2 48 47 46 64
D 850 31 2 53 62 51 52
D 852 37 2 57 58 59 836
D 851 35 2 60 846 55 852
D 853 31 2 53 52 51 8
D 849 33 3 850 845 760 851 853 29
D 854 27 2 48 64 46 8
D 847 29 3 848 844 45 849 854 29
D 856 23 2 42 67 40 8
D 855 21 2 38 856 43 66
D 840 25 3 841 843 37 847 855 29
D 35 39 11 36 68 755 764 768 773 778 781 786 791 795 799 802 806 812 816 821 826 831 837 840 8
D 859 3 2 7 6 5 8
D 858 1 2 3 859 9 8
D 862 11 2 17 28 19 8
D 863 11 2 17 18 19 29
D 861 13 2 862 20 863 8
D 860 9 2 11 861 30 8
D 865 3 2 7 34 5 29
D 864 1 2 3 865 9 29
D 857 5 2 858 860 864 8
D 869 49 2 78 829 96 29
D 868 45 3 70 869 739 741 753 29
D 867 59 6 69 765 654 774 667 782 677 792 685 800 868 8
D 866 39 11 36 764 755 773 768 781 778 791 786 799 795 806 802 816 812 826 821 837 831 867 840 8
D 872 3 2 5 34 7 8
D 871 1 2 3 872 9 8
D 874 3 2 5 6 7 29
D 873 1 2 3 874 9 29
D 870 5 2 871 860 873 8
D 879 53 2 83 743 94 29
D 878 49 2 78 879 96 29
D 877 45 3 70 878 739 741 753 29
D 876 59 5 69 774 654 782 667 792 677 800 877 8
D 875 39 11 36 773 755 781 768 791 778 799 786 806 795 816 802 826 812 837 821 867 831 876 840 8
D 881 1 2 9 4 3 8
D 882 1 2 9 33 3 29
D 880 5 2 881 860 882 8
D 886 41 2 71 740 76 8
D 887 41 2 71 754 76 29
D 885 45 3 70 878 886 741 887 29
D 884 59 4 69 782 654 792 667 800 885 8
D 883 39 11 36 781 755 791 768 799 778 806 786 816 795 826 802 837 812 867 821 876 831 884 840 8
D 891 11 2 19 28 17 8
D 892 11 2 19 18 17 29
D 890 13 2 891 20 892 8
D 889 9 2 11 890 30 8
D 888 5 2 2 889 32 8
D 896 41 2 71 100 76 29
D 895 45 3 70 878 655 741 896 29
D 894 59 3 69 792 654 800 895 8
D 893 39 11 36 791 755 799 768 806 778 816 786 826 795 837 802 867 812 876 821 884 831 894 840 8
D 899 7 2 14 13 12 8
D 900 7 2 14 31 12 29
D 898 9 2 899 861 900 8
D 897 5 2 2 898 32 8
D 903 45 2 70 878 98 29
D 902 59 2 69 800 903 8
D 901 39 11 36 799 755 806 768 816 778 826 786 837 795 867 802 876 812 884 821 894 831 902 840 8
D 906 7 2 12 31 14 8
D 907 7 2 12 13 14 29
D 905 9 2 906 861 907 8
D 904 5 2 2 905 32 8
D 913 37 2 59 836 57 29
D 912 35 2 55 913 60 846
D 911 33 3 760 912 850 845 853 29
D 910 29 3 45 911 848 844 854 29
D 909 25 3 37 910 841 843 855 29
D 908 39 10 36 806 755 816 768 826 778 837 786 867 795 876 802 884 812 894 821 902 909 8
D 917 15 2 26 22 21 8
D 916 13 2 862 917 863 8
D 915 9 2 11 916 30 8
D 914 5 2 2 915 32 8
D 922 35 2 60 846 55 29
D 921 33 3 760 922 850 845 853 29
D 920 29 3 45 921 848 844 854 29
D 919 25 3 37 920 841 843 855 29
D 918 39 9 36 816 755 826 768 837 778 867 786 876 795 884 802 894 812 902 919 8
D 927 17 2 25 24 23 8
D 926 15 2 21 927 26 8
D 925 13 2 862 926 863 8
D 924 9 2 11 925 30 8
D 923 5 2 2 924 32 8
D 932 31 2 51 62 53 52
D 931 33 2 850 845 932 29
D 930 29 3 45 931 848 844 854 29
D 929 25 3 37 930 841 843 855 29
D 928 39 8 36 826 755 837 768 867 778 876 786 884 795 894 802 902 929 8
L 938 18 10
D 937 17 2 23 938 25 8
D 936 15 2 21 937 26 8
D 935 13 2 862 936 863 8
D 934 9 2 11 935 30 8
D 933 5 2 2 934 32 8
D 941 29 3 45 931 797 844 64 29
D 940 25 3 37 941 841 843 855 29
D 939 39 7 36 837 755 867 768 876 778 884 786 894 795 902 940 8
D 946 17 2 23 24 25 938
D 947 17 2 23 938 25 29
D 945 15 2 21 946 26 947
D 948 11 2 19 28 17 18
D 949 15 2 21 947 26 29
D 950 11 2 19 18 17 8
D 944 13 3 862 945 948 949 950 29
D 951 7 2 14 13 12 31
D 952 13 2 862 949 863 29
D 953 7 2 14 31 12 8
D 943 9 3 11 944 951 952 953 29
D 955 3 2 7 6 5 34
D 954 1 2 3 955 9 4
D 956 9 2 11 952 30 29
D 958 3 2 7 34 5 8
D 957 1 2 3 958 9 33
D 942 5 3 2 943 954 956 957 29
D 0 19 11 1 35 857 866 870 875 880 883 888 893 897 901 904 908 914 918 923 928 933 939 942 8
