c ids of sdd nodes start at 0
c sdd nodes appear bottom-up, children before parents
c
c file syntax:
c sdd count-of-sdd-nodes
c F id-of-false-sdd-node
c T id-of-true-sdd-node
c L id-of-literal-sdd-node id-of-vtree literal
c D id-of-decomposition-sdd-node id-of-vtree number-of-elements {id-of-prime id-of-sub}*
c
sdd 965
L 3 0 -4
L 5 2 -2
L 6 4 -3
L 7 2 2
F 8
D 4 3 2 5 6 7 8
L 9 0 4
D 2 1 2 3 4 9 8
L 12 6 -6
L 13 8 -7
L 14 6 6
D 11 7 2 12 13 14 8
L 17 10 -5
L 18 12 1
L 19 10 5
D 16 11 2 17 18 19 8
L 21 14 -8
L 23 16 -9
L 24 18 -10
L 25 16 9
D 22 17 2 23 24 25 8
L 26 14 8
D 20 15 2 21 22 26 8
L 28 12 -1
T 29
D 27 11 2 17 28 19 29
D 15 13 2 16 20 27 8
L 31 8 7
D 30 7 2 12 31 14 29
D 10 9 2 11 15 30 8
L 34 4 3
D 33 3 2 5 34 7 29
D 32 1 2 3 33 9 29
D 1 5 2 2 10 32 8
L 38 20 -14
L 40 22 -12
L 41 24 -13
L 42 22 12
D 39 23 2 40 41 42 8
L 43 20 14
D 37 21 2 38 39 43 8
L 46 26 -16
L 47 28 -17
L 48 26 16
D 45 27 2 46 47 48 8
L 51 30 -15
L 52 32 11
L 53 30 15
D 50 31 2 51 52 53 8
L 55 34 -18
L 57 36 -19
L 58 38 -20
L 59 36 19
D 56 37 2 57 58 59 8
L 60 34 18
D 54 35 2 55 56 60 8
L 62 32 -11
D 61 31 2 51 62 53 29
D 49 33 2 50 54 61 8
L 64 28 17
D 63 27 2 46 64 48 29
D 44 29 2 45 49 63 8
L 67 24 13
D 66 23 2 40 67 42 29
D 65 21 2 38 66 43 29
D 36 25 2 37 44 65 8
L 71 40 -24
L 73 42 -22
L 74 44 -23
L 75 42 22
D 72 43 2 73 74 75 8
L 76 40 24
D 70 41 2 71 72 76 8
L 79 46 -26
L 80 48 -27
L 81 46 26
D 78 47 2 79 80 81 8
L 84 50 -25
L 85 52 21
L 86 50 25
D 83 51 2 84 85 86 8
L 88 54 -28
L 90 56 -29
L 91 58 -30
L 92 56 29
D 89 57 2 90 91 92 8
L 93 54 28
D 87 55 2 88 89 93 8
L 95 52 -21
D 94 51 2 84 95 86 29
D 82 53 2 83 87 94 8
L 97 48 27
D 96 47 2 79 97 81 29
D 77 49 2 78 82 96 8
L 100 44 23
D 99 43 2 73 100 75 29
D 98 41 2 71 99 76 29
D 69 45 2 70 77 98 8
L 104 60 -34
L 106 62 -32
L 107 64 -33
L 108 62 32
D 105 63 2 106 107 108 8
L 109 60 34
D 103 61 2 104 105 109 8
L 112 66 -36
L 113 68 -37
L 114 66 36
D 111 67 2 112 113 114 8
L 117 70 -35
L 118 72 31
L 119 70 35
D 116 71 2 117 118 119 8
L 121 74 -38
L 123 76 -39
L 124 78 -40
L 125 76 39
D 122 77 2 123 124 125 8
L 126 74 38
D 120 75 2 121 122 126 8
L 128 72 -31
D 127 71 2 117 128 119 29
D 115 73 2 116 120 127 8
L 130 68 37
D 129 67 2 112 130 114 29
D 110 69 2 111 115 129 8
L 133 64 33
D 132 63 2 106 133 108 29
D 131 61 2 104 132 109 29
D 102 65 2 103 110 131 8
L 137 80 -42
L 139 82 -43
L 140 84 -44
L 141 82 43
D 138 83 2 139 140 141 8
L 142 80 42
D 136 81 2 137 138 142 8
L 145 86 -46
L 146 88 -47
L 147 86 46
D 144 87 2 145 146 147 8
L 150 90 -45
L 151 92 41
L 152 90 45
D 149 91 2 150 151 152 8
L 154 94 -48
L 156 96 -49
L 157 98 -50
L 158 96 49
D 155 97 2 156 157 158 8
L 159 94 48
D 153 95 2 154 155 159 8
L 161 92 -41
D 160 91 2 150 161 152 29
D 148 93 2 149 153 160 8
L 163 88 47
D 162 87 2 145 163 147 29
D 143 89 2 144 148 162 8
L 166 84 44
D 165 83 2 139 166 141 29
D 164 81 2 137 165 142 29
D 135 85 2 136 143 164 8
L 170 100 -56
L 171 102 -57
L 172 100 56
D 169 101 2 170 171 172 8
L 174 104 -58
L 176 106 -59
L 177 108 -60
L 178 106 59
D 175 107 2 176 177 178 8
L 179 104 58
D 173 105 2 174 175 179 8
L 181 102 57
D 180 101 2 170 181 172 29
D 168 103 2 169 173 180 8
L 185 110 53
L 186 112 -54
L 187 110 -53
D 184 111 2 185 186 187 8
L 189 114 -52
L 191 116 -55
L 192 118 -51
L 193 116 55
D 190 117 2 191 192 193 8
L 194 114 52
D 188 115 2 189 190 194 8
L 196 112 54
D 195 111 2 185 196 187 29
D 183 113 2 184 188 195 8
L 200 120 -76
L 201 122 -77
L 202 120 76
D 199 121 2 200 201 202 8
L 204 124 -78
L 206 126 -79
L 207 128 80
L 208 126 79
D 205 127 2 206 207 208 8
L 209 124 78
D 203 125 2 204 205 209 8
L 211 122 77
D 210 121 2 200 211 202 29
D 198 123 2 199 203 210 8
L 215 130 -73
L 216 132 -72
L 217 130 73
D 214 131 2 215 216 217 8
L 219 134 -71
L 221 136 -74
L 222 138 -75
L 223 136 74
D 220 137 2 221 222 223 8
L 224 134 71
D 218 135 2 219 220 224 8
L 226 132 72
D 225 131 2 215 226 217 29
D 213 133 2 214 218 225 8
L 229 140 -61
L 230 142 -62
L 231 140 61
D 228 141 2 229 230 231 8
L 234 144 -63
L 235 146 -64
L 236 144 63
D 233 145 2 234 235 236 8
L 238 148 65
L 240 150 -66
L 242 152 -67
L 244 154 -68
L 246 156 -69
L 247 158 -70
L 248 156 69
D 245 157 2 246 247 248 8
L 249 154 68
D 243 155 2 244 245 249 8
L 250 152 67
D 241 153 2 242 243 250 8
L 251 150 66
D 239 151 2 240 241 251 8
L 252 148 -65
D 237 149 2 238 239 252 8
L 254 146 64
D 253 145 2 234 254 236 29
D 232 147 2 233 237 253 8
L 256 142 62
D 255 141 2 229 256 231 29
D 227 143 2 228 232 255 8
L 260 138 75
D 259 137 2 221 260 223 29
D 258 135 2 219 259 224 29
D 257 133 2 214 258 225 29
D 212 139 2 213 227 257 8
L 264 128 -80
D 263 127 2 206 264 208 8
D 262 125 2 204 263 209 8
D 261 123 2 199 262 210 8
D 268 137 2 221 260 223 8
D 267 135 2 219 268 224 8
D 266 133 2 214 267 225 8
L 276 158 70
D 275 157 2 246 276 248 8
D 274 155 2 244 275 249 8
D 273 153 2 242 274 250 8
D 272 151 2 240 273 251 8
D 271 149 2 252 272 238 8
D 270 147 2 233 271 253 8
D 269 143 2 228 270 255 8
D 279 137 2 221 222 223 29
D 278 135 2 219 279 224 29
D 277 133 2 214 278 225 29
D 265 139 2 266 269 277 8
D 282 127 2 208 264 206 8
D 281 125 2 204 282 209 8
D 280 123 2 199 281 210 8
D 287 151 2 251 241 240 8
D 286 149 2 252 287 238 8
D 285 147 2 233 286 253 8
D 284 143 2 228 285 255 8
D 283 139 2 213 284 257 8
D 289 125 2 209 263 204 8
D 288 123 2 199 289 210 8
D 295 153 2 250 243 242 8
D 294 151 2 240 295 251 8
D 293 149 2 252 294 238 8
D 292 147 2 233 293 253 8
D 291 143 2 228 292 255 8
D 290 139 2 213 291 257 8
D 297 121 2 200 211 202 8
D 298 121 2 200 201 202 29
D 296 123 2 297 262 298 8
D 305 155 2 249 245 244 8
D 304 153 2 242 305 250 8
D 303 151 2 240 304 251 8
D 302 149 2 252 303 238 8
D 301 147 2 233 302 253 8
D 300 143 2 228 301 255 8
D 299 139 2 213 300 257 8
D 307 121 2 202 201 200 8
D 308 121 2 202 211 200 29
D 306 123 2 307 262 308 8
D 316 157 2 248 247 246 8
D 315 155 2 244 316 249 8
D 314 153 2 242 315 250 8
D 313 151 2 240 314 251 8
D 312 149 2 252 313 238 8
D 311 147 2 233 312 253 8
D 310 143 2 228 311 255 8
D 309 139 2 213 310 257 8
D 319 127 2 208 207 206 8
D 320 127 2 206 207 208 29
D 318 125 2 204 319 209 320
D 321 121 2 202 201 200 211
D 322 125 2 204 320 209 29
D 323 121 2 202 211 200 8
D 317 123 3 199 318 321 322 323 29
D 197 129 7 198 212 261 265 280 283 288 290 296 299 306 309 317 8
D 325 111 2 187 196 185 8
D 326 111 2 187 186 185 29
D 324 113 2 325 188 326 8
D 331 145 2 234 254 236 8
D 332 149 2 252 239 238 8
D 333 145 2 234 235 236 29
D 330 147 2 331 332 333 8
D 329 143 2 228 330 255 8
D 328 139 2 213 329 257 8
D 337 137 2 223 222 221 8
D 336 135 2 219 337 224 8
D 335 133 2 214 336 225 8
D 340 137 2 221 222 223 260
D 339 135 2 219 340 224 29
D 338 133 2 214 339 225 29
D 334 139 3 335 269 266 310 338 8
D 327 129 7 198 328 261 334 280 212 288 283 296 290 306 299 317 8
D 342 111 2 187 186 185 8
D 344 117 2 193 192 191 8
D 343 115 2 189 344 194 8
D 345 111 2 187 196 185 29
D 341 113 2 342 343 345 8
D 350 145 2 236 235 234 8
D 351 145 2 236 254 234 29
D 349 147 2 350 332 351 8
D 348 143 2 228 349 255 8
D 347 139 2 213 348 257 8
D 354 131 2 217 216 215 8
D 355 131 2 217 226 215 29
D 353 133 2 354 218 355 8
D 356 133 3 214 339 354 258 226 29
D 352 139 4 353 269 335 310 266 300 356 8
D 346 129 7 198 347 261 352 280 328 288 212 296 283 306 290 317 8
D 358 115 2 194 190 189 8
D 357 113 2 342 358 345 8
D 360 139 2 213 269 257 8
D 363 127 2 206 264 208 207
D 362 125 2 204 363 209 320
D 361 123 3 199 362 321 322 323 29
D 359 129 6 198 283 280 290 288 299 296 309 306 360 361 8
L 367 118 51
D 366 117 2 191 367 193 8
D 365 115 2 189 366 194 8
D 364 113 2 342 365 345 8
D 369 123 3 199 362 297 322 202 29
D 368 129 5 198 290 280 299 288 309 296 360 369 8
D 372 117 2 191 192 193 367
D 373 117 2 191 367 193 29
D 371 115 2 189 372 194 373
D 374 111 2 185 186 187 196
D 375 115 2 189 373 194 29
D 376 111 2 185 196 187 8
D 370 113 3 342 371 374 375 376 29
D 182 119 6 183 197 324 327 341 346 357 359 364 368 370 8
D 378 101 2 170 181 172 8
D 379 101 2 170 171 172 29
D 377 103 2 378 173 379 8
D 381 113 2 342 188 345 8
D 385 135 2 224 220 219 8
D 384 133 2 214 385 225 8
D 387 131 2 215 226 217 8
D 388 131 2 215 216 217 29
D 386 133 2 387 218 388 8
D 390 135 2 219 340 224 259
D 391 131 2 217 216 215 226
D 392 131 2 217 226 215 8
D 389 133 3 214 390 391 258 392 29
D 383 139 6 384 269 386 310 353 300 266 284 335 291 389 8
D 395 141 2 229 256 231 8
D 396 147 2 233 332 253 8
D 397 141 2 229 230 231 29
D 394 143 2 395 396 397 8
D 393 139 2 213 394 257 8
D 400 141 2 231 230 229 8
D 401 141 2 231 256 229 29
D 399 143 2 400 396 401 8
D 398 139 2 213 399 257 8
D 382 129 7 261 383 288 347 280 393 296 328 198 398 306 212 317 8
D 402 113 2 342 375 345 29
D 380 119 2 381 382 402 8
D 404 105 2 179 175 174 8
D 403 103 2 169 404 180 8
D 407 139 6 384 310 386 300 266 227 335 284 353 291 389 8
D 409 125 2 209 320 204 207
D 408 123 3 199 409 321 322 323 29
D 406 129 6 261 407 296 347 288 393 306 328 280 398 408 8
D 405 119 2 381 406 402 8
D 412 107 2 178 177 176 8
D 411 105 2 174 412 179 8
D 410 103 2 169 411 180 8
D 415 139 6 384 300 266 329 335 227 353 284 386 291 389 8
D 416 123 3 321 322 199 320 323 29
D 414 129 5 261 415 306 347 296 393 288 398 416 8
D 413 119 2 381 414 402 8
L 420 108 60
D 419 107 2 176 420 178 8
D 418 105 2 174 419 179 8
D 417 103 2 169 418 180 8
D 423 139 6 266 348 335 329 353 227 386 284 384 291 389 8
D 425 121 2 202 201 200 29
D 424 123 2 425 322 323 29
D 422 129 4 306 393 261 423 296 398 424 8
D 421 119 2 381 422 402 8
D 427 101 2 172 171 170 8
D 428 101 2 172 181 170 29
D 426 103 2 427 173 428 8
D 432 133 3 214 339 391 258 392 29
D 431 139 5 386 269 353 310 335 300 266 291 432 8
D 430 129 7 261 431 280 347 198 393 288 328 296 212 306 283 317 8
D 429 119 2 381 430 402 8
D 435 107 2 178 420 176 8
D 436 107 2 176 420 178 29
D 434 105 2 174 435 179 436
D 437 101 2 172 171 170 181
D 438 105 2 174 436 179 29
D 439 101 2 172 181 170 8
D 433 103 3 169 434 437 438 439 29
D 167 109 7 168 182 377 380 403 405 410 413 417 421 426 429 433 8
D 441 81 2 142 138 137 8
D 444 91 2 150 161 152 8
D 445 91 2 150 151 152 29
D 443 93 2 444 153 445 8
D 442 89 2 144 443 162 8
D 446 81 2 142 165 137 29
D 440 85 2 441 442 446 8
D 448 119 6 357 197 183 327 324 346 341 430 364 359 370 8
D 451 139 6 335 348 353 329 386 227 384 284 266 394 389 8
D 452 123 2 201 322 211 29
D 450 129 3 306 398 261 451 452 8
D 449 119 2 381 450 402 8
D 447 109 7 168 448 426 380 377 405 403 413 410 421 417 449 433 8
D 455 83 2 141 140 139 8
D 454 81 2 137 455 142 8
D 457 83 2 141 166 139 29
D 456 81 2 137 457 142 29
D 453 85 2 454 442 456 8
D 459 119 6 364 197 357 327 183 346 324 430 341 382 370 8
D 462 139 6 353 348 386 329 384 227 335 394 266 399 389 8
D 463 123 2 199 322 210 29
D 461 129 2 261 462 463 8
D 460 119 2 381 461 402 8
D 458 109 7 426 405 168 459 377 413 403 421 410 449 417 460 433 8
D 466 83 2 139 166 141 8
D 465 81 2 137 466 142 8
D 468 83 2 139 140 141 29
D 467 81 2 137 468 142 29
D 464 85 2 465 442 467 8
D 470 119 6 364 327 357 346 183 430 324 382 341 406 370 8
D 476 137 2 223 260 221 29
D 475 135 2 219 476 224 259
D 474 133 3 214 475 391 258 392 29
D 473 139 5 386 348 384 329 353 394 335 399 474 8
D 472 129 2 261 473 463 8
D 471 119 2 381 472 402 8
D 469 109 7 426 413 168 470 377 421 403 449 410 460 417 471 433 8
D 480 91 2 152 161 150 8
D 481 91 2 152 151 150 29
D 479 93 2 480 153 481 8
D 478 89 2 144 479 162 8
D 477 85 2 136 478 164 8
D 483 119 6 364 346 357 430 183 382 324 406 341 414 370 8
D 488 135 2 224 259 219 29
D 487 133 3 391 258 214 488 392 29
D 486 139 4 384 348 386 394 353 399 487 8
D 485 129 2 261 486 463 8
D 484 119 2 381 485 402 8
D 482 109 7 426 421 168 483 377 449 403 460 410 471 417 484 433 8
D 491 87 2 147 146 145 8
D 492 87 2 147 163 145 29
D 490 89 2 491 443 492 8
D 489 85 2 136 490 164 8
D 494 119 6 364 430 357 382 183 406 324 414 341 422 370 8
D 498 133 3 387 258 214 488 217 29
D 497 139 3 384 394 386 399 498 8
D 496 129 2 261 497 463 8
D 495 119 2 381 496 402 8
D 493 109 7 426 449 168 494 377 460 403 471 410 484 417 495 433 8
D 501 87 2 145 163 147 8
D 502 87 2 145 146 147 29
D 500 89 2 501 443 502 8
D 499 85 2 136 500 164 8
D 504 119 6 364 382 357 406 183 414 324 422 341 450 370 8
D 508 133 2 214 488 225 29
D 507 139 2 384 399 508 8
D 506 129 2 261 507 463 8
D 505 119 2 381 506 402 8
D 503 109 7 426 460 168 504 377 471 403 484 410 495 417 505 433 8
D 512 95 2 159 155 154 8
D 511 93 2 444 512 445 8
D 510 89 2 144 511 162 8
D 509 85 2 136 510 164 8
D 514 119 6 364 406 357 414 183 422 324 450 341 461 370 8
D 516 105 2 179 436 174 420
D 515 103 3 169 516 437 438 439 29
D 513 109 6 426 471 168 514 377 484 403 495 410 505 515 8
D 521 97 2 158 157 156 8
D 520 95 2 154 521 159 8
D 519 93 2 444 520 445 8
D 518 89 2 144 519 162 8
D 517 85 2 136 518 164 8
D 523 119 6 364 414 357 422 183 450 324 461 341 472 370 8
D 524 103 3 437 438 169 436 439 29
D 522 109 5 426 484 168 523 377 495 403 505 524 8
L 530 98 50
D 529 97 2 156 530 158 8
D 528 95 2 154 529 159 8
D 527 93 2 444 528 445 8
D 526 89 2 144 527 162 8
D 525 85 2 136 526 164 8
D 532 119 6 364 422 357 450 183 461 324 472 341 485 370 8
D 534 101 2 172 171 170 29
D 533 103 2 534 438 439 29
D 531 109 4 426 495 168 532 377 505 533 8
D 537 83 2 141 140 139 166
D 536 81 2 137 537 142 138
D 541 97 2 156 530 158 29
D 540 95 2 154 541 159 29
D 539 93 2 444 540 445 29
D 538 89 2 144 539 162 29
D 543 87 2 147 146 145 163
D 545 91 2 152 161 150 151
D 547 97 2 156 157 158 530
D 546 95 2 159 541 154 547
D 548 91 2 152 151 150 8
D 544 93 3 545 540 444 546 548 29
D 549 87 2 147 163 145 8
D 542 89 3 543 539 144 544 549 29
D 551 83 2 141 166 139 8
D 550 81 2 137 551 142 165
D 535 85 3 536 538 136 542 550 29
D 134 99 11 135 167 440 447 453 458 464 469 477 482 489 493 499 503 509 513 517 522 525 531 535 8
D 554 63 2 108 107 106 8
D 553 61 2 104 554 109 8
D 557 71 2 117 128 119 8
D 558 71 2 117 118 119 29
D 556 73 2 557 120 558 8
D 555 69 2 111 556 129 8
D 560 63 2 108 133 106 29
D 559 61 2 104 560 109 29
D 552 65 2 553 555 559 8
D 563 119 6 364 450 357 461 183 472 324 485 341 496 370 8
D 564 103 2 171 438 181 29
D 562 109 3 426 505 168 563 564 8
D 561 99 11 135 447 440 458 453 469 464 482 477 493 489 503 499 513 509 522 517 531 525 562 535 8
D 567 63 2 106 133 108 8
D 566 61 2 104 567 109 8
D 569 63 2 106 107 108 29
D 568 61 2 104 569 109 29
D 565 65 2 566 555 568 8
D 572 119 6 364 461 357 472 183 485 324 496 341 506 370 8
D 573 103 2 169 438 180 29
D 571 109 2 168 572 573 8
D 570 99 11 135 458 440 469 453 482 464 493 477 503 489 513 499 522 509 531 517 562 525 571 535 8
D 575 61 2 109 105 104 8
D 576 61 2 109 132 104 29
D 574 65 2 575 555 576 8
D 582 117 2 191 192 193 29
D 581 115 2 194 373 189 582
D 580 113 3 342 581 374 375 376 29
D 579 119 5 364 472 357 485 183 496 324 506 580 8
D 578 109 2 168 579 573 8
D 577 99 11 135 469 440 482 453 493 464 503 477 513 489 522 499 531 509 562 517 571 525 578 535 8
D 586 71 2 119 128 117 8
D 587 71 2 119 118 117 29
D 585 73 2 586 120 587 8
D 584 69 2 111 585 129 8
D 583 65 2 103 584 131 8
D 591 113 3 342 581 184 375 196 29
D 590 119 4 364 485 357 496 183 506 591 8
D 589 109 2 168 590 573 8
D 588 99 11 135 482 440 493 453 503 464 513 477 522 489 531 499 562 509 571 517 578 525 589 535 8
D 594 67 2 114 113 112 8
D 595 67 2 114 130 112 29
D 593 69 2 594 556 595 8
D 592 65 2 103 593 131 8
D 599 113 2 342 581 345 29
D 598 119 3 364 496 357 506 599 8
D 597 109 2 168 598 573 8
D 596 99 11 135 493 440 503 453 513 464 522 477 531 489 562 499 571 509 578 517 589 525 597 535 8
D 602 67 2 112 130 114 8
D 603 67 2 112 113 114 29
D 601 69 2 602 556 603 8
D 600 65 2 103 601 131 8
D 608 115 2 189 582 194 29
D 607 113 2 342 608 345 29
D 606 119 2 364 506 607 8
D 605 109 2 168 606 573 8
D 604 99 11 135 503 440 513 453 522 464 531 477 562 489 571 499 578 509 589 517 597 525 605 535 8
D 612 75 2 126 122 121 8
D 611 73 2 557 612 558 8
D 610 69 2 111 611 129 8
D 609 65 2 103 610 131 8
D 618 97 2 158 530 156 29
D 617 95 2 154 618 159 541
D 616 93 3 444 617 545 540 548 29
D 615 89 3 144 616 543 539 549 29
D 614 85 3 136 615 536 538 550 29
D 613 99 10 135 513 440 522 453 531 464 562 477 571 489 578 499 589 509 597 517 605 614 8
D 623 77 2 125 124 123 8
D 622 75 2 121 623 126 8
D 621 73 2 557 622 558 8
D 620 69 2 111 621 129 8
D 619 65 2 103 620 131 8
D 628 95 2 159 541 154 29
D 627 93 3 444 628 545 540 548 29
D 626 89 3 144 627 543 539 549 29
D 625 85 3 136 626 536 538 550 29
D 624 99 9 135 522 440 531 453 562 464 571 477 578 489 589 499 597 509 605 625 8
L 634 78 40
D 633 77 2 123 634 125 8
D 632 75 2 121 633 126 8
D 631 73 2 557 632 558 8
D 630 69 2 111 631 129 8
D 629 65 2 103 630 131 8
D 639 91 2 150 161 152 151
D 638 93 2 545 540 639 29
D 637 89 3 144 638 543 539 549 29
D 636 85 3 136 637 536 538 550 29
D 635 99 8 135 531 440 562 453 571 464 578 477 589 489 597 499 605 636 8
D 642 63 2 108 107 106 133
D 641 61 2 104 642 109 105
D 646 77 2 123 634 125 29
D 645 75 2 121 646 126 29
D 644 73 2 557 645 558 29
D 643 69 2 111 644 129 29
D 648 67 2 114 113 112 130
D 650 71 2 119 128 117 118
D 652 77 2 123 124 125 634
D 651 75 2 126 646 121 652
D 653 71 2 119 118 117 8
D 649 73 3 650 645 557 651 653 29
D 654 67 2 114 130 112 8
D 647 69 3 648 644 111 649 654 29
D 656 63 2 108 133 106 8
D 655 61 2 104 656 109 132
D 640 65 3 641 643 103 647 655 29
D 101 79 11 102 134 552 561 565 570 574 577 583 588 592 596 600 604 609 613 619 624 629 635 640 8
D 659 43 2 75 74 73 8
D 658 41 2 71 659 76 8
D 662 51 2 84 95 86 8
D 663 51 2 84 85 86 29
D 661 53 2 662 87 663 8
D 660 49 2 78 661 96 8
D 665 43 2 75 100 73 29
D 664 41 2 71 665 76 29
D 657 45 2 658 660 664 8
D 669 89 3 144 638 491 539 163 29
D 668 85 3 136 669 536 538 550 29
D 667 99 7 135 562 440 571 453 578 464 589 477 597 489 605 668 8
D 666 79 11 102 561 552 570 565 577 574 588 583 596 592 604 600 613 609 624 619 635 629 667 640 8
D 672 43 2 73 100 75 8
D 671 41 2 71 672 76 8
D 674 43 2 73 74 75 29
D 673 41 2 71 674 76 29
D 670 45 2 671 660 673 8
D 678 89 2 144 638 162 29
D 677 85 3 136 678 536 538 550 29
D 676 99 6 135 571 440 578 453 589 464 597 477 605 677 8
D 675 79 11 102 570 552 577 565 588 574 596 583 604 592 613 600 624 609 635 619 667 629 676 640 8
D 680 41 2 76 72 71 8
D 681 41 2 76 99 71 29
D 679 45 2 680 660 681 8
D 686 93 2 149 540 160 29
D 685 89 2 144 686 162 29
D 684 85 3 136 685 536 538 550 29
D 683 99 5 135 578 440 589 453 597 464 605 684 8
D 682 79 11 102 577 552 588 565 596 574 604 583 613 592 624 600 635 609 667 619 676 629 683 640 8
D 690 51 2 86 95 84 8
D 691 51 2 86 85 84 29
D 689 53 2 690 87 691 8
D 688 49 2 78 689 96 8
D 687 45 2 70 688 98 8
D 695 81 2 137 455 142 138
D 696 81 2 142 165 137 166
D 694 85 3 136 685 695 538 696 29
D 693 99 4 135 589 440 597 453 605 694 8
D 692 79 11 102 588 552 596 565 604 574 613 583 624 592 635 600 667 609 676 619 683 629 693 640 8
D 699 47 2 81 80 79 8
D 700 47 2 81 97 79 29
D 698 49 2 699 661 700 8
D 697 45 2 70 698 98 8
D 703 85 3 136 685 441 538 165 29
D 702 99 3 135 597 440 605 703 8
D 701 79 11 102 596 552 604 565 613 574 624 583 635 592 667 600 676 609 683 619 693 629 702 640 8
D 706 47 2 79 97 81 8
D 707 47 2 79 80 81 29
D 705 49 2 706 661 707 8
D 704 45 2 70 705 98 8
D 710 85 2 136 685 164 29
D 709 99 2 135 605 710 8
D 708 79 11 102 604 552 613 565 624 574 635 583 667 592 676 600 683 609 693 619 702 629 709 640 8
D 714 55 2 93 89 88 8
D 713 53 2 662 714 663 8
D 712 49 2 78 713 96 8
D 711 45 2 70 712 98 8
D 720 77 2 125 634 123 29
D 719 75 2 121 720 126 646
D 718 73 3 557 719 650 645 653 29
D 717 69 3 111 718 648 644 654 29
D 716 65 3 103 717 641 643 655 29
D 715 79 10 102 613 552 624 565 635 574 667 583 676 592 683 600 693 609 702 619 709 716 8
D 725 57 2 92 91 90 8
D 724 55 2 88 725 93 8
D 723 53 2 662 724 663 8
D 722 49 2 78 723 96 8
D 721 45 2 70 722 98 8
D 730 75 2 126 646 121 29
D 729 73 3 557 730 650 645 653 29
D 728 69 3 111 729 648 644 654 29
D 727 65 3 103 728 641 643 655 29
D 726 79 9 102 624 552 635 565 667 574 676 583 683 592 693 600 702 609 709 727 8
L 736 58 30
D 735 57 2 90 736 92 8
D 734 55 2 88 735 93 8
D 733 53 2 662 734 663 8
D 732 49 2 78 733 96 8
D 731 45 2 70 732 98 8
D 741 71 2 117 128 119 118
D 740 73 2 650 645 741 29
D 739 69 3 111 740 648 644 654 29
D 738 65 3 103 739 641 643 655 29
D 737 79 8 102 635 552 667 565 676 574 683 583 693 592 702 600 709 738 8
D 744 43 2 75 74 73 100
D 743 41 2 71 744 76 72
D 748 57 2 90 736 92 29
D 747 55 2 88 748 93 29
D 746 53 2 662 747 663 29
D 745 49 2 78 746 96 29
D 750 47 2 81 80 79 97
D 752 51 2 86 95 84 85
D 754 57 2 90 91 92 736
D 753 55 2 93 748 88 754
D 755 51 2 86 85 84 8
D 751 53 3 752 747 662 753 755 29
D 756 47 2 81 97 79 8
D 749 49 3 750 746 78 751 756 29
D 758 43 2 75 100 73 8
D 757 41 2 71 758 76 99
D 742 45 3 743 745 70 749 757 29
D 68 59 11 69 101 657 666 670 675 679 682 687 692 697 701 704 708 711 715 721 726 731 737 742 8
D 761 23 2 42 41 40 8
D 760 21 2 38 761 43 8
D 764 31 2 51 62 53 8
D 765 31 2 51 52 53 29
D 763 33 2 764 54 765 8
D 762 29 2 45 763 63 8
D 767 23 2 42 67 40 29
D 766 21 2 38 767 43 29
D 759 25 2 760 762 766 8
D 771 69 3 111 740 594 644 130 29
D 770 65 3 103 771 641 643 655 29
D 769 79 7 102 667 552 676 565 683 574 693 583 702 592 709 770 8
D 768 59 11 69 666 657 675 670 682 679 692 687 701 697 708 704 715 711 726 721 737 731 769 742 8
D 774 23 2 40 67 42 8
D 773 21 2 38 774 43 8
D 776 23 2 40 41 42 29
D 775 21 2 38 776 43 29
D 772 25 2 773 762 775 8
D 780 69 2 111 740 129 29
D 779 65 3 103 780 641 643 655 29
D 778 79 6 102 676 552 683 565 693 574 702 583 709 779 8
D 777 59 11 69 675 657 682 670 692 679 701 687 708 697 715 704 726 711 737 721 769 731 778 742 8
D 782 21 2 43 39 38 8
D 783 21 2 43 66 38 29
D 781 25 2 782 762 783 8
D 788 73 2 116 645 127 29
D 787 69 2 111 788 129 29
D 786 65 3 103 787 641 643 655 29
D 785 79 5 102 683 552 693 565 702 574 709 786 8
D 784 59 11 69 682 657 692 670 701 679 708 687 715 697 726 704 737 711 769 721 778 731 785 742 8
D 792 31 2 53 62 51 8
D 793 31 2 53 52 51 29
D 791 33 2 792 54 793 8
D 790 29 2 45 791 63 8
D 789 25 2 37 790 65 8
D 797 61 2 104 642 109 8
D 798 61 2 104 656 109 29
D 796 65 3 103 787 797 643 798 29
D 795 79 4 102 693 552 702 565 709 796 8
D 794 59 11 69 692 657 701 670 708 679 715 687 726 697 737 704 769 711 778 721 785 731 795 742 8
D 801 27 2 48 47 46 8
D 802 27 2 48 64 46 29
D 800 29 2 801 763 802 8
D 799 25 2 37 800 65 8
D 806 61 2 104 133 109 29
D 805 65 3 103 787 553 643 806 29
D 804 79 3 102 702 552 709 805 8
D 803 59 11 69 701 657 708 670 715 679 726 687 737 697 769 704 778 711 785 721 795 731 804 742 8
D 809 27 2 46 64 48 8
D 810 27 2 46 47 48 29
D 808 29 2 809 763 810 8
D 807 25 2 37 808 65 8
D 813 65 2 103 787 131 29
D 812 79 2 102 709 813 8
D 811 59 11 69 708 657 715 670 726 679 737 687 769 697 778 704 785 711 795 721 804 731 812 742 8
D 817 35 2 60 56 55 8
D 816 33 2 764 817 765 8
D 815 29 2 45 816 63 8
D 814 25 2 37 815 65 8
D 823 57 2 92 736 90 29
D 822 55 2 88 823 93 748
D 821 53 3 662 822 752 747 755 29
D 820 49 3 78 821 750 746 756 29
D 819 45 3 70 820 743 745 757 29
D 818 59 10 69 715 657 726 670 737 679 769 687 778 697 785 704 795 711 804 721 812 819 8
D 828 37 2 59 58 57 8
D 827 35 2 55 828 60 8
D 826 33 2 764 827 765 8
D 825 29 2 45 826 63 8
D 824 25 2 37 825 65 8
D 833 55 2 93 748 88 29
D 832 53 3 662 833 752 747 755 29
D 831 49 3 78 832 750 746 756 29
D 830 45 3 70 831 743 745 757 29
D 829 59 9 69 726 657 737 670 769 679 778 687 785 697 795 704 804 711 812 830 8
L 839 38 20
D 838 37 2 57 839 59 8
D 837 35 2 55 838 60 8
D 836 33 2 764 837 765 8
D 835 29 2 45 836 63 8
D 834 25 2 37 835 65 8
D 844 51 2 84 95 86 85
D 843 53 2 752 747 844 29
D 842 49 3 78 843 750 746 756 29
D 841 45 3 70 842 743 745 757 29
D 840 59 8 69 737 657 769 670 778 679 785 687 795 697 804 704 812 841 8
D 847 23 2 42 41 40 67
D 846 21 2 38 847 43 39
D 851 37 2 57 839 59 29
D 850 35 2 55 851 60 29
D 849 33 2 764 850 765 29
D 848 29 2 45 849 63 29
D 853 27 2 48 47 46 64
D 855 31 2 53 62 51 52
D 857 37 2 57 58 59 839
D 856 35 2 60 851 55 857
D 858 31 2 53 52 51 8
D 854 33 3 855 850 764 856 858 29
D 859 27 2 48 64 46 8
D 852 29 3 853 849 45 854 859 29
D 861 23 2 42 67 40 8
D 860 21 2 38 861 43 66
D 845 25 3 846 848 37 852 860 29
D 35 39 11 36 68 759 768 772 777 781 784 789 794 799 803 807 811 814 818 824 829 834 840 845 8
D 864 3 2 7 6 5 8
D 863 1 2 3 864 9 8
D 867 11 2 17 28 19 8
D 868 11 2 17 18 19 29
D 866 13 2 867 20 868 8
D 865 9 2 11 866 30 8
D 870 3 2 7 34 5 29
D 869 1 2 3 870 9 29
D 862 5 2 863 865 869 8
D 874 49 3 78 843 699 746 97 29
D 873 45 3 70 874 743 745 757 29
D 872 59 7 69 769 657 778 670 785 679 795 687 804 697 812 873 8
D 871 39 11 36 768 759 777 772 784 781 794 789 803 799 811 807 818 814 829 824 840 834 872 845 8
D 877 3 2 5 34 7 8
D 876 1 2 3 877 9 8
D 879 3 2 5 6 7 29
D 878 1 2 3 879 9 29
D 875 5 2 876 865 878 8
D 883 49 2 78 843 96 29
D 882 45 3 70 883 743 745 757 29
D 881 59 6 69 778 657 785 670 795 679 804 687 812 882 8
D 880 39 11 36 777 759 784 772 794 781 803 789 811 799 818 807 829 814 840 824 872 834 881 845 8
D 885 1 2 9 4 3 8
D 886 1 2 9 33 3 29
D 884 5 2 885 865 886 8
D 891 53 2 83 747 94 29
D 890 49 2 78 891 96 29
D 889 45 3 70 890 743 745 757 29
D 888 59 5 69 785 657 795 670 804 679 812 889 8
D 887 39 11 36 784 759 794 772 803 781 811 789 818 799 829 807 840 814 872 824 881 834 888 845 8
D 895 11 2 19 28 17 8
D 896 11 2 19 18 17 29
D 894 13 2 895 20 896 8
D 893 9 2 11 894 30 8
D 892 5 2 2 893 32 8
D 900 41 2 71 744 76 8
D 901 41 2 71 758 76 29
D 899 45 3 70 890 900 745 901 29
D 898 59 4 69 795 657 804 670 812 899 8
D 897 39 11 36 794 759 803 772 811 781 818 789 829 799 840 807 872 814 881 824 888 834 898 845 8
D 904 7 2 14 13 12 8
D 905 7 2 14 31 12 29
D 903 9 2 904 866 905 8
D 902 5 2 2 903 32 8
D 909 41 2 71 100 76 29
D 908 45 3 70 890 658 745 909 29
D 907 59 3 69 804 657 812 908 8
D 906 39 11 36 803 759 811 772 818 781 829 789 840 799 872 807 881 814 888 824 898 834 907 845 8
D 912 7 2 12 31 14 8
D 913 7 2 12 13 14 29
D 911 9 2 912 866 913 8
D 910 5 2 2 911 32 8
D 916 45 2 70 890 98 29
D 915 59 2 69 812 916 8
D 914 39 11 36 811 759 818 772 829 781 840 789 872 799 881 807 888 814 898 824 907 834 915 845 8
D 920 15 2 26 22 21 8
D 919 13 2 867 920 868 8
D 918 9 2 11 919 30 8
D 917 5 2 2 918 32 8
D 926 37 2 59 839 57 29
D 925 35 2 55 926 60 851
D 924 33 3 764 925 855 850 858 29
D 923 29 3 45 924 853 849 859 29
D 922 25 3 37 923 846 848 860 29
D 921 39 10 36 818 759 829 772 840 781 872 789 881 799 888 807 898 814 907 824 915 922 8
D 931 17 2 25 24 23 8
D 930 15 2 21 931 26 8
D 929 13 2 867 930 868 8
D 928 9 2 11 929 30 8
D 927 5 2 2 928 32 8
D 936 35 2 60 851 55 29
D 935 33 3 764 936 855 850 858 29
D 934 29 3 45 935 853 849 859 29
D 933 25 3 37 934 846 848 860 29
D 932 39 9 36 829 759 840 772 872 781 881 789 888 799 898 807 907 814 915 933 8
L 942 18 10
D 941 17 2 23 942 25 8
D 940 15 2 21 941 26 8
D 939 13 2 867 940 868 8
D 938 9 2 11 939 30 8
D 937 5 2 2 938 32 8
D 947 31 2 51 62 53 52
D 946 33 2 855 850 947 29
D 945 29 3 45 946 853 849 859 29
D 944 25 3 37 945 846 848 860 29
D 943 39 8 36 840 759 872 772 881 781 888 789 898 799 907 807 915 944 8
D 952 17 2 23 24 25 942
D 953 17 2 23 942 25 29
D 951 15 2 21 952 26 953
D 954 11 2 19 28 17 18
D 955 15 2 21 953 26 29
D 956 11 2 19 18 17 8
D 950 13 3 867 951 954 955 956 29
D 957 7 2 14 13 12 31
D 958 13 2 867 955 868 29
D 959 7 2 14 31 12 8
D 949 9 3 11 950 957 958 959 29
D 961 3 2 7 6 5 34
D 960 1 2 3 961 9 4
D 962 9 2 11 958 30 29
D 964 3 2 7 34 5 8
D 963 1 2 3 964 9 33
D 948 5 3 2 949 960 962 963 29
D 0 19 11 1 35 862 871 875 880 884 887 892 897 902 906 910 914 917 921 927 932 937 943 948 8
