c ids of sdd nodes start at 0
c sdd nodes appear bottom-up, children before parents
c
c file syntax:
c sdd count-of-sdd-nodes
c F id-of-false-sdd-node
c T id-of-true-sdd-node
c L id-of-literal-sdd-node id-of-vtree literal
c D id-of-decomposition-sdd-node id-of-vtree number-of-elements {id-of-prime id-of-sub}*
c
sdd 969
L 3 0 -4
L 5 2 -2
L 6 4 -3
L 7 2 2
F 8
D 4 3 2 5 6 7 8
L 9 0 4
D 2 1 2 3 4 9 8
L 12 6 -6
L 13 8 -7
L 14 6 6
D 11 7 2 12 13 14 8
L 17 10 -5
L 18 12 1
L 19 10 5
D 16 11 2 17 18 19 8
L 21 14 -8
L 23 16 -9
L 24 18 -10
L 25 16 9
D 22 17 2 23 24 25 8
L 26 14 8
D 20 15 2 21 22 26 8
L 28 12 -1
T 29
D 27 11 2 17 28 19 29
D 15 13 2 16 20 27 8
L 31 8 7
D 30 7 2 12 31 14 29
D 10 9 2 11 15 30 8
L 34 4 3
D 33 3 2 5 34 7 29
D 32 1 2 3 33 9 29
D 1 5 2 2 10 32 8
L 38 20 -14
L 40 22 -12
L 41 24 -13
L 42 22 12
D 39 23 2 40 41 42 8
L 43 20 14
D 37 21 2 38 39 43 8
L 46 26 -16
L 47 28 -17
L 48 26 16
D 45 27 2 46 47 48 8
L 51 30 -15
L 52 32 11
L 53 30 15
D 50 31 2 51 52 53 8
L 55 34 -18
L 57 36 -19
L 58 38 -20
L 59 36 19
D 56 37 2 57 58 59 8
L 60 34 18
D 54 35 2 55 56 60 8
L 62 32 -11
D 61 31 2 51 62 53 29
D 49 33 2 50 54 61 8
L 64 28 17
D 63 27 2 46 64 48 29
D 44 29 2 45 49 63 8
L 67 24 13
D 66 23 2 40 67 42 29
D 65 21 2 38 66 43 29
D 36 25 2 37 44 65 8
L 71 40 -24
L 73 42 -22
L 74 44 -23
L 75 42 22
D 72 43 2 73 74 75 8
L 76 40 24
D 70 41 2 71 72 76 8
L 79 46 -26
L 80 48 -27
L 81 46 26
D 78 47 2 79 80 81 8
L 84 50 -25
L 85 52 21
L 86 50 25
D 83 51 2 84 85 86 8
L 88 54 -28
L 90 56 -29
L 91 58 -30
L 92 56 29
D 89 57 2 90 91 92 8
L 93 54 28
D 87 55 2 88 89 93 8
L 95 52 -21
D 94 51 2 84 95 86 29
D 82 53 2 83 87 94 8
L 97 48 27
D 96 47 2 79 97 81 29
D 77 49 2 78 82 96 8
L 100 44 23
D 99 43 2 73 100 75 29
D 98 41 2 71 99 76 29
D 69 45 2 70 77 98 8
L 104 60 -34
L 106 62 -32
L 107 64 -33
L 108 62 32
D 105 63 2 106 107 108 8
L 109 60 34
D 103 61 2 104 105 109 8
L 112 66 -36
L 113 68 -37
L 114 66 36
D 111 67 2 112 113 114 8
L 117 70 -35
L 118 72 31
L 119 70 35
D 116 71 2 117 118 119 8
L 121 74 -38
L 123 76 -39
L 124 78 -40
L 125 76 39
D 122 77 2 123 124 125 8
L 126 74 38
D 120 75 2 121 122 126 8
L 128 72 -31
D 127 71 2 117 128 119 29
D 115 73 2 116 120 127 8
L 130 68 37
D 129 67 2 112 130 114 29
D 110 69 2 111 115 129 8
L 133 64 33
D 132 63 2 106 133 108 29
D 131 61 2 104 132 109 29
D 102 65 2 103 110 131 8
L 137 80 -42
L 139 82 -43
L 140 84 -44
L 141 82 43
D 138 83 2 139 140 141 8
L 142 80 42
D 136 81 2 137 138 142 8
L 145 86 -46
L 146 88 -47
L 147 86 46
D 144 87 2 145 146 147 8
L 150 90 -45
L 151 92 41
L 152 90 45
D 149 91 2 150 151 152 8
L 154 94 -48
L 156 96 -49
L 157 98 -50
L 158 96 49
D 155 97 2 156 157 158 8
L 159 94 48
D 153 95 2 154 155 159 8
L 161 92 -41
D 160 91 2 150 161 152 29
D 148 93 2 149 153 160 8
L 163 88 47
D 162 87 2 145 163 147 29
D 143 89 2 144 148 162 8
L 166 84 44
D 165 83 2 139 166 141 29
D 164 81 2 137 165 142 29
D 135 85 2 136 143 164 8
L 170 100 -56
L 171 102 -57
L 172 100 56
D 169 101 2 170 171 172 8
L 174 104 -58
L 176 106 -59
L 177 108 -60
L 178 106 59
D 175 107 2 176 177 178 8
L 179 104 58
D 173 105 2 174 175 179 8
L 181 102 57
D 180 101 2 170 181 172 29
D 168 103 2 169 173 180 8
L 185 110 -53
L 186 112 54
L 187 110 53
D 184 111 2 185 186 187 8
L 189 114 -52
L 191 116 -55
L 192 118 -51
L 193 116 55
D 190 117 2 191 192 193 8
L 194 114 52
D 188 115 2 189 190 194 8
L 196 112 -54
D 195 111 2 185 196 187 29
D 183 113 2 184 188 195 8
L 200 120 -76
L 201 122 -77
L 202 120 76
D 199 121 2 200 201 202 8
L 204 124 -78
L 206 126 -79
L 207 128 80
L 208 126 79
D 205 127 2 206 207 208 8
L 209 124 78
D 203 125 2 204 205 209 8
L 211 122 77
D 210 121 2 200 211 202 29
D 198 123 2 199 203 210 8
L 215 130 -73
L 216 132 -72
L 217 130 73
D 214 131 2 215 216 217 8
L 219 134 -71
L 221 136 -74
L 222 138 -75
L 223 136 74
D 220 137 2 221 222 223 8
L 224 134 71
D 218 135 2 219 220 224 8
L 226 132 72
D 225 131 2 215 226 217 29
D 213 133 2 214 218 225 8
L 229 140 -61
L 230 142 -62
L 231 140 61
D 228 141 2 229 230 231 8
L 234 144 -63
L 235 146 -64
L 236 144 63
D 233 145 2 234 235 236 8
L 238 148 65
L 240 150 -66
L 242 152 -67
L 244 154 -68
L 246 156 -69
L 247 158 -70
L 248 156 69
D 245 157 2 246 247 248 8
L 249 154 68
D 243 155 2 244 245 249 8
L 250 152 67
D 241 153 2 242 243 250 8
L 251 150 66
D 239 151 2 240 241 251 8
L 252 148 -65
D 237 149 2 238 239 252 8
L 254 146 64
D 253 145 2 234 254 236 29
D 232 147 2 233 237 253 8
L 256 142 62
D 255 141 2 229 256 231 29
D 227 143 2 228 232 255 8
L 260 138 75
D 259 137 2 221 260 223 29
D 258 135 2 219 259 224 29
D 257 133 2 214 258 225 29
D 212 139 2 213 227 257 8
L 264 128 -80
D 263 127 2 206 264 208 8
D 262 125 2 204 263 209 8
D 261 123 2 199 262 210 8
D 268 137 2 221 260 223 8
D 267 135 2 219 268 224 8
D 266 133 2 214 267 225 8
L 276 158 70
D 275 157 2 246 276 248 8
D 274 155 2 244 275 249 8
D 273 153 2 242 274 250 8
D 272 151 2 240 273 251 8
D 271 149 2 252 272 238 8
D 270 147 2 233 271 253 8
D 269 143 2 228 270 255 8
D 279 137 2 221 222 223 29
D 278 135 2 219 279 224 29
D 277 133 2 214 278 225 29
D 265 139 2 266 269 277 8
D 282 127 2 208 264 206 8
D 281 125 2 204 282 209 8
D 280 123 2 199 281 210 8
D 287 151 2 251 241 240 8
D 286 149 2 252 287 238 8
D 285 147 2 233 286 253 8
D 284 143 2 228 285 255 8
D 283 139 2 213 284 257 8
D 289 125 2 209 263 204 8
D 288 123 2 199 289 210 8
D 295 153 2 250 243 242 8
D 294 151 2 240 295 251 8
D 293 149 2 252 294 238 8
D 292 147 2 233 293 253 8
D 291 143 2 228 292 255 8
D 290 139 2 213 291 257 8
D 297 121 2 200 211 202 8
D 298 121 2 200 201 202 29
D 296 123 2 297 262 298 8
D 305 155 2 249 245 244 8
D 304 153 2 242 305 250 8
D 303 151 2 240 304 251 8
D 302 149 2 252 303 238 8
D 301 147 2 233 302 253 8
D 300 143 2 228 301 255 8
D 299 139 2 213 300 257 8
D 307 121 2 202 201 200 8
D 308 121 2 202 211 200 29
D 306 123 2 307 262 308 8
D 316 157 2 248 247 246 8
D 315 155 2 244 316 249 8
D 314 153 2 242 315 250 8
D 313 151 2 240 314 251 8
D 312 149 2 252 313 238 8
D 311 147 2 233 312 253 8
D 310 143 2 228 311 255 8
D 309 139 2 213 310 257 8
D 319 127 2 208 207 206 8
D 320 127 2 206 207 208 29
D 318 125 2 204 319 209 320
D 321 121 2 202 201 200 211
D 322 125 2 204 320 209 29
D 323 121 2 202 211 200 8
D 317 123 3 199 318 321 322 323 29
D 197 129 7 198 212 261 265 280 283 288 290 296 299 306 309 317 8
D 325 111 2 185 196 187 8
D 327 117 2 193 192 191 8
D 326 115 2 189 327 194 8
D 328 111 2 185 186 187 29
D 324 113 2 325 326 328 8
D 333 145 2 234 254 236 8
D 334 149 2 252 239 238 8
D 335 145 2 234 235 236 29
D 332 147 2 333 334 335 8
D 331 143 2 228 332 255 8
D 330 139 2 213 331 257 8
D 339 137 2 223 222 221 8
D 338 135 2 219 339 224 8
D 337 133 2 214 338 225 8
D 342 137 2 221 222 223 260
D 341 135 2 219 342 224 29
D 340 133 2 214 341 225 29
D 336 139 3 337 269 266 310 340 8
D 329 129 7 198 330 261 336 280 212 288 283 296 290 306 299 317 8
D 344 111 2 187 196 185 8
D 345 111 2 187 186 185 29
D 343 113 2 344 188 345 8
D 347 139 2 213 269 257 8
D 350 127 2 206 264 208 207
D 349 125 2 204 350 209 320
D 348 123 3 199 349 321 322 323 29
D 346 129 6 198 283 280 290 288 299 296 309 306 347 348 8
D 352 115 2 194 190 189 8
D 351 113 2 325 352 328 8
D 354 123 3 199 349 297 322 202 29
D 353 129 5 198 290 280 299 288 309 296 347 354 8
L 358 118 51
D 357 117 2 191 358 193 8
D 356 115 2 189 357 194 8
D 355 113 2 325 356 328 8
D 360 123 2 199 349 210 29
D 359 129 4 198 299 280 309 288 347 360 8
D 363 117 2 191 192 193 358
D 364 117 2 191 358 193 29
D 362 115 2 189 363 194 364
D 365 111 2 187 196 185 186
D 366 115 2 189 364 194 29
D 367 111 2 187 186 185 8
D 361 113 3 325 362 365 366 367 29
D 182 119 6 183 197 324 329 343 346 351 353 355 359 361 8
D 369 105 2 179 175 174 8
D 368 103 2 169 369 180 8
D 371 113 2 325 188 328 8
D 375 135 2 224 220 219 8
D 374 133 2 214 375 225 8
D 377 131 2 215 226 217 8
D 378 131 2 215 216 217 29
D 376 133 2 377 218 378 8
D 380 131 2 217 216 215 8
D 381 131 2 217 226 215 29
D 379 133 2 380 218 381 8
D 383 135 2 219 342 224 259
D 384 131 2 217 216 215 226
D 385 131 2 217 226 215 8
D 382 133 3 214 383 384 258 385 29
D 373 139 6 374 269 376 310 379 300 266 284 337 291 382 8
D 389 145 2 236 235 234 8
D 390 145 2 236 254 234 29
D 388 147 2 389 334 390 8
D 387 143 2 228 388 255 8
D 386 139 2 213 387 257 8
D 393 141 2 229 256 231 8
D 394 147 2 233 334 253 8
D 395 141 2 229 230 231 29
D 392 143 2 393 394 395 8
D 391 139 2 213 392 257 8
D 398 141 2 231 230 229 8
D 399 141 2 231 256 229 29
D 397 143 2 398 394 399 8
D 396 139 2 213 397 257 8
D 372 129 7 261 373 288 386 280 391 296 330 198 396 306 212 317 8
D 400 113 2 325 366 328 29
D 370 119 2 371 372 400 8
D 403 107 2 178 177 176 8
D 402 105 2 174 403 179 8
D 401 103 2 169 402 180 8
D 406 139 6 374 310 376 300 266 227 337 284 379 291 382 8
D 408 125 2 209 320 204 207
D 407 123 3 199 408 321 322 323 29
D 405 129 6 261 406 296 386 288 391 306 330 280 396 407 8
D 404 119 2 371 405 400 8
L 412 108 60
D 411 107 2 176 412 178 8
D 410 105 2 174 411 179 8
D 409 103 2 169 410 180 8
D 415 139 6 374 300 266 331 337 227 379 284 376 291 382 8
D 416 123 3 321 322 199 320 323 29
D 414 129 5 261 415 306 386 296 391 288 396 416 8
D 413 119 2 371 414 400 8
D 418 101 2 170 181 172 8
D 419 101 2 170 171 172 29
D 417 103 2 418 173 419 8
D 423 133 3 214 341 384 258 385 29
D 422 139 5 376 269 379 310 337 300 266 291 423 8
D 421 129 7 261 422 280 386 198 391 288 330 296 212 306 283 317 8
D 420 119 2 371 421 400 8
D 425 101 2 172 171 170 8
D 426 101 2 172 181 170 29
D 424 103 2 425 173 426 8
D 430 133 3 214 341 380 258 226 29
D 429 139 4 379 269 337 310 266 300 430 8
D 428 129 7 198 386 261 429 280 330 288 212 296 283 306 290 317 8
D 427 119 2 371 428 400 8
D 433 107 2 178 412 176 8
D 434 107 2 176 412 178 29
D 432 105 2 174 433 179 434
D 435 101 2 172 171 170 181
D 436 105 2 174 434 179 29
D 437 101 2 172 181 170 8
D 431 103 3 169 432 435 436 437 29
D 167 109 7 168 182 368 370 401 404 409 413 417 420 424 427 431 8
D 439 81 2 142 138 137 8
D 442 91 2 150 161 152 8
D 443 91 2 150 151 152 29
D 441 93 2 442 153 443 8
D 440 89 2 144 441 162 8
D 444 81 2 142 165 137 29
D 438 85 2 439 440 444 8
D 446 119 6 343 197 183 329 324 428 351 346 355 353 361 8
D 449 139 6 266 387 337 331 379 227 376 284 374 291 382 8
D 451 121 2 202 201 200 29
D 450 123 2 451 322 323 29
D 448 129 4 306 391 261 449 296 396 450 8
D 447 119 2 371 448 400 8
D 445 109 7 168 446 417 370 368 404 401 413 409 447 424 420 431 8
D 454 83 2 141 140 139 8
D 453 81 2 137 454 142 8
D 456 83 2 141 166 139 29
D 455 81 2 137 456 142 29
D 452 85 2 453 440 455 8
D 458 119 6 351 197 343 329 183 428 324 421 355 346 361 8
D 461 139 6 337 387 379 331 376 227 374 284 266 392 382 8
D 462 123 2 201 322 211 29
D 460 129 3 306 396 261 461 462 8
D 459 119 2 371 460 400 8
D 457 109 7 168 458 424 370 417 404 368 413 401 447 409 459 431 8
D 465 83 2 139 166 141 8
D 464 81 2 137 465 142 8
D 467 83 2 139 140 141 29
D 466 81 2 137 467 142 29
D 463 85 2 464 440 466 8
D 469 119 6 355 197 351 329 343 428 183 421 324 372 361 8
D 472 139 6 379 387 376 331 374 227 337 392 266 397 382 8
D 473 123 2 199 322 210 29
D 471 129 2 261 472 473 8
D 470 119 2 371 471 400 8
D 468 109 7 424 404 168 469 417 413 368 447 401 459 409 470 431 8
D 477 91 2 152 161 150 8
D 478 91 2 152 151 150 29
D 476 93 2 477 153 478 8
D 475 89 2 144 476 162 8
D 474 85 2 136 475 164 8
D 480 119 6 355 329 351 428 343 421 183 372 324 405 361 8
D 486 137 2 223 260 221 29
D 485 135 2 219 486 224 259
D 484 133 3 214 485 384 258 385 29
D 483 139 5 376 387 374 331 379 392 337 397 484 8
D 482 129 2 261 483 473 8
D 481 119 2 371 482 400 8
D 479 109 7 424 413 168 480 417 447 368 459 401 470 409 481 431 8
D 489 87 2 147 146 145 8
D 490 87 2 147 163 145 29
D 488 89 2 489 441 490 8
D 487 85 2 136 488 164 8
D 492 119 6 355 428 351 421 343 372 183 405 324 414 361 8
D 497 135 2 224 259 219 29
D 496 133 3 384 258 214 497 385 29
D 495 139 4 374 387 376 392 379 397 496 8
D 494 129 2 261 495 473 8
D 493 119 2 371 494 400 8
D 491 109 7 424 447 168 492 417 459 368 470 401 481 409 493 431 8
D 500 87 2 145 163 147 8
D 501 87 2 145 146 147 29
D 499 89 2 500 441 501 8
D 498 85 2 136 499 164 8
D 503 119 6 355 421 351 372 343 405 183 414 324 448 361 8
D 507 133 3 377 258 214 497 217 29
D 506 139 3 374 392 376 397 507 8
D 505 129 2 261 506 473 8
D 504 119 2 371 505 400 8
D 502 109 7 424 459 168 503 417 470 368 481 401 493 409 504 431 8
D 511 95 2 159 155 154 8
D 510 93 2 442 511 443 8
D 509 89 2 144 510 162 8
D 508 85 2 136 509 164 8
D 513 119 6 355 372 351 405 343 414 183 448 324 460 361 8
D 517 133 2 214 497 225 29
D 516 139 2 374 397 517 8
D 515 129 2 261 516 473 8
D 514 119 2 371 515 400 8
D 512 109 7 424 470 168 513 417 481 368 493 401 504 409 514 431 8
D 522 97 2 158 157 156 8
D 521 95 2 154 522 159 8
D 520 93 2 442 521 443 8
D 519 89 2 144 520 162 8
D 518 85 2 136 519 164 8
D 524 119 6 355 405 351 414 343 448 183 460 324 471 361 8
D 526 105 2 179 434 174 412
D 525 103 3 169 526 435 436 437 29
D 523 109 6 424 481 168 524 417 493 368 504 401 514 525 8
L 532 98 50
D 531 97 2 156 532 158 8
D 530 95 2 154 531 159 8
D 529 93 2 442 530 443 8
D 528 89 2 144 529 162 8
D 527 85 2 136 528 164 8
D 534 119 6 355 414 351 448 343 460 183 471 324 482 361 8
D 535 103 3 435 436 169 434 437 29
D 533 109 5 424 493 168 534 417 504 368 514 535 8
D 538 83 2 141 140 139 166
D 537 81 2 137 538 142 138
D 542 97 2 156 532 158 29
D 541 95 2 154 542 159 29
D 540 93 2 442 541 443 29
D 539 89 2 144 540 162 29
D 544 87 2 147 146 145 163
D 546 91 2 152 161 150 151
D 548 97 2 156 157 158 532
D 547 95 2 159 542 154 548
D 549 91 2 152 151 150 8
D 545 93 3 546 541 442 547 549 29
D 550 87 2 147 163 145 8
D 543 89 3 544 540 144 545 550 29
D 552 83 2 141 166 139 8
D 551 81 2 137 552 142 165
D 536 85 3 537 539 136 543 551 29
D 134 99 11 135 167 438 445 452 457 463 468 474 479 487 491 498 502 508 512 518 523 527 533 536 8
D 555 63 2 108 107 106 8
D 554 61 2 104 555 109 8
D 558 71 2 117 128 119 8
D 559 71 2 117 118 119 29
D 557 73 2 558 120 559 8
D 556 69 2 111 557 129 8
D 561 63 2 108 133 106 29
D 560 61 2 104 561 109 29
D 553 65 2 554 556 560 8
D 564 119 6 355 448 351 460 343 471 183 482 324 494 361 8
D 566 101 2 172 171 170 29
D 565 103 2 566 436 437 29
D 563 109 4 424 504 168 564 417 514 565 8
D 562 99 11 135 445 438 457 452 468 463 479 474 491 487 502 498 512 508 523 518 533 527 563 536 8
D 569 63 2 106 133 108 8
D 568 61 2 104 569 109 8
D 571 63 2 106 107 108 29
D 570 61 2 104 571 109 29
D 567 65 2 568 556 570 8
D 574 119 6 355 460 351 471 343 482 183 494 324 505 361 8
D 575 103 2 171 436 181 29
D 573 109 3 424 514 168 574 575 8
D 572 99 11 135 457 438 468 452 479 463 491 474 502 487 512 498 523 508 533 518 563 527 573 536 8
D 577 61 2 109 105 104 8
D 578 61 2 109 132 104 29
D 576 65 2 577 556 578 8
D 581 119 6 355 471 351 482 343 494 183 505 324 515 361 8
D 582 103 2 169 436 180 29
D 580 109 2 168 581 582 8
D 579 99 11 135 468 438 479 452 491 463 502 474 512 487 523 498 533 508 563 518 573 527 580 536 8
D 586 71 2 119 128 117 8
D 587 71 2 119 118 117 29
D 585 73 2 586 120 587 8
D 584 69 2 111 585 129 8
D 583 65 2 103 584 131 8
D 593 117 2 191 192 193 29
D 592 115 2 194 364 189 593
D 591 113 3 325 592 365 366 367 29
D 590 119 5 355 482 351 494 343 505 183 515 591 8
D 589 109 2 168 590 582 8
D 588 99 11 135 479 438 491 452 502 463 512 474 523 487 533 498 563 508 573 518 580 527 589 536 8
D 596 67 2 114 113 112 8
D 597 67 2 114 130 112 29
D 595 69 2 596 557 597 8
D 594 65 2 103 595 131 8
D 601 113 3 325 592 344 366 186 29
D 600 119 4 355 494 351 505 343 515 601 8
D 599 109 2 168 600 582 8
D 598 99 11 135 491 438 502 452 512 463 523 474 533 487 563 498 573 508 580 518 589 527 599 536 8
D 604 67 2 112 130 114 8
D 605 67 2 112 113 114 29
D 603 69 2 604 557 605 8
D 602 65 2 103 603 131 8
D 609 113 2 325 592 328 29
D 608 119 3 355 505 351 515 609 8
D 607 109 2 168 608 582 8
D 606 99 11 135 502 438 512 452 523 463 533 474 563 487 573 498 580 508 589 518 599 527 607 536 8
D 613 75 2 126 122 121 8
D 612 73 2 558 613 559 8
D 611 69 2 111 612 129 8
D 610 65 2 103 611 131 8
D 618 115 2 189 593 194 29
D 617 113 2 325 618 328 29
D 616 119 2 355 515 617 8
D 615 109 2 168 616 582 8
D 614 99 11 135 512 438 523 452 533 463 563 474 573 487 580 498 589 508 599 518 607 527 615 536 8
D 623 77 2 125 124 123 8
D 622 75 2 121 623 126 8
D 621 73 2 558 622 559 8
D 620 69 2 111 621 129 8
D 619 65 2 103 620 131 8
D 629 97 2 158 532 156 29
D 628 95 2 154 629 159 542
D 627 93 3 442 628 546 541 549 29
D 626 89 3 144 627 544 540 550 29
D 625 85 3 136 626 537 539 551 29
D 624 99 10 135 523 438 533 452 563 463 573 474 580 487 589 498 599 508 607 518 615 625 8
L 635 78 40
D 634 77 2 123 635 125 8
D 633 75 2 121 634 126 8
D 632 73 2 558 633 559 8
D 631 69 2 111 632 129 8
D 630 65 2 103 631 131 8
D 640 95 2 159 542 154 29
D 639 93 3 442 640 546 541 549 29
D 638 89 3 144 639 544 540 550 29
D 637 85 3 136 638 537 539 551 29
D 636 99 9 135 533 438 563 452 573 463 580 474 589 487 599 498 607 508 615 637 8
D 643 63 2 108 107 106 133
D 642 61 2 104 643 109 105
D 647 77 2 123 635 125 29
D 646 75 2 121 647 126 29
D 645 73 2 558 646 559 29
D 644 69 2 111 645 129 29
D 649 67 2 114 113 112 130
D 651 71 2 119 128 117 118
D 653 77 2 123 124 125 635
D 652 75 2 126 647 121 653
D 654 71 2 119 118 117 8
D 650 73 3 651 646 558 652 654 29
D 655 67 2 114 130 112 8
D 648 69 3 649 645 111 650 655 29
D 657 63 2 108 133 106 8
D 656 61 2 104 657 109 132
D 641 65 3 642 644 103 648 656 29
D 101 79 11 102 134 553 562 567 572 576 579 583 588 594 598 602 606 610 614 619 624 630 636 641 8
D 660 43 2 75 74 73 8
D 659 41 2 71 660 76 8
D 663 51 2 84 95 86 8
D 664 51 2 84 85 86 29
D 662 53 2 663 87 664 8
D 661 49 2 78 662 96 8
D 666 43 2 75 100 73 29
D 665 41 2 71 666 76 29
D 658 45 2 659 661 665 8
D 672 91 2 150 161 152 151
D 671 93 2 546 541 672 29
D 670 89 3 144 671 544 540 550 29
D 669 85 3 136 670 537 539 551 29
D 668 99 8 135 563 438 573 452 580 463 589 474 599 487 607 498 615 669 8
D 667 79 11 102 562 553 572 567 579 576 588 583 598 594 606 602 614 610 624 619 636 630 668 641 8
D 675 43 2 73 100 75 8
D 674 41 2 71 675 76 8
D 677 43 2 73 74 75 29
D 676 41 2 71 677 76 29
D 673 45 2 674 661 676 8
D 681 89 3 144 671 489 540 163 29
D 680 85 3 136 681 537 539 551 29
D 679 99 7 135 573 438 580 452 589 463 599 474 607 487 615 680 8
D 678 79 11 102 572 553 579 567 588 576 598 583 606 594 614 602 624 610 636 619 668 630 679 641 8
D 683 41 2 76 72 71 8
D 684 41 2 76 99 71 29
D 682 45 2 683 661 684 8
D 688 89 2 144 671 162 29
D 687 85 3 136 688 537 539 551 29
D 686 99 6 135 580 438 589 452 599 463 607 474 615 687 8
D 685 79 11 102 579 553 588 567 598 576 606 583 614 594 624 602 636 610 668 619 679 630 686 641 8
D 692 51 2 86 95 84 8
D 693 51 2 86 85 84 29
D 691 53 2 692 87 693 8
D 690 49 2 78 691 96 8
D 689 45 2 70 690 98 8
D 698 93 2 149 541 160 29
D 697 89 2 144 698 162 29
D 696 85 3 136 697 537 539 551 29
D 695 99 5 135 589 438 599 452 607 463 615 696 8
D 694 79 11 102 588 553 598 567 606 576 614 583 624 594 636 602 668 610 679 619 686 630 695 641 8
D 701 47 2 81 80 79 8
D 702 47 2 81 97 79 29
D 700 49 2 701 662 702 8
D 699 45 2 70 700 98 8
D 706 81 2 137 454 142 138
D 707 81 2 142 165 137 166
D 705 85 3 136 697 706 539 707 29
D 704 99 4 135 599 438 607 452 615 705 8
D 703 79 11 102 598 553 606 567 614 576 624 583 636 594 668 602 679 610 686 619 695 630 704 641 8
D 710 47 2 79 97 81 8
D 711 47 2 79 80 81 29
D 709 49 2 710 662 711 8
D 708 45 2 70 709 98 8
D 714 85 3 136 697 439 539 165 29
D 713 99 3 135 607 438 615 714 8
D 712 79 11 102 606 553 614 567 624 576 636 583 668 594 679 602 686 610 695 619 704 630 713 641 8
D 718 55 2 93 89 88 8
D 717 53 2 663 718 664 8
D 716 49 2 78 717 96 8
D 715 45 2 70 716 98 8
D 721 85 2 136 697 164 29
D 720 99 2 135 615 721 8
D 719 79 11 102 614 553 624 567 636 576 668 583 679 594 686 602 695 610 704 619 713 630 720 641 8
D 726 57 2 92 91 90 8
D 725 55 2 88 726 93 8
D 724 53 2 663 725 664 8
D 723 49 2 78 724 96 8
D 722 45 2 70 723 98 8
D 732 77 2 125 635 123 29
D 731 75 2 121 732 126 647
D 730 73 3 558 731 651 646 654 29
D 729 69 3 111 730 649 645 655 29
D 728 65 3 103 729 642 644 656 29
D 727 79 10 102 624 553 636 567 668 576 679 583 686 594 695 602 704 610 713 619 720 728 8
L 738 58 30
D 737 57 2 90 738 92 8
D 736 55 2 88 737 93 8
D 735 53 2 663 736 664 8
D 734 49 2 78 735 96 8
D 733 45 2 70 734 98 8
D 743 75 2 126 647 121 29
D 742 73 3 558 743 651 646 654 29
D 741 69 3 111 742 649 645 655 29
D 740 65 3 103 741 642 644 656 29
D 739 79 9 102 636 553 668 567 679 576 686 583 695 594 704 602 713 610 720 740 8
D 746 43 2 75 74 73 100
D 745 41 2 71 746 76 72
D 750 57 2 90 738 92 29
D 749 55 2 88 750 93 29
D 748 53 2 663 749 664 29
D 747 49 2 78 748 96 29
D 752 47 2 81 80 79 97
D 754 51 2 86 95 84 85
D 756 57 2 90 91 92 738
D 755 55 2 93 750 88 756
D 757 51 2 86 85 84 8
D 753 53 3 754 749 663 755 757 29
D 758 47 2 81 97 79 8
D 751 49 3 752 748 78 753 758 29
D 760 43 2 75 100 73 8
D 759 41 2 71 760 76 99
D 744 45 3 745 747 70 751 759 29
D 68 59 11 69 101 658 667 673 678 682 685 689 694 699 703 708 712 715 719 722 727 733 739 744 8
D 763 23 2 42 41 40 8
D 762 21 2 38 763 43 8
D 766 31 2 51 62 53 8
D 767 31 2 51 52 53 29
D 765 33 2 766 54 767 8
D 764 29 2 45 765 63 8
D 769 23 2 42 67 40 29
D 768 21 2 38 769 43 29
D 761 25 2 762 764 768 8
D 775 71 2 117 128 119 118
D 774 73 2 651 646 775 29
D 773 69 3 111 774 649 645 655 29
D 772 65 3 103 773 642 644 656 29
D 771 79 8 102 668 553 679 567 686 576 695 583 704 594 713 602 720 772 8
D 770 59 11 69 667 658 678 673 685 682 694 689 703 699 712 708 719 715 727 722 739 733 771 744 8
D 778 23 2 40 67 42 8
D 777 21 2 38 778 43 8
D 780 23 2 40 41 42 29
D 779 21 2 38 780 43 29
D 776 25 2 777 764 779 8
D 784 69 3 111 774 596 645 130 29
D 783 65 3 103 784 642 644 656 29
D 782 79 7 102 679 553 686 567 695 576 704 583 713 594 720 783 8
D 781 59 11 69 678 658 685 673 694 682 703 689 712 699 719 708 727 715 739 722 771 733 782 744 8
D 786 21 2 43 39 38 8
D 787 21 2 43 66 38 29
D 785 25 2 786 764 787 8
D 791 69 2 111 774 129 29
D 790 65 3 103 791 642 644 656 29
D 789 79 6 102 686 553 695 567 704 576 713 583 720 790 8
D 788 59 11 69 685 658 694 673 703 682 712 689 719 699 727 708 739 715 771 722 782 733 789 744 8
D 795 31 2 53 62 51 8
D 796 31 2 53 52 51 29
D 794 33 2 795 54 796 8
D 793 29 2 45 794 63 8
D 792 25 2 37 793 65 8
D 801 73 2 116 646 127 29
D 800 69 2 111 801 129 29
D 799 65 3 103 800 642 644 656 29
D 798 79 5 102 695 553 704 567 713 576 720 799 8
D 797 59 11 69 694 658 703 673 712 682 719 689 727 699 739 708 771 715 782 722 789 733 798 744 8
D 804 27 2 48 47 46 8
D 805 27 2 48 64 46 29
D 803 29 2 804 765 805 8
D 802 25 2 37 803 65 8
D 809 61 2 104 643 109 8
D 810 61 2 104 657 109 29
D 808 65 3 103 800 809 644 810 29
D 807 79 4 102 704 553 713 567 720 808 8
D 806 59 11 69 703 658 712 673 719 682 727 689 739 699 771 708 782 715 789 722 798 733 807 744 8
D 813 27 2 46 64 48 8
D 814 27 2 46 47 48 29
D 812 29 2 813 765 814 8
D 811 25 2 37 812 65 8
D 818 61 2 104 133 109 29
D 817 65 3 103 800 554 644 818 29
D 816 79 3 102 713 553 720 817 8
D 815 59 11 69 712 658 719 673 727 682 739 689 771 699 782 708 789 715 798 722 807 733 816 744 8
D 822 35 2 60 56 55 8
D 821 33 2 766 822 767 8
D 820 29 2 45 821 63 8
D 819 25 2 37 820 65 8
D 825 65 2 103 800 131 29
D 824 79 2 102 720 825 8
D 823 59 11 69 719 658 727 673 739 682 771 689 782 699 789 708 798 715 807 722 816 733 824 744 8
D 830 37 2 59 58 57 8
D 829 35 2 55 830 60 8
D 828 33 2 766 829 767 8
D 827 29 2 45 828 63 8
D 826 25 2 37 827 65 8
D 836 57 2 92 738 90 29
D 835 55 2 88 836 93 750
D 834 53 3 663 835 754 749 757 29
D 833 49 3 78 834 752 748 758 29
D 832 45 3 70 833 745 747 759 29
D 831 59 10 69 727 658 739 673 771 682 782 689 789 699 798 708 807 715 816 722 824 832 8
L 842 38 20
D 841 37 2 57 842 59 8
D 840 35 2 55 841 60 8
D 839 33 2 766 840 767 8
D 838 29 2 45 839 63 8
D 837 25 2 37 838 65 8
D 847 55 2 93 750 88 29
D 846 53 3 663 847 754 749 757 29
D 845 49 3 78 846 752 748 758 29
D 844 45 3 70 845 745 747 759 29
D 843 59 9 69 739 658 771 673 782 682 789 689 798 699 807 708 816 715 824 844 8
D 850 23 2 42 41 40 67
D 849 21 2 38 850 43 39
D 854 37 2 57 842 59 29
D 853 35 2 55 854 60 29
D 852 33 2 766 853 767 29
D 851 29 2 45 852 63 29
D 856 27 2 48 47 46 64
D 858 31 2 53 62 51 52
D 860 37 2 57 58 59 842
D 859 35 2 60 854 55 860
D 861 31 2 53 52 51 8
D 857 33 3 858 853 766 859 861 29
D 862 27 2 48 64 46 8
D 855 29 3 856 852 45 857 862 29
D 864 23 2 42 67 40 8
D 863 21 2 38 864 43 66
D 848 25 3 849 851 37 855 863 29
D 35 39 11 36 68 761 770 776 781 785 788 792 797 802 806 811 815 819 823 826 831 837 843 848 8
D 867 3 2 7 6 5 8
D 866 1 2 3 867 9 8
D 870 11 2 17 28 19 8
D 871 11 2 17 18 19 29
D 869 13 2 870 20 871 8
D 868 9 2 11 869 30 8
D 873 3 2 7 34 5 29
D 872 1 2 3 873 9 29
D 865 5 2 866 868 872 8
D 879 51 2 84 95 86 85
D 878 53 2 754 749 879 29
D 877 49 3 78 878 752 748 758 29
D 876 45 3 70 877 745 747 759 29
D 875 59 8 69 771 658 782 673 789 682 798 689 807 699 816 708 824 876 8
D 874 39 11 36 770 761 781 776 788 785 797 792 806 802 815 811 823 819 831 826 843 837 875 848 8
D 882 3 2 5 34 7 8
D 881 1 2 3 882 9 8
D 884 3 2 5 6 7 29
D 883 1 2 3 884 9 29
D 880 5 2 881 868 883 8
D 888 49 3 78 878 701 748 97 29
D 887 45 3 70 888 745 747 759 29
D 886 59 7 69 782 658 789 673 798 682 807 689 816 699 824 887 8
D 885 39 11 36 781 761 788 776 797 785 806 792 815 802 823 811 831 819 843 826 875 837 886 848 8
D 890 1 2 9 4 3 8
D 891 1 2 9 33 3 29
D 889 5 2 890 868 891 8
D 895 49 2 78 878 96 29
D 894 45 3 70 895 745 747 759 29
D 893 59 6 69 789 658 798 673 807 682 816 689 824 894 8
D 892 39 11 36 788 761 797 776 806 785 815 792 823 802 831 811 843 819 875 826 886 837 893 848 8
D 899 11 2 19 28 17 8
D 900 11 2 19 18 17 29
D 898 13 2 899 20 900 8
D 897 9 2 11 898 30 8
D 896 5 2 2 897 32 8
D 905 53 2 83 749 94 29
D 904 49 2 78 905 96 29
D 903 45 3 70 904 745 747 759 29
D 902 59 5 69 798 658 807 673 816 682 824 903 8
D 901 39 11 36 797 761 806 776 815 785 823 792 831 802 843 811 875 819 886 826 893 837 902 848 8
D 908 7 2 14 13 12 8
D 909 7 2 14 31 12 29
D 907 9 2 908 869 909 8
D 906 5 2 2 907 32 8
D 913 41 2 71 746 76 8
D 914 41 2 71 760 76 29
D 912 45 3 70 904 913 747 914 29
D 911 59 4 69 807 658 816 673 824 912 8
D 910 39 11 36 806 761 815 776 823 785 831 792 843 802 875 811 886 819 893 826 902 837 911 848 8
D 917 7 2 12 31 14 8
D 918 7 2 12 13 14 29
D 916 9 2 917 869 918 8
D 915 5 2 2 916 32 8
D 922 41 2 71 100 76 29
D 921 45 3 70 904 659 747 922 29
D 920 59 3 69 816 658 824 921 8
D 919 39 11 36 815 761 823 776 831 785 843 792 875 802 886 811 893 819 902 826 911 837 920 848 8
D 926 15 2 26 22 21 8
D 925 13 2 870 926 871 8
D 924 9 2 11 925 30 8
D 923 5 2 2 924 32 8
D 929 45 2 70 904 98 29
D 928 59 2 69 824 929 8
D 927 39 11 36 823 761 831 776 843 785 875 792 886 802 893 811 902 819 911 826 920 837 928 848 8
D 934 17 2 25 24 23 8
D 933 15 2 21 934 26 8
D 932 13 2 870 933 871 8
D 931 9 2 11 932 30 8
D 930 5 2 2 931 32 8
D 940 37 2 59 842 57 29
D 939 35 2 55 940 60 854
D 938 33 3 766 939 858 853 861 29
D 937 29 3 45 938 856 852 862 29
D 936 25 3 37 937 849 851 863 29
D 935 39 10 36 831 761 843 776 875 785 886 792 893 802 902 811 911 819 920 826 928 936 8
L 946 18 10
D 945 17 2 23 946 25 8
D 944 15 2 21 945 26 8
D 943 13 2 870 944 871 8
D 942 9 2 11 943 30 8
D 941 5 2 2 942 32 8
D 951 35 2 60 854 55 29
D 950 33 3 766 951 858 853 861 29
D 949 29 3 45 950 856 852 862 29
D 948 25 3 37 949 849 851 863 29
D 947 39 9 36 843 761 875 776 886 785 893 792 902 802 911 811 920 819 928 948 8
D 956 17 2 23 24 25 946
D 957 17 2 23 946 25 29
D 955 15 2 21 956 26 957
D 958 11 2 19 28 17 18
D 959 15 2 21 957 26 29
D 960 11 2 19 18 17 8
D 954 13 3 870 955 958 959 960 29
D 961 7 2 14 13 12 31
D 962 13 2 870 959 871 29
D 963 7 2 14 31 12 8
D 953 9 3 11 954 961 962 963 29
D 965 3 2 7 6 5 34
D 964 1 2 3 965 9 4
D 966 9 2 11 962 30 29
D 968 3 2 7 34 5 8
D 967 1 2 3 968 9 33
D 952 5 3 2 953 964 966 967 29
D 0 19 11 1 35 865 874 880 885 889 892 896 901 906 910 915 919 923 927 930 935 941 947 952 8
