c ids of sdd nodes start at 0
c sdd nodes appear bottom-up, children before parents
c
c file syntax:
c sdd count-of-sdd-nodes
c F id-of-false-sdd-node
c T id-of-true-sdd-node
c L id-of-literal-sdd-node id-of-vtree literal
c D id-of-decomposition-sdd-node id-of-vtree number-of-elements {id-of-prime id-of-sub}*
c
sdd 979
L 3 0 -4
L 5 2 -2
L 6 4 -3
L 7 2 2
F 8
D 4 3 2 5 6 7 8
L 9 0 4
D 2 1 2 3 4 9 8
L 12 6 -6
L 13 8 -7
L 14 6 6
D 11 7 2 12 13 14 8
L 17 10 -5
L 18 12 1
L 19 10 5
D 16 11 2 17 18 19 8
L 21 14 -8
L 23 16 -9
L 24 18 -10
L 25 16 9
D 22 17 2 23 24 25 8
L 26 14 8
D 20 15 2 21 22 26 8
L 28 12 -1
T 29
D 27 11 2 17 28 19 29
D 15 13 2 16 20 27 8
L 31 8 7
D 30 7 2 12 31 14 29
D 10 9 2 11 15 30 8
L 34 4 3
D 33 3 2 5 34 7 29
D 32 1 2 3 33 9 29
D 1 5 2 2 10 32 8
L 38 20 -14
L 40 22 -12
L 41 24 -13
L 42 22 12
D 39 23 2 40 41 42 8
L 43 20 14
D 37 21 2 38 39 43 8
L 46 26 -16
L 47 28 -17
L 48 26 16
D 45 27 2 46 47 48 8
L 51 30 -15
L 52 32 11
L 53 30 15
D 50 31 2 51 52 53 8
L 55 34 -18
L 57 36 -19
L 58 38 -20
L 59 36 19
D 56 37 2 57 58 59 8
L 60 34 18
D 54 35 2 55 56 60 8
L 62 32 -11
D 61 31 2 51 62 53 29
D 49 33 2 50 54 61 8
L 64 28 17
D 63 27 2 46 64 48 29
D 44 29 2 45 49 63 8
L 67 24 13
D 66 23 2 40 67 42 29
D 65 21 2 38 66 43 29
D 36 25 2 37 44 65 8
L 71 40 -24
L 73 42 -22
L 74 44 -23
L 75 42 22
D 72 43 2 73 74 75 8
L 76 40 24
D 70 41 2 71 72 76 8
L 79 46 -26
L 80 48 -27
L 81 46 26
D 78 47 2 79 80 81 8
L 84 50 -25
L 85 52 21
L 86 50 25
D 83 51 2 84 85 86 8
L 88 54 -28
L 90 56 -29
L 91 58 -30
L 92 56 29
D 89 57 2 90 91 92 8
L 93 54 28
D 87 55 2 88 89 93 8
L 95 52 -21
D 94 51 2 84 95 86 29
D 82 53 2 83 87 94 8
L 97 48 27
D 96 47 2 79 97 81 29
D 77 49 2 78 82 96 8
L 100 44 23
D 99 43 2 73 100 75 29
D 98 41 2 71 99 76 29
D 69 45 2 70 77 98 8
L 104 60 -34
L 106 62 -32
L 107 64 -33
L 108 62 32
D 105 63 2 106 107 108 8
L 109 60 34
D 103 61 2 104 105 109 8
L 112 66 -36
L 113 68 -37
L 114 66 36
D 111 67 2 112 113 114 8
L 117 70 -35
L 118 72 31
L 119 70 35
D 116 71 2 117 118 119 8
L 121 74 -38
L 123 76 -39
L 124 78 -40
L 125 76 39
D 122 77 2 123 124 125 8
L 126 74 38
D 120 75 2 121 122 126 8
L 128 72 -31
D 127 71 2 117 128 119 29
D 115 73 2 116 120 127 8
L 130 68 37
D 129 67 2 112 130 114 29
D 110 69 2 111 115 129 8
L 133 64 33
D 132 63 2 106 133 108 29
D 131 61 2 104 132 109 29
D 102 65 2 103 110 131 8
L 137 80 -42
L 139 82 -43
L 140 84 -44
L 141 82 43
D 138 83 2 139 140 141 8
L 142 80 42
D 136 81 2 137 138 142 8
L 145 86 -46
L 146 88 -47
L 147 86 46
D 144 87 2 145 146 147 8
L 150 90 -45
L 151 92 41
L 152 90 45
D 149 91 2 150 151 152 8
L 154 94 -48
L 156 96 -49
L 157 98 -50
L 158 96 49
D 155 97 2 156 157 158 8
L 159 94 48
D 153 95 2 154 155 159 8
L 161 92 -41
D 160 91 2 150 161 152 29
D 148 93 2 149 153 160 8
L 163 88 47
D 162 87 2 145 163 147 29
D 143 89 2 144 148 162 8
L 166 84 44
D 165 83 2 139 166 141 29
D 164 81 2 137 165 142 29
D 135 85 2 136 143 164 8
L 170 100 -56
L 171 102 -57
L 172 100 56
D 169 101 2 170 171 172 8
L 174 104 -58
L 176 106 -59
L 177 108 -60
L 178 106 59
D 175 107 2 176 177 178 8
L 179 104 58
D 173 105 2 174 175 179 8
L 181 102 57
D 180 101 2 170 181 172 29
D 168 103 2 169 173 180 8
L 185 110 -53
L 186 112 -54
L 187 110 53
D 184 111 2 185 186 187 8
L 189 114 -52
L 191 116 55
L 192 118 -51
L 193 116 -55
D 190 117 2 191 192 193 8
L 194 114 52
D 188 115 2 189 190 194 8
L 196 112 54
D 195 111 2 185 196 187 29
D 183 113 2 184 188 195 8
L 200 120 -76
L 201 122 -77
L 202 120 76
D 199 121 2 200 201 202 8
L 204 124 -78
L 206 126 -79
L 207 128 80
L 208 126 79
D 205 127 2 206 207 208 8
L 209 124 78
D 203 125 2 204 205 209 8
L 211 122 77
D 210 121 2 200 211 202 29
D 198 123 2 199 203 210 8
L 215 130 -73
L 216 132 -72
L 217 130 73
D 214 131 2 215 216 217 8
L 219 134 -71
L 221 136 -74
L 222 138 -75
L 223 136 74
D 220 137 2 221 222 223 8
L 224 134 71
D 218 135 2 219 220 224 8
L 226 132 72
D 225 131 2 215 226 217 29
D 213 133 2 214 218 225 8
L 229 140 -61
L 230 142 -62
L 231 140 61
D 228 141 2 229 230 231 8
L 234 144 -63
L 235 146 -64
L 236 144 63
D 233 145 2 234 235 236 8
L 238 148 -65
L 240 150 66
L 242 152 -67
L 244 154 -68
L 246 156 -69
L 247 158 -70
L 248 156 69
D 245 157 2 246 247 248 8
L 249 154 68
D 243 155 2 244 245 249 8
L 250 152 67
D 241 153 2 242 243 250 8
L 251 150 -66
D 239 151 2 240 241 251 8
L 252 148 65
D 237 149 2 238 239 252 8
L 254 146 64
D 253 145 2 234 254 236 29
D 232 147 2 233 237 253 8
L 256 142 62
D 255 141 2 229 256 231 29
D 227 143 2 228 232 255 8
L 260 138 75
D 259 137 2 221 260 223 29
D 258 135 2 219 259 224 29
D 257 133 2 214 258 225 29
D 212 139 2 213 227 257 8
L 264 128 -80
D 263 127 2 208 264 206 8
D 262 125 2 204 263 209 8
D 261 123 2 199 262 210 8
D 270 153 2 250 243 242 8
D 269 151 2 251 270 240 8
D 268 149 2 238 269 252 8
D 267 147 2 233 268 253 8
D 266 143 2 228 267 255 8
D 265 139 2 213 266 257 8
D 273 127 2 206 264 208 8
D 272 125 2 209 273 204 8
D 271 123 2 199 272 210 8
D 280 155 2 249 245 244 8
D 279 153 2 242 280 250 8
D 278 151 2 251 279 240 8
D 277 149 2 238 278 252 8
D 276 147 2 233 277 253 8
D 275 143 2 228 276 255 8
D 274 139 2 213 275 257 8
D 282 121 2 200 211 202 8
D 283 125 2 204 273 209 8
D 284 121 2 200 201 202 29
D 281 123 2 282 283 284 8
D 292 157 2 248 247 246 8
D 291 155 2 244 292 249 8
D 290 153 2 242 291 250 8
D 289 151 2 251 290 240 8
D 288 149 2 238 289 252 8
D 287 147 2 233 288 253 8
D 286 143 2 228 287 255 8
D 285 139 2 213 286 257 8
D 294 121 2 202 201 200 8
D 295 121 2 202 211 200 29
D 293 123 2 294 283 295 8
L 304 158 70
D 303 157 2 246 304 248 8
D 302 155 2 244 303 249 8
D 301 153 2 242 302 250 8
D 300 151 2 251 301 240 8
D 299 149 2 238 300 252 8
D 298 147 2 233 299 253 8
D 297 143 2 228 298 255 8
D 296 139 2 213 297 257 8
D 307 127 2 206 264 208 207
D 308 127 2 206 207 208 29
D 306 125 2 204 307 209 308
D 309 121 2 202 201 200 211
D 310 125 2 204 308 209 29
D 311 121 2 202 211 200 8
D 305 123 3 199 306 309 310 311 29
D 197 129 6 198 212 261 265 271 274 281 285 293 296 305 8
D 313 111 2 185 196 187 8
D 315 117 2 193 192 191 8
D 314 115 2 189 315 194 8
D 316 111 2 185 186 187 29
D 312 113 2 313 314 316 8
D 318 123 3 199 306 282 310 202 29
D 317 129 5 198 265 261 274 271 285 281 296 318 8
D 320 115 2 194 315 189 8
D 319 113 2 184 320 195 8
D 323 125 2 204 307 209 29
D 322 123 2 199 323 210 29
D 321 129 3 198 285 261 296 322 8
D 325 111 2 187 186 185 8
D 326 111 2 187 196 185 29
D 324 113 2 325 314 326 8
D 328 123 2 199 306 210 29
D 327 129 4 198 274 261 285 271 296 328 8
L 332 118 51
D 331 117 2 193 332 191 8
D 330 115 2 189 331 194 8
D 329 113 2 184 330 195 8
D 336 127 2 206 264 208 29
D 335 125 2 204 336 209 29
D 334 123 2 199 335 210 29
D 333 129 2 198 296 334 8
D 339 117 2 193 192 191 332
D 340 117 2 193 332 191 29
D 338 115 2 189 339 194 340
D 341 111 2 187 186 185 196
D 342 115 2 189 340 194 29
D 343 111 2 187 196 185 8
D 337 113 3 184 338 341 342 343 29
D 182 119 6 183 197 312 317 319 321 324 327 329 333 337 8
L 347 108 60
D 346 107 2 176 347 178 8
D 345 105 2 174 346 179 8
D 344 103 2 169 345 180 8
D 349 113 2 184 314 195 8
D 351 123 2 199 283 210 8
D 354 135 2 224 220 219 8
D 353 133 2 214 354 225 8
D 356 131 2 215 226 217 8
D 357 131 2 215 216 217 29
D 355 133 2 356 218 357 8
D 359 131 2 217 216 215 8
D 360 131 2 217 226 215 29
D 358 133 2 359 218 360 8
D 363 137 2 221 260 223 8
D 362 135 2 219 363 224 8
D 361 133 2 214 362 225 8
D 366 137 2 223 222 221 8
D 365 135 2 219 366 224 8
D 364 133 2 214 365 225 8
D 369 137 2 221 222 223 260
D 368 135 2 219 369 224 259
D 370 131 2 217 216 215 226
D 371 131 2 217 226 215 8
D 367 133 3 214 368 370 258 371 29
D 352 139 6 353 297 355 286 358 275 361 227 364 266 367 8
D 375 145 2 236 235 234 8
D 377 151 2 251 241 240 8
D 376 149 2 238 377 252 8
D 378 145 2 236 254 234 29
D 374 147 2 375 376 378 8
D 373 143 2 228 374 255 8
D 372 139 2 213 373 257 8
D 381 141 2 229 256 231 8
D 382 147 2 233 376 253 8
D 383 141 2 229 230 231 29
D 380 143 2 381 382 383 8
D 379 139 2 213 380 257 8
D 387 145 2 234 254 236 8
D 388 145 2 234 235 236 29
D 386 147 2 387 376 388 8
D 385 143 2 228 386 255 8
D 384 139 2 213 385 257 8
D 391 141 2 231 230 229 8
D 392 141 2 231 256 229 29
D 390 143 2 391 382 392 8
D 389 139 2 213 390 257 8
D 396 149 2 252 377 238 8
D 395 147 2 233 396 253 8
D 394 143 2 228 395 255 8
D 393 139 2 213 394 257 8
D 399 127 2 208 207 206 8
D 398 125 2 204 399 209 308
D 397 123 3 199 398 309 310 311 29
D 350 129 7 351 352 271 372 261 379 281 384 198 389 293 393 397 8
D 400 113 2 184 342 195 29
D 348 119 2 349 350 400 8
D 403 107 2 178 177 176 8
D 402 105 2 174 403 179 8
D 401 103 2 169 402 180 8
D 408 135 2 219 369 224 29
D 407 133 3 214 408 370 258 371 29
D 406 139 5 355 297 358 286 364 275 361 266 407 8
D 405 129 7 351 406 261 372 198 379 271 384 281 393 293 212 397 8
D 404 119 2 349 405 400 8
D 410 105 2 179 175 174 8
D 409 103 2 169 410 180 8
D 414 133 3 214 408 359 258 226 29
D 413 139 4 358 297 364 286 361 275 414 8
D 412 129 7 198 372 351 413 261 384 271 393 281 212 293 265 397 8
D 411 119 2 349 412 400 8
D 416 101 2 170 181 172 8
D 417 101 2 170 171 172 29
D 415 103 2 416 173 417 8
D 421 133 2 214 408 225 29
D 420 139 3 364 297 361 286 421 8
D 419 129 7 198 384 351 420 261 393 271 212 281 265 293 274 397 8
D 418 119 2 349 419 400 8
D 423 101 2 172 171 170 8
D 424 101 2 172 181 170 29
D 422 103 2 423 173 424 8
D 430 137 2 221 222 223 29
D 429 135 2 219 430 224 29
D 428 133 2 214 429 225 29
D 427 139 2 361 297 428 8
D 426 129 7 198 393 351 427 261 212 271 265 281 274 293 285 397 8
D 425 119 2 349 426 400 8
D 433 107 2 178 347 176 8
D 434 107 2 176 347 178 29
D 432 105 2 174 433 179 434
D 435 101 2 172 171 170 181
D 436 105 2 174 434 179 29
D 437 101 2 172 181 170 8
D 431 103 3 169 432 435 436 437 29
D 167 109 7 168 182 344 348 401 404 409 411 415 418 422 425 431 8
D 439 81 2 142 138 137 8
D 442 91 2 150 161 152 8
D 443 91 2 150 151 152 29
D 441 93 2 442 153 443 8
D 440 89 2 144 441 162 8
D 444 81 2 142 165 137 29
D 438 85 2 439 440 444 8
D 446 119 6 183 426 312 197 324 317 329 321 319 327 337 8
D 449 139 6 353 286 355 275 361 394 364 227 358 266 367 8
D 451 125 2 209 308 204 207
D 450 123 3 199 451 309 310 311 29
D 448 129 6 351 449 281 372 271 379 293 384 261 389 450 8
D 447 119 2 349 448 400 8
D 445 109 7 168 446 401 348 344 447 409 404 415 411 422 418 431 8
D 454 83 2 141 140 139 8
D 453 81 2 137 454 142 8
D 456 83 2 141 166 139 29
D 455 81 2 137 456 142 29
D 452 85 2 453 440 455 8
D 458 119 6 312 426 183 419 324 197 319 317 329 327 337 8
D 461 139 6 353 275 361 385 364 394 358 227 355 266 367 8
D 462 123 3 309 310 199 308 311 29
D 460 129 5 351 461 293 372 281 379 271 389 462 8
D 459 119 2 349 460 400 8
D 457 109 7 168 458 409 348 401 447 344 459 415 404 422 411 431 8
D 465 83 2 139 166 141 8
D 464 81 2 137 465 142 8
D 467 83 2 139 140 141 29
D 466 81 2 137 467 142 29
D 463 85 2 464 440 466 8
D 469 119 6 324 426 312 419 183 412 319 197 329 317 337 8
D 472 139 6 361 373 364 385 358 394 355 227 353 266 367 8
D 474 121 2 202 201 200 29
D 473 123 2 474 310 311 29
D 471 129 4 293 379 351 472 281 389 473 8
D 470 119 2 349 471 400 8
D 468 109 7 168 469 415 348 409 447 401 459 344 470 422 404 431 8
D 478 91 2 152 161 150 8
D 479 91 2 152 151 150 29
D 477 93 2 478 153 479 8
D 476 89 2 144 477 162 8
D 475 85 2 136 476 164 8
D 481 119 6 319 426 324 419 312 412 183 405 329 197 337 8
D 484 139 6 364 373 358 385 355 394 353 227 361 380 367 8
D 485 123 2 201 310 211 29
D 483 129 3 293 389 351 484 485 8
D 482 119 2 349 483 400 8
D 480 109 7 168 481 422 348 415 447 409 459 401 470 344 482 431 8
D 488 87 2 147 146 145 8
D 489 87 2 147 163 145 29
D 487 89 2 488 441 489 8
D 486 85 2 136 487 164 8
D 491 119 6 329 426 319 419 324 412 312 405 183 350 337 8
D 494 139 6 358 373 355 385 353 394 364 380 361 390 367 8
D 495 123 2 199 310 210 29
D 493 129 2 351 494 495 8
D 492 119 2 349 493 400 8
D 490 109 7 422 447 168 491 415 459 409 470 401 482 344 492 431 8
D 498 87 2 145 163 147 8
D 499 87 2 145 146 147 29
D 497 89 2 498 441 499 8
D 496 85 2 136 497 164 8
D 501 119 6 329 419 319 412 324 405 312 350 183 448 337 8
D 507 137 2 223 260 221 29
D 506 135 2 219 507 224 259
D 505 133 3 214 506 370 258 371 29
D 504 139 5 355 373 353 385 358 380 364 390 505 8
D 503 129 2 351 504 495 8
D 502 119 2 349 503 400 8
D 500 109 7 422 459 168 501 415 470 409 482 401 492 344 502 431 8
D 511 95 2 159 155 154 8
D 510 93 2 442 511 443 8
D 509 89 2 144 510 162 8
D 508 85 2 136 509 164 8
D 513 119 6 329 412 319 405 324 350 312 448 183 460 337 8
D 518 135 2 224 259 219 29
D 517 133 3 370 258 214 518 371 29
D 516 139 4 353 373 355 380 358 390 517 8
D 515 129 2 351 516 495 8
D 514 119 2 349 515 400 8
D 512 109 7 422 470 168 513 415 482 409 492 401 502 344 514 431 8
D 523 97 2 158 157 156 8
D 522 95 2 154 523 159 8
D 521 93 2 442 522 443 8
D 520 89 2 144 521 162 8
D 519 85 2 136 520 164 8
D 525 119 6 329 405 319 350 324 448 312 460 183 471 337 8
D 529 133 3 356 258 214 518 217 29
D 528 139 3 353 380 355 390 529 8
D 527 129 2 351 528 495 8
D 526 119 2 349 527 400 8
D 524 109 7 422 482 168 525 415 492 409 502 401 514 344 526 431 8
L 535 98 50
D 534 97 2 156 535 158 8
D 533 95 2 154 534 159 8
D 532 93 2 442 533 443 8
D 531 89 2 144 532 162 8
D 530 85 2 136 531 164 8
D 537 119 6 329 350 319 448 324 460 312 471 183 483 337 8
D 541 133 2 214 518 225 29
D 540 139 2 353 390 541 8
D 539 129 2 351 540 495 8
D 538 119 2 349 539 400 8
D 536 109 7 422 492 168 537 415 502 409 514 401 526 344 538 431 8
D 544 83 2 141 140 139 166
D 543 81 2 137 544 142 138
D 548 97 2 156 535 158 29
D 547 95 2 154 548 159 29
D 546 93 2 442 547 443 29
D 545 89 2 144 546 162 29
D 550 87 2 147 146 145 163
D 552 91 2 152 161 150 151
D 554 97 2 156 157 158 535
D 553 95 2 159 548 154 554
D 555 91 2 152 151 150 8
D 551 93 3 552 547 442 553 555 29
D 556 87 2 147 163 145 8
D 549 89 3 550 546 144 551 556 29
D 558 83 2 141 166 139 8
D 557 81 2 137 558 142 165
D 542 85 3 543 545 136 549 557 29
D 134 99 11 135 167 438 445 452 457 463 468 475 480 486 490 496 500 508 512 519 524 530 536 542 8
D 561 63 2 108 107 106 8
D 560 61 2 104 561 109 8
D 564 71 2 117 128 119 8
D 565 71 2 117 118 119 29
D 563 73 2 564 120 565 8
D 562 69 2 111 563 129 8
D 567 63 2 108 133 106 29
D 566 61 2 104 567 109 29
D 559 65 2 560 562 566 8
D 570 119 6 329 448 319 460 324 471 312 483 183 493 337 8
D 572 105 2 179 434 174 347
D 571 103 3 169 572 435 436 437 29
D 569 109 6 422 502 168 570 415 514 409 526 401 538 571 8
D 568 99 11 135 445 438 457 452 468 463 480 475 490 486 500 496 512 508 524 519 536 530 569 542 8
D 575 63 2 106 133 108 8
D 574 61 2 104 575 109 8
D 577 63 2 106 107 108 29
D 576 61 2 104 577 109 29
D 573 65 2 574 562 576 8
D 580 119 6 329 460 319 471 324 483 312 493 183 503 337 8
D 581 103 3 435 436 169 434 437 29
D 579 109 5 422 514 168 580 415 526 409 538 581 8
D 578 99 11 135 457 438 468 452 480 463 490 475 500 486 512 496 524 508 536 519 569 530 579 542 8
D 583 61 2 109 105 104 8
D 584 61 2 109 132 104 29
D 582 65 2 583 562 584 8
D 587 119 6 329 471 319 483 324 493 312 503 183 515 337 8
D 589 101 2 172 171 170 29
D 588 103 2 589 436 437 29
D 586 109 4 422 526 168 587 415 538 588 8
D 585 99 11 135 468 438 480 452 490 463 500 475 512 486 524 496 536 508 569 519 579 530 586 542 8
D 593 71 2 119 128 117 8
D 594 71 2 119 118 117 29
D 592 73 2 593 120 594 8
D 591 69 2 111 592 129 8
D 590 65 2 103 591 131 8
D 597 119 6 329 483 319 493 324 503 312 515 183 527 337 8
D 598 103 2 171 436 181 29
D 596 109 3 422 538 168 597 598 8
D 595 99 11 135 480 438 490 452 500 463 512 475 524 486 536 496 569 508 579 519 586 530 596 542 8
D 601 67 2 114 113 112 8
D 602 67 2 114 130 112 29
D 600 69 2 601 563 602 8
D 599 65 2 103 600 131 8
D 605 119 6 329 493 319 503 324 515 312 527 183 539 337 8
D 606 103 2 169 436 180 29
D 604 109 2 168 605 606 8
D 603 99 11 135 490 438 500 452 512 463 524 475 536 486 569 496 579 508 586 519 596 530 604 542 8
D 609 67 2 112 130 114 8
D 610 67 2 112 113 114 29
D 608 69 2 609 563 610 8
D 607 65 2 103 608 131 8
D 616 117 2 193 192 191 29
D 615 115 2 194 340 189 616
D 614 113 3 184 615 341 342 343 29
D 613 119 5 329 503 319 515 324 527 312 539 614 8
D 612 109 2 168 613 606 8
D 611 99 11 135 500 438 512 452 524 463 536 475 569 486 579 496 586 508 596 519 604 530 612 542 8
D 620 75 2 126 122 121 8
D 619 73 2 564 620 565 8
D 618 69 2 111 619 129 8
D 617 65 2 103 618 131 8
D 624 113 3 184 615 325 342 196 29
D 623 119 4 329 515 319 527 324 539 624 8
D 622 109 2 168 623 606 8
D 621 99 11 135 512 438 524 452 536 463 569 475 579 486 586 496 596 508 604 519 612 530 622 542 8
D 629 77 2 125 124 123 8
D 628 75 2 121 629 126 8
D 627 73 2 564 628 565 8
D 626 69 2 111 627 129 8
D 625 65 2 103 626 131 8
D 633 113 2 184 615 195 29
D 632 119 3 329 527 319 539 633 8
D 631 109 2 168 632 606 8
D 630 99 11 135 524 438 536 452 569 463 579 475 586 486 596 496 604 508 612 519 622 530 631 542 8
L 639 78 40
D 638 77 2 123 639 125 8
D 637 75 2 121 638 126 8
D 636 73 2 564 637 565 8
D 635 69 2 111 636 129 8
D 634 65 2 103 635 131 8
D 644 115 2 189 616 194 29
D 643 113 2 184 644 195 29
D 642 119 2 329 539 643 8
D 641 109 2 168 642 606 8
D 640 99 11 135 536 438 569 452 579 463 586 475 596 486 604 496 612 508 622 519 631 530 641 542 8
D 647 63 2 108 107 106 133
D 646 61 2 104 647 109 105
D 651 77 2 123 639 125 29
D 650 75 2 121 651 126 29
D 649 73 2 564 650 565 29
D 648 69 2 111 649 129 29
D 653 67 2 114 113 112 130
D 655 71 2 119 128 117 118
D 657 77 2 123 124 125 639
D 656 75 2 126 651 121 657
D 658 71 2 119 118 117 8
D 654 73 3 655 650 564 656 658 29
D 659 67 2 114 130 112 8
D 652 69 3 653 649 111 654 659 29
D 661 63 2 108 133 106 8
D 660 61 2 104 661 109 132
D 645 65 3 646 648 103 652 660 29
D 101 79 11 102 134 559 568 573 578 582 585 590 595 599 603 607 611 617 621 625 630 634 640 645 8
D 664 43 2 75 74 73 8
D 663 41 2 71 664 76 8
D 667 51 2 84 95 86 8
D 668 51 2 84 85 86 29
D 666 53 2 667 87 668 8
D 665 49 2 78 666 96 8
D 670 43 2 75 100 73 29
D 669 41 2 71 670 76 29
D 662 45 2 663 665 669 8
D 677 97 2 158 535 156 29
D 676 95 2 154 677 159 548
D 675 93 3 442 676 552 547 555 29
D 674 89 3 144 675 550 546 556 29
D 673 85 3 136 674 543 545 557 29
D 672 99 10 135 569 438 579 452 586 463 596 475 604 486 612 496 622 508 631 519 641 673 8
D 671 79 11 102 568 559 578 573 585 582 595 590 603 599 611 607 621 617 630 625 640 634 672 645 8
D 680 43 2 73 100 75 8
D 679 41 2 71 680 76 8
D 682 43 2 73 74 75 29
D 681 41 2 71 682 76 29
D 678 45 2 679 665 681 8
D 688 95 2 159 548 154 29
D 687 93 3 442 688 552 547 555 29
D 686 89 3 144 687 550 546 556 29
D 685 85 3 136 686 543 545 557 29
D 684 99 9 135 579 438 586 452 596 463 604 475 612 486 622 496 631 508 641 685 8
D 683 79 11 102 578 559 585 573 595 582 603 590 611 599 621 607 630 617 640 625 672 634 684 645 8
D 690 41 2 76 72 71 8
D 691 41 2 76 99 71 29
D 689 45 2 690 665 691 8
D 697 91 2 150 161 152 151
D 696 93 2 552 547 697 29
D 695 89 3 144 696 550 546 556 29
D 694 85 3 136 695 543 545 557 29
D 693 99 8 135 586 438 596 452 604 463 612 475 622 486 631 496 641 694 8
D 692 79 11 102 585 559 595 573 603 582 611 590 621 599 630 607 640 617 672 625 684 634 693 645 8
D 701 51 2 86 95 84 8
D 702 51 2 86 85 84 29
D 700 53 2 701 87 702 8
D 699 49 2 78 700 96 8
D 698 45 2 70 699 98 8
D 706 89 3 144 696 488 546 163 29
D 705 85 3 136 706 543 545 557 29
D 704 99 7 135 596 438 604 452 612 463 622 475 631 486 641 705 8
D 703 79 11 102 595 559 603 573 611 582 621 590 630 599 640 607 672 617 684 625 693 634 704 645 8
D 709 47 2 81 80 79 8
D 710 47 2 81 97 79 29
D 708 49 2 709 666 710 8
D 707 45 2 70 708 98 8
D 714 89 2 144 696 162 29
D 713 85 3 136 714 543 545 557 29
D 712 99 6 135 604 438 612 452 622 463 631 475 641 713 8
D 711 79 11 102 603 559 611 573 621 582 630 590 640 599 672 607 684 617 693 625 704 634 712 645 8
D 717 47 2 79 97 81 8
D 718 47 2 79 80 81 29
D 716 49 2 717 666 718 8
D 715 45 2 70 716 98 8
D 723 93 2 149 547 160 29
D 722 89 2 144 723 162 29
D 721 85 3 136 722 543 545 557 29
D 720 99 5 135 612 438 622 452 631 463 641 721 8
D 719 79 11 102 611 559 621 573 630 582 640 590 672 599 684 607 693 617 704 625 712 634 720 645 8
D 727 55 2 93 89 88 8
D 726 53 2 667 727 668 8
D 725 49 2 78 726 96 8
D 724 45 2 70 725 98 8
D 731 81 2 137 454 142 138
D 732 81 2 142 165 137 166
D 730 85 3 136 722 731 545 732 29
D 729 99 4 135 622 438 631 452 641 730 8
D 728 79 11 102 621 559 630 573 640 582 672 590 684 599 693 607 704 617 712 625 720 634 729 645 8
D 737 57 2 92 91 90 8
D 736 55 2 88 737 93 8
D 735 53 2 667 736 668 8
D 734 49 2 78 735 96 8
D 733 45 2 70 734 98 8
D 740 85 3 136 722 439 545 165 29
D 739 99 3 135 631 438 641 740 8
D 738 79 11 102 630 559 640 573 672 582 684 590 693 599 704 607 712 617 720 625 729 634 739 645 8
L 746 58 30
D 745 57 2 90 746 92 8
D 744 55 2 88 745 93 8
D 743 53 2 667 744 668 8
D 742 49 2 78 743 96 8
D 741 45 2 70 742 98 8
D 749 85 2 136 722 164 29
D 748 99 2 135 641 749 8
D 747 79 11 102 640 559 672 573 684 582 693 590 704 599 712 607 720 617 729 625 739 634 748 645 8
D 752 43 2 75 74 73 100
D 751 41 2 71 752 76 72
D 756 57 2 90 746 92 29
D 755 55 2 88 756 93 29
D 754 53 2 667 755 668 29
D 753 49 2 78 754 96 29
D 758 47 2 81 80 79 97
D 760 51 2 86 95 84 85
D 762 57 2 90 91 92 746
D 761 55 2 93 756 88 762
D 763 51 2 86 85 84 8
D 759 53 3 760 755 667 761 763 29
D 764 47 2 81 97 79 8
D 757 49 3 758 754 78 759 764 29
D 766 43 2 75 100 73 8
D 765 41 2 71 766 76 99
D 750 45 3 751 753 70 757 765 29
D 68 59 11 69 101 662 671 678 683 689 692 698 703 707 711 715 719 724 728 733 738 741 747 750 8
D 769 23 2 42 41 40 8
D 768 21 2 38 769 43 8
D 772 31 2 51 62 53 8
D 773 31 2 51 52 53 29
D 771 33 2 772 54 773 8
D 770 29 2 45 771 63 8
D 775 23 2 42 67 40 29
D 774 21 2 38 775 43 29
D 767 25 2 768 770 774 8
D 782 77 2 125 639 123 29
D 781 75 2 121 782 126 651
D 780 73 3 564 781 655 650 658 29
D 779 69 3 111 780 653 649 659 29
D 778 65 3 103 779 646 648 660 29
D 777 79 10 102 672 559 684 573 693 582 704 590 712 599 720 607 729 617 739 625 748 778 8
D 776 59 11 69 671 662 683 678 692 689 703 698 711 707 719 715 728 724 738 733 747 741 777 750 8
D 785 23 2 40 67 42 8
D 784 21 2 38 785 43 8
D 787 23 2 40 41 42 29
D 786 21 2 38 787 43 29
D 783 25 2 784 770 786 8
D 793 75 2 126 651 121 29
D 792 73 3 564 793 655 650 658 29
D 791 69 3 111 792 653 649 659 29
D 790 65 3 103 791 646 648 660 29
D 789 79 9 102 684 559 693 573 704 582 712 590 720 599 729 607 739 617 748 790 8
D 788 59 11 69 683 662 692 678 703 689 711 698 719 707 728 715 738 724 747 733 777 741 789 750 8
D 795 21 2 43 39 38 8
D 796 21 2 43 66 38 29
D 794 25 2 795 770 796 8
D 802 71 2 117 128 119 118
D 801 73 2 655 650 802 29
D 800 69 3 111 801 653 649 659 29
D 799 65 3 103 800 646 648 660 29
D 798 79 8 102 693 559 704 573 712 582 720 590 729 599 739 607 748 799 8
D 797 59 11 69 692 662 703 678 711 689 719 698 728 707 738 715 747 724 777 733 789 741 798 750 8
D 806 31 2 53 62 51 8
D 807 31 2 53 52 51 29
D 805 33 2 806 54 807 8
D 804 29 2 45 805 63 8
D 803 25 2 37 804 65 8
D 811 69 3 111 801 601 649 130 29
D 810 65 3 103 811 646 648 660 29
D 809 79 7 102 704 559 712 573 720 582 729 590 739 599 748 810 8
D 808 59 11 69 703 662 711 678 719 689 728 698 738 707 747 715 777 724 789 733 798 741 809 750 8
D 814 27 2 48 47 46 8
D 815 27 2 48 64 46 29
D 813 29 2 814 771 815 8
D 812 25 2 37 813 65 8
D 819 69 2 111 801 129 29
D 818 65 3 103 819 646 648 660 29
D 817 79 6 102 712 559 720 573 729 582 739 590 748 818 8
D 816 59 11 69 711 662 719 678 728 689 738 698 747 707 777 715 789 724 798 733 809 741 817 750 8
D 822 27 2 46 64 48 8
D 823 27 2 46 47 48 29
D 821 29 2 822 771 823 8
D 820 25 2 37 821 65 8
D 828 73 2 116 650 127 29
D 827 69 2 111 828 129 29
D 826 65 3 103 827 646 648 660 29
D 825 79 5 102 720 559 729 573 739 582 748 826 8
D 824 59 11 69 719 662 728 678 738 689 747 698 777 707 789 715 798 724 809 733 817 741 825 750 8
D 832 35 2 60 56 55 8
D 831 33 2 772 832 773 8
D 830 29 2 45 831 63 8
D 829 25 2 37 830 65 8
D 836 61 2 104 647 109 8
D 837 61 2 104 661 109 29
D 835 65 3 103 827 836 648 837 29
D 834 79 4 102 729 559 739 573 748 835 8
D 833 59 11 69 728 662 738 678 747 689 777 698 789 707 798 715 809 724 817 733 825 741 834 750 8
D 842 37 2 59 58 57 8
D 841 35 2 55 842 60 8
D 840 33 2 772 841 773 8
D 839 29 2 45 840 63 8
D 838 25 2 37 839 65 8
D 846 61 2 104 133 109 29
D 845 65 3 103 827 560 648 846 29
D 844 79 3 102 739 559 748 845 8
D 843 59 11 69 738 662 747 678 777 689 789 698 798 707 809 715 817 724 825 733 834 741 844 750 8
L 852 38 20
D 851 37 2 57 852 59 8
D 850 35 2 55 851 60 8
D 849 33 2 772 850 773 8
D 848 29 2 45 849 63 8
D 847 25 2 37 848 65 8
D 855 65 2 103 827 131 29
D 854 79 2 102 748 855 8
D 853 59 11 69 747 662 777 678 789 689 798 698 809 707 817 715 825 724 834 733 844 741 854 750 8
D 858 23 2 42 41 40 67
D 857 21 2 38 858 43 39
D 862 37 2 57 852 59 29
D 861 35 2 55 862 60 29
D 860 33 2 772 861 773 29
D 859 29 2 45 860 63 29
D 864 27 2 48 47 46 64
D 866 31 2 53 62 51 52
D 868 37 2 57 58 59 852
D 867 35 2 60 862 55 868
D 869 31 2 53 52 51 8
D 865 33 3 866 861 772 867 869 29
D 870 27 2 48 64 46 8
D 863 29 3 864 860 45 865 870 29
D 872 23 2 42 67 40 8
D 871 21 2 38 872 43 66
D 856 25 3 857 859 37 863 871 29
D 35 39 11 36 68 767 776 783 788 794 797 803 808 812 816 820 824 829 833 838 843 847 853 856 8
D 875 3 2 7 6 5 8
D 874 1 2 3 875 9 8
D 878 11 2 17 28 19 8
D 879 11 2 17 18 19 29
D 877 13 2 878 20 879 8
D 876 9 2 11 877 30 8
D 881 3 2 7 34 5 29
D 880 1 2 3 881 9 29
D 873 5 2 874 876 880 8
D 888 57 2 92 746 90 29
D 887 55 2 88 888 93 756
D 886 53 3 667 887 760 755 763 29
D 885 49 3 78 886 758 754 764 29
D 884 45 3 70 885 751 753 765 29
D 883 59 10 69 777 662 789 678 798 689 809 698 817 707 825 715 834 724 844 733 854 884 8
D 882 39 11 36 776 767 788 783 797 794 808 803 816 812 824 820 833 829 843 838 853 847 883 856 8
D 891 3 2 5 34 7 8
D 890 1 2 3 891 9 8
D 893 3 2 5 6 7 29
D 892 1 2 3 893 9 29
D 889 5 2 890 876 892 8
D 899 55 2 93 756 88 29
D 898 53 3 667 899 760 755 763 29
D 897 49 3 78 898 758 754 764 29
D 896 45 3 70 897 751 753 765 29
D 895 59 9 69 789 662 798 678 809 689 817 698 825 707 834 715 844 724 854 896 8
D 894 39 11 36 788 767 797 783 808 794 816 803 824 812 833 820 843 829 853 838 883 847 895 856 8
D 901 1 2 9 4 3 8
D 902 1 2 9 33 3 29
D 900 5 2 901 876 902 8
D 908 51 2 84 95 86 85
D 907 53 2 760 755 908 29
D 906 49 3 78 907 758 754 764 29
D 905 45 3 70 906 751 753 765 29
D 904 59 8 69 798 662 809 678 817 689 825 698 834 707 844 715 854 905 8
D 903 39 11 36 797 767 808 783 816 794 824 803 833 812 843 820 853 829 883 838 895 847 904 856 8
D 912 11 2 19 28 17 8
D 913 11 2 19 18 17 29
D 911 13 2 912 20 913 8
D 910 9 2 11 911 30 8
D 909 5 2 2 910 32 8
D 917 49 3 78 907 709 754 97 29
D 916 45 3 70 917 751 753 765 29
D 915 59 7 69 809 662 817 678 825 689 834 698 844 707 854 916 8
D 914 39 11 36 808 767 816 783 824 794 833 803 843 812 853 820 883 829 895 838 904 847 915 856 8
D 920 7 2 14 13 12 8
D 921 7 2 14 31 12 29
D 919 9 2 920 877 921 8
D 918 5 2 2 919 32 8
D 925 49 2 78 907 96 29
D 924 45 3 70 925 751 753 765 29
D 923 59 6 69 817 662 825 678 834 689 844 698 854 924 8
D 922 39 11 36 816 767 824 783 833 794 843 803 853 812 883 820 895 829 904 838 915 847 923 856 8
D 928 7 2 12 31 14 8
D 929 7 2 12 13 14 29
D 927 9 2 928 877 929 8
D 926 5 2 2 927 32 8
D 934 53 2 83 755 94 29
D 933 49 2 78 934 96 29
D 932 45 3 70 933 751 753 765 29
D 931 59 5 69 825 662 834 678 844 689 854 932 8
D 930 39 11 36 824 767 833 783 843 794 853 803 883 812 895 820 904 829 915 838 923 847 931 856 8
D 938 15 2 26 22 21 8
D 937 13 2 878 938 879 8
D 936 9 2 11 937 30 8
D 935 5 2 2 936 32 8
D 942 41 2 71 752 76 8
D 943 41 2 71 766 76 29
D 941 45 3 70 933 942 753 943 29
D 940 59 4 69 834 662 844 678 854 941 8
D 939 39 11 36 833 767 843 783 853 794 883 803 895 812 904 820 915 829 923 838 931 847 940 856 8
D 948 17 2 25 24 23 8
D 947 15 2 21 948 26 8
D 946 13 2 878 947 879 8
D 945 9 2 11 946 30 8
D 944 5 2 2 945 32 8
D 952 41 2 71 100 76 29
D 951 45 3 70 933 663 753 952 29
D 950 59 3 69 844 662 854 951 8
D 949 39 11 36 843 767 853 783 883 794 895 803 904 812 915 820 923 829 931 838 940 847 950 856 8
L 958 18 10
D 957 17 2 23 958 25 8
D 956 15 2 21 957 26 8
D 955 13 2 878 956 879 8
D 954 9 2 11 955 30 8
D 953 5 2 2 954 32 8
D 961 45 2 70 933 98 29
D 960 59 2 69 854 961 8
D 959 39 11 36 853 767 883 783 895 794 904 803 915 812 923 820 931 829 940 838 950 847 960 856 8
D 966 17 2 23 24 25 958
D 967 17 2 23 958 25 29
D 965 15 2 21 966 26 967
D 968 11 2 19 28 17 18
D 969 15 2 21 967 26 29
D 970 11 2 19 18 17 8
D 964 13 3 878 965 968 969 970 29
D 971 7 2 14 13 12 31
D 972 13 2 878 969 879 29
D 973 7 2 14 31 12 8
D 963 9 3 11 964 971 972 973 29
D 975 3 2 7 6 5 34
D 974 1 2 3 975 9 4
D 976 9 2 11 972 30 29
D 978 3 2 7 34 5 8
D 977 1 2 3 978 9 33
D 962 5 3 2 963 974 976 977 29
D 0 19 11 1 35 873 882 889 894 900 903 909 914 918 922 926 930 935 939 944 949 953 959 962 8
