c ids of sdd nodes start at 0
c sdd nodes appear bottom-up, children before parents
c
c file syntax:
c sdd count-of-sdd-nodes
c F id-of-false-sdd-node
c T id-of-true-sdd-node
c L id-of-literal-sdd-node id-of-vtree literal
c D id-of-decomposition-sdd-node id-of-vtree number-of-elements {id-of-prime id-of-sub}*
c
sdd 986
L 3 0 -4
L 5 2 -2
L 6 4 -3
L 7 2 2
F 8
D 4 3 2 5 6 7 8
L 9 0 4
D 2 1 2 3 4 9 8
L 12 6 -6
L 13 8 -7
L 14 6 6
D 11 7 2 12 13 14 8
L 17 10 -5
L 18 12 1
L 19 10 5
D 16 11 2 17 18 19 8
L 21 14 -8
L 23 16 -9
L 24 18 -10
L 25 16 9
D 22 17 2 23 24 25 8
L 26 14 8
D 20 15 2 21 22 26 8
L 28 12 -1
T 29
D 27 11 2 17 28 19 29
D 15 13 2 16 20 27 8
L 31 8 7
D 30 7 2 12 31 14 29
D 10 9 2 11 15 30 8
L 34 4 3
D 33 3 2 5 34 7 29
D 32 1 2 3 33 9 29
D 1 5 2 2 10 32 8
L 38 20 -14
L 40 22 -12
L 41 24 -13
L 42 22 12
D 39 23 2 40 41 42 8
L 43 20 14
D 37 21 2 38 39 43 8
L 46 26 -16
L 47 28 -17
L 48 26 16
D 45 27 2 46 47 48 8
L 51 30 -15
L 52 32 11
L 53 30 15
D 50 31 2 51 52 53 8
L 55 34 -18
L 57 36 -19
L 58 38 -20
L 59 36 19
D 56 37 2 57 58 59 8
L 60 34 18
D 54 35 2 55 56 60 8
L 62 32 -11
D 61 31 2 51 62 53 29
D 49 33 2 50 54 61 8
L 64 28 17
D 63 27 2 46 64 48 29
D 44 29 2 45 49 63 8
L 67 24 13
D 66 23 2 40 67 42 29
D 65 21 2 38 66 43 29
D 36 25 2 37 44 65 8
L 71 40 -24
L 73 42 -22
L 74 44 -23
L 75 42 22
D 72 43 2 73 74 75 8
L 76 40 24
D 70 41 2 71 72 76 8
L 79 46 -26
L 80 48 -27
L 81 46 26
D 78 47 2 79 80 81 8
L 84 50 -25
L 85 52 21
L 86 50 25
D 83 51 2 84 85 86 8
L 88 54 -28
L 90 56 -29
L 91 58 -30
L 92 56 29
D 89 57 2 90 91 92 8
L 93 54 28
D 87 55 2 88 89 93 8
L 95 52 -21
D 94 51 2 84 95 86 29
D 82 53 2 83 87 94 8
L 97 48 27
D 96 47 2 79 97 81 29
D 77 49 2 78 82 96 8
L 100 44 23
D 99 43 2 73 100 75 29
D 98 41 2 71 99 76 29
D 69 45 2 70 77 98 8
L 104 60 -34
L 106 62 -32
L 107 64 -33
L 108 62 32
D 105 63 2 106 107 108 8
L 109 60 34
D 103 61 2 104 105 109 8
L 112 66 -36
L 113 68 -37
L 114 66 36
D 111 67 2 112 113 114 8
L 117 70 -35
L 118 72 31
L 119 70 35
D 116 71 2 117 118 119 8
L 121 74 -38
L 123 76 -39
L 124 78 -40
L 125 76 39
D 122 77 2 123 124 125 8
L 126 74 38
D 120 75 2 121 122 126 8
L 128 72 -31
D 127 71 2 117 128 119 29
D 115 73 2 116 120 127 8
L 130 68 37
D 129 67 2 112 130 114 29
D 110 69 2 111 115 129 8
L 133 64 33
D 132 63 2 106 133 108 29
D 131 61 2 104 132 109 29
D 102 65 2 103 110 131 8
L 137 80 -42
L 139 82 -43
L 140 84 -44
L 141 82 43
D 138 83 2 139 140 141 8
L 142 80 42
D 136 81 2 137 138 142 8
L 145 86 -46
L 146 88 -47
L 147 86 46
D 144 87 2 145 146 147 8
L 150 90 -45
L 151 92 41
L 152 90 45
D 149 91 2 150 151 152 8
L 154 94 -48
L 156 96 -49
L 157 98 -50
L 158 96 49
D 155 97 2 156 157 158 8
L 159 94 48
D 153 95 2 154 155 159 8
L 161 92 -41
D 160 91 2 150 161 152 29
D 148 93 2 149 153 160 8
L 163 88 47
D 162 87 2 145 163 147 29
D 143 89 2 144 148 162 8
L 166 84 44
D 165 83 2 139 166 141 29
D 164 81 2 137 165 142 29
D 135 85 2 136 143 164 8
L 170 100 -56
L 171 102 -57
L 172 100 56
D 169 101 2 170 171 172 8
L 174 104 -58
L 176 106 -59
L 177 108 -60
L 178 106 59
D 175 107 2 176 177 178 8
L 179 104 58
D 173 105 2 174 175 179 8
L 181 102 57
D 180 101 2 170 181 172 29
D 168 103 2 169 173 180 8
L 185 110 -53
L 186 112 -54
L 187 110 53
D 184 111 2 185 186 187 8
L 189 114 -52
L 191 116 55
L 192 118 -51
L 193 116 -55
D 190 117 2 191 192 193 8
L 194 114 52
D 188 115 2 189 190 194 8
L 196 112 54
D 195 111 2 185 196 187 29
D 183 113 2 184 188 195 8
L 200 120 -76
L 201 122 -77
L 202 120 76
D 199 121 2 200 201 202 8
L 204 124 -78
L 206 126 -79
L 207 128 80
L 208 126 79
D 205 127 2 206 207 208 8
L 209 124 78
D 203 125 2 204 205 209 8
L 211 122 77
D 210 121 2 200 211 202 29
D 198 123 2 199 203 210 8
L 215 130 -73
L 216 132 -72
L 217 130 73
D 214 131 2 215 216 217 8
L 219 134 -71
L 221 136 -74
L 222 138 -75
L 223 136 74
D 220 137 2 221 222 223 8
L 224 134 71
D 218 135 2 219 220 224 8
L 226 132 72
D 225 131 2 215 226 217 29
D 213 133 2 214 218 225 8
L 229 140 -61
L 230 142 -62
L 231 140 61
D 228 141 2 229 230 231 8
L 234 144 -63
L 235 146 -64
L 236 144 63
D 233 145 2 234 235 236 8
L 238 148 -65
L 240 150 -66
L 242 152 67
L 244 154 -68
L 246 156 -69
L 247 158 -70
L 248 156 69
D 245 157 2 246 247 248 8
L 249 154 68
D 243 155 2 244 245 249 8
L 250 152 -67
D 241 153 2 242 243 250 8
L 251 150 66
D 239 151 2 240 241 251 8
L 252 148 65
D 237 149 2 238 239 252 8
L 254 146 64
D 253 145 2 234 254 236 29
D 232 147 2 233 237 253 8
L 256 142 62
D 255 141 2 229 256 231 29
D 227 143 2 228 232 255 8
L 260 138 75
D 259 137 2 221 260 223 29
D 258 135 2 219 259 224 29
D 257 133 2 214 258 225 29
D 212 139 2 213 227 257 8
L 264 128 -80
D 263 127 2 208 264 206 8
D 262 125 2 204 263 209 8
D 261 123 2 199 262 210 8
D 271 155 2 249 245 244 8
D 270 153 2 250 271 242 8
D 269 151 2 240 270 251 8
D 268 149 2 238 269 252 8
D 267 147 2 233 268 253 8
D 266 143 2 228 267 255 8
D 265 139 2 213 266 257 8
D 274 127 2 206 264 208 8
D 273 125 2 209 274 204 8
D 272 123 2 199 273 210 8
D 282 157 2 248 247 246 8
D 281 155 2 244 282 249 8
D 280 153 2 250 281 242 8
D 279 151 2 240 280 251 8
D 278 149 2 238 279 252 8
D 277 147 2 233 278 253 8
D 276 143 2 228 277 255 8
D 275 139 2 213 276 257 8
D 284 121 2 200 211 202 8
D 285 125 2 204 274 209 8
D 286 121 2 200 201 202 29
D 283 123 2 284 285 286 8
L 295 158 70
D 294 157 2 246 295 248 8
D 293 155 2 244 294 249 8
D 292 153 2 250 293 242 8
D 291 151 2 240 292 251 8
D 290 149 2 238 291 252 8
D 289 147 2 233 290 253 8
D 288 143 2 228 289 255 8
D 287 139 2 213 288 257 8
D 298 127 2 206 264 208 207
D 299 127 2 206 207 208 29
D 297 125 2 204 298 209 299
D 300 125 2 204 299 209 29
D 296 123 3 199 297 284 300 202 29
D 197 129 5 198 212 261 265 272 275 283 287 296 8
D 302 111 2 187 186 185 8
D 304 117 2 193 192 191 8
D 303 115 2 189 304 194 8
D 305 111 2 187 196 185 29
D 301 113 2 302 303 305 8
D 308 125 2 204 298 209 29
D 307 123 2 199 308 210 29
D 306 129 3 198 275 261 287 307 8
D 310 111 2 185 196 187 8
D 311 111 2 185 186 187 29
D 309 113 2 310 303 311 8
D 313 123 2 199 297 210 29
D 312 129 4 198 265 261 275 272 287 313 8
D 315 115 2 194 304 189 8
D 314 113 2 184 315 195 8
D 319 127 2 206 264 208 29
D 318 125 2 204 319 209 29
D 317 123 2 199 318 210 29
D 316 129 2 198 287 317 8
L 323 118 51
D 322 117 2 191 323 193 29
D 324 117 2 193 323 191 29
D 321 115 2 189 322 194 324
D 325 111 2 187 186 185 196
D 326 115 2 189 324 194 29
D 327 111 2 187 196 185 8
D 320 113 3 184 321 325 326 327 29
D 182 119 5 183 197 301 306 309 312 314 316 320 8
L 331 108 60
D 330 107 2 176 331 178 8
D 329 105 2 174 330 179 8
D 328 103 2 169 329 180 8
D 333 113 2 184 303 195 8
D 335 123 2 199 285 210 8
D 338 131 2 215 226 217 8
D 339 131 2 215 216 217 29
D 337 133 2 338 218 339 8
D 341 131 2 217 216 215 8
D 342 131 2 217 226 215 29
D 340 133 2 341 218 342 8
D 345 137 2 223 222 221 8
D 344 135 2 219 345 224 8
D 343 133 2 214 344 225 8
D 348 137 2 221 260 223 8
D 347 135 2 219 348 224 8
D 346 133 2 214 347 225 8
D 351 137 2 221 222 223 260
D 350 135 2 219 351 224 29
D 352 131 2 217 216 215 226
D 353 131 2 217 226 215 8
D 349 133 3 214 350 352 258 353 29
D 336 139 5 337 288 340 276 343 266 346 227 349 8
D 357 145 2 236 235 234 8
D 360 153 2 250 243 242 8
D 359 151 2 240 360 251 8
D 358 149 2 238 359 252 8
D 361 145 2 236 254 234 29
D 356 147 2 357 358 361 8
D 355 143 2 228 356 255 8
D 354 139 2 213 355 257 8
D 364 141 2 229 256 231 8
D 365 147 2 233 358 253 8
D 366 141 2 229 230 231 29
D 363 143 2 364 365 366 8
D 362 139 2 213 363 257 8
D 370 145 2 234 254 236 8
D 371 145 2 234 235 236 29
D 369 147 2 370 358 371 8
D 368 143 2 228 369 255 8
D 367 139 2 213 368 257 8
D 375 149 2 252 359 238 8
D 374 147 2 233 375 253 8
D 373 143 2 228 374 255 8
D 372 139 2 213 373 257 8
D 377 121 2 202 201 200 8
D 378 121 2 202 211 200 29
D 376 123 2 377 285 378 8
D 383 151 2 251 360 240 8
D 382 149 2 238 383 252 8
D 381 147 2 233 382 253 8
D 380 143 2 228 381 255 8
D 379 139 2 213 380 257 8
D 386 127 2 208 207 206 8
D 385 125 2 204 386 209 299
D 387 121 2 202 201 200 211
D 388 121 2 202 211 200 8
D 384 123 3 199 385 387 300 388 29
D 334 129 7 335 336 261 354 198 362 272 367 283 372 376 379 384 8
D 389 113 2 184 326 195 29
D 332 119 2 333 334 389 8
D 392 107 2 178 177 176 8
D 391 105 2 174 392 179 8
D 390 103 2 169 391 180 8
D 396 133 3 214 350 341 258 226 29
D 395 139 4 340 288 343 276 346 266 396 8
D 394 129 7 198 354 335 395 261 367 272 372 283 379 376 212 384 8
D 393 119 2 333 394 389 8
D 398 105 2 179 175 174 8
D 397 103 2 169 398 180 8
D 402 133 2 214 350 225 29
D 401 139 3 343 288 346 276 402 8
D 400 129 7 198 367 335 401 261 372 272 379 283 212 376 265 384 8
D 399 119 2 333 400 389 8
D 404 101 2 170 181 172 8
D 405 101 2 170 171 172 29
D 403 103 2 404 173 405 8
D 411 137 2 221 222 223 29
D 410 135 2 219 411 224 29
D 409 133 2 214 410 225 29
D 408 139 2 346 288 409 8
D 407 129 7 198 372 335 408 261 379 272 212 283 265 376 275 384 8
D 406 119 2 333 407 389 8
D 413 101 2 172 171 170 8
D 414 101 2 172 181 170 29
D 412 103 2 413 173 414 8
D 417 123 3 199 297 387 300 388 29
D 416 129 6 198 379 261 212 272 265 283 275 376 287 417 8
D 415 119 2 333 416 389 8
D 420 107 2 178 331 176 8
D 421 107 2 176 331 178 29
D 419 105 2 174 420 179 421
D 422 101 2 172 171 170 181
D 423 105 2 174 421 179 29
D 424 101 2 172 181 170 8
D 418 103 3 169 419 422 423 424 29
D 167 109 7 168 182 328 332 390 393 397 399 403 406 412 415 418 8
D 426 81 2 142 138 137 8
D 429 91 2 150 161 152 8
D 430 91 2 150 151 152 29
D 428 93 2 429 153 430 8
D 427 89 2 144 428 162 8
D 431 81 2 142 165 137 29
D 425 85 2 426 427 431 8
D 436 117 2 193 323 191 8
D 435 115 2 189 436 194 8
D 434 113 2 184 435 195 8
D 439 117 2 193 192 191 323
D 438 115 2 189 439 194 324
D 437 113 3 184 438 325 326 327 29
D 433 119 6 183 416 309 197 314 306 301 312 434 316 437 8
D 444 135 2 224 220 219 8
D 443 133 2 214 444 225 8
D 446 135 2 219 351 224 259
D 445 133 3 214 446 352 258 353 29
D 442 139 6 443 288 337 276 340 266 346 380 343 227 445 8
D 449 141 2 231 230 229 8
D 450 141 2 231 256 229 29
D 448 143 2 449 365 450 8
D 447 139 2 213 448 257 8
D 441 129 7 335 442 272 354 261 362 283 367 198 447 376 372 384 8
D 440 119 2 333 441 389 8
D 432 109 7 168 433 328 440 390 332 397 393 403 399 412 406 418 8
D 453 83 2 141 140 139 8
D 452 81 2 137 453 142 8
D 455 83 2 141 166 139 29
D 454 81 2 137 455 142 29
D 451 85 2 452 427 454 8
D 457 119 6 183 407 309 416 301 197 434 306 314 312 437 8
D 460 139 6 443 276 337 266 346 373 343 380 340 227 445 8
D 462 125 2 209 299 204 207
D 461 123 3 199 462 387 300 388 29
D 459 129 6 335 460 283 354 272 362 376 367 261 447 461 8
D 458 119 2 333 459 389 8
D 456 109 7 168 457 390 440 328 458 397 332 403 393 412 399 418 8
D 465 83 2 139 166 141 8
D 464 81 2 137 465 142 8
D 467 83 2 139 140 141 29
D 466 81 2 137 467 142 29
D 463 85 2 464 427 466 8
D 469 119 6 309 407 183 400 301 416 314 197 434 312 437 8
D 472 139 6 443 266 346 368 343 373 340 380 337 227 445 8
D 473 123 3 387 300 199 299 388 29
D 471 129 5 335 472 376 354 283 362 272 447 473 8
D 470 119 2 333 471 389 8
D 468 109 7 168 469 397 440 390 458 328 470 403 332 412 393 418 8
D 477 91 2 152 161 150 8
D 478 91 2 152 151 150 29
D 476 93 2 477 153 478 8
D 475 89 2 144 476 162 8
D 474 85 2 136 475 164 8
D 480 119 6 301 407 309 400 183 394 314 416 434 197 437 8
D 483 139 6 346 355 343 368 340 373 337 380 443 227 445 8
D 485 121 2 202 201 200 29
D 484 123 2 485 300 388 29
D 482 129 4 376 362 335 483 283 447 484 8
D 481 119 2 333 482 389 8
D 479 109 7 168 480 403 440 397 458 390 470 328 481 412 332 418 8
D 488 87 2 147 146 145 8
D 489 87 2 147 163 145 29
D 487 89 2 488 428 489 8
D 486 85 2 136 487 164 8
D 491 119 6 314 407 301 400 309 394 183 334 434 416 437 8
D 494 139 6 343 355 340 368 337 373 443 380 346 363 445 8
D 495 123 2 201 300 211 29
D 493 129 3 376 447 335 494 495 8
D 492 119 2 333 493 389 8
D 490 109 7 168 491 412 440 403 458 397 470 390 481 328 492 418 8
D 498 87 2 145 163 147 8
D 499 87 2 145 146 147 29
D 497 89 2 498 428 499 8
D 496 85 2 136 497 164 8
D 501 119 6 434 407 314 400 301 394 309 334 183 441 437 8
D 504 139 6 340 355 337 368 443 373 343 363 346 448 445 8
D 505 123 2 199 300 210 29
D 503 129 2 335 504 505 8
D 502 119 2 333 503 389 8
D 500 109 7 412 458 168 501 403 470 397 481 390 492 328 502 418 8
D 509 95 2 159 155 154 8
D 508 93 2 429 509 430 8
D 507 89 2 144 508 162 8
D 506 85 2 136 507 164 8
D 511 119 6 434 400 314 394 301 334 309 441 183 459 437 8
D 517 137 2 223 260 221 29
D 516 135 2 219 517 224 259
D 515 133 3 214 516 352 258 353 29
D 514 139 5 337 355 443 368 340 363 343 448 515 8
D 513 129 2 335 514 505 8
D 512 119 2 333 513 389 8
D 510 109 7 412 470 168 511 403 481 397 492 390 502 328 512 418 8
D 522 97 2 158 157 156 8
D 521 95 2 154 522 159 8
D 520 93 2 429 521 430 8
D 519 89 2 144 520 162 8
D 518 85 2 136 519 164 8
D 524 119 6 434 394 314 334 301 441 309 459 183 471 437 8
D 529 135 2 224 259 219 29
D 528 133 3 352 258 214 529 353 29
D 527 139 4 443 355 337 363 340 448 528 8
D 526 129 2 335 527 505 8
D 525 119 2 333 526 389 8
D 523 109 7 412 481 168 524 403 492 397 502 390 512 328 525 418 8
L 535 98 50
D 534 97 2 156 535 158 8
D 533 95 2 154 534 159 8
D 532 93 2 429 533 430 8
D 531 89 2 144 532 162 8
D 530 85 2 136 531 164 8
D 537 119 6 434 334 314 441 301 459 309 471 183 482 437 8
D 541 133 3 338 258 214 529 217 29
D 540 139 3 443 363 337 448 541 8
D 539 129 2 335 540 505 8
D 538 119 2 333 539 389 8
D 536 109 7 412 492 168 537 403 502 397 512 390 525 328 538 418 8
D 544 83 2 141 140 139 166
D 543 81 2 137 544 142 138
D 548 97 2 156 535 158 29
D 547 95 2 154 548 159 29
D 546 93 2 429 547 430 29
D 545 89 2 144 546 162 29
D 550 87 2 147 146 145 163
D 552 91 2 152 161 150 151
D 554 97 2 156 157 158 535
D 553 95 2 159 548 154 554
D 555 91 2 152 151 150 8
D 551 93 3 552 547 429 553 555 29
D 556 87 2 147 163 145 8
D 549 89 3 550 546 144 551 556 29
D 558 83 2 141 166 139 8
D 557 81 2 137 558 142 165
D 542 85 3 543 545 136 549 557 29
D 134 99 11 135 167 425 432 451 456 463 468 474 479 486 490 496 500 506 510 518 523 530 536 542 8
D 561 63 2 108 107 106 8
D 560 61 2 104 561 109 8
D 564 71 2 117 128 119 8
D 565 71 2 117 118 119 29
D 563 73 2 564 120 565 8
D 562 69 2 111 563 129 8
D 567 63 2 108 133 106 29
D 566 61 2 104 567 109 29
D 559 65 2 560 562 566 8
D 570 119 6 434 441 314 459 301 471 309 482 183 493 437 8
D 574 133 2 214 529 225 29
D 573 139 2 443 448 574 8
D 572 129 2 335 573 505 8
D 571 119 2 333 572 389 8
D 569 109 7 412 502 168 570 403 512 397 525 390 538 328 571 418 8
D 568 99 11 135 432 425 456 451 468 463 479 474 490 486 500 496 510 506 523 518 536 530 569 542 8
D 577 63 2 106 133 108 8
D 576 61 2 104 577 109 8
D 579 63 2 106 107 108 29
D 578 61 2 104 579 109 29
D 575 65 2 576 562 578 8
D 582 119 6 434 459 314 471 301 482 309 493 183 503 437 8
D 584 105 2 179 421 174 331
D 583 103 3 169 584 422 423 424 29
D 581 109 6 412 512 168 582 403 525 397 538 390 571 583 8
D 580 99 11 135 456 425 468 451 479 463 490 474 500 486 510 496 523 506 536 518 569 530 581 542 8
D 586 61 2 109 105 104 8
D 587 61 2 109 132 104 29
D 585 65 2 586 562 587 8
D 590 119 6 434 471 314 482 301 493 309 503 183 513 437 8
D 591 103 3 422 423 169 421 424 29
D 589 109 5 412 525 168 590 403 538 397 571 591 8
D 588 99 11 135 468 425 479 451 490 463 500 474 510 486 523 496 536 506 569 518 581 530 589 542 8
D 595 71 2 119 128 117 8
D 596 71 2 119 118 117 29
D 594 73 2 595 120 596 8
D 593 69 2 111 594 129 8
D 592 65 2 103 593 131 8
D 599 119 6 434 482 314 493 301 503 309 513 183 526 437 8
D 601 101 2 172 171 170 29
D 600 103 2 601 423 424 29
D 598 109 4 412 538 168 599 403 571 600 8
D 597 99 11 135 479 425 490 451 500 463 510 474 523 486 536 496 569 506 581 518 589 530 598 542 8
D 604 67 2 114 113 112 8
D 605 67 2 114 130 112 29
D 603 69 2 604 563 605 8
D 602 65 2 103 603 131 8
D 608 119 6 434 493 314 503 301 513 309 526 183 539 437 8
D 609 103 2 171 423 181 29
D 607 109 3 412 571 168 608 609 8
D 606 99 11 135 490 425 500 451 510 463 523 474 536 486 569 496 581 506 589 518 598 530 607 542 8
D 612 67 2 112 130 114 8
D 613 67 2 112 113 114 29
D 611 69 2 612 563 613 8
D 610 65 2 103 611 131 8
D 616 119 6 434 503 314 513 301 526 309 539 183 572 437 8
D 617 103 2 169 423 180 29
D 615 109 2 168 616 617 8
D 614 99 11 135 500 425 510 451 523 463 536 474 569 486 581 496 589 506 598 518 607 530 615 542 8
D 621 75 2 126 122 121 8
D 620 73 2 564 621 565 8
D 619 69 2 111 620 129 8
D 618 65 2 103 619 131 8
D 627 117 2 193 192 191 29
D 626 115 2 194 324 189 627
D 625 113 3 184 626 325 326 327 29
D 624 119 5 434 513 314 526 301 539 309 572 625 8
D 623 109 2 168 624 617 8
D 622 99 11 135 510 425 523 451 536 463 569 474 581 486 589 496 598 506 607 518 615 530 623 542 8
D 632 77 2 125 124 123 8
D 631 75 2 121 632 126 8
D 630 73 2 564 631 565 8
D 629 69 2 111 630 129 8
D 628 65 2 103 629 131 8
D 636 113 3 184 626 302 326 196 29
D 635 119 4 434 526 314 539 301 572 636 8
D 634 109 2 168 635 617 8
D 633 99 11 135 523 425 536 451 569 463 581 474 589 486 598 496 607 506 615 518 623 530 634 542 8
L 642 78 40
D 641 77 2 123 642 125 8
D 640 75 2 121 641 126 8
D 639 73 2 564 640 565 8
D 638 69 2 111 639 129 8
D 637 65 2 103 638 131 8
D 646 113 2 184 626 195 29
D 645 119 3 434 539 314 572 646 8
D 644 109 2 168 645 617 8
D 643 99 11 135 536 425 569 451 581 463 589 474 598 486 607 496 615 506 623 518 634 530 644 542 8
D 649 63 2 108 107 106 133
D 648 61 2 104 649 109 105
D 653 77 2 123 642 125 29
D 652 75 2 121 653 126 29
D 651 73 2 564 652 565 29
D 650 69 2 111 651 129 29
D 655 67 2 114 113 112 130
D 657 71 2 119 128 117 118
D 659 77 2 123 124 125 642
D 658 75 2 126 653 121 659
D 660 71 2 119 118 117 8
D 656 73 3 657 652 564 658 660 29
D 661 67 2 114 130 112 8
D 654 69 3 655 651 111 656 661 29
D 663 63 2 108 133 106 8
D 662 61 2 104 663 109 132
D 647 65 3 648 650 103 654 662 29
D 101 79 11 102 134 559 568 575 580 585 588 592 597 602 606 610 614 618 622 628 633 637 643 647 8
D 666 43 2 75 74 73 8
D 665 41 2 71 666 76 8
D 669 51 2 84 95 86 8
D 670 51 2 84 85 86 29
D 668 53 2 669 87 670 8
D 667 49 2 78 668 96 8
D 672 43 2 75 100 73 29
D 671 41 2 71 672 76 29
D 664 45 2 665 667 671 8
D 678 115 2 189 627 194 29
D 677 113 2 184 678 195 29
D 676 119 2 434 572 677 8
D 675 109 2 168 676 617 8
D 674 99 11 135 569 425 581 451 589 463 598 474 607 486 615 496 623 506 634 518 644 530 675 542 8
D 673 79 11 102 568 559 580 575 588 585 597 592 606 602 614 610 622 618 633 628 643 637 674 647 8
D 681 43 2 73 100 75 8
D 680 41 2 71 681 76 8
D 683 43 2 73 74 75 29
D 682 41 2 71 683 76 29
D 679 45 2 680 667 682 8
D 690 97 2 158 535 156 29
D 689 95 2 154 690 159 548
D 688 93 3 429 689 552 547 555 29
D 687 89 3 144 688 550 546 556 29
D 686 85 3 136 687 543 545 557 29
D 685 99 10 135 581 425 589 451 598 463 607 474 615 486 623 496 634 506 644 518 675 686 8
D 684 79 11 102 580 559 588 575 597 585 606 592 614 602 622 610 633 618 643 628 674 637 685 647 8
D 692 41 2 76 72 71 8
D 693 41 2 76 99 71 29
D 691 45 2 692 667 693 8
D 699 95 2 159 548 154 29
D 698 93 3 429 699 552 547 555 29
D 697 89 3 144 698 550 546 556 29
D 696 85 3 136 697 543 545 557 29
D 695 99 9 135 589 425 598 451 607 463 615 474 623 486 634 496 644 506 675 696 8
D 694 79 11 102 588 559 597 575 606 585 614 592 622 602 633 610 643 618 674 628 685 637 695 647 8
D 703 51 2 86 95 84 8
D 704 51 2 86 85 84 29
D 702 53 2 703 87 704 8
D 701 49 2 78 702 96 8
D 700 45 2 70 701 98 8
D 710 91 2 150 161 152 151
D 709 93 2 552 547 710 29
D 708 89 3 144 709 550 546 556 29
D 707 85 3 136 708 543 545 557 29
D 706 99 8 135 598 425 607 451 615 463 623 474 634 486 644 496 675 707 8
D 705 79 11 102 597 559 606 575 614 585 622 592 633 602 643 610 674 618 685 628 695 637 706 647 8
D 713 47 2 81 80 79 8
D 714 47 2 81 97 79 29
D 712 49 2 713 668 714 8
D 711 45 2 70 712 98 8
D 718 89 3 144 709 488 546 163 29
D 717 85 3 136 718 543 545 557 29
D 716 99 7 135 607 425 615 451 623 463 634 474 644 486 675 717 8
D 715 79 11 102 606 559 614 575 622 585 633 592 643 602 674 610 685 618 695 628 706 637 716 647 8
D 721 47 2 79 97 81 8
D 722 47 2 79 80 81 29
D 720 49 2 721 668 722 8
D 719 45 2 70 720 98 8
D 726 89 2 144 709 162 29
D 725 85 3 136 726 543 545 557 29
D 724 99 6 135 615 425 623 451 634 463 644 474 675 725 8
D 723 79 11 102 614 559 622 575 633 585 643 592 674 602 685 610 695 618 706 628 716 637 724 647 8
D 730 55 2 93 89 88 8
D 729 53 2 669 730 670 8
D 728 49 2 78 729 96 8
D 727 45 2 70 728 98 8
D 735 93 2 149 547 160 29
D 734 89 2 144 735 162 29
D 733 85 3 136 734 543 545 557 29
D 732 99 5 135 623 425 634 451 644 463 675 733 8
D 731 79 11 102 622 559 633 575 643 585 674 592 685 602 695 610 706 618 716 628 724 637 732 647 8
D 740 57 2 92 91 90 8
D 739 55 2 88 740 93 8
D 738 53 2 669 739 670 8
D 737 49 2 78 738 96 8
D 736 45 2 70 737 98 8
D 744 81 2 137 453 142 138
D 745 81 2 142 165 137 166
D 743 85 3 136 734 744 545 745 29
D 742 99 4 135 634 425 644 451 675 743 8
D 741 79 11 102 633 559 643 575 674 585 685 592 695 602 706 610 716 618 724 628 732 637 742 647 8
L 751 58 30
D 750 57 2 90 751 92 8
D 749 55 2 88 750 93 8
D 748 53 2 669 749 670 8
D 747 49 2 78 748 96 8
D 746 45 2 70 747 98 8
D 754 85 3 136 734 426 545 165 29
D 753 99 3 135 644 425 675 754 8
D 752 79 11 102 643 559 674 575 685 585 695 592 706 602 716 610 724 618 732 628 742 637 753 647 8
D 757 43 2 75 74 73 100
D 756 41 2 71 757 76 72
D 761 57 2 90 751 92 29
D 760 55 2 88 761 93 29
D 759 53 2 669 760 670 29
D 758 49 2 78 759 96 29
D 763 47 2 81 80 79 97
D 765 51 2 86 95 84 85
D 767 57 2 90 91 92 751
D 766 55 2 93 761 88 767
D 768 51 2 86 85 84 8
D 764 53 3 765 760 669 766 768 29
D 769 47 2 81 97 79 8
D 762 49 3 763 759 78 764 769 29
D 771 43 2 75 100 73 8
D 770 41 2 71 771 76 99
D 755 45 3 756 758 70 762 770 29
D 68 59 11 69 101 664 673 679 684 691 694 700 705 711 715 719 723 727 731 736 741 746 752 755 8
D 774 23 2 42 41 40 8
D 773 21 2 38 774 43 8
D 777 31 2 51 62 53 8
D 778 31 2 51 52 53 29
D 776 33 2 777 54 778 8
D 775 29 2 45 776 63 8
D 780 23 2 42 67 40 29
D 779 21 2 38 780 43 29
D 772 25 2 773 775 779 8
D 784 85 2 136 734 164 29
D 783 99 2 135 675 784 8
D 782 79 11 102 674 559 685 575 695 585 706 592 716 602 724 610 732 618 742 628 753 637 783 647 8
D 781 59 11 69 673 664 684 679 694 691 705 700 715 711 723 719 731 727 741 736 752 746 782 755 8
D 787 23 2 40 67 42 8
D 786 21 2 38 787 43 8
D 789 23 2 40 41 42 29
D 788 21 2 38 789 43 29
D 785 25 2 786 775 788 8
D 796 77 2 125 642 123 29
D 795 75 2 121 796 126 653
D 794 73 3 564 795 657 652 660 29
D 793 69 3 111 794 655 651 661 29
D 792 65 3 103 793 648 650 662 29
D 791 79 10 102 685 559 695 575 706 585 716 592 724 602 732 610 742 618 753 628 783 792 8
D 790 59 11 69 684 664 694 679 705 691 715 700 723 711 731 719 741 727 752 736 782 746 791 755 8
D 798 21 2 43 39 38 8
D 799 21 2 43 66 38 29
D 797 25 2 798 775 799 8
D 805 75 2 126 653 121 29
D 804 73 3 564 805 657 652 660 29
D 803 69 3 111 804 655 651 661 29
D 802 65 3 103 803 648 650 662 29
D 801 79 9 102 695 559 706 575 716 585 724 592 732 602 742 610 753 618 783 802 8
D 800 59 11 69 694 664 705 679 715 691 723 700 731 711 741 719 752 727 782 736 791 746 801 755 8
D 809 31 2 53 62 51 8
D 810 31 2 53 52 51 29
D 808 33 2 809 54 810 8
D 807 29 2 45 808 63 8
D 806 25 2 37 807 65 8
D 816 71 2 117 128 119 118
D 815 73 2 657 652 816 29
D 814 69 3 111 815 655 651 661 29
D 813 65 3 103 814 648 650 662 29
D 812 79 8 102 706 559 716 575 724 585 732 592 742 602 753 610 783 813 8
D 811 59 11 69 705 664 715 679 723 691 731 700 741 711 752 719 782 727 791 736 801 746 812 755 8
D 819 27 2 48 47 46 8
D 820 27 2 48 64 46 29
D 818 29 2 819 776 820 8
D 817 25 2 37 818 65 8
D 824 69 3 111 815 604 651 130 29
D 823 65 3 103 824 648 650 662 29
D 822 79 7 102 716 559 724 575 732 585 742 592 753 602 783 823 8
D 821 59 11 69 715 664 723 679 731 691 741 700 752 711 782 719 791 727 801 736 812 746 822 755 8
D 827 27 2 46 64 48 8
D 828 27 2 46 47 48 29
D 826 29 2 827 776 828 8
D 825 25 2 37 826 65 8
D 832 69 2 111 815 129 29
D 831 65 3 103 832 648 650 662 29
D 830 79 6 102 724 559 732 575 742 585 753 592 783 831 8
D 829 59 11 69 723 664 731 679 741 691 752 700 782 711 791 719 801 727 812 736 822 746 830 755 8
D 836 35 2 60 56 55 8
D 835 33 2 777 836 778 8
D 834 29 2 45 835 63 8
D 833 25 2 37 834 65 8
D 841 73 2 116 652 127 29
D 840 69 2 111 841 129 29
D 839 65 3 103 840 648 650 662 29
D 838 79 5 102 732 559 742 575 753 585 783 839 8
D 837 59 11 69 731 664 741 679 752 691 782 700 791 711 801 719 812 727 822 736 830 746 838 755 8
D 846 37 2 59 58 57 8
D 845 35 2 55 846 60 8
D 844 33 2 777 845 778 8
D 843 29 2 45 844 63 8
D 842 25 2 37 843 65 8
D 850 61 2 104 649 109 8
D 851 61 2 104 663 109 29
D 849 65 3 103 840 850 650 851 29
D 848 79 4 102 742 559 753 575 783 849 8
D 847 59 11 69 741 664 752 679 782 691 791 700 801 711 812 719 822 727 830 736 838 746 848 755 8
L 857 38 20
D 856 37 2 57 857 59 8
D 855 35 2 55 856 60 8
D 854 33 2 777 855 778 8
D 853 29 2 45 854 63 8
D 852 25 2 37 853 65 8
D 861 61 2 104 133 109 29
D 860 65 3 103 840 560 650 861 29
D 859 79 3 102 753 559 783 860 8
D 858 59 11 69 752 664 782 679 791 691 801 700 812 711 822 719 830 727 838 736 848 746 859 755 8
D 864 23 2 42 41 40 67
D 863 21 2 38 864 43 39
D 868 37 2 57 857 59 29
D 867 35 2 55 868 60 29
D 866 33 2 777 867 778 29
D 865 29 2 45 866 63 29
D 870 27 2 48 47 46 64
D 872 31 2 53 62 51 52
D 874 37 2 57 58 59 857
D 873 35 2 60 868 55 874
D 875 31 2 53 52 51 8
D 871 33 3 872 867 777 873 875 29
D 876 27 2 48 64 46 8
D 869 29 3 870 866 45 871 876 29
D 878 23 2 42 67 40 8
D 877 21 2 38 878 43 66
D 862 25 3 863 865 37 869 877 29
D 35 39 11 36 68 772 781 785 790 797 800 806 811 817 821 825 829 833 837 842 847 852 858 862 8
D 881 3 2 7 6 5 8
D 880 1 2 3 881 9 8
D 884 11 2 17 28 19 8
D 885 11 2 17 18 19 29
D 883 13 2 884 20 885 8
D 882 9 2 11 883 30 8
D 887 3 2 7 34 5 29
D 886 1 2 3 887 9 29
D 879 5 2 880 882 886 8
D 891 65 2 103 840 131 29
D 890 79 2 102 783 891 8
D 889 59 11 69 782 664 791 679 801 691 812 700 822 711 830 719 838 727 848 736 859 746 890 755 8
D 888 39 11 36 781 772 790 785 800 797 811 806 821 817 829 825 837 833 847 842 858 852 889 862 8
D 894 3 2 5 34 7 8
D 893 1 2 3 894 9 8
D 896 3 2 5 6 7 29
D 895 1 2 3 896 9 29
D 892 5 2 893 882 895 8
D 903 57 2 92 751 90 29
D 902 55 2 88 903 93 761
D 901 53 3 669 902 765 760 768 29
D 900 49 3 78 901 763 759 769 29
D 899 45 3 70 900 756 758 770 29
D 898 59 10 69 791 664 801 679 812 691 822 700 830 711 838 719 848 727 859 736 890 899 8
D 897 39 11 36 790 772 800 785 811 797 821 806 829 817 837 825 847 833 858 842 889 852 898 862 8
D 905 1 2 9 4 3 8
D 906 1 2 9 33 3 29
D 904 5 2 905 882 906 8
D 912 55 2 93 761 88 29
D 911 53 3 669 912 765 760 768 29
D 910 49 3 78 911 763 759 769 29
D 909 45 3 70 910 756 758 770 29
D 908 59 9 69 801 664 812 679 822 691 830 700 838 711 848 719 859 727 890 909 8
D 907 39 11 36 800 772 811 785 821 797 829 806 837 817 847 825 858 833 889 842 898 852 908 862 8
D 916 11 2 19 28 17 8
D 917 11 2 19 18 17 29
D 915 13 2 916 20 917 8
D 914 9 2 11 915 30 8
D 913 5 2 2 914 32 8
D 923 51 2 84 95 86 85
D 922 53 2 765 760 923 29
D 921 49 3 78 922 763 759 769 29
D 920 45 3 70 921 756 758 770 29
D 919 59 8 69 812 664 822 679 830 691 838 700 848 711 859 719 890 920 8
D 918 39 11 36 811 772 821 785 829 797 837 806 847 817 858 825 889 833 898 842 908 852 919 862 8
D 926 7 2 14 13 12 8
D 927 7 2 14 31 12 29
D 925 9 2 926 883 927 8
D 924 5 2 2 925 32 8
D 931 49 3 78 922 713 759 97 29
D 930 45 3 70 931 756 758 770 29
D 929 59 7 69 822 664 830 679 838 691 848 700 859 711 890 930 8
D 928 39 11 36 821 772 829 785 837 797 847 806 858 817 889 825 898 833 908 842 919 852 929 862 8
D 934 7 2 12 31 14 8
D 935 7 2 12 13 14 29
D 933 9 2 934 883 935 8
D 932 5 2 2 933 32 8
D 939 49 2 78 922 96 29
D 938 45 3 70 939 756 758 770 29
D 937 59 6 69 830 664 838 679 848 691 859 700 890 938 8
D 936 39 11 36 829 772 837 785 847 797 858 806 889 817 898 825 908 833 919 842 929 852 937 862 8
D 943 15 2 26 22 21 8
D 942 13 2 884 943 885 8
D 941 9 2 11 942 30 8
D 940 5 2 2 941 32 8
D 948 53 2 83 760 94 29
D 947 49 2 78 948 96 29
D 946 45 3 70 947 756 758 770 29
D 945 59 5 69 838 664 848 679 859 691 890 946 8
D 944 39 11 36 837 772 847 785 858 797 889 806 898 817 908 825 919 833 929 842 937 852 945 862 8
D 953 17 2 25 24 23 8
D 952 15 2 21 953 26 8
D 951 13 2 884 952 885 8
D 950 9 2 11 951 30 8
D 949 5 2 2 950 32 8
D 957 41 2 71 757 76 8
D 958 41 2 71 771 76 29
D 956 45 3 70 947 957 758 958 29
D 955 59 4 69 848 664 859 679 890 956 8
D 954 39 11 36 847 772 858 785 889 797 898 806 908 817 919 825 929 833 937 842 945 852 955 862 8
L 964 18 10
D 963 17 2 23 964 25 8
D 962 15 2 21 963 26 8
D 961 13 2 884 962 885 8
D 960 9 2 11 961 30 8
D 959 5 2 2 960 32 8
D 968 41 2 71 100 76 29
D 967 45 3 70 947 665 758 968 29
D 966 59 3 69 859 664 890 967 8
D 965 39 11 36 858 772 889 785 898 797 908 806 919 817 929 825 937 833 945 842 955 852 966 862 8
D 973 17 2 23 24 25 964
D 974 17 2 23 964 25 29
D 972 15 2 21 973 26 974
D 975 11 2 19 28 17 18
D 976 15 2 21 974 26 29
D 977 11 2 19 18 17 8
D 971 13 3 884 972 975 976 977 29
D 978 7 2 14 13 12 31
D 979 13 2 884 976 885 29
D 980 7 2 14 31 12 8
D 970 9 3 11 971 978 979 980 29
D 982 3 2 7 6 5 34
D 981 1 2 3 982 9 4
D 983 9 2 11 979 30 29
D 985 3 2 7 34 5 8
D 984 1 2 3 985 9 33
D 969 5 3 2 970 981 983 984 29
D 0 19 11 1 35 879 888 892 897 904 907 913 918 924 928 932 936 940 944 949 954 959 965 969 8
