c ids of sdd nodes start at 0
c sdd nodes appear bottom-up, children before parents
c
c file syntax:
c sdd count-of-sdd-nodes
c F id-of-false-sdd-node
c T id-of-true-sdd-node
c L id-of-literal-sdd-node id-of-vtree literal
c D id-of-decomposition-sdd-node id-of-vtree number-of-elements {id-of-prime id-of-sub}*
c
sdd 459
L 3 0 -4
L 5 2 -2
L 6 4 -3
L 7 2 2
F 8
D 4 3 2 5 6 7 8
L 9 0 4
D 2 1 2 3 4 9 8
L 12 6 -6
L 13 8 -7
L 14 6 6
D 11 7 2 12 13 14 8
L 17 10 -5
L 18 12 1
L 19 10 5
D 16 11 2 17 18 19 8
L 21 14 -8
L 23 16 -9
L 24 18 -10
L 25 16 9
D 22 17 2 23 24 25 8
L 26 14 8
D 20 15 2 21 22 26 8
L 28 12 -1
T 29
D 27 11 2 17 28 19 29
D 15 13 2 16 20 27 8
L 31 8 7
D 30 7 2 12 31 14 29
D 10 9 2 11 15 30 8
L 34 4 3
D 33 3 2 5 34 7 29
D 32 1 2 3 33 9 29
D 1 5 2 2 10 32 8
L 38 20 -14
L 40 22 -12
L 41 24 -13
L 42 22 12
D 39 23 2 40 41 42 8
L 43 20 14
D 37 21 2 38 39 43 8
L 46 26 -16
L 47 28 -17
L 48 26 16
D 45 27 2 46 47 48 8
L 51 30 -15
L 52 32 11
L 53 30 15
D 50 31 2 51 52 53 8
L 55 34 -18
L 57 36 -19
L 58 38 -20
L 59 36 19
D 56 37 2 57 58 59 8
L 60 34 18
D 54 35 2 55 56 60 8
L 62 32 -11
D 61 31 2 51 62 53 29
D 49 33 2 50 54 61 8
L 64 28 17
D 63 27 2 46 64 48 29
D 44 29 2 45 49 63 8
L 67 24 13
D 66 23 2 40 67 42 29
D 65 21 2 38 66 43 29
D 36 25 2 37 44 65 8
L 71 40 -24
L 73 42 -22
L 74 44 -23
L 75 42 22
D 72 43 2 73 74 75 8
L 76 40 24
D 70 41 2 71 72 76 8
L 79 46 -26
L 80 48 -27
L 81 46 26
D 78 47 2 79 80 81 8
L 84 50 -25
L 85 52 21
L 86 50 25
D 83 51 2 84 85 86 8
L 88 54 -28
L 90 56 -29
L 91 58 -30
L 92 56 29
D 89 57 2 90 91 92 8
L 93 54 28
D 87 55 2 88 89 93 8
L 95 52 -21
D 94 51 2 84 95 86 29
D 82 53 2 83 87 94 8
L 97 48 27
D 96 47 2 79 97 81 29
D 77 49 2 78 82 96 8
L 100 44 23
D 99 43 2 73 100 75 29
D 98 41 2 71 99 76 29
D 69 45 2 70 77 98 8
L 104 60 -34
L 106 62 -32
L 107 64 -33
L 108 62 32
D 105 63 2 106 107 108 8
L 109 60 34
D 103 61 2 104 105 109 8
L 112 66 -36
L 113 68 -37
L 114 66 36
D 111 67 2 112 113 114 8
L 117 70 -35
L 118 72 31
L 119 70 35
D 116 71 2 117 118 119 8
L 121 74 -38
L 123 76 -39
L 124 78 -40
L 125 76 39
D 122 77 2 123 124 125 8
L 126 74 38
D 120 75 2 121 122 126 8
L 128 72 -31
D 127 71 2 117 128 119 29
D 115 73 2 116 120 127 8
L 130 68 37
D 129 67 2 112 130 114 29
D 110 69 2 111 115 129 8
L 133 64 33
D 132 63 2 106 133 108 29
D 131 61 2 104 132 109 29
D 102 65 2 103 110 131 8
L 137 80 -42
L 139 82 -43
L 140 84 -44
L 141 82 43
D 138 83 2 139 140 141 8
L 142 80 42
D 136 81 2 137 138 142 8
L 145 86 -46
L 146 88 -47
L 147 86 46
D 144 87 2 145 146 147 8
L 150 90 -45
L 151 92 41
L 152 90 45
D 149 91 2 150 151 152 8
L 154 94 -48
L 156 96 -49
L 157 98 -50
L 158 96 49
D 155 97 2 156 157 158 8
L 159 94 48
D 153 95 2 154 155 159 8
L 161 92 -41
D 160 91 2 150 161 152 29
D 148 93 2 149 153 160 8
L 163 88 47
D 162 87 2 145 163 147 29
D 143 89 2 144 148 162 8
L 166 84 44
D 165 83 2 139 166 141 29
D 164 81 2 137 165 142 29
D 135 85 2 136 143 164 8
L 170 100 -56
L 171 102 -57
L 172 100 56
D 169 101 2 170 171 172 8
L 174 104 -58
L 176 106 -59
L 177 108 -60
L 178 106 59
D 175 107 2 176 177 178 8
L 179 104 58
D 173 105 2 174 175 179 8
L 181 102 57
D 180 101 2 170 181 172 29
D 168 103 2 169 173 180 8
L 185 110 -53
L 186 112 -54
L 187 110 53
D 184 111 2 185 186 187 8
L 189 114 -52
L 191 116 -55
L 192 118 51
L 193 116 55
D 190 117 2 191 192 193 8
L 194 114 52
D 188 115 2 189 190 194 8
L 196 112 54
D 195 111 2 185 196 187 29
D 183 113 2 184 188 195 8
L 200 120 -76
L 201 122 -77
L 202 120 76
D 199 121 2 200 201 202 8
L 204 124 -78
L 206 126 -79
L 207 128 -80
L 208 126 79
D 205 127 2 206 207 208 8
L 209 124 78
D 203 125 2 204 205 209 8
L 211 122 77
D 210 121 2 200 211 202 29
D 198 123 2 199 203 210 8
L 215 130 -73
L 216 132 -72
L 217 130 73
D 214 131 2 215 216 217 8
L 219 134 71
L 221 136 -74
L 222 138 -75
L 223 136 74
D 220 137 2 221 222 223 8
L 224 134 -71
D 218 135 2 219 220 224 8
L 226 132 72
D 225 131 2 215 226 217 29
D 213 133 2 214 218 225 8
L 229 140 -61
L 230 142 -62
L 231 140 61
D 228 141 2 229 230 231 8
L 234 144 63
L 235 146 -64
L 236 144 -63
D 233 145 2 234 235 236 8
L 238 148 -65
L 240 150 -66
L 242 152 -67
L 244 154 -68
L 246 156 -69
L 247 158 -70
L 248 156 69
D 245 157 2 246 247 248 8
L 249 154 68
D 243 155 2 244 245 249 8
L 250 152 67
D 241 153 2 242 243 250 8
L 251 150 66
D 239 151 2 240 241 251 8
L 252 148 65
D 237 149 2 238 239 252 8
L 254 146 64
D 253 145 2 234 254 236 29
D 232 147 2 233 237 253 8
L 256 142 62
D 255 141 2 229 256 231 29
D 227 143 2 228 232 255 8
D 258 131 2 215 226 217 8
D 259 135 2 224 220 219 8
D 260 131 2 215 216 217 29
D 257 133 2 258 259 260 8
D 262 141 2 229 256 231 8
D 264 145 2 236 235 234 8
D 265 145 2 236 254 234 29
D 263 147 2 264 237 265 8
D 266 141 2 229 230 231 29
D 261 143 2 262 263 266 8
D 268 131 2 217 216 215 8
D 269 131 2 217 226 215 29
D 267 133 2 268 259 269 8
D 271 141 2 231 230 229 8
D 272 141 2 231 256 229 29
D 270 143 2 271 263 272 8
D 274 131 2 217 216 215 226
L 277 138 75
D 276 137 2 221 277 223 29
D 275 135 2 224 276 219 29
D 278 135 2 219 276 224 29
D 279 131 2 217 226 215 8
D 273 133 3 274 275 214 278 279 29
D 212 139 4 213 227 257 261 267 270 273 8
L 283 128 80
D 282 127 2 206 283 208 29
D 281 125 2 204 282 209 29
D 280 123 2 199 281 210 29
D 197 129 2 198 212 280 8
L 287 118 -51
D 286 117 2 191 287 193 8
D 285 115 2 194 286 189 8
D 284 113 2 184 285 195 8
D 290 133 3 258 275 214 278 217 29
D 289 139 3 213 261 257 270 290 8
D 288 129 2 198 289 280 8
D 292 111 2 187 186 185 8
D 293 115 2 189 286 194 8
D 294 111 2 187 196 185 29
D 291 113 2 292 293 294 8
D 297 133 2 214 278 225 29
D 296 139 2 213 270 297 8
D 295 129 2 198 296 280 8
D 300 117 2 191 192 193 29
D 301 117 2 191 287 193 29
D 299 115 2 194 300 189 301
D 302 115 2 189 300 194 29
D 298 113 3 184 299 292 302 196 29
D 182 119 4 183 197 284 288 291 295 298 8
L 306 108 60
D 305 107 2 176 306 178 29
D 304 105 2 174 305 179 29
D 303 103 2 169 304 180 29
D 167 109 2 168 182 303 8
D 308 81 2 142 138 137 8
D 311 91 2 150 161 152 8
D 312 91 2 150 151 152 29
D 310 93 2 311 153 312 8
D 309 89 2 144 310 162 8
D 313 81 2 142 165 137 29
D 307 85 2 308 309 313 8
D 316 113 2 184 299 195 29
D 315 119 3 183 288 284 295 316 8
D 314 109 2 168 315 303 8
D 319 83 2 141 140 139 8
D 318 81 2 137 319 142 8
D 321 83 2 141 166 139 29
D 320 81 2 137 321 142 29
D 317 85 2 318 309 320 8
D 325 115 2 189 301 194 29
D 324 113 2 184 325 195 29
D 323 119 2 183 295 324 8
D 322 109 2 168 323 303 8
L 331 98 50
D 330 97 2 156 331 158 29
D 329 95 2 154 330 159 29
D 328 93 2 149 329 160 29
D 327 89 2 144 328 162 29
D 332 81 2 137 319 142 138
D 334 93 2 311 329 312 29
D 333 89 2 144 334 162 29
D 335 81 2 142 165 137 166
D 326 85 3 136 327 332 333 335 29
D 134 99 4 135 167 307 314 317 322 326 8
D 338 63 2 108 107 106 8
D 337 61 2 104 338 109 8
D 341 71 2 117 128 119 8
D 342 71 2 117 118 119 29
D 340 73 2 341 120 342 8
D 339 69 2 111 340 129 8
D 344 63 2 108 133 106 29
D 343 61 2 104 344 109 29
D 336 65 2 337 339 343 8
D 346 85 3 136 327 308 333 165 29
D 345 99 3 135 314 307 322 346 8
D 349 63 2 106 133 108 8
D 348 61 2 104 349 109 8
D 351 63 2 106 107 108 29
D 350 61 2 104 351 109 29
D 347 65 2 348 339 350 8
D 353 85 2 136 327 164 29
D 352 99 2 135 322 353 8
L 359 78 40
D 358 77 2 123 359 125 29
D 357 75 2 121 358 126 29
D 356 73 2 116 357 127 29
D 355 69 2 111 356 129 29
D 361 63 2 108 107 106 133
D 360 61 2 104 361 109 8
D 363 73 2 341 357 342 29
D 362 69 2 111 363 129 29
D 365 63 2 108 133 106 8
D 364 61 2 104 365 109 29
D 354 65 3 103 355 360 362 364 29
D 101 79 4 102 134 336 345 347 352 354 8
D 368 43 2 75 74 73 8
D 367 41 2 71 368 76 8
D 371 51 2 84 95 86 8
D 372 51 2 84 85 86 29
D 370 53 2 371 87 372 8
D 369 49 2 78 370 96 8
D 374 43 2 75 100 73 29
D 373 41 2 71 374 76 29
D 366 45 2 367 369 373 8
D 377 61 2 104 133 109 29
D 376 65 3 103 355 337 362 377 29
D 375 79 3 102 345 336 352 376 8
D 380 43 2 73 100 75 8
D 379 41 2 71 380 76 8
D 382 43 2 73 74 75 29
D 381 41 2 71 382 76 29
D 378 45 2 379 369 381 8
D 384 65 2 103 355 131 29
D 383 79 2 102 352 384 8
L 390 58 30
D 389 57 2 90 390 92 29
D 388 55 2 88 389 93 29
D 387 53 2 83 388 94 29
D 386 49 2 78 387 96 29
D 392 43 2 75 74 73 100
D 391 41 2 71 392 76 8
D 394 53 2 371 388 372 29
D 393 49 2 78 394 96 29
D 396 43 2 75 100 73 8
D 395 41 2 71 396 76 29
D 385 45 3 70 386 391 393 395 29
D 68 59 4 69 101 366 375 378 383 385 8
D 399 23 2 42 41 40 8
D 398 21 2 38 399 43 8
D 402 31 2 51 62 53 8
D 403 31 2 51 52 53 29
D 401 33 2 402 54 403 8
D 400 29 2 45 401 63 8
D 405 23 2 42 67 40 29
D 404 21 2 38 405 43 29
D 397 25 2 398 400 404 8
D 408 41 2 71 100 76 29
D 407 45 3 70 386 367 393 408 29
D 406 59 3 69 375 366 383 407 8
D 411 23 2 40 67 42 8
D 410 21 2 38 411 43 8
D 413 23 2 40 41 42 29
D 412 21 2 38 413 43 29
D 409 25 2 410 400 412 8
D 415 45 2 70 386 98 29
D 414 59 2 69 383 415 8
L 421 38 20
D 420 37 2 57 421 59 29
D 419 35 2 55 420 60 29
D 418 33 2 50 419 61 29
D 417 29 2 45 418 63 29
D 423 23 2 42 41 40 67
D 422 21 2 38 423 43 8
D 425 33 2 402 419 403 29
D 424 29 2 45 425 63 29
D 427 23 2 42 67 40 8
D 426 21 2 38 427 43 29
D 416 25 3 37 417 422 424 426 29
D 35 39 4 36 68 397 406 409 414 416 8
D 430 3 2 7 6 5 8
D 429 1 2 3 430 9 8
D 433 11 2 17 28 19 8
D 434 11 2 17 18 19 29
D 432 13 2 433 20 434 8
D 431 9 2 11 432 30 8
D 436 3 2 7 34 5 29
D 435 1 2 3 436 9 29
D 428 5 2 429 431 435 8
D 439 21 2 38 67 43 29
D 438 25 3 37 417 398 424 439 29
D 437 39 3 36 406 397 414 438 8
D 442 3 2 5 34 7 8
D 441 1 2 3 442 9 8
D 444 3 2 5 6 7 29
D 443 1 2 3 444 9 29
D 440 5 2 441 431 443 8
D 446 25 2 37 417 65 29
D 445 39 2 36 414 446 8
D 449 3 2 7 6 5 34
D 448 1 2 3 449 9 8
L 454 18 10
D 453 17 2 23 454 25 29
D 452 15 2 21 453 26 29
D 451 13 2 433 452 434 29
D 450 9 2 11 451 30 29
D 456 13 2 16 452 27 29
D 455 9 2 11 456 30 29
D 458 3 2 7 34 5 8
D 457 1 2 3 458 9 29
D 447 5 3 448 450 2 455 457 29
D 0 19 4 1 35 428 437 440 445 447 8
