c ids of sdd nodes start at 0
c sdd nodes appear bottom-up, children before parents
c
c file syntax:
c sdd count-of-sdd-nodes
c F id-of-false-sdd-node
c T id-of-true-sdd-node
c L id-of-literal-sdd-node id-of-vtree literal
c D id-of-decomposition-sdd-node id-of-vtree number-of-elements {id-of-prime id-of-sub}*
c
sdd 991
L 3 0 -4
L 5 2 -2
L 6 4 -3
L 7 2 2
F 8
D 4 3 2 5 6 7 8
L 9 0 4
D 2 1 2 3 4 9 8
L 12 6 -6
L 13 8 -7
L 14 6 6
D 11 7 2 12 13 14 8
L 17 10 -5
L 18 12 1
L 19 10 5
D 16 11 2 17 18 19 8
L 21 14 -8
L 23 16 -9
L 24 18 -10
L 25 16 9
D 22 17 2 23 24 25 8
L 26 14 8
D 20 15 2 21 22 26 8
L 28 12 -1
T 29
D 27 11 2 17 28 19 29
D 15 13 2 16 20 27 8
L 31 8 7
D 30 7 2 12 31 14 29
D 10 9 2 11 15 30 8
L 34 4 3
D 33 3 2 5 34 7 29
D 32 1 2 3 33 9 29
D 1 5 2 2 10 32 8
L 38 20 -14
L 40 22 -12
L 41 24 -13
L 42 22 12
D 39 23 2 40 41 42 8
L 43 20 14
D 37 21 2 38 39 43 8
L 46 26 -16
L 47 28 -17
L 48 26 16
D 45 27 2 46 47 48 8
L 51 30 -15
L 52 32 11
L 53 30 15
D 50 31 2 51 52 53 8
L 55 34 -18
L 57 36 -19
L 58 38 -20
L 59 36 19
D 56 37 2 57 58 59 8
L 60 34 18
D 54 35 2 55 56 60 8
L 62 32 -11
D 61 31 2 51 62 53 29
D 49 33 2 50 54 61 8
L 64 28 17
D 63 27 2 46 64 48 29
D 44 29 2 45 49 63 8
L 67 24 13
D 66 23 2 40 67 42 29
D 65 21 2 38 66 43 29
D 36 25 2 37 44 65 8
L 71 40 -24
L 73 42 -22
L 74 44 -23
L 75 42 22
D 72 43 2 73 74 75 8
L 76 40 24
D 70 41 2 71 72 76 8
L 79 46 -26
L 80 48 -27
L 81 46 26
D 78 47 2 79 80 81 8
L 84 50 -25
L 85 52 21
L 86 50 25
D 83 51 2 84 85 86 8
L 88 54 -28
L 90 56 -29
L 91 58 -30
L 92 56 29
D 89 57 2 90 91 92 8
L 93 54 28
D 87 55 2 88 89 93 8
L 95 52 -21
D 94 51 2 84 95 86 29
D 82 53 2 83 87 94 8
L 97 48 27
D 96 47 2 79 97 81 29
D 77 49 2 78 82 96 8
L 100 44 23
D 99 43 2 73 100 75 29
D 98 41 2 71 99 76 29
D 69 45 2 70 77 98 8
L 104 60 -34
L 106 62 -32
L 107 64 -33
L 108 62 32
D 105 63 2 106 107 108 8
L 109 60 34
D 103 61 2 104 105 109 8
L 112 66 -36
L 113 68 -37
L 114 66 36
D 111 67 2 112 113 114 8
L 117 70 -35
L 118 72 31
L 119 70 35
D 116 71 2 117 118 119 8
L 121 74 -38
L 123 76 -39
L 124 78 -40
L 125 76 39
D 122 77 2 123 124 125 8
L 126 74 38
D 120 75 2 121 122 126 8
L 128 72 -31
D 127 71 2 117 128 119 29
D 115 73 2 116 120 127 8
L 130 68 37
D 129 67 2 112 130 114 29
D 110 69 2 111 115 129 8
L 133 64 33
D 132 63 2 106 133 108 29
D 131 61 2 104 132 109 29
D 102 65 2 103 110 131 8
L 137 80 -42
L 139 82 -43
L 140 84 -44
L 141 82 43
D 138 83 2 139 140 141 8
L 142 80 42
D 136 81 2 137 138 142 8
L 145 86 -46
L 146 88 -47
L 147 86 46
D 144 87 2 145 146 147 8
L 150 90 -45
L 151 92 41
L 152 90 45
D 149 91 2 150 151 152 8
L 154 94 -48
L 156 96 -49
L 157 98 -50
L 158 96 49
D 155 97 2 156 157 158 8
L 159 94 48
D 153 95 2 154 155 159 8
L 161 92 -41
D 160 91 2 150 161 152 29
D 148 93 2 149 153 160 8
L 163 88 47
D 162 87 2 145 163 147 29
D 143 89 2 144 148 162 8
L 166 84 44
D 165 83 2 139 166 141 29
D 164 81 2 137 165 142 29
D 135 85 2 136 143 164 8
L 170 100 -56
L 171 102 -57
L 172 100 56
D 169 101 2 170 171 172 8
L 174 104 -58
L 176 106 -59
L 177 108 -60
L 178 106 59
D 175 107 2 176 177 178 8
L 179 104 58
D 173 105 2 174 175 179 8
L 181 102 57
D 180 101 2 170 181 172 29
D 168 103 2 169 173 180 8
L 185 110 -53
L 186 112 54
L 187 110 53
D 184 111 2 185 186 187 8
L 189 114 -52
L 191 116 -55
L 192 118 -51
L 193 116 55
D 190 117 2 191 192 193 8
L 194 114 52
D 188 115 2 189 190 194 8
L 196 112 -54
D 195 111 2 185 196 187 29
D 183 113 2 184 188 195 8
L 200 120 -76
L 201 122 -77
L 202 120 76
D 199 121 2 200 201 202 8
L 204 124 -78
L 206 126 -79
L 207 128 80
L 208 126 79
D 205 127 2 206 207 208 8
L 209 124 78
D 203 125 2 204 205 209 8
L 211 122 77
D 210 121 2 200 211 202 29
D 198 123 2 199 203 210 8
L 215 130 -73
L 216 132 -72
L 217 130 73
D 214 131 2 215 216 217 8
L 219 134 -71
L 221 136 -74
L 222 138 -75
L 223 136 74
D 220 137 2 221 222 223 8
L 224 134 71
D 218 135 2 219 220 224 8
L 226 132 72
D 225 131 2 215 226 217 29
D 213 133 2 214 218 225 8
L 229 140 -61
L 230 142 -62
L 231 140 61
D 228 141 2 229 230 231 8
L 234 144 -63
L 235 146 -64
L 236 144 63
D 233 145 2 234 235 236 8
L 238 148 -65
L 240 150 -66
L 242 152 -67
L 244 154 -68
L 246 156 69
L 247 158 -70
L 248 156 -69
D 245 157 2 246 247 248 8
L 249 154 68
D 243 155 2 244 245 249 8
L 250 152 67
D 241 153 2 242 243 250 8
L 251 150 66
D 239 151 2 240 241 251 8
L 252 148 65
D 237 149 2 238 239 252 8
L 254 146 64
D 253 145 2 234 254 236 29
D 232 147 2 233 237 253 8
L 256 142 62
D 255 141 2 229 256 231 29
D 227 143 2 228 232 255 8
L 260 138 75
D 259 137 2 221 260 223 29
D 258 135 2 219 259 224 29
D 257 133 2 214 258 225 29
D 212 139 2 213 227 257 8
L 264 128 -80
D 263 127 2 208 264 206 8
D 262 125 2 204 263 209 8
D 261 123 2 199 262 210 8
L 273 158 70
D 272 157 2 248 273 246 8
D 271 155 2 244 272 249 8
D 270 153 2 242 271 250 8
D 269 151 2 240 270 251 8
D 268 149 2 238 269 252 8
D 267 147 2 233 268 253 8
D 266 143 2 228 267 255 8
D 265 139 2 213 266 257 8
D 276 127 2 206 264 208 207
D 275 125 2 204 276 209 29
D 274 123 2 199 275 210 29
D 197 129 3 198 212 261 265 274 8
D 278 111 2 185 196 187 8
D 280 117 2 193 192 191 8
D 279 115 2 189 280 194 8
D 281 111 2 185 186 187 29
D 277 113 2 278 279 281 8
D 290 157 2 248 247 246 8
D 289 155 2 249 290 244 8
D 288 153 2 242 289 250 8
D 287 151 2 240 288 251 8
D 286 149 2 238 287 252 8
D 285 147 2 233 286 253 8
D 284 143 2 228 285 255 8
D 283 139 2 213 284 257 8
D 293 127 2 206 264 208 8
D 292 125 2 209 293 204 8
D 291 123 2 199 292 210 8
D 296 127 2 206 207 208 29
D 295 125 2 204 276 209 296
D 294 123 2 199 295 210 29
D 282 129 4 198 283 261 212 291 265 294 8
D 298 111 2 187 196 185 8
D 299 111 2 187 186 185 29
D 297 113 2 298 188 299 8
D 303 127 2 206 264 208 29
D 302 125 2 204 303 209 29
D 301 123 2 199 302 210 29
D 300 129 2 198 265 301 8
L 307 118 51
D 306 117 2 193 307 191 29
D 305 115 2 189 306 194 29
D 308 111 2 187 196 185 186
D 310 117 2 191 307 193 29
D 309 115 2 189 310 194 29
D 311 111 2 187 186 185 8
D 304 113 3 278 305 308 309 311 29
D 182 119 4 183 197 277 282 297 300 304 8
L 315 108 60
D 314 107 2 176 315 178 8
D 313 105 2 174 314 179 8
D 312 103 2 169 313 180 8
D 317 113 2 278 188 281 8
D 322 145 2 236 235 234 8
D 326 155 2 244 290 249 8
D 325 153 2 242 326 250 8
D 324 151 2 240 325 251 8
D 323 149 2 238 324 252 8
D 327 145 2 236 254 234 29
D 321 147 2 322 323 327 8
D 320 143 2 228 321 255 8
D 319 139 2 213 320 257 8
D 329 125 2 204 293 209 8
D 328 123 2 199 329 210 8
D 332 131 2 217 216 215 8
D 333 131 2 217 226 215 29
D 331 133 2 332 218 333 8
D 336 137 2 223 222 221 8
D 335 135 2 219 336 224 8
D 334 133 2 214 335 225 8
D 339 137 2 221 260 223 8
D 338 135 2 219 339 224 8
D 337 133 2 214 338 225 8
D 342 137 2 221 222 223 260
D 341 135 2 219 342 224 29
D 340 133 3 214 341 332 258 226 29
D 330 139 4 331 266 334 227 337 284 340 8
D 346 145 2 234 254 236 8
D 347 145 2 234 235 236 29
D 345 147 2 346 323 347 8
D 344 143 2 228 345 255 8
D 343 139 2 213 344 257 8
D 351 149 2 252 324 238 8
D 350 147 2 233 351 253 8
D 349 143 2 228 350 255 8
D 348 139 2 213 349 257 8
D 353 121 2 200 211 202 8
D 354 121 2 200 201 202 29
D 352 123 2 353 329 354 8
D 359 151 2 251 325 240 8
D 358 149 2 238 359 252 8
D 357 147 2 233 358 253 8
D 356 143 2 228 357 255 8
D 355 139 2 213 356 257 8
D 361 121 2 202 201 200 8
D 362 121 2 202 211 200 29
D 360 123 2 361 329 362 8
D 368 153 2 250 326 242 8
D 367 151 2 240 368 251 8
D 366 149 2 238 367 252 8
D 365 147 2 233 366 253 8
D 364 143 2 228 365 255 8
D 363 139 2 213 364 257 8
D 371 127 2 208 207 206 8
D 370 125 2 204 371 209 296
D 372 121 2 202 201 200 211
D 373 125 2 204 296 209 29
D 374 121 2 202 211 200 8
D 369 123 3 199 370 372 373 374 29
D 318 129 7 198 319 328 330 261 343 291 348 352 355 360 363 369 8
D 375 113 2 278 309 281 29
D 316 119 2 317 318 375 8
D 378 107 2 178 177 176 8
D 377 105 2 174 378 179 8
D 376 103 2 169 377 180 8
D 382 133 2 214 341 225 29
D 381 139 3 334 266 337 227 382 8
D 380 129 7 198 343 328 381 261 348 291 355 352 363 360 283 369 8
D 379 119 2 317 380 375 8
D 384 105 2 179 175 174 8
D 383 103 2 169 384 180 8
D 390 137 2 221 222 223 29
D 389 135 2 219 390 224 29
D 388 133 2 214 389 225 29
D 387 139 2 337 266 388 8
D 386 129 7 198 348 328 387 261 355 291 363 352 283 360 212 369 8
D 385 119 2 317 386 375 8
D 392 101 2 170 181 172 8
D 393 101 2 170 171 172 29
D 391 103 2 392 173 393 8
D 396 123 3 199 295 372 373 374 29
D 395 129 6 198 355 261 363 291 283 352 212 360 265 396 8
D 394 119 2 317 395 375 8
D 398 101 2 172 171 170 8
D 399 101 2 172 181 170 29
D 397 103 2 398 173 399 8
D 402 123 3 199 295 353 373 202 29
D 401 129 5 198 363 261 283 291 212 352 265 402 8
D 400 119 2 317 401 375 8
D 405 107 2 178 315 176 8
D 406 107 2 176 315 178 29
D 404 105 2 174 405 179 406
D 407 101 2 172 171 170 181
D 408 105 2 174 406 179 29
D 409 101 2 172 181 170 8
D 403 103 3 169 404 407 408 409 29
D 167 109 7 168 182 312 316 376 379 383 385 391 394 397 400 403 8
D 411 81 2 142 138 137 8
D 414 91 2 150 161 152 8
D 415 91 2 150 151 152 29
D 413 93 2 414 153 415 8
D 412 89 2 144 413 162 8
D 416 81 2 142 165 137 29
D 410 85 2 411 412 416 8
D 420 115 2 194 190 189 8
D 419 113 2 278 420 281 8
D 422 115 2 189 306 194 310
D 421 113 3 278 422 308 309 311 29
D 418 119 5 277 401 297 197 183 282 419 300 421 8
D 427 131 2 215 226 217 8
D 428 131 2 215 216 217 29
D 426 133 2 427 218 428 8
D 430 131 2 217 216 215 226
D 431 131 2 217 226 215 8
D 429 133 3 214 341 430 258 431 29
D 425 139 5 426 266 331 227 334 284 337 364 429 8
D 434 141 2 229 256 231 8
D 435 147 2 233 323 253 8
D 436 141 2 229 230 231 29
D 433 143 2 434 435 436 8
D 432 139 2 213 433 257 8
D 424 129 7 328 425 261 319 198 432 291 343 352 348 360 355 369 8
D 423 119 2 317 424 375 8
D 417 109 7 168 418 312 423 376 316 383 379 391 385 397 394 403 8
D 439 83 2 141 140 139 8
D 438 81 2 137 439 142 8
D 441 83 2 141 166 139 29
D 440 81 2 137 441 142 29
D 437 85 2 438 412 440 8
D 446 117 2 191 307 193 8
D 445 115 2 189 446 194 8
D 444 113 2 278 445 281 8
D 449 117 2 191 192 193 307
D 448 115 2 189 449 194 310
D 447 113 3 278 448 308 309 311 29
D 443 119 6 277 395 183 401 419 197 297 282 444 300 447 8
D 454 135 2 224 220 219 8
D 453 133 2 214 454 225 8
D 456 135 2 219 342 224 259
D 455 133 3 214 456 430 258 431 29
D 452 139 6 453 266 426 227 331 284 337 356 334 364 455 8
D 459 141 2 231 230 229 8
D 460 141 2 231 256 229 29
D 458 143 2 459 435 460 8
D 457 139 2 213 458 257 8
D 451 129 7 328 452 291 319 261 432 352 343 198 457 360 348 369 8
D 450 119 2 317 451 375 8
D 442 109 7 168 443 312 450 376 423 383 316 391 379 397 385 403 8
D 463 83 2 139 166 141 8
D 462 81 2 137 463 142 8
D 465 83 2 139 140 141 29
D 464 81 2 137 465 142 29
D 461 85 2 462 412 464 8
D 467 119 6 277 386 183 395 297 401 444 197 419 282 447 8
D 470 139 6 453 227 426 284 337 349 334 356 331 364 455 8
D 472 125 2 209 296 204 207
D 471 123 3 199 472 372 373 374 29
D 469 129 6 328 470 352 319 291 432 360 343 261 457 471 8
D 468 119 2 317 469 375 8
D 466 109 7 168 467 376 450 312 468 383 423 391 316 397 379 403 8
D 476 91 2 152 161 150 8
D 477 91 2 152 151 150 29
D 475 93 2 476 153 477 8
D 474 89 2 144 475 162 8
D 473 85 2 136 474 164 8
D 479 119 6 183 386 277 380 297 395 419 401 444 282 447 8
D 482 139 6 453 284 337 344 334 349 331 356 426 364 455 8
D 483 123 3 372 373 199 296 374 29
D 481 129 5 328 482 360 319 352 432 291 457 483 8
D 480 119 2 317 481 375 8
D 478 109 7 168 479 383 450 376 468 312 480 391 423 397 316 403 8
D 486 87 2 147 146 145 8
D 487 87 2 147 163 145 29
D 485 89 2 486 413 487 8
D 484 85 2 136 485 164 8
D 489 119 6 297 386 183 380 277 318 419 395 444 401 447 8
D 492 139 6 337 320 334 344 331 349 426 356 453 364 455 8
D 494 121 2 202 201 200 29
D 493 123 2 494 373 374 29
D 491 129 4 360 432 328 492 352 457 493 8
D 490 119 2 317 491 375 8
D 488 109 7 168 489 391 450 383 468 376 480 312 490 397 423 403 8
D 497 87 2 145 163 147 8
D 498 87 2 145 146 147 29
D 496 89 2 497 413 498 8
D 495 85 2 136 496 164 8
D 500 119 6 419 386 297 380 183 318 277 424 444 395 447 8
D 503 139 6 334 320 331 344 426 349 453 356 337 433 455 8
D 504 123 2 201 373 211 29
D 502 129 3 360 457 328 503 504 8
D 501 119 2 317 502 375 8
D 499 109 7 168 500 397 450 391 468 383 480 376 490 312 501 403 8
D 508 95 2 159 155 154 8
D 507 93 2 414 508 415 8
D 506 89 2 144 507 162 8
D 505 85 2 136 506 164 8
D 510 119 6 444 386 419 380 297 318 183 424 277 451 447 8
D 513 139 6 331 320 426 344 453 349 334 433 337 458 455 8
D 514 123 2 199 373 210 29
D 512 129 2 328 513 514 8
D 511 119 2 317 512 375 8
D 509 109 7 397 468 168 510 391 480 383 490 376 501 312 511 403 8
D 519 97 2 158 157 156 8
D 518 95 2 154 519 159 8
D 517 93 2 414 518 415 8
D 516 89 2 144 517 162 8
D 515 85 2 136 516 164 8
D 521 119 6 444 380 419 318 297 424 183 451 277 469 447 8
D 527 137 2 223 260 221 29
D 526 135 2 219 527 224 259
D 525 133 3 214 526 430 258 431 29
D 524 139 5 426 320 453 344 331 433 334 458 525 8
D 523 129 2 328 524 514 8
D 522 119 2 317 523 375 8
D 520 109 7 397 480 168 521 391 490 383 501 376 511 312 522 403 8
L 533 98 50
D 532 97 2 156 533 158 8
D 531 95 2 154 532 159 8
D 530 93 2 414 531 415 8
D 529 89 2 144 530 162 8
D 528 85 2 136 529 164 8
D 535 119 6 444 318 419 424 297 451 183 469 277 481 447 8
D 540 135 2 224 259 219 29
D 539 133 3 430 258 214 540 431 29
D 538 139 4 453 320 426 433 331 458 539 8
D 537 129 2 328 538 514 8
D 536 119 2 317 537 375 8
D 534 109 7 397 490 168 535 391 501 383 511 376 522 312 536 403 8
D 543 83 2 141 140 139 166
D 542 81 2 137 543 142 138
D 547 97 2 156 533 158 29
D 546 95 2 154 547 159 29
D 545 93 2 414 546 415 29
D 544 89 2 144 545 162 29
D 549 87 2 147 146 145 163
D 551 91 2 152 161 150 151
D 553 97 2 156 157 158 533
D 552 95 2 159 547 154 553
D 554 91 2 152 151 150 8
D 550 93 3 551 546 414 552 554 29
D 555 87 2 147 163 145 8
D 548 89 3 549 545 144 550 555 29
D 557 83 2 141 166 139 8
D 556 81 2 137 557 142 165
D 541 85 3 542 544 136 548 556 29
D 134 99 11 135 167 410 417 437 442 461 466 473 478 484 488 495 499 505 509 515 520 528 534 541 8
D 560 63 2 108 107 106 8
D 559 61 2 104 560 109 8
D 563 71 2 117 128 119 8
D 564 71 2 117 118 119 29
D 562 73 2 563 120 564 8
D 561 69 2 111 562 129 8
D 566 63 2 108 133 106 29
D 565 61 2 104 566 109 29
D 558 65 2 559 561 565 8
D 569 119 6 444 424 419 451 297 469 183 481 277 491 447 8
D 573 133 3 427 258 214 540 217 29
D 572 139 3 453 433 426 458 573 8
D 571 129 2 328 572 514 8
D 570 119 2 317 571 375 8
D 568 109 7 397 501 168 569 391 511 383 522 376 536 312 570 403 8
D 567 99 11 135 417 410 442 437 466 461 478 473 488 484 499 495 509 505 520 515 534 528 568 541 8
D 576 63 2 106 133 108 8
D 575 61 2 104 576 109 8
D 578 63 2 106 107 108 29
D 577 61 2 104 578 109 29
D 574 65 2 575 561 577 8
D 581 119 6 444 451 419 469 297 481 183 491 277 502 447 8
D 585 133 2 214 540 225 29
D 584 139 2 453 458 585 8
D 583 129 2 328 584 514 8
D 582 119 2 317 583 375 8
D 580 109 7 397 511 168 581 391 522 383 536 376 570 312 582 403 8
D 579 99 11 135 442 410 466 437 478 461 488 473 499 484 509 495 520 505 534 515 568 528 580 541 8
D 587 61 2 109 105 104 8
D 588 61 2 109 132 104 29
D 586 65 2 587 561 588 8
D 591 119 6 444 469 419 481 297 491 183 502 277 512 447 8
D 593 105 2 179 406 174 315
D 592 103 3 169 593 407 408 409 29
D 590 109 6 397 522 168 591 391 536 383 570 376 582 592 8
D 589 99 11 135 466 410 478 437 488 461 499 473 509 484 520 495 534 505 568 515 580 528 590 541 8
D 597 71 2 119 128 117 8
D 598 71 2 119 118 117 29
D 596 73 2 597 120 598 8
D 595 69 2 111 596 129 8
D 594 65 2 103 595 131 8
D 601 119 6 444 481 419 491 297 502 183 512 277 523 447 8
D 602 103 3 407 408 169 406 409 29
D 600 109 5 397 536 168 601 391 570 383 582 602 8
D 599 99 11 135 478 410 488 437 499 461 509 473 520 484 534 495 568 505 580 515 590 528 600 541 8
D 605 67 2 114 113 112 8
D 606 67 2 114 130 112 29
D 604 69 2 605 562 606 8
D 603 65 2 103 604 131 8
D 609 119 6 444 491 419 502 297 512 183 523 277 537 447 8
D 611 101 2 172 171 170 29
D 610 103 2 611 408 409 29
D 608 109 4 397 570 168 609 391 582 610 8
D 607 99 11 135 488 410 499 437 509 461 520 473 534 484 568 495 580 505 590 515 600 528 608 541 8
D 614 67 2 112 130 114 8
D 615 67 2 112 113 114 29
D 613 69 2 614 562 615 8
D 612 65 2 103 613 131 8
D 618 119 6 444 502 419 512 297 523 183 537 277 571 447 8
D 619 103 2 171 408 181 29
D 617 109 3 397 582 168 618 619 8
D 616 99 11 135 499 410 509 437 520 461 534 473 568 484 580 495 590 505 600 515 608 528 617 541 8
D 623 75 2 126 122 121 8
D 622 73 2 563 623 564 8
D 621 69 2 111 622 129 8
D 620 65 2 103 621 131 8
D 626 119 6 444 512 419 523 297 537 183 571 277 583 447 8
D 627 103 2 169 408 180 29
D 625 109 2 168 626 627 8
D 624 99 11 135 509 410 520 437 534 461 568 473 580 484 590 495 600 505 608 515 617 528 625 541 8
D 632 77 2 125 124 123 8
D 631 75 2 121 632 126 8
D 630 73 2 563 631 564 8
D 629 69 2 111 630 129 8
D 628 65 2 103 629 131 8
D 638 117 2 191 192 193 29
D 637 115 2 194 310 189 638
D 636 113 3 278 637 308 309 311 29
D 635 119 5 444 523 419 537 297 571 183 583 636 8
D 634 109 2 168 635 627 8
D 633 99 11 135 520 410 534 437 568 461 580 473 590 484 600 495 608 505 617 515 625 528 634 541 8
L 644 78 40
D 643 77 2 123 644 125 8
D 642 75 2 121 643 126 8
D 641 73 2 563 642 564 8
D 640 69 2 111 641 129 8
D 639 65 2 103 640 131 8
D 648 113 3 278 637 298 309 186 29
D 647 119 4 444 537 419 571 297 583 648 8
D 646 109 2 168 647 627 8
D 645 99 11 135 534 410 568 437 580 461 590 473 600 484 608 495 617 505 625 515 634 528 646 541 8
D 651 63 2 108 107 106 133
D 650 61 2 104 651 109 105
D 655 77 2 123 644 125 29
D 654 75 2 121 655 126 29
D 653 73 2 563 654 564 29
D 652 69 2 111 653 129 29
D 657 67 2 114 113 112 130
D 659 71 2 119 128 117 118
D 661 77 2 123 124 125 644
D 660 75 2 126 655 121 661
D 662 71 2 119 118 117 8
D 658 73 3 659 654 563 660 662 29
D 663 67 2 114 130 112 8
D 656 69 3 657 653 111 658 663 29
D 665 63 2 108 133 106 8
D 664 61 2 104 665 109 132
D 649 65 3 650 652 103 656 664 29
D 101 79 11 102 134 558 567 574 579 586 589 594 599 603 607 612 616 620 624 628 633 639 645 649 8
D 668 43 2 75 74 73 8
D 667 41 2 71 668 76 8
D 671 51 2 84 95 86 8
D 672 51 2 84 85 86 29
D 670 53 2 671 87 672 8
D 669 49 2 78 670 96 8
D 674 43 2 75 100 73 29
D 673 41 2 71 674 76 29
D 666 45 2 667 669 673 8
D 679 113 2 278 637 281 29
D 678 119 3 444 571 419 583 679 8
D 677 109 2 168 678 627 8
D 676 99 11 135 568 410 580 437 590 461 600 473 608 484 617 495 625 505 634 515 646 528 677 541 8
D 675 79 11 102 567 558 579 574 589 586 599 594 607 603 616 612 624 620 633 628 645 639 676 649 8
D 682 43 2 73 100 75 8
D 681 41 2 71 682 76 8
D 684 43 2 73 74 75 29
D 683 41 2 71 684 76 29
D 680 45 2 681 669 683 8
D 690 115 2 189 638 194 29
D 689 113 2 278 690 281 29
D 688 119 2 444 583 689 8
D 687 109 2 168 688 627 8
D 686 99 11 135 580 410 590 437 600 461 608 473 617 484 625 495 634 505 646 515 677 528 687 541 8
D 685 79 11 102 579 558 589 574 599 586 607 594 616 603 624 612 633 620 645 628 676 639 686 649 8
D 692 41 2 76 72 71 8
D 693 41 2 76 99 71 29
D 691 45 2 692 669 693 8
D 700 97 2 158 533 156 29
D 699 95 2 154 700 159 547
D 698 93 3 414 699 551 546 554 29
D 697 89 3 144 698 549 545 555 29
D 696 85 3 136 697 542 544 556 29
D 695 99 10 135 590 410 600 437 608 461 617 473 625 484 634 495 646 505 677 515 687 696 8
D 694 79 11 102 589 558 599 574 607 586 616 594 624 603 633 612 645 620 676 628 686 639 695 649 8
D 704 51 2 86 95 84 8
D 705 51 2 86 85 84 29
D 703 53 2 704 87 705 8
D 702 49 2 78 703 96 8
D 701 45 2 70 702 98 8
D 711 95 2 159 547 154 29
D 710 93 3 414 711 551 546 554 29
D 709 89 3 144 710 549 545 555 29
D 708 85 3 136 709 542 544 556 29
D 707 99 9 135 600 410 608 437 617 461 625 473 634 484 646 495 677 505 687 708 8
D 706 79 11 102 599 558 607 574 616 586 624 594 633 603 645 612 676 620 686 628 695 639 707 649 8
D 714 47 2 81 80 79 8
D 715 47 2 81 97 79 29
D 713 49 2 714 670 715 8
D 712 45 2 70 713 98 8
D 721 91 2 150 161 152 151
D 720 93 2 551 546 721 29
D 719 89 3 144 720 549 545 555 29
D 718 85 3 136 719 542 544 556 29
D 717 99 8 135 608 410 617 437 625 461 634 473 646 484 677 495 687 718 8
D 716 79 11 102 607 558 616 574 624 586 633 594 645 603 676 612 686 620 695 628 707 639 717 649 8
D 724 47 2 79 97 81 8
D 725 47 2 79 80 81 29
D 723 49 2 724 670 725 8
D 722 45 2 70 723 98 8
D 729 89 3 144 720 486 545 163 29
D 728 85 3 136 729 542 544 556 29
D 727 99 7 135 617 410 625 437 634 461 646 473 677 484 687 728 8
D 726 79 11 102 616 558 624 574 633 586 645 594 676 603 686 612 695 620 707 628 717 639 727 649 8
D 733 55 2 93 89 88 8
D 732 53 2 671 733 672 8
D 731 49 2 78 732 96 8
D 730 45 2 70 731 98 8
D 737 89 2 144 720 162 29
D 736 85 3 136 737 542 544 556 29
D 735 99 6 135 625 410 634 437 646 461 677 473 687 736 8
D 734 79 11 102 624 558 633 574 645 586 676 594 686 603 695 612 707 620 717 628 727 639 735 649 8
D 742 57 2 92 91 90 8
D 741 55 2 88 742 93 8
D 740 53 2 671 741 672 8
D 739 49 2 78 740 96 8
D 738 45 2 70 739 98 8
D 747 93 2 149 546 160 29
D 746 89 2 144 747 162 29
D 745 85 3 136 746 542 544 556 29
D 744 99 5 135 634 410 646 437 677 461 687 745 8
D 743 79 11 102 633 558 645 574 676 586 686 594 695 603 707 612 717 620 727 628 735 639 744 649 8
L 753 58 30
D 752 57 2 90 753 92 8
D 751 55 2 88 752 93 8
D 750 53 2 671 751 672 8
D 749 49 2 78 750 96 8
D 748 45 2 70 749 98 8
D 757 81 2 137 439 142 138
D 758 81 2 142 165 137 166
D 756 85 3 136 746 757 544 758 29
D 755 99 4 135 646 410 677 437 687 756 8
D 754 79 11 102 645 558 676 574 686 586 695 594 707 603 717 612 727 620 735 628 744 639 755 649 8
D 761 43 2 75 74 73 100
D 760 41 2 71 761 76 72
D 765 57 2 90 753 92 29
D 764 55 2 88 765 93 29
D 763 53 2 671 764 672 29
D 762 49 2 78 763 96 29
D 767 47 2 81 80 79 97
D 769 51 2 86 95 84 85
D 771 57 2 90 91 92 753
D 770 55 2 93 765 88 771
D 772 51 2 86 85 84 8
D 768 53 3 769 764 671 770 772 29
D 773 47 2 81 97 79 8
D 766 49 3 767 763 78 768 773 29
D 775 43 2 75 100 73 8
D 774 41 2 71 775 76 99
D 759 45 3 760 762 70 766 774 29
D 68 59 11 69 101 666 675 680 685 691 694 701 706 712 716 722 726 730 734 738 743 748 754 759 8
D 778 23 2 42 41 40 8
D 777 21 2 38 778 43 8
D 781 31 2 51 62 53 8
D 782 31 2 51 52 53 29
D 780 33 2 781 54 782 8
D 779 29 2 45 780 63 8
D 784 23 2 42 67 40 29
D 783 21 2 38 784 43 29
D 776 25 2 777 779 783 8
D 788 85 3 136 746 411 544 165 29
D 787 99 3 135 677 410 687 788 8
D 786 79 11 102 676 558 686 574 695 586 707 594 717 603 727 612 735 620 744 628 755 639 787 649 8
D 785 59 11 69 675 666 685 680 694 691 706 701 716 712 726 722 734 730 743 738 754 748 786 759 8
D 791 23 2 40 67 42 8
D 790 21 2 38 791 43 8
D 793 23 2 40 41 42 29
D 792 21 2 38 793 43 29
D 789 25 2 790 779 792 8
D 797 85 2 136 746 164 29
D 796 99 2 135 687 797 8
D 795 79 11 102 686 558 695 574 707 586 717 594 727 603 735 612 744 620 755 628 787 639 796 649 8
D 794 59 11 69 685 666 694 680 706 691 716 701 726 712 734 722 743 730 754 738 786 748 795 759 8
D 799 21 2 43 39 38 8
D 800 21 2 43 66 38 29
D 798 25 2 799 779 800 8
D 807 77 2 125 644 123 29
D 806 75 2 121 807 126 655
D 805 73 3 563 806 659 654 662 29
D 804 69 3 111 805 657 653 663 29
D 803 65 3 103 804 650 652 664 29
D 802 79 10 102 695 558 707 574 717 586 727 594 735 603 744 612 755 620 787 628 796 803 8
D 801 59 11 69 694 666 706 680 716 691 726 701 734 712 743 722 754 730 786 738 795 748 802 759 8
D 811 31 2 53 62 51 8
D 812 31 2 53 52 51 29
D 810 33 2 811 54 812 8
D 809 29 2 45 810 63 8
D 808 25 2 37 809 65 8
D 818 75 2 126 655 121 29
D 817 73 3 563 818 659 654 662 29
D 816 69 3 111 817 657 653 663 29
D 815 65 3 103 816 650 652 664 29
D 814 79 9 102 707 558 717 574 727 586 735 594 744 603 755 612 787 620 796 815 8
D 813 59 11 69 706 666 716 680 726 691 734 701 743 712 754 722 786 730 795 738 802 748 814 759 8
D 821 27 2 48 47 46 8
D 822 27 2 48 64 46 29
D 820 29 2 821 780 822 8
D 819 25 2 37 820 65 8
D 828 71 2 117 128 119 118
D 827 73 2 659 654 828 29
D 826 69 3 111 827 657 653 663 29
D 825 65 3 103 826 650 652 664 29
D 824 79 8 102 717 558 727 574 735 586 744 594 755 603 787 612 796 825 8
D 823 59 11 69 716 666 726 680 734 691 743 701 754 712 786 722 795 730 802 738 814 748 824 759 8
D 831 27 2 46 64 48 8
D 832 27 2 46 47 48 29
D 830 29 2 831 780 832 8
D 829 25 2 37 830 65 8
D 836 69 3 111 827 605 653 130 29
D 835 65 3 103 836 650 652 664 29
D 834 79 7 102 727 558 735 574 744 586 755 594 787 603 796 835 8
D 833 59 11 69 726 666 734 680 743 691 754 701 786 712 795 722 802 730 814 738 824 748 834 759 8
D 840 35 2 60 56 55 8
D 839 33 2 781 840 782 8
D 838 29 2 45 839 63 8
D 837 25 2 37 838 65 8
D 844 69 2 111 827 129 29
D 843 65 3 103 844 650 652 664 29
D 842 79 6 102 735 558 744 574 755 586 787 594 796 843 8
D 841 59 11 69 734 666 743 680 754 691 786 701 795 712 802 722 814 730 824 738 834 748 842 759 8
D 849 37 2 59 58 57 8
D 848 35 2 55 849 60 8
D 847 33 2 781 848 782 8
D 846 29 2 45 847 63 8
D 845 25 2 37 846 65 8
D 854 73 2 116 654 127 29
D 853 69 2 111 854 129 29
D 852 65 3 103 853 650 652 664 29
D 851 79 5 102 744 558 755 574 787 586 796 852 8
D 850 59 11 69 743 666 754 680 786 691 795 701 802 712 814 722 824 730 834 738 842 748 851 759 8
L 860 38 20
D 859 37 2 57 860 59 8
D 858 35 2 55 859 60 8
D 857 33 2 781 858 782 8
D 856 29 2 45 857 63 8
D 855 25 2 37 856 65 8
D 864 61 2 104 651 109 8
D 865 61 2 104 665 109 29
D 863 65 3 103 853 864 652 865 29
D 862 79 4 102 755 558 787 574 796 863 8
D 861 59 11 69 754 666 786 680 795 691 802 701 814 712 824 722 834 730 842 738 851 748 862 759 8
D 868 23 2 42 41 40 67
D 867 21 2 38 868 43 39
D 872 37 2 57 860 59 29
D 871 35 2 55 872 60 29
D 870 33 2 781 871 782 29
D 869 29 2 45 870 63 29
D 874 27 2 48 47 46 64
D 876 31 2 53 62 51 52
D 878 37 2 57 58 59 860
D 877 35 2 60 872 55 878
D 879 31 2 53 52 51 8
D 875 33 3 876 871 781 877 879 29
D 880 27 2 48 64 46 8
D 873 29 3 874 870 45 875 880 29
D 882 23 2 42 67 40 8
D 881 21 2 38 882 43 66
D 866 25 3 867 869 37 873 881 29
D 35 39 11 36 68 776 785 789 794 798 801 808 813 819 823 829 833 837 841 845 850 855 861 866 8
D 885 3 2 7 6 5 8
D 884 1 2 3 885 9 8
D 888 11 2 17 28 19 8
D 889 11 2 17 18 19 29
D 887 13 2 888 20 889 8
D 886 9 2 11 887 30 8
D 891 3 2 7 34 5 29
D 890 1 2 3 891 9 29
D 883 5 2 884 886 890 8
D 896 61 2 104 133 109 29
D 895 65 3 103 853 559 652 896 29
D 894 79 3 102 787 558 796 895 8
D 893 59 11 69 786 666 795 680 802 691 814 701 824 712 834 722 842 730 851 738 862 748 894 759 8
D 892 39 11 36 785 776 794 789 801 798 813 808 823 819 833 829 841 837 850 845 861 855 893 866 8
D 899 3 2 5 34 7 8
D 898 1 2 3 899 9 8
D 901 3 2 5 6 7 29
D 900 1 2 3 901 9 29
D 897 5 2 898 886 900 8
D 905 65 2 103 853 131 29
D 904 79 2 102 796 905 8
D 903 59 11 69 795 666 802 680 814 691 824 701 834 712 842 722 851 730 862 738 894 748 904 759 8
D 902 39 11 36 794 776 801 789 813 798 823 808 833 819 841 829 850 837 861 845 893 855 903 866 8
D 907 1 2 9 4 3 8
D 908 1 2 9 33 3 29
D 906 5 2 907 886 908 8
D 915 57 2 92 753 90 29
D 914 55 2 88 915 93 765
D 913 53 3 671 914 769 764 772 29
D 912 49 3 78 913 767 763 773 29
D 911 45 3 70 912 760 762 774 29
D 910 59 10 69 802 666 814 680 824 691 834 701 842 712 851 722 862 730 894 738 904 911 8
D 909 39 11 36 801 776 813 789 823 798 833 808 841 819 850 829 861 837 893 845 903 855 910 866 8
D 919 11 2 19 28 17 8
D 920 11 2 19 18 17 29
D 918 13 2 919 20 920 8
D 917 9 2 11 918 30 8
D 916 5 2 2 917 32 8
D 926 55 2 93 765 88 29
D 925 53 3 671 926 769 764 772 29
D 924 49 3 78 925 767 763 773 29
D 923 45 3 70 924 760 762 774 29
D 922 59 9 69 814 666 824 680 834 691 842 701 851 712 862 722 894 730 904 923 8
D 921 39 11 36 813 776 823 789 833 798 841 808 850 819 861 829 893 837 903 845 910 855 922 866 8
D 929 7 2 14 13 12 8
D 930 7 2 14 31 12 29
D 928 9 2 929 887 930 8
D 927 5 2 2 928 32 8
D 936 51 2 84 95 86 85
D 935 53 2 769 764 936 29
D 934 49 3 78 935 767 763 773 29
D 933 45 3 70 934 760 762 774 29
D 932 59 8 69 824 666 834 680 842 691 851 701 862 712 894 722 904 933 8
D 931 39 11 36 823 776 833 789 841 798 850 808 861 819 893 829 903 837 910 845 922 855 932 866 8
D 939 7 2 12 31 14 8
D 940 7 2 12 13 14 29
D 938 9 2 939 887 940 8
D 937 5 2 2 938 32 8
D 944 49 3 78 935 714 763 97 29
D 943 45 3 70 944 760 762 774 29
D 942 59 7 69 834 666 842 680 851 691 862 701 894 712 904 943 8
D 941 39 11 36 833 776 841 789 850 798 861 808 893 819 903 829 910 837 922 845 932 855 942 866 8
D 948 15 2 26 22 21 8
D 947 13 2 888 948 889 8
D 946 9 2 11 947 30 8
D 945 5 2 2 946 32 8
D 952 49 2 78 935 96 29
D 951 45 3 70 952 760 762 774 29
D 950 59 6 69 842 666 851 680 862 691 894 701 904 951 8
D 949 39 11 36 841 776 850 789 861 798 893 808 903 819 910 829 922 837 932 845 942 855 950 866 8
D 957 17 2 25 24 23 8
D 956 15 2 21 957 26 8
D 955 13 2 888 956 889 8
D 954 9 2 11 955 30 8
D 953 5 2 2 954 32 8
D 962 53 2 83 764 94 29
D 961 49 2 78 962 96 29
D 960 45 3 70 961 760 762 774 29
D 959 59 5 69 851 666 862 680 894 691 904 960 8
D 958 39 11 36 850 776 861 789 893 798 903 808 910 819 922 829 932 837 942 845 950 855 959 866 8
L 968 18 10
D 967 17 2 23 968 25 8
D 966 15 2 21 967 26 8
D 965 13 2 888 966 889 8
D 964 9 2 11 965 30 8
D 963 5 2 2 964 32 8
D 972 41 2 71 761 76 8
D 973 41 2 71 775 76 29
D 971 45 3 70 961 972 762 973 29
D 970 59 4 69 862 666 894 680 904 971 8
D 969 39 11 36 861 776 893 789 903 798 910 808 922 819 932 829 942 837 950 845 959 855 970 866 8
D 978 17 2 23 24 25 968
D 979 17 2 23 968 25 29
D 977 15 2 21 978 26 979
D 980 11 2 19 28 17 18
D 981 15 2 21 979 26 29
D 982 11 2 19 18 17 8
D 976 13 3 888 977 980 981 982 29
D 983 7 2 14 13 12 31
D 984 13 2 888 981 889 29
D 985 7 2 14 31 12 8
D 975 9 3 11 976 983 984 985 29
D 987 3 2 7 6 5 34
D 986 1 2 3 987 9 4
D 988 9 2 11 984 30 29
D 990 3 2 7 34 5 8
D 989 1 2 3 990 9 33
D 974 5 3 2 975 986 988 989 29
D 0 19 11 1 35 883 892 897 902 906 909 916 921 927 931 937 941 945 949 953 958 963 969 974 8
