c ids of sdd nodes start at 0
c sdd nodes appear bottom-up, children before parents
c
c file syntax:
c sdd count-of-sdd-nodes
c F id-of-false-sdd-node
c T id-of-true-sdd-node
c L id-of-literal-sdd-node id-of-vtree literal
c D id-of-decomposition-sdd-node id-of-vtree number-of-elements {id-of-prime id-of-sub}*
c
sdd 994
L 3 0 -4
L 5 2 -2
L 6 4 -3
L 7 2 2
F 8
D 4 3 2 5 6 7 8
L 9 0 4
D 2 1 2 3 4 9 8
L 12 6 -6
L 13 8 -7
L 14 6 6
D 11 7 2 12 13 14 8
L 17 10 -5
L 18 12 1
L 19 10 5
D 16 11 2 17 18 19 8
L 21 14 -8
L 23 16 -9
L 24 18 -10
L 25 16 9
D 22 17 2 23 24 25 8
L 26 14 8
D 20 15 2 21 22 26 8
L 28 12 -1
T 29
D 27 11 2 17 28 19 29
D 15 13 2 16 20 27 8
L 31 8 7
D 30 7 2 12 31 14 29
D 10 9 2 11 15 30 8
L 34 4 3
D 33 3 2 5 34 7 29
D 32 1 2 3 33 9 29
D 1 5 2 2 10 32 8
L 38 20 -14
L 40 22 -12
L 41 24 -13
L 42 22 12
D 39 23 2 40 41 42 8
L 43 20 14
D 37 21 2 38 39 43 8
L 46 26 -16
L 47 28 -17
L 48 26 16
D 45 27 2 46 47 48 8
L 51 30 -15
L 52 32 11
L 53 30 15
D 50 31 2 51 52 53 8
L 55 34 -18
L 57 36 -19
L 58 38 -20
L 59 36 19
D 56 37 2 57 58 59 8
L 60 34 18
D 54 35 2 55 56 60 8
L 62 32 -11
D 61 31 2 51 62 53 29
D 49 33 2 50 54 61 8
L 64 28 17
D 63 27 2 46 64 48 29
D 44 29 2 45 49 63 8
L 67 24 13
D 66 23 2 40 67 42 29
D 65 21 2 38 66 43 29
D 36 25 2 37 44 65 8
L 71 40 -24
L 73 42 -22
L 74 44 -23
L 75 42 22
D 72 43 2 73 74 75 8
L 76 40 24
D 70 41 2 71 72 76 8
L 79 46 -26
L 80 48 -27
L 81 46 26
D 78 47 2 79 80 81 8
L 84 50 -25
L 85 52 21
L 86 50 25
D 83 51 2 84 85 86 8
L 88 54 -28
L 90 56 -29
L 91 58 -30
L 92 56 29
D 89 57 2 90 91 92 8
L 93 54 28
D 87 55 2 88 89 93 8
L 95 52 -21
D 94 51 2 84 95 86 29
D 82 53 2 83 87 94 8
L 97 48 27
D 96 47 2 79 97 81 29
D 77 49 2 78 82 96 8
L 100 44 23
D 99 43 2 73 100 75 29
D 98 41 2 71 99 76 29
D 69 45 2 70 77 98 8
L 104 60 -34
L 106 62 -32
L 107 64 -33
L 108 62 32
D 105 63 2 106 107 108 8
L 109 60 34
D 103 61 2 104 105 109 8
L 112 66 -36
L 113 68 -37
L 114 66 36
D 111 67 2 112 113 114 8
L 117 70 -35
L 118 72 31
L 119 70 35
D 116 71 2 117 118 119 8
L 121 74 -38
L 123 76 -39
L 124 78 -40
L 125 76 39
D 122 77 2 123 124 125 8
L 126 74 38
D 120 75 2 121 122 126 8
L 128 72 -31
D 127 71 2 117 128 119 29
D 115 73 2 116 120 127 8
L 130 68 37
D 129 67 2 112 130 114 29
D 110 69 2 111 115 129 8
L 133 64 33
D 132 63 2 106 133 108 29
D 131 61 2 104 132 109 29
D 102 65 2 103 110 131 8
L 137 80 -42
L 139 82 -43
L 140 84 -44
L 141 82 43
D 138 83 2 139 140 141 8
L 142 80 42
D 136 81 2 137 138 142 8
L 145 86 -46
L 146 88 -47
L 147 86 46
D 144 87 2 145 146 147 8
L 150 90 -45
L 151 92 41
L 152 90 45
D 149 91 2 150 151 152 8
L 154 94 -48
L 156 96 -49
L 157 98 -50
L 158 96 49
D 155 97 2 156 157 158 8
L 159 94 48
D 153 95 2 154 155 159 8
L 161 92 -41
D 160 91 2 150 161 152 29
D 148 93 2 149 153 160 8
L 163 88 47
D 162 87 2 145 163 147 29
D 143 89 2 144 148 162 8
L 166 84 44
D 165 83 2 139 166 141 29
D 164 81 2 137 165 142 29
D 135 85 2 136 143 164 8
L 170 100 -56
L 171 102 -57
L 172 100 56
D 169 101 2 170 171 172 8
L 174 104 -58
L 176 106 -59
L 177 108 -60
L 178 106 59
D 175 107 2 176 177 178 8
L 179 104 58
D 173 105 2 174 175 179 8
L 181 102 57
D 180 101 2 170 181 172 29
D 168 103 2 169 173 180 8
L 185 110 -53
L 186 112 -54
L 187 110 53
D 184 111 2 185 186 187 8
L 189 114 -52
L 191 116 55
L 192 118 -51
L 193 116 -55
D 190 117 2 191 192 193 8
L 194 114 52
D 188 115 2 189 190 194 8
L 196 112 54
D 195 111 2 185 196 187 29
D 183 113 2 184 188 195 8
L 200 120 -76
L 201 122 -77
L 202 120 76
D 199 121 2 200 201 202 8
L 204 124 -78
L 206 126 -79
L 207 128 80
L 208 126 79
D 205 127 2 206 207 208 8
L 209 124 78
D 203 125 2 204 205 209 8
L 211 122 77
D 210 121 2 200 211 202 29
D 198 123 2 199 203 210 8
L 215 130 -73
L 216 132 -72
L 217 130 73
D 214 131 2 215 216 217 8
L 219 134 -71
L 221 136 -74
L 222 138 -75
L 223 136 74
D 220 137 2 221 222 223 8
L 224 134 71
D 218 135 2 219 220 224 8
L 226 132 72
D 225 131 2 215 226 217 29
D 213 133 2 214 218 225 8
L 229 140 -61
L 230 142 -62
L 231 140 61
D 228 141 2 229 230 231 8
L 234 144 -63
L 235 146 -64
L 236 144 63
D 233 145 2 234 235 236 8
L 238 148 -65
L 240 150 -66
L 242 152 -67
L 244 154 -68
L 246 156 69
L 247 158 -70
L 248 156 -69
D 245 157 2 246 247 248 8
L 249 154 68
D 243 155 2 244 245 249 8
L 250 152 67
D 241 153 2 242 243 250 8
L 251 150 66
D 239 151 2 240 241 251 8
L 252 148 65
D 237 149 2 238 239 252 8
L 254 146 64
D 253 145 2 234 254 236 29
D 232 147 2 233 237 253 8
L 256 142 62
D 255 141 2 229 256 231 29
D 227 143 2 228 232 255 8
L 260 138 75
D 259 137 2 221 260 223 29
D 258 135 2 219 259 224 29
D 257 133 2 214 258 225 29
D 212 139 2 213 227 257 8
L 264 128 -80
D 263 127 2 208 264 206 8
D 262 125 2 204 263 209 8
D 261 123 2 199 262 210 8
L 273 158 70
D 272 157 2 248 273 246 8
D 271 155 2 244 272 249 8
D 270 153 2 242 271 250 8
D 269 151 2 240 270 251 8
D 268 149 2 238 269 252 8
D 267 147 2 233 268 253 8
D 266 143 2 228 267 255 8
D 265 139 2 213 266 257 8
D 276 127 2 206 264 208 207
D 275 125 2 204 276 209 29
D 274 123 2 199 275 210 29
D 197 129 3 198 212 261 265 274 8
D 278 111 2 185 196 187 8
D 280 117 2 193 192 191 8
D 279 115 2 189 280 194 8
D 281 111 2 185 186 187 29
D 277 113 2 278 279 281 8
D 285 127 2 206 264 208 29
D 284 125 2 204 285 209 29
D 283 123 2 199 284 210 29
D 282 129 2 198 265 283 8
L 289 118 51
D 288 117 2 191 289 193 29
D 287 115 2 189 288 194 29
D 291 117 2 193 289 191 29
D 290 115 2 189 291 194 29
D 286 113 3 184 287 278 290 187 29
D 182 119 3 183 197 277 282 286 8
L 295 108 60
D 294 107 2 176 295 178 8
D 293 105 2 174 294 179 8
D 292 103 2 169 293 180 8
D 297 113 2 184 279 195 8
D 302 145 2 234 254 236 8
D 307 157 2 248 247 246 8
D 306 155 2 244 307 249 8
D 305 153 2 242 306 250 8
D 304 151 2 240 305 251 8
D 303 149 2 238 304 252 8
D 308 145 2 234 235 236 29
D 301 147 2 302 303 308 8
D 300 143 2 228 301 255 8
D 299 139 2 213 300 257 8
D 311 127 2 206 264 208 8
D 310 125 2 204 311 209 8
D 309 123 2 199 310 210 8
D 315 137 2 223 222 221 8
D 314 135 2 219 315 224 8
D 313 133 2 214 314 225 8
D 318 137 2 221 260 223 8
D 317 135 2 219 318 224 8
D 316 133 2 214 317 225 8
D 321 137 2 221 222 223 260
D 320 135 2 219 321 224 29
D 319 133 2 214 320 225 29
D 312 139 3 313 266 316 227 319 8
D 325 149 2 252 304 238 8
D 324 147 2 233 325 253 8
D 323 143 2 228 324 255 8
D 322 139 2 213 323 257 8
D 327 125 2 209 311 204 8
D 326 123 2 199 327 210 8
D 332 151 2 251 305 240 8
D 331 149 2 238 332 252 8
D 330 147 2 233 331 253 8
D 329 143 2 228 330 255 8
D 328 139 2 213 329 257 8
D 334 121 2 200 211 202 8
D 335 121 2 200 201 202 29
D 333 123 2 334 310 335 8
D 341 153 2 250 306 242 8
D 340 151 2 240 341 251 8
D 339 149 2 238 340 252 8
D 338 147 2 233 339 253 8
D 337 143 2 228 338 255 8
D 336 139 2 213 337 257 8
D 343 121 2 202 201 200 8
D 344 121 2 202 211 200 29
D 342 123 2 343 310 344 8
D 351 155 2 249 307 244 8
D 350 153 2 242 351 250 8
D 349 151 2 240 350 251 8
D 348 149 2 238 349 252 8
D 347 147 2 233 348 253 8
D 346 143 2 228 347 255 8
D 345 139 2 213 346 257 8
D 354 127 2 208 207 206 8
D 355 127 2 206 207 208 29
D 353 125 2 204 354 209 355
D 356 121 2 202 201 200 211
D 357 125 2 204 355 209 29
D 358 121 2 202 211 200 8
D 352 123 3 199 353 356 357 358 29
D 298 129 7 198 299 309 312 261 322 326 328 333 336 342 345 352 8
D 359 113 2 184 290 195 29
D 296 119 2 297 298 359 8
D 362 107 2 178 177 176 8
D 361 105 2 174 362 179 8
D 360 103 2 169 361 180 8
D 368 137 2 221 222 223 29
D 367 135 2 219 368 224 29
D 366 133 2 214 367 225 29
D 365 139 2 316 266 366 8
D 364 129 7 198 322 309 365 261 328 326 336 333 345 342 212 352 8
D 363 119 2 297 364 359 8
D 370 105 2 179 175 174 8
D 369 103 2 169 370 180 8
D 374 125 2 204 276 209 355
D 373 123 3 199 374 356 357 358 29
D 372 129 6 198 328 261 336 326 345 333 212 342 265 373 8
D 371 119 2 297 372 359 8
D 376 101 2 170 181 172 8
D 377 101 2 170 171 172 29
D 375 103 2 376 173 377 8
D 380 123 3 199 374 334 357 202 29
D 379 129 5 198 336 261 345 326 212 333 265 380 8
D 378 119 2 297 379 359 8
D 382 101 2 172 171 170 8
D 383 101 2 172 181 170 29
D 381 103 2 382 173 383 8
D 386 123 2 199 374 210 29
D 385 129 4 198 345 261 212 326 265 386 8
D 384 119 2 297 385 359 8
D 389 107 2 178 295 176 8
D 390 107 2 176 295 178 29
D 388 105 2 174 389 179 390
D 391 101 2 172 171 170 181
D 392 105 2 174 390 179 29
D 393 101 2 172 181 170 8
D 387 103 3 169 388 391 392 393 29
D 167 109 7 168 182 292 296 360 363 369 371 375 378 381 384 387 8
D 395 81 2 142 138 137 8
D 398 91 2 150 161 152 8
D 399 91 2 150 151 152 29
D 397 93 2 398 153 399 8
D 396 89 2 144 397 162 8
D 400 81 2 142 165 137 29
D 394 85 2 395 396 400 8
D 404 111 2 187 186 185 8
D 405 111 2 187 196 185 29
D 403 113 2 404 279 405 8
D 407 111 2 187 186 185 196
D 408 111 2 187 196 185 8
D 406 113 3 184 287 407 290 408 29
D 402 119 4 277 197 183 385 403 282 406 8
D 414 145 2 236 235 234 8
D 415 145 2 236 254 234 29
D 413 147 2 414 303 415 8
D 412 143 2 228 413 255 8
D 411 139 2 213 412 257 8
D 418 131 2 217 216 215 8
D 419 131 2 217 226 215 29
D 417 133 2 418 218 419 8
D 420 133 3 214 320 418 258 226 29
D 416 139 4 417 266 313 227 316 346 420 8
D 410 129 7 198 411 309 416 261 299 326 322 333 328 342 336 352 8
D 409 119 2 297 410 359 8
D 401 109 7 168 402 292 409 360 296 369 363 375 371 381 378 387 8
D 423 83 2 141 140 139 8
D 422 81 2 137 423 142 8
D 425 83 2 141 166 139 29
D 424 81 2 137 425 142 29
D 421 85 2 422 396 424 8
D 429 115 2 194 280 189 8
D 428 113 2 184 429 195 8
D 431 115 2 189 288 194 291
D 430 113 3 184 431 407 290 408 29
D 427 119 5 183 379 403 197 277 385 428 282 430 8
D 436 131 2 215 226 217 8
D 437 131 2 215 216 217 29
D 435 133 2 436 218 437 8
D 439 131 2 217 216 215 226
D 440 131 2 217 226 215 8
D 438 133 3 214 320 439 258 440 29
D 434 139 5 435 266 417 227 313 346 316 337 438 8
D 443 141 2 229 256 231 8
D 444 147 2 233 303 253 8
D 445 141 2 229 230 231 29
D 442 143 2 443 444 445 8
D 441 139 2 213 442 257 8
D 433 129 7 309 434 261 411 198 441 326 299 333 322 342 328 352 8
D 432 119 2 297 433 359 8
D 426 109 7 168 427 292 432 360 409 369 296 375 363 381 371 387 8
D 448 83 2 139 166 141 8
D 447 81 2 137 448 142 8
D 450 83 2 139 140 141 29
D 449 81 2 137 450 142 29
D 446 85 2 447 396 449 8
D 455 117 2 193 289 191 8
D 454 115 2 189 455 194 8
D 453 113 2 184 454 195 8
D 458 117 2 193 192 191 289
D 457 115 2 189 458 194 291
D 456 113 3 184 457 407 290 408 29
D 452 119 6 183 372 277 379 428 197 403 385 453 282 456 8
D 463 135 2 224 220 219 8
D 462 133 2 214 463 225 8
D 465 135 2 219 321 224 259
D 464 133 3 214 465 439 258 440 29
D 461 139 6 462 266 435 227 417 346 316 329 313 337 464 8
D 468 141 2 231 230 229 8
D 469 141 2 231 256 229 29
D 467 143 2 468 444 469 8
D 466 139 2 213 467 257 8
D 460 129 7 309 461 326 411 261 441 333 299 198 466 342 322 352 8
D 459 119 2 297 460 359 8
D 451 109 7 168 452 292 459 360 432 369 409 375 296 381 363 387 8
D 473 91 2 152 161 150 8
D 474 91 2 152 151 150 29
D 472 93 2 473 153 474 8
D 471 89 2 144 472 162 8
D 470 85 2 136 471 164 8
D 476 119 6 183 364 277 372 403 379 453 197 428 385 456 8
D 479 139 6 462 227 435 346 316 323 313 329 417 337 464 8
D 481 125 2 209 355 204 207
D 480 123 3 199 481 356 357 358 29
D 478 129 6 309 479 333 411 326 441 342 299 261 466 480 8
D 477 119 2 297 478 359 8
D 475 109 7 168 476 360 459 292 477 369 432 375 409 381 296 387 8
D 484 87 2 147 146 145 8
D 485 87 2 147 163 145 29
D 483 89 2 484 397 485 8
D 482 85 2 136 483 164 8
D 487 119 6 277 364 183 298 403 372 428 379 453 385 456 8
D 490 139 6 462 346 316 300 313 323 417 329 435 337 464 8
D 491 123 3 356 357 199 355 358 29
D 489 129 5 309 490 342 411 333 441 326 466 491 8
D 488 119 2 297 489 359 8
D 486 109 7 168 487 369 459 360 477 292 488 375 432 381 409 387 8
D 494 87 2 145 163 147 8
D 495 87 2 145 146 147 29
D 493 89 2 494 397 495 8
D 492 85 2 136 493 164 8
D 497 119 6 403 364 277 298 183 410 428 372 453 379 456 8
D 500 139 6 316 412 313 300 417 323 435 329 462 337 464 8
D 502 121 2 202 201 200 29
D 501 123 2 502 357 358 29
D 499 129 4 342 441 309 500 333 466 501 8
D 498 119 2 297 499 359 8
D 496 109 7 168 497 375 459 369 477 360 488 292 498 381 432 387 8
D 506 95 2 159 155 154 8
D 505 93 2 398 506 399 8
D 504 89 2 144 505 162 8
D 503 85 2 136 504 164 8
D 508 119 6 428 364 403 298 277 410 183 433 453 372 456 8
D 511 139 6 313 412 417 300 435 323 462 329 316 442 464 8
D 512 123 2 201 357 211 29
D 510 129 3 342 466 309 511 512 8
D 509 119 2 297 510 359 8
D 507 109 7 168 508 381 459 375 477 369 488 360 498 292 509 387 8
D 517 97 2 158 157 156 8
D 516 95 2 154 517 159 8
D 515 93 2 398 516 399 8
D 514 89 2 144 515 162 8
D 513 85 2 136 514 164 8
D 519 119 6 453 364 428 298 403 410 277 433 183 460 456 8
D 522 139 6 417 412 435 300 462 323 313 442 316 467 464 8
D 523 123 2 199 357 210 29
D 521 129 2 309 522 523 8
D 520 119 2 297 521 359 8
D 518 109 7 381 477 168 519 375 488 369 498 360 509 292 520 387 8
L 529 98 50
D 528 97 2 156 529 158 8
D 527 95 2 154 528 159 8
D 526 93 2 398 527 399 8
D 525 89 2 144 526 162 8
D 524 85 2 136 525 164 8
D 531 119 6 453 298 428 410 403 433 277 460 183 478 456 8
D 537 137 2 223 260 221 29
D 536 135 2 219 537 224 259
D 535 133 3 214 536 439 258 440 29
D 534 139 5 435 412 462 300 417 442 313 467 535 8
D 533 129 2 309 534 523 8
D 532 119 2 297 533 359 8
D 530 109 7 381 488 168 531 375 498 369 509 360 520 292 532 387 8
D 540 83 2 141 140 139 166
D 539 81 2 137 540 142 138
D 544 97 2 156 529 158 29
D 543 95 2 154 544 159 29
D 542 93 2 398 543 399 29
D 541 89 2 144 542 162 29
D 546 87 2 147 146 145 163
D 548 91 2 152 161 150 151
D 550 97 2 156 157 158 529
D 549 95 2 159 544 154 550
D 551 91 2 152 151 150 8
D 547 93 3 548 543 398 549 551 29
D 552 87 2 147 163 145 8
D 545 89 3 546 542 144 547 552 29
D 554 83 2 141 166 139 8
D 553 81 2 137 554 142 165
D 538 85 3 539 541 136 545 553 29
D 134 99 11 135 167 394 401 421 426 446 451 470 475 482 486 492 496 503 507 513 518 524 530 538 8
D 557 63 2 108 107 106 8
D 556 61 2 104 557 109 8
D 560 71 2 117 128 119 8
D 561 71 2 117 118 119 29
D 559 73 2 560 120 561 8
D 558 69 2 111 559 129 8
D 563 63 2 108 133 106 29
D 562 61 2 104 563 109 29
D 555 65 2 556 558 562 8
D 566 119 6 453 410 428 433 403 460 277 478 183 489 456 8
D 571 135 2 224 259 219 29
D 570 133 3 439 258 214 571 440 29
D 569 139 4 462 412 435 442 417 467 570 8
D 568 129 2 309 569 523 8
D 567 119 2 297 568 359 8
D 565 109 7 381 498 168 566 375 509 369 520 360 532 292 567 387 8
D 564 99 11 135 401 394 426 421 451 446 475 470 486 482 496 492 507 503 518 513 530 524 565 538 8
D 574 63 2 106 133 108 8
D 573 61 2 104 574 109 8
D 576 63 2 106 107 108 29
D 575 61 2 104 576 109 29
D 572 65 2 573 558 575 8
D 579 119 6 453 433 428 460 403 478 277 489 183 499 456 8
D 583 133 3 436 258 214 571 217 29
D 582 139 3 462 442 435 467 583 8
D 581 129 2 309 582 523 8
D 580 119 2 297 581 359 8
D 578 109 7 381 509 168 579 375 520 369 532 360 567 292 580 387 8
D 577 99 11 135 426 394 451 421 475 446 486 470 496 482 507 492 518 503 530 513 565 524 578 538 8
D 585 61 2 109 105 104 8
D 586 61 2 109 132 104 29
D 584 65 2 585 558 586 8
D 589 119 6 453 460 428 478 403 489 277 499 183 510 456 8
D 593 133 2 214 571 225 29
D 592 139 2 462 467 593 8
D 591 129 2 309 592 523 8
D 590 119 2 297 591 359 8
D 588 109 7 381 520 168 589 375 532 369 567 360 580 292 590 387 8
D 587 99 11 135 451 394 475 421 486 446 496 470 507 482 518 492 530 503 565 513 578 524 588 538 8
D 597 71 2 119 128 117 8
D 598 71 2 119 118 117 29
D 596 73 2 597 120 598 8
D 595 69 2 111 596 129 8
D 594 65 2 103 595 131 8
D 601 119 6 453 478 428 489 403 499 277 510 183 521 456 8
D 603 105 2 179 390 174 295
D 602 103 3 169 603 391 392 393 29
D 600 109 6 381 532 168 601 375 567 369 580 360 590 602 8
D 599 99 11 135 475 394 486 421 496 446 507 470 518 482 530 492 565 503 578 513 588 524 600 538 8
D 606 67 2 114 113 112 8
D 607 67 2 114 130 112 29
D 605 69 2 606 559 607 8
D 604 65 2 103 605 131 8
D 610 119 6 453 489 428 499 403 510 277 521 183 533 456 8
D 611 103 3 391 392 169 390 393 29
D 609 109 5 381 567 168 610 375 580 369 590 611 8
D 608 99 11 135 486 394 496 421 507 446 518 470 530 482 565 492 578 503 588 513 600 524 609 538 8
D 614 67 2 112 130 114 8
D 615 67 2 112 113 114 29
D 613 69 2 614 559 615 8
D 612 65 2 103 613 131 8
D 618 119 6 453 499 428 510 403 521 277 533 183 568 456 8
D 620 101 2 172 171 170 29
D 619 103 2 620 392 393 29
D 617 109 4 381 580 168 618 375 590 619 8
D 616 99 11 135 496 394 507 421 518 446 530 470 565 482 578 492 588 503 600 513 609 524 617 538 8
D 624 75 2 126 122 121 8
D 623 73 2 560 624 561 8
D 622 69 2 111 623 129 8
D 621 65 2 103 622 131 8
D 627 119 6 453 510 428 521 403 533 277 568 183 581 456 8
D 628 103 2 171 392 181 29
D 626 109 3 381 590 168 627 628 8
D 625 99 11 135 507 394 518 421 530 446 565 470 578 482 588 492 600 503 609 513 617 524 626 538 8
D 633 77 2 125 124 123 8
D 632 75 2 121 633 126 8
D 631 73 2 560 632 561 8
D 630 69 2 111 631 129 8
D 629 65 2 103 630 131 8
D 636 119 6 453 521 428 533 403 568 277 581 183 591 456 8
D 637 103 2 169 392 180 29
D 635 109 2 168 636 637 8
D 634 99 11 135 518 394 530 421 565 446 578 470 588 482 600 492 609 503 617 513 626 524 635 538 8
L 643 78 40
D 642 77 2 123 643 125 8
D 641 75 2 121 642 126 8
D 640 73 2 560 641 561 8
D 639 69 2 111 640 129 8
D 638 65 2 103 639 131 8
D 649 117 2 193 192 191 29
D 648 115 2 194 291 189 649
D 647 113 3 184 648 407 290 408 29
D 646 119 5 453 533 428 568 403 581 277 591 647 8
D 645 109 2 168 646 637 8
D 644 99 11 135 530 394 565 421 578 446 588 470 600 482 609 492 617 503 626 513 635 524 645 538 8
D 652 63 2 108 107 106 133
D 651 61 2 104 652 109 105
D 656 77 2 123 643 125 29
D 655 75 2 121 656 126 29
D 654 73 2 560 655 561 29
D 653 69 2 111 654 129 29
D 658 67 2 114 113 112 130
D 660 71 2 119 128 117 118
D 662 77 2 123 124 125 643
D 661 75 2 126 656 121 662
D 663 71 2 119 118 117 8
D 659 73 3 660 655 560 661 663 29
D 664 67 2 114 130 112 8
D 657 69 3 658 654 111 659 664 29
D 666 63 2 108 133 106 8
D 665 61 2 104 666 109 132
D 650 65 3 651 653 103 657 665 29
D 101 79 11 102 134 555 564 572 577 584 587 594 599 604 608 612 616 621 625 629 634 638 644 650 8
D 669 43 2 75 74 73 8
D 668 41 2 71 669 76 8
D 672 51 2 84 95 86 8
D 673 51 2 84 85 86 29
D 671 53 2 672 87 673 8
D 670 49 2 78 671 96 8
D 675 43 2 75 100 73 29
D 674 41 2 71 675 76 29
D 667 45 2 668 670 674 8
D 680 113 3 184 648 404 290 196 29
D 679 119 4 453 568 428 581 403 591 680 8
D 678 109 2 168 679 637 8
D 677 99 11 135 565 394 578 421 588 446 600 470 609 482 617 492 626 503 635 513 645 524 678 538 8
D 676 79 11 102 564 555 577 572 587 584 599 594 608 604 616 612 625 621 634 629 644 638 677 650 8
D 683 43 2 73 100 75 8
D 682 41 2 71 683 76 8
D 685 43 2 73 74 75 29
D 684 41 2 71 685 76 29
D 681 45 2 682 670 684 8
D 690 113 2 184 648 195 29
D 689 119 3 453 581 428 591 690 8
D 688 109 2 168 689 637 8
D 687 99 11 135 578 394 588 421 600 446 609 470 617 482 626 492 635 503 645 513 678 524 688 538 8
D 686 79 11 102 577 555 587 572 599 584 608 594 616 604 625 612 634 621 644 629 677 638 687 650 8
D 692 41 2 76 72 71 8
D 693 41 2 76 99 71 29
D 691 45 2 692 670 693 8
D 699 115 2 189 649 194 29
D 698 113 2 184 699 195 29
D 697 119 2 453 591 698 8
D 696 109 2 168 697 637 8
D 695 99 11 135 588 394 600 421 609 446 617 470 626 482 635 492 645 503 678 513 688 524 696 538 8
D 694 79 11 102 587 555 599 572 608 584 616 594 625 604 634 612 644 621 677 629 687 638 695 650 8
D 703 51 2 86 95 84 8
D 704 51 2 86 85 84 29
D 702 53 2 703 87 704 8
D 701 49 2 78 702 96 8
D 700 45 2 70 701 98 8
D 711 97 2 158 529 156 29
D 710 95 2 154 711 159 544
D 709 93 3 398 710 548 543 551 29
D 708 89 3 144 709 546 542 552 29
D 707 85 3 136 708 539 541 553 29
D 706 99 10 135 600 394 609 421 617 446 626 470 635 482 645 492 678 503 688 513 696 707 8
D 705 79 11 102 599 555 608 572 616 584 625 594 634 604 644 612 677 621 687 629 695 638 706 650 8
D 714 47 2 81 80 79 8
D 715 47 2 81 97 79 29
D 713 49 2 714 671 715 8
D 712 45 2 70 713 98 8
D 721 95 2 159 544 154 29
D 720 93 3 398 721 548 543 551 29
D 719 89 3 144 720 546 542 552 29
D 718 85 3 136 719 539 541 553 29
D 717 99 9 135 609 394 617 421 626 446 635 470 645 482 678 492 688 503 696 718 8
D 716 79 11 102 608 555 616 572 625 584 634 594 644 604 677 612 687 621 695 629 706 638 717 650 8
D 724 47 2 79 97 81 8
D 725 47 2 79 80 81 29
D 723 49 2 724 671 725 8
D 722 45 2 70 723 98 8
D 731 91 2 150 161 152 151
D 730 93 2 548 543 731 29
D 729 89 3 144 730 546 542 552 29
D 728 85 3 136 729 539 541 553 29
D 727 99 8 135 617 394 626 421 635 446 645 470 678 482 688 492 696 728 8
D 726 79 11 102 616 555 625 572 634 584 644 594 677 604 687 612 695 621 706 629 717 638 727 650 8
D 735 55 2 93 89 88 8
D 734 53 2 672 735 673 8
D 733 49 2 78 734 96 8
D 732 45 2 70 733 98 8
D 739 89 3 144 730 484 542 163 29
D 738 85 3 136 739 539 541 553 29
D 737 99 7 135 626 394 635 421 645 446 678 470 688 482 696 738 8
D 736 79 11 102 625 555 634 572 644 584 677 594 687 604 695 612 706 621 717 629 727 638 737 650 8
D 744 57 2 92 91 90 8
D 743 55 2 88 744 93 8
D 742 53 2 672 743 673 8
D 741 49 2 78 742 96 8
D 740 45 2 70 741 98 8
D 748 89 2 144 730 162 29
D 747 85 3 136 748 539 541 553 29
D 746 99 6 135 635 394 645 421 678 446 688 470 696 747 8
D 745 79 11 102 634 555 644 572 677 584 687 594 695 604 706 612 717 621 727 629 737 638 746 650 8
L 754 58 30
D 753 57 2 90 754 92 8
D 752 55 2 88 753 93 8
D 751 53 2 672 752 673 8
D 750 49 2 78 751 96 8
D 749 45 2 70 750 98 8
D 759 93 2 149 543 160 29
D 758 89 2 144 759 162 29
D 757 85 3 136 758 539 541 553 29
D 756 99 5 135 645 394 678 421 688 446 696 757 8
D 755 79 11 102 644 555 677 572 687 584 695 594 706 604 717 612 727 621 737 629 746 638 756 650 8
D 762 43 2 75 74 73 100
D 761 41 2 71 762 76 72
D 766 57 2 90 754 92 29
D 765 55 2 88 766 93 29
D 764 53 2 672 765 673 29
D 763 49 2 78 764 96 29
D 768 47 2 81 80 79 97
D 770 51 2 86 95 84 85
D 772 57 2 90 91 92 754
D 771 55 2 93 766 88 772
D 773 51 2 86 85 84 8
D 769 53 3 770 765 672 771 773 29
D 774 47 2 81 97 79 8
D 767 49 3 768 764 78 769 774 29
D 776 43 2 75 100 73 8
D 775 41 2 71 776 76 99
D 760 45 3 761 763 70 767 775 29
D 68 59 11 69 101 667 676 681 686 691 694 700 705 712 716 722 726 732 736 740 745 749 755 760 8
D 779 23 2 42 41 40 8
D 778 21 2 38 779 43 8
D 782 31 2 51 62 53 8
D 783 31 2 51 52 53 29
D 781 33 2 782 54 783 8
D 780 29 2 45 781 63 8
D 785 23 2 42 67 40 29
D 784 21 2 38 785 43 29
D 777 25 2 778 780 784 8
D 790 81 2 137 423 142 138
D 791 81 2 142 165 137 166
D 789 85 3 136 758 790 541 791 29
D 788 99 4 135 678 394 688 421 696 789 8
D 787 79 11 102 677 555 687 572 695 584 706 594 717 604 727 612 737 621 746 629 756 638 788 650 8
D 786 59 11 69 676 667 686 681 694 691 705 700 716 712 726 722 736 732 745 740 755 749 787 760 8
D 794 23 2 40 67 42 8
D 793 21 2 38 794 43 8
D 796 23 2 40 41 42 29
D 795 21 2 38 796 43 29
D 792 25 2 793 780 795 8
D 800 85 3 136 758 395 541 165 29
D 799 99 3 135 688 394 696 800 8
D 798 79 11 102 687 555 695 572 706 584 717 594 727 604 737 612 746 621 756 629 788 638 799 650 8
D 797 59 11 69 686 667 694 681 705 691 716 700 726 712 736 722 745 732 755 740 787 749 798 760 8
D 802 21 2 43 39 38 8
D 803 21 2 43 66 38 29
D 801 25 2 802 780 803 8
D 807 85 2 136 758 164 29
D 806 99 2 135 696 807 8
D 805 79 11 102 695 555 706 572 717 584 727 594 737 604 746 612 756 621 788 629 799 638 806 650 8
D 804 59 11 69 694 667 705 681 716 691 726 700 736 712 745 722 755 732 787 740 798 749 805 760 8
D 811 31 2 53 62 51 8
D 812 31 2 53 52 51 29
D 810 33 2 811 54 812 8
D 809 29 2 45 810 63 8
D 808 25 2 37 809 65 8
D 819 77 2 125 643 123 29
D 818 75 2 121 819 126 656
D 817 73 3 560 818 660 655 663 29
D 816 69 3 111 817 658 654 664 29
D 815 65 3 103 816 651 653 665 29
D 814 79 10 102 706 555 717 572 727 584 737 594 746 604 756 612 788 621 799 629 806 815 8
D 813 59 11 69 705 667 716 681 726 691 736 700 745 712 755 722 787 732 798 740 805 749 814 760 8
D 822 27 2 48 47 46 8
D 823 27 2 48 64 46 29
D 821 29 2 822 781 823 8
D 820 25 2 37 821 65 8
D 829 75 2 126 656 121 29
D 828 73 3 560 829 660 655 663 29
D 827 69 3 111 828 658 654 664 29
D 826 65 3 103 827 651 653 665 29
D 825 79 9 102 717 555 727 572 737 584 746 594 756 604 788 612 799 621 806 826 8
D 824 59 11 69 716 667 726 681 736 691 745 700 755 712 787 722 798 732 805 740 814 749 825 760 8
D 832 27 2 46 64 48 8
D 833 27 2 46 47 48 29
D 831 29 2 832 781 833 8
D 830 25 2 37 831 65 8
D 839 71 2 117 128 119 118
D 838 73 2 660 655 839 29
D 837 69 3 111 838 658 654 664 29
D 836 65 3 103 837 651 653 665 29
D 835 79 8 102 727 555 737 572 746 584 756 594 788 604 799 612 806 836 8
D 834 59 11 69 726 667 736 681 745 691 755 700 787 712 798 722 805 732 814 740 825 749 835 760 8
D 843 35 2 60 56 55 8
D 842 33 2 782 843 783 8
D 841 29 2 45 842 63 8
D 840 25 2 37 841 65 8
D 847 69 3 111 838 606 654 130 29
D 846 65 3 103 847 651 653 665 29
D 845 79 7 102 737 555 746 572 756 584 788 594 799 604 806 846 8
D 844 59 11 69 736 667 745 681 755 691 787 700 798 712 805 722 814 732 825 740 835 749 845 760 8
D 852 37 2 59 58 57 8
D 851 35 2 55 852 60 8
D 850 33 2 782 851 783 8
D 849 29 2 45 850 63 8
D 848 25 2 37 849 65 8
D 856 69 2 111 838 129 29
D 855 65 3 103 856 651 653 665 29
D 854 79 6 102 746 555 756 572 788 584 799 594 806 855 8
D 853 59 11 69 745 667 755 681 787 691 798 700 805 712 814 722 825 732 835 740 845 749 854 760 8
L 862 38 20
D 861 37 2 57 862 59 8
D 860 35 2 55 861 60 8
D 859 33 2 782 860 783 8
D 858 29 2 45 859 63 8
D 857 25 2 37 858 65 8
D 867 73 2 116 655 127 29
D 866 69 2 111 867 129 29
D 865 65 3 103 866 651 653 665 29
D 864 79 5 102 756 555 788 572 799 584 806 865 8
D 863 59 11 69 755 667 787 681 798 691 805 700 814 712 825 722 835 732 845 740 854 749 864 760 8
D 870 23 2 42 41 40 67
D 869 21 2 38 870 43 39
D 874 37 2 57 862 59 29
D 873 35 2 55 874 60 29
D 872 33 2 782 873 783 29
D 871 29 2 45 872 63 29
D 876 27 2 48 47 46 64
D 878 31 2 53 62 51 52
D 880 37 2 57 58 59 862
D 879 35 2 60 874 55 880
D 881 31 2 53 52 51 8
D 877 33 3 878 873 782 879 881 29
D 882 27 2 48 64 46 8
D 875 29 3 876 872 45 877 882 29
D 884 23 2 42 67 40 8
D 883 21 2 38 884 43 66
D 868 25 3 869 871 37 875 883 29
D 35 39 11 36 68 777 786 792 797 801 804 808 813 820 824 830 834 840 844 848 853 857 863 868 8
D 887 3 2 7 6 5 8
D 886 1 2 3 887 9 8
D 890 11 2 17 28 19 8
D 891 11 2 17 18 19 29
D 889 13 2 890 20 891 8
D 888 9 2 11 889 30 8
D 893 3 2 7 34 5 29
D 892 1 2 3 893 9 29
D 885 5 2 886 888 892 8
D 898 61 2 104 652 109 8
D 899 61 2 104 666 109 29
D 897 65 3 103 866 898 653 899 29
D 896 79 4 102 788 555 799 572 806 897 8
D 895 59 11 69 787 667 798 681 805 691 814 700 825 712 835 722 845 732 854 740 864 749 896 760 8
D 894 39 11 36 786 777 797 792 804 801 813 808 824 820 834 830 844 840 853 848 863 857 895 868 8
D 902 3 2 5 34 7 8
D 901 1 2 3 902 9 8
D 904 3 2 5 6 7 29
D 903 1 2 3 904 9 29
D 900 5 2 901 888 903 8
D 909 61 2 104 133 109 29
D 908 65 3 103 866 556 653 909 29
D 907 79 3 102 799 555 806 908 8
D 906 59 11 69 798 667 805 681 814 691 825 700 835 712 845 722 854 732 864 740 896 749 907 760 8
D 905 39 11 36 797 777 804 792 813 801 824 808 834 820 844 830 853 840 863 848 895 857 906 868 8
D 911 1 2 9 4 3 8
D 912 1 2 9 33 3 29
D 910 5 2 911 888 912 8
D 916 65 2 103 866 131 29
D 915 79 2 102 806 916 8
D 914 59 11 69 805 667 814 681 825 691 835 700 845 712 854 722 864 732 896 740 907 749 915 760 8
D 913 39 11 36 804 777 813 792 824 801 834 808 844 820 853 830 863 840 895 848 906 857 914 868 8
D 920 11 2 19 28 17 8
D 921 11 2 19 18 17 29
D 919 13 2 920 20 921 8
D 918 9 2 11 919 30 8
D 917 5 2 2 918 32 8
D 928 57 2 92 754 90 29
D 927 55 2 88 928 93 766
D 926 53 3 672 927 770 765 773 29
D 925 49 3 78 926 768 764 774 29
D 924 45 3 70 925 761 763 775 29
D 923 59 10 69 814 667 825 681 835 691 845 700 854 712 864 722 896 732 907 740 915 924 8
D 922 39 11 36 813 777 824 792 834 801 844 808 853 820 863 830 895 840 906 848 914 857 923 868 8
D 931 7 2 14 13 12 8
D 932 7 2 14 31 12 29
D 930 9 2 931 889 932 8
D 929 5 2 2 930 32 8
D 938 55 2 93 766 88 29
D 937 53 3 672 938 770 765 773 29
D 936 49 3 78 937 768 764 774 29
D 935 45 3 70 936 761 763 775 29
D 934 59 9 69 825 667 835 681 845 691 854 700 864 712 896 722 907 732 915 935 8
D 933 39 11 36 824 777 834 792 844 801 853 808 863 820 895 830 906 840 914 848 923 857 934 868 8
D 941 7 2 12 31 14 8
D 942 7 2 12 13 14 29
D 940 9 2 941 889 942 8
D 939 5 2 2 940 32 8
D 948 51 2 84 95 86 85
D 947 53 2 770 765 948 29
D 946 49 3 78 947 768 764 774 29
D 945 45 3 70 946 761 763 775 29
D 944 59 8 69 835 667 845 681 854 691 864 700 896 712 907 722 915 945 8
D 943 39 11 36 834 777 844 792 853 801 863 808 895 820 906 830 914 840 923 848 934 857 944 868 8
D 952 15 2 26 22 21 8
D 951 13 2 890 952 891 8
D 950 9 2 11 951 30 8
D 949 5 2 2 950 32 8
D 956 49 3 78 947 714 764 97 29
D 955 45 3 70 956 761 763 775 29
D 954 59 7 69 845 667 854 681 864 691 896 700 907 712 915 955 8
D 953 39 11 36 844 777 853 792 863 801 895 808 906 820 914 830 923 840 934 848 944 857 954 868 8
D 961 17 2 25 24 23 8
D 960 15 2 21 961 26 8
D 959 13 2 890 960 891 8
D 958 9 2 11 959 30 8
D 957 5 2 2 958 32 8
D 965 49 2 78 947 96 29
D 964 45 3 70 965 761 763 775 29
D 963 59 6 69 854 667 864 681 896 691 907 700 915 964 8
D 962 39 11 36 853 777 863 792 895 801 906 808 914 820 923 830 934 840 944 848 954 857 963 868 8
L 971 18 10
D 970 17 2 23 971 25 8
D 969 15 2 21 970 26 8
D 968 13 2 890 969 891 8
D 967 9 2 11 968 30 8
D 966 5 2 2 967 32 8
D 976 53 2 83 765 94 29
D 975 49 2 78 976 96 29
D 974 45 3 70 975 761 763 775 29
D 973 59 5 69 864 667 896 681 907 691 915 974 8
D 972 39 11 36 863 777 895 792 906 801 914 808 923 820 934 830 944 840 954 848 963 857 973 868 8
D 981 17 2 23 24 25 971
D 982 17 2 23 971 25 29
D 980 15 2 21 981 26 982
D 983 11 2 19 28 17 18
D 984 15 2 21 982 26 29
D 985 11 2 19 18 17 8
D 979 13 3 890 980 983 984 985 29
D 986 7 2 14 13 12 31
D 987 13 2 890 984 891 29
D 988 7 2 14 31 12 8
D 978 9 3 11 979 986 987 988 29
D 990 3 2 7 6 5 34
D 989 1 2 3 990 9 4
D 991 9 2 11 987 30 29
D 993 3 2 7 34 5 8
D 992 1 2 3 993 9 33
D 977 5 3 2 978 989 991 992 29
D 0 19 11 1 35 885 894 900 905 910 913 917 922 929 933 939 943 949 953 957 962 966 972 977 8
