c ids of sdd nodes start at 0
c sdd nodes appear bottom-up, children before parents
c
c file syntax:
c sdd count-of-sdd-nodes
c F id-of-false-sdd-node
c T id-of-true-sdd-node
c L id-of-literal-sdd-node id-of-vtree literal
c D id-of-decomposition-sdd-node id-of-vtree number-of-elements {id-of-prime id-of-sub}*
c
sdd 997
L 3 0 -4
L 5 2 -2
L 6 4 -3
L 7 2 2
F 8
D 4 3 2 5 6 7 8
L 9 0 4
D 2 1 2 3 4 9 8
L 12 6 -6
L 13 8 -7
L 14 6 6
D 11 7 2 12 13 14 8
L 17 10 -5
L 18 12 1
L 19 10 5
D 16 11 2 17 18 19 8
L 21 14 -8
L 23 16 -9
L 24 18 -10
L 25 16 9
D 22 17 2 23 24 25 8
L 26 14 8
D 20 15 2 21 22 26 8
L 28 12 -1
T 29
D 27 11 2 17 28 19 29
D 15 13 2 16 20 27 8
L 31 8 7
D 30 7 2 12 31 14 29
D 10 9 2 11 15 30 8
L 34 4 3
D 33 3 2 5 34 7 29
D 32 1 2 3 33 9 29
D 1 5 2 2 10 32 8
L 38 20 -14
L 40 22 -12
L 41 24 -13
L 42 22 12
D 39 23 2 40 41 42 8
L 43 20 14
D 37 21 2 38 39 43 8
L 46 26 -16
L 47 28 -17
L 48 26 16
D 45 27 2 46 47 48 8
L 51 30 -15
L 52 32 11
L 53 30 15
D 50 31 2 51 52 53 8
L 55 34 -18
L 57 36 -19
L 58 38 -20
L 59 36 19
D 56 37 2 57 58 59 8
L 60 34 18
D 54 35 2 55 56 60 8
L 62 32 -11
D 61 31 2 51 62 53 29
D 49 33 2 50 54 61 8
L 64 28 17
D 63 27 2 46 64 48 29
D 44 29 2 45 49 63 8
L 67 24 13
D 66 23 2 40 67 42 29
D 65 21 2 38 66 43 29
D 36 25 2 37 44 65 8
L 71 40 -24
L 73 42 -22
L 74 44 -23
L 75 42 22
D 72 43 2 73 74 75 8
L 76 40 24
D 70 41 2 71 72 76 8
L 79 46 -26
L 80 48 -27
L 81 46 26
D 78 47 2 79 80 81 8
L 84 50 -25
L 85 52 21
L 86 50 25
D 83 51 2 84 85 86 8
L 88 54 -28
L 90 56 -29
L 91 58 -30
L 92 56 29
D 89 57 2 90 91 92 8
L 93 54 28
D 87 55 2 88 89 93 8
L 95 52 -21
D 94 51 2 84 95 86 29
D 82 53 2 83 87 94 8
L 97 48 27
D 96 47 2 79 97 81 29
D 77 49 2 78 82 96 8
L 100 44 23
D 99 43 2 73 100 75 29
D 98 41 2 71 99 76 29
D 69 45 2 70 77 98 8
L 104 60 -34
L 106 62 -32
L 107 64 -33
L 108 62 32
D 105 63 2 106 107 108 8
L 109 60 34
D 103 61 2 104 105 109 8
L 112 66 -36
L 113 68 -37
L 114 66 36
D 111 67 2 112 113 114 8
L 117 70 -35
L 118 72 31
L 119 70 35
D 116 71 2 117 118 119 8
L 121 74 -38
L 123 76 -39
L 124 78 -40
L 125 76 39
D 122 77 2 123 124 125 8
L 126 74 38
D 120 75 2 121 122 126 8
L 128 72 -31
D 127 71 2 117 128 119 29
D 115 73 2 116 120 127 8
L 130 68 37
D 129 67 2 112 130 114 29
D 110 69 2 111 115 129 8
L 133 64 33
D 132 63 2 106 133 108 29
D 131 61 2 104 132 109 29
D 102 65 2 103 110 131 8
L 137 80 -42
L 139 82 -43
L 140 84 -44
L 141 82 43
D 138 83 2 139 140 141 8
L 142 80 42
D 136 81 2 137 138 142 8
L 145 86 -46
L 146 88 -47
L 147 86 46
D 144 87 2 145 146 147 8
L 150 90 -45
L 151 92 41
L 152 90 45
D 149 91 2 150 151 152 8
L 154 94 -48
L 156 96 -49
L 157 98 -50
L 158 96 49
D 155 97 2 156 157 158 8
L 159 94 48
D 153 95 2 154 155 159 8
L 161 92 -41
D 160 91 2 150 161 152 29
D 148 93 2 149 153 160 8
L 163 88 47
D 162 87 2 145 163 147 29
D 143 89 2 144 148 162 8
L 166 84 44
D 165 83 2 139 166 141 29
D 164 81 2 137 165 142 29
D 135 85 2 136 143 164 8
L 170 100 -56
L 171 102 -57
L 172 100 56
D 169 101 2 170 171 172 8
L 174 104 -58
L 176 106 -59
L 177 108 -60
L 178 106 59
D 175 107 2 176 177 178 8
L 179 104 58
D 173 105 2 174 175 179 8
L 181 102 57
D 180 101 2 170 181 172 29
D 168 103 2 169 173 180 8
L 185 110 -53
L 186 112 -54
L 187 110 53
D 184 111 2 185 186 187 8
L 189 114 -52
L 191 116 55
L 192 118 -51
L 193 116 -55
D 190 117 2 191 192 193 8
L 194 114 52
D 188 115 2 189 190 194 8
L 196 112 54
D 195 111 2 185 196 187 29
D 183 113 2 184 188 195 8
L 200 120 -76
L 201 122 -77
L 202 120 76
D 199 121 2 200 201 202 8
L 204 124 -78
L 206 126 -79
L 207 128 80
L 208 126 79
D 205 127 2 206 207 208 8
L 209 124 78
D 203 125 2 204 205 209 8
L 211 122 77
D 210 121 2 200 211 202 29
D 198 123 2 199 203 210 8
L 215 130 -73
L 216 132 -72
L 217 130 73
D 214 131 2 215 216 217 8
L 219 134 -71
L 221 136 -74
L 222 138 -75
L 223 136 74
D 220 137 2 221 222 223 8
L 224 134 71
D 218 135 2 219 220 224 8
L 226 132 72
D 225 131 2 215 226 217 29
D 213 133 2 214 218 225 8
L 229 140 -61
L 230 142 -62
L 231 140 61
D 228 141 2 229 230 231 8
L 234 144 -63
L 235 146 -64
L 236 144 63
D 233 145 2 234 235 236 8
L 238 148 -65
L 240 150 -66
L 242 152 -67
L 244 154 -68
L 246 156 -69
L 247 158 70
L 248 156 69
D 245 157 2 246 247 248 8
L 249 154 68
D 243 155 2 244 245 249 8
L 250 152 67
D 241 153 2 242 243 250 8
L 251 150 66
D 239 151 2 240 241 251 8
L 252 148 65
D 237 149 2 238 239 252 8
L 254 146 64
D 253 145 2 234 254 236 29
D 232 147 2 233 237 253 8
L 256 142 62
D 255 141 2 229 256 231 29
D 227 143 2 228 232 255 8
L 260 138 75
D 259 137 2 221 260 223 29
D 258 135 2 219 259 224 29
D 257 133 2 214 258 225 29
D 212 139 2 213 227 257 8
L 264 128 -80
D 263 127 2 206 264 208 29
D 262 125 2 204 263 209 29
D 261 123 2 199 262 210 29
D 197 129 2 198 212 261 8
L 268 118 51
D 267 117 2 191 268 193 29
D 266 115 2 189 267 194 29
D 265 113 2 184 266 195 29
D 182 119 2 183 197 265 8
L 272 108 60
D 271 107 2 176 272 178 8
D 270 105 2 174 271 179 8
D 269 103 2 169 270 180 8
D 276 117 2 193 192 191 8
D 275 115 2 189 276 194 8
D 274 113 2 184 275 195 8
L 286 158 -70
D 285 157 2 246 286 248 8
D 284 155 2 244 285 249 8
D 283 153 2 242 284 250 8
D 282 151 2 240 283 251 8
D 281 149 2 252 282 238 8
D 280 147 2 233 281 253 8
D 279 143 2 228 280 255 8
D 278 139 2 213 279 257 8
D 289 127 2 206 264 208 8
D 288 125 2 204 289 209 8
D 287 123 2 199 288 210 8
D 293 137 2 221 260 223 8
D 292 135 2 219 293 224 8
D 291 133 2 214 292 225 8
D 296 137 2 221 222 223 29
D 295 135 2 219 296 224 29
D 294 133 2 214 295 225 29
D 290 139 2 291 227 294 8
D 299 127 2 208 264 206 8
D 298 125 2 204 299 209 8
D 297 123 2 199 298 210 8
D 304 151 2 251 283 240 8
D 303 149 2 238 304 252 8
D 302 147 2 233 303 253 8
D 301 143 2 228 302 255 8
D 300 139 2 213 301 257 8
D 306 125 2 209 289 204 8
D 305 123 2 199 306 210 8
D 312 153 2 250 284 242 8
D 311 151 2 240 312 251 8
D 310 149 2 238 311 252 8
D 309 147 2 233 310 253 8
D 308 143 2 228 309 255 8
D 307 139 2 213 308 257 8
D 314 121 2 200 211 202 8
D 315 121 2 200 201 202 29
D 313 123 2 314 288 315 8
D 322 155 2 249 285 244 8
D 321 153 2 242 322 250 8
D 320 151 2 240 321 251 8
D 319 149 2 238 320 252 8
D 318 147 2 233 319 253 8
D 317 143 2 228 318 255 8
D 316 139 2 213 317 257 8
D 324 121 2 202 201 200 8
D 325 121 2 202 211 200 29
D 323 123 2 324 288 325 8
D 333 157 2 248 286 246 8
D 332 155 2 244 333 249 8
D 331 153 2 242 332 250 8
D 330 151 2 240 331 251 8
D 329 149 2 238 330 252 8
D 328 147 2 233 329 253 8
D 327 143 2 228 328 255 8
D 326 139 2 213 327 257 8
D 336 127 2 208 207 206 8
D 337 127 2 206 207 208 29
D 335 125 2 204 336 209 337
D 338 121 2 202 201 200 211
D 339 125 2 204 337 209 29
D 340 121 2 202 211 200 8
D 334 123 3 199 335 338 339 340 29
D 277 129 7 198 278 287 290 297 300 305 307 313 316 323 326 334 8
D 343 117 2 193 268 191 29
D 342 115 2 189 343 194 29
D 341 113 2 184 342 195 29
D 273 119 2 274 277 341 8
D 346 107 2 178 177 176 8
D 345 105 2 174 346 179 8
D 344 103 2 169 345 180 8
D 351 127 2 206 264 208 207
D 350 125 2 204 351 209 337
D 349 123 3 199 350 338 339 340 29
D 348 129 6 198 300 297 307 305 316 313 326 323 212 349 8
D 347 119 2 274 348 341 8
D 353 105 2 179 175 174 8
D 352 103 2 169 353 180 8
D 356 123 3 199 350 314 339 202 29
D 355 129 5 198 307 297 316 305 326 313 212 356 8
D 354 119 2 274 355 341 8
D 358 101 2 170 181 172 8
D 359 101 2 170 171 172 29
D 357 103 2 358 173 359 8
D 362 123 2 199 350 210 29
D 361 129 4 198 316 297 326 305 212 362 8
D 360 119 2 274 361 341 8
D 364 101 2 172 171 170 8
D 365 101 2 172 181 170 29
D 363 103 2 364 173 365 8
D 369 125 2 204 351 209 29
D 368 123 2 199 369 210 29
D 367 129 3 198 326 297 212 368 8
D 366 119 2 274 367 341 8
D 372 107 2 178 272 176 8
D 373 107 2 176 272 178 29
D 371 105 2 174 372 179 373
D 374 101 2 172 171 170 181
D 375 105 2 174 373 179 29
D 376 101 2 172 181 170 8
D 370 103 3 169 371 374 375 376 29
D 167 109 7 168 182 269 273 344 347 352 354 357 360 363 366 370 8
D 378 81 2 142 138 137 8
D 381 91 2 150 161 152 8
D 382 91 2 150 151 152 29
D 380 93 2 381 153 382 8
D 379 89 2 144 380 162 8
D 383 81 2 142 165 137 29
D 377 85 2 378 379 383 8
D 387 111 2 185 196 187 8
D 388 111 2 185 186 187 29
D 386 113 2 387 275 388 8
D 389 113 3 184 266 387 342 187 29
D 385 119 3 183 367 386 197 389 8
D 395 145 2 234 254 236 8
D 396 149 2 238 282 252 8
D 397 145 2 234 235 236 29
D 394 147 2 395 396 397 8
D 393 143 2 228 394 255 8
D 392 139 2 213 393 257 8
D 401 137 2 223 222 221 8
D 400 135 2 219 401 224 8
D 399 133 2 214 400 225 8
D 404 137 2 221 222 223 260
D 403 135 2 219 404 224 29
D 402 133 2 214 403 225 29
D 398 139 3 399 227 291 327 402 8
D 391 129 7 198 392 287 398 297 278 305 300 313 307 323 316 334 8
D 390 119 2 274 391 341 8
D 384 109 7 168 385 269 390 344 273 352 347 357 354 363 360 370 8
D 407 83 2 141 140 139 8
D 406 81 2 137 407 142 8
D 409 83 2 141 166 139 29
D 408 81 2 137 409 142 29
D 405 85 2 406 379 408 8
D 413 111 2 187 186 185 8
D 414 111 2 187 196 185 29
D 412 113 2 413 275 414 8
D 416 111 2 187 186 185 196
D 417 111 2 187 196 185 8
D 415 113 3 184 266 416 342 417 29
D 411 119 4 386 367 183 361 412 197 415 8
D 423 145 2 236 235 234 8
D 424 145 2 236 254 234 29
D 422 147 2 423 396 424 8
D 421 143 2 228 422 255 8
D 420 139 2 213 421 257 8
D 427 131 2 217 216 215 8
D 428 131 2 217 226 215 29
D 426 133 2 427 218 428 8
D 429 133 3 214 403 427 258 226 29
D 425 139 4 426 227 399 327 291 317 429 8
D 419 129 7 198 420 287 425 297 392 305 278 313 300 323 307 334 8
D 418 119 2 274 419 341 8
D 410 109 7 168 411 269 418 344 390 352 273 357 347 363 354 370 8
D 432 83 2 139 166 141 8
D 431 81 2 137 432 142 8
D 434 83 2 139 140 141 29
D 433 81 2 137 434 142 29
D 430 85 2 431 379 433 8
D 438 115 2 194 276 189 8
D 437 113 2 184 438 195 8
D 440 115 2 189 267 194 343
D 439 113 3 184 440 416 342 417 29
D 436 119 5 183 355 412 367 386 361 437 197 439 8
D 445 131 2 215 226 217 8
D 446 131 2 215 216 217 29
D 444 133 2 445 218 446 8
D 448 131 2 217 216 215 226
D 449 131 2 217 226 215 8
D 447 133 3 214 403 448 258 449 29
D 443 139 5 444 227 426 327 399 317 291 308 447 8
D 452 141 2 229 256 231 8
D 453 147 2 233 396 253 8
D 454 141 2 229 230 231 29
D 451 143 2 452 453 454 8
D 450 139 2 213 451 257 8
D 442 129 7 287 443 297 420 198 450 305 392 313 278 323 300 334 8
D 441 119 2 274 442 341 8
D 435 109 7 168 436 269 441 344 418 352 390 357 273 363 347 370 8
D 458 91 2 152 161 150 8
D 459 91 2 152 151 150 29
D 457 93 2 458 153 459 8
D 456 89 2 144 457 162 8
D 455 85 2 136 456 164 8
D 464 117 2 193 268 191 8
D 463 115 2 189 464 194 8
D 462 113 2 184 463 195 8
D 467 117 2 193 192 191 268
D 466 115 2 189 467 194 343
D 465 113 3 184 466 416 342 417 29
D 461 119 6 183 348 386 355 437 367 412 361 462 197 465 8
D 472 135 2 224 220 219 8
D 471 133 2 214 472 225 8
D 474 135 2 219 404 224 259
D 473 133 3 214 474 448 258 449 29
D 470 139 6 471 227 444 327 426 317 291 301 399 308 473 8
D 477 141 2 231 230 229 8
D 478 141 2 231 256 229 29
D 476 143 2 477 453 478 8
D 475 139 2 213 476 257 8
D 469 129 7 287 470 305 420 297 450 313 392 198 475 323 278 334 8
D 468 119 2 274 469 341 8
D 460 109 7 168 461 269 468 344 441 352 418 357 390 363 273 370 8
D 481 87 2 147 146 145 8
D 482 87 2 147 163 145 29
D 480 89 2 481 380 482 8
D 479 85 2 136 480 164 8
D 484 119 6 183 277 386 348 412 355 462 367 437 361 465 8
D 487 139 6 471 327 444 317 291 279 399 301 426 308 473 8
D 489 125 2 209 337 204 207
D 488 123 3 199 489 338 339 340 29
D 486 129 6 287 487 313 420 305 450 323 392 297 475 488 8
D 485 119 2 274 486 341 8
D 483 109 7 168 484 344 468 269 485 352 441 357 418 363 390 370 8
D 492 87 2 145 163 147 8
D 493 87 2 145 146 147 29
D 491 89 2 492 380 493 8
D 490 85 2 136 491 164 8
D 495 119 6 386 277 183 391 412 348 437 355 462 361 465 8
D 498 139 6 471 317 291 393 399 279 426 301 444 308 473 8
D 499 123 3 338 339 199 337 340 29
D 497 129 5 287 498 323 420 313 450 305 475 499 8
D 496 119 2 274 497 341 8
D 494 109 7 168 495 352 468 344 485 269 496 357 441 363 418 370 8
D 503 95 2 159 155 154 8
D 502 93 2 381 503 382 8
D 501 89 2 144 502 162 8
D 500 85 2 136 501 164 8
D 505 119 6 412 277 386 391 183 419 437 348 462 355 465 8
D 508 139 6 291 421 399 393 426 279 444 301 471 308 473 8
D 510 121 2 202 201 200 29
D 509 123 2 510 339 340 29
D 507 129 4 323 450 287 508 313 475 509 8
D 506 119 2 274 507 341 8
D 504 109 7 168 505 357 468 352 485 344 496 269 506 363 441 370 8
D 515 97 2 158 157 156 8
D 514 95 2 154 515 159 8
D 513 93 2 381 514 382 8
D 512 89 2 144 513 162 8
D 511 85 2 136 512 164 8
D 517 119 6 437 277 412 391 386 419 183 442 462 348 465 8
D 520 139 6 399 421 426 393 444 279 471 301 291 451 473 8
D 521 123 2 201 339 211 29
D 519 129 3 323 475 287 520 521 8
D 518 119 2 274 519 341 8
D 516 109 7 168 517 363 468 357 485 352 496 344 506 269 518 370 8
L 527 98 50
D 526 97 2 156 527 158 8
D 525 95 2 154 526 159 8
D 524 93 2 381 525 382 8
D 523 89 2 144 524 162 8
D 522 85 2 136 523 164 8
D 529 119 6 462 277 437 391 412 419 386 442 183 469 465 8
D 532 139 6 426 421 444 393 471 279 399 451 291 476 473 8
D 533 123 2 199 339 210 29
D 531 129 2 287 532 533 8
D 530 119 2 274 531 341 8
D 528 109 7 363 485 168 529 357 496 352 506 344 518 269 530 370 8
D 536 83 2 141 140 139 166
D 535 81 2 137 536 142 138
D 540 97 2 156 527 158 29
D 539 95 2 154 540 159 29
D 538 93 2 381 539 382 29
D 537 89 2 144 538 162 29
D 542 87 2 147 146 145 163
D 544 91 2 152 161 150 151
D 546 97 2 156 157 158 527
D 545 95 2 159 540 154 546
D 547 91 2 152 151 150 8
D 543 93 3 544 539 381 545 547 29
D 548 87 2 147 163 145 8
D 541 89 3 542 538 144 543 548 29
D 550 83 2 141 166 139 8
D 549 81 2 137 550 142 165
D 534 85 3 535 537 136 541 549 29
D 134 99 11 135 167 377 384 405 410 430 435 455 460 479 483 490 494 500 504 511 516 522 528 534 8
D 553 63 2 108 107 106 8
D 552 61 2 104 553 109 8
D 556 71 2 117 128 119 8
D 557 71 2 117 118 119 29
D 555 73 2 556 120 557 8
D 554 69 2 111 555 129 8
D 559 63 2 108 133 106 29
D 558 61 2 104 559 109 29
D 551 65 2 552 554 558 8
D 562 119 6 462 391 437 419 412 442 386 469 183 486 465 8
D 568 137 2 223 260 221 29
D 567 135 2 219 568 224 259
D 566 133 3 214 567 448 258 449 29
D 565 139 5 444 421 471 393 426 451 399 476 566 8
D 564 129 2 287 565 533 8
D 563 119 2 274 564 341 8
D 561 109 7 363 496 168 562 357 506 352 518 344 530 269 563 370 8
D 560 99 11 135 384 377 410 405 435 430 460 455 483 479 494 490 504 500 516 511 528 522 561 534 8
D 571 63 2 106 133 108 8
D 570 61 2 104 571 109 8
D 573 63 2 106 107 108 29
D 572 61 2 104 573 109 29
D 569 65 2 570 554 572 8
D 576 119 6 462 419 437 442 412 469 386 486 183 497 465 8
D 581 135 2 224 259 219 29
D 580 133 3 448 258 214 581 449 29
D 579 139 4 471 421 444 451 426 476 580 8
D 578 129 2 287 579 533 8
D 577 119 2 274 578 341 8
D 575 109 7 363 506 168 576 357 518 352 530 344 563 269 577 370 8
D 574 99 11 135 410 377 435 405 460 430 483 455 494 479 504 490 516 500 528 511 561 522 575 534 8
D 583 61 2 109 105 104 8
D 584 61 2 109 132 104 29
D 582 65 2 583 554 584 8
D 587 119 6 462 442 437 469 412 486 386 497 183 507 465 8
D 591 133 3 445 258 214 581 217 29
D 590 139 3 471 451 444 476 591 8
D 589 129 2 287 590 533 8
D 588 119 2 274 589 341 8
D 586 109 7 363 518 168 587 357 530 352 563 344 577 269 588 370 8
D 585 99 11 135 435 377 460 405 483 430 494 455 504 479 516 490 528 500 561 511 575 522 586 534 8
D 595 71 2 119 128 117 8
D 596 71 2 119 118 117 29
D 594 73 2 595 120 596 8
D 593 69 2 111 594 129 8
D 592 65 2 103 593 131 8
D 599 119 6 462 469 437 486 412 497 386 507 183 519 465 8
D 603 133 2 214 581 225 29
D 602 139 2 471 476 603 8
D 601 129 2 287 602 533 8
D 600 119 2 274 601 341 8
D 598 109 7 363 530 168 599 357 563 352 577 344 588 269 600 370 8
D 597 99 11 135 460 377 483 405 494 430 504 455 516 479 528 490 561 500 575 511 586 522 598 534 8
D 606 67 2 114 113 112 8
D 607 67 2 114 130 112 29
D 605 69 2 606 555 607 8
D 604 65 2 103 605 131 8
D 610 119 6 462 486 437 497 412 507 386 519 183 531 465 8
D 612 105 2 179 373 174 272
D 611 103 3 169 612 374 375 376 29
D 609 109 6 363 563 168 610 357 577 352 588 344 600 611 8
D 608 99 11 135 483 377 494 405 504 430 516 455 528 479 561 490 575 500 586 511 598 522 609 534 8
D 615 67 2 112 130 114 8
D 616 67 2 112 113 114 29
D 614 69 2 615 555 616 8
D 613 65 2 103 614 131 8
D 619 119 6 462 497 437 507 412 519 386 531 183 564 465 8
D 620 103 3 374 375 169 373 376 29
D 618 109 5 363 577 168 619 357 588 352 600 620 8
D 617 99 11 135 494 377 504 405 516 430 528 455 561 479 575 490 586 500 598 511 609 522 618 534 8
D 624 75 2 126 122 121 8
D 623 73 2 556 624 557 8
D 622 69 2 111 623 129 8
D 621 65 2 103 622 131 8
D 627 119 6 462 507 437 519 412 531 386 564 183 578 465 8
D 629 101 2 172 171 170 29
D 628 103 2 629 375 376 29
D 626 109 4 363 588 168 627 357 600 628 8
D 625 99 11 135 504 377 516 405 528 430 561 455 575 479 586 490 598 500 609 511 618 522 626 534 8
D 634 77 2 125 124 123 8
D 633 75 2 121 634 126 8
D 632 73 2 556 633 557 8
D 631 69 2 111 632 129 8
D 630 65 2 103 631 131 8
D 637 119 6 462 519 437 531 412 564 386 578 183 589 465 8
D 638 103 2 171 375 181 29
D 636 109 3 363 600 168 637 638 8
D 635 99 11 135 516 377 528 405 561 430 575 455 586 479 598 490 609 500 618 511 626 522 636 534 8
L 644 78 40
D 643 77 2 123 644 125 8
D 642 75 2 121 643 126 8
D 641 73 2 556 642 557 8
D 640 69 2 111 641 129 8
D 639 65 2 103 640 131 8
D 647 119 6 462 531 437 564 412 578 386 589 183 601 465 8
D 648 103 2 169 375 180 29
D 646 109 2 168 647 648 8
D 645 99 11 135 528 377 561 405 575 430 586 455 598 479 609 490 618 500 626 511 636 522 646 534 8
D 651 63 2 108 107 106 133
D 650 61 2 104 651 109 105
D 655 77 2 123 644 125 29
D 654 75 2 121 655 126 29
D 653 73 2 556 654 557 29
D 652 69 2 111 653 129 29
D 657 67 2 114 113 112 130
D 659 71 2 119 128 117 118
D 661 77 2 123 124 125 644
D 660 75 2 126 655 121 661
D 662 71 2 119 118 117 8
D 658 73 3 659 654 556 660 662 29
D 663 67 2 114 130 112 8
D 656 69 3 657 653 111 658 663 29
D 665 63 2 108 133 106 8
D 664 61 2 104 665 109 132
D 649 65 3 650 652 103 656 664 29
D 101 79 11 102 134 551 560 569 574 582 585 592 597 604 608 613 617 621 625 630 635 639 645 649 8
D 668 43 2 75 74 73 8
D 667 41 2 71 668 76 8
D 671 51 2 84 95 86 8
D 672 51 2 84 85 86 29
D 670 53 2 671 87 672 8
D 669 49 2 78 670 96 8
D 674 43 2 75 100 73 29
D 673 41 2 71 674 76 29
D 666 45 2 667 669 673 8
D 681 117 2 193 192 191 29
D 680 115 2 194 343 189 681
D 679 113 3 184 680 416 342 417 29
D 678 119 5 462 564 437 578 412 589 386 601 679 8
D 677 109 2 168 678 648 8
D 676 99 11 135 561 377 575 405 586 430 598 455 609 479 618 490 626 500 636 511 646 522 677 534 8
D 675 79 11 102 560 551 574 569 585 582 597 592 608 604 617 613 625 621 635 630 645 639 676 649 8
D 684 43 2 73 100 75 8
D 683 41 2 71 684 76 8
D 686 43 2 73 74 75 29
D 685 41 2 71 686 76 29
D 682 45 2 683 669 685 8
D 691 113 3 184 680 413 342 196 29
D 690 119 4 462 578 437 589 412 601 691 8
D 689 109 2 168 690 648 8
D 688 99 11 135 575 377 586 405 598 430 609 455 618 479 626 490 636 500 646 511 677 522 689 534 8
D 687 79 11 102 574 551 585 569 597 582 608 592 617 604 625 613 635 621 645 630 676 639 688 649 8
D 693 41 2 76 72 71 8
D 694 41 2 76 99 71 29
D 692 45 2 693 669 694 8
D 699 113 2 184 680 195 29
D 698 119 3 462 589 437 601 699 8
D 697 109 2 168 698 648 8
D 696 99 11 135 586 377 598 405 609 430 618 455 626 479 636 490 646 500 677 511 689 522 697 534 8
D 695 79 11 102 585 551 597 569 608 582 617 592 625 604 635 613 645 621 676 630 688 639 696 649 8
D 703 51 2 86 95 84 8
D 704 51 2 86 85 84 29
D 702 53 2 703 87 704 8
D 701 49 2 78 702 96 8
D 700 45 2 70 701 98 8
D 710 115 2 189 681 194 29
D 709 113 2 184 710 195 29
D 708 119 2 462 601 709 8
D 707 109 2 168 708 648 8
D 706 99 11 135 598 377 609 405 618 430 626 455 636 479 646 490 677 500 689 511 697 522 707 534 8
D 705 79 11 102 597 551 608 569 617 582 625 592 635 604 645 613 676 621 688 630 696 639 706 649 8
D 713 47 2 81 80 79 8
D 714 47 2 81 97 79 29
D 712 49 2 713 670 714 8
D 711 45 2 70 712 98 8
D 721 97 2 158 527 156 29
D 720 95 2 154 721 159 540
D 719 93 3 381 720 544 539 547 29
D 718 89 3 144 719 542 538 548 29
D 717 85 3 136 718 535 537 549 29
D 716 99 10 135 609 377 618 405 626 430 636 455 646 479 677 490 689 500 697 511 707 717 8
D 715 79 11 102 608 551 617 569 625 582 635 592 645 604 676 613 688 621 696 630 706 639 716 649 8
D 724 47 2 79 97 81 8
D 725 47 2 79 80 81 29
D 723 49 2 724 670 725 8
D 722 45 2 70 723 98 8
D 731 95 2 159 540 154 29
D 730 93 3 381 731 544 539 547 29
D 729 89 3 144 730 542 538 548 29
D 728 85 3 136 729 535 537 549 29
D 727 99 9 135 618 377 626 405 636 430 646 455 677 479 689 490 697 500 707 728 8
D 726 79 11 102 617 551 625 569 635 582 645 592 676 604 688 613 696 621 706 630 716 639 727 649 8
D 735 55 2 93 89 88 8
D 734 53 2 671 735 672 8
D 733 49 2 78 734 96 8
D 732 45 2 70 733 98 8
D 741 91 2 150 161 152 151
D 740 93 2 544 539 741 29
D 739 89 3 144 740 542 538 548 29
D 738 85 3 136 739 535 537 549 29
D 737 99 8 135 626 377 636 405 646 430 677 455 689 479 697 490 707 738 8
D 736 79 11 102 625 551 635 569 645 582 676 592 688 604 696 613 706 621 716 630 727 639 737 649 8
D 746 57 2 92 91 90 8
D 745 55 2 88 746 93 8
D 744 53 2 671 745 672 8
D 743 49 2 78 744 96 8
D 742 45 2 70 743 98 8
D 750 89 3 144 740 481 538 163 29
D 749 85 3 136 750 535 537 549 29
D 748 99 7 135 636 377 646 405 677 430 689 455 697 479 707 749 8
D 747 79 11 102 635 551 645 569 676 582 688 592 696 604 706 613 716 621 727 630 737 639 748 649 8
L 756 58 30
D 755 57 2 90 756 92 8
D 754 55 2 88 755 93 8
D 753 53 2 671 754 672 8
D 752 49 2 78 753 96 8
D 751 45 2 70 752 98 8
D 760 89 2 144 740 162 29
D 759 85 3 136 760 535 537 549 29
D 758 99 6 135 646 377 677 405 689 430 697 455 707 759 8
D 757 79 11 102 645 551 676 569 688 582 696 592 706 604 716 613 727 621 737 630 748 639 758 649 8
D 763 43 2 75 74 73 100
D 762 41 2 71 763 76 72
D 767 57 2 90 756 92 29
D 766 55 2 88 767 93 29
D 765 53 2 671 766 672 29
D 764 49 2 78 765 96 29
D 769 47 2 81 80 79 97
D 771 51 2 86 95 84 85
D 773 57 2 90 91 92 756
D 772 55 2 93 767 88 773
D 774 51 2 86 85 84 8
D 770 53 3 771 766 671 772 774 29
D 775 47 2 81 97 79 8
D 768 49 3 769 765 78 770 775 29
D 777 43 2 75 100 73 8
D 776 41 2 71 777 76 99
D 761 45 3 762 764 70 768 776 29
D 68 59 11 69 101 666 675 682 687 692 695 700 705 711 715 722 726 732 736 742 747 751 757 761 8
D 780 23 2 42 41 40 8
D 779 21 2 38 780 43 8
D 783 31 2 51 62 53 8
D 784 31 2 51 52 53 29
D 782 33 2 783 54 784 8
D 781 29 2 45 782 63 8
D 786 23 2 42 67 40 29
D 785 21 2 38 786 43 29
D 778 25 2 779 781 785 8
D 792 93 2 149 539 160 29
D 791 89 2 144 792 162 29
D 790 85 3 136 791 535 537 549 29
D 789 99 5 135 677 377 689 405 697 430 707 790 8
D 788 79 11 102 676 551 688 569 696 582 706 592 716 604 727 613 737 621 748 630 758 639 789 649 8
D 787 59 11 69 675 666 687 682 695 692 705 700 715 711 726 722 736 732 747 742 757 751 788 761 8
D 795 23 2 40 67 42 8
D 794 21 2 38 795 43 8
D 797 23 2 40 41 42 29
D 796 21 2 38 797 43 29
D 793 25 2 794 781 796 8
D 802 81 2 137 407 142 138
D 803 81 2 142 165 137 166
D 801 85 3 136 791 802 537 803 29
D 800 99 4 135 689 377 697 405 707 801 8
D 799 79 11 102 688 551 696 569 706 582 716 592 727 604 737 613 748 621 758 630 789 639 800 649 8
D 798 59 11 69 687 666 695 682 705 692 715 700 726 711 736 722 747 732 757 742 788 751 799 761 8
D 805 21 2 43 39 38 8
D 806 21 2 43 66 38 29
D 804 25 2 805 781 806 8
D 810 85 3 136 791 378 537 165 29
D 809 99 3 135 697 377 707 810 8
D 808 79 11 102 696 551 706 569 716 582 727 592 737 604 748 613 758 621 789 630 800 639 809 649 8
D 807 59 11 69 695 666 705 682 715 692 726 700 736 711 747 722 757 732 788 742 799 751 808 761 8
D 814 31 2 53 62 51 8
D 815 31 2 53 52 51 29
D 813 33 2 814 54 815 8
D 812 29 2 45 813 63 8
D 811 25 2 37 812 65 8
D 819 85 2 136 791 164 29
D 818 99 2 135 707 819 8
D 817 79 11 102 706 551 716 569 727 582 737 592 748 604 758 613 789 621 800 630 809 639 818 649 8
D 816 59 11 69 705 666 715 682 726 692 736 700 747 711 757 722 788 732 799 742 808 751 817 761 8
D 822 27 2 48 47 46 8
D 823 27 2 48 64 46 29
D 821 29 2 822 782 823 8
D 820 25 2 37 821 65 8
D 830 77 2 125 644 123 29
D 829 75 2 121 830 126 655
D 828 73 3 556 829 659 654 662 29
D 827 69 3 111 828 657 653 663 29
D 826 65 3 103 827 650 652 664 29
D 825 79 10 102 716 551 727 569 737 582 748 592 758 604 789 613 800 621 809 630 818 826 8
D 824 59 11 69 715 666 726 682 736 692 747 700 757 711 788 722 799 732 808 742 817 751 825 761 8
D 833 27 2 46 64 48 8
D 834 27 2 46 47 48 29
D 832 29 2 833 782 834 8
D 831 25 2 37 832 65 8
D 840 75 2 126 655 121 29
D 839 73 3 556 840 659 654 662 29
D 838 69 3 111 839 657 653 663 29
D 837 65 3 103 838 650 652 664 29
D 836 79 9 102 727 551 737 569 748 582 758 592 789 604 800 613 809 621 818 837 8
D 835 59 11 69 726 666 736 682 747 692 757 700 788 711 799 722 808 732 817 742 825 751 836 761 8
D 844 35 2 60 56 55 8
D 843 33 2 783 844 784 8
D 842 29 2 45 843 63 8
D 841 25 2 37 842 65 8
D 850 71 2 117 128 119 118
D 849 73 2 659 654 850 29
D 848 69 3 111 849 657 653 663 29
D 847 65 3 103 848 650 652 664 29
D 846 79 8 102 737 551 748 569 758 582 789 592 800 604 809 613 818 847 8
D 845 59 11 69 736 666 747 682 757 692 788 700 799 711 808 722 817 732 825 742 836 751 846 761 8
D 855 37 2 59 58 57 8
D 854 35 2 55 855 60 8
D 853 33 2 783 854 784 8
D 852 29 2 45 853 63 8
D 851 25 2 37 852 65 8
D 859 69 3 111 849 606 653 130 29
D 858 65 3 103 859 650 652 664 29
D 857 79 7 102 748 551 758 569 789 582 800 592 809 604 818 858 8
D 856 59 11 69 747 666 757 682 788 692 799 700 808 711 817 722 825 732 836 742 846 751 857 761 8
L 865 38 20
D 864 37 2 57 865 59 8
D 863 35 2 55 864 60 8
D 862 33 2 783 863 784 8
D 861 29 2 45 862 63 8
D 860 25 2 37 861 65 8
D 869 69 2 111 849 129 29
D 868 65 3 103 869 650 652 664 29
D 867 79 6 102 758 551 789 569 800 582 809 592 818 868 8
D 866 59 11 69 757 666 788 682 799 692 808 700 817 711 825 722 836 732 846 742 857 751 867 761 8
D 872 23 2 42 41 40 67
D 871 21 2 38 872 43 39
D 876 37 2 57 865 59 29
D 875 35 2 55 876 60 29
D 874 33 2 783 875 784 29
D 873 29 2 45 874 63 29
D 878 27 2 48 47 46 64
D 880 31 2 53 62 51 52
D 882 37 2 57 58 59 865
D 881 35 2 60 876 55 882
D 883 31 2 53 52 51 8
D 879 33 3 880 875 783 881 883 29
D 884 27 2 48 64 46 8
D 877 29 3 878 874 45 879 884 29
D 886 23 2 42 67 40 8
D 885 21 2 38 886 43 66
D 870 25 3 871 873 37 877 885 29
D 35 39 11 36 68 778 787 793 798 804 807 811 816 820 824 831 835 841 845 851 856 860 866 870 8
D 889 3 2 7 6 5 8
D 888 1 2 3 889 9 8
D 892 11 2 17 28 19 8
D 893 11 2 17 18 19 29
D 891 13 2 892 20 893 8
D 890 9 2 11 891 30 8
D 895 3 2 7 34 5 29
D 894 1 2 3 895 9 29
D 887 5 2 888 890 894 8
D 901 73 2 116 654 127 29
D 900 69 2 111 901 129 29
D 899 65 3 103 900 650 652 664 29
D 898 79 5 102 789 551 800 569 809 582 818 899 8
D 897 59 11 69 788 666 799 682 808 692 817 700 825 711 836 722 846 732 857 742 867 751 898 761 8
D 896 39 11 36 787 778 798 793 807 804 816 811 824 820 835 831 845 841 856 851 866 860 897 870 8
D 904 3 2 5 34 7 8
D 903 1 2 3 904 9 8
D 906 3 2 5 6 7 29
D 905 1 2 3 906 9 29
D 902 5 2 903 890 905 8
D 911 61 2 104 651 109 8
D 912 61 2 104 665 109 29
D 910 65 3 103 900 911 652 912 29
D 909 79 4 102 800 551 809 569 818 910 8
D 908 59 11 69 799 666 808 682 817 692 825 700 836 711 846 722 857 732 867 742 898 751 909 761 8
D 907 39 11 36 798 778 807 793 816 804 824 811 835 820 845 831 856 841 866 851 897 860 908 870 8
D 914 1 2 9 4 3 8
D 915 1 2 9 33 3 29
D 913 5 2 914 890 915 8
D 920 61 2 104 133 109 29
D 919 65 3 103 900 552 652 920 29
D 918 79 3 102 809 551 818 919 8
D 917 59 11 69 808 666 817 682 825 692 836 700 846 711 857 722 867 732 898 742 909 751 918 761 8
D 916 39 11 36 807 778 816 793 824 804 835 811 845 820 856 831 866 841 897 851 908 860 917 870 8
D 924 11 2 19 28 17 8
D 925 11 2 19 18 17 29
D 923 13 2 924 20 925 8
D 922 9 2 11 923 30 8
D 921 5 2 2 922 32 8
D 929 65 2 103 900 131 29
D 928 79 2 102 818 929 8
D 927 59 11 69 817 666 825 682 836 692 846 700 857 711 867 722 898 732 909 742 918 751 928 761 8
D 926 39 11 36 816 778 824 793 835 804 845 811 856 820 866 831 897 841 908 851 917 860 927 870 8
D 932 7 2 14 13 12 8
D 933 7 2 14 31 12 29
D 931 9 2 932 891 933 8
D 930 5 2 2 931 32 8
D 940 57 2 92 756 90 29
D 939 55 2 88 940 93 767
D 938 53 3 671 939 771 766 774 29
D 937 49 3 78 938 769 765 775 29
D 936 45 3 70 937 762 764 776 29
D 935 59 10 69 825 666 836 682 846 692 857 700 867 711 898 722 909 732 918 742 928 936 8
D 934 39 11 36 824 778 835 793 845 804 856 811 866 820 897 831 908 841 917 851 927 860 935 870 8
D 943 7 2 12 31 14 8
D 944 7 2 12 13 14 29
D 942 9 2 943 891 944 8
D 941 5 2 2 942 32 8
D 950 55 2 93 767 88 29
D 949 53 3 671 950 771 766 774 29
D 948 49 3 78 949 769 765 775 29
D 947 45 3 70 948 762 764 776 29
D 946 59 9 69 836 666 846 682 857 692 867 700 898 711 909 722 918 732 928 947 8
D 945 39 11 36 835 778 845 793 856 804 866 811 897 820 908 831 917 841 927 851 935 860 946 870 8
D 954 15 2 26 22 21 8
D 953 13 2 892 954 893 8
D 952 9 2 11 953 30 8
D 951 5 2 2 952 32 8
D 960 51 2 84 95 86 85
D 959 53 2 771 766 960 29
D 958 49 3 78 959 769 765 775 29
D 957 45 3 70 958 762 764 776 29
D 956 59 8 69 846 666 857 682 867 692 898 700 909 711 918 722 928 957 8
D 955 39 11 36 845 778 856 793 866 804 897 811 908 820 917 831 927 841 935 851 946 860 956 870 8
D 965 17 2 25 24 23 8
D 964 15 2 21 965 26 8
D 963 13 2 892 964 893 8
D 962 9 2 11 963 30 8
D 961 5 2 2 962 32 8
D 969 49 3 78 959 713 765 97 29
D 968 45 3 70 969 762 764 776 29
D 967 59 7 69 857 666 867 682 898 692 909 700 918 711 928 968 8
D 966 39 11 36 856 778 866 793 897 804 908 811 917 820 927 831 935 841 946 851 956 860 967 870 8
L 975 18 10
D 974 17 2 23 975 25 8
D 973 15 2 21 974 26 8
D 972 13 2 892 973 893 8
D 971 9 2 11 972 30 8
D 970 5 2 2 971 32 8
D 979 49 2 78 959 96 29
D 978 45 3 70 979 762 764 776 29
D 977 59 6 69 867 666 898 682 909 692 918 700 928 978 8
D 976 39 11 36 866 778 897 793 908 804 917 811 927 820 935 831 946 841 956 851 967 860 977 870 8
D 984 17 2 23 24 25 975
D 985 17 2 23 975 25 29
D 983 15 2 21 984 26 985
D 986 11 2 19 28 17 18
D 987 15 2 21 985 26 29
D 988 11 2 19 18 17 8
D 982 13 3 892 983 986 987 988 29
D 989 7 2 14 13 12 31
D 990 13 2 892 987 893 29
D 991 7 2 14 31 12 8
D 981 9 3 11 982 989 990 991 29
D 993 3 2 7 6 5 34
D 992 1 2 3 993 9 4
D 994 9 2 11 990 30 29
D 996 3 2 7 34 5 8
D 995 1 2 3 996 9 33
D 980 5 3 2 981 992 994 995 29
D 0 19 11 1 35 887 896 902 907 913 916 921 926 930 934 941 945 951 955 961 966 970 976 980 8
