c ids of sdd nodes start at 0
c sdd nodes appear bottom-up, children before parents
c
c file syntax:
c sdd count-of-sdd-nodes
c F id-of-false-sdd-node
c T id-of-true-sdd-node
c L id-of-literal-sdd-node id-of-vtree literal
c D id-of-decomposition-sdd-node id-of-vtree number-of-elements {id-of-prime id-of-sub}*
c
sdd 1002
L 3 0 -4
L 5 2 -2
L 6 4 -3
L 7 2 2
F 8
D 4 3 2 5 6 7 8
L 9 0 4
D 2 1 2 3 4 9 8
L 12 6 -6
L 13 8 -7
L 14 6 6
D 11 7 2 12 13 14 8
L 17 10 -5
L 18 12 1
L 19 10 5
D 16 11 2 17 18 19 8
L 21 14 -8
L 23 16 -9
L 24 18 -10
L 25 16 9
D 22 17 2 23 24 25 8
L 26 14 8
D 20 15 2 21 22 26 8
L 28 12 -1
T 29
D 27 11 2 17 28 19 29
D 15 13 2 16 20 27 8
L 31 8 7
D 30 7 2 12 31 14 29
D 10 9 2 11 15 30 8
L 34 4 3
D 33 3 2 5 34 7 29
D 32 1 2 3 33 9 29
D 1 5 2 2 10 32 8
L 38 20 -14
L 40 22 -12
L 41 24 -13
L 42 22 12
D 39 23 2 40 41 42 8
L 43 20 14
D 37 21 2 38 39 43 8
L 46 26 -16
L 47 28 -17
L 48 26 16
D 45 27 2 46 47 48 8
L 51 30 -15
L 52 32 11
L 53 30 15
D 50 31 2 51 52 53 8
L 55 34 -18
L 57 36 -19
L 58 38 -20
L 59 36 19
D 56 37 2 57 58 59 8
L 60 34 18
D 54 35 2 55 56 60 8
L 62 32 -11
D 61 31 2 51 62 53 29
D 49 33 2 50 54 61 8
L 64 28 17
D 63 27 2 46 64 48 29
D 44 29 2 45 49 63 8
L 67 24 13
D 66 23 2 40 67 42 29
D 65 21 2 38 66 43 29
D 36 25 2 37 44 65 8
L 71 40 -24
L 73 42 -22
L 74 44 -23
L 75 42 22
D 72 43 2 73 74 75 8
L 76 40 24
D 70 41 2 71 72 76 8
L 79 46 -26
L 80 48 -27
L 81 46 26
D 78 47 2 79 80 81 8
L 84 50 -25
L 85 52 21
L 86 50 25
D 83 51 2 84 85 86 8
L 88 54 -28
L 90 56 -29
L 91 58 -30
L 92 56 29
D 89 57 2 90 91 92 8
L 93 54 28
D 87 55 2 88 89 93 8
L 95 52 -21
D 94 51 2 84 95 86 29
D 82 53 2 83 87 94 8
L 97 48 27
D 96 47 2 79 97 81 29
D 77 49 2 78 82 96 8
L 100 44 23
D 99 43 2 73 100 75 29
D 98 41 2 71 99 76 29
D 69 45 2 70 77 98 8
L 104 60 -34
L 106 62 -32
L 107 64 -33
L 108 62 32
D 105 63 2 106 107 108 8
L 109 60 34
D 103 61 2 104 105 109 8
L 112 66 -36
L 113 68 -37
L 114 66 36
D 111 67 2 112 113 114 8
L 117 70 -35
L 118 72 31
L 119 70 35
D 116 71 2 117 118 119 8
L 121 74 -38
L 123 76 -39
L 124 78 -40
L 125 76 39
D 122 77 2 123 124 125 8
L 126 74 38
D 120 75 2 121 122 126 8
L 128 72 -31
D 127 71 2 117 128 119 29
D 115 73 2 116 120 127 8
L 130 68 37
D 129 67 2 112 130 114 29
D 110 69 2 111 115 129 8
L 133 64 33
D 132 63 2 106 133 108 29
D 131 61 2 104 132 109 29
D 102 65 2 103 110 131 8
L 137 80 -42
L 139 82 -43
L 140 84 -44
L 141 82 43
D 138 83 2 139 140 141 8
L 142 80 42
D 136 81 2 137 138 142 8
L 145 86 -46
L 146 88 -47
L 147 86 46
D 144 87 2 145 146 147 8
L 150 90 -45
L 151 92 41
L 152 90 45
D 149 91 2 150 151 152 8
L 154 94 -48
L 156 96 -49
L 157 98 -50
L 158 96 49
D 155 97 2 156 157 158 8
L 159 94 48
D 153 95 2 154 155 159 8
L 161 92 -41
D 160 91 2 150 161 152 29
D 148 93 2 149 153 160 8
L 163 88 47
D 162 87 2 145 163 147 29
D 143 89 2 144 148 162 8
L 166 84 44
D 165 83 2 139 166 141 29
D 164 81 2 137 165 142 29
D 135 85 2 136 143 164 8
L 170 100 -56
L 171 102 -57
L 172 100 56
D 169 101 2 170 171 172 8
L 174 104 -58
L 176 106 -59
L 177 108 60
L 178 106 59
D 175 107 2 176 177 178 8
L 179 104 58
D 173 105 2 174 175 179 8
L 181 102 57
D 180 101 2 170 181 172 29
D 168 103 2 169 173 180 8
L 185 110 -53
L 186 112 -54
L 187 110 53
D 184 111 2 185 186 187 8
L 189 114 -52
L 191 116 -55
L 192 118 -51
L 193 116 55
D 190 117 2 191 192 193 8
L 194 114 52
D 188 115 2 189 190 194 8
L 196 112 54
D 195 111 2 185 196 187 29
D 183 113 2 184 188 195 8
L 200 120 -76
L 201 122 -77
L 202 120 76
D 199 121 2 200 201 202 8
L 204 124 -78
L 206 126 -79
L 207 128 80
L 208 126 79
D 205 127 2 206 207 208 8
L 209 124 78
D 203 125 2 204 205 209 8
L 211 122 77
D 210 121 2 200 211 202 29
D 198 123 2 199 203 210 8
L 215 130 -73
L 216 132 -72
L 217 130 73
D 214 131 2 215 216 217 8
L 219 134 -71
L 221 136 -74
L 222 138 -75
L 223 136 74
D 220 137 2 221 222 223 8
L 224 134 71
D 218 135 2 219 220 224 8
L 226 132 72
D 225 131 2 215 226 217 29
D 213 133 2 214 218 225 8
L 229 140 -61
L 230 142 -62
L 231 140 61
D 228 141 2 229 230 231 8
L 234 144 -63
L 235 146 -64
L 236 144 63
D 233 145 2 234 235 236 8
L 238 148 -65
L 240 150 66
L 242 152 -67
L 244 154 -68
L 246 156 -69
L 247 158 -70
L 248 156 69
D 245 157 2 246 247 248 8
L 249 154 68
D 243 155 2 244 245 249 8
L 250 152 67
D 241 153 2 242 243 250 8
L 251 150 -66
D 239 151 2 240 241 251 8
L 252 148 65
D 237 149 2 238 239 252 8
L 254 146 64
D 253 145 2 234 254 236 29
D 232 147 2 233 237 253 8
L 256 142 62
D 255 141 2 229 256 231 29
D 227 143 2 228 232 255 8
L 260 138 75
D 259 137 2 221 260 223 29
D 258 135 2 219 259 224 29
D 257 133 2 214 258 225 29
D 212 139 2 213 227 257 8
L 264 128 -80
D 263 127 2 208 264 206 8
D 262 125 2 204 263 209 8
D 261 123 2 199 262 210 8
D 270 153 2 250 243 242 8
D 269 151 2 251 270 240 8
D 268 149 2 238 269 252 8
D 267 147 2 233 268 253 8
D 266 143 2 228 267 255 8
D 265 139 2 213 266 257 8
D 273 127 2 206 264 208 8
D 272 125 2 209 273 204 8
D 271 123 2 199 272 210 8
D 280 155 2 249 245 244 8
D 279 153 2 242 280 250 8
D 278 151 2 251 279 240 8
D 277 149 2 238 278 252 8
D 276 147 2 233 277 253 8
D 275 143 2 228 276 255 8
D 274 139 2 213 275 257 8
D 282 121 2 200 211 202 8
D 283 125 2 204 273 209 8
D 284 121 2 200 201 202 29
D 281 123 2 282 283 284 8
D 292 157 2 248 247 246 8
D 291 155 2 244 292 249 8
D 290 153 2 242 291 250 8
D 289 151 2 251 290 240 8
D 288 149 2 238 289 252 8
D 287 147 2 233 288 253 8
D 286 143 2 228 287 255 8
D 285 139 2 213 286 257 8
D 294 121 2 202 201 200 8
D 295 121 2 202 211 200 29
D 293 123 2 294 283 295 8
L 304 158 70
D 303 157 2 246 304 248 8
D 302 155 2 244 303 249 8
D 301 153 2 242 302 250 8
D 300 151 2 251 301 240 8
D 299 149 2 238 300 252 8
D 298 147 2 233 299 253 8
D 297 143 2 228 298 255 8
D 296 139 2 213 297 257 8
D 307 127 2 206 264 208 207
D 308 127 2 206 207 208 29
D 306 125 2 204 307 209 308
D 309 121 2 202 201 200 211
D 310 125 2 204 308 209 29
D 311 121 2 202 211 200 8
D 305 123 3 199 306 309 310 311 29
D 197 129 6 198 212 261 265 271 274 281 285 293 296 305 8
L 315 118 51
D 314 117 2 191 315 193 29
D 313 115 2 189 314 194 29
D 312 113 2 184 313 195 29
D 182 119 2 183 197 312 8
L 319 108 -60
D 318 107 2 178 319 176 8
D 317 105 2 174 318 179 8
D 316 103 2 169 317 180 8
D 322 123 3 199 306 282 310 202 29
D 321 129 5 198 265 261 274 271 285 281 296 322 8
D 320 119 2 183 321 312 8
D 325 107 2 176 319 178 8
D 324 105 2 179 325 174 8
D 323 103 2 169 324 180 8
D 328 123 2 199 306 210 29
D 327 129 4 198 274 261 285 271 296 328 8
D 326 119 2 183 327 312 8
D 330 101 2 170 181 172 8
D 331 105 2 174 325 179 8
D 332 101 2 170 171 172 29
D 329 103 2 330 331 332 8
D 336 125 2 204 307 209 29
D 335 123 2 199 336 210 29
D 334 129 3 198 285 261 296 335 8
D 333 119 2 183 334 312 8
D 338 101 2 172 171 170 8
D 339 101 2 172 181 170 29
D 337 103 2 338 331 339 8
D 344 127 2 206 264 208 29
D 343 125 2 204 344 209 29
D 342 123 2 199 343 210 29
D 341 129 2 198 296 342 8
D 340 119 2 183 341 312 8
D 347 107 2 176 319 178 177
D 348 107 2 176 177 178 29
D 346 105 2 174 347 179 348
D 349 101 2 172 171 170 181
D 350 105 2 174 348 179 29
D 351 101 2 172 181 170 8
D 345 103 3 169 346 349 350 351 29
D 167 109 6 168 182 316 320 323 326 329 333 337 340 345 8
D 353 81 2 142 138 137 8
D 356 91 2 150 161 152 8
D 357 91 2 150 151 152 29
D 355 93 2 356 153 357 8
D 354 89 2 144 355 162 8
D 358 81 2 142 165 137 29
D 352 85 2 353 354 358 8
D 360 103 2 169 331 180 8
D 364 117 2 193 192 191 8
D 363 115 2 189 364 194 8
D 362 113 2 184 363 195 8
D 367 117 2 193 315 191 29
D 366 115 2 189 367 194 29
D 365 113 2 184 366 195 29
D 361 119 2 362 341 365 8
D 374 151 2 251 241 240 8
D 373 149 2 252 374 238 8
D 372 147 2 233 373 253 8
D 371 143 2 228 372 255 8
D 370 139 2 213 371 257 8
D 375 123 2 199 283 210 8
D 379 137 2 221 260 223 8
D 378 135 2 219 379 224 8
D 377 133 2 214 378 225 8
D 382 137 2 221 222 223 29
D 381 135 2 219 382 224 29
D 380 133 2 214 381 225 29
D 376 139 2 377 297 380 8
D 385 127 2 208 207 206 8
D 384 125 2 204 385 209 308
D 383 123 3 199 384 309 310 311 29
D 369 129 7 198 370 375 376 261 212 271 265 281 274 293 285 383 8
D 368 119 2 183 369 312 8
D 388 107 2 178 177 176 8
D 387 105 2 174 388 179 348
D 386 103 3 169 387 349 350 351 29
D 359 109 7 360 361 168 368 316 182 323 320 329 326 337 333 386 8
D 391 83 2 141 140 139 8
D 390 81 2 137 391 142 8
D 393 83 2 141 166 139 29
D 392 81 2 137 393 142 29
D 389 85 2 390 354 392 8
D 397 111 2 185 196 187 8
D 398 111 2 185 186 187 29
D 396 113 2 397 188 398 8
D 399 113 3 184 366 397 313 187 29
D 395 119 3 362 334 396 341 399 8
D 405 145 2 234 254 236 8
D 406 149 2 238 374 252 8
D 407 145 2 234 235 236 29
D 404 147 2 405 406 407 8
D 403 143 2 228 404 255 8
D 402 139 2 213 403 257 8
D 411 137 2 223 222 221 8
D 410 135 2 219 411 224 8
D 409 133 2 214 410 225 8
D 414 137 2 221 222 223 260
D 413 135 2 219 414 224 29
D 412 133 2 214 413 225 29
D 408 139 3 409 297 377 286 412 8
D 401 129 7 198 402 375 408 261 370 271 212 281 265 293 274 383 8
D 400 119 2 183 401 312 8
D 394 109 7 360 395 168 400 316 368 323 182 329 320 337 326 386 8
D 417 83 2 139 166 141 8
D 416 81 2 137 417 142 8
D 419 83 2 139 140 141 29
D 418 81 2 137 419 142 29
D 415 85 2 416 354 418 8
D 423 111 2 187 186 185 8
D 424 111 2 187 196 185 29
D 422 113 2 423 188 424 8
D 426 111 2 187 186 185 196
D 427 111 2 187 196 185 8
D 425 113 3 184 366 426 313 427 29
D 421 119 4 396 334 362 327 422 341 425 8
D 433 145 2 236 235 234 8
D 434 145 2 236 254 234 29
D 432 147 2 433 406 434 8
D 431 143 2 228 432 255 8
D 430 139 2 213 431 257 8
D 437 131 2 217 216 215 8
D 438 131 2 217 226 215 29
D 436 133 2 437 218 438 8
D 439 133 3 214 413 437 258 226 29
D 435 139 4 436 297 409 286 377 275 439 8
D 429 129 7 198 430 375 435 261 402 271 370 281 212 293 265 383 8
D 428 119 2 183 429 312 8
D 420 109 7 360 421 168 428 316 400 323 368 329 182 337 320 386 8
D 443 91 2 152 161 150 8
D 444 91 2 152 151 150 29
D 442 93 2 443 153 444 8
D 441 89 2 144 442 162 8
D 440 85 2 136 441 164 8
D 448 115 2 194 190 189 8
D 447 113 2 184 448 195 8
D 450 115 2 189 367 194 314
D 449 113 3 184 450 426 313 427 29
D 446 119 5 362 321 422 334 396 327 447 341 449 8
D 455 131 2 215 226 217 8
D 456 131 2 215 216 217 29
D 454 133 2 455 218 456 8
D 458 131 2 217 216 215 226
D 459 131 2 217 226 215 8
D 457 133 3 214 413 458 258 459 29
D 453 139 5 454 297 436 286 409 275 377 266 457 8
D 462 141 2 229 256 231 8
D 463 147 2 233 406 253 8
D 464 141 2 229 230 231 29
D 461 143 2 462 463 464 8
D 460 139 2 213 461 257 8
D 452 129 7 375 453 261 430 198 460 271 402 281 370 293 212 383 8
D 451 119 2 183 452 312 8
D 445 109 7 360 446 168 451 316 428 323 400 329 368 337 182 386 8
D 467 87 2 147 146 145 8
D 468 87 2 147 163 145 29
D 466 89 2 467 355 468 8
D 465 85 2 136 466 164 8
D 473 117 2 191 315 193 8
D 472 115 2 189 473 194 8
D 471 113 2 184 472 195 8
D 476 117 2 191 192 193 315
D 475 115 2 189 476 194 314
D 474 113 3 184 475 426 313 427 29
D 470 119 6 362 197 396 321 447 334 422 327 471 341 474 8
D 481 135 2 224 220 219 8
D 480 133 2 214 481 225 8
D 483 135 2 219 414 224 259
D 482 133 3 214 483 458 258 459 29
D 479 139 6 480 297 454 286 436 275 377 227 409 266 482 8
D 486 141 2 231 230 229 8
D 487 141 2 231 256 229 29
D 485 143 2 486 463 487 8
D 484 139 2 213 485 257 8
D 478 129 7 375 479 271 430 261 460 281 402 198 484 293 370 383 8
D 477 119 2 183 478 312 8
D 469 109 7 360 470 168 477 316 451 323 428 329 400 337 368 386 8
D 490 87 2 145 163 147 8
D 491 87 2 145 146 147 29
D 489 89 2 490 355 491 8
D 488 85 2 136 489 164 8
D 493 119 6 362 369 396 197 422 321 471 334 447 327 474 8
D 496 139 6 480 286 454 275 377 371 409 227 436 266 482 8
D 498 125 2 209 308 204 207
D 497 123 3 199 498 309 310 311 29
D 495 129 6 375 496 281 430 271 460 293 402 261 484 497 8
D 494 119 2 183 495 312 8
D 492 109 7 360 493 316 477 168 494 323 451 329 428 337 400 386 8
D 502 95 2 159 155 154 8
D 501 93 2 356 502 357 8
D 500 89 2 144 501 162 8
D 499 85 2 136 500 164 8
D 504 119 6 396 369 362 401 422 197 447 321 471 327 474 8
D 507 139 6 480 275 377 403 409 371 436 227 454 266 482 8
D 508 123 3 309 310 199 308 311 29
D 506 129 5 375 507 293 430 281 460 271 484 508 8
D 505 119 2 183 506 312 8
D 503 109 7 360 504 323 477 316 494 168 505 329 451 337 428 386 8
D 513 97 2 158 157 156 8
D 512 95 2 154 513 159 8
D 511 93 2 356 512 357 8
D 510 89 2 144 511 162 8
D 509 85 2 136 510 164 8
D 515 119 6 422 369 396 401 362 429 447 197 471 321 474 8
D 518 139 6 377 431 409 403 436 371 454 227 480 266 482 8
D 520 121 2 202 201 200 29
D 519 123 2 520 310 311 29
D 517 129 4 293 460 375 518 281 484 519 8
D 516 119 2 183 517 312 8
D 514 109 7 360 515 329 477 323 494 316 505 168 516 337 451 386 8
L 526 98 50
D 525 97 2 156 526 158 8
D 524 95 2 154 525 159 8
D 523 93 2 356 524 357 8
D 522 89 2 144 523 162 8
D 521 85 2 136 522 164 8
D 528 119 6 447 369 422 401 396 429 362 452 471 197 474 8
D 531 139 6 409 431 436 403 454 371 480 227 377 461 482 8
D 532 123 2 201 310 211 29
D 530 129 3 293 484 375 531 532 8
D 529 119 2 183 530 312 8
D 527 109 7 360 528 337 477 329 494 323 505 316 516 168 529 386 8
D 535 83 2 141 140 139 166
D 534 81 2 137 535 142 138
D 539 97 2 156 526 158 29
D 538 95 2 154 539 159 29
D 537 93 2 356 538 357 29
D 536 89 2 144 537 162 29
D 541 87 2 147 146 145 163
D 543 91 2 152 161 150 151
D 545 97 2 156 157 158 526
D 544 95 2 159 539 154 545
D 546 91 2 152 151 150 8
D 542 93 3 543 538 356 544 546 29
D 547 87 2 147 163 145 8
D 540 89 3 541 537 144 542 547 29
D 549 83 2 141 166 139 8
D 548 81 2 137 549 142 165
D 533 85 3 534 536 136 540 548 29
D 134 99 11 135 167 352 359 389 394 415 420 440 445 465 469 488 492 499 503 509 514 521 527 533 8
D 552 63 2 108 107 106 8
D 551 61 2 104 552 109 8
D 555 71 2 117 128 119 8
D 556 71 2 117 118 119 29
D 554 73 2 555 120 556 8
D 553 69 2 111 554 129 8
D 558 63 2 108 133 106 29
D 557 61 2 104 558 109 29
D 550 65 2 551 553 557 8
D 561 119 6 471 369 447 401 422 429 396 452 362 478 474 8
D 564 139 6 436 431 454 403 480 371 409 461 377 485 482 8
D 565 123 2 199 310 210 29
D 563 129 2 375 564 565 8
D 562 119 2 183 563 312 8
D 560 109 7 337 494 360 561 329 505 323 516 316 529 168 562 386 8
D 559 99 11 135 359 352 394 389 420 415 445 440 469 465 492 488 503 499 514 509 527 521 560 533 8
D 568 63 2 106 133 108 8
D 567 61 2 104 568 109 8
D 570 63 2 106 107 108 29
D 569 61 2 104 570 109 29
D 566 65 2 567 553 569 8
D 573 119 6 471 401 447 429 422 452 396 478 362 495 474 8
D 579 137 2 223 260 221 29
D 578 135 2 219 579 224 259
D 577 133 3 214 578 458 258 459 29
D 576 139 5 454 431 480 403 436 461 409 485 577 8
D 575 129 2 375 576 565 8
D 574 119 2 183 575 312 8
D 572 109 7 337 505 360 573 329 516 323 529 316 562 168 574 386 8
D 571 99 11 135 394 352 420 389 445 415 469 440 492 465 503 488 514 499 527 509 560 521 572 533 8
D 581 61 2 109 105 104 8
D 582 61 2 109 132 104 29
D 580 65 2 581 553 582 8
D 585 119 6 471 429 447 452 422 478 396 495 362 506 474 8
D 590 135 2 224 259 219 29
D 589 133 3 458 258 214 590 459 29
D 588 139 4 480 431 454 461 436 485 589 8
D 587 129 2 375 588 565 8
D 586 119 2 183 587 312 8
D 584 109 7 337 516 360 585 329 529 323 562 316 574 168 586 386 8
D 583 99 11 135 420 352 445 389 469 415 492 440 503 465 514 488 527 499 560 509 572 521 584 533 8
D 594 71 2 119 128 117 8
D 595 71 2 119 118 117 29
D 593 73 2 594 120 595 8
D 592 69 2 111 593 129 8
D 591 65 2 103 592 131 8
D 598 119 6 471 452 447 478 422 495 396 506 362 517 474 8
D 602 133 3 455 258 214 590 217 29
D 601 139 3 480 461 454 485 602 8
D 600 129 2 375 601 565 8
D 599 119 2 183 600 312 8
D 597 109 7 337 529 360 598 329 562 323 574 316 586 168 599 386 8
D 596 99 11 135 445 352 469 389 492 415 503 440 514 465 527 488 560 499 572 509 584 521 597 533 8
D 605 67 2 114 113 112 8
D 606 67 2 114 130 112 29
D 604 69 2 605 554 606 8
D 603 65 2 103 604 131 8
D 609 119 6 471 478 447 495 422 506 396 517 362 530 474 8
D 613 133 2 214 590 225 29
D 612 139 2 480 485 613 8
D 611 129 2 375 612 565 8
D 610 119 2 183 611 312 8
D 608 109 7 337 562 360 609 329 574 323 586 316 599 168 610 386 8
D 607 99 11 135 469 352 492 389 503 415 514 440 527 465 560 488 572 499 584 509 597 521 608 533 8
D 616 67 2 112 130 114 8
D 617 67 2 112 113 114 29
D 615 69 2 616 554 617 8
D 614 65 2 103 615 131 8
D 620 119 6 471 495 447 506 422 517 396 530 362 563 474 8
D 622 105 2 179 348 174 177
D 621 103 3 169 622 349 350 351 29
D 619 109 6 337 574 360 620 329 586 323 599 316 610 621 8
D 618 99 11 135 492 352 503 389 514 415 527 440 560 465 572 488 584 499 597 509 608 521 619 533 8
D 626 75 2 126 122 121 8
D 625 73 2 555 626 556 8
D 624 69 2 111 625 129 8
D 623 65 2 103 624 131 8
D 629 119 6 471 506 447 517 422 530 396 563 362 575 474 8
D 630 103 3 349 350 169 348 351 29
D 628 109 5 337 586 360 629 329 599 323 610 630 8
D 627 99 11 135 503 352 514 389 527 415 560 440 572 465 584 488 597 499 608 509 619 521 628 533 8
D 635 77 2 125 124 123 8
D 634 75 2 121 635 126 8
D 633 73 2 555 634 556 8
D 632 69 2 111 633 129 8
D 631 65 2 103 632 131 8
D 638 119 6 471 517 447 530 422 563 396 575 362 587 474 8
D 640 101 2 172 171 170 29
D 639 103 2 640 350 351 29
D 637 109 4 337 599 360 638 329 610 639 8
D 636 99 11 135 514 352 527 389 560 415 572 440 584 465 597 488 608 499 619 509 628 521 637 533 8
L 646 78 40
D 645 77 2 123 646 125 8
D 644 75 2 121 645 126 8
D 643 73 2 555 644 556 8
D 642 69 2 111 643 129 8
D 641 65 2 103 642 131 8
D 649 119 6 471 530 447 563 422 575 396 587 362 600 474 8
D 650 103 2 171 350 181 29
D 648 109 3 337 610 360 649 650 8
D 647 99 11 135 527 352 560 389 572 415 584 440 597 465 608 488 619 499 628 509 637 521 648 533 8
D 653 63 2 108 107 106 133
D 652 61 2 104 653 109 105
D 657 77 2 123 646 125 29
D 656 75 2 121 657 126 29
D 655 73 2 555 656 556 29
D 654 69 2 111 655 129 29
D 659 67 2 114 113 112 130
D 661 71 2 119 128 117 118
D 663 77 2 123 124 125 646
D 662 75 2 126 657 121 663
D 664 71 2 119 118 117 8
D 660 73 3 661 656 555 662 664 29
D 665 67 2 114 130 112 8
D 658 69 3 659 655 111 660 665 29
D 667 63 2 108 133 106 8
D 666 61 2 104 667 109 132
D 651 65 3 652 654 103 658 666 29
D 101 79 11 102 134 550 559 566 571 580 583 591 596 603 607 614 618 623 627 631 636 641 647 651 8
D 670 43 2 75 74 73 8
D 669 41 2 71 670 76 8
D 673 51 2 84 95 86 8
D 674 51 2 84 85 86 29
D 672 53 2 673 87 674 8
D 671 49 2 78 672 96 8
D 676 43 2 75 100 73 29
D 675 41 2 71 676 76 29
D 668 45 2 669 671 675 8
D 680 119 6 471 563 447 575 422 587 396 600 362 611 474 8
D 681 103 2 169 350 180 29
D 679 109 2 360 680 681 8
D 678 99 11 135 560 352 572 389 584 415 597 440 608 465 619 488 628 499 637 509 648 521 679 533 8
D 677 79 11 102 559 550 571 566 583 580 596 591 607 603 618 614 627 623 636 631 647 641 678 651 8
D 684 43 2 73 100 75 8
D 683 41 2 71 684 76 8
D 686 43 2 73 74 75 29
D 685 41 2 71 686 76 29
D 682 45 2 683 671 685 8
D 693 117 2 191 192 193 29
D 692 115 2 194 314 189 693
D 691 113 3 184 692 426 313 427 29
D 690 119 5 471 575 447 587 422 600 396 611 691 8
D 689 109 2 360 690 681 8
D 688 99 11 135 572 352 584 389 597 415 608 440 619 465 628 488 637 499 648 509 679 521 689 533 8
D 687 79 11 102 571 550 583 566 596 580 607 591 618 603 627 614 636 623 647 631 678 641 688 651 8
D 695 41 2 76 72 71 8
D 696 41 2 76 99 71 29
D 694 45 2 695 671 696 8
D 701 113 3 184 692 423 313 196 29
D 700 119 4 471 587 447 600 422 611 701 8
D 699 109 2 360 700 681 8
D 698 99 11 135 584 352 597 389 608 415 619 440 628 465 637 488 648 499 679 509 689 521 699 533 8
D 697 79 11 102 583 550 596 566 607 580 618 591 627 603 636 614 647 623 678 631 688 641 698 651 8
D 705 51 2 86 95 84 8
D 706 51 2 86 85 84 29
D 704 53 2 705 87 706 8
D 703 49 2 78 704 96 8
D 702 45 2 70 703 98 8
D 711 113 2 184 692 195 29
D 710 119 3 471 600 447 611 711 8
D 709 109 2 360 710 681 8
D 708 99 11 135 597 352 608 389 619 415 628 440 637 465 648 488 679 499 689 509 699 521 709 533 8
D 707 79 11 102 596 550 607 566 618 580 627 591 636 603 647 614 678 623 688 631 698 641 708 651 8
D 714 47 2 81 80 79 8
D 715 47 2 81 97 79 29
D 713 49 2 714 672 715 8
D 712 45 2 70 713 98 8
D 721 115 2 189 693 194 29
D 720 113 2 184 721 195 29
D 719 119 2 471 611 720 8
D 718 109 2 360 719 681 8
D 717 99 11 135 608 352 619 389 628 415 637 440 648 465 679 488 689 499 699 509 709 521 718 533 8
D 716 79 11 102 607 550 618 566 627 580 636 591 647 603 678 614 688 623 698 631 708 641 717 651 8
D 724 47 2 79 97 81 8
D 725 47 2 79 80 81 29
D 723 49 2 724 672 725 8
D 722 45 2 70 723 98 8
D 732 97 2 158 526 156 29
D 731 95 2 154 732 159 539
D 730 93 3 356 731 543 538 546 29
D 729 89 3 144 730 541 537 547 29
D 728 85 3 136 729 534 536 548 29
D 727 99 10 135 619 352 628 389 637 415 648 440 679 465 689 488 699 499 709 509 718 728 8
D 726 79 11 102 618 550 627 566 636 580 647 591 678 603 688 614 698 623 708 631 717 641 727 651 8
D 736 55 2 93 89 88 8
D 735 53 2 673 736 674 8
D 734 49 2 78 735 96 8
D 733 45 2 70 734 98 8
D 742 95 2 159 539 154 29
D 741 93 3 356 742 543 538 546 29
D 740 89 3 144 741 541 537 547 29
D 739 85 3 136 740 534 536 548 29
D 738 99 9 135 628 352 637 389 648 415 679 440 689 465 699 488 709 499 718 739 8
D 737 79 11 102 627 550 636 566 647 580 678 591 688 603 698 614 708 623 717 631 727 641 738 651 8
D 747 57 2 92 91 90 8
D 746 55 2 88 747 93 8
D 745 53 2 673 746 674 8
D 744 49 2 78 745 96 8
D 743 45 2 70 744 98 8
D 753 91 2 150 161 152 151
D 752 93 2 543 538 753 29
D 751 89 3 144 752 541 537 547 29
D 750 85 3 136 751 534 536 548 29
D 749 99 8 135 637 352 648 389 679 415 689 440 699 465 709 488 718 750 8
D 748 79 11 102 636 550 647 566 678 580 688 591 698 603 708 614 717 623 727 631 738 641 749 651 8
L 759 58 30
D 758 57 2 90 759 92 8
D 757 55 2 88 758 93 8
D 756 53 2 673 757 674 8
D 755 49 2 78 756 96 8
D 754 45 2 70 755 98 8
D 763 89 3 144 752 467 537 163 29
D 762 85 3 136 763 534 536 548 29
D 761 99 7 135 648 352 679 389 689 415 699 440 709 465 718 762 8
D 760 79 11 102 647 550 678 566 688 580 698 591 708 603 717 614 727 623 738 631 749 641 761 651 8
D 766 43 2 75 74 73 100
D 765 41 2 71 766 76 72
D 770 57 2 90 759 92 29
D 769 55 2 88 770 93 29
D 768 53 2 673 769 674 29
D 767 49 2 78 768 96 29
D 772 47 2 81 80 79 97
D 774 51 2 86 95 84 85
D 776 57 2 90 91 92 759
D 775 55 2 93 770 88 776
D 777 51 2 86 85 84 8
D 773 53 3 774 769 673 775 777 29
D 778 47 2 81 97 79 8
D 771 49 3 772 768 78 773 778 29
D 780 43 2 75 100 73 8
D 779 41 2 71 780 76 99
D 764 45 3 765 767 70 771 779 29
D 68 59 11 69 101 668 677 682 687 694 697 702 707 712 716 722 726 733 737 743 748 754 760 764 8
D 783 23 2 42 41 40 8
D 782 21 2 38 783 43 8
D 786 31 2 51 62 53 8
D 787 31 2 51 52 53 29
D 785 33 2 786 54 787 8
D 784 29 2 45 785 63 8
D 789 23 2 42 67 40 29
D 788 21 2 38 789 43 29
D 781 25 2 782 784 788 8
D 794 89 2 144 752 162 29
D 793 85 3 136 794 534 536 548 29
D 792 99 6 135 679 352 689 389 699 415 709 440 718 793 8
D 791 79 11 102 678 550 688 566 698 580 708 591 717 603 727 614 738 623 749 631 761 641 792 651 8
D 790 59 11 69 677 668 687 682 697 694 707 702 716 712 726 722 737 733 748 743 760 754 791 764 8
D 797 23 2 40 67 42 8
D 796 21 2 38 797 43 8
D 799 23 2 40 41 42 29
D 798 21 2 38 799 43 29
D 795 25 2 796 784 798 8
D 805 93 2 149 538 160 29
D 804 89 2 144 805 162 29
D 803 85 3 136 804 534 536 548 29
D 802 99 5 135 689 352 699 389 709 415 718 803 8
D 801 79 11 102 688 550 698 566 708 580 717 591 727 603 738 614 749 623 761 631 792 641 802 651 8
D 800 59 11 69 687 668 697 682 707 694 716 702 726 712 737 722 748 733 760 743 791 754 801 764 8
D 807 21 2 43 39 38 8
D 808 21 2 43 66 38 29
D 806 25 2 807 784 808 8
D 813 81 2 137 391 142 138
D 814 81 2 142 165 137 166
D 812 85 3 136 804 813 536 814 29
D 811 99 4 135 699 352 709 389 718 812 8
D 810 79 11 102 698 550 708 566 717 580 727 591 738 603 749 614 761 623 792 631 802 641 811 651 8
D 809 59 11 69 697 668 707 682 716 694 726 702 737 712 748 722 760 733 791 743 801 754 810 764 8
D 818 31 2 53 62 51 8
D 819 31 2 53 52 51 29
D 817 33 2 818 54 819 8
D 816 29 2 45 817 63 8
D 815 25 2 37 816 65 8
D 823 85 3 136 804 353 536 165 29
D 822 99 3 135 709 352 718 823 8
D 821 79 11 102 708 550 717 566 727 580 738 591 749 603 761 614 792 623 802 631 811 641 822 651 8
D 820 59 11 69 707 668 716 682 726 694 737 702 748 712 760 722 791 733 801 743 810 754 821 764 8
D 826 27 2 48 47 46 8
D 827 27 2 48 64 46 29
D 825 29 2 826 785 827 8
D 824 25 2 37 825 65 8
D 831 85 2 136 804 164 29
D 830 99 2 135 718 831 8
D 829 79 11 102 717 550 727 566 738 580 749 591 761 603 792 614 802 623 811 631 822 641 830 651 8
D 828 59 11 69 716 668 726 682 737 694 748 702 760 712 791 722 801 733 810 743 821 754 829 764 8
D 834 27 2 46 64 48 8
D 835 27 2 46 47 48 29
D 833 29 2 834 785 835 8
D 832 25 2 37 833 65 8
D 842 77 2 125 646 123 29
D 841 75 2 121 842 126 657
D 840 73 3 555 841 661 656 664 29
D 839 69 3 111 840 659 655 665 29
D 838 65 3 103 839 652 654 666 29
D 837 79 10 102 727 550 738 566 749 580 761 591 792 603 802 614 811 623 822 631 830 838 8
D 836 59 11 69 726 668 737 682 748 694 760 702 791 712 801 722 810 733 821 743 829 754 837 764 8
D 846 35 2 60 56 55 8
D 845 33 2 786 846 787 8
D 844 29 2 45 845 63 8
D 843 25 2 37 844 65 8
D 852 75 2 126 657 121 29
D 851 73 3 555 852 661 656 664 29
D 850 69 3 111 851 659 655 665 29
D 849 65 3 103 850 652 654 666 29
D 848 79 9 102 738 550 749 566 761 580 792 591 802 603 811 614 822 623 830 849 8
D 847 59 11 69 737 668 748 682 760 694 791 702 801 712 810 722 821 733 829 743 837 754 848 764 8
D 857 37 2 59 58 57 8
D 856 35 2 55 857 60 8
D 855 33 2 786 856 787 8
D 854 29 2 45 855 63 8
D 853 25 2 37 854 65 8
D 863 71 2 117 128 119 118
D 862 73 2 661 656 863 29
D 861 69 3 111 862 659 655 665 29
D 860 65 3 103 861 652 654 666 29
D 859 79 8 102 749 550 761 566 792 580 802 591 811 603 822 614 830 860 8
D 858 59 11 69 748 668 760 682 791 694 801 702 810 712 821 722 829 733 837 743 848 754 859 764 8
L 869 38 20
D 868 37 2 57 869 59 8
D 867 35 2 55 868 60 8
D 866 33 2 786 867 787 8
D 865 29 2 45 866 63 8
D 864 25 2 37 865 65 8
D 873 69 3 111 862 605 655 130 29
D 872 65 3 103 873 652 654 666 29
D 871 79 7 102 761 550 792 566 802 580 811 591 822 603 830 872 8
D 870 59 11 69 760 668 791 682 801 694 810 702 821 712 829 722 837 733 848 743 859 754 871 764 8
D 876 23 2 42 41 40 67
D 875 21 2 38 876 43 39
D 880 37 2 57 869 59 29
D 879 35 2 55 880 60 29
D 878 33 2 786 879 787 29
D 877 29 2 45 878 63 29
D 882 27 2 48 47 46 64
D 884 31 2 53 62 51 52
D 886 37 2 57 58 59 869
D 885 35 2 60 880 55 886
D 887 31 2 53 52 51 8
D 883 33 3 884 879 786 885 887 29
D 888 27 2 48 64 46 8
D 881 29 3 882 878 45 883 888 29
D 890 23 2 42 67 40 8
D 889 21 2 38 890 43 66
D 874 25 3 875 877 37 881 889 29
D 35 39 11 36 68 781 790 795 800 806 809 815 820 824 828 832 836 843 847 853 858 864 870 874 8
D 893 3 2 7 6 5 8
D 892 1 2 3 893 9 8
D 896 11 2 17 28 19 8
D 897 11 2 17 18 19 29
D 895 13 2 896 20 897 8
D 894 9 2 11 895 30 8
D 899 3 2 7 34 5 29
D 898 1 2 3 899 9 29
D 891 5 2 892 894 898 8
D 904 69 2 111 862 129 29
D 903 65 3 103 904 652 654 666 29
D 902 79 6 102 792 550 802 566 811 580 822 591 830 903 8
D 901 59 11 69 791 668 801 682 810 694 821 702 829 712 837 722 848 733 859 743 871 754 902 764 8
D 900 39 11 36 790 781 800 795 809 806 820 815 828 824 836 832 847 843 858 853 870 864 901 874 8
D 907 3 2 5 34 7 8
D 906 1 2 3 907 9 8
D 909 3 2 5 6 7 29
D 908 1 2 3 909 9 29
D 905 5 2 906 894 908 8
D 915 73 2 116 656 127 29
D 914 69 2 111 915 129 29
D 913 65 3 103 914 652 654 666 29
D 912 79 5 102 802 550 811 566 822 580 830 913 8
D 911 59 11 69 801 668 810 682 821 694 829 702 837 712 848 722 859 733 871 743 902 754 912 764 8
D 910 39 11 36 800 781 809 795 820 806 828 815 836 824 847 832 858 843 870 853 901 864 911 874 8
D 917 1 2 9 4 3 8
D 918 1 2 9 33 3 29
D 916 5 2 917 894 918 8
D 923 61 2 104 653 109 8
D 924 61 2 104 667 109 29
D 922 65 3 103 914 923 654 924 29
D 921 79 4 102 811 550 822 566 830 922 8
D 920 59 11 69 810 668 821 682 829 694 837 702 848 712 859 722 871 733 902 743 912 754 921 764 8
D 919 39 11 36 809 781 820 795 828 806 836 815 847 824 858 832 870 843 901 853 911 864 920 874 8
D 928 11 2 19 28 17 8
D 929 11 2 19 18 17 29
D 927 13 2 928 20 929 8
D 926 9 2 11 927 30 8
D 925 5 2 2 926 32 8
D 934 61 2 104 133 109 29
D 933 65 3 103 914 551 654 934 29
D 932 79 3 102 822 550 830 933 8
D 931 59 11 69 821 668 829 682 837 694 848 702 859 712 871 722 902 733 912 743 921 754 932 764 8
D 930 39 11 36 820 781 828 795 836 806 847 815 858 824 870 832 901 843 911 853 920 864 931 874 8
D 937 7 2 14 13 12 8
D 938 7 2 14 31 12 29
D 936 9 2 937 895 938 8
D 935 5 2 2 936 32 8
D 942 65 2 103 914 131 29
D 941 79 2 102 830 942 8
D 940 59 11 69 829 668 837 682 848 694 859 702 871 712 902 722 912 733 921 743 932 754 941 764 8
D 939 39 11 36 828 781 836 795 847 806 858 815 870 824 901 832 911 843 920 853 931 864 940 874 8
D 945 7 2 12 31 14 8
D 946 7 2 12 13 14 29
D 944 9 2 945 895 946 8
D 943 5 2 2 944 32 8
D 953 57 2 92 759 90 29
D 952 55 2 88 953 93 770
D 951 53 3 673 952 774 769 777 29
D 950 49 3 78 951 772 768 778 29
D 949 45 3 70 950 765 767 779 29
D 948 59 10 69 837 668 848 682 859 694 871 702 902 712 912 722 921 733 932 743 941 949 8
D 947 39 11 36 836 781 847 795 858 806 870 815 901 824 911 832 920 843 931 853 940 864 948 874 8
D 957 15 2 26 22 21 8
D 956 13 2 896 957 897 8
D 955 9 2 11 956 30 8
D 954 5 2 2 955 32 8
D 963 55 2 93 770 88 29
D 962 53 3 673 963 774 769 777 29
D 961 49 3 78 962 772 768 778 29
D 960 45 3 70 961 765 767 779 29
D 959 59 9 69 848 668 859 682 871 694 902 702 912 712 921 722 932 733 941 960 8
D 958 39 11 36 847 781 858 795 870 806 901 815 911 824 920 832 931 843 940 853 948 864 959 874 8
D 968 17 2 25 24 23 8
D 967 15 2 21 968 26 8
D 966 13 2 896 967 897 8
D 965 9 2 11 966 30 8
D 964 5 2 2 965 32 8
D 974 51 2 84 95 86 85
D 973 53 2 774 769 974 29
D 972 49 3 78 973 772 768 778 29
D 971 45 3 70 972 765 767 779 29
D 970 59 8 69 859 668 871 682 902 694 912 702 921 712 932 722 941 971 8
D 969 39 11 36 858 781 870 795 901 806 911 815 920 824 931 832 940 843 948 853 959 864 970 874 8
L 980 18 10
D 979 17 2 23 980 25 8
D 978 15 2 21 979 26 8
D 977 13 2 896 978 897 8
D 976 9 2 11 977 30 8
D 975 5 2 2 976 32 8
D 984 49 3 78 973 714 768 97 29
D 983 45 3 70 984 765 767 779 29
D 982 59 7 69 871 668 902 682 912 694 921 702 932 712 941 983 8
D 981 39 11 36 870 781 901 795 911 806 920 815 931 824 940 832 948 843 959 853 970 864 982 874 8
D 989 17 2 23 24 25 980
D 990 17 2 23 980 25 29
D 988 15 2 21 989 26 990
D 991 11 2 19 28 17 18
D 992 15 2 21 990 26 29
D 993 11 2 19 18 17 8
D 987 13 3 896 988 991 992 993 29
D 994 7 2 14 13 12 31
D 995 13 2 896 992 897 29
D 996 7 2 14 31 12 8
D 986 9 3 11 987 994 995 996 29
D 998 3 2 7 6 5 34
D 997 1 2 3 998 9 4
D 999 9 2 11 995 30 29
D 1001 3 2 7 34 5 8
D 1000 1 2 3 1001 9 33
D 985 5 3 2 986 997 999 1000 29
D 0 19 11 1 35 891 900 905 910 916 919 925 930 935 939 943 947 954 958 964 969 975 981 985 8
