c ids of sdd nodes start at 0
c sdd nodes appear bottom-up, children before parents
c
c file syntax:
c sdd count-of-sdd-nodes
c F id-of-false-sdd-node
c T id-of-true-sdd-node
c L id-of-literal-sdd-node id-of-vtree literal
c D id-of-decomposition-sdd-node id-of-vtree number-of-elements {id-of-prime id-of-sub}*
c
sdd 1004
L 3 0 -4
L 5 2 -2
L 6 4 -3
L 7 2 2
F 8
D 4 3 2 5 6 7 8
L 9 0 4
D 2 1 2 3 4 9 8
L 12 6 -6
L 13 8 -7
L 14 6 6
D 11 7 2 12 13 14 8
L 17 10 -5
L 18 12 1
L 19 10 5
D 16 11 2 17 18 19 8
L 21 14 -8
L 23 16 -9
L 24 18 -10
L 25 16 9
D 22 17 2 23 24 25 8
L 26 14 8
D 20 15 2 21 22 26 8
L 28 12 -1
T 29
D 27 11 2 17 28 19 29
D 15 13 2 16 20 27 8
L 31 8 7
D 30 7 2 12 31 14 29
D 10 9 2 11 15 30 8
L 34 4 3
D 33 3 2 5 34 7 29
D 32 1 2 3 33 9 29
D 1 5 2 2 10 32 8
L 38 20 -14
L 40 22 -12
L 41 24 -13
L 42 22 12
D 39 23 2 40 41 42 8
L 43 20 14
D 37 21 2 38 39 43 8
L 46 26 -16
L 47 28 -17
L 48 26 16
D 45 27 2 46 47 48 8
L 51 30 -15
L 52 32 11
L 53 30 15
D 50 31 2 51 52 53 8
L 55 34 -18
L 57 36 -19
L 58 38 -20
L 59 36 19
D 56 37 2 57 58 59 8
L 60 34 18
D 54 35 2 55 56 60 8
L 62 32 -11
D 61 31 2 51 62 53 29
D 49 33 2 50 54 61 8
L 64 28 17
D 63 27 2 46 64 48 29
D 44 29 2 45 49 63 8
L 67 24 13
D 66 23 2 40 67 42 29
D 65 21 2 38 66 43 29
D 36 25 2 37 44 65 8
L 71 40 -24
L 73 42 -22
L 74 44 -23
L 75 42 22
D 72 43 2 73 74 75 8
L 76 40 24
D 70 41 2 71 72 76 8
L 79 46 -26
L 80 48 -27
L 81 46 26
D 78 47 2 79 80 81 8
L 84 50 -25
L 85 52 21
L 86 50 25
D 83 51 2 84 85 86 8
L 88 54 -28
L 90 56 -29
L 91 58 -30
L 92 56 29
D 89 57 2 90 91 92 8
L 93 54 28
D 87 55 2 88 89 93 8
L 95 52 -21
D 94 51 2 84 95 86 29
D 82 53 2 83 87 94 8
L 97 48 27
D 96 47 2 79 97 81 29
D 77 49 2 78 82 96 8
L 100 44 23
D 99 43 2 73 100 75 29
D 98 41 2 71 99 76 29
D 69 45 2 70 77 98 8
L 104 60 -34
L 106 62 -32
L 107 64 -33
L 108 62 32
D 105 63 2 106 107 108 8
L 109 60 34
D 103 61 2 104 105 109 8
L 112 66 -36
L 113 68 -37
L 114 66 36
D 111 67 2 112 113 114 8
L 117 70 -35
L 118 72 31
L 119 70 35
D 116 71 2 117 118 119 8
L 121 74 -38
L 123 76 -39
L 124 78 -40
L 125 76 39
D 122 77 2 123 124 125 8
L 126 74 38
D 120 75 2 121 122 126 8
L 128 72 -31
D 127 71 2 117 128 119 29
D 115 73 2 116 120 127 8
L 130 68 37
D 129 67 2 112 130 114 29
D 110 69 2 111 115 129 8
L 133 64 33
D 132 63 2 106 133 108 29
D 131 61 2 104 132 109 29
D 102 65 2 103 110 131 8
L 137 80 -42
L 139 82 -43
L 140 84 -44
L 141 82 43
D 138 83 2 139 140 141 8
L 142 80 42
D 136 81 2 137 138 142 8
L 145 86 -46
L 146 88 -47
L 147 86 46
D 144 87 2 145 146 147 8
L 150 90 -45
L 151 92 41
L 152 90 45
D 149 91 2 150 151 152 8
L 154 94 -48
L 156 96 -49
L 157 98 -50
L 158 96 49
D 155 97 2 156 157 158 8
L 159 94 48
D 153 95 2 154 155 159 8
L 161 92 -41
D 160 91 2 150 161 152 29
D 148 93 2 149 153 160 8
L 163 88 47
D 162 87 2 145 163 147 29
D 143 89 2 144 148 162 8
L 166 84 44
D 165 83 2 139 166 141 29
D 164 81 2 137 165 142 29
D 135 85 2 136 143 164 8
L 170 100 -56
L 171 102 -57
L 172 100 56
D 169 101 2 170 171 172 8
L 174 104 -58
L 176 106 -59
L 177 108 60
L 178 106 59
D 175 107 2 176 177 178 8
L 179 104 58
D 173 105 2 174 175 179 8
L 181 102 57
D 180 101 2 170 181 172 29
D 168 103 2 169 173 180 8
L 185 110 -53
L 186 112 -54
L 187 110 53
D 184 111 2 185 186 187 8
L 189 114 -52
L 191 116 -55
L 192 118 -51
L 193 116 55
D 190 117 2 191 192 193 8
L 194 114 52
D 188 115 2 189 190 194 8
L 196 112 54
D 195 111 2 185 196 187 29
D 183 113 2 184 188 195 8
L 200 120 -76
L 201 122 -77
L 202 120 76
D 199 121 2 200 201 202 8
L 204 124 -78
L 206 126 -79
L 207 128 80
L 208 126 79
D 205 127 2 206 207 208 8
L 209 124 78
D 203 125 2 204 205 209 8
L 211 122 77
D 210 121 2 200 211 202 29
D 198 123 2 199 203 210 8
L 215 130 -73
L 216 132 -72
L 217 130 73
D 214 131 2 215 216 217 8
L 219 134 -71
L 221 136 -74
L 222 138 -75
L 223 136 74
D 220 137 2 221 222 223 8
L 224 134 71
D 218 135 2 219 220 224 8
L 226 132 72
D 225 131 2 215 226 217 29
D 213 133 2 214 218 225 8
L 229 140 -61
L 230 142 -62
L 231 140 61
D 228 141 2 229 230 231 8
L 234 144 -63
L 235 146 -64
L 236 144 63
D 233 145 2 234 235 236 8
L 238 148 -65
L 240 150 -66
L 242 152 67
L 244 154 -68
L 246 156 -69
L 247 158 -70
L 248 156 69
D 245 157 2 246 247 248 8
L 249 154 68
D 243 155 2 244 245 249 8
L 250 152 -67
D 241 153 2 242 243 250 8
L 251 150 66
D 239 151 2 240 241 251 8
L 252 148 65
D 237 149 2 238 239 252 8
L 254 146 64
D 253 145 2 234 254 236 29
D 232 147 2 233 237 253 8
L 256 142 62
D 255 141 2 229 256 231 29
D 227 143 2 228 232 255 8
L 260 138 75
D 259 137 2 221 260 223 29
D 258 135 2 219 259 224 29
D 257 133 2 214 258 225 29
D 212 139 2 213 227 257 8
L 264 128 -80
D 263 127 2 208 264 206 8
D 262 125 2 204 263 209 8
D 261 123 2 199 262 210 8
D 271 155 2 249 245 244 8
D 270 153 2 250 271 242 8
D 269 151 2 240 270 251 8
D 268 149 2 238 269 252 8
D 267 147 2 233 268 253 8
D 266 143 2 228 267 255 8
D 265 139 2 213 266 257 8
D 274 127 2 206 264 208 8
D 273 125 2 209 274 204 8
D 272 123 2 199 273 210 8
D 282 157 2 248 247 246 8
D 281 155 2 244 282 249 8
D 280 153 2 250 281 242 8
D 279 151 2 240 280 251 8
D 278 149 2 238 279 252 8
D 277 147 2 233 278 253 8
D 276 143 2 228 277 255 8
D 275 139 2 213 276 257 8
D 284 121 2 200 211 202 8
D 285 125 2 204 274 209 8
D 286 121 2 200 201 202 29
D 283 123 2 284 285 286 8
L 295 158 70
D 294 157 2 246 295 248 8
D 293 155 2 244 294 249 8
D 292 153 2 250 293 242 8
D 291 151 2 240 292 251 8
D 290 149 2 238 291 252 8
D 289 147 2 233 290 253 8
D 288 143 2 228 289 255 8
D 287 139 2 213 288 257 8
D 298 127 2 206 264 208 207
D 299 127 2 206 207 208 29
D 297 125 2 204 298 209 299
D 300 125 2 204 299 209 29
D 296 123 3 199 297 284 300 202 29
D 197 129 5 198 212 261 265 272 275 283 287 296 8
L 304 118 51
D 303 117 2 191 304 193 29
D 302 115 2 189 303 194 29
D 301 113 2 184 302 195 29
D 182 119 2 183 197 301 8
L 308 108 -60
D 307 107 2 178 308 176 8
D 306 105 2 174 307 179 8
D 305 103 2 169 306 180 8
D 311 123 2 199 297 210 29
D 310 129 4 198 265 261 275 272 287 311 8
D 309 119 2 183 310 301 8
D 314 107 2 176 308 178 8
D 313 105 2 179 314 174 8
D 312 103 2 169 313 180 8
D 318 125 2 204 298 209 29
D 317 123 2 199 318 210 29
D 316 129 3 198 275 261 287 317 8
D 315 119 2 183 316 301 8
D 320 101 2 170 181 172 8
D 321 105 2 174 314 179 8
D 322 101 2 170 171 172 29
D 319 103 2 320 321 322 8
D 327 127 2 206 264 208 29
D 326 125 2 204 327 209 29
D 325 123 2 199 326 210 29
D 324 129 2 198 287 325 8
D 323 119 2 183 324 301 8
D 330 107 2 176 308 178 177
D 331 107 2 176 177 178 29
D 329 105 2 174 330 179 331
D 332 105 2 174 331 179 29
D 328 103 3 169 329 320 332 172 29
D 167 109 5 168 182 305 309 312 315 319 323 328 8
D 334 81 2 142 138 137 8
D 337 91 2 150 161 152 8
D 338 91 2 150 151 152 29
D 336 93 2 337 153 338 8
D 335 89 2 144 336 162 8
D 339 81 2 142 165 137 29
D 333 85 2 334 335 339 8
D 348 153 2 250 243 242 8
D 347 151 2 251 348 240 8
D 346 149 2 238 347 252 8
D 345 147 2 233 346 253 8
D 344 143 2 228 345 255 8
D 343 139 2 213 344 257 8
D 350 121 2 202 201 200 8
D 351 121 2 202 211 200 29
D 349 123 2 350 285 351 8
D 353 121 2 202 201 200 211
D 354 121 2 202 211 200 8
D 352 123 3 199 297 353 300 354 29
D 342 129 6 198 343 261 212 272 265 283 275 349 287 352 8
D 341 119 2 183 342 301 8
D 356 101 2 172 171 170 8
D 357 101 2 172 181 170 29
D 355 103 2 356 321 357 8
D 359 101 2 172 171 170 181
D 360 101 2 172 181 170 8
D 358 103 3 169 329 359 332 360 29
D 340 109 6 168 341 305 182 312 309 319 315 355 323 358 8
D 363 83 2 141 140 139 8
D 362 81 2 137 363 142 8
D 365 83 2 141 166 139 29
D 364 81 2 137 365 142 29
D 361 85 2 362 335 364 8
D 367 103 2 169 321 180 8
D 371 117 2 193 192 191 8
D 370 115 2 189 371 194 8
D 369 113 2 184 370 195 8
D 374 117 2 193 304 191 29
D 373 115 2 189 374 194 29
D 372 113 2 184 373 195 29
D 368 119 2 369 324 372 8
D 381 151 2 240 348 251 8
D 380 149 2 252 381 238 8
D 379 147 2 233 380 253 8
D 378 143 2 228 379 255 8
D 377 139 2 213 378 257 8
D 382 123 2 199 285 210 8
D 386 137 2 221 260 223 8
D 385 135 2 219 386 224 8
D 384 133 2 214 385 225 8
D 389 137 2 221 222 223 29
D 388 135 2 219 389 224 29
D 387 133 2 214 388 225 29
D 383 139 2 384 288 387 8
D 392 127 2 208 207 206 8
D 391 125 2 204 392 209 299
D 390 123 3 199 391 353 300 354 29
D 376 129 7 198 377 382 383 261 343 272 212 283 265 349 275 390 8
D 375 119 2 183 376 301 8
D 395 107 2 178 177 176 8
D 394 105 2 174 395 179 331
D 393 103 3 169 394 359 332 360 29
D 366 109 7 367 368 168 375 305 341 312 182 319 309 355 315 393 8
D 398 83 2 139 166 141 8
D 397 81 2 137 398 142 8
D 400 83 2 139 140 141 29
D 399 81 2 137 400 142 29
D 396 85 2 397 335 399 8
D 404 111 2 185 196 187 8
D 405 111 2 185 186 187 29
D 403 113 2 404 188 405 8
D 406 113 3 184 373 404 302 187 29
D 402 119 3 369 316 403 324 406 8
D 412 145 2 234 254 236 8
D 413 149 2 238 381 252 8
D 414 145 2 234 235 236 29
D 411 147 2 412 413 414 8
D 410 143 2 228 411 255 8
D 409 139 2 213 410 257 8
D 418 137 2 223 222 221 8
D 417 135 2 219 418 224 8
D 416 133 2 214 417 225 8
D 421 137 2 221 222 223 260
D 420 135 2 219 421 224 29
D 419 133 2 214 420 225 29
D 415 139 3 416 288 384 276 419 8
D 408 129 7 198 409 382 415 261 377 272 343 283 212 349 265 390 8
D 407 119 2 183 408 301 8
D 401 109 7 367 402 168 407 305 375 312 341 319 182 355 309 393 8
D 425 91 2 152 161 150 8
D 426 91 2 152 151 150 29
D 424 93 2 425 153 426 8
D 423 89 2 144 424 162 8
D 422 85 2 136 423 164 8
D 430 111 2 187 186 185 8
D 431 111 2 187 196 185 29
D 429 113 2 430 188 431 8
D 433 111 2 187 186 185 196
D 434 111 2 187 196 185 8
D 432 113 3 184 373 433 302 434 29
D 428 119 4 403 316 369 310 429 324 432 8
D 440 145 2 236 235 234 8
D 441 145 2 236 254 234 29
D 439 147 2 440 413 441 8
D 438 143 2 228 439 255 8
D 437 139 2 213 438 257 8
D 444 131 2 217 216 215 8
D 445 131 2 217 226 215 29
D 443 133 2 444 218 445 8
D 446 133 3 214 420 444 258 226 29
D 442 139 4 443 288 416 276 384 266 446 8
D 436 129 7 198 437 382 442 261 409 272 377 283 343 349 212 390 8
D 435 119 2 183 436 301 8
D 427 109 7 367 428 168 435 305 407 312 375 319 341 355 182 393 8
D 449 87 2 147 146 145 8
D 450 87 2 147 163 145 29
D 448 89 2 449 336 450 8
D 447 85 2 136 448 164 8
D 454 115 2 194 190 189 8
D 453 113 2 184 454 195 8
D 456 115 2 189 374 194 303
D 455 113 3 184 456 433 302 434 29
D 452 119 5 369 197 429 316 403 310 453 324 455 8
D 461 131 2 215 226 217 8
D 462 131 2 215 216 217 29
D 460 133 2 461 218 462 8
D 464 131 2 217 216 215 226
D 465 131 2 217 226 215 8
D 463 133 3 214 420 464 258 465 29
D 459 139 5 460 288 443 276 416 266 384 227 463 8
D 468 141 2 229 256 231 8
D 469 147 2 233 413 253 8
D 470 141 2 229 230 231 29
D 467 143 2 468 469 470 8
D 466 139 2 213 467 257 8
D 458 129 7 382 459 261 437 198 466 272 409 283 377 349 343 390 8
D 457 119 2 183 458 301 8
D 451 109 7 367 452 168 457 305 435 312 407 319 375 355 341 393 8
D 473 87 2 145 163 147 8
D 474 87 2 145 146 147 29
D 472 89 2 473 336 474 8
D 471 85 2 136 472 164 8
D 479 117 2 191 304 193 8
D 478 115 2 189 479 194 8
D 477 113 2 184 478 195 8
D 482 117 2 191 192 193 304
D 481 115 2 189 482 194 303
D 480 113 3 184 481 433 302 434 29
D 476 119 6 369 342 403 197 453 316 429 310 477 324 480 8
D 487 135 2 224 220 219 8
D 486 133 2 214 487 225 8
D 489 135 2 219 421 224 259
D 488 133 3 214 489 464 258 465 29
D 485 139 6 486 288 460 276 443 266 384 344 416 227 488 8
D 492 141 2 231 230 229 8
D 493 141 2 231 256 229 29
D 491 143 2 492 469 493 8
D 490 139 2 213 491 257 8
D 484 129 7 382 485 272 437 261 466 283 409 198 490 349 377 390 8
D 483 119 2 183 484 301 8
D 475 109 7 367 476 168 483 305 457 312 435 319 407 355 375 393 8
D 497 95 2 159 155 154 8
D 496 93 2 337 497 338 8
D 495 89 2 144 496 162 8
D 494 85 2 136 495 164 8
D 499 119 6 369 376 403 342 429 197 477 316 453 310 480 8
D 502 139 6 486 276 460 266 384 378 416 344 443 227 488 8
D 504 125 2 209 299 204 207
D 503 123 3 199 504 353 300 354 29
D 501 129 6 382 502 283 437 272 466 349 409 261 490 503 8
D 500 119 2 183 501 301 8
D 498 109 7 367 499 305 483 168 500 312 457 319 435 355 407 393 8
D 509 97 2 158 157 156 8
D 508 95 2 154 509 159 8
D 507 93 2 337 508 338 8
D 506 89 2 144 507 162 8
D 505 85 2 136 506 164 8
D 511 119 6 403 376 369 408 429 342 453 197 477 310 480 8
D 514 139 6 486 266 384 410 416 378 443 344 460 227 488 8
D 515 123 3 353 300 199 299 354 29
D 513 129 5 382 514 349 437 283 466 272 490 515 8
D 512 119 2 183 513 301 8
D 510 109 7 367 511 312 483 305 500 168 512 319 457 355 435 393 8
L 521 98 50
D 520 97 2 156 521 158 8
D 519 95 2 154 520 159 8
D 518 93 2 337 519 338 8
D 517 89 2 144 518 162 8
D 516 85 2 136 517 164 8
D 523 119 6 429 376 403 408 369 436 453 342 477 197 480 8
D 526 139 6 384 438 416 410 443 378 460 344 486 227 488 8
D 528 121 2 202 201 200 29
D 527 123 2 528 300 354 29
D 525 129 4 349 466 382 526 283 490 527 8
D 524 119 2 183 525 301 8
D 522 109 7 367 523 319 483 312 500 305 512 168 524 355 457 393 8
D 531 83 2 141 140 139 166
D 530 81 2 137 531 142 138
D 535 97 2 156 521 158 29
D 534 95 2 154 535 159 29
D 533 93 2 337 534 338 29
D 532 89 2 144 533 162 29
D 537 87 2 147 146 145 163
D 539 91 2 152 161 150 151
D 541 97 2 156 157 158 521
D 540 95 2 159 535 154 541
D 542 91 2 152 151 150 8
D 538 93 3 539 534 337 540 542 29
D 543 87 2 147 163 145 8
D 536 89 3 537 533 144 538 543 29
D 545 83 2 141 166 139 8
D 544 81 2 137 545 142 165
D 529 85 3 530 532 136 536 544 29
D 134 99 11 135 167 333 340 361 366 396 401 422 427 447 451 471 475 494 498 505 510 516 522 529 8
D 548 63 2 108 107 106 8
D 547 61 2 104 548 109 8
D 551 71 2 117 128 119 8
D 552 71 2 117 118 119 29
D 550 73 2 551 120 552 8
D 549 69 2 111 550 129 8
D 554 63 2 108 133 106 29
D 553 61 2 104 554 109 29
D 546 65 2 547 549 553 8
D 557 119 6 453 376 429 408 403 436 369 458 477 342 480 8
D 560 139 6 416 438 443 410 460 378 486 344 384 467 488 8
D 561 123 2 201 300 211 29
D 559 129 3 349 490 382 560 561 8
D 558 119 2 183 559 301 8
D 556 109 7 367 557 355 483 319 500 312 512 305 524 168 558 393 8
D 555 99 11 135 340 333 366 361 401 396 427 422 451 447 475 471 498 494 510 505 522 516 556 529 8
D 564 63 2 106 133 108 8
D 563 61 2 104 564 109 8
D 566 63 2 106 107 108 29
D 565 61 2 104 566 109 29
D 562 65 2 563 549 565 8
D 569 119 6 477 376 453 408 429 436 403 458 369 484 480 8
D 572 139 6 443 438 460 410 486 378 416 467 384 491 488 8
D 573 123 2 199 300 210 29
D 571 129 2 382 572 573 8
D 570 119 2 183 571 301 8
D 568 109 7 355 500 367 569 319 512 312 524 305 558 168 570 393 8
D 567 99 11 135 366 333 401 361 427 396 451 422 475 447 498 471 510 494 522 505 556 516 568 529 8
D 575 61 2 109 105 104 8
D 576 61 2 109 132 104 29
D 574 65 2 575 549 576 8
D 579 119 6 477 408 453 436 429 458 403 484 369 501 480 8
D 585 137 2 223 260 221 29
D 584 135 2 219 585 224 259
D 583 133 3 214 584 464 258 465 29
D 582 139 5 460 438 486 410 443 467 416 491 583 8
D 581 129 2 382 582 573 8
D 580 119 2 183 581 301 8
D 578 109 7 355 512 367 579 319 524 312 558 305 570 168 580 393 8
D 577 99 11 135 401 333 427 361 451 396 475 422 498 447 510 471 522 494 556 505 568 516 578 529 8
D 589 71 2 119 128 117 8
D 590 71 2 119 118 117 29
D 588 73 2 589 120 590 8
D 587 69 2 111 588 129 8
D 586 65 2 103 587 131 8
D 593 119 6 477 436 453 458 429 484 403 501 369 513 480 8
D 598 135 2 224 259 219 29
D 597 133 3 464 258 214 598 465 29
D 596 139 4 486 438 460 467 443 491 597 8
D 595 129 2 382 596 573 8
D 594 119 2 183 595 301 8
D 592 109 7 355 524 367 593 319 558 312 570 305 580 168 594 393 8
D 591 99 11 135 427 333 451 361 475 396 498 422 510 447 522 471 556 494 568 505 578 516 592 529 8
D 601 67 2 114 113 112 8
D 602 67 2 114 130 112 29
D 600 69 2 601 550 602 8
D 599 65 2 103 600 131 8
D 605 119 6 477 458 453 484 429 501 403 513 369 525 480 8
D 609 133 3 461 258 214 598 217 29
D 608 139 3 486 467 460 491 609 8
D 607 129 2 382 608 573 8
D 606 119 2 183 607 301 8
D 604 109 7 355 558 367 605 319 570 312 580 305 594 168 606 393 8
D 603 99 11 135 451 333 475 361 498 396 510 422 522 447 556 471 568 494 578 505 592 516 604 529 8
D 612 67 2 112 130 114 8
D 613 67 2 112 113 114 29
D 611 69 2 612 550 613 8
D 610 65 2 103 611 131 8
D 616 119 6 477 484 453 501 429 513 403 525 369 559 480 8
D 620 133 2 214 598 225 29
D 619 139 2 486 491 620 8
D 618 129 2 382 619 573 8
D 617 119 2 183 618 301 8
D 615 109 7 355 570 367 616 319 580 312 594 305 606 168 617 393 8
D 614 99 11 135 475 333 498 361 510 396 522 422 556 447 568 471 578 494 592 505 604 516 615 529 8
D 624 75 2 126 122 121 8
D 623 73 2 551 624 552 8
D 622 69 2 111 623 129 8
D 621 65 2 103 622 131 8
D 627 119 6 477 501 453 513 429 525 403 559 369 571 480 8
D 629 105 2 179 331 174 177
D 628 103 3 169 629 359 332 360 29
D 626 109 6 355 580 367 627 319 594 312 606 305 617 628 8
D 625 99 11 135 498 333 510 361 522 396 556 422 568 447 578 471 592 494 604 505 615 516 626 529 8
D 634 77 2 125 124 123 8
D 633 75 2 121 634 126 8
D 632 73 2 551 633 552 8
D 631 69 2 111 632 129 8
D 630 65 2 103 631 131 8
D 637 119 6 477 513 453 525 429 559 403 571 369 581 480 8
D 638 103 3 359 332 169 331 360 29
D 636 109 5 355 594 367 637 319 606 312 617 638 8
D 635 99 11 135 510 333 522 361 556 396 568 422 578 447 592 471 604 494 615 505 626 516 636 529 8
L 644 78 40
D 643 77 2 123 644 125 8
D 642 75 2 121 643 126 8
D 641 73 2 551 642 552 8
D 640 69 2 111 641 129 8
D 639 65 2 103 640 131 8
D 647 119 6 477 525 453 559 429 571 403 581 369 595 480 8
D 649 101 2 172 171 170 29
D 648 103 2 649 332 360 29
D 646 109 4 355 606 367 647 319 617 648 8
D 645 99 11 135 522 333 556 361 568 396 578 422 592 447 604 471 615 494 626 505 636 516 646 529 8
D 652 63 2 108 107 106 133
D 651 61 2 104 652 109 105
D 656 77 2 123 644 125 29
D 655 75 2 121 656 126 29
D 654 73 2 551 655 552 29
D 653 69 2 111 654 129 29
D 658 67 2 114 113 112 130
D 660 71 2 119 128 117 118
D 662 77 2 123 124 125 644
D 661 75 2 126 656 121 662
D 663 71 2 119 118 117 8
D 659 73 3 660 655 551 661 663 29
D 664 67 2 114 130 112 8
D 657 69 3 658 654 111 659 664 29
D 666 63 2 108 133 106 8
D 665 61 2 104 666 109 132
D 650 65 3 651 653 103 657 665 29
D 101 79 11 102 134 546 555 562 567 574 577 586 591 599 603 610 614 621 625 630 635 639 645 650 8
D 669 43 2 75 74 73 8
D 668 41 2 71 669 76 8
D 672 51 2 84 95 86 8
D 673 51 2 84 85 86 29
D 671 53 2 672 87 673 8
D 670 49 2 78 671 96 8
D 675 43 2 75 100 73 29
D 674 41 2 71 675 76 29
D 667 45 2 668 670 674 8
D 679 119 6 477 559 453 571 429 581 403 595 369 607 480 8
D 680 103 2 171 332 181 29
D 678 109 3 355 617 367 679 680 8
D 677 99 11 135 556 333 568 361 578 396 592 422 604 447 615 471 626 494 636 505 646 516 678 529 8
D 676 79 11 102 555 546 567 562 577 574 591 586 603 599 614 610 625 621 635 630 645 639 677 650 8
D 683 43 2 73 100 75 8
D 682 41 2 71 683 76 8
D 685 43 2 73 74 75 29
D 684 41 2 71 685 76 29
D 681 45 2 682 670 684 8
D 689 119 6 477 571 453 581 429 595 403 607 369 618 480 8
D 690 103 2 169 332 180 29
D 688 109 2 367 689 690 8
D 687 99 11 135 568 333 578 361 592 396 604 422 615 447 626 471 636 494 646 505 678 516 688 529 8
D 686 79 11 102 567 546 577 562 591 574 603 586 614 599 625 610 635 621 645 630 677 639 687 650 8
D 692 41 2 76 72 71 8
D 693 41 2 76 99 71 29
D 691 45 2 692 670 693 8
D 700 117 2 191 192 193 29
D 699 115 2 194 303 189 700
D 698 113 3 184 699 433 302 434 29
D 697 119 5 477 581 453 595 429 607 403 618 698 8
D 696 109 2 367 697 690 8
D 695 99 11 135 578 333 592 361 604 396 615 422 626 447 636 471 646 494 678 505 688 516 696 529 8
D 694 79 11 102 577 546 591 562 603 574 614 586 625 599 635 610 645 621 677 630 687 639 695 650 8
D 704 51 2 86 95 84 8
D 705 51 2 86 85 84 29
D 703 53 2 704 87 705 8
D 702 49 2 78 703 96 8
D 701 45 2 70 702 98 8
D 710 113 3 184 699 430 302 196 29
D 709 119 4 477 595 453 607 429 618 710 8
D 708 109 2 367 709 690 8
D 707 99 11 135 592 333 604 361 615 396 626 422 636 447 646 471 678 494 688 505 696 516 708 529 8
D 706 79 11 102 591 546 603 562 614 574 625 586 635 599 645 610 677 621 687 630 695 639 707 650 8
D 713 47 2 81 80 79 8
D 714 47 2 81 97 79 29
D 712 49 2 713 671 714 8
D 711 45 2 70 712 98 8
D 719 113 2 184 699 195 29
D 718 119 3 477 607 453 618 719 8
D 717 109 2 367 718 690 8
D 716 99 11 135 604 333 615 361 626 396 636 422 646 447 678 471 688 494 696 505 708 516 717 529 8
D 715 79 11 102 603 546 614 562 625 574 635 586 645 599 677 610 687 621 695 630 707 639 716 650 8
D 722 47 2 79 97 81 8
D 723 47 2 79 80 81 29
D 721 49 2 722 671 723 8
D 720 45 2 70 721 98 8
D 729 115 2 189 700 194 29
D 728 113 2 184 729 195 29
D 727 119 2 477 618 728 8
D 726 109 2 367 727 690 8
D 725 99 11 135 615 333 626 361 636 396 646 422 678 447 688 471 696 494 708 505 717 516 726 529 8
D 724 79 11 102 614 546 625 562 635 574 645 586 677 599 687 610 695 621 707 630 716 639 725 650 8
D 733 55 2 93 89 88 8
D 732 53 2 672 733 673 8
D 731 49 2 78 732 96 8
D 730 45 2 70 731 98 8
D 740 97 2 158 521 156 29
D 739 95 2 154 740 159 535
D 738 93 3 337 739 539 534 542 29
D 737 89 3 144 738 537 533 543 29
D 736 85 3 136 737 530 532 544 29
D 735 99 10 135 626 333 636 361 646 396 678 422 688 447 696 471 708 494 717 505 726 736 8
D 734 79 11 102 625 546 635 562 645 574 677 586 687 599 695 610 707 621 716 630 725 639 735 650 8
D 745 57 2 92 91 90 8
D 744 55 2 88 745 93 8
D 743 53 2 672 744 673 8
D 742 49 2 78 743 96 8
D 741 45 2 70 742 98 8
D 751 95 2 159 535 154 29
D 750 93 3 337 751 539 534 542 29
D 749 89 3 144 750 537 533 543 29
D 748 85 3 136 749 530 532 544 29
D 747 99 9 135 636 333 646 361 678 396 688 422 696 447 708 471 717 494 726 748 8
D 746 79 11 102 635 546 645 562 677 574 687 586 695 599 707 610 716 621 725 630 735 639 747 650 8
L 757 58 30
D 756 57 2 90 757 92 8
D 755 55 2 88 756 93 8
D 754 53 2 672 755 673 8
D 753 49 2 78 754 96 8
D 752 45 2 70 753 98 8
D 763 91 2 150 161 152 151
D 762 93 2 539 534 763 29
D 761 89 3 144 762 537 533 543 29
D 760 85 3 136 761 530 532 544 29
D 759 99 8 135 646 333 678 361 688 396 696 422 708 447 717 471 726 760 8
D 758 79 11 102 645 546 677 562 687 574 695 586 707 599 716 610 725 621 735 630 747 639 759 650 8
D 766 43 2 75 74 73 100
D 765 41 2 71 766 76 72
D 770 57 2 90 757 92 29
D 769 55 2 88 770 93 29
D 768 53 2 672 769 673 29
D 767 49 2 78 768 96 29
D 772 47 2 81 80 79 97
D 774 51 2 86 95 84 85
D 776 57 2 90 91 92 757
D 775 55 2 93 770 88 776
D 777 51 2 86 85 84 8
D 773 53 3 774 769 672 775 777 29
D 778 47 2 81 97 79 8
D 771 49 3 772 768 78 773 778 29
D 780 43 2 75 100 73 8
D 779 41 2 71 780 76 99
D 764 45 3 765 767 70 771 779 29
D 68 59 11 69 101 667 676 681 686 691 694 701 706 711 715 720 724 730 734 741 746 752 758 764 8
D 783 23 2 42 41 40 8
D 782 21 2 38 783 43 8
D 786 31 2 51 62 53 8
D 787 31 2 51 52 53 29
D 785 33 2 786 54 787 8
D 784 29 2 45 785 63 8
D 789 23 2 42 67 40 29
D 788 21 2 38 789 43 29
D 781 25 2 782 784 788 8
D 794 89 3 144 762 449 533 163 29
D 793 85 3 136 794 530 532 544 29
D 792 99 7 135 678 333 688 361 696 396 708 422 717 447 726 793 8
D 791 79 11 102 677 546 687 562 695 574 707 586 716 599 725 610 735 621 747 630 759 639 792 650 8
D 790 59 11 69 676 667 686 681 694 691 706 701 715 711 724 720 734 730 746 741 758 752 791 764 8
D 797 23 2 40 67 42 8
D 796 21 2 38 797 43 8
D 799 23 2 40 41 42 29
D 798 21 2 38 799 43 29
D 795 25 2 796 784 798 8
D 804 89 2 144 762 162 29
D 803 85 3 136 804 530 532 544 29
D 802 99 6 135 688 333 696 361 708 396 717 422 726 803 8
D 801 79 11 102 687 546 695 562 707 574 716 586 725 599 735 610 747 621 759 630 792 639 802 650 8
D 800 59 11 69 686 667 694 681 706 691 715 701 724 711 734 720 746 730 758 741 791 752 801 764 8
D 806 21 2 43 39 38 8
D 807 21 2 43 66 38 29
D 805 25 2 806 784 807 8
D 813 93 2 149 534 160 29
D 812 89 2 144 813 162 29
D 811 85 3 136 812 530 532 544 29
D 810 99 5 135 696 333 708 361 717 396 726 811 8
D 809 79 11 102 695 546 707 562 716 574 725 586 735 599 747 610 759 621 792 630 802 639 810 650 8
D 808 59 11 69 694 667 706 681 715 691 724 701 734 711 746 720 758 730 791 741 801 752 809 764 8
D 817 31 2 53 62 51 8
D 818 31 2 53 52 51 29
D 816 33 2 817 54 818 8
D 815 29 2 45 816 63 8
D 814 25 2 37 815 65 8
D 823 81 2 137 363 142 138
D 824 81 2 142 165 137 166
D 822 85 3 136 812 823 532 824 29
D 821 99 4 135 708 333 717 361 726 822 8
D 820 79 11 102 707 546 716 562 725 574 735 586 747 599 759 610 792 621 802 630 810 639 821 650 8
D 819 59 11 69 706 667 715 681 724 691 734 701 746 711 758 720 791 730 801 741 809 752 820 764 8
D 827 27 2 48 47 46 8
D 828 27 2 48 64 46 29
D 826 29 2 827 785 828 8
D 825 25 2 37 826 65 8
D 832 85 3 136 812 334 532 165 29
D 831 99 3 135 717 333 726 832 8
D 830 79 11 102 716 546 725 562 735 574 747 586 759 599 792 610 802 621 810 630 821 639 831 650 8
D 829 59 11 69 715 667 724 681 734 691 746 701 758 711 791 720 801 730 809 741 820 752 830 764 8
D 835 27 2 46 64 48 8
D 836 27 2 46 47 48 29
D 834 29 2 835 785 836 8
D 833 25 2 37 834 65 8
D 840 85 2 136 812 164 29
D 839 99 2 135 726 840 8
D 838 79 11 102 725 546 735 562 747 574 759 586 792 599 802 610 810 621 821 630 831 639 839 650 8
D 837 59 11 69 724 667 734 681 746 691 758 701 791 711 801 720 809 730 820 741 830 752 838 764 8
D 844 35 2 60 56 55 8
D 843 33 2 786 844 787 8
D 842 29 2 45 843 63 8
D 841 25 2 37 842 65 8
D 851 77 2 125 644 123 29
D 850 75 2 121 851 126 656
D 849 73 3 551 850 660 655 663 29
D 848 69 3 111 849 658 654 664 29
D 847 65 3 103 848 651 653 665 29
D 846 79 10 102 735 546 747 562 759 574 792 586 802 599 810 610 821 621 831 630 839 847 8
D 845 59 11 69 734 667 746 681 758 691 791 701 801 711 809 720 820 730 830 741 838 752 846 764 8
D 856 37 2 59 58 57 8
D 855 35 2 55 856 60 8
D 854 33 2 786 855 787 8
D 853 29 2 45 854 63 8
D 852 25 2 37 853 65 8
D 862 75 2 126 656 121 29
D 861 73 3 551 862 660 655 663 29
D 860 69 3 111 861 658 654 664 29
D 859 65 3 103 860 651 653 665 29
D 858 79 9 102 747 546 759 562 792 574 802 586 810 599 821 610 831 621 839 859 8
D 857 59 11 69 746 667 758 681 791 691 801 701 809 711 820 720 830 730 838 741 846 752 858 764 8
L 868 38 20
D 867 37 2 57 868 59 8
D 866 35 2 55 867 60 8
D 865 33 2 786 866 787 8
D 864 29 2 45 865 63 8
D 863 25 2 37 864 65 8
D 874 71 2 117 128 119 118
D 873 73 2 660 655 874 29
D 872 69 3 111 873 658 654 664 29
D 871 65 3 103 872 651 653 665 29
D 870 79 8 102 759 546 792 562 802 574 810 586 821 599 831 610 839 871 8
D 869 59 11 69 758 667 791 681 801 691 809 701 820 711 830 720 838 730 846 741 858 752 870 764 8
D 877 23 2 42 41 40 67
D 876 21 2 38 877 43 39
D 881 37 2 57 868 59 29
D 880 35 2 55 881 60 29
D 879 33 2 786 880 787 29
D 878 29 2 45 879 63 29
D 883 27 2 48 47 46 64
D 885 31 2 53 62 51 52
D 887 37 2 57 58 59 868
D 886 35 2 60 881 55 887
D 888 31 2 53 52 51 8
D 884 33 3 885 880 786 886 888 29
D 889 27 2 48 64 46 8
D 882 29 3 883 879 45 884 889 29
D 891 23 2 42 67 40 8
D 890 21 2 38 891 43 66
D 875 25 3 876 878 37 882 890 29
D 35 39 11 36 68 781 790 795 800 805 808 814 819 825 829 833 837 841 845 852 857 863 869 875 8
D 894 3 2 7 6 5 8
D 893 1 2 3 894 9 8
D 897 11 2 17 28 19 8
D 898 11 2 17 18 19 29
D 896 13 2 897 20 898 8
D 895 9 2 11 896 30 8
D 900 3 2 7 34 5 29
D 899 1 2 3 900 9 29
D 892 5 2 893 895 899 8
D 905 69 3 111 873 601 654 130 29
D 904 65 3 103 905 651 653 665 29
D 903 79 7 102 792 546 802 562 810 574 821 586 831 599 839 904 8
D 902 59 11 69 791 667 801 681 809 691 820 701 830 711 838 720 846 730 858 741 870 752 903 764 8
D 901 39 11 36 790 781 800 795 808 805 819 814 829 825 837 833 845 841 857 852 869 863 902 875 8
D 908 3 2 5 34 7 8
D 907 1 2 3 908 9 8
D 910 3 2 5 6 7 29
D 909 1 2 3 910 9 29
D 906 5 2 907 895 909 8
D 915 69 2 111 873 129 29
D 914 65 3 103 915 651 653 665 29
D 913 79 6 102 802 546 810 562 821 574 831 586 839 914 8
D 912 59 11 69 801 667 809 681 820 691 830 701 838 711 846 720 858 730 870 741 903 752 913 764 8
D 911 39 11 36 800 781 808 795 819 805 829 814 837 825 845 833 857 841 869 852 902 863 912 875 8
D 917 1 2 9 4 3 8
D 918 1 2 9 33 3 29
D 916 5 2 917 895 918 8
D 924 73 2 116 655 127 29
D 923 69 2 111 924 129 29
D 922 65 3 103 923 651 653 665 29
D 921 79 5 102 810 546 821 562 831 574 839 922 8
D 920 59 11 69 809 667 820 681 830 691 838 701 846 711 858 720 870 730 903 741 913 752 921 764 8
D 919 39 11 36 808 781 819 795 829 805 837 814 845 825 857 833 869 841 902 852 912 863 920 875 8
D 928 11 2 19 28 17 8
D 929 11 2 19 18 17 29
D 927 13 2 928 20 929 8
D 926 9 2 11 927 30 8
D 925 5 2 2 926 32 8
D 934 61 2 104 652 109 8
D 935 61 2 104 666 109 29
D 933 65 3 103 923 934 653 935 29
D 932 79 4 102 821 546 831 562 839 933 8
D 931 59 11 69 820 667 830 681 838 691 846 701 858 711 870 720 903 730 913 741 921 752 932 764 8
D 930 39 11 36 819 781 829 795 837 805 845 814 857 825 869 833 902 841 912 852 920 863 931 875 8
D 938 7 2 14 13 12 8
D 939 7 2 14 31 12 29
D 937 9 2 938 896 939 8
D 936 5 2 2 937 32 8
D 944 61 2 104 133 109 29
D 943 65 3 103 923 547 653 944 29
D 942 79 3 102 831 546 839 943 8
D 941 59 11 69 830 667 838 681 846 691 858 701 870 711 903 720 913 730 921 741 932 752 942 764 8
D 940 39 11 36 829 781 837 795 845 805 857 814 869 825 902 833 912 841 920 852 931 863 941 875 8
D 947 7 2 12 31 14 8
D 948 7 2 12 13 14 29
D 946 9 2 947 896 948 8
D 945 5 2 2 946 32 8
D 952 65 2 103 923 131 29
D 951 79 2 102 839 952 8
D 950 59 11 69 838 667 846 681 858 691 870 701 903 711 913 720 921 730 932 741 942 752 951 764 8
D 949 39 11 36 837 781 845 795 857 805 869 814 902 825 912 833 920 841 931 852 941 863 950 875 8
D 956 15 2 26 22 21 8
D 955 13 2 897 956 898 8
D 954 9 2 11 955 30 8
D 953 5 2 2 954 32 8
D 963 57 2 92 757 90 29
D 962 55 2 88 963 93 770
D 961 53 3 672 962 774 769 777 29
D 960 49 3 78 961 772 768 778 29
D 959 45 3 70 960 765 767 779 29
D 958 59 10 69 846 667 858 681 870 691 903 701 913 711 921 720 932 730 942 741 951 959 8
D 957 39 11 36 845 781 857 795 869 805 902 814 912 825 920 833 931 841 941 852 950 863 958 875 8
D 968 17 2 25 24 23 8
D 967 15 2 21 968 26 8
D 966 13 2 897 967 898 8
D 965 9 2 11 966 30 8
D 964 5 2 2 965 32 8
D 974 55 2 93 770 88 29
D 973 53 3 672 974 774 769 777 29
D 972 49 3 78 973 772 768 778 29
D 971 45 3 70 972 765 767 779 29
D 970 59 9 69 858 667 870 681 903 691 913 701 921 711 932 720 942 730 951 971 8
D 969 39 11 36 857 781 869 795 902 805 912 814 920 825 931 833 941 841 950 852 958 863 970 875 8
L 980 18 10
D 979 17 2 23 980 25 8
D 978 15 2 21 979 26 8
D 977 13 2 897 978 898 8
D 976 9 2 11 977 30 8
D 975 5 2 2 976 32 8
D 986 51 2 84 95 86 85
D 985 53 2 774 769 986 29
D 984 49 3 78 985 772 768 778 29
D 983 45 3 70 984 765 767 779 29
D 982 59 8 69 870 667 903 681 913 691 921 701 932 711 942 720 951 983 8
D 981 39 11 36 869 781 902 795 912 805 920 814 931 825 941 833 950 841 958 852 970 863 982 875 8
D 991 17 2 23 24 25 980
D 992 17 2 23 980 25 29
D 990 15 2 21 991 26 992
D 993 11 2 19 28 17 18
D 994 15 2 21 992 26 29
D 995 11 2 19 18 17 8
D 989 13 3 897 990 993 994 995 29
D 996 7 2 14 13 12 31
D 997 13 2 897 994 898 29
D 998 7 2 14 31 12 8
D 988 9 3 11 989 996 997 998 29
D 1000 3 2 7 6 5 34
D 999 1 2 3 1000 9 4
D 1001 9 2 11 997 30 29
D 1003 3 2 7 34 5 8
D 1002 1 2 3 1003 9 33
D 987 5 3 2 988 999 1001 1002 29
D 0 19 11 1 35 892 901 906 911 916 919 925 930 936 940 945 949 953 957 964 969 975 981 987 8
