c ids of sdd nodes start at 0
c sdd nodes appear bottom-up, children before parents
c
c file syntax:
c sdd count-of-sdd-nodes
c F id-of-false-sdd-node
c T id-of-true-sdd-node
c L id-of-literal-sdd-node id-of-vtree literal
c D id-of-decomposition-sdd-node id-of-vtree number-of-elements {id-of-prime id-of-sub}*
c
sdd 1004
L 3 0 -4
L 5 2 -2
L 6 4 -3
L 7 2 2
F 8
D 4 3 2 5 6 7 8
L 9 0 4
D 2 1 2 3 4 9 8
L 12 6 -6
L 13 8 -7
L 14 6 6
D 11 7 2 12 13 14 8
L 17 10 -5
L 18 12 1
L 19 10 5
D 16 11 2 17 18 19 8
L 21 14 -8
L 23 16 -9
L 24 18 -10
L 25 16 9
D 22 17 2 23 24 25 8
L 26 14 8
D 20 15 2 21 22 26 8
L 28 12 -1
T 29
D 27 11 2 17 28 19 29
D 15 13 2 16 20 27 8
L 31 8 7
D 30 7 2 12 31 14 29
D 10 9 2 11 15 30 8
L 34 4 3
D 33 3 2 5 34 7 29
D 32 1 2 3 33 9 29
D 1 5 2 2 10 32 8
L 38 20 -14
L 40 22 -12
L 41 24 -13
L 42 22 12
D 39 23 2 40 41 42 8
L 43 20 14
D 37 21 2 38 39 43 8
L 46 26 -16
L 47 28 -17
L 48 26 16
D 45 27 2 46 47 48 8
L 51 30 -15
L 52 32 11
L 53 30 15
D 50 31 2 51 52 53 8
L 55 34 -18
L 57 36 -19
L 58 38 -20
L 59 36 19
D 56 37 2 57 58 59 8
L 60 34 18
D 54 35 2 55 56 60 8
L 62 32 -11
D 61 31 2 51 62 53 29
D 49 33 2 50 54 61 8
L 64 28 17
D 63 27 2 46 64 48 29
D 44 29 2 45 49 63 8
L 67 24 13
D 66 23 2 40 67 42 29
D 65 21 2 38 66 43 29
D 36 25 2 37 44 65 8
L 71 40 -24
L 73 42 -22
L 74 44 -23
L 75 42 22
D 72 43 2 73 74 75 8
L 76 40 24
D 70 41 2 71 72 76 8
L 79 46 -26
L 80 48 -27
L 81 46 26
D 78 47 2 79 80 81 8
L 84 50 -25
L 85 52 21
L 86 50 25
D 83 51 2 84 85 86 8
L 88 54 -28
L 90 56 -29
L 91 58 -30
L 92 56 29
D 89 57 2 90 91 92 8
L 93 54 28
D 87 55 2 88 89 93 8
L 95 52 -21
D 94 51 2 84 95 86 29
D 82 53 2 83 87 94 8
L 97 48 27
D 96 47 2 79 97 81 29
D 77 49 2 78 82 96 8
L 100 44 23
D 99 43 2 73 100 75 29
D 98 41 2 71 99 76 29
D 69 45 2 70 77 98 8
L 104 60 -34
L 106 62 -32
L 107 64 -33
L 108 62 32
D 105 63 2 106 107 108 8
L 109 60 34
D 103 61 2 104 105 109 8
L 112 66 -36
L 113 68 -37
L 114 66 36
D 111 67 2 112 113 114 8
L 117 70 -35
L 118 72 31
L 119 70 35
D 116 71 2 117 118 119 8
L 121 74 -38
L 123 76 -39
L 124 78 -40
L 125 76 39
D 122 77 2 123 124 125 8
L 126 74 38
D 120 75 2 121 122 126 8
L 128 72 -31
D 127 71 2 117 128 119 29
D 115 73 2 116 120 127 8
L 130 68 37
D 129 67 2 112 130 114 29
D 110 69 2 111 115 129 8
L 133 64 33
D 132 63 2 106 133 108 29
D 131 61 2 104 132 109 29
D 102 65 2 103 110 131 8
L 137 80 -42
L 139 82 -43
L 140 84 -44
L 141 82 43
D 138 83 2 139 140 141 8
L 142 80 42
D 136 81 2 137 138 142 8
L 145 86 -46
L 146 88 -47
L 147 86 46
D 144 87 2 145 146 147 8
L 150 90 -45
L 151 92 41
L 152 90 45
D 149 91 2 150 151 152 8
L 154 94 -48
L 156 96 -49
L 157 98 -50
L 158 96 49
D 155 97 2 156 157 158 8
L 159 94 48
D 153 95 2 154 155 159 8
L 161 92 -41
D 160 91 2 150 161 152 29
D 148 93 2 149 153 160 8
L 163 88 47
D 162 87 2 145 163 147 29
D 143 89 2 144 148 162 8
L 166 84 44
D 165 83 2 139 166 141 29
D 164 81 2 137 165 142 29
D 135 85 2 136 143 164 8
L 170 100 -56
L 171 102 -57
L 172 100 56
D 169 101 2 170 171 172 8
L 174 104 -58
L 176 106 -59
L 177 108 60
L 178 106 59
D 175 107 2 176 177 178 8
L 179 104 58
D 173 105 2 174 175 179 8
L 181 102 57
D 180 101 2 170 181 172 29
D 168 103 2 169 173 180 8
L 185 110 -53
L 186 112 -54
L 187 110 53
D 184 111 2 185 186 187 8
L 189 114 -52
L 191 116 -55
L 192 118 -51
L 193 116 55
D 190 117 2 191 192 193 8
L 194 114 52
D 188 115 2 189 190 194 8
L 196 112 54
D 195 111 2 185 196 187 29
D 183 113 2 184 188 195 8
L 200 120 -76
L 201 122 -77
L 202 120 76
D 199 121 2 200 201 202 8
L 204 124 -78
L 206 126 -79
L 207 128 80
L 208 126 79
D 205 127 2 206 207 208 8
L 209 124 78
D 203 125 2 204 205 209 8
L 211 122 77
D 210 121 2 200 211 202 29
D 198 123 2 199 203 210 8
L 215 130 -73
L 216 132 -72
L 217 130 73
D 214 131 2 215 216 217 8
L 219 134 -71
L 221 136 -74
L 222 138 -75
L 223 136 74
D 220 137 2 221 222 223 8
L 224 134 71
D 218 135 2 219 220 224 8
L 226 132 72
D 225 131 2 215 226 217 29
D 213 133 2 214 218 225 8
L 229 140 -61
L 230 142 -62
L 231 140 61
D 228 141 2 229 230 231 8
L 234 144 -63
L 235 146 -64
L 236 144 63
D 233 145 2 234 235 236 8
L 238 148 -65
L 240 150 -66
L 242 152 -67
L 244 154 68
L 246 156 -69
L 247 158 -70
L 248 156 69
D 245 157 2 246 247 248 8
L 249 154 -68
D 243 155 2 244 245 249 8
L 250 152 67
D 241 153 2 242 243 250 8
L 251 150 66
D 239 151 2 240 241 251 8
L 252 148 65
D 237 149 2 238 239 252 8
L 254 146 64
D 253 145 2 234 254 236 29
D 232 147 2 233 237 253 8
L 256 142 62
D 255 141 2 229 256 231 29
D 227 143 2 228 232 255 8
L 260 138 75
D 259 137 2 221 260 223 29
D 258 135 2 219 259 224 29
D 257 133 2 214 258 225 29
D 212 139 2 213 227 257 8
L 264 128 -80
D 263 127 2 208 264 206 8
D 262 125 2 204 263 209 8
D 261 123 2 199 262 210 8
D 272 157 2 248 247 246 8
D 271 155 2 249 272 244 8
D 270 153 2 242 271 250 8
D 269 151 2 240 270 251 8
D 268 149 2 238 269 252 8
D 267 147 2 233 268 253 8
D 266 143 2 228 267 255 8
D 265 139 2 213 266 257 8
D 275 127 2 206 264 208 8
D 274 125 2 209 275 204 8
D 273 123 2 199 274 210 8
L 284 158 70
D 283 157 2 246 284 248 8
D 282 155 2 249 283 244 8
D 281 153 2 242 282 250 8
D 280 151 2 240 281 251 8
D 279 149 2 238 280 252 8
D 278 147 2 233 279 253 8
D 277 143 2 228 278 255 8
D 276 139 2 213 277 257 8
D 287 127 2 206 264 208 207
D 288 127 2 206 207 208 29
D 286 125 2 204 287 209 288
D 285 123 2 199 286 210 29
D 197 129 4 198 212 261 265 273 276 285 8
L 292 118 51
D 291 117 2 191 292 193 29
D 290 115 2 189 291 194 29
D 289 113 2 184 290 195 29
D 182 119 2 183 197 289 8
L 296 108 -60
D 295 107 2 178 296 176 8
D 294 105 2 174 295 179 8
D 293 103 2 169 294 180 8
D 300 125 2 204 287 209 29
D 299 123 2 199 300 210 29
D 298 129 3 198 265 261 276 299 8
D 297 119 2 183 298 289 8
D 303 107 2 176 296 178 8
D 302 105 2 179 303 174 8
D 301 103 2 169 302 180 8
D 308 127 2 206 264 208 29
D 307 125 2 204 308 209 29
D 306 123 2 199 307 210 29
D 305 129 2 198 276 306 8
D 304 119 2 183 305 289 8
D 311 107 2 176 296 178 177
D 312 107 2 176 177 178 29
D 310 105 2 174 311 179 312
D 309 103 2 169 310 180 29
D 167 109 4 168 182 293 297 301 304 309 8
D 314 81 2 142 138 137 8
D 317 91 2 150 161 152 8
D 318 91 2 150 151 152 29
D 316 93 2 317 153 318 8
D 315 89 2 144 316 162 8
D 319 81 2 142 165 137 29
D 313 85 2 314 315 319 8
D 329 155 2 249 245 244 8
D 328 153 2 250 329 242 8
D 327 151 2 240 328 251 8
D 326 149 2 238 327 252 8
D 325 147 2 233 326 253 8
D 324 143 2 228 325 255 8
D 323 139 2 213 324 257 8
D 331 121 2 200 211 202 8
D 332 125 2 204 275 209 8
D 333 121 2 200 201 202 29
D 330 123 2 331 332 333 8
D 335 125 2 204 288 209 29
D 334 123 3 199 286 331 335 202 29
D 322 129 5 198 323 261 212 273 265 330 276 334 8
D 321 119 2 183 322 289 8
D 337 101 2 170 181 172 8
D 338 105 2 174 303 179 8
D 339 101 2 170 171 172 29
D 336 103 2 337 338 339 8
D 341 105 2 174 312 179 29
D 340 103 3 169 310 337 341 172 29
D 320 109 5 168 321 293 182 301 297 336 304 340 8
D 344 83 2 141 140 139 8
D 343 81 2 137 344 142 8
D 346 83 2 141 166 139 29
D 345 81 2 137 346 142 29
D 342 85 2 343 315 345 8
D 355 153 2 242 329 250 8
D 354 151 2 251 355 240 8
D 353 149 2 238 354 252 8
D 352 147 2 233 353 253 8
D 351 143 2 228 352 255 8
D 350 139 2 213 351 257 8
D 357 121 2 202 201 200 8
D 358 121 2 202 211 200 29
D 356 123 2 357 332 358 8
D 360 121 2 202 201 200 211
D 361 121 2 202 211 200 8
D 359 123 3 199 286 360 335 361 29
D 349 129 6 198 350 261 323 273 212 330 265 356 276 359 8
D 348 119 2 183 349 289 8
D 363 101 2 172 171 170 8
D 364 101 2 172 181 170 29
D 362 103 2 363 338 364 8
D 366 101 2 172 171 170 181
D 367 101 2 172 181 170 8
D 365 103 3 169 310 366 341 367 29
D 347 109 6 168 348 293 321 301 182 336 297 362 304 365 8
D 370 83 2 139 166 141 8
D 369 81 2 137 370 142 8
D 372 83 2 139 140 141 29
D 371 81 2 137 372 142 29
D 368 85 2 369 315 371 8
D 374 103 2 169 338 180 8
D 378 117 2 193 192 191 8
D 377 115 2 189 378 194 8
D 376 113 2 184 377 195 8
D 381 117 2 193 292 191 29
D 380 115 2 189 381 194 29
D 379 113 2 184 380 195 29
D 375 119 2 376 305 379 8
D 388 151 2 240 355 251 8
D 387 149 2 252 388 238 8
D 386 147 2 233 387 253 8
D 385 143 2 228 386 255 8
D 384 139 2 213 385 257 8
D 389 123 2 199 332 210 8
D 393 137 2 221 260 223 8
D 392 135 2 219 393 224 8
D 391 133 2 214 392 225 8
D 396 137 2 221 222 223 29
D 395 135 2 219 396 224 29
D 394 133 2 214 395 225 29
D 390 139 2 391 277 394 8
D 399 127 2 208 207 206 8
D 398 125 2 204 399 209 288
D 397 123 3 199 398 360 335 361 29
D 383 129 7 198 384 389 390 261 350 273 323 330 212 356 265 397 8
D 382 119 2 183 383 289 8
D 402 107 2 178 177 176 8
D 401 105 2 174 402 179 312
D 400 103 3 169 401 366 341 367 29
D 373 109 7 374 375 168 382 293 348 301 321 336 182 362 297 400 8
D 406 91 2 152 161 150 8
D 407 91 2 152 151 150 29
D 405 93 2 406 153 407 8
D 404 89 2 144 405 162 8
D 403 85 2 136 404 164 8
D 411 111 2 185 196 187 8
D 412 111 2 185 186 187 29
D 410 113 2 411 188 412 8
D 413 113 3 184 380 411 290 187 29
D 409 119 3 376 298 410 305 413 8
D 419 145 2 234 254 236 8
D 420 149 2 238 388 252 8
D 421 145 2 234 235 236 29
D 418 147 2 419 420 421 8
D 417 143 2 228 418 255 8
D 416 139 2 213 417 257 8
D 425 137 2 223 222 221 8
D 424 135 2 219 425 224 8
D 423 133 2 214 424 225 8
D 428 137 2 221 222 223 260
D 427 135 2 219 428 224 29
D 426 133 2 214 427 225 29
D 422 139 3 423 277 391 266 426 8
D 415 129 7 198 416 389 422 261 384 273 350 330 323 356 212 397 8
D 414 119 2 183 415 289 8
D 408 109 7 374 409 168 414 293 382 301 348 336 321 362 182 400 8
D 431 87 2 147 146 145 8
D 432 87 2 147 163 145 29
D 430 89 2 431 316 432 8
D 429 85 2 136 430 164 8
D 436 111 2 187 186 185 8
D 437 111 2 187 196 185 29
D 435 113 2 436 188 437 8
D 439 111 2 187 186 185 196
D 440 111 2 187 196 185 8
D 438 113 3 184 380 439 290 440 29
D 434 119 4 410 298 376 197 435 305 438 8
D 446 145 2 236 235 234 8
D 447 145 2 236 254 234 29
D 445 147 2 446 420 447 8
D 444 143 2 228 445 255 8
D 443 139 2 213 444 257 8
D 450 131 2 217 216 215 8
D 451 131 2 217 226 215 29
D 449 133 2 450 218 451 8
D 452 133 3 214 427 450 258 226 29
D 448 139 4 449 277 423 266 391 227 452 8
D 442 129 7 198 443 389 448 261 416 273 384 330 350 356 323 397 8
D 441 119 2 183 442 289 8
D 433 109 7 374 434 168 441 293 414 301 382 336 348 362 321 400 8
D 455 87 2 145 163 147 8
D 456 87 2 145 146 147 29
D 454 89 2 455 316 456 8
D 453 85 2 136 454 164 8
D 460 115 2 194 190 189 8
D 459 113 2 184 460 195 8
D 462 115 2 189 381 194 291
D 461 113 3 184 462 439 290 440 29
D 458 119 5 376 322 435 298 410 197 459 305 461 8
D 467 131 2 215 226 217 8
D 468 131 2 215 216 217 29
D 466 133 2 467 218 468 8
D 470 131 2 217 216 215 226
D 471 131 2 217 226 215 8
D 469 133 3 214 427 470 258 471 29
D 465 139 5 466 277 449 266 423 227 391 324 469 8
D 474 141 2 229 256 231 8
D 475 147 2 233 420 253 8
D 476 141 2 229 230 231 29
D 473 143 2 474 475 476 8
D 472 139 2 213 473 257 8
D 464 129 7 389 465 261 443 198 472 273 416 330 384 356 350 397 8
D 463 119 2 183 464 289 8
D 457 109 7 374 458 168 463 293 441 301 414 336 382 362 348 400 8
D 480 95 2 159 155 154 8
D 479 93 2 317 480 318 8
D 478 89 2 144 479 162 8
D 477 85 2 136 478 164 8
D 485 117 2 191 292 193 8
D 484 115 2 189 485 194 8
D 483 113 2 184 484 195 8
D 488 117 2 191 192 193 292
D 487 115 2 189 488 194 291
D 486 113 3 184 487 439 290 440 29
D 482 119 6 376 349 410 322 459 298 435 197 483 305 486 8
D 493 135 2 224 220 219 8
D 492 133 2 214 493 225 8
D 495 135 2 219 428 224 259
D 494 133 3 214 495 470 258 471 29
D 491 139 6 492 277 466 266 449 227 391 351 423 324 494 8
D 498 141 2 231 230 229 8
D 499 141 2 231 256 229 29
D 497 143 2 498 475 499 8
D 496 139 2 213 497 257 8
D 490 129 7 389 491 273 443 261 472 330 416 198 496 356 384 397 8
D 489 119 2 183 490 289 8
D 481 109 7 374 482 168 489 293 463 301 441 336 414 362 382 400 8
D 504 97 2 158 157 156 8
D 503 95 2 154 504 159 8
D 502 93 2 317 503 318 8
D 501 89 2 144 502 162 8
D 500 85 2 136 501 164 8
D 506 119 6 376 383 410 349 435 322 483 298 459 197 486 8
D 509 139 6 492 266 466 227 391 385 423 351 449 324 494 8
D 511 125 2 209 288 204 207
D 510 123 3 199 511 360 335 361 29
D 508 129 6 389 509 330 443 273 472 356 416 261 496 510 8
D 507 119 2 183 508 289 8
D 505 109 7 374 506 293 489 168 507 301 463 336 441 362 414 400 8
L 517 98 50
D 516 97 2 156 517 158 8
D 515 95 2 154 516 159 8
D 514 93 2 317 515 318 8
D 513 89 2 144 514 162 8
D 512 85 2 136 513 164 8
D 519 119 6 410 383 376 415 435 349 459 322 483 197 486 8
D 522 139 6 492 227 391 417 423 385 449 351 466 324 494 8
D 523 123 3 360 335 199 288 361 29
D 521 129 5 389 522 356 443 330 472 273 496 523 8
D 520 119 2 183 521 289 8
D 518 109 7 374 519 301 489 293 507 168 520 336 463 362 441 400 8
D 526 83 2 141 140 139 166
D 525 81 2 137 526 142 138
D 530 97 2 156 517 158 29
D 529 95 2 154 530 159 29
D 528 93 2 317 529 318 29
D 527 89 2 144 528 162 29
D 532 87 2 147 146 145 163
D 534 91 2 152 161 150 151
D 536 97 2 156 157 158 517
D 535 95 2 159 530 154 536
D 537 91 2 152 151 150 8
D 533 93 3 534 529 317 535 537 29
D 538 87 2 147 163 145 8
D 531 89 3 532 528 144 533 538 29
D 540 83 2 141 166 139 8
D 539 81 2 137 540 142 165
D 524 85 3 525 527 136 531 539 29
D 134 99 11 135 167 313 320 342 347 368 373 403 408 429 433 453 457 477 481 500 505 512 518 524 8
D 543 63 2 108 107 106 8
D 542 61 2 104 543 109 8
D 546 71 2 117 128 119 8
D 547 71 2 117 118 119 29
D 545 73 2 546 120 547 8
D 544 69 2 111 545 129 8
D 549 63 2 108 133 106 29
D 548 61 2 104 549 109 29
D 541 65 2 542 544 548 8
D 552 119 6 435 383 410 415 376 442 459 349 483 322 486 8
D 555 139 6 391 444 423 417 449 385 466 351 492 324 494 8
D 557 121 2 202 201 200 29
D 556 123 2 557 335 361 29
D 554 129 4 356 472 389 555 330 496 556 8
D 553 119 2 183 554 289 8
D 551 109 7 374 552 336 489 301 507 293 520 168 553 362 463 400 8
D 550 99 11 135 320 313 347 342 373 368 408 403 433 429 457 453 481 477 505 500 518 512 551 524 8
D 560 63 2 106 133 108 8
D 559 61 2 104 560 109 8
D 562 63 2 106 107 108 29
D 561 61 2 104 562 109 29
D 558 65 2 559 544 561 8
D 565 119 6 459 383 435 415 410 442 376 464 483 349 486 8
D 568 139 6 423 444 449 417 466 385 492 351 391 473 494 8
D 569 123 2 201 335 211 29
D 567 129 3 356 496 389 568 569 8
D 566 119 2 183 567 289 8
D 564 109 7 374 565 362 489 336 507 301 520 293 553 168 566 400 8
D 563 99 11 135 347 313 373 342 408 368 433 403 457 429 481 453 505 477 518 500 551 512 564 524 8
D 571 61 2 109 105 104 8
D 572 61 2 109 132 104 29
D 570 65 2 571 544 572 8
D 575 119 6 483 383 459 415 435 442 410 464 376 490 486 8
D 578 139 6 449 444 466 417 492 385 423 473 391 497 494 8
D 579 123 2 199 335 210 29
D 577 129 2 389 578 579 8
D 576 119 2 183 577 289 8
D 574 109 7 362 507 374 575 336 520 301 553 293 566 168 576 400 8
D 573 99 11 135 373 313 408 342 433 368 457 403 481 429 505 453 518 477 551 500 564 512 574 524 8
D 583 71 2 119 128 117 8
D 584 71 2 119 118 117 29
D 582 73 2 583 120 584 8
D 581 69 2 111 582 129 8
D 580 65 2 103 581 131 8
D 587 119 6 483 415 459 442 435 464 410 490 376 508 486 8
D 593 137 2 223 260 221 29
D 592 135 2 219 593 224 259
D 591 133 3 214 592 470 258 471 29
D 590 139 5 466 444 492 417 449 473 423 497 591 8
D 589 129 2 389 590 579 8
D 588 119 2 183 589 289 8
D 586 109 7 362 520 374 587 336 553 301 566 293 576 168 588 400 8
D 585 99 11 135 408 313 433 342 457 368 481 403 505 429 518 453 551 477 564 500 574 512 586 524 8
D 596 67 2 114 113 112 8
D 597 67 2 114 130 112 29
D 595 69 2 596 545 597 8
D 594 65 2 103 595 131 8
D 600 119 6 483 442 459 464 435 490 410 508 376 521 486 8
D 605 135 2 224 259 219 29
D 604 133 3 470 258 214 605 471 29
D 603 139 4 492 444 466 473 449 497 604 8
D 602 129 2 389 603 579 8
D 601 119 2 183 602 289 8
D 599 109 7 362 553 374 600 336 566 301 576 293 588 168 601 400 8
D 598 99 11 135 433 313 457 342 481 368 505 403 518 429 551 453 564 477 574 500 586 512 599 524 8
D 608 67 2 112 130 114 8
D 609 67 2 112 113 114 29
D 607 69 2 608 545 609 8
D 606 65 2 103 607 131 8
D 612 119 6 483 464 459 490 435 508 410 521 376 554 486 8
D 616 133 3 467 258 214 605 217 29
D 615 139 3 492 473 466 497 616 8
D 614 129 2 389 615 579 8
D 613 119 2 183 614 289 8
D 611 109 7 362 566 374 612 336 576 301 588 293 601 168 613 400 8
D 610 99 11 135 457 313 481 342 505 368 518 403 551 429 564 453 574 477 586 500 599 512 611 524 8
D 620 75 2 126 122 121 8
D 619 73 2 546 620 547 8
D 618 69 2 111 619 129 8
D 617 65 2 103 618 131 8
D 623 119 6 483 490 459 508 435 521 410 554 376 567 486 8
D 627 133 2 214 605 225 29
D 626 139 2 492 497 627 8
D 625 129 2 389 626 579 8
D 624 119 2 183 625 289 8
D 622 109 7 362 576 374 623 336 588 301 601 293 613 168 624 400 8
D 621 99 11 135 481 313 505 342 518 368 551 403 564 429 574 453 586 477 599 500 611 512 622 524 8
D 632 77 2 125 124 123 8
D 631 75 2 121 632 126 8
D 630 73 2 546 631 547 8
D 629 69 2 111 630 129 8
D 628 65 2 103 629 131 8
D 635 119 6 483 508 459 521 435 554 410 567 376 577 486 8
D 637 105 2 179 312 174 177
D 636 103 3 169 637 366 341 367 29
D 634 109 6 362 588 374 635 336 601 301 613 293 624 636 8
D 633 99 11 135 505 313 518 342 551 368 564 403 574 429 586 453 599 477 611 500 622 512 634 524 8
L 643 78 40
D 642 77 2 123 643 125 8
D 641 75 2 121 642 126 8
D 640 73 2 546 641 547 8
D 639 69 2 111 640 129 8
D 638 65 2 103 639 131 8
D 646 119 6 483 521 459 554 435 567 410 577 376 589 486 8
D 647 103 3 366 341 169 312 367 29
D 645 109 5 362 601 374 646 336 613 301 624 647 8
D 644 99 11 135 518 313 551 342 564 368 574 403 586 429 599 453 611 477 622 500 634 512 645 524 8
D 650 63 2 108 107 106 133
D 649 61 2 104 650 109 105
D 654 77 2 123 643 125 29
D 653 75 2 121 654 126 29
D 652 73 2 546 653 547 29
D 651 69 2 111 652 129 29
D 656 67 2 114 113 112 130
D 658 71 2 119 128 117 118
D 660 77 2 123 124 125 643
D 659 75 2 126 654 121 660
D 661 71 2 119 118 117 8
D 657 73 3 658 653 546 659 661 29
D 662 67 2 114 130 112 8
D 655 69 3 656 652 111 657 662 29
D 664 63 2 108 133 106 8
D 663 61 2 104 664 109 132
D 648 65 3 649 651 103 655 663 29
D 101 79 11 102 134 541 550 558 563 570 573 580 585 594 598 606 610 617 621 628 633 638 644 648 8
D 667 43 2 75 74 73 8
D 666 41 2 71 667 76 8
D 670 51 2 84 95 86 8
D 671 51 2 84 85 86 29
D 669 53 2 670 87 671 8
D 668 49 2 78 669 96 8
D 673 43 2 75 100 73 29
D 672 41 2 71 673 76 29
D 665 45 2 666 668 672 8
D 677 119 6 483 554 459 567 435 577 410 589 376 602 486 8
D 679 101 2 172 171 170 29
D 678 103 2 679 341 367 29
D 676 109 4 362 613 374 677 336 624 678 8
D 675 99 11 135 551 313 564 342 574 368 586 403 599 429 611 453 622 477 634 500 645 512 676 524 8
D 674 79 11 102 550 541 563 558 573 570 585 580 598 594 610 606 621 617 633 628 644 638 675 648 8
D 682 43 2 73 100 75 8
D 681 41 2 71 682 76 8
D 684 43 2 73 74 75 29
D 683 41 2 71 684 76 29
D 680 45 2 681 668 683 8
D 688 119 6 483 567 459 577 435 589 410 602 376 614 486 8
D 689 103 2 171 341 181 29
D 687 109 3 362 624 374 688 689 8
D 686 99 11 135 564 313 574 342 586 368 599 403 611 429 622 453 634 477 645 500 676 512 687 524 8
D 685 79 11 102 563 541 573 558 585 570 598 580 610 594 621 606 633 617 644 628 675 638 686 648 8
D 691 41 2 76 72 71 8
D 692 41 2 76 99 71 29
D 690 45 2 691 668 692 8
D 696 119 6 483 577 459 589 435 602 410 614 376 625 486 8
D 697 103 2 169 341 180 29
D 695 109 2 374 696 697 8
D 694 99 11 135 574 313 586 342 599 368 611 403 622 429 634 453 645 477 676 500 687 512 695 524 8
D 693 79 11 102 573 541 585 558 598 570 610 580 621 594 633 606 644 617 675 628 686 638 694 648 8
D 701 51 2 86 95 84 8
D 702 51 2 86 85 84 29
D 700 53 2 701 87 702 8
D 699 49 2 78 700 96 8
D 698 45 2 70 699 98 8
D 709 117 2 191 192 193 29
D 708 115 2 194 291 189 709
D 707 113 3 184 708 439 290 440 29
D 706 119 5 483 589 459 602 435 614 410 625 707 8
D 705 109 2 374 706 697 8
D 704 99 11 135 586 313 599 342 611 368 622 403 634 429 645 453 676 477 687 500 695 512 705 524 8
D 703 79 11 102 585 541 598 558 610 570 621 580 633 594 644 606 675 617 686 628 694 638 704 648 8
D 712 47 2 81 80 79 8
D 713 47 2 81 97 79 29
D 711 49 2 712 669 713 8
D 710 45 2 70 711 98 8
D 718 113 3 184 708 436 290 196 29
D 717 119 4 483 602 459 614 435 625 718 8
D 716 109 2 374 717 697 8
D 715 99 11 135 599 313 611 342 622 368 634 403 645 429 676 453 687 477 695 500 705 512 716 524 8
D 714 79 11 102 598 541 610 558 621 570 633 580 644 594 675 606 686 617 694 628 704 638 715 648 8
D 721 47 2 79 97 81 8
D 722 47 2 79 80 81 29
D 720 49 2 721 669 722 8
D 719 45 2 70 720 98 8
D 727 113 2 184 708 195 29
D 726 119 3 483 614 459 625 727 8
D 725 109 2 374 726 697 8
D 724 99 11 135 611 313 622 342 634 368 645 403 676 429 687 453 695 477 705 500 716 512 725 524 8
D 723 79 11 102 610 541 621 558 633 570 644 580 675 594 686 606 694 617 704 628 715 638 724 648 8
D 731 55 2 93 89 88 8
D 730 53 2 670 731 671 8
D 729 49 2 78 730 96 8
D 728 45 2 70 729 98 8
D 737 115 2 189 709 194 29
D 736 113 2 184 737 195 29
D 735 119 2 483 625 736 8
D 734 109 2 374 735 697 8
D 733 99 11 135 622 313 634 342 645 368 676 403 687 429 695 453 705 477 716 500 725 512 734 524 8
D 732 79 11 102 621 541 633 558 644 570 675 580 686 594 694 606 704 617 715 628 724 638 733 648 8
D 742 57 2 92 91 90 8
D 741 55 2 88 742 93 8
D 740 53 2 670 741 671 8
D 739 49 2 78 740 96 8
D 738 45 2 70 739 98 8
D 749 97 2 158 517 156 29
D 748 95 2 154 749 159 530
D 747 93 3 317 748 534 529 537 29
D 746 89 3 144 747 532 528 538 29
D 745 85 3 136 746 525 527 539 29
D 744 99 10 135 634 313 645 342 676 368 687 403 695 429 705 453 716 477 725 500 734 745 8
D 743 79 11 102 633 541 644 558 675 570 686 580 694 594 704 606 715 617 724 628 733 638 744 648 8
L 755 58 30
D 754 57 2 90 755 92 8
D 753 55 2 88 754 93 8
D 752 53 2 670 753 671 8
D 751 49 2 78 752 96 8
D 750 45 2 70 751 98 8
D 761 95 2 159 530 154 29
D 760 93 3 317 761 534 529 537 29
D 759 89 3 144 760 532 528 538 29
D 758 85 3 136 759 525 527 539 29
D 757 99 9 135 645 313 676 342 687 368 695 403 705 429 716 453 725 477 734 758 8
D 756 79 11 102 644 541 675 558 686 570 694 580 704 594 715 606 724 617 733 628 744 638 757 648 8
D 764 43 2 75 74 73 100
D 763 41 2 71 764 76 72
D 768 57 2 90 755 92 29
D 767 55 2 88 768 93 29
D 766 53 2 670 767 671 29
D 765 49 2 78 766 96 29
D 770 47 2 81 80 79 97
D 772 51 2 86 95 84 85
D 774 57 2 90 91 92 755
D 773 55 2 93 768 88 774
D 775 51 2 86 85 84 8
D 771 53 3 772 767 670 773 775 29
D 776 47 2 81 97 79 8
D 769 49 3 770 766 78 771 776 29
D 778 43 2 75 100 73 8
D 777 41 2 71 778 76 99
D 762 45 3 763 765 70 769 777 29
D 68 59 11 69 101 665 674 680 685 690 693 698 703 710 714 719 723 728 732 738 743 750 756 762 8
D 781 23 2 42 41 40 8
D 780 21 2 38 781 43 8
D 784 31 2 51 62 53 8
D 785 31 2 51 52 53 29
D 783 33 2 784 54 785 8
D 782 29 2 45 783 63 8
D 787 23 2 42 67 40 29
D 786 21 2 38 787 43 29
D 779 25 2 780 782 786 8
D 794 91 2 150 161 152 151
D 793 93 2 534 529 794 29
D 792 89 3 144 793 532 528 538 29
D 791 85 3 136 792 525 527 539 29
D 790 99 8 135 676 313 687 342 695 368 705 403 716 429 725 453 734 791 8
D 789 79 11 102 675 541 686 558 694 570 704 580 715 594 724 606 733 617 744 628 757 638 790 648 8
D 788 59 11 69 674 665 685 680 693 690 703 698 714 710 723 719 732 728 743 738 756 750 789 762 8
D 797 23 2 40 67 42 8
D 796 21 2 38 797 43 8
D 799 23 2 40 41 42 29
D 798 21 2 38 799 43 29
D 795 25 2 796 782 798 8
D 804 89 3 144 793 431 528 163 29
D 803 85 3 136 804 525 527 539 29
D 802 99 7 135 687 313 695 342 705 368 716 403 725 429 734 803 8
D 801 79 11 102 686 541 694 558 704 570 715 580 724 594 733 606 744 617 757 628 790 638 802 648 8
D 800 59 11 69 685 665 693 680 703 690 714 698 723 710 732 719 743 728 756 738 789 750 801 762 8
D 806 21 2 43 39 38 8
D 807 21 2 43 66 38 29
D 805 25 2 806 782 807 8
D 812 89 2 144 793 162 29
D 811 85 3 136 812 525 527 539 29
D 810 99 6 135 695 313 705 342 716 368 725 403 734 811 8
D 809 79 11 102 694 541 704 558 715 570 724 580 733 594 744 606 757 617 790 628 802 638 810 648 8
D 808 59 11 69 693 665 703 680 714 690 723 698 732 710 743 719 756 728 789 738 801 750 809 762 8
D 816 31 2 53 62 51 8
D 817 31 2 53 52 51 29
D 815 33 2 816 54 817 8
D 814 29 2 45 815 63 8
D 813 25 2 37 814 65 8
D 823 93 2 149 529 160 29
D 822 89 2 144 823 162 29
D 821 85 3 136 822 525 527 539 29
D 820 99 5 135 705 313 716 342 725 368 734 821 8
D 819 79 11 102 704 541 715 558 724 570 733 580 744 594 757 606 790 617 802 628 810 638 820 648 8
D 818 59 11 69 703 665 714 680 723 690 732 698 743 710 756 719 789 728 801 738 809 750 819 762 8
D 826 27 2 48 47 46 8
D 827 27 2 48 64 46 29
D 825 29 2 826 783 827 8
D 824 25 2 37 825 65 8
D 832 81 2 137 344 142 138
D 833 81 2 142 165 137 166
D 831 85 3 136 822 832 527 833 29
D 830 99 4 135 716 313 725 342 734 831 8
D 829 79 11 102 715 541 724 558 733 570 744 580 757 594 790 606 802 617 810 628 820 638 830 648 8
D 828 59 11 69 714 665 723 680 732 690 743 698 756 710 789 719 801 728 809 738 819 750 829 762 8
D 836 27 2 46 64 48 8
D 837 27 2 46 47 48 29
D 835 29 2 836 783 837 8
D 834 25 2 37 835 65 8
D 841 85 3 136 822 314 527 165 29
D 840 99 3 135 725 313 734 841 8
D 839 79 11 102 724 541 733 558 744 570 757 580 790 594 802 606 810 617 820 628 830 638 840 648 8
D 838 59 11 69 723 665 732 680 743 690 756 698 789 710 801 719 809 728 819 738 829 750 839 762 8
D 845 35 2 60 56 55 8
D 844 33 2 784 845 785 8
D 843 29 2 45 844 63 8
D 842 25 2 37 843 65 8
D 849 85 2 136 822 164 29
D 848 99 2 135 734 849 8
D 847 79 11 102 733 541 744 558 757 570 790 580 802 594 810 606 820 617 830 628 840 638 848 648 8
D 846 59 11 69 732 665 743 680 756 690 789 698 801 710 809 719 819 728 829 738 839 750 847 762 8
D 854 37 2 59 58 57 8
D 853 35 2 55 854 60 8
D 852 33 2 784 853 785 8
D 851 29 2 45 852 63 8
D 850 25 2 37 851 65 8
D 861 77 2 125 643 123 29
D 860 75 2 121 861 126 654
D 859 73 3 546 860 658 653 661 29
D 858 69 3 111 859 656 652 662 29
D 857 65 3 103 858 649 651 663 29
D 856 79 10 102 744 541 757 558 790 570 802 580 810 594 820 606 830 617 840 628 848 857 8
D 855 59 11 69 743 665 756 680 789 690 801 698 809 710 819 719 829 728 839 738 847 750 856 762 8
L 867 38 20
D 866 37 2 57 867 59 8
D 865 35 2 55 866 60 8
D 864 33 2 784 865 785 8
D 863 29 2 45 864 63 8
D 862 25 2 37 863 65 8
D 873 75 2 126 654 121 29
D 872 73 3 546 873 658 653 661 29
D 871 69 3 111 872 656 652 662 29
D 870 65 3 103 871 649 651 663 29
D 869 79 9 102 757 541 790 558 802 570 810 580 820 594 830 606 840 617 848 870 8
D 868 59 11 69 756 665 789 680 801 690 809 698 819 710 829 719 839 728 847 738 856 750 869 762 8
D 876 23 2 42 41 40 67
D 875 21 2 38 876 43 39
D 880 37 2 57 867 59 29
D 879 35 2 55 880 60 29
D 878 33 2 784 879 785 29
D 877 29 2 45 878 63 29
D 882 27 2 48 47 46 64
D 884 31 2 53 62 51 52
D 886 37 2 57 58 59 867
D 885 35 2 60 880 55 886
D 887 31 2 53 52 51 8
D 883 33 3 884 879 784 885 887 29
D 888 27 2 48 64 46 8
D 881 29 3 882 878 45 883 888 29
D 890 23 2 42 67 40 8
D 889 21 2 38 890 43 66
D 874 25 3 875 877 37 881 889 29
D 35 39 11 36 68 779 788 795 800 805 808 813 818 824 828 834 838 842 846 850 855 862 868 874 8
D 893 3 2 7 6 5 8
D 892 1 2 3 893 9 8
D 896 11 2 17 28 19 8
D 897 11 2 17 18 19 29
D 895 13 2 896 20 897 8
D 894 9 2 11 895 30 8
D 899 3 2 7 34 5 29
D 898 1 2 3 899 9 29
D 891 5 2 892 894 898 8
D 906 71 2 117 128 119 118
D 905 73 2 658 653 906 29
D 904 69 3 111 905 656 652 662 29
D 903 65 3 103 904 649 651 663 29
D 902 79 8 102 790 541 802 558 810 570 820 580 830 594 840 606 848 903 8
D 901 59 11 69 789 665 801 680 809 690 819 698 829 710 839 719 847 728 856 738 869 750 902 762 8
D 900 39 11 36 788 779 800 795 808 805 818 813 828 824 838 834 846 842 855 850 868 862 901 874 8
D 909 3 2 5 34 7 8
D 908 1 2 3 909 9 8
D 911 3 2 5 6 7 29
D 910 1 2 3 911 9 29
D 907 5 2 908 894 910 8
D 916 69 3 111 905 596 652 130 29
D 915 65 3 103 916 649 651 663 29
D 914 79 7 102 802 541 810 558 820 570 830 580 840 594 848 915 8
D 913 59 11 69 801 665 809 680 819 690 829 698 839 710 847 719 856 728 869 738 902 750 914 762 8
D 912 39 11 36 800 779 808 795 818 805 828 813 838 824 846 834 855 842 868 850 901 862 913 874 8
D 918 1 2 9 4 3 8
D 919 1 2 9 33 3 29
D 917 5 2 918 894 919 8
D 924 69 2 111 905 129 29
D 923 65 3 103 924 649 651 663 29
D 922 79 6 102 810 541 820 558 830 570 840 580 848 923 8
D 921 59 11 69 809 665 819 680 829 690 839 698 847 710 856 719 869 728 902 738 914 750 922 762 8
D 920 39 11 36 808 779 818 795 828 805 838 813 846 824 855 834 868 842 901 850 913 862 921 874 8
D 928 11 2 19 28 17 8
D 929 11 2 19 18 17 29
D 927 13 2 928 20 929 8
D 926 9 2 11 927 30 8
D 925 5 2 2 926 32 8
D 935 73 2 116 653 127 29
D 934 69 2 111 935 129 29
D 933 65 3 103 934 649 651 663 29
D 932 79 5 102 820 541 830 558 840 570 848 933 8
D 931 59 11 69 819 665 829 680 839 690 847 698 856 710 869 719 902 728 914 738 922 750 932 762 8
D 930 39 11 36 818 779 828 795 838 805 846 813 855 824 868 834 901 842 913 850 921 862 931 874 8
D 938 7 2 14 13 12 8
D 939 7 2 14 31 12 29
D 937 9 2 938 895 939 8
D 936 5 2 2 937 32 8
D 944 61 2 104 650 109 8
D 945 61 2 104 664 109 29
D 943 65 3 103 934 944 651 945 29
D 942 79 4 102 830 541 840 558 848 943 8
D 941 59 11 69 829 665 839 680 847 690 856 698 869 710 902 719 914 728 922 738 932 750 942 762 8
D 940 39 11 36 828 779 838 795 846 805 855 813 868 824 901 834 913 842 921 850 931 862 941 874 8
D 948 7 2 12 31 14 8
D 949 7 2 12 13 14 29
D 947 9 2 948 895 949 8
D 946 5 2 2 947 32 8
D 954 61 2 104 133 109 29
D 953 65 3 103 934 542 651 954 29
D 952 79 3 102 840 541 848 953 8
D 951 59 11 69 839 665 847 680 856 690 869 698 902 710 914 719 922 728 932 738 942 750 952 762 8
D 950 39 11 36 838 779 846 795 855 805 868 813 901 824 913 834 921 842 931 850 941 862 951 874 8
D 958 15 2 26 22 21 8
D 957 13 2 896 958 897 8
D 956 9 2 11 957 30 8
D 955 5 2 2 956 32 8
D 962 65 2 103 934 131 29
D 961 79 2 102 848 962 8
D 960 59 11 69 847 665 856 680 869 690 902 698 914 710 922 719 932 728 942 738 952 750 961 762 8
D 959 39 11 36 846 779 855 795 868 805 901 813 913 824 921 834 931 842 941 850 951 862 960 874 8
D 967 17 2 25 24 23 8
D 966 15 2 21 967 26 8
D 965 13 2 896 966 897 8
D 964 9 2 11 965 30 8
D 963 5 2 2 964 32 8
D 974 57 2 92 755 90 29
D 973 55 2 88 974 93 768
D 972 53 3 670 973 772 767 775 29
D 971 49 3 78 972 770 766 776 29
D 970 45 3 70 971 763 765 777 29
D 969 59 10 69 856 665 869 680 902 690 914 698 922 710 932 719 942 728 952 738 961 970 8
D 968 39 11 36 855 779 868 795 901 805 913 813 921 824 931 834 941 842 951 850 960 862 969 874 8
L 980 18 10
D 979 17 2 23 980 25 8
D 978 15 2 21 979 26 8
D 977 13 2 896 978 897 8
D 976 9 2 11 977 30 8
D 975 5 2 2 976 32 8
D 986 55 2 93 768 88 29
D 985 53 3 670 986 772 767 775 29
D 984 49 3 78 985 770 766 776 29
D 983 45 3 70 984 763 765 777 29
D 982 59 9 69 869 665 902 680 914 690 922 698 932 710 942 719 952 728 961 983 8
D 981 39 11 36 868 779 901 795 913 805 921 813 931 824 941 834 951 842 960 850 969 862 982 874 8
D 991 17 2 23 24 25 980
D 992 17 2 23 980 25 29
D 990 15 2 21 991 26 992
D 993 11 2 19 28 17 18
D 994 15 2 21 992 26 29
D 995 11 2 19 18 17 8
D 989 13 3 896 990 993 994 995 29
D 996 7 2 14 13 12 31
D 997 13 2 896 994 897 29
D 998 7 2 14 31 12 8
D 988 9 3 11 989 996 997 998 29
D 1000 3 2 7 6 5 34
D 999 1 2 3 1000 9 4
D 1001 9 2 11 997 30 29
D 1003 3 2 7 34 5 8
D 1002 1 2 3 1003 9 33
D 987 5 3 2 988 999 1001 1002 29
D 0 19 11 1 35 891 900 907 912 917 920 925 930 936 940 946 950 955 959 963 968 975 981 987 8
