c ids of sdd nodes start at 0
c sdd nodes appear bottom-up, children before parents
c
c file syntax:
c sdd count-of-sdd-nodes
c F id-of-false-sdd-node
c T id-of-true-sdd-node
c L id-of-literal-sdd-node id-of-vtree literal
c D id-of-decomposition-sdd-node id-of-vtree number-of-elements {id-of-prime id-of-sub}*
c
sdd 1006
L 3 0 -4
L 5 2 -2
L 6 4 -3
L 7 2 2
F 8
D 4 3 2 5 6 7 8
L 9 0 4
D 2 1 2 3 4 9 8
L 12 6 -6
L 13 8 -7
L 14 6 6
D 11 7 2 12 13 14 8
L 17 10 -5
L 18 12 1
L 19 10 5
D 16 11 2 17 18 19 8
L 21 14 -8
L 23 16 -9
L 24 18 -10
L 25 16 9
D 22 17 2 23 24 25 8
L 26 14 8
D 20 15 2 21 22 26 8
L 28 12 -1
T 29
D 27 11 2 17 28 19 29
D 15 13 2 16 20 27 8
L 31 8 7
D 30 7 2 12 31 14 29
D 10 9 2 11 15 30 8
L 34 4 3
D 33 3 2 5 34 7 29
D 32 1 2 3 33 9 29
D 1 5 2 2 10 32 8
L 38 20 -14
L 40 22 -12
L 41 24 -13
L 42 22 12
D 39 23 2 40 41 42 8
L 43 20 14
D 37 21 2 38 39 43 8
L 46 26 -16
L 47 28 -17
L 48 26 16
D 45 27 2 46 47 48 8
L 51 30 -15
L 52 32 11
L 53 30 15
D 50 31 2 51 52 53 8
L 55 34 -18
L 57 36 -19
L 58 38 -20
L 59 36 19
D 56 37 2 57 58 59 8
L 60 34 18
D 54 35 2 55 56 60 8
L 62 32 -11
D 61 31 2 51 62 53 29
D 49 33 2 50 54 61 8
L 64 28 17
D 63 27 2 46 64 48 29
D 44 29 2 45 49 63 8
L 67 24 13
D 66 23 2 40 67 42 29
D 65 21 2 38 66 43 29
D 36 25 2 37 44 65 8
L 71 40 -24
L 73 42 -22
L 74 44 -23
L 75 42 22
D 72 43 2 73 74 75 8
L 76 40 24
D 70 41 2 71 72 76 8
L 79 46 -26
L 80 48 -27
L 81 46 26
D 78 47 2 79 80 81 8
L 84 50 -25
L 85 52 21
L 86 50 25
D 83 51 2 84 85 86 8
L 88 54 -28
L 90 56 -29
L 91 58 -30
L 92 56 29
D 89 57 2 90 91 92 8
L 93 54 28
D 87 55 2 88 89 93 8
L 95 52 -21
D 94 51 2 84 95 86 29
D 82 53 2 83 87 94 8
L 97 48 27
D 96 47 2 79 97 81 29
D 77 49 2 78 82 96 8
L 100 44 23
D 99 43 2 73 100 75 29
D 98 41 2 71 99 76 29
D 69 45 2 70 77 98 8
L 104 60 -34
L 106 62 -32
L 107 64 -33
L 108 62 32
D 105 63 2 106 107 108 8
L 109 60 34
D 103 61 2 104 105 109 8
L 112 66 -36
L 113 68 -37
L 114 66 36
D 111 67 2 112 113 114 8
L 117 70 -35
L 118 72 31
L 119 70 35
D 116 71 2 117 118 119 8
L 121 74 -38
L 123 76 -39
L 124 78 -40
L 125 76 39
D 122 77 2 123 124 125 8
L 126 74 38
D 120 75 2 121 122 126 8
L 128 72 -31
D 127 71 2 117 128 119 29
D 115 73 2 116 120 127 8
L 130 68 37
D 129 67 2 112 130 114 29
D 110 69 2 111 115 129 8
L 133 64 33
D 132 63 2 106 133 108 29
D 131 61 2 104 132 109 29
D 102 65 2 103 110 131 8
L 137 80 -42
L 139 82 -43
L 140 84 -44
L 141 82 43
D 138 83 2 139 140 141 8
L 142 80 42
D 136 81 2 137 138 142 8
L 145 86 -46
L 146 88 -47
L 147 86 46
D 144 87 2 145 146 147 8
L 150 90 -45
L 151 92 41
L 152 90 45
D 149 91 2 150 151 152 8
L 154 94 -48
L 156 96 -49
L 157 98 -50
L 158 96 49
D 155 97 2 156 157 158 8
L 159 94 48
D 153 95 2 154 155 159 8
L 161 92 -41
D 160 91 2 150 161 152 29
D 148 93 2 149 153 160 8
L 163 88 47
D 162 87 2 145 163 147 29
D 143 89 2 144 148 162 8
L 166 84 44
D 165 83 2 139 166 141 29
D 164 81 2 137 165 142 29
D 135 85 2 136 143 164 8
L 170 100 -56
L 171 102 -57
L 172 100 56
D 169 101 2 170 171 172 8
L 174 104 -58
L 176 106 -59
L 177 108 60
L 178 106 59
D 175 107 2 176 177 178 8
L 179 104 58
D 173 105 2 174 175 179 8
L 181 102 57
D 180 101 2 170 181 172 29
D 168 103 2 169 173 180 8
L 185 110 -53
L 186 112 -54
L 187 110 53
D 184 111 2 185 186 187 8
L 189 114 -52
L 191 116 -55
L 192 118 -51
L 193 116 55
D 190 117 2 191 192 193 8
L 194 114 52
D 188 115 2 189 190 194 8
L 196 112 54
D 195 111 2 185 196 187 29
D 183 113 2 184 188 195 8
L 200 120 -76
L 201 122 -77
L 202 120 76
D 199 121 2 200 201 202 8
L 204 124 -78
L 206 126 -79
L 207 128 80
L 208 126 79
D 205 127 2 206 207 208 8
L 209 124 78
D 203 125 2 204 205 209 8
L 211 122 77
D 210 121 2 200 211 202 29
D 198 123 2 199 203 210 8
L 215 130 -73
L 216 132 -72
L 217 130 73
D 214 131 2 215 216 217 8
L 219 134 -71
L 221 136 -74
L 222 138 -75
L 223 136 74
D 220 137 2 221 222 223 8
L 224 134 71
D 218 135 2 219 220 224 8
L 226 132 72
D 225 131 2 215 226 217 29
D 213 133 2 214 218 225 8
L 229 140 -61
L 230 142 -62
L 231 140 61
D 228 141 2 229 230 231 8
L 234 144 -63
L 235 146 -64
L 236 144 63
D 233 145 2 234 235 236 8
L 238 148 -65
L 240 150 -66
L 242 152 -67
L 244 154 -68
L 246 156 -69
L 247 158 70
L 248 156 69
D 245 157 2 246 247 248 8
L 249 154 68
D 243 155 2 244 245 249 8
L 250 152 67
D 241 153 2 242 243 250 8
L 251 150 66
D 239 151 2 240 241 251 8
L 252 148 65
D 237 149 2 238 239 252 8
L 254 146 64
D 253 145 2 234 254 236 29
D 232 147 2 233 237 253 8
L 256 142 62
D 255 141 2 229 256 231 29
D 227 143 2 228 232 255 8
L 260 138 75
D 259 137 2 221 260 223 29
D 258 135 2 219 259 224 29
D 257 133 2 214 258 225 29
D 212 139 2 213 227 257 8
L 264 128 -80
D 263 127 2 206 264 208 29
D 262 125 2 204 263 209 29
D 261 123 2 199 262 210 29
D 197 129 2 198 212 261 8
L 268 118 51
D 267 117 2 191 268 193 29
D 266 115 2 189 267 194 29
D 265 113 2 184 266 195 29
D 182 119 2 183 197 265 8
L 272 108 -60
D 271 107 2 176 272 178 29
D 270 105 2 174 271 179 29
D 269 103 2 169 270 180 29
D 167 109 2 168 182 269 8
D 274 81 2 142 138 137 8
D 277 91 2 150 161 152 8
D 278 91 2 150 151 152 29
D 276 93 2 277 153 278 8
D 275 89 2 144 276 162 8
D 279 81 2 142 165 137 29
D 273 85 2 274 275 279 8
L 291 158 -70
D 290 157 2 248 291 246 8
D 289 155 2 244 290 249 8
D 288 153 2 242 289 250 8
D 287 151 2 240 288 251 8
D 286 149 2 238 287 252 8
D 285 147 2 233 286 253 8
D 284 143 2 228 285 255 8
D 283 139 2 213 284 257 8
D 294 127 2 208 264 206 8
D 293 125 2 204 294 209 8
D 292 123 2 199 293 210 8
D 297 127 2 206 264 208 207
D 296 125 2 204 297 209 29
D 295 123 2 199 296 210 29
D 282 129 3 198 283 292 212 295 8
D 281 119 2 183 282 265 8
D 300 107 2 178 272 176 8
D 299 105 2 174 300 179 8
D 298 103 2 169 299 180 8
D 303 107 2 176 272 178 177
D 302 105 2 174 303 179 29
D 301 103 2 169 302 180 29
D 280 109 3 168 281 298 182 301 8
D 306 83 2 141 140 139 8
D 305 81 2 137 306 142 8
D 308 83 2 141 166 139 29
D 307 81 2 137 308 142 29
D 304 85 2 305 275 307 8
D 319 157 2 246 291 248 8
D 318 155 2 249 319 244 8
D 317 153 2 242 318 250 8
D 316 151 2 240 317 251 8
D 315 149 2 238 316 252 8
D 314 147 2 233 315 253 8
D 313 143 2 228 314 255 8
D 312 139 2 213 313 257 8
D 322 127 2 206 264 208 8
D 321 125 2 209 322 204 8
D 320 123 2 199 321 210 8
D 325 127 2 206 207 208 29
D 324 125 2 204 297 209 325
D 323 123 2 199 324 210 29
D 311 129 4 198 312 292 283 320 212 323 8
D 310 119 2 183 311 265 8
D 328 107 2 176 272 178 8
D 327 105 2 179 328 174 8
D 326 103 2 169 327 180 8
D 331 107 2 176 177 178 29
D 330 105 2 174 303 179 331
D 329 103 2 169 330 180 29
D 309 109 4 168 310 298 281 326 182 329 8
D 334 83 2 139 166 141 8
D 333 81 2 137 334 142 8
D 336 83 2 139 140 141 29
D 335 81 2 137 336 142 29
D 332 85 2 333 275 335 8
D 346 155 2 244 319 249 8
D 345 153 2 250 346 242 8
D 344 151 2 240 345 251 8
D 343 149 2 238 344 252 8
D 342 147 2 233 343 253 8
D 341 143 2 228 342 255 8
D 340 139 2 213 341 257 8
D 348 121 2 200 211 202 8
D 349 125 2 204 322 209 8
D 350 121 2 200 201 202 29
D 347 123 2 348 349 350 8
D 352 125 2 204 325 209 29
D 351 123 3 199 324 348 352 202 29
D 339 129 5 198 340 292 312 320 283 347 212 351 8
D 338 119 2 183 339 265 8
D 354 101 2 170 181 172 8
D 355 105 2 174 328 179 8
D 356 101 2 170 171 172 29
D 353 103 2 354 355 356 8
D 358 105 2 174 331 179 29
D 357 103 3 169 330 354 358 172 29
D 337 109 5 168 338 298 310 326 281 353 182 357 8
D 362 91 2 152 161 150 8
D 363 91 2 152 151 150 29
D 361 93 2 362 153 363 8
D 360 89 2 144 361 162 8
D 359 85 2 136 360 164 8
D 372 153 2 242 346 250 8
D 371 151 2 251 372 240 8
D 370 149 2 238 371 252 8
D 369 147 2 233 370 253 8
D 368 143 2 228 369 255 8
D 367 139 2 213 368 257 8
D 374 121 2 202 201 200 8
D 375 121 2 202 211 200 29
D 373 123 2 374 349 375 8
D 377 121 2 202 201 200 211
D 378 121 2 202 211 200 8
D 376 123 3 199 324 377 352 378 29
D 366 129 6 198 367 292 340 320 312 347 283 373 212 376 8
D 365 119 2 183 366 265 8
D 380 101 2 172 171 170 8
D 381 101 2 172 181 170 29
D 379 103 2 380 355 381 8
D 383 101 2 172 171 170 181
D 384 101 2 172 181 170 8
D 382 103 3 169 330 383 358 384 29
D 364 109 6 168 365 298 338 326 310 353 281 379 182 382 8
D 387 87 2 147 146 145 8
D 388 87 2 147 163 145 29
D 386 89 2 387 276 388 8
D 385 85 2 136 386 164 8
D 390 103 2 169 355 180 8
D 394 117 2 193 192 191 8
D 393 115 2 189 394 194 8
D 392 113 2 184 393 195 8
D 397 117 2 193 268 191 29
D 396 115 2 189 397 194 29
D 395 113 2 184 396 195 29
D 391 119 2 392 197 395 8
D 404 151 2 240 372 251 8
D 403 149 2 252 404 238 8
D 402 147 2 233 403 253 8
D 401 143 2 228 402 255 8
D 400 139 2 213 401 257 8
D 405 123 2 199 349 210 8
D 409 137 2 221 260 223 8
D 408 135 2 219 409 224 8
D 407 133 2 214 408 225 8
D 412 137 2 221 222 223 29
D 411 135 2 219 412 224 29
D 410 133 2 214 411 225 29
D 406 139 2 407 227 410 8
D 415 127 2 208 207 206 8
D 414 125 2 204 415 209 325
D 413 123 3 199 414 377 352 378 29
D 399 129 7 198 400 405 406 292 367 320 340 347 312 373 283 413 8
D 398 119 2 183 399 265 8
D 418 107 2 178 177 176 8
D 417 105 2 174 418 179 331
D 416 103 3 169 417 383 358 384 29
D 389 109 7 390 391 168 398 298 365 326 338 353 310 379 281 416 8
D 421 87 2 145 163 147 8
D 422 87 2 145 146 147 29
D 420 89 2 421 276 422 8
D 419 85 2 136 420 164 8
D 426 111 2 185 196 187 8
D 427 111 2 185 186 187 29
D 425 113 2 426 188 427 8
D 428 113 3 184 396 426 266 187 29
D 424 119 3 392 282 425 197 428 8
D 434 145 2 234 254 236 8
D 435 149 2 238 404 252 8
D 436 145 2 234 235 236 29
D 433 147 2 434 435 436 8
D 432 143 2 228 433 255 8
D 431 139 2 213 432 257 8
D 440 137 2 223 222 221 8
D 439 135 2 219 440 224 8
D 438 133 2 214 439 225 8
D 443 137 2 221 222 223 260
D 442 135 2 219 443 224 29
D 441 133 2 214 442 225 29
D 437 139 3 438 227 407 284 441 8
D 430 129 7 198 431 405 437 292 400 320 367 347 340 373 312 413 8
D 429 119 2 183 430 265 8
D 423 109 7 390 424 168 429 298 398 326 365 353 338 379 310 416 8
D 447 95 2 159 155 154 8
D 446 93 2 277 447 278 8
D 445 89 2 144 446 162 8
D 444 85 2 136 445 164 8
D 451 111 2 187 186 185 8
D 452 111 2 187 196 185 29
D 450 113 2 451 188 452 8
D 454 111 2 187 186 185 196
D 455 111 2 187 196 185 8
D 453 113 3 184 396 454 266 455 29
D 449 119 4 425 282 392 311 450 197 453 8
D 461 145 2 236 235 234 8
D 462 145 2 236 254 234 29
D 460 147 2 461 435 462 8
D 459 143 2 228 460 255 8
D 458 139 2 213 459 257 8
D 465 131 2 217 216 215 8
D 466 131 2 217 226 215 29
D 464 133 2 465 218 466 8
D 467 133 3 214 442 465 258 226 29
D 463 139 4 464 227 438 284 407 313 467 8
D 457 129 7 198 458 405 463 292 431 320 400 347 367 373 340 413 8
D 456 119 2 183 457 265 8
D 448 109 7 390 449 168 456 298 429 326 398 353 365 379 338 416 8
D 472 97 2 158 157 156 8
D 471 95 2 154 472 159 8
D 470 93 2 277 471 278 8
D 469 89 2 144 470 162 8
D 468 85 2 136 469 164 8
D 476 115 2 194 190 189 8
D 475 113 2 184 476 195 8
D 478 115 2 189 397 194 267
D 477 113 3 184 478 454 266 455 29
D 474 119 5 392 339 450 282 425 311 475 197 477 8
D 483 131 2 215 226 217 8
D 484 131 2 215 216 217 29
D 482 133 2 483 218 484 8
D 486 131 2 217 216 215 226
D 487 131 2 217 226 215 8
D 485 133 3 214 442 486 258 487 29
D 481 139 5 482 227 464 284 438 313 407 341 485 8
D 490 141 2 229 256 231 8
D 491 147 2 233 435 253 8
D 492 141 2 229 230 231 29
D 489 143 2 490 491 492 8
D 488 139 2 213 489 257 8
D 480 129 7 405 481 292 458 198 488 320 431 347 400 373 367 413 8
D 479 119 2 183 480 265 8
D 473 109 7 390 474 168 479 298 456 326 429 353 398 379 365 416 8
L 498 98 50
D 497 97 2 156 498 158 8
D 496 95 2 154 497 159 8
D 495 93 2 277 496 278 8
D 494 89 2 144 495 162 8
D 493 85 2 136 494 164 8
D 503 117 2 191 268 193 8
D 502 115 2 189 503 194 8
D 501 113 2 184 502 195 8
D 506 117 2 191 192 193 268
D 505 115 2 189 506 194 267
D 504 113 3 184 505 454 266 455 29
D 500 119 6 392 366 425 339 475 282 450 311 501 197 504 8
D 511 135 2 224 220 219 8
D 510 133 2 214 511 225 8
D 513 135 2 219 443 224 259
D 512 133 3 214 513 486 258 487 29
D 509 139 6 510 227 482 284 464 313 407 368 438 341 512 8
D 516 141 2 231 230 229 8
D 517 141 2 231 256 229 29
D 515 143 2 516 491 517 8
D 514 139 2 213 515 257 8
D 508 129 7 405 509 320 458 292 488 347 431 198 514 373 400 413 8
D 507 119 2 183 508 265 8
D 499 109 7 390 500 168 507 298 479 326 456 353 429 379 398 416 8
D 520 83 2 141 140 139 166
D 519 81 2 137 520 142 138
D 524 97 2 156 498 158 29
D 523 95 2 154 524 159 29
D 522 93 2 277 523 278 29
D 521 89 2 144 522 162 29
D 526 87 2 147 146 145 163
D 528 91 2 152 161 150 151
D 530 97 2 156 157 158 498
D 529 95 2 159 524 154 530
D 531 91 2 152 151 150 8
D 527 93 3 528 523 277 529 531 29
D 532 87 2 147 163 145 8
D 525 89 3 526 522 144 527 532 29
D 534 83 2 141 166 139 8
D 533 81 2 137 534 142 165
D 518 85 3 519 521 136 525 533 29
D 134 99 11 135 167 273 280 304 309 332 337 359 364 385 389 419 423 444 448 468 473 493 499 518 8
D 537 63 2 108 107 106 8
D 536 61 2 104 537 109 8
D 540 71 2 117 128 119 8
D 541 71 2 117 118 119 29
D 539 73 2 540 120 541 8
D 538 69 2 111 539 129 8
D 543 63 2 108 133 106 29
D 542 61 2 104 543 109 29
D 535 65 2 536 538 542 8
D 546 119 6 392 399 425 366 450 339 501 282 475 311 504 8
D 549 139 6 510 284 482 313 407 401 438 368 464 341 512 8
D 551 125 2 209 325 204 207
D 550 123 3 199 551 377 352 378 29
D 548 129 6 405 549 347 458 320 488 373 431 292 514 550 8
D 547 119 2 183 548 265 8
D 545 109 7 390 546 298 507 168 547 326 479 353 456 379 429 416 8
D 544 99 11 135 280 273 309 304 337 332 364 359 389 385 423 419 448 444 473 468 499 493 545 518 8
D 554 63 2 106 133 108 8
D 553 61 2 104 554 109 8
D 556 63 2 106 107 108 29
D 555 61 2 104 556 109 29
D 552 65 2 553 538 555 8
D 559 119 6 425 399 392 430 450 366 475 339 501 311 504 8
D 562 139 6 510 313 407 432 438 401 464 368 482 341 512 8
D 563 123 3 377 352 199 325 378 29
D 561 129 5 405 562 373 458 347 488 320 514 563 8
D 560 119 2 183 561 265 8
D 558 109 7 390 559 326 507 298 547 168 560 353 479 379 456 416 8
D 557 99 11 135 309 273 337 304 364 332 389 359 423 385 448 419 473 444 499 468 545 493 558 518 8
D 565 61 2 109 105 104 8
D 566 61 2 109 132 104 29
D 564 65 2 565 538 566 8
D 569 119 6 450 399 425 430 392 457 475 366 501 339 504 8
D 572 139 6 407 459 438 432 464 401 482 368 510 341 512 8
D 574 121 2 202 201 200 29
D 573 123 2 574 352 378 29
D 571 129 4 373 488 405 572 347 514 573 8
D 570 119 2 183 571 265 8
D 568 109 7 390 569 353 507 326 547 298 560 168 570 379 479 416 8
D 567 99 11 135 337 273 364 304 389 332 423 359 448 385 473 419 499 444 545 468 558 493 568 518 8
D 578 71 2 119 128 117 8
D 579 71 2 119 118 117 29
D 577 73 2 578 120 579 8
D 576 69 2 111 577 129 8
D 575 65 2 103 576 131 8
D 582 119 6 475 399 450 430 425 457 392 480 501 366 504 8
D 585 139 6 438 459 464 432 482 401 510 368 407 489 512 8
D 586 123 2 201 352 211 29
D 584 129 3 373 514 405 585 586 8
D 583 119 2 183 584 265 8
D 581 109 7 390 582 379 507 353 547 326 560 298 570 168 583 416 8
D 580 99 11 135 364 273 389 304 423 332 448 359 473 385 499 419 545 444 558 468 568 493 581 518 8
D 589 67 2 114 113 112 8
D 590 67 2 114 130 112 29
D 588 69 2 589 539 590 8
D 587 65 2 103 588 131 8
D 593 119 6 501 399 475 430 450 457 425 480 392 508 504 8
D 596 139 6 464 459 482 432 510 401 438 489 407 515 512 8
D 597 123 2 199 352 210 29
D 595 129 2 405 596 597 8
D 594 119 2 183 595 265 8
D 592 109 7 379 547 390 593 353 560 326 570 298 583 168 594 416 8
D 591 99 11 135 389 273 423 304 448 332 473 359 499 385 545 419 558 444 568 468 581 493 592 518 8
D 600 67 2 112 130 114 8
D 601 67 2 112 113 114 29
D 599 69 2 600 539 601 8
D 598 65 2 103 599 131 8
D 604 119 6 501 430 475 457 450 480 425 508 392 548 504 8
D 610 137 2 223 260 221 29
D 609 135 2 219 610 224 259
D 608 133 3 214 609 486 258 487 29
D 607 139 5 482 459 510 432 464 489 438 515 608 8
D 606 129 2 405 607 597 8
D 605 119 2 183 606 265 8
D 603 109 7 379 560 390 604 353 570 326 583 298 594 168 605 416 8
D 602 99 11 135 423 273 448 304 473 332 499 359 545 385 558 419 568 444 581 468 592 493 603 518 8
D 614 75 2 126 122 121 8
D 613 73 2 540 614 541 8
D 612 69 2 111 613 129 8
D 611 65 2 103 612 131 8
D 617 119 6 501 457 475 480 450 508 425 548 392 561 504 8
D 622 135 2 224 259 219 29
D 621 133 3 486 258 214 622 487 29
D 620 139 4 510 459 482 489 464 515 621 8
D 619 129 2 405 620 597 8
D 618 119 2 183 619 265 8
D 616 109 7 379 570 390 617 353 583 326 594 298 605 168 618 416 8
D 615 99 11 135 448 273 473 304 499 332 545 359 558 385 568 419 581 444 592 468 603 493 616 518 8
D 627 77 2 125 124 123 8
D 626 75 2 121 627 126 8
D 625 73 2 540 626 541 8
D 624 69 2 111 625 129 8
D 623 65 2 103 624 131 8
D 630 119 6 501 480 475 508 450 548 425 561 392 571 504 8
D 634 133 3 483 258 214 622 217 29
D 633 139 3 510 489 482 515 634 8
D 632 129 2 405 633 597 8
D 631 119 2 183 632 265 8
D 629 109 7 379 583 390 630 353 594 326 605 298 618 168 631 416 8
D 628 99 11 135 473 273 499 304 545 332 558 359 568 385 581 419 592 444 603 468 616 493 629 518 8
L 640 78 40
D 639 77 2 123 640 125 8
D 638 75 2 121 639 126 8
D 637 73 2 540 638 541 8
D 636 69 2 111 637 129 8
D 635 65 2 103 636 131 8
D 643 119 6 501 508 475 548 450 561 425 571 392 584 504 8
D 647 133 2 214 622 225 29
D 646 139 2 510 515 647 8
D 645 129 2 405 646 597 8
D 644 119 2 183 645 265 8
D 642 109 7 379 594 390 643 353 605 326 618 298 631 168 644 416 8
D 641 99 11 135 499 273 545 304 558 332 568 359 581 385 592 419 603 444 616 468 629 493 642 518 8
D 650 63 2 108 107 106 133
D 649 61 2 104 650 109 105
D 654 77 2 123 640 125 29
D 653 75 2 121 654 126 29
D 652 73 2 540 653 541 29
D 651 69 2 111 652 129 29
D 656 67 2 114 113 112 130
D 658 71 2 119 128 117 118
D 660 77 2 123 124 125 640
D 659 75 2 126 654 121 660
D 661 71 2 119 118 117 8
D 657 73 3 658 653 540 659 661 29
D 662 67 2 114 130 112 8
D 655 69 3 656 652 111 657 662 29
D 664 63 2 108 133 106 8
D 663 61 2 104 664 109 132
D 648 65 3 649 651 103 655 663 29
D 101 79 11 102 134 535 544 552 557 564 567 575 580 587 591 598 602 611 615 623 628 635 641 648 8
D 667 43 2 75 74 73 8
D 666 41 2 71 667 76 8
D 670 51 2 84 95 86 8
D 671 51 2 84 85 86 29
D 669 53 2 670 87 671 8
D 668 49 2 78 669 96 8
D 673 43 2 75 100 73 29
D 672 41 2 71 673 76 29
D 665 45 2 666 668 672 8
D 677 119 6 501 548 475 561 450 571 425 584 392 595 504 8
D 679 105 2 179 331 174 177
D 678 103 3 169 679 383 358 384 29
D 676 109 6 379 605 390 677 353 618 326 631 298 644 678 8
D 675 99 11 135 545 273 558 304 568 332 581 359 592 385 603 419 616 444 629 468 642 493 676 518 8
D 674 79 11 102 544 535 557 552 567 564 580 575 591 587 602 598 615 611 628 623 641 635 675 648 8
D 682 43 2 73 100 75 8
D 681 41 2 71 682 76 8
D 684 43 2 73 74 75 29
D 683 41 2 71 684 76 29
D 680 45 2 681 668 683 8
D 688 119 6 501 561 475 571 450 584 425 595 392 606 504 8
D 689 103 3 383 358 169 331 384 29
D 687 109 5 379 618 390 688 353 631 326 644 689 8
D 686 99 11 135 558 273 568 304 581 332 592 359 603 385 616 419 629 444 642 468 676 493 687 518 8
D 685 79 11 102 557 535 567 552 580 564 591 575 602 587 615 598 628 611 641 623 675 635 686 648 8
D 691 41 2 76 72 71 8
D 692 41 2 76 99 71 29
D 690 45 2 691 668 692 8
D 696 119 6 501 571 475 584 450 595 425 606 392 619 504 8
D 698 101 2 172 171 170 29
D 697 103 2 698 358 384 29
D 695 109 4 379 631 390 696 353 644 697 8
D 694 99 11 135 568 273 581 304 592 332 603 359 616 385 629 419 642 444 676 468 687 493 695 518 8
D 693 79 11 102 567 535 580 552 591 564 602 575 615 587 628 598 641 611 675 623 686 635 694 648 8
D 702 51 2 86 95 84 8
D 703 51 2 86 85 84 29
D 701 53 2 702 87 703 8
D 700 49 2 78 701 96 8
D 699 45 2 70 700 98 8
D 707 119 6 501 584 475 595 450 606 425 619 392 632 504 8
D 708 103 2 171 358 181 29
D 706 109 3 379 644 390 707 708 8
D 705 99 11 135 581 273 592 304 603 332 616 359 629 385 642 419 676 444 687 468 695 493 706 518 8
D 704 79 11 102 580 535 591 552 602 564 615 575 628 587 641 598 675 611 686 623 694 635 705 648 8
D 711 47 2 81 80 79 8
D 712 47 2 81 97 79 29
D 710 49 2 711 669 712 8
D 709 45 2 70 710 98 8
D 716 119 6 501 595 475 606 450 619 425 632 392 645 504 8
D 717 103 2 169 358 180 29
D 715 109 2 390 716 717 8
D 714 99 11 135 592 273 603 304 616 332 629 359 642 385 676 419 687 444 695 468 706 493 715 518 8
D 713 79 11 102 591 535 602 552 615 564 628 575 641 587 675 598 686 611 694 623 705 635 714 648 8
D 720 47 2 79 97 81 8
D 721 47 2 79 80 81 29
D 719 49 2 720 669 721 8
D 718 45 2 70 719 98 8
D 728 117 2 191 192 193 29
D 727 115 2 194 267 189 728
D 726 113 3 184 727 454 266 455 29
D 725 119 5 501 606 475 619 450 632 425 645 726 8
D 724 109 2 390 725 717 8
D 723 99 11 135 603 273 616 304 629 332 642 359 676 385 687 419 695 444 706 468 715 493 724 518 8
D 722 79 11 102 602 535 615 552 628 564 641 575 675 587 686 598 694 611 705 623 714 635 723 648 8
D 732 55 2 93 89 88 8
D 731 53 2 670 732 671 8
D 730 49 2 78 731 96 8
D 729 45 2 70 730 98 8
D 737 113 3 184 727 451 266 196 29
D 736 119 4 501 619 475 632 450 645 737 8
D 735 109 2 390 736 717 8
D 734 99 11 135 616 273 629 304 642 332 676 359 687 385 695 419 706 444 715 468 724 493 735 518 8
D 733 79 11 102 615 535 628 552 641 564 675 575 686 587 694 598 705 611 714 623 723 635 734 648 8
D 742 57 2 92 91 90 8
D 741 55 2 88 742 93 8
D 740 53 2 670 741 671 8
D 739 49 2 78 740 96 8
D 738 45 2 70 739 98 8
D 747 113 2 184 727 195 29
D 746 119 3 501 632 475 645 747 8
D 745 109 2 390 746 717 8
D 744 99 11 135 629 273 642 304 676 332 687 359 695 385 706 419 715 444 724 468 735 493 745 518 8
D 743 79 11 102 628 535 641 552 675 564 686 575 694 587 705 598 714 611 723 623 734 635 744 648 8
L 753 58 30
D 752 57 2 90 753 92 8
D 751 55 2 88 752 93 8
D 750 53 2 670 751 671 8
D 749 49 2 78 750 96 8
D 748 45 2 70 749 98 8
D 759 115 2 189 728 194 29
D 758 113 2 184 759 195 29
D 757 119 2 501 645 758 8
D 756 109 2 390 757 717 8
D 755 99 11 135 642 273 676 304 687 332 695 359 706 385 715 419 724 444 735 468 745 493 756 518 8
D 754 79 11 102 641 535 675 552 686 564 694 575 705 587 714 598 723 611 734 623 744 635 755 648 8
D 762 43 2 75 74 73 100
D 761 41 2 71 762 76 72
D 766 57 2 90 753 92 29
D 765 55 2 88 766 93 29
D 764 53 2 670 765 671 29
D 763 49 2 78 764 96 29
D 768 47 2 81 80 79 97
D 770 51 2 86 95 84 85
D 772 57 2 90 91 92 753
D 771 55 2 93 766 88 772
D 773 51 2 86 85 84 8
D 769 53 3 770 765 670 771 773 29
D 774 47 2 81 97 79 8
D 767 49 3 768 764 78 769 774 29
D 776 43 2 75 100 73 8
D 775 41 2 71 776 76 99
D 760 45 3 761 763 70 767 775 29
D 68 59 11 69 101 665 674 680 685 690 693 699 704 709 713 718 722 729 733 738 743 748 754 760 8
D 779 23 2 42 41 40 8
D 778 21 2 38 779 43 8
D 782 31 2 51 62 53 8
D 783 31 2 51 52 53 29
D 781 33 2 782 54 783 8
D 780 29 2 45 781 63 8
D 785 23 2 42 67 40 29
D 784 21 2 38 785 43 29
D 777 25 2 778 780 784 8
D 793 97 2 158 498 156 29
D 792 95 2 154 793 159 524
D 791 93 3 277 792 528 523 531 29
D 790 89 3 144 791 526 522 532 29
D 789 85 3 136 790 519 521 533 29
D 788 99 10 135 676 273 687 304 695 332 706 359 715 385 724 419 735 444 745 468 756 789 8
D 787 79 11 102 675 535 686 552 694 564 705 575 714 587 723 598 734 611 744 623 755 635 788 648 8
D 786 59 11 69 674 665 685 680 693 690 704 699 713 709 722 718 733 729 743 738 754 748 787 760 8
D 796 23 2 40 67 42 8
D 795 21 2 38 796 43 8
D 798 23 2 40 41 42 29
D 797 21 2 38 798 43 29
D 794 25 2 795 780 797 8
D 805 95 2 159 524 154 29
D 804 93 3 277 805 528 523 531 29
D 803 89 3 144 804 526 522 532 29
D 802 85 3 136 803 519 521 533 29
D 801 99 9 135 687 273 695 304 706 332 715 359 724 385 735 419 745 444 756 802 8
D 800 79 11 102 686 535 694 552 705 564 714 575 723 587 734 598 744 611 755 623 788 635 801 648 8
D 799 59 11 69 685 665 693 680 704 690 713 699 722 709 733 718 743 729 754 738 787 748 800 760 8
D 807 21 2 43 39 38 8
D 808 21 2 43 66 38 29
D 806 25 2 807 780 808 8
D 815 91 2 150 161 152 151
D 814 93 2 528 523 815 29
D 813 89 3 144 814 526 522 532 29
D 812 85 3 136 813 519 521 533 29
D 811 99 8 135 695 273 706 304 715 332 724 359 735 385 745 419 756 812 8
D 810 79 11 102 694 535 705 552 714 564 723 575 734 587 744 598 755 611 788 623 801 635 811 648 8
D 809 59 11 69 693 665 704 680 713 690 722 699 733 709 743 718 754 729 787 738 800 748 810 760 8
D 819 31 2 53 62 51 8
D 820 31 2 53 52 51 29
D 818 33 2 819 54 820 8
D 817 29 2 45 818 63 8
D 816 25 2 37 817 65 8
D 825 89 3 144 814 387 522 163 29
D 824 85 3 136 825 519 521 533 29
D 823 99 7 135 706 273 715 304 724 332 735 359 745 385 756 824 8
D 822 79 11 102 705 535 714 552 723 564 734 575 744 587 755 598 788 611 801 623 811 635 823 648 8
D 821 59 11 69 704 665 713 680 722 690 733 699 743 709 754 718 787 729 800 738 810 748 822 760 8
D 828 27 2 48 47 46 8
D 829 27 2 48 64 46 29
D 827 29 2 828 781 829 8
D 826 25 2 37 827 65 8
D 834 89 2 144 814 162 29
D 833 85 3 136 834 519 521 533 29
D 832 99 6 135 715 273 724 304 735 332 745 359 756 833 8
D 831 79 11 102 714 535 723 552 734 564 744 575 755 587 788 598 801 611 811 623 823 635 832 648 8
D 830 59 11 69 713 665 722 680 733 690 743 699 754 709 787 718 800 729 810 738 822 748 831 760 8
D 837 27 2 46 64 48 8
D 838 27 2 46 47 48 29
D 836 29 2 837 781 838 8
D 835 25 2 37 836 65 8
D 844 93 2 149 523 160 29
D 843 89 2 144 844 162 29
D 842 85 3 136 843 519 521 533 29
D 841 99 5 135 724 273 735 304 745 332 756 842 8
D 840 79 11 102 723 535 734 552 744 564 755 575 788 587 801 598 811 611 823 623 832 635 841 648 8
D 839 59 11 69 722 665 733 680 743 690 754 699 787 709 800 718 810 729 822 738 831 748 840 760 8
D 848 35 2 60 56 55 8
D 847 33 2 782 848 783 8
D 846 29 2 45 847 63 8
D 845 25 2 37 846 65 8
D 853 81 2 137 306 142 138
D 854 81 2 142 165 137 166
D 852 85 3 136 843 853 521 854 29
D 851 99 4 135 735 273 745 304 756 852 8
D 850 79 11 102 734 535 744 552 755 564 788 575 801 587 811 598 823 611 832 623 841 635 851 648 8
D 849 59 11 69 733 665 743 680 754 690 787 699 800 709 810 718 822 729 831 738 840 748 850 760 8
D 859 37 2 59 58 57 8
D 858 35 2 55 859 60 8
D 857 33 2 782 858 783 8
D 856 29 2 45 857 63 8
D 855 25 2 37 856 65 8
D 863 85 3 136 843 274 521 165 29
D 862 99 3 135 745 273 756 863 8
D 861 79 11 102 744 535 755 552 788 564 801 575 811 587 823 598 832 611 841 623 851 635 862 648 8
D 860 59 11 69 743 665 754 680 787 690 800 699 810 709 822 718 831 729 840 738 850 748 861 760 8
L 869 38 20
D 868 37 2 57 869 59 8
D 867 35 2 55 868 60 8
D 866 33 2 782 867 783 8
D 865 29 2 45 866 63 8
D 864 25 2 37 865 65 8
D 873 85 2 136 843 164 29
D 872 99 2 135 756 873 8
D 871 79 11 102 755 535 788 552 801 564 811 575 823 587 832 598 841 611 851 623 862 635 872 648 8
D 870 59 11 69 754 665 787 680 800 690 810 699 822 709 831 718 840 729 850 738 861 748 871 760 8
D 876 23 2 42 41 40 67
D 875 21 2 38 876 43 39
D 880 37 2 57 869 59 29
D 879 35 2 55 880 60 29
D 878 33 2 782 879 783 29
D 877 29 2 45 878 63 29
D 882 27 2 48 47 46 64
D 884 31 2 53 62 51 52
D 886 37 2 57 58 59 869
D 885 35 2 60 880 55 886
D 887 31 2 53 52 51 8
D 883 33 3 884 879 782 885 887 29
D 888 27 2 48 64 46 8
D 881 29 3 882 878 45 883 888 29
D 890 23 2 42 67 40 8
D 889 21 2 38 890 43 66
D 874 25 3 875 877 37 881 889 29
D 35 39 11 36 68 777 786 794 799 806 809 816 821 826 830 835 839 845 849 855 860 864 870 874 8
D 893 3 2 7 6 5 8
D 892 1 2 3 893 9 8
D 896 11 2 17 28 19 8
D 897 11 2 17 18 19 29
D 895 13 2 896 20 897 8
D 894 9 2 11 895 30 8
D 899 3 2 7 34 5 29
D 898 1 2 3 899 9 29
D 891 5 2 892 894 898 8
D 907 77 2 125 640 123 29
D 906 75 2 121 907 126 654
D 905 73 3 540 906 658 653 661 29
D 904 69 3 111 905 656 652 662 29
D 903 65 3 103 904 649 651 663 29
D 902 79 10 102 788 535 801 552 811 564 823 575 832 587 841 598 851 611 862 623 872 903 8
D 901 59 11 69 787 665 800 680 810 690 822 699 831 709 840 718 850 729 861 738 871 748 902 760 8
D 900 39 11 36 786 777 799 794 809 806 821 816 830 826 839 835 849 845 860 855 870 864 901 874 8
D 910 3 2 5 34 7 8
D 909 1 2 3 910 9 8
D 912 3 2 5 6 7 29
D 911 1 2 3 912 9 29
D 908 5 2 909 894 911 8
D 919 75 2 126 654 121 29
D 918 73 3 540 919 658 653 661 29
D 917 69 3 111 918 656 652 662 29
D 916 65 3 103 917 649 651 663 29
D 915 79 9 102 801 535 811 552 823 564 832 575 841 587 851 598 862 611 872 916 8
D 914 59 11 69 800 665 810 680 822 690 831 699 840 709 850 718 861 729 871 738 902 748 915 760 8
D 913 39 11 36 799 777 809 794 821 806 830 816 839 826 849 835 860 845 870 855 901 864 914 874 8
D 921 1 2 9 4 3 8
D 922 1 2 9 33 3 29
D 920 5 2 921 894 922 8
D 929 71 2 117 128 119 118
D 928 73 2 658 653 929 29
D 927 69 3 111 928 656 652 662 29
D 926 65 3 103 927 649 651 663 29
D 925 79 8 102 811 535 823 552 832 564 841 575 851 587 862 598 872 926 8
D 924 59 11 69 810 665 822 680 831 690 840 699 850 709 861 718 871 729 902 738 915 748 925 760 8
D 923 39 11 36 809 777 821 794 830 806 839 816 849 826 860 835 870 845 901 855 914 864 924 874 8
D 933 11 2 19 28 17 8
D 934 11 2 19 18 17 29
D 932 13 2 933 20 934 8
D 931 9 2 11 932 30 8
D 930 5 2 2 931 32 8
D 939 69 3 111 928 589 652 130 29
D 938 65 3 103 939 649 651 663 29
D 937 79 7 102 823 535 832 552 841 564 851 575 862 587 872 938 8
D 936 59 11 69 822 665 831 680 840 690 850 699 861 709 871 718 902 729 915 738 925 748 937 760 8
D 935 39 11 36 821 777 830 794 839 806 849 816 860 826 870 835 901 845 914 855 924 864 936 874 8
D 942 7 2 14 13 12 8
D 943 7 2 14 31 12 29
D 941 9 2 942 895 943 8
D 940 5 2 2 941 32 8
D 948 69 2 111 928 129 29
D 947 65 3 103 948 649 651 663 29
D 946 79 6 102 832 535 841 552 851 564 862 575 872 947 8
D 945 59 11 69 831 665 840 680 850 690 861 699 871 709 902 718 915 729 925 738 937 748 946 760 8
D 944 39 11 36 830 777 839 794 849 806 860 816 870 826 901 835 914 845 924 855 936 864 945 874 8
D 951 7 2 12 31 14 8
D 952 7 2 12 13 14 29
D 950 9 2 951 895 952 8
D 949 5 2 2 950 32 8
D 958 73 2 116 653 127 29
D 957 69 2 111 958 129 29
D 956 65 3 103 957 649 651 663 29
D 955 79 5 102 841 535 851 552 862 564 872 956 8
D 954 59 11 69 840 665 850 680 861 690 871 699 902 709 915 718 925 729 937 738 946 748 955 760 8
D 953 39 11 36 839 777 849 794 860 806 870 816 901 826 914 835 924 845 936 855 945 864 954 874 8
D 962 15 2 26 22 21 8
D 961 13 2 896 962 897 8
D 960 9 2 11 961 30 8
D 959 5 2 2 960 32 8
D 967 61 2 104 650 109 8
D 968 61 2 104 664 109 29
D 966 65 3 103 957 967 651 968 29
D 965 79 4 102 851 535 862 552 872 966 8
D 964 59 11 69 850 665 861 680 871 690 902 699 915 709 925 718 937 729 946 738 955 748 965 760 8
D 963 39 11 36 849 777 860 794 870 806 901 816 914 826 924 835 936 845 945 855 954 864 964 874 8
D 973 17 2 25 24 23 8
D 972 15 2 21 973 26 8
D 971 13 2 896 972 897 8
D 970 9 2 11 971 30 8
D 969 5 2 2 970 32 8
D 978 61 2 104 133 109 29
D 977 65 3 103 957 536 651 978 29
D 976 79 3 102 862 535 872 977 8
D 975 59 11 69 861 665 871 680 902 690 915 699 925 709 937 718 946 729 955 738 965 748 976 760 8
D 974 39 11 36 860 777 870 794 901 806 914 816 924 826 936 835 945 845 954 855 964 864 975 874 8
L 984 18 10
D 983 17 2 23 984 25 8
D 982 15 2 21 983 26 8
D 981 13 2 896 982 897 8
D 980 9 2 11 981 30 8
D 979 5 2 2 980 32 8
D 988 65 2 103 957 131 29
D 987 79 2 102 872 988 8
D 986 59 11 69 871 665 902 680 915 690 925 699 937 709 946 718 955 729 965 738 976 748 987 760 8
D 985 39 11 36 870 777 901 794 914 806 924 816 936 826 945 835 954 845 964 855 975 864 986 874 8
D 993 17 2 23 24 25 984
D 994 17 2 23 984 25 29
D 992 15 2 21 993 26 994
D 995 11 2 19 28 17 18
D 996 15 2 21 994 26 29
D 997 11 2 19 18 17 8
D 991 13 3 896 992 995 996 997 29
D 998 7 2 14 13 12 31
D 999 13 2 896 996 897 29
D 1000 7 2 14 31 12 8
D 990 9 3 11 991 998 999 1000 29
D 1002 3 2 7 6 5 34
D 1001 1 2 3 1002 9 4
D 1003 9 2 11 999 30 29
D 1005 3 2 7 34 5 8
D 1004 1 2 3 1005 9 33
D 989 5 3 2 990 1001 1003 1004 29
D 0 19 11 1 35 891 900 908 913 920 923 930 935 940 944 949 953 959 963 969 974 979 985 989 8
