c ids of sdd nodes start at 0
c sdd nodes appear bottom-up, children before parents
c
c file syntax:
c sdd count-of-sdd-nodes
c F id-of-false-sdd-node
c T id-of-true-sdd-node
c L id-of-literal-sdd-node id-of-vtree literal
c D id-of-decomposition-sdd-node id-of-vtree number-of-elements {id-of-prime id-of-sub}*
c
sdd 1009
L 3 0 -4
L 5 2 -2
L 6 4 -3
L 7 2 2
F 8
D 4 3 2 5 6 7 8
L 9 0 4
D 2 1 2 3 4 9 8
L 12 6 -6
L 13 8 -7
L 14 6 6
D 11 7 2 12 13 14 8
L 17 10 -5
L 18 12 1
L 19 10 5
D 16 11 2 17 18 19 8
L 21 14 -8
L 23 16 -9
L 24 18 -10
L 25 16 9
D 22 17 2 23 24 25 8
L 26 14 8
D 20 15 2 21 22 26 8
L 28 12 -1
T 29
D 27 11 2 17 28 19 29
D 15 13 2 16 20 27 8
L 31 8 7
D 30 7 2 12 31 14 29
D 10 9 2 11 15 30 8
L 34 4 3
D 33 3 2 5 34 7 29
D 32 1 2 3 33 9 29
D 1 5 2 2 10 32 8
L 38 20 -14
L 40 22 -12
L 41 24 -13
L 42 22 12
D 39 23 2 40 41 42 8
L 43 20 14
D 37 21 2 38 39 43 8
L 46 26 -16
L 47 28 -17
L 48 26 16
D 45 27 2 46 47 48 8
L 51 30 -15
L 52 32 11
L 53 30 15
D 50 31 2 51 52 53 8
L 55 34 -18
L 57 36 -19
L 58 38 -20
L 59 36 19
D 56 37 2 57 58 59 8
L 60 34 18
D 54 35 2 55 56 60 8
L 62 32 -11
D 61 31 2 51 62 53 29
D 49 33 2 50 54 61 8
L 64 28 17
D 63 27 2 46 64 48 29
D 44 29 2 45 49 63 8
L 67 24 13
D 66 23 2 40 67 42 29
D 65 21 2 38 66 43 29
D 36 25 2 37 44 65 8
L 71 40 -24
L 73 42 -22
L 74 44 -23
L 75 42 22
D 72 43 2 73 74 75 8
L 76 40 24
D 70 41 2 71 72 76 8
L 79 46 -26
L 80 48 -27
L 81 46 26
D 78 47 2 79 80 81 8
L 84 50 -25
L 85 52 21
L 86 50 25
D 83 51 2 84 85 86 8
L 88 54 -28
L 90 56 -29
L 91 58 -30
L 92 56 29
D 89 57 2 90 91 92 8
L 93 54 28
D 87 55 2 88 89 93 8
L 95 52 -21
D 94 51 2 84 95 86 29
D 82 53 2 83 87 94 8
L 97 48 27
D 96 47 2 79 97 81 29
D 77 49 2 78 82 96 8
L 100 44 23
D 99 43 2 73 100 75 29
D 98 41 2 71 99 76 29
D 69 45 2 70 77 98 8
L 104 60 -34
L 106 62 -32
L 107 64 -33
L 108 62 32
D 105 63 2 106 107 108 8
L 109 60 34
D 103 61 2 104 105 109 8
L 112 66 -36
L 113 68 -37
L 114 66 36
D 111 67 2 112 113 114 8
L 117 70 -35
L 118 72 31
L 119 70 35
D 116 71 2 117 118 119 8
L 121 74 -38
L 123 76 -39
L 124 78 -40
L 125 76 39
D 122 77 2 123 124 125 8
L 126 74 38
D 120 75 2 121 122 126 8
L 128 72 -31
D 127 71 2 117 128 119 29
D 115 73 2 116 120 127 8
L 130 68 37
D 129 67 2 112 130 114 29
D 110 69 2 111 115 129 8
L 133 64 33
D 132 63 2 106 133 108 29
D 131 61 2 104 132 109 29
D 102 65 2 103 110 131 8
L 137 80 42
L 139 82 -43
L 140 84 -44
L 141 82 43
D 138 83 2 139 140 141 8
L 142 80 -42
D 136 81 2 137 138 142 8
L 145 86 -46
L 146 88 -47
L 147 86 46
D 144 87 2 145 146 147 8
L 150 90 -45
L 151 92 -41
L 152 90 45
D 149 91 2 150 151 152 8
L 154 94 -48
L 156 96 -49
L 157 98 -50
L 158 96 49
D 155 97 2 156 157 158 8
L 159 94 48
D 153 95 2 154 155 159 8
L 161 92 41
D 160 91 2 150 161 152 29
D 148 93 2 149 153 160 8
L 163 88 47
D 162 87 2 145 163 147 29
D 143 89 2 144 148 162 8
L 166 84 44
D 165 83 2 139 166 141 29
D 164 81 2 137 165 142 29
D 135 85 2 136 143 164 8
L 170 100 -56
L 171 102 -57
L 172 100 56
D 169 101 2 170 171 172 8
L 174 104 -58
L 176 106 -59
L 177 108 60
L 178 106 59
D 175 107 2 176 177 178 8
L 179 104 58
D 173 105 2 174 175 179 8
L 181 102 57
D 180 101 2 170 181 172 29
D 168 103 2 169 173 180 8
L 185 110 -53
L 186 112 -54
L 187 110 53
D 184 111 2 185 186 187 8
L 189 114 -52
L 191 116 -55
L 192 118 -51
L 193 116 55
D 190 117 2 191 192 193 8
L 194 114 52
D 188 115 2 189 190 194 8
L 196 112 54
D 195 111 2 185 196 187 29
D 183 113 2 184 188 195 8
L 200 120 -76
L 201 122 -77
L 202 120 76
D 199 121 2 200 201 202 8
L 204 124 -78
L 206 126 -79
L 207 128 80
L 208 126 79
D 205 127 2 206 207 208 8
L 209 124 78
D 203 125 2 204 205 209 8
L 211 122 77
D 210 121 2 200 211 202 29
D 198 123 2 199 203 210 8
L 215 130 -73
L 216 132 -72
L 217 130 73
D 214 131 2 215 216 217 8
L 219 134 -71
L 221 136 -74
L 222 138 -75
L 223 136 74
D 220 137 2 221 222 223 8
L 224 134 71
D 218 135 2 219 220 224 8
L 226 132 72
D 225 131 2 215 226 217 29
D 213 133 2 214 218 225 8
L 229 140 -61
L 230 142 -62
L 231 140 61
D 228 141 2 229 230 231 8
L 234 144 -63
L 235 146 -64
L 236 144 63
D 233 145 2 234 235 236 8
L 238 148 -65
L 240 150 -66
L 242 152 -67
L 244 154 -68
L 246 156 -69
L 247 158 70
L 248 156 69
D 245 157 2 246 247 248 8
L 249 154 68
D 243 155 2 244 245 249 8
L 250 152 67
D 241 153 2 242 243 250 8
L 251 150 66
D 239 151 2 240 241 251 8
L 252 148 65
D 237 149 2 238 239 252 8
L 254 146 64
D 253 145 2 234 254 236 29
D 232 147 2 233 237 253 8
L 256 142 62
D 255 141 2 229 256 231 29
D 227 143 2 228 232 255 8
L 260 138 75
D 259 137 2 221 260 223 29
D 258 135 2 219 259 224 29
D 257 133 2 214 258 225 29
D 212 139 2 213 227 257 8
L 264 128 -80
D 263 127 2 206 264 208 29
D 262 125 2 204 263 209 29
D 261 123 2 199 262 210 29
D 197 129 2 198 212 261 8
L 268 118 51
D 267 117 2 191 268 193 29
D 266 115 2 189 267 194 29
D 265 113 2 184 266 195 29
D 182 119 2 183 197 265 8
L 272 108 -60
D 271 107 2 176 272 178 29
D 270 105 2 174 271 179 29
D 269 103 2 169 270 180 29
D 167 109 2 168 182 269 8
D 275 83 2 141 140 139 8
D 274 81 2 142 275 137 8
D 277 83 2 141 166 139 29
D 276 81 2 142 277 137 29
D 273 85 2 274 143 276 8
L 289 158 -70
D 288 157 2 248 289 246 8
D 287 155 2 244 288 249 8
D 286 153 2 242 287 250 8
D 285 151 2 240 286 251 8
D 284 149 2 238 285 252 8
D 283 147 2 233 284 253 8
D 282 143 2 228 283 255 8
D 281 139 2 213 282 257 8
D 292 127 2 208 264 206 8
D 291 125 2 204 292 209 8
D 290 123 2 199 291 210 8
D 295 127 2 206 264 208 207
D 294 125 2 204 295 209 29
D 293 123 2 199 294 210 29
D 280 129 3 198 281 290 212 293 8
D 279 119 2 183 280 265 8
D 298 107 2 178 272 176 8
D 297 105 2 174 298 179 8
D 296 103 2 169 297 180 8
D 301 107 2 176 272 178 177
D 300 105 2 174 301 179 29
D 299 103 2 169 300 180 29
D 278 109 3 168 279 296 182 299 8
D 304 83 2 139 166 141 8
D 303 81 2 142 304 137 8
D 306 83 2 139 140 141 29
D 305 81 2 142 306 137 29
D 302 85 2 303 143 305 8
D 317 157 2 246 289 248 8
D 316 155 2 249 317 244 8
D 315 153 2 242 316 250 8
D 314 151 2 240 315 251 8
D 313 149 2 238 314 252 8
D 312 147 2 233 313 253 8
D 311 143 2 228 312 255 8
D 310 139 2 213 311 257 8
D 320 127 2 206 264 208 8
D 319 125 2 209 320 204 8
D 318 123 2 199 319 210 8
D 323 127 2 206 207 208 29
D 322 125 2 204 295 209 323
D 321 123 2 199 322 210 29
D 309 129 4 198 310 290 281 318 212 321 8
D 308 119 2 183 309 265 8
D 326 107 2 176 272 178 8
D 325 105 2 179 326 174 8
D 324 103 2 169 325 180 8
D 329 107 2 176 177 178 29
D 328 105 2 174 301 179 329
D 327 103 2 169 328 180 29
D 307 109 4 168 308 296 279 324 182 327 8
D 331 81 2 142 138 137 8
D 334 91 2 152 151 150 8
D 335 91 2 152 161 150 29
D 333 93 2 334 153 335 8
D 332 89 2 144 333 162 8
D 336 81 2 142 165 137 29
D 330 85 2 331 332 336 8
D 346 155 2 244 317 249 8
D 345 153 2 250 346 242 8
D 344 151 2 240 345 251 8
D 343 149 2 238 344 252 8
D 342 147 2 233 343 253 8
D 341 143 2 228 342 255 8
D 340 139 2 213 341 257 8
D 348 121 2 200 211 202 8
D 349 125 2 204 320 209 8
D 350 121 2 200 201 202 29
D 347 123 2 348 349 350 8
D 352 125 2 204 323 209 29
D 351 123 3 199 322 348 352 202 29
D 339 129 5 198 340 290 310 318 281 347 212 351 8
D 338 119 2 183 339 265 8
D 354 101 2 170 181 172 8
D 355 105 2 174 326 179 8
D 356 101 2 170 171 172 29
D 353 103 2 354 355 356 8
D 358 105 2 174 329 179 29
D 357 103 3 169 328 354 358 172 29
D 337 109 5 168 338 296 308 324 279 353 182 357 8
D 361 87 2 147 146 145 8
D 362 87 2 147 163 145 29
D 360 89 2 361 148 362 8
D 359 85 2 331 360 336 8
D 371 153 2 242 346 250 8
D 370 151 2 251 371 240 8
D 369 149 2 238 370 252 8
D 368 147 2 233 369 253 8
D 367 143 2 228 368 255 8
D 366 139 2 213 367 257 8
D 373 121 2 202 201 200 8
D 374 121 2 202 211 200 29
D 372 123 2 373 349 374 8
D 376 121 2 202 201 200 211
D 377 121 2 202 211 200 8
D 375 123 3 199 322 376 352 377 29
D 365 129 6 198 366 290 340 318 310 347 281 372 212 375 8
D 364 119 2 183 365 265 8
D 379 101 2 172 171 170 8
D 380 101 2 172 181 170 29
D 378 103 2 379 355 380 8
D 382 101 2 172 171 170 181
D 383 101 2 172 181 170 8
D 381 103 3 169 328 382 358 383 29
D 363 109 6 168 364 296 338 324 308 353 279 378 182 381 8
D 386 87 2 145 163 147 8
D 387 87 2 145 146 147 29
D 385 89 2 386 148 387 8
D 384 85 2 331 385 336 8
D 389 103 2 169 355 180 8
D 393 117 2 193 192 191 8
D 392 115 2 189 393 194 8
D 391 113 2 184 392 195 8
D 396 117 2 193 268 191 29
D 395 115 2 189 396 194 29
D 394 113 2 184 395 195 29
D 390 119 2 391 197 394 8
D 403 151 2 240 371 251 8
D 402 149 2 252 403 238 8
D 401 147 2 233 402 253 8
D 400 143 2 228 401 255 8
D 399 139 2 213 400 257 8
D 404 123 2 199 349 210 8
D 408 137 2 221 260 223 8
D 407 135 2 219 408 224 8
D 406 133 2 214 407 225 8
D 411 137 2 221 222 223 29
D 410 135 2 219 411 224 29
D 409 133 2 214 410 225 29
D 405 139 2 406 227 409 8
D 414 127 2 208 207 206 8
D 413 125 2 204 414 209 323
D 412 123 3 199 413 376 352 377 29
D 398 129 7 198 399 404 405 290 366 318 340 347 310 372 281 412 8
D 397 119 2 183 398 265 8
D 417 107 2 178 177 176 8
D 416 105 2 174 417 179 329
D 415 103 3 169 416 382 358 383 29
D 388 109 7 389 390 168 397 296 364 324 338 353 308 378 279 415 8
D 421 95 2 159 155 154 8
D 420 93 2 149 421 160 8
D 419 89 2 144 420 162 8
D 418 85 2 331 419 336 8
D 425 111 2 185 196 187 8
D 426 111 2 185 186 187 29
D 424 113 2 425 188 426 8
D 427 113 3 184 395 425 266 187 29
D 423 119 3 391 280 424 197 427 8
D 433 145 2 234 254 236 8
D 434 149 2 238 403 252 8
D 435 145 2 234 235 236 29
D 432 147 2 433 434 435 8
D 431 143 2 228 432 255 8
D 430 139 2 213 431 257 8
D 439 137 2 223 222 221 8
D 438 135 2 219 439 224 8
D 437 133 2 214 438 225 8
D 442 137 2 221 222 223 260
D 441 135 2 219 442 224 29
D 440 133 2 214 441 225 29
D 436 139 3 437 227 406 282 440 8
D 429 129 7 198 430 404 436 290 399 318 366 347 340 372 310 412 8
D 428 119 2 183 429 265 8
D 422 109 7 389 423 168 428 296 397 324 364 353 338 378 308 415 8
D 447 97 2 158 157 156 8
D 446 95 2 154 447 159 8
D 445 93 2 149 446 160 8
D 444 89 2 144 445 162 8
D 443 85 2 331 444 336 8
D 451 111 2 187 186 185 8
D 452 111 2 187 196 185 29
D 450 113 2 451 188 452 8
D 454 111 2 187 186 185 196
D 455 111 2 187 196 185 8
D 453 113 3 184 395 454 266 455 29
D 449 119 4 424 280 391 309 450 197 453 8
D 461 145 2 236 235 234 8
D 462 145 2 236 254 234 29
D 460 147 2 461 434 462 8
D 459 143 2 228 460 255 8
D 458 139 2 213 459 257 8
D 465 131 2 217 216 215 8
D 466 131 2 217 226 215 29
D 464 133 2 465 218 466 8
D 467 133 3 214 441 465 258 226 29
D 463 139 4 464 227 437 282 406 311 467 8
D 457 129 7 198 458 404 463 290 430 318 399 347 366 372 340 412 8
D 456 119 2 183 457 265 8
D 448 109 7 389 449 168 456 296 428 324 397 353 364 378 338 415 8
L 473 98 50
D 472 97 2 156 473 158 8
D 471 95 2 154 472 159 8
D 470 93 2 149 471 160 8
D 469 89 2 144 470 162 8
D 468 85 2 331 469 336 8
D 477 115 2 194 190 189 8
D 476 113 2 184 477 195 8
D 479 115 2 189 396 194 267
D 478 113 3 184 479 454 266 455 29
D 475 119 5 391 339 450 280 424 309 476 197 478 8
D 484 131 2 215 226 217 8
D 485 131 2 215 216 217 29
D 483 133 2 484 218 485 8
D 487 131 2 217 216 215 226
D 488 131 2 217 226 215 8
D 486 133 3 214 441 487 258 488 29
D 482 139 5 483 227 464 282 437 311 406 341 486 8
D 491 141 2 229 256 231 8
D 492 147 2 233 434 253 8
D 493 141 2 229 230 231 29
D 490 143 2 491 492 493 8
D 489 139 2 213 490 257 8
D 481 129 7 404 482 290 458 198 489 318 430 347 399 372 366 412 8
D 480 119 2 183 481 265 8
D 474 109 7 389 475 168 480 296 456 324 428 353 397 378 364 415 8
D 498 97 2 156 473 158 29
D 497 95 2 154 498 159 29
D 500 97 2 156 157 158 473
D 499 95 2 159 498 154 500
D 496 93 3 334 497 149 499 161 29
D 501 87 2 147 146 145 163
D 502 93 2 149 497 160 29
D 503 87 2 147 163 145 8
D 495 89 3 144 496 501 502 503 29
D 505 83 2 141 140 139 166
D 504 81 2 142 505 137 138
D 506 89 2 144 502 162 29
D 508 83 2 141 166 139 8
D 507 81 2 142 508 137 165
D 494 85 3 331 495 504 506 507 29
D 134 99 10 135 167 273 278 302 307 330 337 359 363 384 388 418 422 443 448 468 474 494 8
D 511 63 2 108 107 106 8
D 510 61 2 104 511 109 8
D 514 71 2 117 128 119 8
D 515 71 2 117 118 119 29
D 513 73 2 514 120 515 8
D 512 69 2 111 513 129 8
D 517 63 2 108 133 106 29
D 516 61 2 104 517 109 29
D 509 65 2 510 512 516 8
D 522 91 2 150 161 152 8
D 523 91 2 150 151 152 29
D 521 93 2 522 153 523 8
D 520 89 2 144 521 162 8
D 519 85 2 331 520 336 8
D 528 117 2 191 268 193 8
D 527 115 2 189 528 194 8
D 526 113 2 184 527 195 8
D 531 117 2 191 192 193 268
D 530 115 2 189 531 194 267
D 529 113 3 184 530 454 266 455 29
D 525 119 6 391 365 424 339 476 280 450 309 526 197 529 8
D 536 135 2 224 220 219 8
D 535 133 2 214 536 225 8
D 538 135 2 219 442 224 259
D 537 133 3 214 538 487 258 488 29
D 534 139 6 535 227 483 282 464 311 406 367 437 341 537 8
D 541 141 2 231 230 229 8
D 542 141 2 231 256 229 29
D 540 143 2 541 492 542 8
D 539 139 2 213 540 257 8
D 533 129 7 404 534 318 458 290 489 347 430 198 539 372 399 412 8
D 532 119 2 183 533 265 8
D 524 109 7 389 525 168 532 296 480 324 456 353 428 378 397 415 8
D 546 91 2 152 151 150 161
D 547 91 2 152 161 150 8
D 545 93 3 546 497 149 499 547 29
D 544 89 3 501 502 144 545 503 29
D 543 85 3 504 506 331 544 507 29
D 518 99 11 519 167 135 278 273 307 302 337 330 363 359 388 384 422 418 448 443 474 468 524 543 8
D 550 63 2 106 133 108 8
D 549 61 2 104 550 109 8
D 552 63 2 106 107 108 29
D 551 61 2 104 552 109 29
D 548 65 2 549 512 551 8
D 555 119 6 391 398 424 365 450 339 526 280 476 309 529 8
D 558 139 6 535 282 483 311 406 400 437 367 464 341 537 8
D 560 125 2 209 323 204 207
D 559 123 3 199 560 376 352 377 29
D 557 129 6 404 558 347 458 318 489 372 430 290 539 559 8
D 556 119 2 183 557 265 8
D 554 109 7 389 555 296 532 168 556 324 480 353 456 378 428 415 8
D 553 99 11 519 278 135 307 273 337 302 363 330 388 359 422 384 448 418 474 443 524 468 554 543 8
D 562 61 2 109 105 104 8
D 563 61 2 109 132 104 29
D 561 65 2 562 512 563 8
D 566 119 6 424 398 391 429 450 365 476 339 526 309 529 8
D 569 139 6 535 311 406 431 437 400 464 367 483 341 537 8
D 570 123 3 376 352 199 323 377 29
D 568 129 5 404 569 372 458 347 489 318 539 570 8
D 567 119 2 183 568 265 8
D 565 109 7 389 566 324 532 296 556 168 567 353 480 378 456 415 8
D 564 99 11 519 307 135 337 273 363 302 388 330 422 359 448 384 474 418 524 443 554 468 565 543 8
D 574 71 2 119 128 117 8
D 575 71 2 119 118 117 29
D 573 73 2 574 120 575 8
D 572 69 2 111 573 129 8
D 571 65 2 103 572 131 8
D 578 119 6 450 398 424 429 391 457 476 365 526 339 529 8
D 581 139 6 406 459 437 431 464 400 483 367 535 341 537 8
D 583 121 2 202 201 200 29
D 582 123 2 583 352 377 29
D 580 129 4 372 489 404 581 347 539 582 8
D 579 119 2 183 580 265 8
D 577 109 7 389 578 353 532 324 556 296 567 168 579 378 480 415 8
D 576 99 11 519 337 135 363 273 388 302 422 330 448 359 474 384 524 418 554 443 565 468 577 543 8
D 586 67 2 114 113 112 8
D 587 67 2 114 130 112 29
D 585 69 2 586 513 587 8
D 584 65 2 103 585 131 8
D 590 119 6 476 398 450 429 424 457 391 481 526 365 529 8
D 593 139 6 437 459 464 431 483 400 535 367 406 490 537 8
D 594 123 2 201 352 211 29
D 592 129 3 372 539 404 593 594 8
D 591 119 2 183 592 265 8
D 589 109 7 389 590 378 532 353 556 324 567 296 579 168 591 415 8
D 588 99 11 519 363 135 388 273 422 302 448 330 474 359 524 384 554 418 565 443 577 468 589 543 8
D 597 67 2 112 130 114 8
D 598 67 2 112 113 114 29
D 596 69 2 597 513 598 8
D 595 65 2 103 596 131 8
D 601 119 6 526 398 476 429 450 457 424 481 391 533 529 8
D 604 139 6 464 459 483 431 535 400 437 490 406 540 537 8
D 605 123 2 199 352 210 29
D 603 129 2 404 604 605 8
D 602 119 2 183 603 265 8
D 600 109 7 378 556 389 601 353 567 324 579 296 591 168 602 415 8
D 599 99 11 519 388 135 422 273 448 302 474 330 524 359 554 384 565 418 577 443 589 468 600 543 8
D 609 75 2 126 122 121 8
D 608 73 2 514 609 515 8
D 607 69 2 111 608 129 8
D 606 65 2 103 607 131 8
D 612 119 6 526 429 476 457 450 481 424 533 391 557 529 8
D 618 137 2 223 260 221 29
D 617 135 2 219 618 224 259
D 616 133 3 214 617 487 258 488 29
D 615 139 5 483 459 535 431 464 490 437 540 616 8
D 614 129 2 404 615 605 8
D 613 119 2 183 614 265 8
D 611 109 7 378 567 389 612 353 579 324 591 296 602 168 613 415 8
D 610 99 11 519 422 135 448 273 474 302 524 330 554 359 565 384 577 418 589 443 600 468 611 543 8
D 623 77 2 125 124 123 8
D 622 75 2 121 623 126 8
D 621 73 2 514 622 515 8
D 620 69 2 111 621 129 8
D 619 65 2 103 620 131 8
D 626 119 6 526 457 476 481 450 533 424 557 391 568 529 8
D 631 135 2 224 259 219 29
D 630 133 3 487 258 214 631 488 29
D 629 139 4 535 459 483 490 464 540 630 8
D 628 129 2 404 629 605 8
D 627 119 2 183 628 265 8
D 625 109 7 378 579 389 626 353 591 324 602 296 613 168 627 415 8
D 624 99 11 519 448 135 474 273 524 302 554 330 565 359 577 384 589 418 600 443 611 468 625 543 8
L 637 78 40
D 636 77 2 123 637 125 8
D 635 75 2 121 636 126 8
D 634 73 2 514 635 515 8
D 633 69 2 111 634 129 8
D 632 65 2 103 633 131 8
D 640 119 6 526 481 476 533 450 557 424 568 391 580 529 8
D 644 133 3 484 258 214 631 217 29
D 643 139 3 535 490 483 540 644 8
D 642 129 2 404 643 605 8
D 641 119 2 183 642 265 8
D 639 109 7 378 591 389 640 353 602 324 613 296 627 168 641 415 8
D 638 99 11 519 474 135 524 273 554 302 565 330 577 359 589 384 600 418 611 443 625 468 639 543 8
D 647 63 2 108 107 106 133
D 646 61 2 104 647 109 105
D 651 77 2 123 637 125 29
D 650 75 2 121 651 126 29
D 649 73 2 514 650 515 29
D 648 69 2 111 649 129 29
D 653 67 2 114 113 112 130
D 655 71 2 119 128 117 118
D 657 77 2 123 124 125 637
D 656 75 2 126 651 121 657
D 658 71 2 119 118 117 8
D 654 73 3 655 650 514 656 658 29
D 659 67 2 114 130 112 8
D 652 69 3 653 649 111 654 659 29
D 661 63 2 108 133 106 8
D 660 61 2 104 661 109 132
D 645 65 3 646 648 103 652 660 29
D 101 79 11 102 134 509 518 548 553 561 564 571 576 584 588 595 599 606 610 619 624 632 638 645 8
D 664 43 2 75 74 73 8
D 663 41 2 71 664 76 8
D 667 51 2 84 95 86 8
D 668 51 2 84 85 86 29
D 666 53 2 667 87 668 8
D 665 49 2 78 666 96 8
D 670 43 2 75 100 73 29
D 669 41 2 71 670 76 29
D 662 45 2 663 665 669 8
D 674 119 6 526 533 476 557 450 568 424 580 391 592 529 8
D 678 133 2 214 631 225 29
D 677 139 2 535 540 678 8
D 676 129 2 404 677 605 8
D 675 119 2 183 676 265 8
D 673 109 7 378 602 389 674 353 613 324 627 296 641 168 675 415 8
D 672 99 11 519 524 135 554 273 565 302 577 330 589 359 600 384 611 418 625 443 639 468 673 543 8
D 671 79 11 102 518 509 553 548 564 561 576 571 588 584 599 595 610 606 624 619 638 632 672 645 8
D 681 43 2 73 100 75 8
D 680 41 2 71 681 76 8
D 683 43 2 73 74 75 29
D 682 41 2 71 683 76 29
D 679 45 2 680 665 682 8
D 687 119 6 526 557 476 568 450 580 424 592 391 603 529 8
D 689 105 2 179 329 174 177
D 688 103 3 169 689 382 358 383 29
D 686 109 6 378 613 389 687 353 627 324 641 296 675 688 8
D 685 99 11 519 554 135 565 273 577 302 589 330 600 359 611 384 625 418 639 443 673 468 686 543 8
D 684 79 11 102 553 509 564 548 576 561 588 571 599 584 610 595 624 606 638 619 672 632 685 645 8
D 691 41 2 76 72 71 8
D 692 41 2 76 99 71 29
D 690 45 2 691 665 692 8
D 696 119 6 526 568 476 580 450 592 424 603 391 614 529 8
D 697 103 3 382 358 169 329 383 29
D 695 109 5 378 627 389 696 353 641 324 675 697 8
D 694 99 11 519 565 135 577 273 589 302 600 330 611 359 625 384 639 418 673 443 686 468 695 543 8
D 693 79 11 102 564 509 576 548 588 561 599 571 610 584 624 595 638 606 672 619 685 632 694 645 8
D 701 51 2 86 95 84 8
D 702 51 2 86 85 84 29
D 700 53 2 701 87 702 8
D 699 49 2 78 700 96 8
D 698 45 2 70 699 98 8
D 706 119 6 526 580 476 592 450 603 424 614 391 628 529 8
D 708 101 2 172 171 170 29
D 707 103 2 708 358 383 29
D 705 109 4 378 641 389 706 353 675 707 8
D 704 99 11 519 577 135 589 273 600 302 611 330 625 359 639 384 673 418 686 443 695 468 705 543 8
D 703 79 11 102 576 509 588 548 599 561 610 571 624 584 638 595 672 606 685 619 694 632 704 645 8
D 711 47 2 81 80 79 8
D 712 47 2 81 97 79 29
D 710 49 2 711 666 712 8
D 709 45 2 70 710 98 8
D 716 119 6 526 592 476 603 450 614 424 628 391 642 529 8
D 717 103 2 171 358 181 29
D 715 109 3 378 675 389 716 717 8
D 714 99 11 519 589 135 600 273 611 302 625 330 639 359 673 384 686 418 695 443 705 468 715 543 8
D 713 79 11 102 588 509 599 548 610 561 624 571 638 584 672 595 685 606 694 619 704 632 714 645 8
D 720 47 2 79 97 81 8
D 721 47 2 79 80 81 29
D 719 49 2 720 666 721 8
D 718 45 2 70 719 98 8
D 725 119 6 526 603 476 614 450 628 424 642 391 676 529 8
D 726 103 2 169 358 180 29
D 724 109 2 389 725 726 8
D 723 99 11 519 600 135 611 273 625 302 639 330 673 359 686 384 695 418 705 443 715 468 724 543 8
D 722 79 11 102 599 509 610 548 624 561 638 571 672 584 685 595 694 606 704 619 714 632 723 645 8
D 730 55 2 93 89 88 8
D 729 53 2 667 730 668 8
D 728 49 2 78 729 96 8
D 727 45 2 70 728 98 8
D 737 117 2 191 192 193 29
D 736 115 2 194 267 189 737
D 735 113 3 184 736 454 266 455 29
D 734 119 5 526 614 476 628 450 642 424 676 735 8
D 733 109 2 389 734 726 8
D 732 99 11 519 611 135 625 273 639 302 673 330 686 359 695 384 705 418 715 443 724 468 733 543 8
D 731 79 11 102 610 509 624 548 638 561 672 571 685 584 694 595 704 606 714 619 723 632 732 645 8
D 742 57 2 92 91 90 8
D 741 55 2 88 742 93 8
D 740 53 2 667 741 668 8
D 739 49 2 78 740 96 8
D 738 45 2 70 739 98 8
D 747 113 3 184 736 451 266 196 29
D 746 119 4 526 628 476 642 450 676 747 8
D 745 109 2 389 746 726 8
D 744 99 11 519 625 135 639 273 673 302 686 330 695 359 705 384 715 418 724 443 733 468 745 543 8
D 743 79 11 102 624 509 638 548 672 561 685 571 694 584 704 595 714 606 723 619 732 632 744 645 8
L 753 58 30
D 752 57 2 90 753 92 8
D 751 55 2 88 752 93 8
D 750 53 2 667 751 668 8
D 749 49 2 78 750 96 8
D 748 45 2 70 749 98 8
D 758 113 2 184 736 195 29
D 757 119 3 526 642 476 676 758 8
D 756 109 2 389 757 726 8
D 755 99 11 519 639 135 673 273 686 302 695 330 705 359 715 384 724 418 733 443 745 468 756 543 8
D 754 79 11 102 638 509 672 548 685 561 694 571 704 584 714 595 723 606 732 619 744 632 755 645 8
D 761 43 2 75 74 73 100
D 760 41 2 71 761 76 72
D 765 57 2 90 753 92 29
D 764 55 2 88 765 93 29
D 763 53 2 667 764 668 29
D 762 49 2 78 763 96 29
D 767 47 2 81 80 79 97
D 769 51 2 86 95 84 85
D 771 57 2 90 91 92 753
D 770 55 2 93 765 88 771
D 772 51 2 86 85 84 8
D 768 53 3 769 764 667 770 772 29
D 773 47 2 81 97 79 8
D 766 49 3 767 763 78 768 773 29
D 775 43 2 75 100 73 8
D 774 41 2 71 775 76 99
D 759 45 3 760 762 70 766 774 29
D 68 59 11 69 101 662 671 679 684 690 693 698 703 709 713 718 722 727 731 738 743 748 754 759 8
D 778 23 2 42 41 40 8
D 777 21 2 38 778 43 8
D 781 31 2 51 62 53 8
D 782 31 2 51 52 53 29
D 780 33 2 781 54 782 8
D 779 29 2 45 780 63 8
D 784 23 2 42 67 40 29
D 783 21 2 38 784 43 29
D 776 25 2 777 779 783 8
D 791 115 2 189 737 194 29
D 790 113 2 184 791 195 29
D 789 119 2 526 676 790 8
D 788 109 2 389 789 726 8
D 787 99 11 519 673 135 686 273 695 302 705 330 715 359 724 384 733 418 745 443 756 468 788 543 8
D 786 79 11 102 672 509 685 548 694 561 704 571 714 584 723 595 732 606 744 619 755 632 787 645 8
D 785 59 11 69 671 662 684 679 693 690 703 698 713 709 722 718 731 727 743 738 754 748 786 759 8
D 794 23 2 40 67 42 8
D 793 21 2 38 794 43 8
D 796 23 2 40 41 42 29
D 795 21 2 38 796 43 29
D 792 25 2 793 779 795 8
D 804 97 2 158 473 156 29
D 803 95 2 154 804 159 498
D 802 93 3 149 803 546 497 547 29
D 801 89 3 144 802 501 502 503 29
D 800 85 3 331 801 504 506 507 29
D 799 99 10 519 686 135 695 273 705 302 715 330 724 359 733 384 745 418 756 443 788 800 8
D 798 79 11 102 685 509 694 548 704 561 714 571 723 584 732 595 744 606 755 619 787 632 799 645 8
D 797 59 11 69 684 662 693 679 703 690 713 698 722 709 731 718 743 727 754 738 786 748 798 759 8
D 806 21 2 43 39 38 8
D 807 21 2 43 66 38 29
D 805 25 2 806 779 807 8
D 814 95 2 159 498 154 29
D 813 93 3 149 814 546 497 547 29
D 812 89 3 144 813 501 502 503 29
D 811 85 3 331 812 504 506 507 29
D 810 99 9 519 695 135 705 273 715 302 724 330 733 359 745 384 756 418 788 811 8
D 809 79 11 102 694 509 704 548 714 561 723 571 732 584 744 595 755 606 787 619 799 632 810 645 8
D 808 59 11 69 693 662 703 679 713 690 722 698 731 709 743 718 754 727 786 738 798 748 809 759 8
D 818 31 2 53 62 51 8
D 819 31 2 53 52 51 29
D 817 33 2 818 54 819 8
D 816 29 2 45 817 63 8
D 815 25 2 37 816 65 8
D 826 91 2 150 151 152 161
D 825 93 2 546 497 826 29
D 824 89 3 144 825 501 502 503 29
D 823 85 3 331 824 504 506 507 29
D 822 99 8 519 705 135 715 273 724 302 733 330 745 359 756 384 788 823 8
D 821 79 11 102 704 509 714 548 723 561 732 571 744 584 755 595 787 606 799 619 810 632 822 645 8
D 820 59 11 69 703 662 713 679 722 690 731 698 743 709 754 718 786 727 798 738 809 748 821 759 8
D 829 27 2 48 47 46 8
D 830 27 2 48 64 46 29
D 828 29 2 829 780 830 8
D 827 25 2 37 828 65 8
D 835 89 3 144 825 361 502 163 29
D 834 85 3 331 835 504 506 507 29
D 833 99 7 519 715 135 724 273 733 302 745 330 756 359 788 834 8
D 832 79 11 102 714 509 723 548 732 561 744 571 755 584 787 595 799 606 810 619 822 632 833 645 8
D 831 59 11 69 713 662 722 679 731 690 743 698 754 709 786 718 798 727 809 738 821 748 832 759 8
D 838 27 2 46 64 48 8
D 839 27 2 46 47 48 29
D 837 29 2 838 780 839 8
D 836 25 2 37 837 65 8
D 844 89 2 144 825 162 29
D 843 85 3 331 844 504 506 507 29
D 842 99 6 519 724 135 733 273 745 302 756 330 788 843 8
D 841 79 11 102 723 509 732 548 744 561 755 571 787 584 799 595 810 606 822 619 833 632 842 645 8
D 840 59 11 69 722 662 731 679 743 690 754 698 786 709 798 718 809 727 821 738 832 748 841 759 8
D 848 35 2 60 56 55 8
D 847 33 2 781 848 782 8
D 846 29 2 45 847 63 8
D 845 25 2 37 846 65 8
D 854 93 2 522 497 523 29
D 853 89 2 144 854 162 29
D 852 85 3 331 853 504 506 507 29
D 851 99 5 519 733 135 745 273 756 302 788 852 8
D 850 79 11 102 732 509 744 548 755 561 787 571 799 584 810 595 822 606 833 619 842 632 851 645 8
D 849 59 11 69 731 662 743 679 754 690 786 698 798 709 809 718 821 727 832 738 841 748 850 759 8
D 859 37 2 59 58 57 8
D 858 35 2 55 859 60 8
D 857 33 2 781 858 782 8
D 856 29 2 45 857 63 8
D 855 25 2 37 856 65 8
D 864 81 2 142 275 137 138
D 865 81 2 137 165 142 166
D 863 85 3 331 853 864 506 865 29
D 862 99 4 519 745 135 756 273 788 863 8
D 861 79 11 102 744 509 755 548 787 561 799 571 810 584 822 595 833 606 842 619 851 632 862 645 8
D 860 59 11 69 743 662 754 679 786 690 798 698 809 709 821 718 832 727 841 738 850 748 861 759 8
L 871 38 20
D 870 37 2 57 871 59 8
D 869 35 2 55 870 60 8
D 868 33 2 781 869 782 8
D 867 29 2 45 868 63 8
D 866 25 2 37 867 65 8
D 875 85 3 331 853 136 506 165 29
D 874 99 3 519 756 135 788 875 8
D 873 79 11 102 755 509 787 548 799 561 810 571 822 584 833 595 842 606 851 619 862 632 874 645 8
D 872 59 11 69 754 662 786 679 798 690 809 698 821 709 832 718 841 727 850 738 861 748 873 759 8
D 878 23 2 42 41 40 67
D 877 21 2 38 878 43 39
D 882 37 2 57 871 59 29
D 881 35 2 55 882 60 29
D 880 33 2 781 881 782 29
D 879 29 2 45 880 63 29
D 884 27 2 48 47 46 64
D 886 31 2 53 62 51 52
D 888 37 2 57 58 59 871
D 887 35 2 60 882 55 888
D 889 31 2 53 52 51 8
D 885 33 3 886 881 781 887 889 29
D 890 27 2 48 64 46 8
D 883 29 3 884 880 45 885 890 29
D 892 23 2 42 67 40 8
D 891 21 2 38 892 43 66
D 876 25 3 877 879 37 883 891 29
D 35 39 11 36 68 776 785 792 797 805 808 815 820 827 831 836 840 845 849 855 860 866 872 876 8
D 895 3 2 7 6 5 8
D 894 1 2 3 895 9 8
D 898 11 2 17 28 19 8
D 899 11 2 17 18 19 29
D 897 13 2 898 20 899 8
D 896 9 2 11 897 30 8
D 901 3 2 7 34 5 29
D 900 1 2 3 901 9 29
D 893 5 2 894 896 900 8
D 906 85 2 331 853 336 29
D 905 99 2 519 788 906 8
D 904 79 11 102 787 509 799 548 810 561 822 571 833 584 842 595 851 606 862 619 874 632 905 645 8
D 903 59 11 69 786 662 798 679 809 690 821 698 832 709 841 718 850 727 861 738 873 748 904 759 8
D 902 39 11 36 785 776 797 792 808 805 820 815 831 827 840 836 849 845 860 855 872 866 903 876 8
D 909 3 2 5 34 7 8
D 908 1 2 3 909 9 8
D 911 3 2 5 6 7 29
D 910 1 2 3 911 9 29
D 907 5 2 908 896 910 8
D 919 77 2 125 637 123 29
D 918 75 2 121 919 126 651
D 917 73 3 514 918 655 650 658 29
D 916 69 3 111 917 653 649 659 29
D 915 65 3 103 916 646 648 660 29
D 914 79 10 102 799 509 810 548 822 561 833 571 842 584 851 595 862 606 874 619 905 915 8
D 913 59 11 69 798 662 809 679 821 690 832 698 841 709 850 718 861 727 873 738 904 748 914 759 8
D 912 39 11 36 797 776 808 792 820 805 831 815 840 827 849 836 860 845 872 855 903 866 913 876 8
D 921 1 2 9 4 3 8
D 922 1 2 9 33 3 29
D 920 5 2 921 896 922 8
D 929 75 2 126 651 121 29
D 928 73 3 514 929 655 650 658 29
D 927 69 3 111 928 653 649 659 29
D 926 65 3 103 927 646 648 660 29
D 925 79 9 102 810 509 822 548 833 561 842 571 851 584 862 595 874 606 905 926 8
D 924 59 11 69 809 662 821 679 832 690 841 698 850 709 861 718 873 727 904 738 914 748 925 759 8
D 923 39 11 36 808 776 820 792 831 805 840 815 849 827 860 836 872 845 903 855 913 866 924 876 8
D 933 11 2 19 28 17 8
D 934 11 2 19 18 17 29
D 932 13 2 933 20 934 8
D 931 9 2 11 932 30 8
D 930 5 2 2 931 32 8
D 941 71 2 117 128 119 118
D 940 73 2 655 650 941 29
D 939 69 3 111 940 653 649 659 29
D 938 65 3 103 939 646 648 660 29
D 937 79 8 102 822 509 833 548 842 561 851 571 862 584 874 595 905 938 8
D 936 59 11 69 821 662 832 679 841 690 850 698 861 709 873 718 904 727 914 738 925 748 937 759 8
D 935 39 11 36 820 776 831 792 840 805 849 815 860 827 872 836 903 845 913 855 924 866 936 876 8
D 944 7 2 14 13 12 8
D 945 7 2 14 31 12 29
D 943 9 2 944 897 945 8
D 942 5 2 2 943 32 8
D 950 69 3 111 940 586 649 130 29
D 949 65 3 103 950 646 648 660 29
D 948 79 7 102 833 509 842 548 851 561 862 571 874 584 905 949 8
D 947 59 11 69 832 662 841 679 850 690 861 698 873 709 904 718 914 727 925 738 937 748 948 759 8
D 946 39 11 36 831 776 840 792 849 805 860 815 872 827 903 836 913 845 924 855 936 866 947 876 8
D 953 7 2 12 31 14 8
D 954 7 2 12 13 14 29
D 952 9 2 953 897 954 8
D 951 5 2 2 952 32 8
D 959 69 2 111 940 129 29
D 958 65 3 103 959 646 648 660 29
D 957 79 6 102 842 509 851 548 862 561 874 571 905 958 8
D 956 59 11 69 841 662 850 679 861 690 873 698 904 709 914 718 925 727 937 738 948 748 957 759 8
D 955 39 11 36 840 776 849 792 860 805 872 815 903 827 913 836 924 845 936 855 947 866 956 876 8
D 963 15 2 26 22 21 8
D 962 13 2 898 963 899 8
D 961 9 2 11 962 30 8
D 960 5 2 2 961 32 8
D 969 73 2 116 650 127 29
D 968 69 2 111 969 129 29
D 967 65 3 103 968 646 648 660 29
D 966 79 5 102 851 509 862 548 874 561 905 967 8
D 965 59 11 69 850 662 861 679 873 690 904 698 914 709 925 718 937 727 948 738 957 748 966 759 8
D 964 39 11 36 849 776 860 792 872 805 903 815 913 827 924 836 936 845 947 855 956 866 965 876 8
D 974 17 2 25 24 23 8
D 973 15 2 21 974 26 8
D 972 13 2 898 973 899 8
D 971 9 2 11 972 30 8
D 970 5 2 2 971 32 8
D 979 61 2 104 647 109 8
D 980 61 2 104 661 109 29
D 978 65 3 103 968 979 648 980 29
D 977 79 4 102 862 509 874 548 905 978 8
D 976 59 11 69 861 662 873 679 904 690 914 698 925 709 937 718 948 727 957 738 966 748 977 759 8
D 975 39 11 36 860 776 872 792 903 805 913 815 924 827 936 836 947 845 956 855 965 866 976 876 8
L 986 18 10
D 985 17 2 23 986 25 8
D 984 15 2 21 985 26 8
D 983 13 2 898 984 899 8
D 982 9 2 11 983 30 8
D 981 5 2 2 982 32 8
D 991 61 2 104 133 109 29
D 990 65 3 103 968 510 648 991 29
D 989 79 3 102 874 509 905 990 8
D 988 59 11 69 873 662 904 679 914 690 925 698 937 709 948 718 957 727 966 738 977 748 989 759 8
D 987 39 11 36 872 776 903 792 913 805 924 815 936 827 947 836 956 845 965 855 976 866 988 876 8
D 996 17 2 23 24 25 986
D 997 17 2 23 986 25 29
D 995 15 2 21 996 26 997
D 998 11 2 19 28 17 18
D 999 15 2 21 997 26 29
D 1000 11 2 19 18 17 8
D 994 13 3 898 995 998 999 1000 29
D 1001 7 2 14 13 12 31
D 1002 13 2 898 999 899 29
D 1003 7 2 14 31 12 8
D 993 9 3 11 994 1001 1002 1003 29
D 1005 3 2 7 6 5 34
D 1004 1 2 3 1005 9 4
D 1006 9 2 11 1002 30 29
D 1008 3 2 7 34 5 8
D 1007 1 2 3 1008 9 33
D 992 5 3 2 993 1004 1006 1007 29
D 0 19 11 1 35 893 902 907 912 920 923 930 935 942 946 951 955 960 964 970 975 981 987 992 8
