c ids of sdd nodes start at 0
c sdd nodes appear bottom-up, children before parents
c
c file syntax:
c sdd count-of-sdd-nodes
c F id-of-false-sdd-node
c T id-of-true-sdd-node
c L id-of-literal-sdd-node id-of-vtree literal
c D id-of-decomposition-sdd-node id-of-vtree number-of-elements {id-of-prime id-of-sub}*
c
sdd 1011
L 3 0 -4
L 5 2 -2
L 6 4 -3
L 7 2 2
F 8
D 4 3 2 5 6 7 8
L 9 0 4
D 2 1 2 3 4 9 8
L 12 6 -6
L 13 8 -7
L 14 6 6
D 11 7 2 12 13 14 8
L 17 10 -5
L 18 12 1
L 19 10 5
D 16 11 2 17 18 19 8
L 21 14 -8
L 23 16 -9
L 24 18 -10
L 25 16 9
D 22 17 2 23 24 25 8
L 26 14 8
D 20 15 2 21 22 26 8
L 28 12 -1
T 29
D 27 11 2 17 28 19 29
D 15 13 2 16 20 27 8
L 31 8 7
D 30 7 2 12 31 14 29
D 10 9 2 11 15 30 8
L 34 4 3
D 33 3 2 5 34 7 29
D 32 1 2 3 33 9 29
D 1 5 2 2 10 32 8
L 38 20 -14
L 40 22 -12
L 41 24 -13
L 42 22 12
D 39 23 2 40 41 42 8
L 43 20 14
D 37 21 2 38 39 43 8
L 46 26 -16
L 47 28 -17
L 48 26 16
D 45 27 2 46 47 48 8
L 51 30 -15
L 52 32 11
L 53 30 15
D 50 31 2 51 52 53 8
L 55 34 -18
L 57 36 -19
L 58 38 -20
L 59 36 19
D 56 37 2 57 58 59 8
L 60 34 18
D 54 35 2 55 56 60 8
L 62 32 -11
D 61 31 2 51 62 53 29
D 49 33 2 50 54 61 8
L 64 28 17
D 63 27 2 46 64 48 29
D 44 29 2 45 49 63 8
L 67 24 13
D 66 23 2 40 67 42 29
D 65 21 2 38 66 43 29
D 36 25 2 37 44 65 8
L 71 40 -24
L 73 42 -22
L 74 44 -23
L 75 42 22
D 72 43 2 73 74 75 8
L 76 40 24
D 70 41 2 71 72 76 8
L 79 46 -26
L 80 48 -27
L 81 46 26
D 78 47 2 79 80 81 8
L 84 50 -25
L 85 52 21
L 86 50 25
D 83 51 2 84 85 86 8
L 88 54 -28
L 90 56 -29
L 91 58 -30
L 92 56 29
D 89 57 2 90 91 92 8
L 93 54 28
D 87 55 2 88 89 93 8
L 95 52 -21
D 94 51 2 84 95 86 29
D 82 53 2 83 87 94 8
L 97 48 27
D 96 47 2 79 97 81 29
D 77 49 2 78 82 96 8
L 100 44 23
D 99 43 2 73 100 75 29
D 98 41 2 71 99 76 29
D 69 45 2 70 77 98 8
L 104 60 -34
L 106 62 -32
L 107 64 -33
L 108 62 32
D 105 63 2 106 107 108 8
L 109 60 34
D 103 61 2 104 105 109 8
L 112 66 -36
L 113 68 -37
L 114 66 36
D 111 67 2 112 113 114 8
L 117 70 -35
L 118 72 31
L 119 70 35
D 116 71 2 117 118 119 8
L 121 74 -38
L 123 76 -39
L 124 78 -40
L 125 76 39
D 122 77 2 123 124 125 8
L 126 74 38
D 120 75 2 121 122 126 8
L 128 72 -31
D 127 71 2 117 128 119 29
D 115 73 2 116 120 127 8
L 130 68 37
D 129 67 2 112 130 114 29
D 110 69 2 111 115 129 8
L 133 64 33
D 132 63 2 106 133 108 29
D 131 61 2 104 132 109 29
D 102 65 2 103 110 131 8
L 137 80 -42
L 139 82 43
L 140 84 -44
L 141 82 -43
D 138 83 2 139 140 141 8
L 142 80 42
D 136 81 2 137 138 142 8
L 145 86 -46
L 146 88 -47
L 147 86 46
D 144 87 2 145 146 147 8
L 150 90 -45
L 151 92 -41
L 152 90 45
D 149 91 2 150 151 152 8
L 154 94 -48
L 156 96 -49
L 157 98 -50
L 158 96 49
D 155 97 2 156 157 158 8
L 159 94 48
D 153 95 2 154 155 159 8
L 161 92 41
D 160 91 2 150 161 152 29
D 148 93 2 149 153 160 8
L 163 88 47
D 162 87 2 145 163 147 29
D 143 89 2 144 148 162 8
L 166 84 44
D 165 83 2 139 166 141 29
D 164 81 2 137 165 142 29
D 135 85 2 136 143 164 8
L 170 100 -56
L 171 102 -57
L 172 100 56
D 169 101 2 170 171 172 8
L 174 104 -58
L 176 106 -59
L 177 108 60
L 178 106 59
D 175 107 2 176 177 178 8
L 179 104 58
D 173 105 2 174 175 179 8
L 181 102 57
D 180 101 2 170 181 172 29
D 168 103 2 169 173 180 8
L 185 110 -53
L 186 112 -54
L 187 110 53
D 184 111 2 185 186 187 8
L 189 114 -52
L 191 116 -55
L 192 118 -51
L 193 116 55
D 190 117 2 191 192 193 8
L 194 114 52
D 188 115 2 189 190 194 8
L 196 112 54
D 195 111 2 185 196 187 29
D 183 113 2 184 188 195 8
L 200 120 -76
L 201 122 -77
L 202 120 76
D 199 121 2 200 201 202 8
L 204 124 -78
L 206 126 -79
L 207 128 80
L 208 126 79
D 205 127 2 206 207 208 8
L 209 124 78
D 203 125 2 204 205 209 8
L 211 122 77
D 210 121 2 200 211 202 29
D 198 123 2 199 203 210 8
L 215 130 -73
L 216 132 -72
L 217 130 73
D 214 131 2 215 216 217 8
L 219 134 -71
L 221 136 -74
L 222 138 -75
L 223 136 74
D 220 137 2 221 222 223 8
L 224 134 71
D 218 135 2 219 220 224 8
L 226 132 72
D 225 131 2 215 226 217 29
D 213 133 2 214 218 225 8
L 229 140 -61
L 230 142 -62
L 231 140 61
D 228 141 2 229 230 231 8
L 234 144 -63
L 235 146 -64
L 236 144 63
D 233 145 2 234 235 236 8
L 238 148 -65
L 240 150 -66
L 242 152 -67
L 244 154 -68
L 246 156 -69
L 247 158 70
L 248 156 69
D 245 157 2 246 247 248 8
L 249 154 68
D 243 155 2 244 245 249 8
L 250 152 67
D 241 153 2 242 243 250 8
L 251 150 66
D 239 151 2 240 241 251 8
L 252 148 65
D 237 149 2 238 239 252 8
L 254 146 64
D 253 145 2 234 254 236 29
D 232 147 2 233 237 253 8
L 256 142 62
D 255 141 2 229 256 231 29
D 227 143 2 228 232 255 8
L 260 138 75
D 259 137 2 221 260 223 29
D 258 135 2 219 259 224 29
D 257 133 2 214 258 225 29
D 212 139 2 213 227 257 8
L 264 128 -80
D 263 127 2 206 264 208 29
D 262 125 2 204 263 209 29
D 261 123 2 199 262 210 29
D 197 129 2 198 212 261 8
L 268 118 51
D 267 117 2 191 268 193 29
D 266 115 2 189 267 194 29
D 265 113 2 184 266 195 29
D 182 119 2 183 197 265 8
L 272 108 -60
D 271 107 2 176 272 178 29
D 270 105 2 174 271 179 29
D 269 103 2 169 270 180 29
D 167 109 2 168 182 269 8
D 275 83 2 141 166 139 8
D 274 81 2 137 275 142 8
D 277 83 2 141 140 139 29
D 276 81 2 137 277 142 29
D 273 85 2 274 143 276 8
L 289 158 -70
D 288 157 2 248 289 246 8
D 287 155 2 244 288 249 8
D 286 153 2 242 287 250 8
D 285 151 2 240 286 251 8
D 284 149 2 238 285 252 8
D 283 147 2 233 284 253 8
D 282 143 2 228 283 255 8
D 281 139 2 213 282 257 8
D 292 127 2 208 264 206 8
D 291 125 2 204 292 209 8
D 290 123 2 199 291 210 8
D 295 127 2 206 264 208 207
D 294 125 2 204 295 209 29
D 293 123 2 199 294 210 29
D 280 129 3 198 281 290 212 293 8
D 279 119 2 183 280 265 8
D 298 107 2 178 272 176 8
D 297 105 2 174 298 179 8
D 296 103 2 169 297 180 8
D 301 107 2 176 272 178 177
D 300 105 2 174 301 179 29
D 299 103 2 169 300 180 29
D 278 109 3 168 279 296 182 299 8
D 304 83 2 141 140 139 8
D 303 81 2 137 304 142 8
D 307 91 2 152 151 150 8
D 308 91 2 152 161 150 29
D 306 93 2 307 153 308 8
D 305 89 2 144 306 162 8
D 310 83 2 141 166 139 29
D 309 81 2 137 310 142 29
D 302 85 2 303 305 309 8
D 321 157 2 246 289 248 8
D 320 155 2 249 321 244 8
D 319 153 2 242 320 250 8
D 318 151 2 240 319 251 8
D 317 149 2 238 318 252 8
D 316 147 2 233 317 253 8
D 315 143 2 228 316 255 8
D 314 139 2 213 315 257 8
D 324 127 2 206 264 208 8
D 323 125 2 209 324 204 8
D 322 123 2 199 323 210 8
D 327 127 2 206 207 208 29
D 326 125 2 204 295 209 327
D 325 123 2 199 326 210 29
D 313 129 4 198 314 290 281 322 212 325 8
D 312 119 2 183 313 265 8
D 330 107 2 176 272 178 8
D 329 105 2 179 330 174 8
D 328 103 2 169 329 180 8
D 333 107 2 176 177 178 29
D 332 105 2 174 301 179 333
D 331 103 2 169 332 180 29
D 311 109 4 168 312 296 279 328 182 331 8
D 336 87 2 147 146 145 8
D 337 87 2 147 163 145 29
D 335 89 2 336 148 337 8
D 334 85 2 303 335 309 8
D 347 155 2 244 321 249 8
D 346 153 2 250 347 242 8
D 345 151 2 240 346 251 8
D 344 149 2 238 345 252 8
D 343 147 2 233 344 253 8
D 342 143 2 228 343 255 8
D 341 139 2 213 342 257 8
D 349 121 2 200 211 202 8
D 350 125 2 204 324 209 8
D 351 121 2 200 201 202 29
D 348 123 2 349 350 351 8
D 353 125 2 204 327 209 29
D 352 123 3 199 326 349 353 202 29
D 340 129 5 198 341 290 314 322 281 348 212 352 8
D 339 119 2 183 340 265 8
D 355 101 2 170 181 172 8
D 356 105 2 174 330 179 8
D 357 101 2 170 171 172 29
D 354 103 2 355 356 357 8
D 359 105 2 174 333 179 29
D 358 103 3 169 332 355 359 172 29
D 338 109 5 168 339 296 312 328 279 354 182 358 8
D 362 87 2 145 163 147 8
D 363 87 2 145 146 147 29
D 361 89 2 362 148 363 8
D 360 85 2 303 361 309 8
D 372 153 2 242 347 250 8
D 371 151 2 251 372 240 8
D 370 149 2 238 371 252 8
D 369 147 2 233 370 253 8
D 368 143 2 228 369 255 8
D 367 139 2 213 368 257 8
D 374 121 2 202 201 200 8
D 375 121 2 202 211 200 29
D 373 123 2 374 350 375 8
D 377 121 2 202 201 200 211
D 378 121 2 202 211 200 8
D 376 123 3 199 326 377 353 378 29
D 366 129 6 198 367 290 341 322 314 348 281 373 212 376 8
D 365 119 2 183 366 265 8
D 380 101 2 172 171 170 8
D 381 101 2 172 181 170 29
D 379 103 2 380 356 381 8
D 383 101 2 172 171 170 181
D 384 101 2 172 181 170 8
D 382 103 3 169 332 383 359 384 29
D 364 109 6 168 365 296 339 328 312 354 279 379 182 382 8
D 388 95 2 159 155 154 8
D 387 93 2 149 388 160 8
D 386 89 2 144 387 162 8
D 385 85 2 303 386 309 8
D 390 103 2 169 356 180 8
D 394 117 2 193 192 191 8
D 393 115 2 189 394 194 8
D 392 113 2 184 393 195 8
D 397 117 2 193 268 191 29
D 396 115 2 189 397 194 29
D 395 113 2 184 396 195 29
D 391 119 2 392 197 395 8
D 404 151 2 240 372 251 8
D 403 149 2 252 404 238 8
D 402 147 2 233 403 253 8
D 401 143 2 228 402 255 8
D 400 139 2 213 401 257 8
D 405 123 2 199 350 210 8
D 409 137 2 221 260 223 8
D 408 135 2 219 409 224 8
D 407 133 2 214 408 225 8
D 412 137 2 221 222 223 29
D 411 135 2 219 412 224 29
D 410 133 2 214 411 225 29
D 406 139 2 407 227 410 8
D 415 127 2 208 207 206 8
D 414 125 2 204 415 209 327
D 413 123 3 199 414 377 353 378 29
D 399 129 7 198 400 405 406 290 367 322 341 348 314 373 281 413 8
D 398 119 2 183 399 265 8
D 418 107 2 178 177 176 8
D 417 105 2 174 418 179 333
D 416 103 3 169 417 383 359 384 29
D 389 109 7 390 391 168 398 296 365 328 339 354 312 379 279 416 8
D 423 97 2 158 157 156 8
D 422 95 2 154 423 159 8
D 421 93 2 149 422 160 8
D 420 89 2 144 421 162 8
D 419 85 2 303 420 309 8
D 427 111 2 185 196 187 8
D 428 111 2 185 186 187 29
D 426 113 2 427 188 428 8
D 429 113 3 184 396 427 266 187 29
D 425 119 3 392 280 426 197 429 8
D 435 145 2 234 254 236 8
D 436 149 2 238 404 252 8
D 437 145 2 234 235 236 29
D 434 147 2 435 436 437 8
D 433 143 2 228 434 255 8
D 432 139 2 213 433 257 8
D 441 137 2 223 222 221 8
D 440 135 2 219 441 224 8
D 439 133 2 214 440 225 8
D 444 137 2 221 222 223 260
D 443 135 2 219 444 224 29
D 442 133 2 214 443 225 29
D 438 139 3 439 227 407 282 442 8
D 431 129 7 198 432 405 438 290 400 322 367 348 341 373 314 413 8
D 430 119 2 183 431 265 8
D 424 109 7 390 425 168 430 296 398 328 365 354 339 379 312 416 8
L 450 98 50
D 449 97 2 156 450 158 8
D 448 95 2 154 449 159 8
D 447 93 2 149 448 160 8
D 446 89 2 144 447 162 8
D 445 85 2 303 446 309 8
D 454 111 2 187 186 185 8
D 455 111 2 187 196 185 29
D 453 113 2 454 188 455 8
D 457 111 2 187 186 185 196
D 458 111 2 187 196 185 8
D 456 113 3 184 396 457 266 458 29
D 452 119 4 426 280 392 313 453 197 456 8
D 464 145 2 236 235 234 8
D 465 145 2 236 254 234 29
D 463 147 2 464 436 465 8
D 462 143 2 228 463 255 8
D 461 139 2 213 462 257 8
D 468 131 2 217 216 215 8
D 469 131 2 217 226 215 29
D 467 133 2 468 218 469 8
D 470 133 3 214 443 468 258 226 29
D 466 139 4 467 227 439 282 407 315 470 8
D 460 129 7 198 461 405 466 290 432 322 400 348 367 373 341 413 8
D 459 119 2 183 460 265 8
D 451 109 7 390 452 168 459 296 430 328 398 354 365 379 339 416 8
D 475 97 2 156 450 158 29
D 474 95 2 154 475 159 29
D 477 97 2 156 157 158 450
D 476 95 2 159 475 154 477
D 473 93 3 307 474 149 476 161 29
D 478 87 2 147 146 145 163
D 479 93 2 149 474 160 29
D 480 87 2 147 163 145 8
D 472 89 3 144 473 478 479 480 29
D 482 83 2 139 140 141 166
D 481 81 2 137 482 142 8
D 483 89 2 144 479 162 29
D 485 83 2 139 166 141 8
D 484 81 2 137 485 142 29
D 471 85 3 303 472 481 483 484 29
D 134 99 9 135 167 273 278 302 311 334 338 360 364 385 389 419 424 445 451 471 8
D 488 63 2 108 107 106 8
D 487 61 2 104 488 109 8
D 491 71 2 117 128 119 8
D 492 71 2 117 118 119 29
D 490 73 2 491 120 492 8
D 489 69 2 111 490 129 8
D 494 63 2 108 133 106 29
D 493 61 2 104 494 109 29
D 486 65 2 487 489 493 8
D 497 81 2 142 304 137 8
D 498 81 2 142 310 137 29
D 496 85 2 497 143 498 8
D 502 115 2 194 190 189 8
D 501 113 2 184 502 195 8
D 504 115 2 189 397 194 267
D 503 113 3 184 504 457 266 458 29
D 500 119 5 392 340 453 280 426 313 501 197 503 8
D 509 131 2 215 226 217 8
D 510 131 2 215 216 217 29
D 508 133 2 509 218 510 8
D 512 131 2 217 216 215 226
D 513 131 2 217 226 215 8
D 511 133 3 214 443 512 258 513 29
D 507 139 5 508 227 467 282 439 315 407 342 511 8
D 516 141 2 229 256 231 8
D 517 147 2 233 436 253 8
D 518 141 2 229 230 231 29
D 515 143 2 516 517 518 8
D 514 139 2 213 515 257 8
D 506 129 7 405 507 290 461 198 514 322 432 348 400 373 367 413 8
D 505 119 2 183 506 265 8
D 499 109 7 390 500 168 505 296 459 328 430 354 398 379 365 416 8
D 520 81 2 137 482 142 304
D 521 81 2 137 485 142 310
D 519 85 3 303 472 520 483 521 29
D 495 99 10 496 167 135 278 273 311 302 338 334 364 360 389 385 424 419 451 445 499 519 8
D 524 63 2 106 133 108 8
D 523 61 2 104 524 109 8
D 526 63 2 106 107 108 29
D 525 61 2 104 526 109 29
D 522 65 2 523 489 525 8
D 531 91 2 150 161 152 8
D 532 91 2 150 151 152 29
D 530 93 2 531 153 532 8
D 529 89 2 144 530 162 8
D 528 85 2 303 529 309 8
D 537 117 2 191 268 193 8
D 536 115 2 189 537 194 8
D 535 113 2 184 536 195 8
D 540 117 2 191 192 193 268
D 539 115 2 189 540 194 267
D 538 113 3 184 539 457 266 458 29
D 534 119 6 392 366 426 340 501 280 453 313 535 197 538 8
D 545 135 2 224 220 219 8
D 544 133 2 214 545 225 8
D 547 135 2 219 444 224 259
D 546 133 3 214 547 512 258 513 29
D 543 139 6 544 227 508 282 467 315 407 368 439 342 546 8
D 550 141 2 231 230 229 8
D 551 141 2 231 256 229 29
D 549 143 2 550 517 551 8
D 548 139 2 213 549 257 8
D 542 129 7 405 543 322 461 290 514 348 432 198 548 373 400 413 8
D 541 119 2 183 542 265 8
D 533 109 7 390 534 168 541 296 505 328 459 354 430 379 398 416 8
D 555 91 2 152 151 150 161
D 556 91 2 152 161 150 8
D 554 93 3 555 474 149 476 556 29
D 553 89 3 478 479 144 554 480 29
D 552 85 3 520 483 303 553 521 29
D 527 99 11 528 167 496 278 135 311 273 338 302 364 334 389 360 424 385 451 419 499 445 533 552 8
D 558 61 2 109 105 104 8
D 559 61 2 109 132 104 29
D 557 65 2 558 489 559 8
D 562 119 6 392 399 426 366 453 340 535 280 501 313 538 8
D 565 139 6 544 282 508 315 407 401 439 368 467 342 546 8
D 567 125 2 209 327 204 207
D 566 123 3 199 567 377 353 378 29
D 564 129 6 405 565 348 461 322 514 373 432 290 548 566 8
D 563 119 2 183 564 265 8
D 561 109 7 390 562 296 541 168 563 328 505 354 459 379 430 416 8
D 560 99 11 528 278 496 311 135 338 273 364 302 389 334 424 360 451 385 499 419 533 445 561 552 8
D 571 71 2 119 128 117 8
D 572 71 2 119 118 117 29
D 570 73 2 571 120 572 8
D 569 69 2 111 570 129 8
D 568 65 2 103 569 131 8
D 575 119 6 426 399 392 431 453 366 501 340 535 313 538 8
D 578 139 6 544 315 407 433 439 401 467 368 508 342 546 8
D 579 123 3 377 353 199 327 378 29
D 577 129 5 405 578 373 461 348 514 322 548 579 8
D 576 119 2 183 577 265 8
D 574 109 7 390 575 328 541 296 563 168 576 354 505 379 459 416 8
D 573 99 11 528 311 496 338 135 364 273 389 302 424 334 451 360 499 385 533 419 561 445 574 552 8
D 582 67 2 114 113 112 8
D 583 67 2 114 130 112 29
D 581 69 2 582 490 583 8
D 580 65 2 103 581 131 8
D 586 119 6 453 399 426 431 392 460 501 366 535 340 538 8
D 589 139 6 407 462 439 433 467 401 508 368 544 342 546 8
D 591 121 2 202 201 200 29
D 590 123 2 591 353 378 29
D 588 129 4 373 514 405 589 348 548 590 8
D 587 119 2 183 588 265 8
D 585 109 7 390 586 354 541 328 563 296 576 168 587 379 505 416 8
D 584 99 11 528 338 496 364 135 389 273 424 302 451 334 499 360 533 385 561 419 574 445 585 552 8
D 594 67 2 112 130 114 8
D 595 67 2 112 113 114 29
D 593 69 2 594 490 595 8
D 592 65 2 103 593 131 8
D 598 119 6 501 399 453 431 426 460 392 506 535 366 538 8
D 601 139 6 439 462 467 433 508 401 544 368 407 515 546 8
D 602 123 2 201 353 211 29
D 600 129 3 373 548 405 601 602 8
D 599 119 2 183 600 265 8
D 597 109 7 390 598 379 541 354 563 328 576 296 587 168 599 416 8
D 596 99 11 528 364 496 389 135 424 273 451 302 499 334 533 360 561 385 574 419 585 445 597 552 8
D 606 75 2 126 122 121 8
D 605 73 2 491 606 492 8
D 604 69 2 111 605 129 8
D 603 65 2 103 604 131 8
D 609 119 6 535 399 501 431 453 460 426 506 392 542 538 8
D 612 139 6 467 462 508 433 544 401 439 515 407 549 546 8
D 613 123 2 199 353 210 29
D 611 129 2 405 612 613 8
D 610 119 2 183 611 265 8
D 608 109 7 379 563 390 609 354 576 328 587 296 599 168 610 416 8
D 607 99 11 528 389 496 424 135 451 273 499 302 533 334 561 360 574 385 585 419 597 445 608 552 8
D 618 77 2 125 124 123 8
D 617 75 2 121 618 126 8
D 616 73 2 491 617 492 8
D 615 69 2 111 616 129 8
D 614 65 2 103 615 131 8
D 621 119 6 535 431 501 460 453 506 426 542 392 564 538 8
D 627 137 2 223 260 221 29
D 626 135 2 219 627 224 259
D 625 133 3 214 626 512 258 513 29
D 624 139 5 508 462 544 433 467 515 439 549 625 8
D 623 129 2 405 624 613 8
D 622 119 2 183 623 265 8
D 620 109 7 379 576 390 621 354 587 328 599 296 610 168 622 416 8
D 619 99 11 528 424 496 451 135 499 273 533 302 561 334 574 360 585 385 597 419 608 445 620 552 8
L 633 78 40
D 632 77 2 123 633 125 8
D 631 75 2 121 632 126 8
D 630 73 2 491 631 492 8
D 629 69 2 111 630 129 8
D 628 65 2 103 629 131 8
D 636 119 6 535 460 501 506 453 542 426 564 392 577 538 8
D 641 135 2 224 259 219 29
D 640 133 3 512 258 214 641 513 29
D 639 139 4 544 462 508 515 467 549 640 8
D 638 129 2 405 639 613 8
D 637 119 2 183 638 265 8
D 635 109 7 379 587 390 636 354 599 328 610 296 622 168 637 416 8
D 634 99 11 528 451 496 499 135 533 273 561 302 574 334 585 360 597 385 608 419 620 445 635 552 8
D 644 63 2 108 107 106 133
D 643 61 2 104 644 109 105
D 648 77 2 123 633 125 29
D 647 75 2 121 648 126 29
D 646 73 2 491 647 492 29
D 645 69 2 111 646 129 29
D 650 67 2 114 113 112 130
D 652 71 2 119 128 117 118
D 654 77 2 123 124 125 633
D 653 75 2 126 648 121 654
D 655 71 2 119 118 117 8
D 651 73 3 652 647 491 653 655 29
D 656 67 2 114 130 112 8
D 649 69 3 650 646 111 651 656 29
D 658 63 2 108 133 106 8
D 657 61 2 104 658 109 132
D 642 65 3 643 645 103 649 657 29
D 101 79 11 102 134 486 495 522 527 557 560 568 573 580 584 592 596 603 607 614 619 628 634 642 8
D 661 43 2 75 74 73 8
D 660 41 2 71 661 76 8
D 664 51 2 84 95 86 8
D 665 51 2 84 85 86 29
D 663 53 2 664 87 665 8
D 662 49 2 78 663 96 8
D 667 43 2 75 100 73 29
D 666 41 2 71 667 76 29
D 659 45 2 660 662 666 8
D 671 119 6 535 506 501 542 453 564 426 577 392 588 538 8
D 675 133 3 509 258 214 641 217 29
D 674 139 3 544 515 508 549 675 8
D 673 129 2 405 674 613 8
D 672 119 2 183 673 265 8
D 670 109 7 379 599 390 671 354 610 328 622 296 637 168 672 416 8
D 669 99 11 528 499 496 533 135 561 273 574 302 585 334 597 360 608 385 620 419 635 445 670 552 8
D 668 79 11 102 495 486 527 522 560 557 573 568 584 580 596 592 607 603 619 614 634 628 669 642 8
D 678 43 2 73 100 75 8
D 677 41 2 71 678 76 8
D 680 43 2 73 74 75 29
D 679 41 2 71 680 76 29
D 676 45 2 677 662 679 8
D 684 119 6 535 542 501 564 453 577 426 588 392 600 538 8
D 688 133 2 214 641 225 29
D 687 139 2 544 549 688 8
D 686 129 2 405 687 613 8
D 685 119 2 183 686 265 8
D 683 109 7 379 610 390 684 354 622 328 637 296 672 168 685 416 8
D 682 99 11 528 533 496 561 135 574 273 585 302 597 334 608 360 620 385 635 419 670 445 683 552 8
D 681 79 11 102 527 486 560 522 573 557 584 568 596 580 607 592 619 603 634 614 669 628 682 642 8
D 690 41 2 76 72 71 8
D 691 41 2 76 99 71 29
D 689 45 2 690 662 691 8
D 695 119 6 535 564 501 577 453 588 426 600 392 611 538 8
D 697 105 2 179 333 174 177
D 696 103 3 169 697 383 359 384 29
D 694 109 6 379 622 390 695 354 637 328 672 296 685 696 8
D 693 99 11 528 561 496 574 135 585 273 597 302 608 334 620 360 635 385 670 419 683 445 694 552 8
D 692 79 11 102 560 486 573 522 584 557 596 568 607 580 619 592 634 603 669 614 682 628 693 642 8
D 701 51 2 86 95 84 8
D 702 51 2 86 85 84 29
D 700 53 2 701 87 702 8
D 699 49 2 78 700 96 8
D 698 45 2 70 699 98 8
D 706 119 6 535 577 501 588 453 600 426 611 392 623 538 8
D 707 103 3 383 359 169 333 384 29
D 705 109 5 379 637 390 706 354 672 328 685 707 8
D 704 99 11 528 574 496 585 135 597 273 608 302 620 334 635 360 670 385 683 419 694 445 705 552 8
D 703 79 11 102 573 486 584 522 596 557 607 568 619 580 634 592 669 603 682 614 693 628 704 642 8
D 710 47 2 81 80 79 8
D 711 47 2 81 97 79 29
D 709 49 2 710 663 711 8
D 708 45 2 70 709 98 8
D 715 119 6 535 588 501 600 453 611 426 623 392 638 538 8
D 717 101 2 172 171 170 29
D 716 103 2 717 359 384 29
D 714 109 4 379 672 390 715 354 685 716 8
D 713 99 11 528 585 496 597 135 608 273 620 302 635 334 670 360 683 385 694 419 705 445 714 552 8
D 712 79 11 102 584 486 596 522 607 557 619 568 634 580 669 592 682 603 693 614 704 628 713 642 8
D 720 47 2 79 97 81 8
D 721 47 2 79 80 81 29
D 719 49 2 720 663 721 8
D 718 45 2 70 719 98 8
D 725 119 6 535 600 501 611 453 623 426 638 392 673 538 8
D 726 103 2 171 359 181 29
D 724 109 3 379 685 390 725 726 8
D 723 99 11 528 597 496 608 135 620 273 635 302 670 334 683 360 694 385 705 419 714 445 724 552 8
D 722 79 11 102 596 486 607 522 619 557 634 568 669 580 682 592 693 603 704 614 713 628 723 642 8
D 730 55 2 93 89 88 8
D 729 53 2 664 730 665 8
D 728 49 2 78 729 96 8
D 727 45 2 70 728 98 8
D 734 119 6 535 611 501 623 453 638 426 673 392 686 538 8
D 735 103 2 169 359 180 29
D 733 109 2 390 734 735 8
D 732 99 11 528 608 496 620 135 635 273 670 302 683 334 694 360 705 385 714 419 724 445 733 552 8
D 731 79 11 102 607 486 619 522 634 557 669 568 682 580 693 592 704 603 713 614 723 628 732 642 8
D 740 57 2 92 91 90 8
D 739 55 2 88 740 93 8
D 738 53 2 664 739 665 8
D 737 49 2 78 738 96 8
D 736 45 2 70 737 98 8
D 747 117 2 191 192 193 29
D 746 115 2 194 267 189 747
D 745 113 3 184 746 457 266 458 29
D 744 119 5 535 623 501 638 453 673 426 686 745 8
D 743 109 2 390 744 735 8
D 742 99 11 528 620 496 635 135 670 273 683 302 694 334 705 360 714 385 724 419 733 445 743 552 8
D 741 79 11 102 619 486 634 522 669 557 682 568 693 580 704 592 713 603 723 614 732 628 742 642 8
L 753 58 30
D 752 57 2 90 753 92 8
D 751 55 2 88 752 93 8
D 750 53 2 664 751 665 8
D 749 49 2 78 750 96 8
D 748 45 2 70 749 98 8
D 758 113 3 184 746 454 266 196 29
D 757 119 4 535 638 501 673 453 686 758 8
D 756 109 2 390 757 735 8
D 755 99 11 528 635 496 670 135 683 273 694 302 705 334 714 360 724 385 733 419 743 445 756 552 8
D 754 79 11 102 634 486 669 522 682 557 693 568 704 580 713 592 723 603 732 614 742 628 755 642 8
D 761 43 2 75 74 73 100
D 760 41 2 71 761 76 72
D 765 57 2 90 753 92 29
D 764 55 2 88 765 93 29
D 763 53 2 664 764 665 29
D 762 49 2 78 763 96 29
D 767 47 2 81 80 79 97
D 769 51 2 86 95 84 85
D 771 57 2 90 91 92 753
D 770 55 2 93 765 88 771
D 772 51 2 86 85 84 8
D 768 53 3 769 764 664 770 772 29
D 773 47 2 81 97 79 8
D 766 49 3 767 763 78 768 773 29
D 775 43 2 75 100 73 8
D 774 41 2 71 775 76 99
D 759 45 3 760 762 70 766 774 29
D 68 59 11 69 101 659 668 676 681 689 692 698 703 708 712 718 722 727 731 736 741 748 754 759 8
D 778 23 2 42 41 40 8
D 777 21 2 38 778 43 8
D 781 31 2 51 62 53 8
D 782 31 2 51 52 53 29
D 780 33 2 781 54 782 8
D 779 29 2 45 780 63 8
D 784 23 2 42 67 40 29
D 783 21 2 38 784 43 29
D 776 25 2 777 779 783 8
D 790 113 2 184 746 195 29
D 789 119 3 535 673 501 686 790 8
D 788 109 2 390 789 735 8
D 787 99 11 528 670 496 683 135 694 273 705 302 714 334 724 360 733 385 743 419 756 445 788 552 8
D 786 79 11 102 669 486 682 522 693 557 704 568 713 580 723 592 732 603 742 614 755 628 787 642 8
D 785 59 11 69 668 659 681 676 692 689 703 698 712 708 722 718 731 727 741 736 754 748 786 759 8
D 793 23 2 40 67 42 8
D 792 21 2 38 793 43 8
D 795 23 2 40 41 42 29
D 794 21 2 38 795 43 29
D 791 25 2 792 779 794 8
D 802 115 2 189 747 194 29
D 801 113 2 184 802 195 29
D 800 119 2 535 686 801 8
D 799 109 2 390 800 735 8
D 798 99 11 528 683 496 694 135 705 273 714 302 724 334 733 360 743 385 756 419 788 445 799 552 8
D 797 79 11 102 682 486 693 522 704 557 713 568 723 580 732 592 742 603 755 614 787 628 798 642 8
D 796 59 11 69 681 659 692 676 703 689 712 698 722 708 731 718 741 727 754 736 786 748 797 759 8
D 804 21 2 43 39 38 8
D 805 21 2 43 66 38 29
D 803 25 2 804 779 805 8
D 813 97 2 158 450 156 29
D 812 95 2 154 813 159 475
D 811 93 3 149 812 555 474 556 29
D 810 89 3 144 811 478 479 480 29
D 809 85 3 303 810 520 483 521 29
D 808 99 10 528 694 496 705 135 714 273 724 302 733 334 743 360 756 385 788 419 799 809 8
D 807 79 11 102 693 486 704 522 713 557 723 568 732 580 742 592 755 603 787 614 798 628 808 642 8
D 806 59 11 69 692 659 703 676 712 689 722 698 731 708 741 718 754 727 786 736 797 748 807 759 8
D 817 31 2 53 62 51 8
D 818 31 2 53 52 51 29
D 816 33 2 817 54 818 8
D 815 29 2 45 816 63 8
D 814 25 2 37 815 65 8
D 825 95 2 159 475 154 29
D 824 93 3 149 825 555 474 556 29
D 823 89 3 144 824 478 479 480 29
D 822 85 3 303 823 520 483 521 29
D 821 99 9 528 705 496 714 135 724 273 733 302 743 334 756 360 788 385 799 822 8
D 820 79 11 102 704 486 713 522 723 557 732 568 742 580 755 592 787 603 798 614 808 628 821 642 8
D 819 59 11 69 703 659 712 676 722 689 731 698 741 708 754 718 786 727 797 736 807 748 820 759 8
D 828 27 2 48 47 46 8
D 829 27 2 48 64 46 29
D 827 29 2 828 780 829 8
D 826 25 2 37 827 65 8
D 836 91 2 150 151 152 161
D 835 93 2 555 474 836 29
D 834 89 3 144 835 478 479 480 29
D 833 85 3 303 834 520 483 521 29
D 832 99 8 528 714 496 724 135 733 273 743 302 756 334 788 360 799 833 8
D 831 79 11 102 713 486 723 522 732 557 742 568 755 580 787 592 798 603 808 614 821 628 832 642 8
D 830 59 11 69 712 659 722 676 731 689 741 698 754 708 786 718 797 727 807 736 820 748 831 759 8
D 839 27 2 46 64 48 8
D 840 27 2 46 47 48 29
D 838 29 2 839 780 840 8
D 837 25 2 37 838 65 8
D 845 89 3 144 835 336 479 163 29
D 844 85 3 303 845 520 483 521 29
D 843 99 7 528 724 496 733 135 743 273 756 302 788 334 799 844 8
D 842 79 11 102 723 486 732 522 742 557 755 568 787 580 798 592 808 603 821 614 832 628 843 642 8
D 841 59 11 69 722 659 731 676 741 689 754 698 786 708 797 718 807 727 820 736 831 748 842 759 8
D 849 35 2 60 56 55 8
D 848 33 2 781 849 782 8
D 847 29 2 45 848 63 8
D 846 25 2 37 847 65 8
D 854 89 2 144 835 162 29
D 853 85 3 303 854 520 483 521 29
D 852 99 6 528 733 496 743 135 756 273 788 302 799 853 8
D 851 79 11 102 732 486 742 522 755 557 787 568 798 580 808 592 821 603 832 614 843 628 852 642 8
D 850 59 11 69 731 659 741 676 754 689 786 698 797 708 807 718 820 727 831 736 842 748 851 759 8
D 859 37 2 59 58 57 8
D 858 35 2 55 859 60 8
D 857 33 2 781 858 782 8
D 856 29 2 45 857 63 8
D 855 25 2 37 856 65 8
D 865 93 2 531 474 532 29
D 864 89 2 144 865 162 29
D 863 85 3 303 864 520 483 521 29
D 862 99 5 528 743 496 756 135 788 273 799 863 8
D 861 79 11 102 742 486 755 522 787 557 798 568 808 580 821 592 832 603 843 614 852 628 862 642 8
D 860 59 11 69 741 659 754 676 786 689 797 698 807 708 820 718 831 727 842 736 851 748 861 759 8
L 871 38 20
D 870 37 2 57 871 59 8
D 869 35 2 55 870 60 8
D 868 33 2 781 869 782 8
D 867 29 2 45 868 63 8
D 866 25 2 37 867 65 8
D 876 81 2 137 138 142 304
D 877 81 2 142 310 137 166
D 875 85 3 303 864 876 483 877 29
D 874 99 4 528 756 496 788 135 799 875 8
D 873 79 11 102 755 486 787 522 798 557 808 568 821 580 832 592 843 603 852 614 862 628 874 642 8
D 872 59 11 69 754 659 786 676 797 689 807 698 820 708 831 718 842 727 851 736 861 748 873 759 8
D 880 23 2 42 41 40 67
D 879 21 2 38 880 43 39
D 884 37 2 57 871 59 29
D 883 35 2 55 884 60 29
D 882 33 2 781 883 782 29
D 881 29 2 45 882 63 29
D 886 27 2 48 47 46 64
D 888 31 2 53 62 51 52
D 890 37 2 57 58 59 871
D 889 35 2 60 884 55 890
D 891 31 2 53 52 51 8
D 887 33 3 888 883 781 889 891 29
D 892 27 2 48 64 46 8
D 885 29 3 886 882 45 887 892 29
D 894 23 2 42 67 40 8
D 893 21 2 38 894 43 66
D 878 25 3 879 881 37 885 893 29
D 35 39 11 36 68 776 785 791 796 803 806 814 819 826 830 837 841 846 850 855 860 866 872 878 8
D 897 3 2 7 6 5 8
D 896 1 2 3 897 9 8
D 900 11 2 17 28 19 8
D 901 11 2 17 18 19 29
D 899 13 2 900 20 901 8
D 898 9 2 11 899 30 8
D 903 3 2 7 34 5 29
D 902 1 2 3 903 9 29
D 895 5 2 896 898 902 8
D 908 85 3 303 864 497 483 310 29
D 907 99 3 528 788 496 799 908 8
D 906 79 11 102 787 486 798 522 808 557 821 568 832 580 843 592 852 603 862 614 874 628 907 642 8
D 905 59 11 69 786 659 797 676 807 689 820 698 831 708 842 718 851 727 861 736 873 748 906 759 8
D 904 39 11 36 785 776 796 791 806 803 819 814 830 826 841 837 850 846 860 855 872 866 905 878 8
D 911 3 2 5 34 7 8
D 910 1 2 3 911 9 8
D 913 3 2 5 6 7 29
D 912 1 2 3 913 9 29
D 909 5 2 910 898 912 8
D 918 85 2 303 864 309 29
D 917 99 2 528 799 918 8
D 916 79 11 102 798 486 808 522 821 557 832 568 843 580 852 592 862 603 874 614 907 628 917 642 8
D 915 59 11 69 797 659 807 676 820 689 831 698 842 708 851 718 861 727 873 736 906 748 916 759 8
D 914 39 11 36 796 776 806 791 819 803 830 814 841 826 850 837 860 846 872 855 905 866 915 878 8
D 920 1 2 9 4 3 8
D 921 1 2 9 33 3 29
D 919 5 2 920 898 921 8
D 929 77 2 125 633 123 29
D 928 75 2 121 929 126 648
D 927 73 3 491 928 652 647 655 29
D 926 69 3 111 927 650 646 656 29
D 925 65 3 103 926 643 645 657 29
D 924 79 10 102 808 486 821 522 832 557 843 568 852 580 862 592 874 603 907 614 917 925 8
D 923 59 11 69 807 659 820 676 831 689 842 698 851 708 861 718 873 727 906 736 916 748 924 759 8
D 922 39 11 36 806 776 819 791 830 803 841 814 850 826 860 837 872 846 905 855 915 866 923 878 8
D 933 11 2 19 28 17 8
D 934 11 2 19 18 17 29
D 932 13 2 933 20 934 8
D 931 9 2 11 932 30 8
D 930 5 2 2 931 32 8
D 941 75 2 126 648 121 29
D 940 73 3 491 941 652 647 655 29
D 939 69 3 111 940 650 646 656 29
D 938 65 3 103 939 643 645 657 29
D 937 79 9 102 821 486 832 522 843 557 852 568 862 580 874 592 907 603 917 938 8
D 936 59 11 69 820 659 831 676 842 689 851 698 861 708 873 718 906 727 916 736 924 748 937 759 8
D 935 39 11 36 819 776 830 791 841 803 850 814 860 826 872 837 905 846 915 855 923 866 936 878 8
D 944 7 2 14 13 12 8
D 945 7 2 14 31 12 29
D 943 9 2 944 899 945 8
D 942 5 2 2 943 32 8
D 952 71 2 117 128 119 118
D 951 73 2 652 647 952 29
D 950 69 3 111 951 650 646 656 29
D 949 65 3 103 950 643 645 657 29
D 948 79 8 102 832 486 843 522 852 557 862 568 874 580 907 592 917 949 8
D 947 59 11 69 831 659 842 676 851 689 861 698 873 708 906 718 916 727 924 736 937 748 948 759 8
D 946 39 11 36 830 776 841 791 850 803 860 814 872 826 905 837 915 846 923 855 936 866 947 878 8
D 955 7 2 12 31 14 8
D 956 7 2 12 13 14 29
D 954 9 2 955 899 956 8
D 953 5 2 2 954 32 8
D 961 69 3 111 951 582 646 130 29
D 960 65 3 103 961 643 645 657 29
D 959 79 7 102 843 486 852 522 862 557 874 568 907 580 917 960 8
D 958 59 11 69 842 659 851 676 861 689 873 698 906 708 916 718 924 727 937 736 948 748 959 759 8
D 957 39 11 36 841 776 850 791 860 803 872 814 905 826 915 837 923 846 936 855 947 866 958 878 8
D 965 15 2 26 22 21 8
D 964 13 2 900 965 901 8
D 963 9 2 11 964 30 8
D 962 5 2 2 963 32 8
D 970 69 2 111 951 129 29
D 969 65 3 103 970 643 645 657 29
D 968 79 6 102 852 486 862 522 874 557 907 568 917 969 8
D 967 59 11 69 851 659 861 676 873 689 906 698 916 708 924 718 937 727 948 736 959 748 968 759 8
D 966 39 11 36 850 776 860 791 872 803 905 814 915 826 923 837 936 846 947 855 958 866 967 878 8
D 975 17 2 25 24 23 8
D 974 15 2 21 975 26 8
D 973 13 2 900 974 901 8
D 972 9 2 11 973 30 8
D 971 5 2 2 972 32 8
D 981 73 2 116 647 127 29
D 980 69 2 111 981 129 29
D 979 65 3 103 980 643 645 657 29
D 978 79 5 102 862 486 874 522 907 557 917 979 8
D 977 59 11 69 861 659 873 676 906 689 916 698 924 708 937 718 948 727 959 736 968 748 978 759 8
D 976 39 11 36 860 776 872 791 905 803 915 814 923 826 936 837 947 846 958 855 967 866 977 878 8
L 987 18 10
D 986 17 2 23 987 25 8
D 985 15 2 21 986 26 8
D 984 13 2 900 985 901 8
D 983 9 2 11 984 30 8
D 982 5 2 2 983 32 8
D 992 61 2 104 644 109 8
D 993 61 2 104 658 109 29
D 991 65 3 103 980 992 645 993 29
D 990 79 4 102 874 486 907 522 917 991 8
D 989 59 11 69 873 659 906 676 916 689 924 698 937 708 948 718 959 727 968 736 978 748 990 759 8
D 988 39 11 36 872 776 905 791 915 803 923 814 936 826 947 837 958 846 967 855 977 866 989 878 8
D 998 17 2 23 24 25 987
D 999 17 2 23 987 25 29
D 997 15 2 21 998 26 999
D 1000 11 2 19 28 17 18
D 1001 15 2 21 999 26 29
D 1002 11 2 19 18 17 8
D 996 13 3 900 997 1000 1001 1002 29
D 1003 7 2 14 13 12 31
D 1004 13 2 900 1001 901 29
D 1005 7 2 14 31 12 8
D 995 9 3 11 996 1003 1004 1005 29
D 1007 3 2 7 6 5 34
D 1006 1 2 3 1007 9 4
D 1008 9 2 11 1004 30 29
D 1010 3 2 7 34 5 8
D 1009 1 2 3 1010 9 33
D 994 5 3 2 995 1006 1008 1009 29
D 0 19 11 1 35 895 904 909 914 919 922 930 935 942 946 953 957 962 966 971 976 982 988 994 8
