c ids of sdd nodes start at 0
c sdd nodes appear bottom-up, children before parents
c
c file syntax:
c sdd count-of-sdd-nodes
c F id-of-false-sdd-node
c T id-of-true-sdd-node
c L id-of-literal-sdd-node id-of-vtree literal
c D id-of-decomposition-sdd-node id-of-vtree number-of-elements {id-of-prime id-of-sub}*
c
sdd 514
L 3 0 -4
L 5 2 -2
L 6 4 -3
L 7 2 2
F 8
D 4 3 2 5 6 7 8
L 9 0 4
D 2 1 2 3 4 9 8
L 12 6 -6
L 13 8 -7
L 14 6 6
D 11 7 2 12 13 14 8
L 17 10 -5
L 18 12 1
L 19 10 5
D 16 11 2 17 18 19 8
L 21 14 -8
L 23 16 -9
L 24 18 -10
L 25 16 9
D 22 17 2 23 24 25 8
L 26 14 8
D 20 15 2 21 22 26 8
L 28 12 -1
T 29
D 27 11 2 17 28 19 29
D 15 13 2 16 20 27 8
L 31 8 7
D 30 7 2 12 31 14 29
D 10 9 2 11 15 30 8
L 34 4 3
D 33 3 2 5 34 7 29
D 32 1 2 3 33 9 29
D 1 5 2 2 10 32 8
L 38 20 -14
L 40 22 -12
L 41 24 -13
L 42 22 12
D 39 23 2 40 41 42 8
L 43 20 14
D 37 21 2 38 39 43 8
L 46 26 -16
L 47 28 -17
L 48 26 16
D 45 27 2 46 47 48 8
L 51 30 -15
L 52 32 11
L 53 30 15
D 50 31 2 51 52 53 8
L 55 34 -18
L 57 36 -19
L 58 38 -20
L 59 36 19
D 56 37 2 57 58 59 8
L 60 34 18
D 54 35 2 55 56 60 8
L 62 32 -11
D 61 31 2 51 62 53 29
D 49 33 2 50 54 61 8
L 64 28 17
D 63 27 2 46 64 48 29
D 44 29 2 45 49 63 8
L 67 24 13
D 66 23 2 40 67 42 29
D 65 21 2 38 66 43 29
D 36 25 2 37 44 65 8
L 71 40 -24
L 73 42 -22
L 74 44 -23
L 75 42 22
D 72 43 2 73 74 75 8
L 76 40 24
D 70 41 2 71 72 76 8
L 79 46 -26
L 80 48 -27
L 81 46 26
D 78 47 2 79 80 81 8
L 84 50 -25
L 85 52 21
L 86 50 25
D 83 51 2 84 85 86 8
L 88 54 -28
L 90 56 -29
L 91 58 -30
L 92 56 29
D 89 57 2 90 91 92 8
L 93 54 28
D 87 55 2 88 89 93 8
L 95 52 -21
D 94 51 2 84 95 86 29
D 82 53 2 83 87 94 8
L 97 48 27
D 96 47 2 79 97 81 29
D 77 49 2 78 82 96 8
L 100 44 23
D 99 43 2 73 100 75 29
D 98 41 2 71 99 76 29
D 69 45 2 70 77 98 8
L 104 60 -34
L 106 62 -32
L 107 64 -33
L 108 62 32
D 105 63 2 106 107 108 8
L 109 60 34
D 103 61 2 104 105 109 8
L 112 66 -36
L 113 68 -37
L 114 66 36
D 111 67 2 112 113 114 8
L 117 70 -35
L 118 72 31
L 119 70 35
D 116 71 2 117 118 119 8
L 121 74 -38
L 123 76 -39
L 124 78 -40
L 125 76 39
D 122 77 2 123 124 125 8
L 126 74 38
D 120 75 2 121 122 126 8
L 128 72 -31
D 127 71 2 117 128 119 29
D 115 73 2 116 120 127 8
L 130 68 37
D 129 67 2 112 130 114 29
D 110 69 2 111 115 129 8
L 133 64 33
D 132 63 2 106 133 108 29
D 131 61 2 104 132 109 29
D 102 65 2 103 110 131 8
L 137 80 -42
L 139 82 -43
L 140 84 -44
L 141 82 43
D 138 83 2 139 140 141 8
L 142 80 42
D 136 81 2 137 138 142 8
L 145 86 -46
L 146 88 -47
L 147 86 46
D 144 87 2 145 146 147 8
L 150 90 -45
L 151 92 41
L 152 90 45
D 149 91 2 150 151 152 8
L 154 94 -48
L 156 96 -49
L 157 98 -50
L 158 96 49
D 155 97 2 156 157 158 8
L 159 94 48
D 153 95 2 154 155 159 8
L 161 92 -41
D 160 91 2 150 161 152 29
D 148 93 2 149 153 160 8
L 163 88 47
D 162 87 2 145 163 147 29
D 143 89 2 144 148 162 8
L 166 84 44
D 165 83 2 139 166 141 29
D 164 81 2 137 165 142 29
D 135 85 2 136 143 164 8
L 170 100 -56
L 171 102 -57
L 172 100 56
D 169 101 2 170 171 172 8
L 174 104 -58
L 176 106 -59
L 177 108 -60
L 178 106 59
D 175 107 2 176 177 178 8
L 179 104 58
D 173 105 2 174 175 179 8
L 181 102 57
D 180 101 2 170 181 172 29
D 168 103 2 169 173 180 8
L 185 110 -53
L 186 112 -54
L 187 110 53
D 184 111 2 185 186 187 8
L 189 114 -52
L 191 116 -55
L 192 118 51
L 193 116 55
D 190 117 2 191 192 193 8
L 194 114 52
D 188 115 2 189 190 194 8
L 196 112 54
D 195 111 2 185 196 187 29
D 183 113 2 184 188 195 8
L 200 120 -76
L 201 122 -77
L 202 120 76
D 199 121 2 200 201 202 8
L 204 124 -78
L 206 126 -79
L 207 128 -80
L 208 126 79
D 205 127 2 206 207 208 8
L 209 124 78
D 203 125 2 204 205 209 8
L 211 122 77
D 210 121 2 200 211 202 29
D 198 123 2 199 203 210 8
L 215 130 -73
L 216 132 72
L 217 130 73
D 214 131 2 215 216 217 8
L 219 134 -71
L 221 136 -74
L 222 138 -75
L 223 136 74
D 220 137 2 221 222 223 8
L 224 134 71
D 218 135 2 219 220 224 8
L 226 132 -72
D 225 131 2 215 226 217 29
D 213 133 2 214 218 225 8
L 229 140 -61
L 230 142 -62
L 231 140 61
D 228 141 2 229 230 231 8
L 234 144 63
L 235 146 -64
L 236 144 -63
D 233 145 2 234 235 236 8
L 238 148 -65
L 240 150 -66
L 242 152 -67
L 244 154 -68
L 246 156 -69
L 247 158 -70
L 248 156 69
D 245 157 2 246 247 248 8
L 249 154 68
D 243 155 2 244 245 249 8
L 250 152 67
D 241 153 2 242 243 250 8
L 251 150 66
D 239 151 2 240 241 251 8
L 252 148 65
D 237 149 2 238 239 252 8
L 254 146 64
D 253 145 2 234 254 236 29
D 232 147 2 233 237 253 8
L 256 142 62
D 255 141 2 229 256 231 29
D 227 143 2 228 232 255 8
D 258 131 2 215 226 217 8
D 259 135 2 224 220 219 8
D 260 131 2 215 216 217 29
D 257 133 2 258 259 260 8
D 263 145 2 236 254 234 8
D 264 145 2 236 235 234 29
D 262 147 2 263 237 264 8
D 261 143 2 228 262 255 8
D 266 131 2 217 226 215 8
D 267 131 2 217 216 215 29
D 265 133 2 266 218 267 8
D 269 141 2 229 256 231 8
D 271 145 2 236 235 234 8
D 272 145 2 236 254 234 29
D 270 147 2 271 237 272 8
D 273 141 2 229 230 231 29
D 268 143 2 269 270 273 8
D 276 137 2 223 222 221 8
D 275 135 2 219 276 224 8
D 274 133 2 258 275 260 8
D 278 141 2 231 230 229 8
D 279 141 2 231 256 229 29
D 277 143 2 278 270 279 8
L 283 138 75
D 282 137 2 223 283 221 29
D 284 137 2 221 283 223 29
D 281 135 2 219 282 224 284
D 285 131 2 217 226 215 216
D 286 135 2 219 284 224 29
D 287 131 2 217 216 215 8
D 280 133 3 258 281 285 286 287 29
D 212 139 5 213 227 257 261 265 268 274 277 280 8
L 291 128 80
D 290 127 2 206 291 208 29
D 289 125 2 204 290 209 29
D 288 123 2 199 289 210 29
D 197 129 2 198 212 288 8
L 295 118 -51
D 294 117 2 191 295 193 8
D 293 115 2 194 294 189 8
D 292 113 2 184 293 195 8
D 299 135 2 224 284 219 29
D 298 133 3 285 286 258 299 287 29
D 297 139 4 257 227 213 268 265 277 298 8
D 296 129 2 198 297 288 8
D 301 111 2 187 186 185 8
D 302 115 2 189 294 194 8
D 303 111 2 187 196 185 29
D 300 113 2 301 302 303 8
D 306 133 3 214 286 258 299 217 29
D 305 139 3 257 268 213 277 306 8
D 304 129 2 198 305 288 8
D 308 111 2 185 196 187 8
D 309 111 2 185 186 187 29
D 307 113 2 308 302 309 8
D 312 133 2 258 299 260 29
D 311 139 2 257 277 312 8
D 310 129 2 198 311 288 8
D 315 117 2 191 192 193 29
D 316 117 2 191 295 193 29
D 314 115 2 194 315 189 316
D 317 111 2 187 186 185 196
D 318 115 2 189 315 194 29
D 319 111 2 187 196 185 8
D 313 113 3 184 314 317 318 319 29
D 182 119 5 183 197 292 296 300 304 307 310 313 8
L 323 108 60
D 322 107 2 176 323 178 29
D 321 105 2 174 322 179 29
D 320 103 2 169 321 180 29
D 167 109 2 168 182 320 8
D 325 81 2 142 138 137 8
D 328 91 2 150 161 152 8
D 329 91 2 150 151 152 29
D 327 93 2 328 153 329 8
D 326 89 2 144 327 162 8
D 330 81 2 142 165 137 29
D 324 85 2 325 326 330 8
D 333 113 3 184 314 301 318 196 29
D 332 119 4 183 296 292 304 300 310 333 8
D 331 109 2 168 332 320 8
D 336 83 2 141 140 139 8
D 335 81 2 137 336 142 8
D 338 83 2 141 166 139 29
D 337 81 2 137 338 142 29
D 334 85 2 335 326 337 8
D 341 113 2 184 314 195 29
D 340 119 3 183 304 292 310 341 8
D 339 109 2 168 340 320 8
D 344 83 2 139 166 141 8
D 343 81 2 137 344 142 8
D 346 83 2 139 140 141 29
D 345 81 2 137 346 142 29
D 342 85 2 343 326 345 8
D 350 115 2 189 316 194 29
D 349 113 2 184 350 195 29
D 348 119 2 183 310 349 8
D 347 109 2 168 348 320 8
L 356 98 50
D 355 97 2 156 356 158 29
D 354 95 2 154 355 159 29
D 353 93 2 149 354 160 29
D 352 89 2 144 353 162 29
D 358 83 2 141 140 139 166
D 357 81 2 137 358 142 138
D 360 93 2 328 354 329 29
D 359 89 2 144 360 162 29
D 362 83 2 141 166 139 8
D 361 81 2 137 362 142 165
D 351 85 3 136 352 357 359 361 29
D 134 99 5 135 167 324 331 334 339 342 347 351 8
D 365 63 2 108 107 106 8
D 364 61 2 104 365 109 8
D 368 71 2 117 128 119 8
D 369 71 2 117 118 119 29
D 367 73 2 368 120 369 8
D 366 69 2 111 367 129 8
D 371 63 2 108 133 106 29
D 370 61 2 104 371 109 29
D 363 65 2 364 366 370 8
D 374 81 2 137 336 142 138
D 375 81 2 142 165 137 166
D 373 85 3 136 352 374 359 375 29
D 372 99 4 135 331 324 339 334 347 373 8
D 378 63 2 106 133 108 8
D 377 61 2 104 378 109 8
D 380 63 2 106 107 108 29
D 379 61 2 104 380 109 29
D 376 65 2 377 366 379 8
D 382 85 3 136 352 325 359 165 29
D 381 99 3 135 339 324 347 382 8
D 384 61 2 109 105 104 8
D 385 61 2 109 132 104 29
D 383 65 2 384 366 385 8
D 387 85 2 136 352 164 29
D 386 99 2 135 347 387 8
L 393 78 40
D 392 77 2 123 393 125 29
D 391 75 2 121 392 126 29
D 390 73 2 116 391 127 29
D 389 69 2 111 390 129 29
D 395 63 2 108 107 106 133
D 394 61 2 104 395 109 105
D 397 73 2 368 391 369 29
D 396 69 2 111 397 129 29
D 399 63 2 108 133 106 8
D 398 61 2 104 399 109 132
D 388 65 3 103 389 394 396 398 29
D 101 79 5 102 134 363 372 376 381 383 386 388 8
D 402 43 2 75 74 73 8
D 401 41 2 71 402 76 8
D 405 51 2 84 95 86 8
D 406 51 2 84 85 86 29
D 404 53 2 405 87 406 8
D 403 49 2 78 404 96 8
D 408 43 2 75 100 73 29
D 407 41 2 71 408 76 29
D 400 45 2 401 403 407 8
D 411 61 2 104 395 109 8
D 412 61 2 104 399 109 29
D 410 65 3 103 389 411 396 412 29
D 409 79 4 102 372 363 381 376 386 410 8
D 415 43 2 73 100 75 8
D 414 41 2 71 415 76 8
D 417 43 2 73 74 75 29
D 416 41 2 71 417 76 29
D 413 45 2 414 403 416 8
D 420 61 2 104 133 109 29
D 419 65 3 103 389 364 396 420 29
D 418 79 3 102 381 363 386 419 8
D 422 41 2 76 72 71 8
D 423 41 2 76 99 71 29
D 421 45 2 422 403 423 8
D 425 65 2 103 389 131 29
D 424 79 2 102 386 425 8
L 431 58 30
D 430 57 2 90 431 92 29
D 429 55 2 88 430 93 29
D 428 53 2 83 429 94 29
D 427 49 2 78 428 96 29
D 433 43 2 75 74 73 100
D 432 41 2 71 433 76 72
D 435 53 2 405 429 406 29
D 434 49 2 78 435 96 29
D 437 43 2 75 100 73 8
D 436 41 2 71 437 76 99
D 426 45 3 70 427 432 434 436 29
D 68 59 5 69 101 400 409 413 418 421 424 426 8
D 440 23 2 42 41 40 8
D 439 21 2 38 440 43 8
D 443 31 2 51 62 53 8
D 444 31 2 51 52 53 29
D 442 33 2 443 54 444 8
D 441 29 2 45 442 63 8
D 446 23 2 42 67 40 29
D 445 21 2 38 446 43 29
D 438 25 2 439 441 445 8
D 449 41 2 71 433 76 8
D 450 41 2 71 437 76 29
D 448 45 3 70 427 449 434 450 29
D 447 59 4 69 409 400 418 413 424 448 8
D 453 23 2 40 67 42 8
D 452 21 2 38 453 43 8
D 455 23 2 40 41 42 29
D 454 21 2 38 455 43 29
D 451 25 2 452 441 454 8
D 458 41 2 71 100 76 29
D 457 45 3 70 427 401 434 458 29
D 456 59 3 69 418 400 424 457 8
D 460 21 2 43 39 38 8
D 461 21 2 43 66 38 29
D 459 25 2 460 441 461 8
D 463 45 2 70 427 98 29
D 462 59 2 69 424 463 8
L 469 38 20
D 468 37 2 57 469 59 29
D 467 35 2 55 468 60 29
D 466 33 2 50 467 61 29
D 465 29 2 45 466 63 29
D 471 23 2 42 41 40 67
D 470 21 2 38 471 43 39
D 473 33 2 443 467 444 29
D 472 29 2 45 473 63 29
D 475 23 2 42 67 40 8
D 474 21 2 38 475 43 66
D 464 25 3 37 465 470 472 474 29
D 35 39 5 36 68 438 447 451 456 459 462 464 8
D 478 3 2 7 6 5 8
D 477 1 2 3 478 9 8
D 481 11 2 17 28 19 8
D 482 11 2 17 18 19 29
D 480 13 2 481 20 482 8
D 479 9 2 11 480 30 8
D 484 3 2 7 34 5 29
D 483 1 2 3 484 9 29
D 476 5 2 477 479 483 8
D 487 21 2 38 471 43 8
D 488 21 2 38 475 43 29
D 486 25 3 37 465 487 472 488 29
D 485 39 4 36 447 438 456 451 462 486 8
D 491 3 2 5 34 7 8
D 490 1 2 3 491 9 8
D 493 3 2 5 6 7 29
D 492 1 2 3 493 9 29
D 489 5 2 490 479 492 8
D 496 21 2 38 67 43 29
D 495 25 3 37 465 439 472 496 29
D 494 39 3 36 456 438 462 495 8
D 498 1 2 9 4 3 8
D 499 1 2 9 33 3 29
D 497 5 2 498 479 499 8
D 501 25 2 37 465 65 29
D 500 39 2 36 462 501 8
D 504 3 2 7 6 5 34
D 503 1 2 3 504 9 4
L 509 18 10
D 508 17 2 23 509 25 29
D 507 15 2 21 508 26 29
D 506 13 2 481 507 482 29
D 505 9 2 11 506 30 29
D 511 13 2 16 507 27 29
D 510 9 2 11 511 30 29
D 513 3 2 7 34 5 8
D 512 1 2 3 513 9 33
D 502 5 3 503 505 2 510 512 29
D 0 19 5 1 35 476 485 489 494 497 500 502 8
