c ids of sdd nodes start at 0
c sdd nodes appear bottom-up, children before parents
c
c file syntax:
c sdd count-of-sdd-nodes
c F id-of-false-sdd-node
c T id-of-true-sdd-node
c L id-of-literal-sdd-node id-of-vtree literal
c D id-of-decomposition-sdd-node id-of-vtree number-of-elements {id-of-prime id-of-sub}*
c
sdd 1013
L 3 0 -4
L 5 2 -2
L 6 4 -3
L 7 2 2
F 8
D 4 3 2 5 6 7 8
L 9 0 4
D 2 1 2 3 4 9 8
L 12 6 -6
L 13 8 -7
L 14 6 6
D 11 7 2 12 13 14 8
L 17 10 -5
L 18 12 1
L 19 10 5
D 16 11 2 17 18 19 8
L 21 14 -8
L 23 16 -9
L 24 18 -10
L 25 16 9
D 22 17 2 23 24 25 8
L 26 14 8
D 20 15 2 21 22 26 8
L 28 12 -1
T 29
D 27 11 2 17 28 19 29
D 15 13 2 16 20 27 8
L 31 8 7
D 30 7 2 12 31 14 29
D 10 9 2 11 15 30 8
L 34 4 3
D 33 3 2 5 34 7 29
D 32 1 2 3 33 9 29
D 1 5 2 2 10 32 8
L 38 20 -14
L 40 22 -12
L 41 24 -13
L 42 22 12
D 39 23 2 40 41 42 8
L 43 20 14
D 37 21 2 38 39 43 8
L 46 26 -16
L 47 28 -17
L 48 26 16
D 45 27 2 46 47 48 8
L 51 30 -15
L 52 32 11
L 53 30 15
D 50 31 2 51 52 53 8
L 55 34 -18
L 57 36 -19
L 58 38 -20
L 59 36 19
D 56 37 2 57 58 59 8
L 60 34 18
D 54 35 2 55 56 60 8
L 62 32 -11
D 61 31 2 51 62 53 29
D 49 33 2 50 54 61 8
L 64 28 17
D 63 27 2 46 64 48 29
D 44 29 2 45 49 63 8
L 67 24 13
D 66 23 2 40 67 42 29
D 65 21 2 38 66 43 29
D 36 25 2 37 44 65 8
L 71 40 -24
L 73 42 -22
L 74 44 -23
L 75 42 22
D 72 43 2 73 74 75 8
L 76 40 24
D 70 41 2 71 72 76 8
L 79 46 -26
L 80 48 -27
L 81 46 26
D 78 47 2 79 80 81 8
L 84 50 -25
L 85 52 21
L 86 50 25
D 83 51 2 84 85 86 8
L 88 54 -28
L 90 56 -29
L 91 58 -30
L 92 56 29
D 89 57 2 90 91 92 8
L 93 54 28
D 87 55 2 88 89 93 8
L 95 52 -21
D 94 51 2 84 95 86 29
D 82 53 2 83 87 94 8
L 97 48 27
D 96 47 2 79 97 81 29
D 77 49 2 78 82 96 8
L 100 44 23
D 99 43 2 73 100 75 29
D 98 41 2 71 99 76 29
D 69 45 2 70 77 98 8
L 104 60 -34
L 106 62 -32
L 107 64 -33
L 108 62 32
D 105 63 2 106 107 108 8
L 109 60 34
D 103 61 2 104 105 109 8
L 112 66 -36
L 113 68 -37
L 114 66 36
D 111 67 2 112 113 114 8
L 117 70 -35
L 118 72 31
L 119 70 35
D 116 71 2 117 118 119 8
L 121 74 -38
L 123 76 -39
L 124 78 -40
L 125 76 39
D 122 77 2 123 124 125 8
L 126 74 38
D 120 75 2 121 122 126 8
L 128 72 -31
D 127 71 2 117 128 119 29
D 115 73 2 116 120 127 8
L 130 68 37
D 129 67 2 112 130 114 29
D 110 69 2 111 115 129 8
L 133 64 33
D 132 63 2 106 133 108 29
D 131 61 2 104 132 109 29
D 102 65 2 103 110 131 8
L 137 80 -42
L 139 82 -43
L 140 84 -44
L 141 82 43
D 138 83 2 139 140 141 8
L 142 80 42
D 136 81 2 137 138 142 8
L 145 86 -46
L 146 88 47
L 147 86 46
D 144 87 2 145 146 147 8
L 150 90 -45
L 151 92 -41
L 152 90 45
D 149 91 2 150 151 152 8
L 154 94 -48
L 156 96 -49
L 157 98 -50
L 158 96 49
D 155 97 2 156 157 158 8
L 159 94 48
D 153 95 2 154 155 159 8
L 161 92 41
D 160 91 2 150 161 152 29
D 148 93 2 149 153 160 8
L 163 88 -47
D 162 87 2 145 163 147 29
D 143 89 2 144 148 162 8
L 166 84 44
D 165 83 2 139 166 141 29
D 164 81 2 137 165 142 29
D 135 85 2 136 143 164 8
L 170 100 -56
L 171 102 -57
L 172 100 56
D 169 101 2 170 171 172 8
L 174 104 -58
L 176 106 -59
L 177 108 60
L 178 106 59
D 175 107 2 176 177 178 8
L 179 104 58
D 173 105 2 174 175 179 8
L 181 102 57
D 180 101 2 170 181 172 29
D 168 103 2 169 173 180 8
L 185 110 -53
L 186 112 -54
L 187 110 53
D 184 111 2 185 186 187 8
L 189 114 -52
L 191 116 -55
L 192 118 -51
L 193 116 55
D 190 117 2 191 192 193 8
L 194 114 52
D 188 115 2 189 190 194 8
L 196 112 54
D 195 111 2 185 196 187 29
D 183 113 2 184 188 195 8
L 200 120 -76
L 201 122 -77
L 202 120 76
D 199 121 2 200 201 202 8
L 204 124 -78
L 206 126 -79
L 207 128 80
L 208 126 79
D 205 127 2 206 207 208 8
L 209 124 78
D 203 125 2 204 205 209 8
L 211 122 77
D 210 121 2 200 211 202 29
D 198 123 2 199 203 210 8
L 215 130 -73
L 216 132 -72
L 217 130 73
D 214 131 2 215 216 217 8
L 219 134 -71
L 221 136 -74
L 222 138 -75
L 223 136 74
D 220 137 2 221 222 223 8
L 224 134 71
D 218 135 2 219 220 224 8
L 226 132 72
D 225 131 2 215 226 217 29
D 213 133 2 214 218 225 8
L 229 140 -61
L 230 142 -62
L 231 140 61
D 228 141 2 229 230 231 8
L 234 144 -63
L 235 146 -64
L 236 144 63
D 233 145 2 234 235 236 8
L 238 148 -65
L 240 150 -66
L 242 152 -67
L 244 154 -68
L 246 156 -69
L 247 158 70
L 248 156 69
D 245 157 2 246 247 248 8
L 249 154 68
D 243 155 2 244 245 249 8
L 250 152 67
D 241 153 2 242 243 250 8
L 251 150 66
D 239 151 2 240 241 251 8
L 252 148 65
D 237 149 2 238 239 252 8
L 254 146 64
D 253 145 2 234 254 236 29
D 232 147 2 233 237 253 8
L 256 142 62
D 255 141 2 229 256 231 29
D 227 143 2 228 232 255 8
L 260 138 75
D 259 137 2 221 260 223 29
D 258 135 2 219 259 224 29
D 257 133 2 214 258 225 29
D 212 139 2 213 227 257 8
L 264 128 -80
D 263 127 2 206 264 208 29
D 262 125 2 204 263 209 29
D 261 123 2 199 262 210 29
D 197 129 2 198 212 261 8
L 268 118 51
D 267 117 2 191 268 193 29
D 266 115 2 189 267 194 29
D 265 113 2 184 266 195 29
D 182 119 2 183 197 265 8
L 272 108 -60
D 271 107 2 176 272 178 29
D 270 105 2 174 271 179 29
D 269 103 2 169 270 180 29
D 167 109 2 168 182 269 8
D 275 87 2 145 163 147 8
D 277 95 2 159 155 154 8
D 276 93 2 149 277 160 8
D 278 87 2 145 146 147 29
D 274 89 2 275 276 278 8
D 273 85 2 136 274 164 8
L 290 158 -70
D 289 157 2 248 290 246 8
D 288 155 2 244 289 249 8
D 287 153 2 242 288 250 8
D 286 151 2 240 287 251 8
D 285 149 2 238 286 252 8
D 284 147 2 233 285 253 8
D 283 143 2 228 284 255 8
D 282 139 2 213 283 257 8
D 293 127 2 208 264 206 8
D 292 125 2 204 293 209 8
D 291 123 2 199 292 210 8
D 296 127 2 206 264 208 207
D 295 125 2 204 296 209 29
D 294 123 2 199 295 210 29
D 281 129 3 198 282 291 212 294 8
D 280 119 2 183 281 265 8
D 299 107 2 178 272 176 8
D 298 105 2 174 299 179 8
D 297 103 2 169 298 180 8
D 302 107 2 176 272 178 177
D 301 105 2 174 302 179 29
D 300 103 2 169 301 180 29
D 279 109 3 168 280 297 182 300 8
D 307 97 2 158 157 156 8
D 306 95 2 154 307 159 8
D 305 93 2 149 306 160 8
D 304 89 2 275 305 278 8
D 303 85 2 136 304 164 8
D 318 157 2 246 290 248 8
D 317 155 2 249 318 244 8
D 316 153 2 242 317 250 8
D 315 151 2 240 316 251 8
D 314 149 2 238 315 252 8
D 313 147 2 233 314 253 8
D 312 143 2 228 313 255 8
D 311 139 2 213 312 257 8
D 321 127 2 206 264 208 8
D 320 125 2 209 321 204 8
D 319 123 2 199 320 210 8
D 324 127 2 206 207 208 29
D 323 125 2 204 296 209 324
D 322 123 2 199 323 210 29
D 310 129 4 198 311 291 282 319 212 322 8
D 309 119 2 183 310 265 8
D 327 107 2 176 272 178 8
D 326 105 2 179 327 174 8
D 325 103 2 169 326 180 8
D 330 107 2 176 177 178 29
D 329 105 2 174 302 179 330
D 328 103 2 169 329 180 29
D 308 109 4 168 309 297 280 325 182 328 8
L 336 98 50
D 335 97 2 156 336 158 8
D 334 95 2 154 335 159 8
D 333 93 2 149 334 160 8
D 332 89 2 275 333 278 8
D 331 85 2 136 332 164 8
D 346 155 2 244 318 249 8
D 345 153 2 250 346 242 8
D 344 151 2 240 345 251 8
D 343 149 2 238 344 252 8
D 342 147 2 233 343 253 8
D 341 143 2 228 342 255 8
D 340 139 2 213 341 257 8
D 348 121 2 200 211 202 8
D 349 125 2 204 321 209 8
D 350 121 2 200 201 202 29
D 347 123 2 348 349 350 8
D 352 125 2 204 324 209 29
D 351 123 3 199 323 348 352 202 29
D 339 129 5 198 340 291 311 319 282 347 212 351 8
D 338 119 2 183 339 265 8
D 354 101 2 170 181 172 8
D 355 105 2 174 327 179 8
D 356 101 2 170 171 172 29
D 353 103 2 354 355 356 8
D 358 105 2 174 330 179 29
D 357 103 3 169 329 354 358 172 29
D 337 109 5 168 338 297 309 325 280 353 182 357 8
D 363 97 2 156 336 158 29
D 364 97 2 156 157 158 336
D 362 95 2 159 363 154 364
D 361 93 2 149 362 160 29
D 366 95 2 154 363 159 29
D 365 93 2 149 366 160 29
D 360 89 3 275 361 144 365 147 29
D 359 85 2 136 360 164 29
D 134 99 5 135 167 273 279 303 308 331 337 359 8
D 369 63 2 108 107 106 8
D 368 61 2 104 369 109 8
D 372 71 2 117 128 119 8
D 373 71 2 117 118 119 29
D 371 73 2 372 120 373 8
D 370 69 2 111 371 129 8
D 375 63 2 108 133 106 29
D 374 61 2 104 375 109 29
D 367 65 2 368 370 374 8
D 379 87 2 147 163 145 8
D 380 87 2 147 146 145 29
D 378 89 2 379 148 380 8
D 377 85 2 136 378 164 8
D 389 153 2 242 346 250 8
D 388 151 2 251 389 240 8
D 387 149 2 238 388 252 8
D 386 147 2 233 387 253 8
D 385 143 2 228 386 255 8
D 384 139 2 213 385 257 8
D 391 121 2 202 201 200 8
D 392 121 2 202 211 200 29
D 390 123 2 391 349 392 8
D 394 121 2 202 201 200 211
D 395 121 2 202 211 200 8
D 393 123 3 199 323 394 352 395 29
D 383 129 6 198 384 291 340 319 311 347 282 390 212 393 8
D 382 119 2 183 383 265 8
D 397 101 2 172 171 170 8
D 398 101 2 172 181 170 29
D 396 103 2 397 355 398 8
D 400 101 2 172 171 170 181
D 401 101 2 172 181 170 8
D 399 103 3 169 329 400 358 401 29
D 381 109 6 168 382 297 338 325 309 353 280 396 182 399 8
D 404 87 2 147 163 145 146
D 405 87 2 147 146 145 8
D 403 89 3 275 361 404 365 405 29
D 402 85 2 136 403 164 29
D 376 99 6 377 167 135 279 273 308 303 337 331 381 402 8
D 408 63 2 106 133 108 8
D 407 61 2 104 408 109 8
D 410 63 2 106 107 108 29
D 409 61 2 104 410 109 29
D 406 65 2 407 370 409 8
D 415 91 2 152 151 150 8
D 416 91 2 152 161 150 29
D 414 93 2 415 153 416 8
D 413 89 2 275 414 278 8
D 412 85 2 136 413 164 8
D 418 103 2 169 355 180 8
D 422 117 2 193 192 191 8
D 421 115 2 189 422 194 8
D 420 113 2 184 421 195 8
D 425 117 2 193 268 191 29
D 424 115 2 189 425 194 29
D 423 113 2 184 424 195 29
D 419 119 2 420 197 423 8
D 432 151 2 240 389 251 8
D 431 149 2 252 432 238 8
D 430 147 2 233 431 253 8
D 429 143 2 228 430 255 8
D 428 139 2 213 429 257 8
D 433 123 2 199 349 210 8
D 437 137 2 221 260 223 8
D 436 135 2 219 437 224 8
D 435 133 2 214 436 225 8
D 440 137 2 221 222 223 29
D 439 135 2 219 440 224 29
D 438 133 2 214 439 225 29
D 434 139 2 435 227 438 8
D 443 127 2 208 207 206 8
D 442 125 2 204 443 209 324
D 441 123 3 199 442 394 352 395 29
D 427 129 7 198 428 433 434 291 384 319 340 347 311 390 282 441 8
D 426 119 2 183 427 265 8
D 446 107 2 178 177 176 8
D 445 105 2 174 446 179 330
D 444 103 3 169 445 400 358 401 29
D 417 109 7 418 419 168 426 297 382 325 338 353 309 396 280 444 8
D 449 93 3 415 366 149 362 161 29
D 448 89 3 275 449 404 365 405 29
D 447 85 2 136 448 164 29
D 411 99 7 412 167 377 279 135 308 273 337 303 381 331 417 447 8
D 451 61 2 109 105 104 8
D 452 61 2 109 132 104 29
D 450 65 2 451 370 452 8
D 456 83 2 139 166 141 8
D 455 81 2 137 456 142 8
D 457 89 2 275 148 278 8
D 459 83 2 139 140 141 29
D 458 81 2 137 459 142 29
D 454 85 2 455 457 458 8
D 463 111 2 185 196 187 8
D 464 111 2 185 186 187 29
D 462 113 2 463 188 464 8
D 465 113 3 184 424 463 266 187 29
D 461 119 3 420 281 462 197 465 8
D 471 145 2 234 254 236 8
D 472 149 2 238 432 252 8
D 473 145 2 234 235 236 29
D 470 147 2 471 472 473 8
D 469 143 2 228 470 255 8
D 468 139 2 213 469 257 8
D 477 137 2 223 222 221 8
D 476 135 2 219 477 224 8
D 475 133 2 214 476 225 8
D 480 137 2 221 222 223 260
D 479 135 2 219 480 224 29
D 478 133 2 214 479 225 29
D 474 139 3 475 227 435 283 478 8
D 467 129 7 198 468 433 474 291 428 319 384 347 340 390 311 441 8
D 466 119 2 183 467 265 8
D 460 109 7 418 461 168 466 297 426 325 382 353 338 396 309 444 8
D 482 89 2 275 365 278 29
D 483 81 2 137 141 142 29
D 481 85 3 136 448 455 482 483 29
D 453 99 8 454 167 412 279 377 308 135 337 273 381 303 417 331 460 481 8
D 487 71 2 119 128 117 8
D 488 71 2 119 118 117 29
D 486 73 2 487 120 488 8
D 485 69 2 111 486 129 8
D 484 65 2 103 485 131 8
D 492 83 2 141 140 139 8
D 491 81 2 137 492 142 8
D 494 83 2 141 166 139 29
D 493 81 2 137 494 142 29
D 490 85 2 491 457 493 8
D 498 111 2 187 186 185 8
D 499 111 2 187 196 185 29
D 497 113 2 498 188 499 8
D 501 111 2 187 186 185 196
D 502 111 2 187 196 185 8
D 500 113 3 184 424 501 266 502 29
D 496 119 4 462 281 420 310 497 197 500 8
D 508 145 2 236 235 234 8
D 509 145 2 236 254 234 29
D 507 147 2 508 472 509 8
D 506 143 2 228 507 255 8
D 505 139 2 213 506 257 8
D 512 131 2 217 216 215 8
D 513 131 2 217 226 215 29
D 511 133 2 512 218 513 8
D 514 133 3 214 479 512 258 226 29
D 510 139 4 511 227 475 283 435 312 514 8
D 504 129 7 198 505 433 510 291 468 319 428 347 384 390 340 441 8
D 503 119 2 183 504 265 8
D 495 109 7 418 496 168 503 297 466 325 426 353 382 396 338 444 8
D 517 83 2 141 140 139 166
D 516 81 2 137 517 142 8
D 519 83 2 141 166 139 8
D 518 81 2 137 519 142 29
D 515 85 3 136 448 516 482 518 29
D 489 99 9 490 167 454 279 412 308 377 337 135 381 273 417 303 460 331 495 515 8
D 522 67 2 114 113 112 8
D 523 67 2 114 130 112 29
D 521 69 2 522 371 523 8
D 520 65 2 103 521 131 8
D 526 81 2 142 138 137 8
D 527 81 2 142 165 137 29
D 525 85 2 526 457 527 8
D 531 115 2 194 190 189 8
D 530 113 2 184 531 195 8
D 533 115 2 189 425 194 267
D 532 113 3 184 533 501 266 502 29
D 529 119 5 420 339 497 281 462 310 530 197 532 8
D 538 131 2 215 226 217 8
D 539 131 2 215 216 217 29
D 537 133 2 538 218 539 8
D 541 131 2 217 216 215 226
D 542 131 2 217 226 215 8
D 540 133 3 214 479 541 258 542 29
D 536 139 5 537 227 511 283 475 312 435 341 540 8
D 545 141 2 229 256 231 8
D 546 147 2 233 472 253 8
D 547 141 2 229 230 231 29
D 544 143 2 545 546 547 8
D 543 139 2 213 544 257 8
D 535 129 7 433 536 291 505 198 543 319 468 347 428 390 384 441 8
D 534 119 2 183 535 265 8
D 528 109 7 418 529 168 534 297 503 325 466 353 426 396 382 444 8
D 549 81 2 137 517 142 138
D 550 81 2 137 519 142 165
D 548 85 3 136 448 549 482 550 29
D 524 99 10 525 167 490 279 454 308 412 337 377 381 135 417 273 460 303 495 331 528 548 8
D 553 67 2 112 130 114 8
D 554 67 2 112 113 114 29
D 552 69 2 553 371 554 8
D 551 65 2 103 552 131 8
D 559 91 2 150 161 152 8
D 560 91 2 150 151 152 29
D 558 93 2 559 153 560 8
D 557 89 2 275 558 278 8
D 556 85 2 136 557 164 8
D 565 117 2 191 268 193 8
D 564 115 2 189 565 194 8
D 563 113 2 184 564 195 8
D 568 117 2 191 192 193 268
D 567 115 2 189 568 194 267
D 566 113 3 184 567 501 266 502 29
D 562 119 6 420 383 462 339 530 281 497 310 563 197 566 8
D 573 135 2 224 220 219 8
D 572 133 2 214 573 225 8
D 575 135 2 219 480 224 259
D 574 133 3 214 575 541 258 542 29
D 571 139 6 572 227 537 283 511 312 435 385 475 341 574 8
D 578 141 2 231 230 229 8
D 579 141 2 231 256 229 29
D 577 143 2 578 546 579 8
D 576 139 2 213 577 257 8
D 570 129 7 433 571 319 505 291 543 347 468 198 576 390 428 441 8
D 569 119 2 183 570 265 8
D 561 109 7 418 562 168 569 297 534 325 503 353 466 396 426 444 8
D 583 91 2 152 151 150 161
D 584 91 2 152 161 150 8
D 582 93 3 583 366 149 362 584 29
D 581 89 3 404 365 275 582 405 29
D 580 85 3 549 482 136 581 550 29
D 555 99 11 556 167 525 279 490 308 454 337 412 381 377 417 135 460 273 495 303 528 331 561 580 8
D 588 75 2 126 122 121 8
D 587 73 2 372 588 373 8
D 586 69 2 111 587 129 8
D 585 65 2 103 586 131 8
D 591 119 6 420 427 462 383 497 339 563 281 530 310 566 8
D 594 139 6 572 283 537 312 435 429 475 385 511 341 574 8
D 596 125 2 209 324 204 207
D 595 123 3 199 596 394 352 395 29
D 593 129 6 433 594 347 505 319 543 390 468 291 576 595 8
D 592 119 2 183 593 265 8
D 590 109 7 418 591 297 569 168 592 325 534 353 503 396 466 444 8
D 589 99 11 556 279 525 308 490 337 454 381 412 417 377 460 135 495 273 528 303 561 331 590 580 8
D 601 77 2 125 124 123 8
D 600 75 2 121 601 126 8
D 599 73 2 372 600 373 8
D 598 69 2 111 599 129 8
D 597 65 2 103 598 131 8
D 604 119 6 462 427 420 467 497 383 530 339 563 310 566 8
D 607 139 6 572 312 435 469 475 429 511 385 537 341 574 8
D 608 123 3 394 352 199 324 395 29
D 606 129 5 433 607 390 505 347 543 319 576 608 8
D 605 119 2 183 606 265 8
D 603 109 7 418 604 325 569 297 592 168 605 353 534 396 503 444 8
D 602 99 11 556 308 525 337 490 381 454 417 412 460 377 495 135 528 273 561 303 590 331 603 580 8
L 614 78 40
D 613 77 2 123 614 125 8
D 612 75 2 121 613 126 8
D 611 73 2 372 612 373 8
D 610 69 2 111 611 129 8
D 609 65 2 103 610 131 8
D 617 119 6 497 427 462 467 420 504 530 383 563 339 566 8
D 620 139 6 435 506 475 469 511 429 537 385 572 341 574 8
D 622 121 2 202 201 200 29
D 621 123 2 622 352 395 29
D 619 129 4 390 543 433 620 347 576 621 8
D 618 119 2 183 619 265 8
D 616 109 7 418 617 353 569 325 592 297 605 168 618 396 534 444 8
D 615 99 11 556 337 525 381 490 417 454 460 412 495 377 528 135 561 273 590 303 603 331 616 580 8
D 625 63 2 108 107 106 133
D 624 61 2 104 625 109 105
D 629 77 2 123 614 125 29
D 628 75 2 121 629 126 29
D 627 73 2 372 628 373 29
D 626 69 2 111 627 129 29
D 631 67 2 114 113 112 130
D 633 71 2 119 128 117 118
D 635 77 2 123 124 125 614
D 634 75 2 126 629 121 635
D 636 71 2 119 118 117 8
D 632 73 3 633 628 372 634 636 29
D 637 67 2 114 130 112 8
D 630 69 3 631 627 111 632 637 29
D 639 63 2 108 133 106 8
D 638 61 2 104 639 109 132
D 623 65 3 624 626 103 630 638 29
D 101 79 11 102 134 367 376 406 411 450 453 484 489 520 524 551 555 585 589 597 602 609 615 623 8
D 642 43 2 75 74 73 8
D 641 41 2 71 642 76 8
D 645 51 2 84 95 86 8
D 646 51 2 84 85 86 29
D 644 53 2 645 87 646 8
D 643 49 2 78 644 96 8
D 648 43 2 75 100 73 29
D 647 41 2 71 648 76 29
D 640 45 2 641 643 647 8
D 652 119 6 530 427 497 467 462 504 420 535 563 383 566 8
D 655 139 6 475 506 511 469 537 429 572 385 435 544 574 8
D 656 123 2 201 352 211 29
D 654 129 3 390 576 433 655 656 8
D 653 119 2 183 654 265 8
D 651 109 7 418 652 396 569 353 592 325 605 297 618 168 653 444 8
D 650 99 11 556 381 525 417 490 460 454 495 412 528 377 561 135 590 273 603 303 616 331 651 580 8
D 649 79 11 102 376 367 411 406 453 450 489 484 524 520 555 551 589 585 602 597 615 609 650 623 8
D 659 43 2 73 100 75 8
D 658 41 2 71 659 76 8
D 661 43 2 73 74 75 29
D 660 41 2 71 661 76 29
D 657 45 2 658 643 660 8
D 665 119 6 563 427 530 467 497 504 462 535 420 570 566 8
D 668 139 6 511 506 537 469 572 429 475 544 435 577 574 8
D 669 123 2 199 352 210 29
D 667 129 2 433 668 669 8
D 666 119 2 183 667 265 8
D 664 109 7 396 592 418 665 353 605 325 618 297 653 168 666 444 8
D 663 99 11 556 417 525 460 490 495 454 528 412 561 377 590 135 603 273 616 303 651 331 664 580 8
D 662 79 11 102 411 367 453 406 489 450 524 484 555 520 589 551 602 585 615 597 650 609 663 623 8
D 671 41 2 76 72 71 8
D 672 41 2 76 99 71 29
D 670 45 2 671 643 672 8
D 676 119 6 563 467 530 504 497 535 462 570 420 593 566 8
D 682 137 2 223 260 221 29
D 681 135 2 219 682 224 259
D 680 133 3 214 681 541 258 542 29
D 679 139 5 537 506 572 469 511 544 475 577 680 8
D 678 129 2 433 679 669 8
D 677 119 2 183 678 265 8
D 675 109 7 396 605 418 676 353 618 325 653 297 666 168 677 444 8
D 674 99 11 556 460 525 495 490 528 454 561 412 590 377 603 135 616 273 651 303 664 331 675 580 8
D 673 79 11 102 453 367 489 406 524 450 555 484 589 520 602 551 615 585 650 597 663 609 674 623 8
D 686 51 2 86 95 84 8
D 687 51 2 86 85 84 29
D 685 53 2 686 87 687 8
D 684 49 2 78 685 96 8
D 683 45 2 70 684 98 8
D 691 119 6 563 504 530 535 497 570 462 593 420 606 566 8
D 696 135 2 224 259 219 29
D 695 133 3 541 258 214 696 542 29
D 694 139 4 572 506 537 544 511 577 695 8
D 693 129 2 433 694 669 8
D 692 119 2 183 693 265 8
D 690 109 7 396 618 418 691 353 653 325 666 297 677 168 692 444 8
D 689 99 11 556 495 525 528 490 561 454 590 412 603 377 616 135 651 273 664 303 675 331 690 580 8
D 688 79 11 102 489 367 524 406 555 450 589 484 602 520 615 551 650 585 663 597 674 609 689 623 8
D 699 47 2 81 80 79 8
D 700 47 2 81 97 79 29
D 698 49 2 699 644 700 8
D 697 45 2 70 698 98 8
D 704 119 6 563 535 530 570 497 593 462 606 420 619 566 8
D 708 133 3 538 258 214 696 217 29
D 707 139 3 572 544 537 577 708 8
D 706 129 2 433 707 669 8
D 705 119 2 183 706 265 8
D 703 109 7 396 653 418 704 353 666 325 677 297 692 168 705 444 8
D 702 99 11 556 528 525 561 490 590 454 603 412 616 377 651 135 664 273 675 303 690 331 703 580 8
D 701 79 11 102 524 367 555 406 589 450 602 484 615 520 650 551 663 585 674 597 689 609 702 623 8
D 711 47 2 79 97 81 8
D 712 47 2 79 80 81 29
D 710 49 2 711 644 712 8
D 709 45 2 70 710 98 8
D 716 119 6 563 570 530 593 497 606 462 619 420 654 566 8
D 720 133 2 214 696 225 29
D 719 139 2 572 577 720 8
D 718 129 2 433 719 669 8
D 717 119 2 183 718 265 8
D 715 109 7 396 666 418 716 353 677 325 692 297 705 168 717 444 8
D 714 99 11 556 561 525 590 490 603 454 616 412 651 377 664 135 675 273 690 303 703 331 715 580 8
D 713 79 11 102 555 367 589 406 602 450 615 484 650 520 663 551 674 585 689 597 702 609 714 623 8
D 724 55 2 93 89 88 8
D 723 53 2 645 724 646 8
D 722 49 2 78 723 96 8
D 721 45 2 70 722 98 8
D 728 119 6 563 593 530 606 497 619 462 654 420 667 566 8
D 730 105 2 179 330 174 177
D 729 103 3 169 730 400 358 401 29
D 727 109 6 396 677 418 728 353 692 325 705 297 717 729 8
D 726 99 11 556 590 525 603 490 616 454 651 412 664 377 675 135 690 273 703 303 715 331 727 580 8
D 725 79 11 102 589 367 602 406 615 450 650 484 663 520 674 551 689 585 702 597 714 609 726 623 8
D 735 57 2 92 91 90 8
D 734 55 2 88 735 93 8
D 733 53 2 645 734 646 8
D 732 49 2 78 733 96 8
D 731 45 2 70 732 98 8
D 739 119 6 563 606 530 619 497 654 462 667 420 678 566 8
D 740 103 3 400 358 169 330 401 29
D 738 109 5 396 692 418 739 353 705 325 717 740 8
D 737 99 11 556 603 525 616 490 651 454 664 412 675 377 690 135 703 273 715 303 727 331 738 580 8
D 736 79 11 102 602 367 615 406 650 450 663 484 674 520 689 551 702 585 714 597 726 609 737 623 8
L 746 58 30
D 745 57 2 90 746 92 8
D 744 55 2 88 745 93 8
D 743 53 2 645 744 646 8
D 742 49 2 78 743 96 8
D 741 45 2 70 742 98 8
D 750 119 6 563 619 530 654 497 667 462 678 420 693 566 8
D 752 101 2 172 171 170 29
D 751 103 2 752 358 401 29
D 749 109 4 396 705 418 750 353 717 751 8
D 748 99 11 556 616 525 651 490 664 454 675 412 690 377 703 135 715 273 727 303 738 331 749 580 8
D 747 79 11 102 615 367 650 406 663 450 674 484 689 520 702 551 714 585 726 597 737 609 748 623 8
D 755 43 2 75 74 73 100
D 754 41 2 71 755 76 72
D 759 57 2 90 746 92 29
D 758 55 2 88 759 93 29
D 757 53 2 645 758 646 29
D 756 49 2 78 757 96 29
D 761 47 2 81 80 79 97
D 763 51 2 86 95 84 85
D 765 57 2 90 91 92 746
D 764 55 2 93 759 88 765
D 766 51 2 86 85 84 8
D 762 53 3 763 758 645 764 766 29
D 767 47 2 81 97 79 8
D 760 49 3 761 757 78 762 767 29
D 769 43 2 75 100 73 8
D 768 41 2 71 769 76 99
D 753 45 3 754 756 70 760 768 29
D 68 59 11 69 101 640 649 657 662 670 673 683 688 697 701 709 713 721 725 731 736 741 747 753 8
D 772 23 2 42 41 40 8
D 771 21 2 38 772 43 8
D 775 31 2 51 62 53 8
D 776 31 2 51 52 53 29
D 774 33 2 775 54 776 8
D 773 29 2 45 774 63 8
D 778 23 2 42 67 40 29
D 777 21 2 38 778 43 29
D 770 25 2 771 773 777 8
D 783 119 6 563 654 530 667 497 678 462 693 420 706 566 8
D 784 103 2 171 358 181 29
D 782 109 3 396 717 418 783 784 8
D 781 99 11 556 651 525 664 490 675 454 690 412 703 377 715 135 727 273 738 303 749 331 782 580 8
D 780 79 11 102 650 367 663 406 674 450 689 484 702 520 714 551 726 585 737 597 748 609 781 623 8
D 779 59 11 69 649 640 662 657 673 670 688 683 701 697 713 709 725 721 736 731 747 741 780 753 8
D 787 23 2 40 67 42 8
D 786 21 2 38 787 43 8
D 789 23 2 40 41 42 29
D 788 21 2 38 789 43 29
D 785 25 2 786 773 788 8
D 794 119 6 563 667 530 678 497 693 462 706 420 718 566 8
D 795 103 2 169 358 180 29
D 793 109 2 418 794 795 8
D 792 99 11 556 664 525 675 490 690 454 703 412 715 377 727 135 738 273 749 303 782 331 793 580 8
D 791 79 11 102 663 367 674 406 689 450 702 484 714 520 726 551 737 585 748 597 781 609 792 623 8
D 790 59 11 69 662 640 673 657 688 670 701 683 713 697 725 709 736 721 747 731 780 741 791 753 8
D 797 21 2 43 39 38 8
D 798 21 2 43 66 38 29
D 796 25 2 797 773 798 8
D 806 117 2 191 192 193 29
D 805 115 2 194 267 189 806
D 804 113 3 184 805 501 266 502 29
D 803 119 5 563 678 530 693 497 706 462 718 804 8
D 802 109 2 418 803 795 8
D 801 99 11 556 675 525 690 490 703 454 715 412 727 377 738 135 749 273 782 303 793 331 802 580 8
D 800 79 11 102 674 367 689 406 702 450 714 484 726 520 737 551 748 585 781 597 792 609 801 623 8
D 799 59 11 69 673 640 688 657 701 670 713 683 725 697 736 709 747 721 780 731 791 741 800 753 8
D 810 31 2 53 62 51 8
D 811 31 2 53 52 51 29
D 809 33 2 810 54 811 8
D 808 29 2 45 809 63 8
D 807 25 2 37 808 65 8
D 817 113 3 184 805 498 266 196 29
D 816 119 4 563 693 530 706 497 718 817 8
D 815 109 2 418 816 795 8
D 814 99 11 556 690 525 703 490 715 454 727 412 738 377 749 135 782 273 793 303 802 331 815 580 8
D 813 79 11 102 689 367 702 406 714 450 726 484 737 520 748 551 781 585 792 597 801 609 814 623 8
D 812 59 11 69 688 640 701 657 713 670 725 683 736 697 747 709 780 721 791 731 800 741 813 753 8
D 820 27 2 48 47 46 8
D 821 27 2 48 64 46 29
D 819 29 2 820 774 821 8
D 818 25 2 37 819 65 8
D 827 113 2 184 805 195 29
D 826 119 3 563 706 530 718 827 8
D 825 109 2 418 826 795 8
D 824 99 11 556 703 525 715 490 727 454 738 412 749 377 782 135 793 273 802 303 815 331 825 580 8
D 823 79 11 102 702 367 714 406 726 450 737 484 748 520 781 551 792 585 801 597 814 609 824 623 8
D 822 59 11 69 701 640 713 657 725 670 736 683 747 697 780 709 791 721 800 731 813 741 823 753 8
D 830 27 2 46 64 48 8
D 831 27 2 46 47 48 29
D 829 29 2 830 774 831 8
D 828 25 2 37 829 65 8
D 838 115 2 189 806 194 29
D 837 113 2 184 838 195 29
D 836 119 2 563 718 837 8
D 835 109 2 418 836 795 8
D 834 99 11 556 715 525 727 490 738 454 749 412 782 377 793 135 802 273 815 303 825 331 835 580 8
D 833 79 11 102 714 367 726 406 737 450 748 484 781 520 792 551 801 585 814 597 824 609 834 623 8
D 832 59 11 69 713 640 725 657 736 670 747 683 780 697 791 709 800 721 813 731 823 741 833 753 8
D 842 35 2 60 56 55 8
D 841 33 2 775 842 776 8
D 840 29 2 45 841 63 8
D 839 25 2 37 840 65 8
D 850 97 2 158 336 156 29
D 849 95 2 154 850 159 363
D 848 93 3 149 849 583 366 584 29
D 847 89 3 275 848 404 365 405 29
D 846 85 3 136 847 549 482 550 29
D 845 99 10 556 727 525 738 490 749 454 782 412 793 377 802 135 815 273 825 303 835 846 8
D 844 79 11 102 726 367 737 406 748 450 781 484 792 520 801 551 814 585 824 597 834 609 845 623 8
D 843 59 11 69 725 640 736 657 747 670 780 683 791 697 800 709 813 721 823 731 833 741 844 753 8
D 855 37 2 59 58 57 8
D 854 35 2 55 855 60 8
D 853 33 2 775 854 776 8
D 852 29 2 45 853 63 8
D 851 25 2 37 852 65 8
D 862 95 2 159 363 154 29
D 861 93 3 149 862 583 366 584 29
D 860 89 3 275 861 404 365 405 29
D 859 85 3 136 860 549 482 550 29
D 858 99 9 556 738 525 749 490 782 454 793 412 802 377 815 135 825 273 835 859 8
D 857 79 11 102 737 367 748 406 781 450 792 484 801 520 814 551 824 585 834 597 845 609 858 623 8
D 856 59 11 69 736 640 747 657 780 670 791 683 800 697 813 709 823 721 833 731 844 741 857 753 8
L 868 38 20
D 867 37 2 57 868 59 8
D 866 35 2 55 867 60 8
D 865 33 2 775 866 776 8
D 864 29 2 45 865 63 8
D 863 25 2 37 864 65 8
D 875 91 2 150 151 152 161
D 874 93 2 583 366 875 29
D 873 89 3 275 874 404 365 405 29
D 872 85 3 136 873 549 482 550 29
D 871 99 8 556 749 525 782 490 793 454 802 412 815 377 825 135 835 872 8
D 870 79 11 102 748 367 781 406 792 450 801 484 814 520 824 551 834 585 845 597 858 609 871 623 8
D 869 59 11 69 747 640 780 657 791 670 800 683 813 697 823 709 833 721 844 731 857 741 870 753 8
D 878 23 2 42 41 40 67
D 877 21 2 38 878 43 39
D 882 37 2 57 868 59 29
D 881 35 2 55 882 60 29
D 880 33 2 775 881 776 29
D 879 29 2 45 880 63 29
D 884 27 2 48 47 46 64
D 886 31 2 53 62 51 52
D 888 37 2 57 58 59 868
D 887 35 2 60 882 55 888
D 889 31 2 53 52 51 8
D 885 33 3 886 881 775 887 889 29
D 890 27 2 48 64 46 8
D 883 29 3 884 880 45 885 890 29
D 892 23 2 42 67 40 8
D 891 21 2 38 892 43 66
D 876 25 3 877 879 37 883 891 29
D 35 39 11 36 68 770 779 785 790 796 799 807 812 818 822 828 832 839 843 851 856 863 869 876 8
D 895 3 2 7 6 5 8
D 894 1 2 3 895 9 8
D 898 11 2 17 28 19 8
D 899 11 2 17 18 19 29
D 897 13 2 898 20 899 8
D 896 9 2 11 897 30 8
D 901 3 2 7 34 5 29
D 900 1 2 3 901 9 29
D 893 5 2 894 896 900 8
D 907 89 3 275 874 379 365 146 29
D 906 85 3 136 907 549 482 550 29
D 905 99 7 556 782 525 793 490 802 454 815 412 825 377 835 906 8
D 904 79 11 102 781 367 792 406 801 450 814 484 824 520 834 551 845 585 858 597 871 609 905 623 8
D 903 59 11 69 780 640 791 657 800 670 813 683 823 697 833 709 844 721 857 731 870 741 904 753 8
D 902 39 11 36 779 770 790 785 799 796 812 807 822 818 832 828 843 839 856 851 869 863 903 876 8
D 910 3 2 5 34 7 8
D 909 1 2 3 910 9 8
D 912 3 2 5 6 7 29
D 911 1 2 3 912 9 29
D 908 5 2 909 896 911 8
D 918 89 2 275 874 278 29
D 917 85 3 136 918 549 482 550 29
D 916 99 6 556 793 525 802 490 815 454 825 412 835 917 8
D 915 79 11 102 792 367 801 406 814 450 824 484 834 520 845 551 858 585 871 597 905 609 916 623 8
D 914 59 11 69 791 640 800 657 813 670 823 683 833 697 844 709 857 721 870 731 904 741 915 753 8
D 913 39 11 36 790 770 799 785 812 796 822 807 832 818 843 828 856 839 869 851 903 863 914 876 8
D 920 1 2 9 4 3 8
D 921 1 2 9 33 3 29
D 919 5 2 920 896 921 8
D 928 93 2 559 366 560 29
D 927 89 2 275 928 278 29
D 926 85 3 136 927 549 482 550 29
D 925 99 5 556 802 525 815 490 825 454 835 926 8
D 924 79 11 102 801 367 814 406 824 450 834 484 845 520 858 551 871 585 905 597 916 609 925 623 8
D 923 59 11 69 800 640 813 657 823 670 833 683 844 697 857 709 870 721 904 731 915 741 924 753 8
D 922 39 11 36 799 770 812 785 822 796 832 807 843 818 856 828 869 839 903 851 914 863 923 876 8
D 932 11 2 19 28 17 8
D 933 11 2 19 18 17 29
D 931 13 2 932 20 933 8
D 930 9 2 11 931 30 8
D 929 5 2 2 930 32 8
D 939 81 2 137 492 142 138
D 940 81 2 142 165 137 166
D 938 85 3 136 927 939 482 940 29
D 937 99 4 556 815 525 825 490 835 938 8
D 936 79 11 102 814 367 824 406 834 450 845 484 858 520 871 551 905 585 916 597 925 609 937 623 8
D 935 59 11 69 813 640 823 657 833 670 844 683 857 697 870 709 904 721 915 731 924 741 936 753 8
D 934 39 11 36 812 770 822 785 832 796 843 807 856 818 869 828 903 839 914 851 923 863 935 876 8
D 943 7 2 14 13 12 8
D 944 7 2 14 31 12 29
D 942 9 2 943 897 944 8
D 941 5 2 2 942 32 8
D 949 85 3 136 927 526 482 165 29
D 948 99 3 556 825 525 835 949 8
D 947 79 11 102 824 367 834 406 845 450 858 484 871 520 905 551 916 585 925 597 937 609 948 623 8
D 946 59 11 69 823 640 833 657 844 670 857 683 870 697 904 709 915 721 924 731 936 741 947 753 8
D 945 39 11 36 822 770 832 785 843 796 856 807 869 818 903 828 914 839 923 851 935 863 946 876 8
D 952 7 2 12 31 14 8
D 953 7 2 12 13 14 29
D 951 9 2 952 897 953 8
D 950 5 2 2 951 32 8
D 958 85 2 136 927 164 29
D 957 99 2 556 835 958 8
D 956 79 11 102 834 367 845 406 858 450 871 484 905 520 916 551 925 585 937 597 948 609 957 623 8
D 955 59 11 69 833 640 844 657 857 670 870 683 904 697 915 709 924 721 936 731 947 741 956 753 8
D 954 39 11 36 832 770 843 785 856 796 869 807 903 818 914 828 923 839 935 851 946 863 955 876 8
D 962 15 2 26 22 21 8
D 961 13 2 898 962 899 8
D 960 9 2 11 961 30 8
D 959 5 2 2 960 32 8
D 970 77 2 125 614 123 29
D 969 75 2 121 970 126 629
D 968 73 3 372 969 633 628 636 29
D 967 69 3 111 968 631 627 637 29
D 966 65 3 103 967 624 626 638 29
D 965 79 10 102 845 367 858 406 871 450 905 484 916 520 925 551 937 585 948 597 957 966 8
D 964 59 11 69 844 640 857 657 870 670 904 683 915 697 924 709 936 721 947 731 956 741 965 753 8
D 963 39 11 36 843 770 856 785 869 796 903 807 914 818 923 828 935 839 946 851 955 863 964 876 8
D 975 17 2 25 24 23 8
D 974 15 2 21 975 26 8
D 973 13 2 898 974 899 8
D 972 9 2 11 973 30 8
D 971 5 2 2 972 32 8
D 982 75 2 126 629 121 29
D 981 73 3 372 982 633 628 636 29
D 980 69 3 111 981 631 627 637 29
D 979 65 3 103 980 624 626 638 29
D 978 79 9 102 858 367 871 406 905 450 916 484 925 520 937 551 948 585 957 979 8
D 977 59 11 69 857 640 870 657 904 670 915 683 924 697 936 709 947 721 956 731 965 741 978 753 8
D 976 39 11 36 856 770 869 785 903 796 914 807 923 818 935 828 946 839 955 851 964 863 977 876 8
L 988 18 10
D 987 17 2 23 988 25 8
D 986 15 2 21 987 26 8
D 985 13 2 898 986 899 8
D 984 9 2 11 985 30 8
D 983 5 2 2 984 32 8
D 995 71 2 117 128 119 118
D 994 73 2 633 628 995 29
D 993 69 3 111 994 631 627 637 29
D 992 65 3 103 993 624 626 638 29
D 991 79 8 102 871 367 905 406 916 450 925 484 937 520 948 551 957 992 8
D 990 59 11 69 870 640 904 657 915 670 924 683 936 697 947 709 956 721 965 731 978 741 991 753 8
D 989 39 11 36 869 770 903 785 914 796 923 807 935 818 946 828 955 839 964 851 977 863 990 876 8
D 1000 17 2 23 24 25 988
D 1001 17 2 23 988 25 29
D 999 15 2 21 1000 26 1001
D 1002 11 2 19 28 17 18
D 1003 15 2 21 1001 26 29
D 1004 11 2 19 18 17 8
D 998 13 3 898 999 1002 1003 1004 29
D 1005 7 2 14 13 12 31
D 1006 13 2 898 1003 899 29
D 1007 7 2 14 31 12 8
D 997 9 3 11 998 1005 1006 1007 29
D 1009 3 2 7 6 5 34
D 1008 1 2 3 1009 9 4
D 1010 9 2 11 1006 30 29
D 1012 3 2 7 34 5 8
D 1011 1 2 3 1012 9 33
D 996 5 3 2 997 1008 1010 1011 29
D 0 19 11 1 35 893 902 908 913 919 922 929 934 941 945 950 954 959 963 971 976 983 989 996 8
