c ids of sdd nodes start at 0
c sdd nodes appear bottom-up, children before parents
c
c file syntax:
c sdd count-of-sdd-nodes
c F id-of-false-sdd-node
c T id-of-true-sdd-node
c L id-of-literal-sdd-node id-of-vtree literal
c D id-of-decomposition-sdd-node id-of-vtree number-of-elements {id-of-prime id-of-sub}*
c
sdd 1012
L 3 0 -4
L 5 2 -2
L 6 4 -3
L 7 2 2
F 8
D 4 3 2 5 6 7 8
L 9 0 4
D 2 1 2 3 4 9 8
L 12 6 -6
L 13 8 -7
L 14 6 6
D 11 7 2 12 13 14 8
L 17 10 -5
L 18 12 1
L 19 10 5
D 16 11 2 17 18 19 8
L 21 14 -8
L 23 16 -9
L 24 18 -10
L 25 16 9
D 22 17 2 23 24 25 8
L 26 14 8
D 20 15 2 21 22 26 8
L 28 12 -1
T 29
D 27 11 2 17 28 19 29
D 15 13 2 16 20 27 8
L 31 8 7
D 30 7 2 12 31 14 29
D 10 9 2 11 15 30 8
L 34 4 3
D 33 3 2 5 34 7 29
D 32 1 2 3 33 9 29
D 1 5 2 2 10 32 8
L 38 20 -14
L 40 22 -12
L 41 24 -13
L 42 22 12
D 39 23 2 40 41 42 8
L 43 20 14
D 37 21 2 38 39 43 8
L 46 26 -16
L 47 28 -17
L 48 26 16
D 45 27 2 46 47 48 8
L 51 30 -15
L 52 32 11
L 53 30 15
D 50 31 2 51 52 53 8
L 55 34 -18
L 57 36 -19
L 58 38 -20
L 59 36 19
D 56 37 2 57 58 59 8
L 60 34 18
D 54 35 2 55 56 60 8
L 62 32 -11
D 61 31 2 51 62 53 29
D 49 33 2 50 54 61 8
L 64 28 17
D 63 27 2 46 64 48 29
D 44 29 2 45 49 63 8
L 67 24 13
D 66 23 2 40 67 42 29
D 65 21 2 38 66 43 29
D 36 25 2 37 44 65 8
L 71 40 -24
L 73 42 -22
L 74 44 -23
L 75 42 22
D 72 43 2 73 74 75 8
L 76 40 24
D 70 41 2 71 72 76 8
L 79 46 -26
L 80 48 -27
L 81 46 26
D 78 47 2 79 80 81 8
L 84 50 -25
L 85 52 21
L 86 50 25
D 83 51 2 84 85 86 8
L 88 54 -28
L 90 56 -29
L 91 58 -30
L 92 56 29
D 89 57 2 90 91 92 8
L 93 54 28
D 87 55 2 88 89 93 8
L 95 52 -21
D 94 51 2 84 95 86 29
D 82 53 2 83 87 94 8
L 97 48 27
D 96 47 2 79 97 81 29
D 77 49 2 78 82 96 8
L 100 44 23
D 99 43 2 73 100 75 29
D 98 41 2 71 99 76 29
D 69 45 2 70 77 98 8
L 104 60 -34
L 106 62 -32
L 107 64 -33
L 108 62 32
D 105 63 2 106 107 108 8
L 109 60 34
D 103 61 2 104 105 109 8
L 112 66 -36
L 113 68 -37
L 114 66 36
D 111 67 2 112 113 114 8
L 117 70 -35
L 118 72 31
L 119 70 35
D 116 71 2 117 118 119 8
L 121 74 -38
L 123 76 -39
L 124 78 -40
L 125 76 39
D 122 77 2 123 124 125 8
L 126 74 38
D 120 75 2 121 122 126 8
L 128 72 -31
D 127 71 2 117 128 119 29
D 115 73 2 116 120 127 8
L 130 68 37
D 129 67 2 112 130 114 29
D 110 69 2 111 115 129 8
L 133 64 33
D 132 63 2 106 133 108 29
D 131 61 2 104 132 109 29
D 102 65 2 103 110 131 8
L 137 80 -42
L 139 82 -43
L 140 84 -44
L 141 82 43
D 138 83 2 139 140 141 8
L 142 80 42
D 136 81 2 137 138 142 8
L 145 86 -46
L 146 88 -47
L 147 86 46
D 144 87 2 145 146 147 8
L 150 90 -45
L 151 92 -41
L 152 90 45
D 149 91 2 150 151 152 8
L 154 94 48
L 156 96 -49
L 157 98 -50
L 158 96 49
D 155 97 2 156 157 158 8
L 159 94 -48
D 153 95 2 154 155 159 8
L 161 92 41
D 160 91 2 150 161 152 29
D 148 93 2 149 153 160 8
L 163 88 47
D 162 87 2 145 163 147 29
D 143 89 2 144 148 162 8
L 166 84 44
D 165 83 2 139 166 141 29
D 164 81 2 137 165 142 29
D 135 85 2 136 143 164 8
L 170 100 -56
L 171 102 -57
L 172 100 56
D 169 101 2 170 171 172 8
L 174 104 -58
L 176 106 -59
L 177 108 60
L 178 106 59
D 175 107 2 176 177 178 8
L 179 104 58
D 173 105 2 174 175 179 8
L 181 102 57
D 180 101 2 170 181 172 29
D 168 103 2 169 173 180 8
L 185 110 -53
L 186 112 -54
L 187 110 53
D 184 111 2 185 186 187 8
L 189 114 -52
L 191 116 -55
L 192 118 -51
L 193 116 55
D 190 117 2 191 192 193 8
L 194 114 52
D 188 115 2 189 190 194 8
L 196 112 54
D 195 111 2 185 196 187 29
D 183 113 2 184 188 195 8
L 200 120 -76
L 201 122 -77
L 202 120 76
D 199 121 2 200 201 202 8
L 204 124 -78
L 206 126 -79
L 207 128 80
L 208 126 79
D 205 127 2 206 207 208 8
L 209 124 78
D 203 125 2 204 205 209 8
L 211 122 77
D 210 121 2 200 211 202 29
D 198 123 2 199 203 210 8
L 215 130 -73
L 216 132 -72
L 217 130 73
D 214 131 2 215 216 217 8
L 219 134 -71
L 221 136 -74
L 222 138 -75
L 223 136 74
D 220 137 2 221 222 223 8
L 224 134 71
D 218 135 2 219 220 224 8
L 226 132 72
D 225 131 2 215 226 217 29
D 213 133 2 214 218 225 8
L 229 140 -61
L 230 142 -62
L 231 140 61
D 228 141 2 229 230 231 8
L 234 144 -63
L 235 146 -64
L 236 144 63
D 233 145 2 234 235 236 8
L 238 148 -65
L 240 150 -66
L 242 152 -67
L 244 154 -68
L 246 156 -69
L 247 158 70
L 248 156 69
D 245 157 2 246 247 248 8
L 249 154 68
D 243 155 2 244 245 249 8
L 250 152 67
D 241 153 2 242 243 250 8
L 251 150 66
D 239 151 2 240 241 251 8
L 252 148 65
D 237 149 2 238 239 252 8
L 254 146 64
D 253 145 2 234 254 236 29
D 232 147 2 233 237 253 8
L 256 142 62
D 255 141 2 229 256 231 29
D 227 143 2 228 232 255 8
L 260 138 75
D 259 137 2 221 260 223 29
D 258 135 2 219 259 224 29
D 257 133 2 214 258 225 29
D 212 139 2 213 227 257 8
L 264 128 -80
D 263 127 2 206 264 208 29
D 262 125 2 204 263 209 29
D 261 123 2 199 262 210 29
D 197 129 2 198 212 261 8
L 268 118 51
D 267 117 2 191 268 193 29
D 266 115 2 189 267 194 29
D 265 113 2 184 266 195 29
D 182 119 2 183 197 265 8
L 272 108 -60
D 271 107 2 176 272 178 29
D 270 105 2 174 271 179 29
D 269 103 2 169 270 180 29
D 167 109 2 168 182 269 8
D 277 97 2 158 157 156 8
D 276 95 2 159 277 154 8
D 275 93 2 149 276 160 8
D 274 89 2 144 275 162 8
D 273 85 2 136 274 164 8
L 289 158 -70
D 288 157 2 248 289 246 8
D 287 155 2 244 288 249 8
D 286 153 2 242 287 250 8
D 285 151 2 240 286 251 8
D 284 149 2 238 285 252 8
D 283 147 2 233 284 253 8
D 282 143 2 228 283 255 8
D 281 139 2 213 282 257 8
D 292 127 2 208 264 206 8
D 291 125 2 204 292 209 8
D 290 123 2 199 291 210 8
D 295 127 2 206 264 208 207
D 294 125 2 204 295 209 29
D 293 123 2 199 294 210 29
D 280 129 3 198 281 290 212 293 8
D 279 119 2 183 280 265 8
D 298 107 2 178 272 176 8
D 297 105 2 174 298 179 8
D 296 103 2 169 297 180 8
D 301 107 2 176 272 178 177
D 300 105 2 174 301 179 29
D 299 103 2 169 300 180 29
D 278 109 3 168 279 296 182 299 8
L 307 98 50
D 306 97 2 156 307 158 8
D 305 95 2 159 306 154 8
D 304 93 2 149 305 160 8
D 303 89 2 144 304 162 8
D 302 85 2 136 303 164 8
D 318 157 2 246 289 248 8
D 317 155 2 249 318 244 8
D 316 153 2 242 317 250 8
D 315 151 2 240 316 251 8
D 314 149 2 238 315 252 8
D 313 147 2 233 314 253 8
D 312 143 2 228 313 255 8
D 311 139 2 213 312 257 8
D 321 127 2 206 264 208 8
D 320 125 2 209 321 204 8
D 319 123 2 199 320 210 8
D 324 127 2 206 207 208 29
D 323 125 2 204 295 209 324
D 322 123 2 199 323 210 29
D 310 129 4 198 311 290 281 319 212 322 8
D 309 119 2 183 310 265 8
D 327 107 2 176 272 178 8
D 326 105 2 179 327 174 8
D 325 103 2 169 326 180 8
D 330 107 2 176 177 178 29
D 329 105 2 174 301 179 330
D 328 103 2 169 329 180 29
D 308 109 4 168 309 296 279 325 182 328 8
D 335 97 2 156 307 158 29
D 336 97 2 156 157 158 307
D 334 95 2 154 335 159 336
D 333 93 2 149 334 160 29
D 332 89 2 144 333 162 29
D 331 85 2 136 332 164 29
D 134 99 4 135 167 273 278 302 308 331 8
D 339 63 2 108 107 106 8
D 338 61 2 104 339 109 8
D 342 71 2 117 128 119 8
D 343 71 2 117 118 119 29
D 341 73 2 342 120 343 8
D 340 69 2 111 341 129 8
D 345 63 2 108 133 106 29
D 344 61 2 104 345 109 29
D 337 65 2 338 340 344 8
D 349 87 2 145 163 147 8
D 351 95 2 159 155 154 8
D 350 93 2 149 351 160 8
D 352 87 2 145 146 147 29
D 348 89 2 349 350 352 8
D 347 85 2 136 348 164 8
D 362 155 2 244 318 249 8
D 361 153 2 250 362 242 8
D 360 151 2 240 361 251 8
D 359 149 2 238 360 252 8
D 358 147 2 233 359 253 8
D 357 143 2 228 358 255 8
D 356 139 2 213 357 257 8
D 364 121 2 200 211 202 8
D 365 125 2 204 321 209 8
D 366 121 2 200 201 202 29
D 363 123 2 364 365 366 8
D 368 125 2 204 324 209 29
D 367 123 3 199 323 364 368 202 29
D 355 129 5 198 356 290 311 319 281 363 212 367 8
D 354 119 2 183 355 265 8
D 370 101 2 170 181 172 8
D 371 105 2 174 327 179 8
D 372 101 2 170 171 172 29
D 369 103 2 370 371 372 8
D 374 105 2 174 330 179 29
D 373 103 3 169 329 370 374 172 29
D 353 109 5 168 354 296 309 325 279 369 182 373 8
D 378 95 2 159 335 154 29
D 377 93 2 149 378 160 29
D 376 89 3 144 333 349 377 147 29
D 375 85 2 136 376 164 29
D 346 99 5 347 167 135 278 273 308 302 353 375 8
D 381 63 2 106 133 108 8
D 380 61 2 104 381 109 8
D 383 63 2 106 107 108 29
D 382 61 2 104 383 109 29
D 379 65 2 380 340 382 8
D 387 87 2 147 146 145 8
D 388 87 2 147 163 145 29
D 386 89 2 387 350 388 8
D 385 85 2 136 386 164 8
D 397 153 2 242 362 250 8
D 396 151 2 251 397 240 8
D 395 149 2 238 396 252 8
D 394 147 2 233 395 253 8
D 393 143 2 228 394 255 8
D 392 139 2 213 393 257 8
D 399 121 2 202 201 200 8
D 400 121 2 202 211 200 29
D 398 123 2 399 365 400 8
D 402 121 2 202 201 200 211
D 403 121 2 202 211 200 8
D 401 123 3 199 323 402 368 403 29
D 391 129 6 198 392 290 356 319 311 363 281 398 212 401 8
D 390 119 2 183 391 265 8
D 405 101 2 172 171 170 8
D 406 101 2 172 181 170 29
D 404 103 2 405 371 406 8
D 408 101 2 172 171 170 181
D 409 101 2 172 181 170 8
D 407 103 3 169 329 408 374 409 29
D 389 109 6 168 390 296 354 325 309 369 279 404 182 407 8
D 412 87 2 147 146 145 163
D 413 87 2 147 163 145 8
D 411 89 3 144 333 412 377 413 29
D 410 85 2 136 411 164 29
D 384 99 6 385 167 347 278 135 308 273 353 302 389 410 8
D 415 61 2 109 105 104 8
D 416 61 2 109 132 104 29
D 414 65 2 415 340 416 8
D 421 91 2 152 151 150 8
D 422 91 2 152 161 150 29
D 420 93 2 421 351 422 8
D 419 89 2 144 420 162 8
D 418 85 2 136 419 164 8
D 424 103 2 169 371 180 8
D 428 117 2 193 192 191 8
D 427 115 2 189 428 194 8
D 426 113 2 184 427 195 8
D 431 117 2 193 268 191 29
D 430 115 2 189 431 194 29
D 429 113 2 184 430 195 29
D 425 119 2 426 197 429 8
D 438 151 2 240 397 251 8
D 437 149 2 252 438 238 8
D 436 147 2 233 437 253 8
D 435 143 2 228 436 255 8
D 434 139 2 213 435 257 8
D 439 123 2 199 365 210 8
D 443 137 2 221 260 223 8
D 442 135 2 219 443 224 8
D 441 133 2 214 442 225 8
D 446 137 2 221 222 223 29
D 445 135 2 219 446 224 29
D 444 133 2 214 445 225 29
D 440 139 2 441 227 444 8
D 449 127 2 208 207 206 8
D 448 125 2 204 449 209 324
D 447 123 3 199 448 402 368 403 29
D 433 129 7 198 434 439 440 290 392 319 356 363 311 398 281 447 8
D 432 119 2 183 433 265 8
D 452 107 2 178 177 176 8
D 451 105 2 174 452 179 330
D 450 103 3 169 451 408 374 409 29
D 423 109 7 424 425 168 432 296 390 325 354 369 309 404 279 450 8
D 455 93 3 421 378 149 334 161 29
D 454 89 3 144 455 412 377 413 29
D 453 85 2 136 454 164 29
D 417 99 7 418 167 385 278 347 308 135 353 273 389 302 423 453 8
D 459 71 2 119 128 117 8
D 460 71 2 119 118 117 29
D 458 73 2 459 120 460 8
D 457 69 2 111 458 129 8
D 456 65 2 103 457 131 8
D 464 83 2 139 166 141 8
D 463 81 2 137 464 142 8
D 465 89 2 144 350 162 8
D 467 83 2 139 140 141 29
D 466 81 2 137 467 142 29
D 462 85 2 463 465 466 8
D 471 111 2 185 196 187 8
D 472 111 2 185 186 187 29
D 470 113 2 471 188 472 8
D 473 113 3 184 430 471 266 187 29
D 469 119 3 426 280 470 197 473 8
D 479 145 2 234 254 236 8
D 480 149 2 238 438 252 8
D 481 145 2 234 235 236 29
D 478 147 2 479 480 481 8
D 477 143 2 228 478 255 8
D 476 139 2 213 477 257 8
D 485 137 2 223 222 221 8
D 484 135 2 219 485 224 8
D 483 133 2 214 484 225 8
D 488 137 2 221 222 223 260
D 487 135 2 219 488 224 29
D 486 133 2 214 487 225 29
D 482 139 3 483 227 441 282 486 8
D 475 129 7 198 476 439 482 290 434 319 392 363 356 398 311 447 8
D 474 119 2 183 475 265 8
D 468 109 7 424 469 168 474 296 432 325 390 369 354 404 309 450 8
D 490 89 2 144 377 162 29
D 491 81 2 137 141 142 29
D 489 85 3 136 454 463 490 491 29
D 461 99 8 462 167 418 278 385 308 347 353 135 389 273 423 302 468 489 8
D 494 67 2 114 113 112 8
D 495 67 2 114 130 112 29
D 493 69 2 494 341 495 8
D 492 65 2 103 493 131 8
D 499 83 2 141 140 139 8
D 498 81 2 137 499 142 8
D 501 83 2 141 166 139 29
D 500 81 2 137 501 142 29
D 497 85 2 498 465 500 8
D 505 111 2 187 186 185 8
D 506 111 2 187 196 185 29
D 504 113 2 505 188 506 8
D 508 111 2 187 186 185 196
D 509 111 2 187 196 185 8
D 507 113 3 184 430 508 266 509 29
D 503 119 4 470 280 426 310 504 197 507 8
D 515 145 2 236 235 234 8
D 516 145 2 236 254 234 29
D 514 147 2 515 480 516 8
D 513 143 2 228 514 255 8
D 512 139 2 213 513 257 8
D 519 131 2 217 216 215 8
D 520 131 2 217 226 215 29
D 518 133 2 519 218 520 8
D 521 133 3 214 487 519 258 226 29
D 517 139 4 518 227 483 282 441 312 521 8
D 511 129 7 198 512 439 517 290 476 319 434 363 392 398 356 447 8
D 510 119 2 183 511 265 8
D 502 109 7 424 503 168 510 296 474 325 432 369 390 404 354 450 8
D 524 83 2 141 140 139 166
D 523 81 2 137 524 142 8
D 526 83 2 141 166 139 8
D 525 81 2 137 526 142 29
D 522 85 3 136 454 523 490 525 29
D 496 99 9 497 167 462 278 418 308 385 353 347 389 135 423 273 468 302 502 522 8
D 529 67 2 112 130 114 8
D 530 67 2 112 113 114 29
D 528 69 2 529 341 530 8
D 527 65 2 103 528 131 8
D 533 81 2 142 138 137 8
D 534 81 2 142 165 137 29
D 532 85 2 533 465 534 8
D 538 115 2 194 190 189 8
D 537 113 2 184 538 195 8
D 540 115 2 189 431 194 267
D 539 113 3 184 540 508 266 509 29
D 536 119 5 426 355 504 280 470 310 537 197 539 8
D 545 131 2 215 226 217 8
D 546 131 2 215 216 217 29
D 544 133 2 545 218 546 8
D 548 131 2 217 216 215 226
D 549 131 2 217 226 215 8
D 547 133 3 214 487 548 258 549 29
D 543 139 5 544 227 518 282 483 312 441 357 547 8
D 552 141 2 229 256 231 8
D 553 147 2 233 480 253 8
D 554 141 2 229 230 231 29
D 551 143 2 552 553 554 8
D 550 139 2 213 551 257 8
D 542 129 7 439 543 290 512 198 550 319 476 363 434 398 392 447 8
D 541 119 2 183 542 265 8
D 535 109 7 424 536 168 541 296 510 325 474 369 432 404 390 450 8
D 556 81 2 137 524 142 138
D 557 81 2 137 526 142 165
D 555 85 3 136 454 556 490 557 29
D 531 99 10 532 167 497 278 462 308 418 353 385 389 347 423 135 468 273 502 302 535 555 8
D 561 75 2 126 122 121 8
D 560 73 2 342 561 343 8
D 559 69 2 111 560 129 8
D 558 65 2 103 559 131 8
D 566 91 2 150 161 152 8
D 567 91 2 150 151 152 29
D 565 93 2 566 351 567 8
D 564 89 2 144 565 162 8
D 563 85 2 136 564 164 8
D 572 117 2 191 268 193 8
D 571 115 2 189 572 194 8
D 570 113 2 184 571 195 8
D 575 117 2 191 192 193 268
D 574 115 2 189 575 194 267
D 573 113 3 184 574 508 266 509 29
D 569 119 6 426 391 470 355 537 280 504 310 570 197 573 8
D 580 135 2 224 220 219 8
D 579 133 2 214 580 225 8
D 582 135 2 219 488 224 259
D 581 133 3 214 582 548 258 549 29
D 578 139 6 579 227 544 282 518 312 441 393 483 357 581 8
D 585 141 2 231 230 229 8
D 586 141 2 231 256 229 29
D 584 143 2 585 553 586 8
D 583 139 2 213 584 257 8
D 577 129 7 439 578 319 512 290 550 363 476 198 583 398 434 447 8
D 576 119 2 183 577 265 8
D 568 109 7 424 569 168 576 296 541 325 510 369 474 404 432 450 8
D 590 91 2 152 151 150 161
D 591 91 2 152 161 150 8
D 589 93 3 590 378 149 334 591 29
D 588 89 3 412 377 144 589 413 29
D 587 85 3 556 490 136 588 557 29
D 562 99 11 563 167 532 278 497 308 462 353 418 389 385 423 347 468 135 502 273 535 302 568 587 8
D 596 77 2 125 124 123 8
D 595 75 2 121 596 126 8
D 594 73 2 342 595 343 8
D 593 69 2 111 594 129 8
D 592 65 2 103 593 131 8
D 599 119 6 426 433 470 391 504 355 570 280 537 310 573 8
D 602 139 6 579 282 544 312 441 435 483 393 518 357 581 8
D 604 125 2 209 324 204 207
D 603 123 3 199 604 402 368 403 29
D 601 129 6 439 602 363 512 319 550 398 476 290 583 603 8
D 600 119 2 183 601 265 8
D 598 109 7 424 599 296 576 168 600 325 541 369 510 404 474 450 8
D 597 99 11 563 278 532 308 497 353 462 389 418 423 385 468 347 502 135 535 273 568 302 598 587 8
L 610 78 40
D 609 77 2 123 610 125 8
D 608 75 2 121 609 126 8
D 607 73 2 342 608 343 8
D 606 69 2 111 607 129 8
D 605 65 2 103 606 131 8
D 613 119 6 470 433 426 475 504 391 537 355 570 310 573 8
D 616 139 6 579 312 441 477 483 435 518 393 544 357 581 8
D 617 123 3 402 368 199 324 403 29
D 615 129 5 439 616 398 512 363 550 319 583 617 8
D 614 119 2 183 615 265 8
D 612 109 7 424 613 325 576 296 600 168 614 369 541 404 510 450 8
D 611 99 11 563 308 532 353 497 389 462 423 418 468 385 502 347 535 135 568 273 598 302 612 587 8
D 620 63 2 108 107 106 133
D 619 61 2 104 620 109 105
D 624 77 2 123 610 125 29
D 623 75 2 121 624 126 29
D 622 73 2 342 623 343 29
D 621 69 2 111 622 129 29
D 626 67 2 114 113 112 130
D 628 71 2 119 128 117 118
D 630 77 2 123 124 125 610
D 629 75 2 126 624 121 630
D 631 71 2 119 118 117 8
D 627 73 3 628 623 342 629 631 29
D 632 67 2 114 130 112 8
D 625 69 3 626 622 111 627 632 29
D 634 63 2 108 133 106 8
D 633 61 2 104 634 109 132
D 618 65 3 619 621 103 625 633 29
D 101 79 11 102 134 337 346 379 384 414 417 456 461 492 496 527 531 558 562 592 597 605 611 618 8
D 637 43 2 75 74 73 8
D 636 41 2 71 637 76 8
D 640 51 2 84 95 86 8
D 641 51 2 84 85 86 29
D 639 53 2 640 87 641 8
D 638 49 2 78 639 96 8
D 643 43 2 75 100 73 29
D 642 41 2 71 643 76 29
D 635 45 2 636 638 642 8
D 647 119 6 504 433 470 475 426 511 537 391 570 355 573 8
D 650 139 6 441 513 483 477 518 435 544 393 579 357 581 8
D 652 121 2 202 201 200 29
D 651 123 2 652 368 403 29
D 649 129 4 398 550 439 650 363 583 651 8
D 648 119 2 183 649 265 8
D 646 109 7 424 647 369 576 325 600 296 614 168 648 404 541 450 8
D 645 99 11 563 353 532 389 497 423 462 468 418 502 385 535 347 568 135 598 273 612 302 646 587 8
D 644 79 11 102 346 337 384 379 417 414 461 456 496 492 531 527 562 558 597 592 611 605 645 618 8
D 655 43 2 73 100 75 8
D 654 41 2 71 655 76 8
D 657 43 2 73 74 75 29
D 656 41 2 71 657 76 29
D 653 45 2 654 638 656 8
D 661 119 6 537 433 504 475 470 511 426 542 570 391 573 8
D 664 139 6 483 513 518 477 544 435 579 393 441 551 581 8
D 665 123 2 201 368 211 29
D 663 129 3 398 583 439 664 665 8
D 662 119 2 183 663 265 8
D 660 109 7 424 661 404 576 369 600 325 614 296 648 168 662 450 8
D 659 99 11 563 389 532 423 497 468 462 502 418 535 385 568 347 598 135 612 273 646 302 660 587 8
D 658 79 11 102 384 337 417 379 461 414 496 456 531 492 562 527 597 558 611 592 645 605 659 618 8
D 667 41 2 76 72 71 8
D 668 41 2 76 99 71 29
D 666 45 2 667 638 668 8
D 672 119 6 570 433 537 475 504 511 470 542 426 577 573 8
D 675 139 6 518 513 544 477 579 435 483 551 441 584 581 8
D 676 123 2 199 368 210 29
D 674 129 2 439 675 676 8
D 673 119 2 183 674 265 8
D 671 109 7 404 600 424 672 369 614 325 648 296 662 168 673 450 8
D 670 99 11 563 423 532 468 497 502 462 535 418 568 385 598 347 612 135 646 273 660 302 671 587 8
D 669 79 11 102 417 337 461 379 496 414 531 456 562 492 597 527 611 558 645 592 659 605 670 618 8
D 680 51 2 86 95 84 8
D 681 51 2 86 85 84 29
D 679 53 2 680 87 681 8
D 678 49 2 78 679 96 8
D 677 45 2 70 678 98 8
D 685 119 6 570 475 537 511 504 542 470 577 426 601 573 8
D 691 137 2 223 260 221 29
D 690 135 2 219 691 224 259
D 689 133 3 214 690 548 258 549 29
D 688 139 5 544 513 579 477 518 551 483 584 689 8
D 687 129 2 439 688 676 8
D 686 119 2 183 687 265 8
D 684 109 7 404 614 424 685 369 648 325 662 296 673 168 686 450 8
D 683 99 11 563 468 532 502 497 535 462 568 418 598 385 612 347 646 135 660 273 671 302 684 587 8
D 682 79 11 102 461 337 496 379 531 414 562 456 597 492 611 527 645 558 659 592 670 605 683 618 8
D 694 47 2 81 80 79 8
D 695 47 2 81 97 79 29
D 693 49 2 694 639 695 8
D 692 45 2 70 693 98 8
D 699 119 6 570 511 537 542 504 577 470 601 426 615 573 8
D 704 135 2 224 259 219 29
D 703 133 3 548 258 214 704 549 29
D 702 139 4 579 513 544 551 518 584 703 8
D 701 129 2 439 702 676 8
D 700 119 2 183 701 265 8
D 698 109 7 404 648 424 699 369 662 325 673 296 686 168 700 450 8
D 697 99 11 563 502 532 535 497 568 462 598 418 612 385 646 347 660 135 671 273 684 302 698 587 8
D 696 79 11 102 496 337 531 379 562 414 597 456 611 492 645 527 659 558 670 592 683 605 697 618 8
D 707 47 2 79 97 81 8
D 708 47 2 79 80 81 29
D 706 49 2 707 639 708 8
D 705 45 2 70 706 98 8
D 712 119 6 570 542 537 577 504 601 470 615 426 649 573 8
D 716 133 3 545 258 214 704 217 29
D 715 139 3 579 551 544 584 716 8
D 714 129 2 439 715 676 8
D 713 119 2 183 714 265 8
D 711 109 7 404 662 424 712 369 673 325 686 296 700 168 713 450 8
D 710 99 11 563 535 532 568 497 598 462 612 418 646 385 660 347 671 135 684 273 698 302 711 587 8
D 709 79 11 102 531 337 562 379 597 414 611 456 645 492 659 527 670 558 683 592 697 605 710 618 8
D 720 55 2 93 89 88 8
D 719 53 2 640 720 641 8
D 718 49 2 78 719 96 8
D 717 45 2 70 718 98 8
D 724 119 6 570 577 537 601 504 615 470 649 426 663 573 8
D 728 133 2 214 704 225 29
D 727 139 2 579 584 728 8
D 726 129 2 439 727 676 8
D 725 119 2 183 726 265 8
D 723 109 7 404 673 424 724 369 686 325 700 296 713 168 725 450 8
D 722 99 11 563 568 532 598 497 612 462 646 418 660 385 671 347 684 135 698 273 711 302 723 587 8
D 721 79 11 102 562 337 597 379 611 414 645 456 659 492 670 527 683 558 697 592 710 605 722 618 8
D 733 57 2 92 91 90 8
D 732 55 2 88 733 93 8
D 731 53 2 640 732 641 8
D 730 49 2 78 731 96 8
D 729 45 2 70 730 98 8
D 737 119 6 570 601 537 615 504 649 470 663 426 674 573 8
D 739 105 2 179 330 174 177
D 738 103 3 169 739 408 374 409 29
D 736 109 6 404 686 424 737 369 700 325 713 296 725 738 8
D 735 99 11 563 598 532 612 497 646 462 660 418 671 385 684 347 698 135 711 273 723 302 736 587 8
D 734 79 11 102 597 337 611 379 645 414 659 456 670 492 683 527 697 558 710 592 722 605 735 618 8
L 745 58 30
D 744 57 2 90 745 92 8
D 743 55 2 88 744 93 8
D 742 53 2 640 743 641 8
D 741 49 2 78 742 96 8
D 740 45 2 70 741 98 8
D 749 119 6 570 615 537 649 504 663 470 674 426 687 573 8
D 750 103 3 408 374 169 330 409 29
D 748 109 5 404 700 424 749 369 713 325 725 750 8
D 747 99 11 563 612 532 646 497 660 462 671 418 684 385 698 347 711 135 723 273 736 302 748 587 8
D 746 79 11 102 611 337 645 379 659 414 670 456 683 492 697 527 710 558 722 592 735 605 747 618 8
D 753 43 2 75 74 73 100
D 752 41 2 71 753 76 72
D 757 57 2 90 745 92 29
D 756 55 2 88 757 93 29
D 755 53 2 640 756 641 29
D 754 49 2 78 755 96 29
D 759 47 2 81 80 79 97
D 761 51 2 86 95 84 85
D 763 57 2 90 91 92 745
D 762 55 2 93 757 88 763
D 764 51 2 86 85 84 8
D 760 53 3 761 756 640 762 764 29
D 765 47 2 81 97 79 8
D 758 49 3 759 755 78 760 765 29
D 767 43 2 75 100 73 8
D 766 41 2 71 767 76 99
D 751 45 3 752 754 70 758 766 29
D 68 59 11 69 101 635 644 653 658 666 669 677 682 692 696 705 709 717 721 729 734 740 746 751 8
D 770 23 2 42 41 40 8
D 769 21 2 38 770 43 8
D 773 31 2 51 62 53 8
D 774 31 2 51 52 53 29
D 772 33 2 773 54 774 8
D 771 29 2 45 772 63 8
D 776 23 2 42 67 40 29
D 775 21 2 38 776 43 29
D 768 25 2 769 771 775 8
D 781 119 6 570 649 537 663 504 674 470 687 426 701 573 8
D 783 101 2 172 171 170 29
D 782 103 2 783 374 409 29
D 780 109 4 404 713 424 781 369 725 782 8
D 779 99 11 563 646 532 660 497 671 462 684 418 698 385 711 347 723 135 736 273 748 302 780 587 8
D 778 79 11 102 645 337 659 379 670 414 683 456 697 492 710 527 722 558 735 592 747 605 779 618 8
D 777 59 11 69 644 635 658 653 669 666 682 677 696 692 709 705 721 717 734 729 746 740 778 751 8
D 786 23 2 40 67 42 8
D 785 21 2 38 786 43 8
D 788 23 2 40 41 42 29
D 787 21 2 38 788 43 29
D 784 25 2 785 771 787 8
D 793 119 6 570 663 537 674 504 687 470 701 426 714 573 8
D 794 103 2 171 374 181 29
D 792 109 3 404 725 424 793 794 8
D 791 99 11 563 660 532 671 497 684 462 698 418 711 385 723 347 736 135 748 273 780 302 792 587 8
D 790 79 11 102 659 337 670 379 683 414 697 456 710 492 722 527 735 558 747 592 779 605 791 618 8
D 789 59 11 69 658 635 669 653 682 666 696 677 709 692 721 705 734 717 746 729 778 740 790 751 8
D 796 21 2 43 39 38 8
D 797 21 2 43 66 38 29
D 795 25 2 796 771 797 8
D 802 119 6 570 674 537 687 504 701 470 714 426 726 573 8
D 803 103 2 169 374 180 29
D 801 109 2 424 802 803 8
D 800 99 11 563 671 532 684 497 698 462 711 418 723 385 736 347 748 135 780 273 792 302 801 587 8
D 799 79 11 102 670 337 683 379 697 414 710 456 722 492 735 527 747 558 779 592 791 605 800 618 8
D 798 59 11 69 669 635 682 653 696 666 709 677 721 692 734 705 746 717 778 729 790 740 799 751 8
D 807 31 2 53 62 51 8
D 808 31 2 53 52 51 29
D 806 33 2 807 54 808 8
D 805 29 2 45 806 63 8
D 804 25 2 37 805 65 8
D 816 117 2 191 192 193 29
D 815 115 2 194 267 189 816
D 814 113 3 184 815 508 266 509 29
D 813 119 5 570 687 537 701 504 714 470 726 814 8
D 812 109 2 424 813 803 8
D 811 99 11 563 684 532 698 497 711 462 723 418 736 385 748 347 780 135 792 273 801 302 812 587 8
D 810 79 11 102 683 337 697 379 710 414 722 456 735 492 747 527 779 558 791 592 800 605 811 618 8
D 809 59 11 69 682 635 696 653 709 666 721 677 734 692 746 705 778 717 790 729 799 740 810 751 8
D 819 27 2 48 47 46 8
D 820 27 2 48 64 46 29
D 818 29 2 819 772 820 8
D 817 25 2 37 818 65 8
D 826 113 3 184 815 505 266 196 29
D 825 119 4 570 701 537 714 504 726 826 8
D 824 109 2 424 825 803 8
D 823 99 11 563 698 532 711 497 723 462 736 418 748 385 780 347 792 135 801 273 812 302 824 587 8
D 822 79 11 102 697 337 710 379 722 414 735 456 747 492 779 527 791 558 800 592 811 605 823 618 8
D 821 59 11 69 696 635 709 653 721 666 734 677 746 692 778 705 790 717 799 729 810 740 822 751 8
D 829 27 2 46 64 48 8
D 830 27 2 46 47 48 29
D 828 29 2 829 772 830 8
D 827 25 2 37 828 65 8
D 836 113 2 184 815 195 29
D 835 119 3 570 714 537 726 836 8
D 834 109 2 424 835 803 8
D 833 99 11 563 711 532 723 497 736 462 748 418 780 385 792 347 801 135 812 273 824 302 834 587 8
D 832 79 11 102 710 337 722 379 735 414 747 456 779 492 791 527 800 558 811 592 823 605 833 618 8
D 831 59 11 69 709 635 721 653 734 666 746 677 778 692 790 705 799 717 810 729 822 740 832 751 8
D 840 35 2 60 56 55 8
D 839 33 2 773 840 774 8
D 838 29 2 45 839 63 8
D 837 25 2 37 838 65 8
D 847 115 2 189 816 194 29
D 846 113 2 184 847 195 29
D 845 119 2 570 726 846 8
D 844 109 2 424 845 803 8
D 843 99 11 563 723 532 736 497 748 462 780 418 792 385 801 347 812 135 824 273 834 302 844 587 8
D 842 79 11 102 722 337 735 379 747 414 779 456 791 492 800 527 811 558 823 592 833 605 843 618 8
D 841 59 11 69 721 635 734 653 746 666 778 677 790 692 799 705 810 717 822 729 832 740 842 751 8
D 852 37 2 59 58 57 8
D 851 35 2 55 852 60 8
D 850 33 2 773 851 774 8
D 849 29 2 45 850 63 8
D 848 25 2 37 849 65 8
D 860 97 2 158 307 156 29
D 859 95 2 159 860 154 335
D 858 93 3 149 859 590 378 591 29
D 857 89 3 144 858 412 377 413 29
D 856 85 3 136 857 556 490 557 29
D 855 99 10 563 736 532 748 497 780 462 792 418 801 385 812 347 824 135 834 273 844 856 8
D 854 79 11 102 735 337 747 379 779 414 791 456 800 492 811 527 823 558 833 592 843 605 855 618 8
D 853 59 11 69 734 635 746 653 778 666 790 677 799 692 810 705 822 717 832 729 842 740 854 751 8
L 866 38 20
D 865 37 2 57 866 59 8
D 864 35 2 55 865 60 8
D 863 33 2 773 864 774 8
D 862 29 2 45 863 63 8
D 861 25 2 37 862 65 8
D 873 95 2 154 335 159 29
D 872 93 3 149 873 590 378 591 29
D 871 89 3 144 872 412 377 413 29
D 870 85 3 136 871 556 490 557 29
D 869 99 9 563 748 532 780 497 792 462 801 418 812 385 824 347 834 135 844 870 8
D 868 79 11 102 747 337 779 379 791 414 800 456 811 492 823 527 833 558 843 592 855 605 869 618 8
D 867 59 11 69 746 635 778 653 790 666 799 677 810 692 822 705 832 717 842 729 854 740 868 751 8
D 876 23 2 42 41 40 67
D 875 21 2 38 876 43 39
D 880 37 2 57 866 59 29
D 879 35 2 55 880 60 29
D 878 33 2 773 879 774 29
D 877 29 2 45 878 63 29
D 882 27 2 48 47 46 64
D 884 31 2 53 62 51 52
D 886 37 2 57 58 59 866
D 885 35 2 60 880 55 886
D 887 31 2 53 52 51 8
D 883 33 3 884 879 773 885 887 29
D 888 27 2 48 64 46 8
D 881 29 3 882 878 45 883 888 29
D 890 23 2 42 67 40 8
D 889 21 2 38 890 43 66
D 874 25 3 875 877 37 881 889 29
D 35 39 11 36 68 768 777 784 789 795 798 804 809 817 821 827 831 837 841 848 853 861 867 874 8
D 893 3 2 7 6 5 8
D 892 1 2 3 893 9 8
D 896 11 2 17 28 19 8
D 897 11 2 17 18 19 29
D 895 13 2 896 20 897 8
D 894 9 2 11 895 30 8
D 899 3 2 7 34 5 29
D 898 1 2 3 899 9 29
D 891 5 2 892 894 898 8
D 907 91 2 150 151 152 161
D 906 93 2 590 378 907 29
D 905 89 3 144 906 412 377 413 29
D 904 85 3 136 905 556 490 557 29
D 903 99 8 563 780 532 792 497 801 462 812 418 824 385 834 347 844 904 8
D 902 79 11 102 779 337 791 379 800 414 811 456 823 492 833 527 843 558 855 592 869 605 903 618 8
D 901 59 11 69 778 635 790 653 799 666 810 677 822 692 832 705 842 717 854 729 868 740 902 751 8
D 900 39 11 36 777 768 789 784 798 795 809 804 821 817 831 827 841 837 853 848 867 861 901 874 8
D 910 3 2 5 34 7 8
D 909 1 2 3 910 9 8
D 912 3 2 5 6 7 29
D 911 1 2 3 912 9 29
D 908 5 2 909 894 911 8
D 918 89 3 144 906 387 377 163 29
D 917 85 3 136 918 556 490 557 29
D 916 99 7 563 792 532 801 497 812 462 824 418 834 385 844 917 8
D 915 79 11 102 791 337 800 379 811 414 823 456 833 492 843 527 855 558 869 592 903 605 916 618 8
D 914 59 11 69 790 635 799 653 810 666 822 677 832 692 842 705 854 717 868 729 902 740 915 751 8
D 913 39 11 36 789 768 798 784 809 795 821 804 831 817 841 827 853 837 867 848 901 861 914 874 8
D 920 1 2 9 4 3 8
D 921 1 2 9 33 3 29
D 919 5 2 920 894 921 8
D 927 89 2 144 906 162 29
D 926 85 3 136 927 556 490 557 29
D 925 99 6 563 801 532 812 497 824 462 834 418 844 926 8
D 924 79 11 102 800 337 811 379 823 414 833 456 843 492 855 527 869 558 903 592 916 605 925 618 8
D 923 59 11 69 799 635 810 653 822 666 832 677 842 692 854 705 868 717 902 729 915 740 924 751 8
D 922 39 11 36 798 768 809 784 821 795 831 804 841 817 853 827 867 837 901 848 914 861 923 874 8
D 931 11 2 19 28 17 8
D 932 11 2 19 18 17 29
D 930 13 2 931 20 932 8
D 929 9 2 11 930 30 8
D 928 5 2 2 929 32 8
D 939 93 2 566 378 567 29
D 938 89 2 144 939 162 29
D 937 85 3 136 938 556 490 557 29
D 936 99 5 563 812 532 824 497 834 462 844 937 8
D 935 79 11 102 811 337 823 379 833 414 843 456 855 492 869 527 903 558 916 592 925 605 936 618 8
D 934 59 11 69 810 635 822 653 832 666 842 677 854 692 868 705 902 717 915 729 924 740 935 751 8
D 933 39 11 36 809 768 821 784 831 795 841 804 853 817 867 827 901 837 914 848 923 861 934 874 8
D 942 7 2 14 13 12 8
D 943 7 2 14 31 12 29
D 941 9 2 942 895 943 8
D 940 5 2 2 941 32 8
D 949 81 2 137 499 142 138
D 950 81 2 142 165 137 166
D 948 85 3 136 938 949 490 950 29
D 947 99 4 563 824 532 834 497 844 948 8
D 946 79 11 102 823 337 833 379 843 414 855 456 869 492 903 527 916 558 925 592 936 605 947 618 8
D 945 59 11 69 822 635 832 653 842 666 854 677 868 692 902 705 915 717 924 729 935 740 946 751 8
D 944 39 11 36 821 768 831 784 841 795 853 804 867 817 901 827 914 837 923 848 934 861 945 874 8
D 953 7 2 12 31 14 8
D 954 7 2 12 13 14 29
D 952 9 2 953 895 954 8
D 951 5 2 2 952 32 8
D 959 85 3 136 938 533 490 165 29
D 958 99 3 563 834 532 844 959 8
D 957 79 11 102 833 337 843 379 855 414 869 456 903 492 916 527 925 558 936 592 947 605 958 618 8
D 956 59 11 69 832 635 842 653 854 666 868 677 902 692 915 705 924 717 935 729 946 740 957 751 8
D 955 39 11 36 831 768 841 784 853 795 867 804 901 817 914 827 923 837 934 848 945 861 956 874 8
D 963 15 2 26 22 21 8
D 962 13 2 896 963 897 8
D 961 9 2 11 962 30 8
D 960 5 2 2 961 32 8
D 968 85 2 136 938 164 29
D 967 99 2 563 844 968 8
D 966 79 11 102 843 337 855 379 869 414 903 456 916 492 925 527 936 558 947 592 958 605 967 618 8
D 965 59 11 69 842 635 854 653 868 666 902 677 915 692 924 705 935 717 946 729 957 740 966 751 8
D 964 39 11 36 841 768 853 784 867 795 901 804 914 817 923 827 934 837 945 848 956 861 965 874 8
D 973 17 2 25 24 23 8
D 972 15 2 21 973 26 8
D 971 13 2 896 972 897 8
D 970 9 2 11 971 30 8
D 969 5 2 2 970 32 8
D 981 77 2 125 610 123 29
D 980 75 2 121 981 126 624
D 979 73 3 342 980 628 623 631 29
D 978 69 3 111 979 626 622 632 29
D 977 65 3 103 978 619 621 633 29
D 976 79 10 102 855 337 869 379 903 414 916 456 925 492 936 527 947 558 958 592 967 977 8
D 975 59 11 69 854 635 868 653 902 666 915 677 924 692 935 705 946 717 957 729 966 740 976 751 8
D 974 39 11 36 853 768 867 784 901 795 914 804 923 817 934 827 945 837 956 848 965 861 975 874 8
L 987 18 10
D 986 17 2 23 987 25 8
D 985 15 2 21 986 26 8
D 984 13 2 896 985 897 8
D 983 9 2 11 984 30 8
D 982 5 2 2 983 32 8
D 994 75 2 126 624 121 29
D 993 73 3 342 994 628 623 631 29
D 992 69 3 111 993 626 622 632 29
D 991 65 3 103 992 619 621 633 29
D 990 79 9 102 869 337 903 379 916 414 925 456 936 492 947 527 958 558 967 991 8
D 989 59 11 69 868 635 902 653 915 666 924 677 935 692 946 705 957 717 966 729 976 740 990 751 8
D 988 39 11 36 867 768 901 784 914 795 923 804 934 817 945 827 956 837 965 848 975 861 989 874 8
D 999 17 2 23 24 25 987
D 1000 17 2 23 987 25 29
D 998 15 2 21 999 26 1000
D 1001 11 2 19 28 17 18
D 1002 15 2 21 1000 26 29
D 1003 11 2 19 18 17 8
D 997 13 3 896 998 1001 1002 1003 29
D 1004 7 2 14 13 12 31
D 1005 13 2 896 1002 897 29
D 1006 7 2 14 31 12 8
D 996 9 3 11 997 1004 1005 1006 29
D 1008 3 2 7 6 5 34
D 1007 1 2 3 1008 9 4
D 1009 9 2 11 1005 30 29
D 1011 3 2 7 34 5 8
D 1010 1 2 3 1011 9 33
D 995 5 3 2 996 1007 1009 1010 29
D 0 19 11 1 35 891 900 908 913 919 922 928 933 940 944 951 955 960 964 969 974 982 988 995 8
