c ids of sdd nodes start at 0
c sdd nodes appear bottom-up, children before parents
c
c file syntax:
c sdd count-of-sdd-nodes
c F id-of-false-sdd-node
c T id-of-true-sdd-node
c L id-of-literal-sdd-node id-of-vtree literal
c D id-of-decomposition-sdd-node id-of-vtree number-of-elements {id-of-prime id-of-sub}*
c
sdd 1014
L 3 0 -4
L 5 2 -2
L 6 4 -3
L 7 2 2
F 8
D 4 3 2 5 6 7 8
L 9 0 4
D 2 1 2 3 4 9 8
L 12 6 -6
L 13 8 -7
L 14 6 6
D 11 7 2 12 13 14 8
L 17 10 -5
L 18 12 1
L 19 10 5
D 16 11 2 17 18 19 8
L 21 14 -8
L 23 16 -9
L 24 18 -10
L 25 16 9
D 22 17 2 23 24 25 8
L 26 14 8
D 20 15 2 21 22 26 8
L 28 12 -1
T 29
D 27 11 2 17 28 19 29
D 15 13 2 16 20 27 8
L 31 8 7
D 30 7 2 12 31 14 29
D 10 9 2 11 15 30 8
L 34 4 3
D 33 3 2 5 34 7 29
D 32 1 2 3 33 9 29
D 1 5 2 2 10 32 8
L 38 20 -14
L 40 22 -12
L 41 24 -13
L 42 22 12
D 39 23 2 40 41 42 8
L 43 20 14
D 37 21 2 38 39 43 8
L 46 26 -16
L 47 28 -17
L 48 26 16
D 45 27 2 46 47 48 8
L 51 30 -15
L 52 32 11
L 53 30 15
D 50 31 2 51 52 53 8
L 55 34 -18
L 57 36 -19
L 58 38 -20
L 59 36 19
D 56 37 2 57 58 59 8
L 60 34 18
D 54 35 2 55 56 60 8
L 62 32 -11
D 61 31 2 51 62 53 29
D 49 33 2 50 54 61 8
L 64 28 17
D 63 27 2 46 64 48 29
D 44 29 2 45 49 63 8
L 67 24 13
D 66 23 2 40 67 42 29
D 65 21 2 38 66 43 29
D 36 25 2 37 44 65 8
L 71 40 -24
L 73 42 -22
L 74 44 -23
L 75 42 22
D 72 43 2 73 74 75 8
L 76 40 24
D 70 41 2 71 72 76 8
L 79 46 -26
L 80 48 -27
L 81 46 26
D 78 47 2 79 80 81 8
L 84 50 -25
L 85 52 21
L 86 50 25
D 83 51 2 84 85 86 8
L 88 54 -28
L 90 56 -29
L 91 58 -30
L 92 56 29
D 89 57 2 90 91 92 8
L 93 54 28
D 87 55 2 88 89 93 8
L 95 52 -21
D 94 51 2 84 95 86 29
D 82 53 2 83 87 94 8
L 97 48 27
D 96 47 2 79 97 81 29
D 77 49 2 78 82 96 8
L 100 44 23
D 99 43 2 73 100 75 29
D 98 41 2 71 99 76 29
D 69 45 2 70 77 98 8
L 104 60 -34
L 106 62 -32
L 107 64 -33
L 108 62 32
D 105 63 2 106 107 108 8
L 109 60 34
D 103 61 2 104 105 109 8
L 112 66 -36
L 113 68 -37
L 114 66 36
D 111 67 2 112 113 114 8
L 117 70 -35
L 118 72 31
L 119 70 35
D 116 71 2 117 118 119 8
L 121 74 -38
L 123 76 -39
L 124 78 -40
L 125 76 39
D 122 77 2 123 124 125 8
L 126 74 38
D 120 75 2 121 122 126 8
L 128 72 -31
D 127 71 2 117 128 119 29
D 115 73 2 116 120 127 8
L 130 68 37
D 129 67 2 112 130 114 29
D 110 69 2 111 115 129 8
L 133 64 33
D 132 63 2 106 133 108 29
D 131 61 2 104 132 109 29
D 102 65 2 103 110 131 8
L 137 80 -42
L 139 82 -43
L 140 84 -44
L 141 82 43
D 138 83 2 139 140 141 8
L 142 80 42
D 136 81 2 137 138 142 8
L 145 86 -46
L 146 88 -47
L 147 86 46
D 144 87 2 145 146 147 8
L 150 90 -45
L 151 92 -41
L 152 90 45
D 149 91 2 150 151 152 8
L 154 94 -48
L 156 96 -49
L 157 98 50
L 158 96 49
D 155 97 2 156 157 158 8
L 159 94 48
D 153 95 2 154 155 159 8
L 161 92 41
D 160 91 2 150 161 152 29
D 148 93 2 149 153 160 8
L 163 88 47
D 162 87 2 145 163 147 29
D 143 89 2 144 148 162 8
L 166 84 44
D 165 83 2 139 166 141 29
D 164 81 2 137 165 142 29
D 135 85 2 136 143 164 8
L 170 100 -56
L 171 102 -57
L 172 100 56
D 169 101 2 170 171 172 8
L 174 104 -58
L 176 106 -59
L 177 108 60
L 178 106 59
D 175 107 2 176 177 178 8
L 179 104 58
D 173 105 2 174 175 179 8
L 181 102 57
D 180 101 2 170 181 172 29
D 168 103 2 169 173 180 8
L 185 110 -53
L 186 112 -54
L 187 110 53
D 184 111 2 185 186 187 8
L 189 114 -52
L 191 116 -55
L 192 118 -51
L 193 116 55
D 190 117 2 191 192 193 8
L 194 114 52
D 188 115 2 189 190 194 8
L 196 112 54
D 195 111 2 185 196 187 29
D 183 113 2 184 188 195 8
L 200 120 -76
L 201 122 -77
L 202 120 76
D 199 121 2 200 201 202 8
L 204 124 -78
L 206 126 -79
L 207 128 80
L 208 126 79
D 205 127 2 206 207 208 8
L 209 124 78
D 203 125 2 204 205 209 8
L 211 122 77
D 210 121 2 200 211 202 29
D 198 123 2 199 203 210 8
L 215 130 -73
L 216 132 -72
L 217 130 73
D 214 131 2 215 216 217 8
L 219 134 -71
L 221 136 -74
L 222 138 -75
L 223 136 74
D 220 137 2 221 222 223 8
L 224 134 71
D 218 135 2 219 220 224 8
L 226 132 72
D 225 131 2 215 226 217 29
D 213 133 2 214 218 225 8
L 229 140 -61
L 230 142 -62
L 231 140 61
D 228 141 2 229 230 231 8
L 234 144 -63
L 235 146 -64
L 236 144 63
D 233 145 2 234 235 236 8
L 238 148 -65
L 240 150 -66
L 242 152 -67
L 244 154 -68
L 246 156 -69
L 247 158 70
L 248 156 69
D 245 157 2 246 247 248 8
L 249 154 68
D 243 155 2 244 245 249 8
L 250 152 67
D 241 153 2 242 243 250 8
L 251 150 66
D 239 151 2 240 241 251 8
L 252 148 65
D 237 149 2 238 239 252 8
L 254 146 64
D 253 145 2 234 254 236 29
D 232 147 2 233 237 253 8
L 256 142 62
D 255 141 2 229 256 231 29
D 227 143 2 228 232 255 8
L 260 138 75
D 259 137 2 221 260 223 29
D 258 135 2 219 259 224 29
D 257 133 2 214 258 225 29
D 212 139 2 213 227 257 8
L 264 128 -80
D 263 127 2 206 264 208 29
D 262 125 2 204 263 209 29
D 261 123 2 199 262 210 29
D 197 129 2 198 212 261 8
L 268 118 51
D 267 117 2 191 268 193 29
D 266 115 2 189 267 194 29
D 265 113 2 184 266 195 29
D 182 119 2 183 197 265 8
L 272 108 -60
D 271 107 2 176 272 178 29
D 270 105 2 174 271 179 29
D 269 103 2 169 270 180 29
D 167 109 2 168 182 269 8
L 278 98 -50
D 277 97 2 156 278 158 29
D 276 95 2 154 277 159 29
D 275 93 2 149 276 160 29
D 274 89 2 144 275 162 29
D 273 85 2 136 274 164 29
D 134 99 2 135 167 273 8
D 281 63 2 108 107 106 8
D 280 61 2 104 281 109 8
D 284 71 2 117 128 119 8
D 285 71 2 117 118 119 29
D 283 73 2 284 120 285 8
D 282 69 2 111 283 129 8
D 287 63 2 108 133 106 29
D 286 61 2 104 287 109 29
D 279 65 2 280 282 286 8
D 293 97 2 158 278 156 8
D 292 95 2 154 293 159 8
D 291 93 2 149 292 160 8
D 290 89 2 144 291 162 8
D 289 85 2 136 290 164 8
L 305 158 -70
D 304 157 2 248 305 246 8
D 303 155 2 244 304 249 8
D 302 153 2 242 303 250 8
D 301 151 2 240 302 251 8
D 300 149 2 238 301 252 8
D 299 147 2 233 300 253 8
D 298 143 2 228 299 255 8
D 297 139 2 213 298 257 8
D 308 127 2 208 264 206 8
D 307 125 2 204 308 209 8
D 306 123 2 199 307 210 8
D 311 127 2 206 264 208 207
D 310 125 2 204 311 209 29
D 309 123 2 199 310 210 29
D 296 129 3 198 297 306 212 309 8
D 295 119 2 183 296 265 8
D 314 107 2 178 272 176 8
D 313 105 2 174 314 179 8
D 312 103 2 169 313 180 8
D 317 107 2 176 272 178 177
D 316 105 2 174 317 179 29
D 315 103 2 169 316 180 29
D 294 109 3 168 295 312 182 315 8
D 322 97 2 156 278 158 157
D 321 95 2 154 322 159 29
D 320 93 2 149 321 160 29
D 319 89 2 144 320 162 29
D 318 85 2 136 319 164 29
D 288 99 3 289 167 135 294 318 8
D 325 63 2 106 133 108 8
D 324 61 2 104 325 109 8
D 327 63 2 106 107 108 29
D 326 61 2 104 327 109 29
D 323 65 2 324 282 326 8
D 333 97 2 156 278 158 8
D 332 95 2 159 333 154 8
D 331 93 2 149 332 160 8
D 330 89 2 144 331 162 8
D 329 85 2 136 330 164 8
D 344 157 2 246 305 248 8
D 343 155 2 249 344 244 8
D 342 153 2 242 343 250 8
D 341 151 2 240 342 251 8
D 340 149 2 238 341 252 8
D 339 147 2 233 340 253 8
D 338 143 2 228 339 255 8
D 337 139 2 213 338 257 8
D 347 127 2 206 264 208 8
D 346 125 2 209 347 204 8
D 345 123 2 199 346 210 8
D 350 127 2 206 207 208 29
D 349 125 2 204 311 209 350
D 348 123 2 199 349 210 29
D 336 129 4 198 337 306 297 345 212 348 8
D 335 119 2 183 336 265 8
D 353 107 2 176 272 178 8
D 352 105 2 179 353 174 8
D 351 103 2 169 352 180 8
D 356 107 2 176 177 178 29
D 355 105 2 174 317 179 356
D 354 103 2 169 355 180 29
D 334 109 4 168 335 312 295 351 182 354 8
D 361 97 2 156 157 158 29
D 360 95 2 159 361 154 322
D 359 93 2 149 360 160 29
D 358 89 2 144 359 162 29
D 357 85 2 136 358 164 29
D 328 99 4 329 167 289 294 135 334 357 8
D 363 61 2 109 105 104 8
D 364 61 2 109 132 104 29
D 362 65 2 363 282 364 8
D 368 87 2 145 163 147 8
D 370 95 2 154 333 159 8
D 369 93 2 149 370 160 8
D 371 87 2 145 146 147 29
D 367 89 2 368 369 371 8
D 366 85 2 136 367 164 8
D 381 155 2 244 344 249 8
D 380 153 2 250 381 242 8
D 379 151 2 240 380 251 8
D 378 149 2 238 379 252 8
D 377 147 2 233 378 253 8
D 376 143 2 228 377 255 8
D 375 139 2 213 376 257 8
D 383 121 2 200 211 202 8
D 384 125 2 204 347 209 8
D 385 121 2 200 201 202 29
D 382 123 2 383 384 385 8
D 387 125 2 204 350 209 29
D 386 123 3 199 349 383 387 202 29
D 374 129 5 198 375 306 337 345 297 382 212 386 8
D 373 119 2 183 374 265 8
D 389 101 2 170 181 172 8
D 390 105 2 174 353 179 8
D 391 101 2 170 171 172 29
D 388 103 2 389 390 391 8
D 393 105 2 174 356 179 29
D 392 103 3 169 355 389 393 172 29
D 372 109 5 168 373 312 335 351 295 388 182 392 8
D 397 95 2 154 361 159 29
D 396 93 2 149 397 160 29
D 395 89 3 144 359 368 396 147 29
D 394 85 2 136 395 164 29
D 365 99 5 366 167 329 294 289 334 135 372 394 8
D 401 71 2 119 128 117 8
D 402 71 2 119 118 117 29
D 400 73 2 401 120 402 8
D 399 69 2 111 400 129 8
D 398 65 2 103 399 131 8
D 406 87 2 147 146 145 8
D 407 87 2 147 163 145 29
D 405 89 2 406 369 407 8
D 404 85 2 136 405 164 8
D 416 153 2 242 381 250 8
D 415 151 2 251 416 240 8
D 414 149 2 238 415 252 8
D 413 147 2 233 414 253 8
D 412 143 2 228 413 255 8
D 411 139 2 213 412 257 8
D 418 121 2 202 201 200 8
D 419 121 2 202 211 200 29
D 417 123 2 418 384 419 8
D 421 121 2 202 201 200 211
D 422 121 2 202 211 200 8
D 420 123 3 199 349 421 387 422 29
D 410 129 6 198 411 306 375 345 337 382 297 417 212 420 8
D 409 119 2 183 410 265 8
D 424 101 2 172 171 170 8
D 425 101 2 172 181 170 29
D 423 103 2 424 390 425 8
D 427 101 2 172 171 170 181
D 428 101 2 172 181 170 8
D 426 103 3 169 355 427 393 428 29
D 408 109 6 168 409 312 373 351 335 388 295 423 182 426 8
D 431 87 2 147 146 145 163
D 432 87 2 147 163 145 8
D 430 89 3 144 359 431 396 432 29
D 429 85 2 136 430 164 29
D 403 99 6 404 167 366 294 329 334 289 372 135 408 429 8
D 435 67 2 114 113 112 8
D 436 67 2 114 130 112 29
D 434 69 2 435 283 436 8
D 433 65 2 103 434 131 8
D 441 91 2 152 151 150 8
D 442 91 2 152 161 150 29
D 440 93 2 441 370 442 8
D 439 89 2 144 440 162 8
D 438 85 2 136 439 164 8
D 444 103 2 169 390 180 8
D 448 117 2 193 192 191 8
D 447 115 2 189 448 194 8
D 446 113 2 184 447 195 8
D 451 117 2 193 268 191 29
D 450 115 2 189 451 194 29
D 449 113 2 184 450 195 29
D 445 119 2 446 197 449 8
D 458 151 2 240 416 251 8
D 457 149 2 252 458 238 8
D 456 147 2 233 457 253 8
D 455 143 2 228 456 255 8
D 454 139 2 213 455 257 8
D 459 123 2 199 384 210 8
D 463 137 2 221 260 223 8
D 462 135 2 219 463 224 8
D 461 133 2 214 462 225 8
D 466 137 2 221 222 223 29
D 465 135 2 219 466 224 29
D 464 133 2 214 465 225 29
D 460 139 2 461 227 464 8
D 469 127 2 208 207 206 8
D 468 125 2 204 469 209 350
D 467 123 3 199 468 421 387 422 29
D 453 129 7 198 454 459 460 306 411 345 375 382 337 417 297 467 8
D 452 119 2 183 453 265 8
D 472 107 2 178 177 176 8
D 471 105 2 174 472 179 356
D 470 103 3 169 471 427 393 428 29
D 443 109 7 444 445 168 452 312 409 351 373 388 335 423 295 470 8
D 475 93 3 441 397 149 360 161 29
D 474 89 3 144 475 431 396 432 29
D 473 85 2 136 474 164 29
D 437 99 7 438 167 404 294 366 334 329 372 289 408 135 443 473 8
D 478 67 2 112 130 114 8
D 479 67 2 112 113 114 29
D 477 69 2 478 283 479 8
D 476 65 2 103 477 131 8
D 483 83 2 139 166 141 8
D 482 81 2 137 483 142 8
D 484 89 2 144 369 162 8
D 486 83 2 139 140 141 29
D 485 81 2 137 486 142 29
D 481 85 2 482 484 485 8
D 490 111 2 185 196 187 8
D 491 111 2 185 186 187 29
D 489 113 2 490 188 491 8
D 492 113 3 184 450 490 266 187 29
D 488 119 3 446 296 489 197 492 8
D 498 145 2 234 254 236 8
D 499 149 2 238 458 252 8
D 500 145 2 234 235 236 29
D 497 147 2 498 499 500 8
D 496 143 2 228 497 255 8
D 495 139 2 213 496 257 8
D 504 137 2 223 222 221 8
D 503 135 2 219 504 224 8
D 502 133 2 214 503 225 8
D 507 137 2 221 222 223 260
D 506 135 2 219 507 224 29
D 505 133 2 214 506 225 29
D 501 139 3 502 227 461 298 505 8
D 494 129 7 198 495 459 501 306 454 345 411 382 375 417 337 467 8
D 493 119 2 183 494 265 8
D 487 109 7 444 488 168 493 312 452 351 409 388 373 423 335 470 8
D 509 89 2 144 396 162 29
D 510 81 2 137 141 142 29
D 508 85 3 136 474 482 509 510 29
D 480 99 8 481 167 438 294 404 334 366 372 329 408 289 443 135 487 508 8
D 514 75 2 126 122 121 8
D 513 73 2 284 514 285 8
D 512 69 2 111 513 129 8
D 511 65 2 103 512 131 8
D 518 83 2 141 140 139 8
D 517 81 2 137 518 142 8
D 520 83 2 141 166 139 29
D 519 81 2 137 520 142 29
D 516 85 2 517 484 519 8
D 524 111 2 187 186 185 8
D 525 111 2 187 196 185 29
D 523 113 2 524 188 525 8
D 527 111 2 187 186 185 196
D 528 111 2 187 196 185 8
D 526 113 3 184 450 527 266 528 29
D 522 119 4 489 296 446 336 523 197 526 8
D 534 145 2 236 235 234 8
D 535 145 2 236 254 234 29
D 533 147 2 534 499 535 8
D 532 143 2 228 533 255 8
D 531 139 2 213 532 257 8
D 538 131 2 217 216 215 8
D 539 131 2 217 226 215 29
D 537 133 2 538 218 539 8
D 540 133 3 214 506 538 258 226 29
D 536 139 4 537 227 502 298 461 338 540 8
D 530 129 7 198 531 459 536 306 495 345 454 382 411 417 375 467 8
D 529 119 2 183 530 265 8
D 521 109 7 444 522 168 529 312 493 351 452 388 409 423 373 470 8
D 543 83 2 141 140 139 166
D 542 81 2 137 543 142 8
D 545 83 2 141 166 139 8
D 544 81 2 137 545 142 29
D 541 85 3 136 474 542 509 544 29
D 515 99 9 516 167 481 294 438 334 404 372 366 408 329 443 289 487 135 521 541 8
D 550 77 2 125 124 123 8
D 549 75 2 121 550 126 8
D 548 73 2 284 549 285 8
D 547 69 2 111 548 129 8
D 546 65 2 103 547 131 8
D 553 81 2 142 138 137 8
D 554 81 2 142 165 137 29
D 552 85 2 553 484 554 8
D 558 115 2 194 190 189 8
D 557 113 2 184 558 195 8
D 560 115 2 189 451 194 267
D 559 113 3 184 560 527 266 528 29
D 556 119 5 446 374 523 296 489 336 557 197 559 8
D 565 131 2 215 226 217 8
D 566 131 2 215 216 217 29
D 564 133 2 565 218 566 8
D 568 131 2 217 216 215 226
D 569 131 2 217 226 215 8
D 567 133 3 214 506 568 258 569 29
D 563 139 5 564 227 537 298 502 338 461 376 567 8
D 572 141 2 229 256 231 8
D 573 147 2 233 499 253 8
D 574 141 2 229 230 231 29
D 571 143 2 572 573 574 8
D 570 139 2 213 571 257 8
D 562 129 7 459 563 306 531 198 570 345 495 382 454 417 411 467 8
D 561 119 2 183 562 265 8
D 555 109 7 444 556 168 561 312 529 351 493 388 452 423 409 470 8
D 576 81 2 137 543 142 138
D 577 81 2 137 545 142 165
D 575 85 3 136 474 576 509 577 29
D 551 99 10 552 167 516 294 481 334 438 372 404 408 366 443 329 487 289 521 135 555 575 8
L 583 78 40
D 582 77 2 123 583 125 8
D 581 75 2 121 582 126 8
D 580 73 2 284 581 285 8
D 579 69 2 111 580 129 8
D 578 65 2 103 579 131 8
D 588 91 2 150 161 152 8
D 589 91 2 150 151 152 29
D 587 93 2 588 370 589 8
D 586 89 2 144 587 162 8
D 585 85 2 136 586 164 8
D 594 117 2 191 268 193 8
D 593 115 2 189 594 194 8
D 592 113 2 184 593 195 8
D 597 117 2 191 192 193 268
D 596 115 2 189 597 194 267
D 595 113 3 184 596 527 266 528 29
D 591 119 6 446 410 489 374 557 296 523 336 592 197 595 8
D 602 135 2 224 220 219 8
D 601 133 2 214 602 225 8
D 604 135 2 219 507 224 259
D 603 133 3 214 604 568 258 569 29
D 600 139 6 601 227 564 298 537 338 461 412 502 376 603 8
D 607 141 2 231 230 229 8
D 608 141 2 231 256 229 29
D 606 143 2 607 573 608 8
D 605 139 2 213 606 257 8
D 599 129 7 459 600 345 531 306 570 382 495 198 605 417 454 467 8
D 598 119 2 183 599 265 8
D 590 109 7 444 591 168 598 312 561 351 529 388 493 423 452 470 8
D 612 91 2 152 151 150 161
D 613 91 2 152 161 150 8
D 611 93 3 612 397 149 360 613 29
D 610 89 3 431 396 144 611 432 29
D 609 85 3 576 509 136 610 577 29
D 584 99 11 585 167 552 294 516 334 481 372 438 408 404 443 366 487 329 521 289 555 135 590 609 8
D 616 63 2 108 107 106 133
D 615 61 2 104 616 109 105
D 620 77 2 123 583 125 29
D 619 75 2 121 620 126 29
D 618 73 2 284 619 285 29
D 617 69 2 111 618 129 29
D 622 67 2 114 113 112 130
D 624 71 2 119 128 117 118
D 626 77 2 123 124 125 583
D 625 75 2 126 620 121 626
D 627 71 2 119 118 117 8
D 623 73 3 624 619 284 625 627 29
D 628 67 2 114 130 112 8
D 621 69 3 622 618 111 623 628 29
D 630 63 2 108 133 106 8
D 629 61 2 104 630 109 132
D 614 65 3 615 617 103 621 629 29
D 101 79 11 102 134 279 288 323 328 362 365 398 403 433 437 476 480 511 515 546 551 578 584 614 8
D 633 43 2 75 74 73 8
D 632 41 2 71 633 76 8
D 636 51 2 84 95 86 8
D 637 51 2 84 85 86 29
D 635 53 2 636 87 637 8
D 634 49 2 78 635 96 8
D 639 43 2 75 100 73 29
D 638 41 2 71 639 76 29
D 631 45 2 632 634 638 8
D 643 119 6 446 453 489 410 523 374 592 296 557 336 595 8
D 646 139 6 601 298 564 338 461 455 502 412 537 376 603 8
D 648 125 2 209 350 204 207
D 647 123 3 199 648 421 387 422 29
D 645 129 6 459 646 382 531 345 570 417 495 306 605 647 8
D 644 119 2 183 645 265 8
D 642 109 7 444 643 312 598 168 644 351 561 388 529 423 493 470 8
D 641 99 11 585 294 552 334 516 372 481 408 438 443 404 487 366 521 329 555 289 590 135 642 609 8
D 640 79 11 102 288 279 328 323 365 362 403 398 437 433 480 476 515 511 551 546 584 578 641 614 8
D 651 43 2 73 100 75 8
D 650 41 2 71 651 76 8
D 653 43 2 73 74 75 29
D 652 41 2 71 653 76 29
D 649 45 2 650 634 652 8
D 657 119 6 489 453 446 494 523 410 557 374 592 336 595 8
D 660 139 6 601 338 461 496 502 455 537 412 564 376 603 8
D 661 123 3 421 387 199 350 422 29
D 659 129 5 459 660 417 531 382 570 345 605 661 8
D 658 119 2 183 659 265 8
D 656 109 7 444 657 351 598 312 644 168 658 388 561 423 529 470 8
D 655 99 11 585 334 552 372 516 408 481 443 438 487 404 521 366 555 329 590 289 642 135 656 609 8
D 654 79 11 102 328 279 365 323 403 362 437 398 480 433 515 476 551 511 584 546 641 578 655 614 8
D 663 41 2 76 72 71 8
D 664 41 2 76 99 71 29
D 662 45 2 663 634 664 8
D 668 119 6 523 453 489 494 446 530 557 410 592 374 595 8
D 671 139 6 461 532 502 496 537 455 564 412 601 376 603 8
D 673 121 2 202 201 200 29
D 672 123 2 673 387 422 29
D 670 129 4 417 570 459 671 382 605 672 8
D 669 119 2 183 670 265 8
D 667 109 7 444 668 388 598 351 644 312 658 168 669 423 561 470 8
D 666 99 11 585 372 552 408 516 443 481 487 438 521 404 555 366 590 329 642 289 656 135 667 609 8
D 665 79 11 102 365 279 403 323 437 362 480 398 515 433 551 476 584 511 641 546 655 578 666 614 8
D 677 51 2 86 95 84 8
D 678 51 2 86 85 84 29
D 676 53 2 677 87 678 8
D 675 49 2 78 676 96 8
D 674 45 2 70 675 98 8
D 682 119 6 557 453 523 494 489 530 446 562 592 410 595 8
D 685 139 6 502 532 537 496 564 455 601 412 461 571 603 8
D 686 123 2 201 387 211 29
D 684 129 3 417 605 459 685 686 8
D 683 119 2 183 684 265 8
D 681 109 7 444 682 423 598 388 644 351 658 312 669 168 683 470 8
D 680 99 11 585 408 552 443 516 487 481 521 438 555 404 590 366 642 329 656 289 667 135 681 609 8
D 679 79 11 102 403 279 437 323 480 362 515 398 551 433 584 476 641 511 655 546 666 578 680 614 8
D 689 47 2 81 80 79 8
D 690 47 2 81 97 79 29
D 688 49 2 689 635 690 8
D 687 45 2 70 688 98 8
D 694 119 6 592 453 557 494 523 530 489 562 446 599 595 8
D 697 139 6 537 532 564 496 601 455 502 571 461 606 603 8
D 698 123 2 199 387 210 29
D 696 129 2 459 697 698 8
D 695 119 2 183 696 265 8
D 693 109 7 423 644 444 694 388 658 351 669 312 683 168 695 470 8
D 692 99 11 585 443 552 487 516 521 481 555 438 590 404 642 366 656 329 667 289 681 135 693 609 8
D 691 79 11 102 437 279 480 323 515 362 551 398 584 433 641 476 655 511 666 546 680 578 692 614 8
D 701 47 2 79 97 81 8
D 702 47 2 79 80 81 29
D 700 49 2 701 635 702 8
D 699 45 2 70 700 98 8
D 706 119 6 592 494 557 530 523 562 489 599 446 645 595 8
D 712 137 2 223 260 221 29
D 711 135 2 219 712 224 259
D 710 133 3 214 711 568 258 569 29
D 709 139 5 564 532 601 496 537 571 502 606 710 8
D 708 129 2 459 709 698 8
D 707 119 2 183 708 265 8
D 705 109 7 423 658 444 706 388 669 351 683 312 695 168 707 470 8
D 704 99 11 585 487 552 521 516 555 481 590 438 642 404 656 366 667 329 681 289 693 135 705 609 8
D 703 79 11 102 480 279 515 323 551 362 584 398 641 433 655 476 666 511 680 546 692 578 704 614 8
D 716 55 2 93 89 88 8
D 715 53 2 636 716 637 8
D 714 49 2 78 715 96 8
D 713 45 2 70 714 98 8
D 720 119 6 592 530 557 562 523 599 489 645 446 659 595 8
D 725 135 2 224 259 219 29
D 724 133 3 568 258 214 725 569 29
D 723 139 4 601 532 564 571 537 606 724 8
D 722 129 2 459 723 698 8
D 721 119 2 183 722 265 8
D 719 109 7 423 669 444 720 388 683 351 695 312 707 168 721 470 8
D 718 99 11 585 521 552 555 516 590 481 642 438 656 404 667 366 681 329 693 289 705 135 719 609 8
D 717 79 11 102 515 279 551 323 584 362 641 398 655 433 666 476 680 511 692 546 704 578 718 614 8
D 730 57 2 92 91 90 8
D 729 55 2 88 730 93 8
D 728 53 2 636 729 637 8
D 727 49 2 78 728 96 8
D 726 45 2 70 727 98 8
D 734 119 6 592 562 557 599 523 645 489 659 446 670 595 8
D 738 133 3 565 258 214 725 217 29
D 737 139 3 601 571 564 606 738 8
D 736 129 2 459 737 698 8
D 735 119 2 183 736 265 8
D 733 109 7 423 683 444 734 388 695 351 707 312 721 168 735 470 8
D 732 99 11 585 555 552 590 516 642 481 656 438 667 404 681 366 693 329 705 289 719 135 733 609 8
D 731 79 11 102 551 279 584 323 641 362 655 398 666 433 680 476 692 511 704 546 718 578 732 614 8
L 744 58 30
D 743 57 2 90 744 92 8
D 742 55 2 88 743 93 8
D 741 53 2 636 742 637 8
D 740 49 2 78 741 96 8
D 739 45 2 70 740 98 8
D 748 119 6 592 599 557 645 523 659 489 670 446 684 595 8
D 752 133 2 214 725 225 29
D 751 139 2 601 606 752 8
D 750 129 2 459 751 698 8
D 749 119 2 183 750 265 8
D 747 109 7 423 695 444 748 388 707 351 721 312 735 168 749 470 8
D 746 99 11 585 590 552 642 516 656 481 667 438 681 404 693 366 705 329 719 289 733 135 747 609 8
D 745 79 11 102 584 279 641 323 655 362 666 398 680 433 692 476 704 511 718 546 732 578 746 614 8
D 755 43 2 75 74 73 100
D 754 41 2 71 755 76 72
D 759 57 2 90 744 92 29
D 758 55 2 88 759 93 29
D 757 53 2 636 758 637 29
D 756 49 2 78 757 96 29
D 761 47 2 81 80 79 97
D 763 51 2 86 95 84 85
D 765 57 2 90 91 92 744
D 764 55 2 93 759 88 765
D 766 51 2 86 85 84 8
D 762 53 3 763 758 636 764 766 29
D 767 47 2 81 97 79 8
D 760 49 3 761 757 78 762 767 29
D 769 43 2 75 100 73 8
D 768 41 2 71 769 76 99
D 753 45 3 754 756 70 760 768 29
D 68 59 11 69 101 631 640 649 654 662 665 674 679 687 691 699 703 713 717 726 731 739 745 753 8
D 772 23 2 42 41 40 8
D 771 21 2 38 772 43 8
D 775 31 2 51 62 53 8
D 776 31 2 51 52 53 29
D 774 33 2 775 54 776 8
D 773 29 2 45 774 63 8
D 778 23 2 42 67 40 29
D 777 21 2 38 778 43 29
D 770 25 2 771 773 777 8
D 783 119 6 592 645 557 659 523 670 489 684 446 696 595 8
D 785 105 2 179 356 174 177
D 784 103 3 169 785 427 393 428 29
D 782 109 6 423 707 444 783 388 721 351 735 312 749 784 8
D 781 99 11 585 642 552 656 516 667 481 681 438 693 404 705 366 719 329 733 289 747 135 782 609 8
D 780 79 11 102 641 279 655 323 666 362 680 398 692 433 704 476 718 511 732 546 746 578 781 614 8
D 779 59 11 69 640 631 654 649 665 662 679 674 691 687 703 699 717 713 731 726 745 739 780 753 8
D 788 23 2 40 67 42 8
D 787 21 2 38 788 43 8
D 790 23 2 40 41 42 29
D 789 21 2 38 790 43 29
D 786 25 2 787 773 789 8
D 795 119 6 592 659 557 670 523 684 489 696 446 708 595 8
D 796 103 3 427 393 169 356 428 29
D 794 109 5 423 721 444 795 388 735 351 749 796 8
D 793 99 11 585 656 552 667 516 681 481 693 438 705 404 719 366 733 329 747 289 782 135 794 609 8
D 792 79 11 102 655 279 666 323 680 362 692 398 704 433 718 476 732 511 746 546 781 578 793 614 8
D 791 59 11 69 654 631 665 649 679 662 691 674 703 687 717 699 731 713 745 726 780 739 792 753 8
D 798 21 2 43 39 38 8
D 799 21 2 43 66 38 29
D 797 25 2 798 773 799 8
D 804 119 6 592 670 557 684 523 696 489 708 446 722 595 8
D 806 101 2 172 171 170 29
D 805 103 2 806 393 428 29
D 803 109 4 423 735 444 804 388 749 805 8
D 802 99 11 585 667 552 681 516 693 481 705 438 719 404 733 366 747 329 782 289 794 135 803 609 8
D 801 79 11 102 666 279 680 323 692 362 704 398 718 433 732 476 746 511 781 546 793 578 802 614 8
D 800 59 11 69 665 631 679 649 691 662 703 674 717 687 731 699 745 713 780 726 792 739 801 753 8
D 810 31 2 53 62 51 8
D 811 31 2 53 52 51 29
D 809 33 2 810 54 811 8
D 808 29 2 45 809 63 8
D 807 25 2 37 808 65 8
D 816 119 6 592 684 557 696 523 708 489 722 446 736 595 8
D 817 103 2 171 393 181 29
D 815 109 3 423 749 444 816 817 8
D 814 99 11 585 681 552 693 516 705 481 719 438 733 404 747 366 782 329 794 289 803 135 815 609 8
D 813 79 11 102 680 279 692 323 704 362 718 398 732 433 746 476 781 511 793 546 802 578 814 614 8
D 812 59 11 69 679 631 691 649 703 662 717 674 731 687 745 699 780 713 792 726 801 739 813 753 8
D 820 27 2 48 47 46 8
D 821 27 2 48 64 46 29
D 819 29 2 820 774 821 8
D 818 25 2 37 819 65 8
D 826 119 6 592 696 557 708 523 722 489 736 446 750 595 8
D 827 103 2 169 393 180 29
D 825 109 2 444 826 827 8
D 824 99 11 585 693 552 705 516 719 481 733 438 747 404 782 366 794 329 803 289 815 135 825 609 8
D 823 79 11 102 692 279 704 323 718 362 732 398 746 433 781 476 793 511 802 546 814 578 824 614 8
D 822 59 11 69 691 631 703 649 717 662 731 674 745 687 780 699 792 713 801 726 813 739 823 753 8
D 830 27 2 46 64 48 8
D 831 27 2 46 47 48 29
D 829 29 2 830 774 831 8
D 828 25 2 37 829 65 8
D 839 117 2 191 192 193 29
D 838 115 2 194 267 189 839
D 837 113 3 184 838 527 266 528 29
D 836 119 5 592 708 557 722 523 736 489 750 837 8
D 835 109 2 444 836 827 8
D 834 99 11 585 705 552 719 516 733 481 747 438 782 404 794 366 803 329 815 289 825 135 835 609 8
D 833 79 11 102 704 279 718 323 732 362 746 398 781 433 793 476 802 511 814 546 824 578 834 614 8
D 832 59 11 69 703 631 717 649 731 662 745 674 780 687 792 699 801 713 813 726 823 739 833 753 8
D 843 35 2 60 56 55 8
D 842 33 2 775 843 776 8
D 841 29 2 45 842 63 8
D 840 25 2 37 841 65 8
D 849 113 3 184 838 524 266 196 29
D 848 119 4 592 722 557 736 523 750 849 8
D 847 109 2 444 848 827 8
D 846 99 11 585 719 552 733 516 747 481 782 438 794 404 803 366 815 329 825 289 835 135 847 609 8
D 845 79 11 102 718 279 732 323 746 362 781 398 793 433 802 476 814 511 824 546 834 578 846 614 8
D 844 59 11 69 717 631 731 649 745 662 780 674 792 687 801 699 813 713 823 726 833 739 845 753 8
D 854 37 2 59 58 57 8
D 853 35 2 55 854 60 8
D 852 33 2 775 853 776 8
D 851 29 2 45 852 63 8
D 850 25 2 37 851 65 8
D 860 113 2 184 838 195 29
D 859 119 3 592 736 557 750 860 8
D 858 109 2 444 859 827 8
D 857 99 11 585 733 552 747 516 782 481 794 438 803 404 815 366 825 329 835 289 847 135 858 609 8
D 856 79 11 102 732 279 746 323 781 362 793 398 802 433 814 476 824 511 834 546 846 578 857 614 8
D 855 59 11 69 731 631 745 649 780 662 792 674 801 687 813 699 823 713 833 726 845 739 856 753 8
L 866 38 20
D 865 37 2 57 866 59 8
D 864 35 2 55 865 60 8
D 863 33 2 775 864 776 8
D 862 29 2 45 863 63 8
D 861 25 2 37 862 65 8
D 873 115 2 189 839 194 29
D 872 113 2 184 873 195 29
D 871 119 2 592 750 872 8
D 870 109 2 444 871 827 8
D 869 99 11 585 747 552 782 516 794 481 803 438 815 404 825 366 835 329 847 289 858 135 870 609 8
D 868 79 11 102 746 279 781 323 793 362 802 398 814 433 824 476 834 511 846 546 857 578 869 614 8
D 867 59 11 69 745 631 780 649 792 662 801 674 813 687 823 699 833 713 845 726 856 739 868 753 8
D 876 23 2 42 41 40 67
D 875 21 2 38 876 43 39
D 880 37 2 57 866 59 29
D 879 35 2 55 880 60 29
D 878 33 2 775 879 776 29
D 877 29 2 45 878 63 29
D 882 27 2 48 47 46 64
D 884 31 2 53 62 51 52
D 886 37 2 57 58 59 866
D 885 35 2 60 880 55 886
D 887 31 2 53 52 51 8
D 883 33 3 884 879 775 885 887 29
D 888 27 2 48 64 46 8
D 881 29 3 882 878 45 883 888 29
D 890 23 2 42 67 40 8
D 889 21 2 38 890 43 66
D 874 25 3 875 877 37 881 889 29
D 35 39 11 36 68 770 779 786 791 797 800 807 812 818 822 828 832 840 844 850 855 861 867 874 8
D 893 3 2 7 6 5 8
D 892 1 2 3 893 9 8
D 896 11 2 17 28 19 8
D 897 11 2 17 18 19 29
D 895 13 2 896 20 897 8
D 894 9 2 11 895 30 8
D 899 3 2 7 34 5 29
D 898 1 2 3 899 9 29
D 891 5 2 892 894 898 8
D 908 97 2 158 157 156 29
D 907 95 2 154 908 159 361
D 906 93 3 149 907 612 397 613 29
D 905 89 3 144 906 431 396 432 29
D 904 85 3 136 905 576 509 577 29
D 903 99 10 585 782 552 794 516 803 481 815 438 825 404 835 366 847 329 858 289 870 904 8
D 902 79 11 102 781 279 793 323 802 362 814 398 824 433 834 476 846 511 857 546 869 578 903 614 8
D 901 59 11 69 780 631 792 649 801 662 813 674 823 687 833 699 845 713 856 726 868 739 902 753 8
D 900 39 11 36 779 770 791 786 800 797 812 807 822 818 832 828 844 840 855 850 867 861 901 874 8
D 911 3 2 5 34 7 8
D 910 1 2 3 911 9 8
D 913 3 2 5 6 7 29
D 912 1 2 3 913 9 29
D 909 5 2 910 894 912 8
D 921 95 2 159 361 154 29
D 920 93 3 149 921 612 397 613 29
D 919 89 3 144 920 431 396 432 29
D 918 85 3 136 919 576 509 577 29
D 917 99 9 585 794 552 803 516 815 481 825 438 835 404 847 366 858 329 870 918 8
D 916 79 11 102 793 279 802 323 814 362 824 398 834 433 846 476 857 511 869 546 903 578 917 614 8
D 915 59 11 69 792 631 801 649 813 662 823 674 833 687 845 699 856 713 868 726 902 739 916 753 8
D 914 39 11 36 791 770 800 786 812 797 822 807 832 818 844 828 855 840 867 850 901 861 915 874 8
D 923 1 2 9 4 3 8
D 924 1 2 9 33 3 29
D 922 5 2 923 894 924 8
D 932 91 2 150 151 152 161
D 931 93 2 612 397 932 29
D 930 89 3 144 931 431 396 432 29
D 929 85 3 136 930 576 509 577 29
D 928 99 8 585 803 552 815 516 825 481 835 438 847 404 858 366 870 929 8
D 927 79 11 102 802 279 814 323 824 362 834 398 846 433 857 476 869 511 903 546 917 578 928 614 8
D 926 59 11 69 801 631 813 649 823 662 833 674 845 687 856 699 868 713 902 726 916 739 927 753 8
D 925 39 11 36 800 770 812 786 822 797 832 807 844 818 855 828 867 840 901 850 915 861 926 874 8
D 936 11 2 19 28 17 8
D 937 11 2 19 18 17 29
D 935 13 2 936 20 937 8
D 934 9 2 11 935 30 8
D 933 5 2 2 934 32 8
D 943 89 3 144 931 406 396 163 29
D 942 85 3 136 943 576 509 577 29
D 941 99 7 585 815 552 825 516 835 481 847 438 858 404 870 942 8
D 940 79 11 102 814 279 824 323 834 362 846 398 857 433 869 476 903 511 917 546 928 578 941 614 8
D 939 59 11 69 813 631 823 649 833 662 845 674 856 687 868 699 902 713 916 726 927 739 940 753 8
D 938 39 11 36 812 770 822 786 832 797 844 807 855 818 867 828 901 840 915 850 926 861 939 874 8
D 946 7 2 14 13 12 8
D 947 7 2 14 31 12 29
D 945 9 2 946 895 947 8
D 944 5 2 2 945 32 8
D 953 89 2 144 931 162 29
D 952 85 3 136 953 576 509 577 29
D 951 99 6 585 825 552 835 516 847 481 858 438 870 952 8
D 950 79 11 102 824 279 834 323 846 362 857 398 869 433 903 476 917 511 928 546 941 578 951 614 8
D 949 59 11 69 823 631 833 649 845 662 856 674 868 687 902 699 916 713 927 726 940 739 950 753 8
D 948 39 11 36 822 770 832 786 844 797 855 807 867 818 901 828 915 840 926 850 939 861 949 874 8
D 956 7 2 12 31 14 8
D 957 7 2 12 13 14 29
D 955 9 2 956 895 957 8
D 954 5 2 2 955 32 8
D 964 93 2 588 397 589 29
D 963 89 2 144 964 162 29
D 962 85 3 136 963 576 509 577 29
D 961 99 5 585 835 552 847 516 858 481 870 962 8
D 960 79 11 102 834 279 846 323 857 362 869 398 903 433 917 476 928 511 941 546 951 578 961 614 8
D 959 59 11 69 833 631 845 649 856 662 868 674 902 687 916 699 927 713 940 726 950 739 960 753 8
D 958 39 11 36 832 770 844 786 855 797 867 807 901 818 915 828 926 840 939 850 949 861 959 874 8
D 968 15 2 26 22 21 8
D 967 13 2 896 968 897 8
D 966 9 2 11 967 30 8
D 965 5 2 2 966 32 8
D 974 81 2 137 518 142 138
D 975 81 2 142 165 137 166
D 973 85 3 136 963 974 509 975 29
D 972 99 4 585 847 552 858 516 870 973 8
D 971 79 11 102 846 279 857 323 869 362 903 398 917 433 928 476 941 511 951 546 961 578 972 614 8
D 970 59 11 69 845 631 856 649 868 662 902 674 916 687 927 699 940 713 950 726 960 739 971 753 8
D 969 39 11 36 844 770 855 786 867 797 901 807 915 818 926 828 939 840 949 850 959 861 970 874 8
D 980 17 2 25 24 23 8
D 979 15 2 21 980 26 8
D 978 13 2 896 979 897 8
D 977 9 2 11 978 30 8
D 976 5 2 2 977 32 8
D 985 85 3 136 963 553 509 165 29
D 984 99 3 585 858 552 870 985 8
D 983 79 11 102 857 279 869 323 903 362 917 398 928 433 941 476 951 511 961 546 972 578 984 614 8
D 982 59 11 69 856 631 868 649 902 662 916 674 927 687 940 699 950 713 960 726 971 739 983 753 8
D 981 39 11 36 855 770 867 786 901 797 915 807 926 818 939 828 949 840 959 850 970 861 982 874 8
L 991 18 10
D 990 17 2 23 991 25 8
D 989 15 2 21 990 26 8
D 988 13 2 896 989 897 8
D 987 9 2 11 988 30 8
D 986 5 2 2 987 32 8
D 996 85 2 136 963 164 29
D 995 99 2 585 870 996 8
D 994 79 11 102 869 279 903 323 917 362 928 398 941 433 951 476 961 511 972 546 984 578 995 614 8
D 993 59 11 69 868 631 902 649 916 662 927 674 940 687 950 699 960 713 971 726 983 739 994 753 8
D 992 39 11 36 867 770 901 786 915 797 926 807 939 818 949 828 959 840 970 850 982 861 993 874 8
D 1001 17 2 23 24 25 991
D 1002 17 2 23 991 25 29
D 1000 15 2 21 1001 26 1002
D 1003 11 2 19 28 17 18
D 1004 15 2 21 1002 26 29
D 1005 11 2 19 18 17 8
D 999 13 3 896 1000 1003 1004 1005 29
D 1006 7 2 14 13 12 31
D 1007 13 2 896 1004 897 29
D 1008 7 2 14 31 12 8
D 998 9 3 11 999 1006 1007 1008 29
D 1010 3 2 7 6 5 34
D 1009 1 2 3 1010 9 4
D 1011 9 2 11 1007 30 29
D 1013 3 2 7 34 5 8
D 1012 1 2 3 1013 9 33
D 997 5 3 2 998 1009 1011 1012 29
D 0 19 11 1 35 891 900 909 914 922 925 933 938 944 948 954 958 965 969 976 981 986 992 997 8
