c ids of sdd nodes start at 0
c sdd nodes appear bottom-up, children before parents
c
c file syntax:
c sdd count-of-sdd-nodes
c F id-of-false-sdd-node
c T id-of-true-sdd-node
c L id-of-literal-sdd-node id-of-vtree literal
c D id-of-decomposition-sdd-node id-of-vtree number-of-elements {id-of-prime id-of-sub}*
c
sdd 1015
L 3 0 -4
L 5 2 -2
L 6 4 -3
L 7 2 2
F 8
D 4 3 2 5 6 7 8
L 9 0 4
D 2 1 2 3 4 9 8
L 12 6 -6
L 13 8 -7
L 14 6 6
D 11 7 2 12 13 14 8
L 17 10 -5
L 18 12 1
L 19 10 5
D 16 11 2 17 18 19 8
L 21 14 -8
L 23 16 -9
L 24 18 -10
L 25 16 9
D 22 17 2 23 24 25 8
L 26 14 8
D 20 15 2 21 22 26 8
L 28 12 -1
T 29
D 27 11 2 17 28 19 29
D 15 13 2 16 20 27 8
L 31 8 7
D 30 7 2 12 31 14 29
D 10 9 2 11 15 30 8
L 34 4 3
D 33 3 2 5 34 7 29
D 32 1 2 3 33 9 29
D 1 5 2 2 10 32 8
L 38 20 -14
L 40 22 -12
L 41 24 -13
L 42 22 12
D 39 23 2 40 41 42 8
L 43 20 14
D 37 21 2 38 39 43 8
L 46 26 -16
L 47 28 -17
L 48 26 16
D 45 27 2 46 47 48 8
L 51 30 -15
L 52 32 11
L 53 30 15
D 50 31 2 51 52 53 8
L 55 34 -18
L 57 36 -19
L 58 38 -20
L 59 36 19
D 56 37 2 57 58 59 8
L 60 34 18
D 54 35 2 55 56 60 8
L 62 32 -11
D 61 31 2 51 62 53 29
D 49 33 2 50 54 61 8
L 64 28 17
D 63 27 2 46 64 48 29
D 44 29 2 45 49 63 8
L 67 24 13
D 66 23 2 40 67 42 29
D 65 21 2 38 66 43 29
D 36 25 2 37 44 65 8
L 71 40 -24
L 73 42 -22
L 74 44 -23
L 75 42 22
D 72 43 2 73 74 75 8
L 76 40 24
D 70 41 2 71 72 76 8
L 79 46 -26
L 80 48 -27
L 81 46 26
D 78 47 2 79 80 81 8
L 84 50 -25
L 85 52 21
L 86 50 25
D 83 51 2 84 85 86 8
L 88 54 -28
L 90 56 -29
L 91 58 -30
L 92 56 29
D 89 57 2 90 91 92 8
L 93 54 28
D 87 55 2 88 89 93 8
L 95 52 -21
D 94 51 2 84 95 86 29
D 82 53 2 83 87 94 8
L 97 48 27
D 96 47 2 79 97 81 29
D 77 49 2 78 82 96 8
L 100 44 23
D 99 43 2 73 100 75 29
D 98 41 2 71 99 76 29
D 69 45 2 70 77 98 8
L 104 60 -34
L 106 62 32
L 107 64 -33
L 108 62 -32
D 105 63 2 106 107 108 8
L 109 60 34
D 103 61 2 104 105 109 8
L 112 66 -36
L 113 68 -37
L 114 66 36
D 111 67 2 112 113 114 8
L 117 70 -35
L 118 72 -31
L 119 70 35
D 116 71 2 117 118 119 8
L 121 74 -38
L 123 76 -39
L 124 78 -40
L 125 76 39
D 122 77 2 123 124 125 8
L 126 74 38
D 120 75 2 121 122 126 8
L 128 72 31
D 127 71 2 117 128 119 29
D 115 73 2 116 120 127 8
L 130 68 37
D 129 67 2 112 130 114 29
D 110 69 2 111 115 129 8
L 133 64 33
D 132 63 2 106 133 108 29
D 131 61 2 104 132 109 29
D 102 65 2 103 110 131 8
L 137 80 -42
L 139 82 -43
L 140 84 -44
L 141 82 43
D 138 83 2 139 140 141 8
L 142 80 42
D 136 81 2 137 138 142 8
L 145 86 -46
L 146 88 -47
L 147 86 46
D 144 87 2 145 146 147 8
L 150 90 -45
L 151 92 -41
L 152 90 45
D 149 91 2 150 151 152 8
L 154 94 -48
L 156 96 -49
L 157 98 50
L 158 96 49
D 155 97 2 156 157 158 8
L 159 94 48
D 153 95 2 154 155 159 8
L 161 92 41
D 160 91 2 150 161 152 29
D 148 93 2 149 153 160 8
L 163 88 47
D 162 87 2 145 163 147 29
D 143 89 2 144 148 162 8
L 166 84 44
D 165 83 2 139 166 141 29
D 164 81 2 137 165 142 29
D 135 85 2 136 143 164 8
L 170 100 -56
L 171 102 -57
L 172 100 56
D 169 101 2 170 171 172 8
L 174 104 -58
L 176 106 -59
L 177 108 60
L 178 106 59
D 175 107 2 176 177 178 8
L 179 104 58
D 173 105 2 174 175 179 8
L 181 102 57
D 180 101 2 170 181 172 29
D 168 103 2 169 173 180 8
L 185 110 -53
L 186 112 -54
L 187 110 53
D 184 111 2 185 186 187 8
L 189 114 -52
L 191 116 -55
L 192 118 -51
L 193 116 55
D 190 117 2 191 192 193 8
L 194 114 52
D 188 115 2 189 190 194 8
L 196 112 54
D 195 111 2 185 196 187 29
D 183 113 2 184 188 195 8
L 200 120 -76
L 201 122 -77
L 202 120 76
D 199 121 2 200 201 202 8
L 204 124 -78
L 206 126 -79
L 207 128 80
L 208 126 79
D 205 127 2 206 207 208 8
L 209 124 78
D 203 125 2 204 205 209 8
L 211 122 77
D 210 121 2 200 211 202 29
D 198 123 2 199 203 210 8
L 215 130 -73
L 216 132 -72
L 217 130 73
D 214 131 2 215 216 217 8
L 219 134 -71
L 221 136 -74
L 222 138 -75
L 223 136 74
D 220 137 2 221 222 223 8
L 224 134 71
D 218 135 2 219 220 224 8
L 226 132 72
D 225 131 2 215 226 217 29
D 213 133 2 214 218 225 8
L 229 140 -61
L 230 142 -62
L 231 140 61
D 228 141 2 229 230 231 8
L 234 144 -63
L 235 146 -64
L 236 144 63
D 233 145 2 234 235 236 8
L 238 148 -65
L 240 150 -66
L 242 152 -67
L 244 154 -68
L 246 156 -69
L 247 158 70
L 248 156 69
D 245 157 2 246 247 248 8
L 249 154 68
D 243 155 2 244 245 249 8
L 250 152 67
D 241 153 2 242 243 250 8
L 251 150 66
D 239 151 2 240 241 251 8
L 252 148 65
D 237 149 2 238 239 252 8
L 254 146 64
D 253 145 2 234 254 236 29
D 232 147 2 233 237 253 8
L 256 142 62
D 255 141 2 229 256 231 29
D 227 143 2 228 232 255 8
L 260 138 75
D 259 137 2 221 260 223 29
D 258 135 2 219 259 224 29
D 257 133 2 214 258 225 29
D 212 139 2 213 227 257 8
L 264 128 -80
D 263 127 2 206 264 208 29
D 262 125 2 204 263 209 29
D 261 123 2 199 262 210 29
D 197 129 2 198 212 261 8
L 268 118 51
D 267 117 2 191 268 193 29
D 266 115 2 189 267 194 29
D 265 113 2 184 266 195 29
D 182 119 2 183 197 265 8
L 272 108 -60
D 271 107 2 176 272 178 29
D 270 105 2 174 271 179 29
D 269 103 2 169 270 180 29
D 167 109 2 168 182 269 8
L 278 98 -50
D 277 97 2 156 278 158 29
D 276 95 2 154 277 159 29
D 275 93 2 149 276 160 29
D 274 89 2 144 275 162 29
D 273 85 2 136 274 164 29
D 134 99 2 135 167 273 8
D 281 63 2 108 133 106 8
D 280 61 2 104 281 109 8
D 283 63 2 108 107 106 29
D 282 61 2 104 283 109 29
D 279 65 2 280 110 282 8
D 289 97 2 158 278 156 8
D 288 95 2 154 289 159 8
D 287 93 2 149 288 160 8
D 286 89 2 144 287 162 8
D 285 85 2 136 286 164 8
L 301 158 -70
D 300 157 2 248 301 246 8
D 299 155 2 244 300 249 8
D 298 153 2 242 299 250 8
D 297 151 2 240 298 251 8
D 296 149 2 238 297 252 8
D 295 147 2 233 296 253 8
D 294 143 2 228 295 255 8
D 293 139 2 213 294 257 8
D 304 127 2 208 264 206 8
D 303 125 2 204 304 209 8
D 302 123 2 199 303 210 8
D 307 127 2 206 264 208 207
D 306 125 2 204 307 209 29
D 305 123 2 199 306 210 29
D 292 129 3 198 293 302 212 305 8
D 291 119 2 183 292 265 8
D 310 107 2 178 272 176 8
D 309 105 2 174 310 179 8
D 308 103 2 169 309 180 8
D 313 107 2 176 272 178 177
D 312 105 2 174 313 179 29
D 311 103 2 169 312 180 29
D 290 109 3 168 291 308 182 311 8
D 318 97 2 156 278 158 157
D 317 95 2 154 318 159 29
D 316 93 2 149 317 160 29
D 315 89 2 144 316 162 29
D 314 85 2 136 315 164 29
D 284 99 3 285 167 135 290 314 8
D 321 63 2 108 107 106 8
D 320 61 2 109 321 104 8
D 323 63 2 108 133 106 29
D 322 61 2 109 323 104 29
D 319 65 2 320 110 322 8
D 329 97 2 156 278 158 8
D 328 95 2 159 329 154 8
D 327 93 2 149 328 160 8
D 326 89 2 144 327 162 8
D 325 85 2 136 326 164 8
D 340 157 2 246 301 248 8
D 339 155 2 249 340 244 8
D 338 153 2 242 339 250 8
D 337 151 2 240 338 251 8
D 336 149 2 238 337 252 8
D 335 147 2 233 336 253 8
D 334 143 2 228 335 255 8
D 333 139 2 213 334 257 8
D 343 127 2 206 264 208 8
D 342 125 2 209 343 204 8
D 341 123 2 199 342 210 8
D 346 127 2 206 207 208 29
D 345 125 2 204 307 209 346
D 344 123 2 199 345 210 29
D 332 129 4 198 333 302 293 341 212 344 8
D 331 119 2 183 332 265 8
D 349 107 2 176 272 178 8
D 348 105 2 179 349 174 8
D 347 103 2 169 348 180 8
D 352 107 2 176 177 178 29
D 351 105 2 174 313 179 352
D 350 103 2 169 351 180 29
D 330 109 4 168 331 308 291 347 182 350 8
D 357 97 2 156 157 158 29
D 356 95 2 159 357 154 318
D 355 93 2 149 356 160 29
D 354 89 2 144 355 162 29
D 353 85 2 136 354 164 29
D 324 99 4 325 167 285 290 135 330 353 8
D 359 61 2 104 321 109 8
D 362 71 2 119 118 117 8
D 363 71 2 119 128 117 29
D 361 73 2 362 120 363 8
D 360 69 2 111 361 129 8
D 364 61 2 104 323 109 29
D 358 65 2 359 360 364 8
D 368 87 2 145 163 147 8
D 370 95 2 154 329 159 8
D 369 93 2 149 370 160 8
D 371 87 2 145 146 147 29
D 367 89 2 368 369 371 8
D 366 85 2 136 367 164 8
D 381 155 2 244 340 249 8
D 380 153 2 250 381 242 8
D 379 151 2 240 380 251 8
D 378 149 2 238 379 252 8
D 377 147 2 233 378 253 8
D 376 143 2 228 377 255 8
D 375 139 2 213 376 257 8
D 383 121 2 200 211 202 8
D 384 125 2 204 343 209 8
D 385 121 2 200 201 202 29
D 382 123 2 383 384 385 8
D 387 125 2 204 346 209 29
D 386 123 3 199 345 383 387 202 29
D 374 129 5 198 375 302 333 341 293 382 212 386 8
D 373 119 2 183 374 265 8
D 389 101 2 170 181 172 8
D 390 105 2 174 349 179 8
D 391 101 2 170 171 172 29
D 388 103 2 389 390 391 8
D 393 105 2 174 352 179 29
D 392 103 3 169 351 389 393 172 29
D 372 109 5 168 373 308 331 347 291 388 182 392 8
D 397 95 2 154 357 159 29
D 396 93 2 149 397 160 29
D 395 89 3 144 355 368 396 147 29
D 394 85 2 136 395 164 29
D 365 99 5 366 167 325 290 285 330 135 372 394 8
D 400 67 2 114 113 112 8
D 401 67 2 114 130 112 29
D 399 69 2 400 115 401 8
D 398 65 2 359 399 364 8
D 405 87 2 147 146 145 8
D 406 87 2 147 163 145 29
D 404 89 2 405 369 406 8
D 403 85 2 136 404 164 8
D 415 153 2 242 381 250 8
D 414 151 2 251 415 240 8
D 413 149 2 238 414 252 8
D 412 147 2 233 413 253 8
D 411 143 2 228 412 255 8
D 410 139 2 213 411 257 8
D 417 121 2 202 201 200 8
D 418 121 2 202 211 200 29
D 416 123 2 417 384 418 8
D 420 121 2 202 201 200 211
D 421 121 2 202 211 200 8
D 419 123 3 199 345 420 387 421 29
D 409 129 6 198 410 302 375 341 333 382 293 416 212 419 8
D 408 119 2 183 409 265 8
D 423 101 2 172 171 170 8
D 424 101 2 172 181 170 29
D 422 103 2 423 390 424 8
D 426 101 2 172 171 170 181
D 427 101 2 172 181 170 8
D 425 103 3 169 351 426 393 427 29
D 407 109 6 168 408 308 373 347 331 388 291 422 182 425 8
D 430 87 2 147 146 145 163
D 431 87 2 147 163 145 8
D 429 89 3 144 355 430 396 431 29
D 428 85 2 136 429 164 29
D 402 99 6 403 167 366 290 325 330 285 372 135 407 428 8
D 434 67 2 112 130 114 8
D 435 67 2 112 113 114 29
D 433 69 2 434 115 435 8
D 432 65 2 359 433 364 8
D 440 91 2 152 151 150 8
D 441 91 2 152 161 150 29
D 439 93 2 440 370 441 8
D 438 89 2 144 439 162 8
D 437 85 2 136 438 164 8
D 443 103 2 169 390 180 8
D 447 117 2 193 192 191 8
D 446 115 2 189 447 194 8
D 445 113 2 184 446 195 8
D 450 117 2 193 268 191 29
D 449 115 2 189 450 194 29
D 448 113 2 184 449 195 29
D 444 119 2 445 197 448 8
D 457 151 2 240 415 251 8
D 456 149 2 252 457 238 8
D 455 147 2 233 456 253 8
D 454 143 2 228 455 255 8
D 453 139 2 213 454 257 8
D 458 123 2 199 384 210 8
D 462 137 2 221 260 223 8
D 461 135 2 219 462 224 8
D 460 133 2 214 461 225 8
D 465 137 2 221 222 223 29
D 464 135 2 219 465 224 29
D 463 133 2 214 464 225 29
D 459 139 2 460 227 463 8
D 468 127 2 208 207 206 8
D 467 125 2 204 468 209 346
D 466 123 3 199 467 420 387 421 29
D 452 129 7 198 453 458 459 302 410 341 375 382 333 416 293 466 8
D 451 119 2 183 452 265 8
D 471 107 2 178 177 176 8
D 470 105 2 174 471 179 352
D 469 103 3 169 470 426 393 427 29
D 442 109 7 443 444 168 451 308 408 347 373 388 331 422 291 469 8
D 474 93 3 440 397 149 356 161 29
D 473 89 3 144 474 430 396 431 29
D 472 85 2 136 473 164 29
D 436 99 7 437 167 403 290 366 330 325 372 285 407 135 442 472 8
D 478 75 2 126 122 121 8
D 477 73 2 116 478 127 8
D 476 69 2 111 477 129 8
D 475 65 2 359 476 364 8
D 482 83 2 139 166 141 8
D 481 81 2 137 482 142 8
D 483 89 2 144 369 162 8
D 485 83 2 139 140 141 29
D 484 81 2 137 485 142 29
D 480 85 2 481 483 484 8
D 489 111 2 185 196 187 8
D 490 111 2 185 186 187 29
D 488 113 2 489 188 490 8
D 491 113 3 184 449 489 266 187 29
D 487 119 3 445 292 488 197 491 8
D 497 145 2 234 254 236 8
D 498 149 2 238 457 252 8
D 499 145 2 234 235 236 29
D 496 147 2 497 498 499 8
D 495 143 2 228 496 255 8
D 494 139 2 213 495 257 8
D 503 137 2 223 222 221 8
D 502 135 2 219 503 224 8
D 501 133 2 214 502 225 8
D 506 137 2 221 222 223 260
D 505 135 2 219 506 224 29
D 504 133 2 214 505 225 29
D 500 139 3 501 227 460 294 504 8
D 493 129 7 198 494 458 500 302 453 341 410 382 375 416 333 466 8
D 492 119 2 183 493 265 8
D 486 109 7 443 487 168 492 308 451 347 408 388 373 422 331 469 8
D 508 89 2 144 396 162 29
D 509 81 2 137 141 142 29
D 507 85 3 136 473 481 508 509 29
D 479 99 8 480 167 437 290 403 330 366 372 325 407 285 442 135 486 507 8
D 514 77 2 125 124 123 8
D 513 75 2 121 514 126 8
D 512 73 2 116 513 127 8
D 511 69 2 111 512 129 8
D 510 65 2 359 511 364 8
D 518 83 2 141 140 139 8
D 517 81 2 137 518 142 8
D 520 83 2 141 166 139 29
D 519 81 2 137 520 142 29
D 516 85 2 517 483 519 8
D 524 111 2 187 186 185 8
D 525 111 2 187 196 185 29
D 523 113 2 524 188 525 8
D 527 111 2 187 186 185 196
D 528 111 2 187 196 185 8
D 526 113 3 184 449 527 266 528 29
D 522 119 4 488 292 445 332 523 197 526 8
D 534 145 2 236 235 234 8
D 535 145 2 236 254 234 29
D 533 147 2 534 498 535 8
D 532 143 2 228 533 255 8
D 531 139 2 213 532 257 8
D 538 131 2 217 216 215 8
D 539 131 2 217 226 215 29
D 537 133 2 538 218 539 8
D 540 133 3 214 505 538 258 226 29
D 536 139 4 537 227 501 294 460 334 540 8
D 530 129 7 198 531 458 536 302 494 341 453 382 410 416 375 466 8
D 529 119 2 183 530 265 8
D 521 109 7 443 522 168 529 308 492 347 451 388 408 422 373 469 8
D 543 83 2 141 140 139 166
D 542 81 2 137 543 142 8
D 545 83 2 141 166 139 8
D 544 81 2 137 545 142 29
D 541 85 3 136 473 542 508 544 29
D 515 99 9 516 167 480 290 437 330 403 372 366 407 325 442 285 486 135 521 541 8
L 551 78 40
D 550 77 2 123 551 125 8
D 549 75 2 121 550 126 8
D 548 73 2 116 549 127 8
D 547 69 2 111 548 129 8
D 546 65 2 359 547 364 8
D 554 81 2 142 138 137 8
D 555 81 2 142 165 137 29
D 553 85 2 554 483 555 8
D 559 115 2 194 190 189 8
D 558 113 2 184 559 195 8
D 561 115 2 189 450 194 267
D 560 113 3 184 561 527 266 528 29
D 557 119 5 445 374 523 292 488 332 558 197 560 8
D 566 131 2 215 226 217 8
D 567 131 2 215 216 217 29
D 565 133 2 566 218 567 8
D 569 131 2 217 216 215 226
D 570 131 2 217 226 215 8
D 568 133 3 214 505 569 258 570 29
D 564 139 5 565 227 537 294 501 334 460 376 568 8
D 573 141 2 229 256 231 8
D 574 147 2 233 498 253 8
D 575 141 2 229 230 231 29
D 572 143 2 573 574 575 8
D 571 139 2 213 572 257 8
D 563 129 7 458 564 302 531 198 571 341 494 382 453 416 410 466 8
D 562 119 2 183 563 265 8
D 556 109 7 443 557 168 562 308 529 347 492 388 451 422 408 469 8
D 577 81 2 137 543 142 138
D 578 81 2 137 545 142 165
D 576 85 3 136 473 577 508 578 29
D 552 99 10 553 167 516 290 480 330 437 372 403 407 366 442 325 486 285 521 135 556 576 8
D 583 77 2 123 551 125 29
D 582 75 2 121 583 126 29
D 585 77 2 123 124 125 551
D 584 75 2 126 583 121 585
D 581 73 3 362 582 116 584 128 29
D 586 67 2 114 113 112 130
D 587 73 2 116 582 127 29
D 588 67 2 114 130 112 8
D 580 69 3 111 581 586 587 588 29
D 590 63 2 106 107 108 133
D 589 61 2 104 590 109 321
D 591 69 2 111 587 129 29
D 593 63 2 106 133 108 8
D 592 61 2 104 593 109 323
D 579 65 3 359 580 589 591 592 29
D 101 79 10 102 134 279 284 319 324 358 365 398 402 432 436 475 479 510 515 546 552 579 8
D 596 43 2 75 74 73 8
D 595 41 2 71 596 76 8
D 599 51 2 84 95 86 8
D 600 51 2 84 85 86 29
D 598 53 2 599 87 600 8
D 597 49 2 78 598 96 8
D 602 43 2 75 100 73 29
D 601 41 2 71 602 76 29
D 594 45 2 595 597 601 8
D 607 71 2 117 128 119 8
D 608 71 2 117 118 119 29
D 606 73 2 607 120 608 8
D 605 69 2 111 606 129 8
D 604 65 2 359 605 364 8
D 613 91 2 150 161 152 8
D 614 91 2 150 151 152 29
D 612 93 2 613 370 614 8
D 611 89 2 144 612 162 8
D 610 85 2 136 611 164 8
D 619 117 2 191 268 193 8
D 618 115 2 189 619 194 8
D 617 113 2 184 618 195 8
D 622 117 2 191 192 193 268
D 621 115 2 189 622 194 267
D 620 113 3 184 621 527 266 528 29
D 616 119 6 445 409 488 374 558 292 523 332 617 197 620 8
D 627 135 2 224 220 219 8
D 626 133 2 214 627 225 8
D 629 135 2 219 506 224 259
D 628 133 3 214 629 569 258 570 29
D 625 139 6 626 227 565 294 537 334 460 411 501 376 628 8
D 632 141 2 231 230 229 8
D 633 141 2 231 256 229 29
D 631 143 2 632 574 633 8
D 630 139 2 213 631 257 8
D 624 129 7 458 625 341 531 302 571 382 494 198 630 416 453 466 8
D 623 119 2 183 624 265 8
D 615 109 7 443 616 168 623 308 562 347 529 388 492 422 451 469 8
D 637 91 2 152 151 150 161
D 638 91 2 152 161 150 8
D 636 93 3 637 397 149 356 638 29
D 635 89 3 430 396 144 636 431 29
D 634 85 3 577 508 136 635 578 29
D 609 99 11 610 167 553 290 516 330 480 372 437 407 403 442 366 486 325 521 285 556 135 615 634 8
D 642 71 2 119 118 117 128
D 643 71 2 119 128 117 8
D 641 73 3 642 582 116 584 643 29
D 640 69 3 586 587 111 641 588 29
D 639 65 3 589 591 359 640 592 29
D 603 79 11 604 134 102 284 279 324 319 365 358 402 398 436 432 479 475 515 510 552 546 609 639 8
D 646 43 2 73 100 75 8
D 645 41 2 71 646 76 8
D 648 43 2 73 74 75 29
D 647 41 2 71 648 76 29
D 644 45 2 645 597 647 8
D 652 119 6 445 452 488 409 523 374 617 292 558 332 620 8
D 655 139 6 626 294 565 334 460 454 501 411 537 376 628 8
D 657 125 2 209 346 204 207
D 656 123 3 199 657 420 387 421 29
D 654 129 6 458 655 382 531 341 571 416 494 302 630 656 8
D 653 119 2 183 654 265 8
D 651 109 7 443 652 308 623 168 653 347 562 388 529 422 492 469 8
D 650 99 11 610 290 553 330 516 372 480 407 437 442 403 486 366 521 325 556 285 615 135 651 634 8
D 649 79 11 604 284 102 324 279 365 319 402 358 436 398 479 432 515 475 552 510 609 546 650 639 8
D 659 41 2 76 72 71 8
D 660 41 2 76 99 71 29
D 658 45 2 659 597 660 8
D 664 119 6 488 452 445 493 523 409 558 374 617 332 620 8
D 667 139 6 626 334 460 495 501 454 537 411 565 376 628 8
D 668 123 3 420 387 199 346 421 29
D 666 129 5 458 667 416 531 382 571 341 630 668 8
D 665 119 2 183 666 265 8
D 663 109 7 443 664 347 623 308 653 168 665 388 562 422 529 469 8
D 662 99 11 610 330 553 372 516 407 480 442 437 486 403 521 366 556 325 615 285 651 135 663 634 8
D 661 79 11 604 324 102 365 279 402 319 436 358 479 398 515 432 552 475 609 510 650 546 662 639 8
D 672 51 2 86 95 84 8
D 673 51 2 86 85 84 29
D 671 53 2 672 87 673 8
D 670 49 2 78 671 96 8
D 669 45 2 70 670 98 8
D 677 119 6 523 452 488 493 445 530 558 409 617 374 620 8
D 680 139 6 460 532 501 495 537 454 565 411 626 376 628 8
D 682 121 2 202 201 200 29
D 681 123 2 682 387 421 29
D 679 129 4 416 571 458 680 382 630 681 8
D 678 119 2 183 679 265 8
D 676 109 7 443 677 388 623 347 653 308 665 168 678 422 562 469 8
D 675 99 11 610 372 553 407 516 442 480 486 437 521 403 556 366 615 325 651 285 663 135 676 634 8
D 674 79 11 604 365 102 402 279 436 319 479 358 515 398 552 432 609 475 650 510 662 546 675 639 8
D 685 47 2 81 80 79 8
D 686 47 2 81 97 79 29
D 684 49 2 685 598 686 8
D 683 45 2 70 684 98 8
D 690 119 6 558 452 523 493 488 530 445 563 617 409 620 8
D 693 139 6 501 532 537 495 565 454 626 411 460 572 628 8
D 694 123 2 201 387 211 29
D 692 129 3 416 630 458 693 694 8
D 691 119 2 183 692 265 8
D 689 109 7 443 690 422 623 388 653 347 665 308 678 168 691 469 8
D 688 99 11 610 407 553 442 516 486 480 521 437 556 403 615 366 651 325 663 285 676 135 689 634 8
D 687 79 11 604 402 102 436 279 479 319 515 358 552 398 609 432 650 475 662 510 675 546 688 639 8
D 697 47 2 79 97 81 8
D 698 47 2 79 80 81 29
D 696 49 2 697 598 698 8
D 695 45 2 70 696 98 8
D 702 119 6 617 452 558 493 523 530 488 563 445 624 620 8
D 705 139 6 537 532 565 495 626 454 501 572 460 631 628 8
D 706 123 2 199 387 210 29
D 704 129 2 458 705 706 8
D 703 119 2 183 704 265 8
D 701 109 7 422 653 443 702 388 665 347 678 308 691 168 703 469 8
D 700 99 11 610 442 553 486 516 521 480 556 437 615 403 651 366 663 325 676 285 689 135 701 634 8
D 699 79 11 604 436 102 479 279 515 319 552 358 609 398 650 432 662 475 675 510 688 546 700 639 8
D 710 55 2 93 89 88 8
D 709 53 2 599 710 600 8
D 708 49 2 78 709 96 8
D 707 45 2 70 708 98 8
D 714 119 6 617 493 558 530 523 563 488 624 445 654 620 8
D 720 137 2 223 260 221 29
D 719 135 2 219 720 224 259
D 718 133 3 214 719 569 258 570 29
D 717 139 5 565 532 626 495 537 572 501 631 718 8
D 716 129 2 458 717 706 8
D 715 119 2 183 716 265 8
D 713 109 7 422 665 443 714 388 678 347 691 308 703 168 715 469 8
D 712 99 11 610 486 553 521 516 556 480 615 437 651 403 663 366 676 325 689 285 701 135 713 634 8
D 711 79 11 604 479 102 515 279 552 319 609 358 650 398 662 432 675 475 688 510 700 546 712 639 8
D 725 57 2 92 91 90 8
D 724 55 2 88 725 93 8
D 723 53 2 599 724 600 8
D 722 49 2 78 723 96 8
D 721 45 2 70 722 98 8
D 729 119 6 617 530 558 563 523 624 488 654 445 666 620 8
D 734 135 2 224 259 219 29
D 733 133 3 569 258 214 734 570 29
D 732 139 4 626 532 565 572 537 631 733 8
D 731 129 2 458 732 706 8
D 730 119 2 183 731 265 8
D 728 109 7 422 678 443 729 388 691 347 703 308 715 168 730 469 8
D 727 99 11 610 521 553 556 516 615 480 651 437 663 403 676 366 689 325 701 285 713 135 728 634 8
D 726 79 11 604 515 102 552 279 609 319 650 358 662 398 675 432 688 475 700 510 712 546 727 639 8
L 740 58 30
D 739 57 2 90 740 92 8
D 738 55 2 88 739 93 8
D 737 53 2 599 738 600 8
D 736 49 2 78 737 96 8
D 735 45 2 70 736 98 8
D 744 119 6 617 563 558 624 523 654 488 666 445 679 620 8
D 748 133 3 566 258 214 734 217 29
D 747 139 3 626 572 565 631 748 8
D 746 129 2 458 747 706 8
D 745 119 2 183 746 265 8
D 743 109 7 422 691 443 744 388 703 347 715 308 730 168 745 469 8
D 742 99 11 610 556 553 615 516 651 480 663 437 676 403 689 366 701 325 713 285 728 135 743 634 8
D 741 79 11 604 552 102 609 279 650 319 662 358 675 398 688 432 700 475 712 510 727 546 742 639 8
D 751 43 2 75 74 73 100
D 750 41 2 71 751 76 72
D 755 57 2 90 740 92 29
D 754 55 2 88 755 93 29
D 753 53 2 599 754 600 29
D 752 49 2 78 753 96 29
D 757 47 2 81 80 79 97
D 759 51 2 86 95 84 85
D 761 57 2 90 91 92 740
D 760 55 2 93 755 88 761
D 762 51 2 86 85 84 8
D 758 53 3 759 754 599 760 762 29
D 763 47 2 81 97 79 8
D 756 49 3 757 753 78 758 763 29
D 765 43 2 75 100 73 8
D 764 41 2 71 765 76 99
D 749 45 3 750 752 70 756 764 29
D 68 59 11 69 101 594 603 644 649 658 661 669 674 683 687 695 699 707 711 721 726 735 741 749 8
D 768 23 2 42 41 40 8
D 767 21 2 38 768 43 8
D 771 31 2 51 62 53 8
D 772 31 2 51 52 53 29
D 770 33 2 771 54 772 8
D 769 29 2 45 770 63 8
D 774 23 2 42 67 40 29
D 773 21 2 38 774 43 29
D 766 25 2 767 769 773 8
D 779 119 6 617 624 558 654 523 666 488 679 445 692 620 8
D 783 133 2 214 734 225 29
D 782 139 2 626 631 783 8
D 781 129 2 458 782 706 8
D 780 119 2 183 781 265 8
D 778 109 7 422 703 443 779 388 715 347 730 308 745 168 780 469 8
D 777 99 11 610 615 553 651 516 663 480 676 437 689 403 701 366 713 325 728 285 743 135 778 634 8
D 776 79 11 604 609 102 650 279 662 319 675 358 688 398 700 432 712 475 727 510 742 546 777 639 8
D 775 59 11 69 603 594 649 644 661 658 674 669 687 683 699 695 711 707 726 721 741 735 776 749 8
D 786 23 2 40 67 42 8
D 785 21 2 38 786 43 8
D 788 23 2 40 41 42 29
D 787 21 2 38 788 43 29
D 784 25 2 785 769 787 8
D 793 119 6 617 654 558 666 523 679 488 692 445 704 620 8
D 795 105 2 179 352 174 177
D 794 103 3 169 795 426 393 427 29
D 792 109 6 422 715 443 793 388 730 347 745 308 780 794 8
D 791 99 11 610 651 553 663 516 676 480 689 437 701 403 713 366 728 325 743 285 778 135 792 634 8
D 790 79 11 604 650 102 662 279 675 319 688 358 700 398 712 432 727 475 742 510 777 546 791 639 8
D 789 59 11 69 649 594 661 644 674 658 687 669 699 683 711 695 726 707 741 721 776 735 790 749 8
D 797 21 2 43 39 38 8
D 798 21 2 43 66 38 29
D 796 25 2 797 769 798 8
D 803 119 6 617 666 558 679 523 692 488 704 445 716 620 8
D 804 103 3 426 393 169 352 427 29
D 802 109 5 422 730 443 803 388 745 347 780 804 8
D 801 99 11 610 663 553 676 516 689 480 701 437 713 403 728 366 743 325 778 285 792 135 802 634 8
D 800 79 11 604 662 102 675 279 688 319 700 358 712 398 727 432 742 475 777 510 791 546 801 639 8
D 799 59 11 69 661 594 674 644 687 658 699 669 711 683 726 695 741 707 776 721 790 735 800 749 8
D 808 31 2 53 62 51 8
D 809 31 2 53 52 51 29
D 807 33 2 808 54 809 8
D 806 29 2 45 807 63 8
D 805 25 2 37 806 65 8
D 814 119 6 617 679 558 692 523 704 488 716 445 731 620 8
D 816 101 2 172 171 170 29
D 815 103 2 816 393 427 29
D 813 109 4 422 745 443 814 388 780 815 8
D 812 99 11 610 676 553 689 516 701 480 713 437 728 403 743 366 778 325 792 285 802 135 813 634 8
D 811 79 11 604 675 102 688 279 700 319 712 358 727 398 742 432 777 475 791 510 801 546 812 639 8
D 810 59 11 69 674 594 687 644 699 658 711 669 726 683 741 695 776 707 790 721 800 735 811 749 8
D 819 27 2 48 47 46 8
D 820 27 2 48 64 46 29
D 818 29 2 819 770 820 8
D 817 25 2 37 818 65 8
D 825 119 6 617 692 558 704 523 716 488 731 445 746 620 8
D 826 103 2 171 393 181 29
D 824 109 3 422 780 443 825 826 8
D 823 99 11 610 689 553 701 516 713 480 728 437 743 403 778 366 792 325 802 285 813 135 824 634 8
D 822 79 11 604 688 102 700 279 712 319 727 358 742 398 777 432 791 475 801 510 812 546 823 639 8
D 821 59 11 69 687 594 699 644 711 658 726 669 741 683 776 695 790 707 800 721 811 735 822 749 8
D 829 27 2 46 64 48 8
D 830 27 2 46 47 48 29
D 828 29 2 829 770 830 8
D 827 25 2 37 828 65 8
D 835 119 6 617 704 558 716 523 731 488 746 445 781 620 8
D 836 103 2 169 393 180 29
D 834 109 2 443 835 836 8
D 833 99 11 610 701 553 713 516 728 480 743 437 778 403 792 366 802 325 813 285 824 135 834 634 8
D 832 79 11 604 700 102 712 279 727 319 742 358 777 398 791 432 801 475 812 510 823 546 833 639 8
D 831 59 11 69 699 594 711 644 726 658 741 669 776 683 790 695 800 707 811 721 822 735 832 749 8
D 840 35 2 60 56 55 8
D 839 33 2 771 840 772 8
D 838 29 2 45 839 63 8
D 837 25 2 37 838 65 8
D 848 117 2 191 192 193 29
D 847 115 2 194 267 189 848
D 846 113 3 184 847 527 266 528 29
D 845 119 5 617 716 558 731 523 746 488 781 846 8
D 844 109 2 443 845 836 8
D 843 99 11 610 713 553 728 516 743 480 778 437 792 403 802 366 813 325 824 285 834 135 844 634 8
D 842 79 11 604 712 102 727 279 742 319 777 358 791 398 801 432 812 475 823 510 833 546 843 639 8
D 841 59 11 69 711 594 726 644 741 658 776 669 790 683 800 695 811 707 822 721 832 735 842 749 8
D 853 37 2 59 58 57 8
D 852 35 2 55 853 60 8
D 851 33 2 771 852 772 8
D 850 29 2 45 851 63 8
D 849 25 2 37 850 65 8
D 859 113 3 184 847 524 266 196 29
D 858 119 4 617 731 558 746 523 781 859 8
D 857 109 2 443 858 836 8
D 856 99 11 610 728 553 743 516 778 480 792 437 802 403 813 366 824 325 834 285 844 135 857 634 8
D 855 79 11 604 727 102 742 279 777 319 791 358 801 398 812 432 823 475 833 510 843 546 856 639 8
D 854 59 11 69 726 594 741 644 776 658 790 669 800 683 811 695 822 707 832 721 842 735 855 749 8
L 865 38 20
D 864 37 2 57 865 59 8
D 863 35 2 55 864 60 8
D 862 33 2 771 863 772 8
D 861 29 2 45 862 63 8
D 860 25 2 37 861 65 8
D 871 113 2 184 847 195 29
D 870 119 3 617 746 558 781 871 8
D 869 109 2 443 870 836 8
D 868 99 11 610 743 553 778 516 792 480 802 437 813 403 824 366 834 325 844 285 857 135 869 634 8
D 867 79 11 604 742 102 777 279 791 319 801 358 812 398 823 432 833 475 843 510 856 546 868 639 8
D 866 59 11 69 741 594 776 644 790 658 800 669 811 683 822 695 832 707 842 721 855 735 867 749 8
D 874 23 2 42 41 40 67
D 873 21 2 38 874 43 39
D 878 37 2 57 865 59 29
D 877 35 2 55 878 60 29
D 876 33 2 771 877 772 29
D 875 29 2 45 876 63 29
D 880 27 2 48 47 46 64
D 882 31 2 53 62 51 52
D 884 37 2 57 58 59 865
D 883 35 2 60 878 55 884
D 885 31 2 53 52 51 8
D 881 33 3 882 877 771 883 885 29
D 886 27 2 48 64 46 8
D 879 29 3 880 876 45 881 886 29
D 888 23 2 42 67 40 8
D 887 21 2 38 888 43 66
D 872 25 3 873 875 37 879 887 29
D 35 39 11 36 68 766 775 784 789 796 799 805 810 817 821 827 831 837 841 849 854 860 866 872 8
D 891 3 2 7 6 5 8
D 890 1 2 3 891 9 8
D 894 11 2 17 28 19 8
D 895 11 2 17 18 19 29
D 893 13 2 894 20 895 8
D 892 9 2 11 893 30 8
D 897 3 2 7 34 5 29
D 896 1 2 3 897 9 29
D 889 5 2 890 892 896 8
D 905 115 2 189 848 194 29
D 904 113 2 184 905 195 29
D 903 119 2 617 781 904 8
D 902 109 2 443 903 836 8
D 901 99 11 610 778 553 792 516 802 480 813 437 824 403 834 366 844 325 857 285 869 135 902 634 8
D 900 79 11 604 777 102 791 279 801 319 812 358 823 398 833 432 843 475 856 510 868 546 901 639 8
D 899 59 11 69 776 594 790 644 800 658 811 669 822 683 832 695 842 707 855 721 867 735 900 749 8
D 898 39 11 36 775 766 789 784 799 796 810 805 821 817 831 827 841 837 854 849 866 860 899 872 8
D 908 3 2 5 34 7 8
D 907 1 2 3 908 9 8
D 910 3 2 5 6 7 29
D 909 1 2 3 910 9 29
D 906 5 2 907 892 909 8
D 919 97 2 158 157 156 29
D 918 95 2 154 919 159 357
D 917 93 3 149 918 637 397 638 29
D 916 89 3 144 917 430 396 431 29
D 915 85 3 136 916 577 508 578 29
D 914 99 10 610 792 553 802 516 813 480 824 437 834 403 844 366 857 325 869 285 902 915 8
D 913 79 11 604 791 102 801 279 812 319 823 358 833 398 843 432 856 475 868 510 901 546 914 639 8
D 912 59 11 69 790 594 800 644 811 658 822 669 832 683 842 695 855 707 867 721 900 735 913 749 8
D 911 39 11 36 789 766 799 784 810 796 821 805 831 817 841 827 854 837 866 849 899 860 912 872 8
D 921 1 2 9 4 3 8
D 922 1 2 9 33 3 29
D 920 5 2 921 892 922 8
D 930 95 2 159 357 154 29
D 929 93 3 149 930 637 397 638 29
D 928 89 3 144 929 430 396 431 29
D 927 85 3 136 928 577 508 578 29
D 926 99 9 610 802 553 813 516 824 480 834 437 844 403 857 366 869 325 902 927 8
D 925 79 11 604 801 102 812 279 823 319 833 358 843 398 856 432 868 475 901 510 914 546 926 639 8
D 924 59 11 69 800 594 811 644 822 658 832 669 842 683 855 695 867 707 900 721 913 735 925 749 8
D 923 39 11 36 799 766 810 784 821 796 831 805 841 817 854 827 866 837 899 849 912 860 924 872 8
D 934 11 2 19 28 17 8
D 935 11 2 19 18 17 29
D 933 13 2 934 20 935 8
D 932 9 2 11 933 30 8
D 931 5 2 2 932 32 8
D 943 91 2 150 151 152 161
D 942 93 2 637 397 943 29
D 941 89 3 144 942 430 396 431 29
D 940 85 3 136 941 577 508 578 29
D 939 99 8 610 813 553 824 516 834 480 844 437 857 403 869 366 902 940 8
D 938 79 11 604 812 102 823 279 833 319 843 358 856 398 868 432 901 475 914 510 926 546 939 639 8
D 937 59 11 69 811 594 822 644 832 658 842 669 855 683 867 695 900 707 913 721 925 735 938 749 8
D 936 39 11 36 810 766 821 784 831 796 841 805 854 817 866 827 899 837 912 849 924 860 937 872 8
D 946 7 2 14 13 12 8
D 947 7 2 14 31 12 29
D 945 9 2 946 893 947 8
D 944 5 2 2 945 32 8
D 953 89 3 144 942 405 396 163 29
D 952 85 3 136 953 577 508 578 29
D 951 99 7 610 824 553 834 516 844 480 857 437 869 403 902 952 8
D 950 79 11 604 823 102 833 279 843 319 856 358 868 398 901 432 914 475 926 510 939 546 951 639 8
D 949 59 11 69 822 594 832 644 842 658 855 669 867 683 900 695 913 707 925 721 938 735 950 749 8
D 948 39 11 36 821 766 831 784 841 796 854 805 866 817 899 827 912 837 924 849 937 860 949 872 8
D 956 7 2 12 31 14 8
D 957 7 2 12 13 14 29
D 955 9 2 956 893 957 8
D 954 5 2 2 955 32 8
D 963 89 2 144 942 162 29
D 962 85 3 136 963 577 508 578 29
D 961 99 6 610 834 553 844 516 857 480 869 437 902 962 8
D 960 79 11 604 833 102 843 279 856 319 868 358 901 398 914 432 926 475 939 510 951 546 961 639 8
D 959 59 11 69 832 594 842 644 855 658 867 669 900 683 913 695 925 707 938 721 950 735 960 749 8
D 958 39 11 36 831 766 841 784 854 796 866 805 899 817 912 827 924 837 937 849 949 860 959 872 8
D 967 15 2 26 22 21 8
D 966 13 2 894 967 895 8
D 965 9 2 11 966 30 8
D 964 5 2 2 965 32 8
D 974 93 2 613 397 614 29
D 973 89 2 144 974 162 29
D 972 85 3 136 973 577 508 578 29
D 971 99 5 610 844 553 857 516 869 480 902 972 8
D 970 79 11 604 843 102 856 279 868 319 901 358 914 398 926 432 939 475 951 510 961 546 971 639 8
D 969 59 11 69 842 594 855 644 867 658 900 669 913 683 925 695 938 707 950 721 960 735 970 749 8
D 968 39 11 36 841 766 854 784 866 796 899 805 912 817 924 827 937 837 949 849 959 860 969 872 8
D 979 17 2 25 24 23 8
D 978 15 2 21 979 26 8
D 977 13 2 894 978 895 8
D 976 9 2 11 977 30 8
D 975 5 2 2 976 32 8
D 985 81 2 137 518 142 138
D 986 81 2 142 165 137 166
D 984 85 3 136 973 985 508 986 29
D 983 99 4 610 857 553 869 516 902 984 8
D 982 79 11 604 856 102 868 279 901 319 914 358 926 398 939 432 951 475 961 510 971 546 983 639 8
D 981 59 11 69 855 594 867 644 900 658 913 669 925 683 938 695 950 707 960 721 970 735 982 749 8
D 980 39 11 36 854 766 866 784 899 796 912 805 924 817 937 827 949 837 959 849 969 860 981 872 8
L 992 18 10
D 991 17 2 23 992 25 8
D 990 15 2 21 991 26 8
D 989 13 2 894 990 895 8
D 988 9 2 11 989 30 8
D 987 5 2 2 988 32 8
D 997 85 3 136 973 554 508 165 29
D 996 99 3 610 869 553 902 997 8
D 995 79 11 604 868 102 901 279 914 319 926 358 939 398 951 432 961 475 971 510 983 546 996 639 8
D 994 59 11 69 867 594 900 644 913 658 925 669 938 683 950 695 960 707 970 721 982 735 995 749 8
D 993 39 11 36 866 766 899 784 912 796 924 805 937 817 949 827 959 837 969 849 981 860 994 872 8
D 1002 17 2 23 24 25 992
D 1003 17 2 23 992 25 29
D 1001 15 2 21 1002 26 1003
D 1004 11 2 19 28 17 18
D 1005 15 2 21 1003 26 29
D 1006 11 2 19 18 17 8
D 1000 13 3 894 1001 1004 1005 1006 29
D 1007 7 2 14 13 12 31
D 1008 13 2 894 1005 895 29
D 1009 7 2 14 31 12 8
D 999 9 3 11 1000 1007 1008 1009 29
D 1011 3 2 7 6 5 34
D 1010 1 2 3 1011 9 4
D 1012 9 2 11 1008 30 29
D 1014 3 2 7 34 5 8
D 1013 1 2 3 1014 9 33
D 998 5 3 2 999 1010 1012 1013 29
D 0 19 11 1 35 889 898 906 911 920 923 931 936 944 948 954 958 964 968 975 980 987 993 998 8
