c ids of sdd nodes start at 0
c sdd nodes appear bottom-up, children before parents
c
c file syntax:
c sdd count-of-sdd-nodes
c F id-of-false-sdd-node
c T id-of-true-sdd-node
c L id-of-literal-sdd-node id-of-vtree literal
c D id-of-decomposition-sdd-node id-of-vtree number-of-elements {id-of-prime id-of-sub}*
c
sdd 1013
L 3 0 -4
L 5 2 -2
L 6 4 -3
L 7 2 2
F 8
D 4 3 2 5 6 7 8
L 9 0 4
D 2 1 2 3 4 9 8
L 12 6 -6
L 13 8 -7
L 14 6 6
D 11 7 2 12 13 14 8
L 17 10 -5
L 18 12 1
L 19 10 5
D 16 11 2 17 18 19 8
L 21 14 -8
L 23 16 -9
L 24 18 -10
L 25 16 9
D 22 17 2 23 24 25 8
L 26 14 8
D 20 15 2 21 22 26 8
L 28 12 -1
T 29
D 27 11 2 17 28 19 29
D 15 13 2 16 20 27 8
L 31 8 7
D 30 7 2 12 31 14 29
D 10 9 2 11 15 30 8
L 34 4 3
D 33 3 2 5 34 7 29
D 32 1 2 3 33 9 29
D 1 5 2 2 10 32 8
L 38 20 -14
L 40 22 -12
L 41 24 -13
L 42 22 12
D 39 23 2 40 41 42 8
L 43 20 14
D 37 21 2 38 39 43 8
L 46 26 -16
L 47 28 -17
L 48 26 16
D 45 27 2 46 47 48 8
L 51 30 -15
L 52 32 11
L 53 30 15
D 50 31 2 51 52 53 8
L 55 34 -18
L 57 36 -19
L 58 38 -20
L 59 36 19
D 56 37 2 57 58 59 8
L 60 34 18
D 54 35 2 55 56 60 8
L 62 32 -11
D 61 31 2 51 62 53 29
D 49 33 2 50 54 61 8
L 64 28 17
D 63 27 2 46 64 48 29
D 44 29 2 45 49 63 8
L 67 24 13
D 66 23 2 40 67 42 29
D 65 21 2 38 66 43 29
D 36 25 2 37 44 65 8
L 71 40 -24
L 73 42 -22
L 74 44 -23
L 75 42 22
D 72 43 2 73 74 75 8
L 76 40 24
D 70 41 2 71 72 76 8
L 79 46 -26
L 80 48 -27
L 81 46 26
D 78 47 2 79 80 81 8
L 84 50 -25
L 85 52 21
L 86 50 25
D 83 51 2 84 85 86 8
L 88 54 -28
L 90 56 -29
L 91 58 -30
L 92 56 29
D 89 57 2 90 91 92 8
L 93 54 28
D 87 55 2 88 89 93 8
L 95 52 -21
D 94 51 2 84 95 86 29
D 82 53 2 83 87 94 8
L 97 48 27
D 96 47 2 79 97 81 29
D 77 49 2 78 82 96 8
L 100 44 23
D 99 43 2 73 100 75 29
D 98 41 2 71 99 76 29
D 69 45 2 70 77 98 8
L 104 60 34
L 106 62 -32
L 107 64 -33
L 108 62 32
D 105 63 2 106 107 108 8
L 109 60 -34
D 103 61 2 104 105 109 8
L 112 66 -36
L 113 68 -37
L 114 66 36
D 111 67 2 112 113 114 8
L 117 70 -35
L 118 72 -31
L 119 70 35
D 116 71 2 117 118 119 8
L 121 74 -38
L 123 76 -39
L 124 78 -40
L 125 76 39
D 122 77 2 123 124 125 8
L 126 74 38
D 120 75 2 121 122 126 8
L 128 72 31
D 127 71 2 117 128 119 29
D 115 73 2 116 120 127 8
L 130 68 37
D 129 67 2 112 130 114 29
D 110 69 2 111 115 129 8
L 133 64 33
D 132 63 2 106 133 108 29
D 131 61 2 104 132 109 29
D 102 65 2 103 110 131 8
L 137 80 -42
L 139 82 -43
L 140 84 -44
L 141 82 43
D 138 83 2 139 140 141 8
L 142 80 42
D 136 81 2 137 138 142 8
L 145 86 -46
L 146 88 -47
L 147 86 46
D 144 87 2 145 146 147 8
L 150 90 -45
L 151 92 -41
L 152 90 45
D 149 91 2 150 151 152 8
L 154 94 -48
L 156 96 -49
L 157 98 50
L 158 96 49
D 155 97 2 156 157 158 8
L 159 94 48
D 153 95 2 154 155 159 8
L 161 92 41
D 160 91 2 150 161 152 29
D 148 93 2 149 153 160 8
L 163 88 47
D 162 87 2 145 163 147 29
D 143 89 2 144 148 162 8
L 166 84 44
D 165 83 2 139 166 141 29
D 164 81 2 137 165 142 29
D 135 85 2 136 143 164 8
L 170 100 -56
L 171 102 -57
L 172 100 56
D 169 101 2 170 171 172 8
L 174 104 -58
L 176 106 -59
L 177 108 60
L 178 106 59
D 175 107 2 176 177 178 8
L 179 104 58
D 173 105 2 174 175 179 8
L 181 102 57
D 180 101 2 170 181 172 29
D 168 103 2 169 173 180 8
L 185 110 -53
L 186 112 -54
L 187 110 53
D 184 111 2 185 186 187 8
L 189 114 -52
L 191 116 -55
L 192 118 -51
L 193 116 55
D 190 117 2 191 192 193 8
L 194 114 52
D 188 115 2 189 190 194 8
L 196 112 54
D 195 111 2 185 196 187 29
D 183 113 2 184 188 195 8
L 200 120 -76
L 201 122 -77
L 202 120 76
D 199 121 2 200 201 202 8
L 204 124 -78
L 206 126 -79
L 207 128 80
L 208 126 79
D 205 127 2 206 207 208 8
L 209 124 78
D 203 125 2 204 205 209 8
L 211 122 77
D 210 121 2 200 211 202 29
D 198 123 2 199 203 210 8
L 215 130 -73
L 216 132 -72
L 217 130 73
D 214 131 2 215 216 217 8
L 219 134 -71
L 221 136 -74
L 222 138 -75
L 223 136 74
D 220 137 2 221 222 223 8
L 224 134 71
D 218 135 2 219 220 224 8
L 226 132 72
D 225 131 2 215 226 217 29
D 213 133 2 214 218 225 8
L 229 140 -61
L 230 142 -62
L 231 140 61
D 228 141 2 229 230 231 8
L 234 144 -63
L 235 146 -64
L 236 144 63
D 233 145 2 234 235 236 8
L 238 148 -65
L 240 150 -66
L 242 152 -67
L 244 154 -68
L 246 156 -69
L 247 158 70
L 248 156 69
D 245 157 2 246 247 248 8
L 249 154 68
D 243 155 2 244 245 249 8
L 250 152 67
D 241 153 2 242 243 250 8
L 251 150 66
D 239 151 2 240 241 251 8
L 252 148 65
D 237 149 2 238 239 252 8
L 254 146 64
D 253 145 2 234 254 236 29
D 232 147 2 233 237 253 8
L 256 142 62
D 255 141 2 229 256 231 29
D 227 143 2 228 232 255 8
L 260 138 75
D 259 137 2 221 260 223 29
D 258 135 2 219 259 224 29
D 257 133 2 214 258 225 29
D 212 139 2 213 227 257 8
L 264 128 -80
D 263 127 2 206 264 208 29
D 262 125 2 204 263 209 29
D 261 123 2 199 262 210 29
D 197 129 2 198 212 261 8
L 268 118 51
D 267 117 2 191 268 193 29
D 266 115 2 189 267 194 29
D 265 113 2 184 266 195 29
D 182 119 2 183 197 265 8
L 272 108 -60
D 271 107 2 176 272 178 29
D 270 105 2 174 271 179 29
D 269 103 2 169 270 180 29
D 167 109 2 168 182 269 8
L 278 98 -50
D 277 97 2 156 278 158 29
D 276 95 2 154 277 159 29
D 275 93 2 149 276 160 29
D 274 89 2 144 275 162 29
D 273 85 2 136 274 164 29
D 134 99 2 135 167 273 8
D 280 61 2 109 105 104 8
D 283 71 2 119 118 117 8
D 284 71 2 119 128 117 29
D 282 73 2 283 120 284 8
D 281 69 2 111 282 129 8
D 285 61 2 109 132 104 29
D 279 65 2 280 281 285 8
D 291 97 2 158 278 156 8
D 290 95 2 154 291 159 8
D 289 93 2 149 290 160 8
D 288 89 2 144 289 162 8
D 287 85 2 136 288 164 8
L 303 158 -70
D 302 157 2 248 303 246 8
D 301 155 2 244 302 249 8
D 300 153 2 242 301 250 8
D 299 151 2 240 300 251 8
D 298 149 2 238 299 252 8
D 297 147 2 233 298 253 8
D 296 143 2 228 297 255 8
D 295 139 2 213 296 257 8
D 306 127 2 208 264 206 8
D 305 125 2 204 306 209 8
D 304 123 2 199 305 210 8
D 309 127 2 206 264 208 207
D 308 125 2 204 309 209 29
D 307 123 2 199 308 210 29
D 294 129 3 198 295 304 212 307 8
D 293 119 2 183 294 265 8
D 312 107 2 178 272 176 8
D 311 105 2 174 312 179 8
D 310 103 2 169 311 180 8
D 315 107 2 176 272 178 177
D 314 105 2 174 315 179 29
D 313 103 2 169 314 180 29
D 292 109 3 168 293 310 182 313 8
D 320 97 2 156 278 158 157
D 319 95 2 154 320 159 29
D 318 93 2 149 319 160 29
D 317 89 2 144 318 162 29
D 316 85 2 136 317 164 29
D 286 99 3 287 167 135 292 316 8
D 323 67 2 114 113 112 8
D 324 67 2 114 130 112 29
D 322 69 2 323 115 324 8
D 321 65 2 280 322 285 8
D 330 97 2 156 278 158 8
D 329 95 2 159 330 154 8
D 328 93 2 149 329 160 8
D 327 89 2 144 328 162 8
D 326 85 2 136 327 164 8
D 341 157 2 246 303 248 8
D 340 155 2 249 341 244 8
D 339 153 2 242 340 250 8
D 338 151 2 240 339 251 8
D 337 149 2 238 338 252 8
D 336 147 2 233 337 253 8
D 335 143 2 228 336 255 8
D 334 139 2 213 335 257 8
D 344 127 2 206 264 208 8
D 343 125 2 209 344 204 8
D 342 123 2 199 343 210 8
D 347 127 2 206 207 208 29
D 346 125 2 204 309 209 347
D 345 123 2 199 346 210 29
D 333 129 4 198 334 304 295 342 212 345 8
D 332 119 2 183 333 265 8
D 350 107 2 176 272 178 8
D 349 105 2 179 350 174 8
D 348 103 2 169 349 180 8
D 353 107 2 176 177 178 29
D 352 105 2 174 315 179 353
D 351 103 2 169 352 180 29
D 331 109 4 168 332 310 293 348 182 351 8
D 358 97 2 156 157 158 29
D 357 95 2 159 358 154 320
D 356 93 2 149 357 160 29
D 355 89 2 144 356 162 29
D 354 85 2 136 355 164 29
D 325 99 4 326 167 287 292 135 331 354 8
D 361 67 2 112 130 114 8
D 362 67 2 112 113 114 29
D 360 69 2 361 115 362 8
D 359 65 2 280 360 285 8
D 366 87 2 145 163 147 8
D 368 95 2 154 330 159 8
D 367 93 2 149 368 160 8
D 369 87 2 145 146 147 29
D 365 89 2 366 367 369 8
D 364 85 2 136 365 164 8
D 379 155 2 244 341 249 8
D 378 153 2 250 379 242 8
D 377 151 2 240 378 251 8
D 376 149 2 238 377 252 8
D 375 147 2 233 376 253 8
D 374 143 2 228 375 255 8
D 373 139 2 213 374 257 8
D 381 121 2 200 211 202 8
D 382 125 2 204 344 209 8
D 383 121 2 200 201 202 29
D 380 123 2 381 382 383 8
D 385 125 2 204 347 209 29
D 384 123 3 199 346 381 385 202 29
D 372 129 5 198 373 304 334 342 295 380 212 384 8
D 371 119 2 183 372 265 8
D 387 101 2 170 181 172 8
D 388 105 2 174 350 179 8
D 389 101 2 170 171 172 29
D 386 103 2 387 388 389 8
D 391 105 2 174 353 179 29
D 390 103 3 169 352 387 391 172 29
D 370 109 5 168 371 310 332 348 293 386 182 390 8
D 395 95 2 154 358 159 29
D 394 93 2 149 395 160 29
D 393 89 3 144 356 366 394 147 29
D 392 85 2 136 393 164 29
D 363 99 5 364 167 326 292 287 331 135 370 392 8
D 399 75 2 126 122 121 8
D 398 73 2 116 399 127 8
D 397 69 2 111 398 129 8
D 396 65 2 280 397 285 8
D 403 87 2 147 146 145 8
D 404 87 2 147 163 145 29
D 402 89 2 403 367 404 8
D 401 85 2 136 402 164 8
D 413 153 2 242 379 250 8
D 412 151 2 251 413 240 8
D 411 149 2 238 412 252 8
D 410 147 2 233 411 253 8
D 409 143 2 228 410 255 8
D 408 139 2 213 409 257 8
D 415 121 2 202 201 200 8
D 416 121 2 202 211 200 29
D 414 123 2 415 382 416 8
D 418 121 2 202 201 200 211
D 419 121 2 202 211 200 8
D 417 123 3 199 346 418 385 419 29
D 407 129 6 198 408 304 373 342 334 380 295 414 212 417 8
D 406 119 2 183 407 265 8
D 421 101 2 172 171 170 8
D 422 101 2 172 181 170 29
D 420 103 2 421 388 422 8
D 424 101 2 172 171 170 181
D 425 101 2 172 181 170 8
D 423 103 3 169 352 424 391 425 29
D 405 109 6 168 406 310 371 348 332 386 293 420 182 423 8
D 428 87 2 147 146 145 163
D 429 87 2 147 163 145 8
D 427 89 3 144 356 428 394 429 29
D 426 85 2 136 427 164 29
D 400 99 6 401 167 364 292 326 331 287 370 135 405 426 8
D 434 77 2 125 124 123 8
D 433 75 2 121 434 126 8
D 432 73 2 116 433 127 8
D 431 69 2 111 432 129 8
D 430 65 2 280 431 285 8
D 439 91 2 152 151 150 8
D 440 91 2 152 161 150 29
D 438 93 2 439 368 440 8
D 437 89 2 144 438 162 8
D 436 85 2 136 437 164 8
D 442 103 2 169 388 180 8
D 446 117 2 193 192 191 8
D 445 115 2 189 446 194 8
D 444 113 2 184 445 195 8
D 449 117 2 193 268 191 29
D 448 115 2 189 449 194 29
D 447 113 2 184 448 195 29
D 443 119 2 444 197 447 8
D 456 151 2 240 413 251 8
D 455 149 2 252 456 238 8
D 454 147 2 233 455 253 8
D 453 143 2 228 454 255 8
D 452 139 2 213 453 257 8
D 457 123 2 199 382 210 8
D 461 137 2 221 260 223 8
D 460 135 2 219 461 224 8
D 459 133 2 214 460 225 8
D 464 137 2 221 222 223 29
D 463 135 2 219 464 224 29
D 462 133 2 214 463 225 29
D 458 139 2 459 227 462 8
D 467 127 2 208 207 206 8
D 466 125 2 204 467 209 347
D 465 123 3 199 466 418 385 419 29
D 451 129 7 198 452 457 458 304 408 342 373 380 334 414 295 465 8
D 450 119 2 183 451 265 8
D 470 107 2 178 177 176 8
D 469 105 2 174 470 179 353
D 468 103 3 169 469 424 391 425 29
D 441 109 7 442 443 168 450 310 406 348 371 386 332 420 293 468 8
D 473 93 3 439 395 149 357 161 29
D 472 89 3 144 473 428 394 429 29
D 471 85 2 136 472 164 29
D 435 99 7 436 167 401 292 364 331 326 370 287 405 135 441 471 8
L 479 78 40
D 478 77 2 123 479 125 8
D 477 75 2 121 478 126 8
D 476 73 2 116 477 127 8
D 475 69 2 111 476 129 8
D 474 65 2 280 475 285 8
D 483 83 2 139 166 141 8
D 482 81 2 137 483 142 8
D 484 89 2 144 367 162 8
D 486 83 2 139 140 141 29
D 485 81 2 137 486 142 29
D 481 85 2 482 484 485 8
D 490 111 2 185 196 187 8
D 491 111 2 185 186 187 29
D 489 113 2 490 188 491 8
D 492 113 3 184 448 490 266 187 29
D 488 119 3 444 294 489 197 492 8
D 498 145 2 234 254 236 8
D 499 149 2 238 456 252 8
D 500 145 2 234 235 236 29
D 497 147 2 498 499 500 8
D 496 143 2 228 497 255 8
D 495 139 2 213 496 257 8
D 504 137 2 223 222 221 8
D 503 135 2 219 504 224 8
D 502 133 2 214 503 225 8
D 507 137 2 221 222 223 260
D 506 135 2 219 507 224 29
D 505 133 2 214 506 225 29
D 501 139 3 502 227 459 296 505 8
D 494 129 7 198 495 457 501 304 452 342 408 380 373 414 334 465 8
D 493 119 2 183 494 265 8
D 487 109 7 442 488 168 493 310 450 348 406 386 371 420 332 468 8
D 509 89 2 144 394 162 29
D 510 81 2 137 141 142 29
D 508 85 3 136 472 482 509 510 29
D 480 99 8 481 167 436 292 401 331 364 370 326 405 287 441 135 487 508 8
D 515 77 2 123 479 125 29
D 514 75 2 121 515 126 29
D 517 77 2 123 124 125 479
D 516 75 2 126 515 121 517
D 513 73 3 283 514 116 516 128 29
D 518 67 2 114 113 112 130
D 519 73 2 116 514 127 29
D 520 67 2 114 130 112 8
D 512 69 3 111 513 518 519 520 29
D 521 69 2 111 519 129 29
D 511 65 3 280 512 103 521 132 29
D 101 79 8 102 134 279 286 321 325 359 363 396 400 430 435 474 480 511 8
D 524 43 2 75 74 73 8
D 523 41 2 71 524 76 8
D 527 51 2 84 95 86 8
D 528 51 2 84 85 86 29
D 526 53 2 527 87 528 8
D 525 49 2 78 526 96 8
D 530 43 2 75 100 73 29
D 529 41 2 71 530 76 29
D 522 45 2 523 525 529 8
D 534 63 2 106 133 108 8
D 533 61 2 109 534 104 8
D 536 63 2 106 107 108 29
D 535 61 2 109 536 104 29
D 532 65 2 533 110 535 8
D 540 83 2 141 140 139 8
D 539 81 2 137 540 142 8
D 542 83 2 141 166 139 29
D 541 81 2 137 542 142 29
D 538 85 2 539 484 541 8
D 546 111 2 187 186 185 8
D 547 111 2 187 196 185 29
D 545 113 2 546 188 547 8
D 549 111 2 187 186 185 196
D 550 111 2 187 196 185 8
D 548 113 3 184 448 549 266 550 29
D 544 119 4 489 294 444 333 545 197 548 8
D 556 145 2 236 235 234 8
D 557 145 2 236 254 234 29
D 555 147 2 556 499 557 8
D 554 143 2 228 555 255 8
D 553 139 2 213 554 257 8
D 560 131 2 217 216 215 8
D 561 131 2 217 226 215 29
D 559 133 2 560 218 561 8
D 562 133 3 214 506 560 258 226 29
D 558 139 4 559 227 502 296 459 335 562 8
D 552 129 7 198 553 457 558 304 495 342 452 380 408 414 373 465 8
D 551 119 2 183 552 265 8
D 543 109 7 442 544 168 551 310 493 348 450 386 406 420 371 468 8
D 565 83 2 141 140 139 166
D 564 81 2 137 565 142 8
D 567 83 2 141 166 139 8
D 566 81 2 137 567 142 29
D 563 85 3 136 472 564 509 566 29
D 537 99 9 538 167 481 292 436 331 401 370 364 405 326 441 287 487 135 543 563 8
D 569 61 2 109 534 104 105
D 570 61 2 104 132 109 108
D 568 65 3 280 512 569 521 570 29
D 531 79 9 532 134 102 286 279 325 321 363 359 400 396 435 430 480 474 537 568 8
D 573 43 2 73 100 75 8
D 572 41 2 71 573 76 8
D 575 43 2 73 74 75 29
D 574 41 2 71 575 76 29
D 571 45 2 572 525 574 8
D 579 63 2 108 107 106 8
D 578 61 2 109 579 104 8
D 581 63 2 108 133 106 29
D 580 61 2 109 581 104 29
D 577 65 2 578 110 580 8
D 584 81 2 142 138 137 8
D 585 81 2 142 165 137 29
D 583 85 2 584 484 585 8
D 589 115 2 194 190 189 8
D 588 113 2 184 589 195 8
D 591 115 2 189 449 194 267
D 590 113 3 184 591 549 266 550 29
D 587 119 5 444 372 545 294 489 333 588 197 590 8
D 596 131 2 215 226 217 8
D 597 131 2 215 216 217 29
D 595 133 2 596 218 597 8
D 599 131 2 217 216 215 226
D 600 131 2 217 226 215 8
D 598 133 3 214 506 599 258 600 29
D 594 139 5 595 227 559 296 502 335 459 374 598 8
D 603 141 2 229 256 231 8
D 604 147 2 233 499 253 8
D 605 141 2 229 230 231 29
D 602 143 2 603 604 605 8
D 601 139 2 213 602 257 8
D 593 129 7 457 594 304 553 198 601 342 495 380 452 414 408 465 8
D 592 119 2 183 593 265 8
D 586 109 7 442 587 168 592 310 551 348 493 386 450 420 406 468 8
D 607 81 2 137 565 142 138
D 608 81 2 137 567 142 165
D 606 85 3 136 472 607 509 608 29
D 582 99 10 583 167 538 292 481 331 436 370 401 405 364 441 326 487 287 543 135 586 606 8
D 611 63 2 108 107 106 133
D 610 61 2 109 611 104 105
D 613 63 2 108 133 106 8
D 612 61 2 109 613 104 132
D 609 65 3 280 512 610 521 612 29
D 576 79 10 577 134 532 286 102 325 279 363 321 400 359 435 396 480 430 537 474 582 609 8
D 615 41 2 76 72 71 8
D 616 41 2 76 99 71 29
D 614 45 2 615 525 616 8
D 621 71 2 117 128 119 8
D 622 71 2 117 118 119 29
D 620 73 2 621 120 622 8
D 619 69 2 111 620 129 8
D 618 65 2 280 619 285 8
D 627 91 2 150 161 152 8
D 628 91 2 150 151 152 29
D 626 93 2 627 368 628 8
D 625 89 2 144 626 162 8
D 624 85 2 136 625 164 8
D 633 117 2 191 268 193 8
D 632 115 2 189 633 194 8
D 631 113 2 184 632 195 8
D 636 117 2 191 192 193 268
D 635 115 2 189 636 194 267
D 634 113 3 184 635 549 266 550 29
D 630 119 6 444 407 489 372 588 294 545 333 631 197 634 8
D 641 135 2 224 220 219 8
D 640 133 2 214 641 225 8
D 643 135 2 219 507 224 259
D 642 133 3 214 643 599 258 600 29
D 639 139 6 640 227 595 296 559 335 459 409 502 374 642 8
D 646 141 2 231 230 229 8
D 647 141 2 231 256 229 29
D 645 143 2 646 604 647 8
D 644 139 2 213 645 257 8
D 638 129 7 457 639 342 553 304 601 380 495 198 644 414 452 465 8
D 637 119 2 183 638 265 8
D 629 109 7 442 630 168 637 310 592 348 551 386 493 420 450 468 8
D 651 91 2 152 151 150 161
D 652 91 2 152 161 150 8
D 650 93 3 651 395 149 357 652 29
D 649 89 3 428 394 144 650 429 29
D 648 85 3 607 509 136 649 608 29
D 623 99 11 624 167 583 292 538 331 481 370 436 405 401 441 364 487 326 543 287 586 135 629 648 8
D 656 71 2 119 118 117 128
D 657 71 2 119 128 117 8
D 655 73 3 656 514 116 516 657 29
D 654 69 3 518 519 111 655 520 29
D 653 65 3 610 521 280 654 612 29
D 617 79 11 618 134 577 286 532 325 102 363 279 400 321 435 359 480 396 537 430 582 474 623 653 8
D 661 51 2 86 95 84 8
D 662 51 2 86 85 84 29
D 660 53 2 661 87 662 8
D 659 49 2 78 660 96 8
D 658 45 2 70 659 98 8
D 666 119 6 444 451 489 407 545 372 631 294 588 333 634 8
D 669 139 6 640 296 595 335 459 453 502 409 559 374 642 8
D 671 125 2 209 347 204 207
D 670 123 3 199 671 418 385 419 29
D 668 129 6 457 669 380 553 342 601 414 495 304 644 670 8
D 667 119 2 183 668 265 8
D 665 109 7 442 666 310 637 168 667 348 592 386 551 420 493 468 8
D 664 99 11 624 292 583 331 538 370 481 405 436 441 401 487 364 543 326 586 287 629 135 665 648 8
D 663 79 11 618 286 577 325 532 363 102 400 279 435 321 480 359 537 396 582 430 623 474 664 653 8
D 674 47 2 81 80 79 8
D 675 47 2 81 97 79 29
D 673 49 2 674 526 675 8
D 672 45 2 70 673 98 8
D 679 119 6 489 451 444 494 545 407 588 372 631 333 634 8
D 682 139 6 640 335 459 496 502 453 559 409 595 374 642 8
D 683 123 3 418 385 199 347 419 29
D 681 129 5 457 682 414 553 380 601 342 644 683 8
D 680 119 2 183 681 265 8
D 678 109 7 442 679 348 637 310 667 168 680 386 592 420 551 468 8
D 677 99 11 624 331 583 370 538 405 481 441 436 487 401 543 364 586 326 629 287 665 135 678 648 8
D 676 79 11 618 325 577 363 532 400 102 435 279 480 321 537 359 582 396 623 430 664 474 677 653 8
D 686 47 2 79 97 81 8
D 687 47 2 79 80 81 29
D 685 49 2 686 526 687 8
D 684 45 2 70 685 98 8
D 691 119 6 545 451 489 494 444 552 588 407 631 372 634 8
D 694 139 6 459 554 502 496 559 453 595 409 640 374 642 8
D 696 121 2 202 201 200 29
D 695 123 2 696 385 419 29
D 693 129 4 414 601 457 694 380 644 695 8
D 692 119 2 183 693 265 8
D 690 109 7 442 691 386 637 348 667 310 680 168 692 420 592 468 8
D 689 99 11 624 370 583 405 538 441 481 487 436 543 401 586 364 629 326 665 287 678 135 690 648 8
D 688 79 11 618 363 577 400 532 435 102 480 279 537 321 582 359 623 396 664 430 677 474 689 653 8
D 700 55 2 93 89 88 8
D 699 53 2 527 700 528 8
D 698 49 2 78 699 96 8
D 697 45 2 70 698 98 8
D 704 119 6 588 451 545 494 489 552 444 593 631 407 634 8
D 707 139 6 502 554 559 496 595 453 640 409 459 602 642 8
D 708 123 2 201 385 211 29
D 706 129 3 414 644 457 707 708 8
D 705 119 2 183 706 265 8
D 703 109 7 442 704 420 637 386 667 348 680 310 692 168 705 468 8
D 702 99 11 624 405 583 441 538 487 481 543 436 586 401 629 364 665 326 678 287 690 135 703 648 8
D 701 79 11 618 400 577 435 532 480 102 537 279 582 321 623 359 664 396 677 430 689 474 702 653 8
D 713 57 2 92 91 90 8
D 712 55 2 88 713 93 8
D 711 53 2 527 712 528 8
D 710 49 2 78 711 96 8
D 709 45 2 70 710 98 8
D 717 119 6 631 451 588 494 545 552 489 593 444 638 634 8
D 720 139 6 559 554 595 496 640 453 502 602 459 645 642 8
D 721 123 2 199 385 210 29
D 719 129 2 457 720 721 8
D 718 119 2 183 719 265 8
D 716 109 7 420 667 442 717 386 680 348 692 310 705 168 718 468 8
D 715 99 11 624 441 583 487 538 543 481 586 436 629 401 665 364 678 326 690 287 703 135 716 648 8
D 714 79 11 618 435 577 480 532 537 102 582 279 623 321 664 359 677 396 689 430 702 474 715 653 8
L 727 58 30
D 726 57 2 90 727 92 8
D 725 55 2 88 726 93 8
D 724 53 2 527 725 528 8
D 723 49 2 78 724 96 8
D 722 45 2 70 723 98 8
D 731 119 6 631 494 588 552 545 593 489 638 444 668 634 8
D 737 137 2 223 260 221 29
D 736 135 2 219 737 224 259
D 735 133 3 214 736 599 258 600 29
D 734 139 5 595 554 640 496 559 602 502 645 735 8
D 733 129 2 457 734 721 8
D 732 119 2 183 733 265 8
D 730 109 7 420 680 442 731 386 692 348 705 310 718 168 732 468 8
D 729 99 11 624 487 583 543 538 586 481 629 436 665 401 678 364 690 326 703 287 716 135 730 648 8
D 728 79 11 618 480 577 537 532 582 102 623 279 664 321 677 359 689 396 702 430 715 474 729 653 8
D 740 43 2 75 74 73 100
D 739 41 2 71 740 76 72
D 744 57 2 90 727 92 29
D 743 55 2 88 744 93 29
D 742 53 2 527 743 528 29
D 741 49 2 78 742 96 29
D 746 47 2 81 80 79 97
D 748 51 2 86 95 84 85
D 750 57 2 90 91 92 727
D 749 55 2 93 744 88 750
D 751 51 2 86 85 84 8
D 747 53 3 748 743 527 749 751 29
D 752 47 2 81 97 79 8
D 745 49 3 746 742 78 747 752 29
D 754 43 2 75 100 73 8
D 753 41 2 71 754 76 99
D 738 45 3 739 741 70 745 753 29
D 68 59 11 69 101 522 531 571 576 614 617 658 663 672 676 684 688 697 701 709 714 722 728 738 8
D 757 23 2 42 41 40 8
D 756 21 2 38 757 43 8
D 760 31 2 51 62 53 8
D 761 31 2 51 52 53 29
D 759 33 2 760 54 761 8
D 758 29 2 45 759 63 8
D 763 23 2 42 67 40 29
D 762 21 2 38 763 43 29
D 755 25 2 756 758 762 8
D 768 119 6 631 552 588 593 545 638 489 668 444 681 634 8
D 773 135 2 224 259 219 29
D 772 133 3 599 258 214 773 600 29
D 771 139 4 640 554 595 602 559 645 772 8
D 770 129 2 457 771 721 8
D 769 119 2 183 770 265 8
D 767 109 7 420 692 442 768 386 705 348 718 310 732 168 769 468 8
D 766 99 11 624 543 583 586 538 629 481 665 436 678 401 690 364 703 326 716 287 730 135 767 648 8
D 765 79 11 618 537 577 582 532 623 102 664 279 677 321 689 359 702 396 715 430 729 474 766 653 8
D 764 59 11 69 531 522 576 571 617 614 663 658 676 672 688 684 701 697 714 709 728 722 765 738 8
D 776 23 2 40 67 42 8
D 775 21 2 38 776 43 8
D 778 23 2 40 41 42 29
D 777 21 2 38 778 43 29
D 774 25 2 775 758 777 8
D 783 119 6 631 593 588 638 545 668 489 681 444 693 634 8
D 787 133 3 596 258 214 773 217 29
D 786 139 3 640 602 595 645 787 8
D 785 129 2 457 786 721 8
D 784 119 2 183 785 265 8
D 782 109 7 420 705 442 783 386 718 348 732 310 769 168 784 468 8
D 781 99 11 624 586 583 629 538 665 481 678 436 690 401 703 364 716 326 730 287 767 135 782 648 8
D 780 79 11 618 582 577 623 532 664 102 677 279 689 321 702 359 715 396 729 430 766 474 781 653 8
D 779 59 11 69 576 522 617 571 663 614 676 658 688 672 701 684 714 697 728 709 765 722 780 738 8
D 789 21 2 43 39 38 8
D 790 21 2 43 66 38 29
D 788 25 2 789 758 790 8
D 795 119 6 631 638 588 668 545 681 489 693 444 706 634 8
D 799 133 2 214 773 225 29
D 798 139 2 640 645 799 8
D 797 129 2 457 798 721 8
D 796 119 2 183 797 265 8
D 794 109 7 420 718 442 795 386 732 348 769 310 784 168 796 468 8
D 793 99 11 624 629 583 665 538 678 481 690 436 703 401 716 364 730 326 767 287 782 135 794 648 8
D 792 79 11 618 623 577 664 532 677 102 689 279 702 321 715 359 729 396 766 430 781 474 793 653 8
D 791 59 11 69 617 522 663 571 676 614 688 658 701 672 714 684 728 697 765 709 780 722 792 738 8
D 803 31 2 53 62 51 8
D 804 31 2 53 52 51 29
D 802 33 2 803 54 804 8
D 801 29 2 45 802 63 8
D 800 25 2 37 801 65 8
D 809 119 6 631 668 588 681 545 693 489 706 444 719 634 8
D 811 105 2 179 353 174 177
D 810 103 3 169 811 424 391 425 29
D 808 109 6 420 732 442 809 386 769 348 784 310 796 810 8
D 807 99 11 624 665 583 678 538 690 481 703 436 716 401 730 364 767 326 782 287 794 135 808 648 8
D 806 79 11 618 664 577 677 532 689 102 702 279 715 321 729 359 766 396 781 430 793 474 807 653 8
D 805 59 11 69 663 522 676 571 688 614 701 658 714 672 728 684 765 697 780 709 792 722 806 738 8
D 814 27 2 48 47 46 8
D 815 27 2 48 64 46 29
D 813 29 2 814 759 815 8
D 812 25 2 37 813 65 8
D 820 119 6 631 681 588 693 545 706 489 719 444 733 634 8
D 821 103 3 424 391 169 353 425 29
D 819 109 5 420 769 442 820 386 784 348 796 821 8
D 818 99 11 624 678 583 690 538 703 481 716 436 730 401 767 364 782 326 794 287 808 135 819 648 8
D 817 79 11 618 677 577 689 532 702 102 715 279 729 321 766 359 781 396 793 430 807 474 818 653 8
D 816 59 11 69 676 522 688 571 701 614 714 658 728 672 765 684 780 697 792 709 806 722 817 738 8
D 824 27 2 46 64 48 8
D 825 27 2 46 47 48 29
D 823 29 2 824 759 825 8
D 822 25 2 37 823 65 8
D 830 119 6 631 693 588 706 545 719 489 733 444 770 634 8
D 832 101 2 172 171 170 29
D 831 103 2 832 391 425 29
D 829 109 4 420 784 442 830 386 796 831 8
D 828 99 11 624 690 583 703 538 716 481 730 436 767 401 782 364 794 326 808 287 819 135 829 648 8
D 827 79 11 618 689 577 702 532 715 102 729 279 766 321 781 359 793 396 807 430 818 474 828 653 8
D 826 59 11 69 688 522 701 571 714 614 728 658 765 672 780 684 792 697 806 709 817 722 827 738 8
D 836 35 2 60 56 55 8
D 835 33 2 760 836 761 8
D 834 29 2 45 835 63 8
D 833 25 2 37 834 65 8
D 841 119 6 631 706 588 719 545 733 489 770 444 785 634 8
D 842 103 2 171 391 181 29
D 840 109 3 420 796 442 841 842 8
D 839 99 11 624 703 583 716 538 730 481 767 436 782 401 794 364 808 326 819 287 829 135 840 648 8
D 838 79 11 618 702 577 715 532 729 102 766 279 781 321 793 359 807 396 818 430 828 474 839 653 8
D 837 59 11 69 701 522 714 571 728 614 765 658 780 672 792 684 806 697 817 709 827 722 838 738 8
D 847 37 2 59 58 57 8
D 846 35 2 55 847 60 8
D 845 33 2 760 846 761 8
D 844 29 2 45 845 63 8
D 843 25 2 37 844 65 8
D 852 119 6 631 719 588 733 545 770 489 785 444 797 634 8
D 853 103 2 169 391 180 29
D 851 109 2 442 852 853 8
D 850 99 11 624 716 583 730 538 767 481 782 436 794 401 808 364 819 326 829 287 840 135 851 648 8
D 849 79 11 618 715 577 729 532 766 102 781 279 793 321 807 359 818 396 828 430 839 474 850 653 8
D 848 59 11 69 714 522 728 571 765 614 780 658 792 672 806 684 817 697 827 709 838 722 849 738 8
L 859 38 20
D 858 37 2 57 859 59 8
D 857 35 2 55 858 60 8
D 856 33 2 760 857 761 8
D 855 29 2 45 856 63 8
D 854 25 2 37 855 65 8
D 867 117 2 191 192 193 29
D 866 115 2 194 267 189 867
D 865 113 3 184 866 549 266 550 29
D 864 119 5 631 733 588 770 545 785 489 797 865 8
D 863 109 2 442 864 853 8
D 862 99 11 624 730 583 767 538 782 481 794 436 808 401 819 364 829 326 840 287 851 135 863 648 8
D 861 79 11 618 729 577 766 532 781 102 793 279 807 321 818 359 828 396 839 430 850 474 862 653 8
D 860 59 11 69 728 522 765 571 780 614 792 658 806 672 817 684 827 697 838 709 849 722 861 738 8
D 870 23 2 42 41 40 67
D 869 21 2 38 870 43 39
D 874 37 2 57 859 59 29
D 873 35 2 55 874 60 29
D 872 33 2 760 873 761 29
D 871 29 2 45 872 63 29
D 876 27 2 48 47 46 64
D 878 31 2 53 62 51 52
D 880 37 2 57 58 59 859
D 879 35 2 60 874 55 880
D 881 31 2 53 52 51 8
D 877 33 3 878 873 760 879 881 29
D 882 27 2 48 64 46 8
D 875 29 3 876 872 45 877 882 29
D 884 23 2 42 67 40 8
D 883 21 2 38 884 43 66
D 868 25 3 869 871 37 875 883 29
D 35 39 11 36 68 755 764 774 779 788 791 800 805 812 816 822 826 833 837 843 848 854 860 868 8
D 887 3 2 7 6 5 8
D 886 1 2 3 887 9 8
D 890 11 2 17 28 19 8
D 891 11 2 17 18 19 29
D 889 13 2 890 20 891 8
D 888 9 2 11 889 30 8
D 893 3 2 7 34 5 29
D 892 1 2 3 893 9 29
D 885 5 2 886 888 892 8
D 900 113 3 184 866 546 266 196 29
D 899 119 4 631 770 588 785 545 797 900 8
D 898 109 2 442 899 853 8
D 897 99 11 624 767 583 782 538 794 481 808 436 819 401 829 364 840 326 851 287 863 135 898 648 8
D 896 79 11 618 766 577 781 532 793 102 807 279 818 321 828 359 839 396 850 430 862 474 897 653 8
D 895 59 11 69 765 522 780 571 792 614 806 658 817 672 827 684 838 697 849 709 861 722 896 738 8
D 894 39 11 36 764 755 779 774 791 788 805 800 816 812 826 822 837 833 848 843 860 854 895 868 8
D 903 3 2 5 34 7 8
D 902 1 2 3 903 9 8
D 905 3 2 5 6 7 29
D 904 1 2 3 905 9 29
D 901 5 2 902 888 904 8
D 912 113 2 184 866 195 29
D 911 119 3 631 785 588 797 912 8
D 910 109 2 442 911 853 8
D 909 99 11 624 782 583 794 538 808 481 819 436 829 401 840 364 851 326 863 287 898 135 910 648 8
D 908 79 11 618 781 577 793 532 807 102 818 279 828 321 839 359 850 396 862 430 897 474 909 653 8
D 907 59 11 69 780 522 792 571 806 614 817 658 827 672 838 684 849 697 861 709 896 722 908 738 8
D 906 39 11 36 779 755 791 774 805 788 816 800 826 812 837 822 848 833 860 843 895 854 907 868 8
D 914 1 2 9 4 3 8
D 915 1 2 9 33 3 29
D 913 5 2 914 888 915 8
D 923 115 2 189 867 194 29
D 922 113 2 184 923 195 29
D 921 119 2 631 797 922 8
D 920 109 2 442 921 853 8
D 919 99 11 624 794 583 808 538 819 481 829 436 840 401 851 364 863 326 898 287 910 135 920 648 8
D 918 79 11 618 793 577 807 532 818 102 828 279 839 321 850 359 862 396 897 430 909 474 919 653 8
D 917 59 11 69 792 522 806 571 817 614 827 658 838 672 849 684 861 697 896 709 908 722 918 738 8
D 916 39 11 36 791 755 805 774 816 788 826 800 837 812 848 822 860 833 895 843 907 854 917 868 8
D 927 11 2 19 28 17 8
D 928 11 2 19 18 17 29
D 926 13 2 927 20 928 8
D 925 9 2 11 926 30 8
D 924 5 2 2 925 32 8
D 937 97 2 158 157 156 29
D 936 95 2 154 937 159 358
D 935 93 3 149 936 651 395 652 29
D 934 89 3 144 935 428 394 429 29
D 933 85 3 136 934 607 509 608 29
D 932 99 10 624 808 583 819 538 829 481 840 436 851 401 863 364 898 326 910 287 920 933 8
D 931 79 11 618 807 577 818 532 828 102 839 279 850 321 862 359 897 396 909 430 919 474 932 653 8
D 930 59 11 69 806 522 817 571 827 614 838 658 849 672 861 684 896 697 908 709 918 722 931 738 8
D 929 39 11 36 805 755 816 774 826 788 837 800 848 812 860 822 895 833 907 843 917 854 930 868 8
D 940 7 2 14 13 12 8
D 941 7 2 14 31 12 29
D 939 9 2 940 889 941 8
D 938 5 2 2 939 32 8
D 949 95 2 159 358 154 29
D 948 93 3 149 949 651 395 652 29
D 947 89 3 144 948 428 394 429 29
D 946 85 3 136 947 607 509 608 29
D 945 99 9 624 819 583 829 538 840 481 851 436 863 401 898 364 910 326 920 946 8
D 944 79 11 618 818 577 828 532 839 102 850 279 862 321 897 359 909 396 919 430 932 474 945 653 8
D 943 59 11 69 817 522 827 571 838 614 849 658 861 672 896 684 908 697 918 709 931 722 944 738 8
D 942 39 11 36 816 755 826 774 837 788 848 800 860 812 895 822 907 833 917 843 930 854 943 868 8
D 952 7 2 12 31 14 8
D 953 7 2 12 13 14 29
D 951 9 2 952 889 953 8
D 950 5 2 2 951 32 8
D 961 91 2 150 151 152 161
D 960 93 2 651 395 961 29
D 959 89 3 144 960 428 394 429 29
D 958 85 3 136 959 607 509 608 29
D 957 99 8 624 829 583 840 538 851 481 863 436 898 401 910 364 920 958 8
D 956 79 11 618 828 577 839 532 850 102 862 279 897 321 909 359 919 396 932 430 945 474 957 653 8
D 955 59 11 69 827 522 838 571 849 614 861 658 896 672 908 684 918 697 931 709 944 722 956 738 8
D 954 39 11 36 826 755 837 774 848 788 860 800 895 812 907 822 917 833 930 843 943 854 955 868 8
D 965 15 2 26 22 21 8
D 964 13 2 890 965 891 8
D 963 9 2 11 964 30 8
D 962 5 2 2 963 32 8
D 971 89 3 144 960 403 394 163 29
D 970 85 3 136 971 607 509 608 29
D 969 99 7 624 840 583 851 538 863 481 898 436 910 401 920 970 8
D 968 79 11 618 839 577 850 532 862 102 897 279 909 321 919 359 932 396 945 430 957 474 969 653 8
D 967 59 11 69 838 522 849 571 861 614 896 658 908 672 918 684 931 697 944 709 956 722 968 738 8
D 966 39 11 36 837 755 848 774 860 788 895 800 907 812 917 822 930 833 943 843 955 854 967 868 8
D 976 17 2 25 24 23 8
D 975 15 2 21 976 26 8
D 974 13 2 890 975 891 8
D 973 9 2 11 974 30 8
D 972 5 2 2 973 32 8
D 982 89 2 144 960 162 29
D 981 85 3 136 982 607 509 608 29
D 980 99 6 624 851 583 863 538 898 481 910 436 920 981 8
D 979 79 11 618 850 577 862 532 897 102 909 279 919 321 932 359 945 396 957 430 969 474 980 653 8
D 978 59 11 69 849 522 861 571 896 614 908 658 918 672 931 684 944 697 956 709 968 722 979 738 8
D 977 39 11 36 848 755 860 774 895 788 907 800 917 812 930 822 943 833 955 843 967 854 978 868 8
L 988 18 10
D 987 17 2 23 988 25 8
D 986 15 2 21 987 26 8
D 985 13 2 890 986 891 8
D 984 9 2 11 985 30 8
D 983 5 2 2 984 32 8
D 995 93 2 627 395 628 29
D 994 89 2 144 995 162 29
D 993 85 3 136 994 607 509 608 29
D 992 99 5 624 863 583 898 538 910 481 920 993 8
D 991 79 11 618 862 577 897 532 909 102 919 279 932 321 945 359 957 396 969 430 980 474 992 653 8
D 990 59 11 69 861 522 896 571 908 614 918 658 931 672 944 684 956 697 968 709 979 722 991 738 8
D 989 39 11 36 860 755 895 774 907 788 917 800 930 812 943 822 955 833 967 843 978 854 990 868 8
D 1000 17 2 23 24 25 988
D 1001 17 2 23 988 25 29
D 999 15 2 21 1000 26 1001
D 1002 11 2 19 28 17 18
D 1003 15 2 21 1001 26 29
D 1004 11 2 19 18 17 8
D 998 13 3 890 999 1002 1003 1004 29
D 1005 7 2 14 13 12 31
D 1006 13 2 890 1003 891 29
D 1007 7 2 14 31 12 8
D 997 9 3 11 998 1005 1006 1007 29
D 1009 3 2 7 6 5 34
D 1008 1 2 3 1009 9 4
D 1010 9 2 11 1006 30 29
D 1012 3 2 7 34 5 8
D 1011 1 2 3 1012 9 33
D 996 5 3 2 997 1008 1010 1011 29
D 0 19 11 1 35 885 894 901 906 913 916 924 929 938 942 950 954 962 966 972 977 983 989 996 8
