c ids of sdd nodes start at 0
c sdd nodes appear bottom-up, children before parents
c
c file syntax:
c sdd count-of-sdd-nodes
c F id-of-false-sdd-node
c T id-of-true-sdd-node
c L id-of-literal-sdd-node id-of-vtree literal
c D id-of-decomposition-sdd-node id-of-vtree number-of-elements {id-of-prime id-of-sub}*
c
sdd 584
L 3 0 -4
L 5 2 -2
L 6 4 -3
L 7 2 2
F 8
D 4 3 2 5 6 7 8
L 9 0 4
D 2 1 2 3 4 9 8
L 12 6 -6
L 13 8 -7
L 14 6 6
D 11 7 2 12 13 14 8
L 17 10 -5
L 18 12 1
L 19 10 5
D 16 11 2 17 18 19 8
L 21 14 -8
L 23 16 -9
L 24 18 -10
L 25 16 9
D 22 17 2 23 24 25 8
L 26 14 8
D 20 15 2 21 22 26 8
L 28 12 -1
T 29
D 27 11 2 17 28 19 29
D 15 13 2 16 20 27 8
L 31 8 7
D 30 7 2 12 31 14 29
D 10 9 2 11 15 30 8
L 34 4 3
D 33 3 2 5 34 7 29
D 32 1 2 3 33 9 29
D 1 5 2 2 10 32 8
L 38 20 -14
L 40 22 -12
L 41 24 -13
L 42 22 12
D 39 23 2 40 41 42 8
L 43 20 14
D 37 21 2 38 39 43 8
L 46 26 -16
L 47 28 -17
L 48 26 16
D 45 27 2 46 47 48 8
L 51 30 -15
L 52 32 11
L 53 30 15
D 50 31 2 51 52 53 8
L 55 34 -18
L 57 36 -19
L 58 38 -20
L 59 36 19
D 56 37 2 57 58 59 8
L 60 34 18
D 54 35 2 55 56 60 8
L 62 32 -11
D 61 31 2 51 62 53 29
D 49 33 2 50 54 61 8
L 64 28 17
D 63 27 2 46 64 48 29
D 44 29 2 45 49 63 8
L 67 24 13
D 66 23 2 40 67 42 29
D 65 21 2 38 66 43 29
D 36 25 2 37 44 65 8
L 71 40 -24
L 73 42 -22
L 74 44 -23
L 75 42 22
D 72 43 2 73 74 75 8
L 76 40 24
D 70 41 2 71 72 76 8
L 79 46 -26
L 80 48 -27
L 81 46 26
D 78 47 2 79 80 81 8
L 84 50 -25
L 85 52 21
L 86 50 25
D 83 51 2 84 85 86 8
L 88 54 -28
L 90 56 -29
L 91 58 -30
L 92 56 29
D 89 57 2 90 91 92 8
L 93 54 28
D 87 55 2 88 89 93 8
L 95 52 -21
D 94 51 2 84 95 86 29
D 82 53 2 83 87 94 8
L 97 48 27
D 96 47 2 79 97 81 29
D 77 49 2 78 82 96 8
L 100 44 23
D 99 43 2 73 100 75 29
D 98 41 2 71 99 76 29
D 69 45 2 70 77 98 8
L 104 60 -34
L 106 62 -32
L 107 64 -33
L 108 62 32
D 105 63 2 106 107 108 8
L 109 60 34
D 103 61 2 104 105 109 8
L 112 66 -36
L 113 68 -37
L 114 66 36
D 111 67 2 112 113 114 8
L 117 70 -35
L 118 72 31
L 119 70 35
D 116 71 2 117 118 119 8
L 121 74 -38
L 123 76 -39
L 124 78 -40
L 125 76 39
D 122 77 2 123 124 125 8
L 126 74 38
D 120 75 2 121 122 126 8
L 128 72 -31
D 127 71 2 117 128 119 29
D 115 73 2 116 120 127 8
L 130 68 37
D 129 67 2 112 130 114 29
D 110 69 2 111 115 129 8
L 133 64 33
D 132 63 2 106 133 108 29
D 131 61 2 104 132 109 29
D 102 65 2 103 110 131 8
L 137 80 -42
L 139 82 -43
L 140 84 -44
L 141 82 43
D 138 83 2 139 140 141 8
L 142 80 42
D 136 81 2 137 138 142 8
L 145 86 -46
L 146 88 -47
L 147 86 46
D 144 87 2 145 146 147 8
L 150 90 -45
L 151 92 41
L 152 90 45
D 149 91 2 150 151 152 8
L 154 94 -48
L 156 96 -49
L 157 98 -50
L 158 96 49
D 155 97 2 156 157 158 8
L 159 94 48
D 153 95 2 154 155 159 8
L 161 92 -41
D 160 91 2 150 161 152 29
D 148 93 2 149 153 160 8
L 163 88 47
D 162 87 2 145 163 147 29
D 143 89 2 144 148 162 8
L 166 84 44
D 165 83 2 139 166 141 29
D 164 81 2 137 165 142 29
D 135 85 2 136 143 164 8
L 170 100 -56
L 171 102 -57
L 172 100 56
D 169 101 2 170 171 172 8
L 174 104 -58
L 176 106 -59
L 177 108 -60
L 178 106 59
D 175 107 2 176 177 178 8
L 179 104 58
D 173 105 2 174 175 179 8
L 181 102 57
D 180 101 2 170 181 172 29
D 168 103 2 169 173 180 8
L 185 110 -53
L 186 112 -54
L 187 110 53
D 184 111 2 185 186 187 8
L 189 114 -52
L 191 116 -55
L 192 118 51
L 193 116 55
D 190 117 2 191 192 193 8
L 194 114 52
D 188 115 2 189 190 194 8
L 196 112 54
D 195 111 2 185 196 187 29
D 183 113 2 184 188 195 8
L 200 120 -76
L 201 122 -77
L 202 120 76
D 199 121 2 200 201 202 8
L 204 124 -78
L 206 126 -79
L 207 128 -80
L 208 126 79
D 205 127 2 206 207 208 8
L 209 124 78
D 203 125 2 204 205 209 8
L 211 122 77
D 210 121 2 200 211 202 29
D 198 123 2 199 203 210 8
L 215 130 73
L 216 132 -72
L 217 130 -73
D 214 131 2 215 216 217 8
L 219 134 -71
L 221 136 -74
L 222 138 -75
L 223 136 74
D 220 137 2 221 222 223 8
L 224 134 71
D 218 135 2 219 220 224 8
L 226 132 72
D 225 131 2 215 226 217 29
D 213 133 2 214 218 225 8
L 229 140 -61
L 230 142 -62
L 231 140 61
D 228 141 2 229 230 231 8
L 234 144 63
L 235 146 -64
L 236 144 -63
D 233 145 2 234 235 236 8
L 238 148 -65
L 240 150 -66
L 242 152 -67
L 244 154 -68
L 246 156 -69
L 247 158 -70
L 248 156 69
D 245 157 2 246 247 248 8
L 249 154 68
D 243 155 2 244 245 249 8
L 250 152 67
D 241 153 2 242 243 250 8
L 251 150 66
D 239 151 2 240 241 251 8
L 252 148 65
D 237 149 2 238 239 252 8
L 254 146 64
D 253 145 2 234 254 236 29
D 232 147 2 233 237 253 8
L 256 142 62
D 255 141 2 229 256 231 29
D 227 143 2 228 232 255 8
D 258 131 2 217 226 215 8
D 259 131 2 217 216 215 29
D 257 133 2 258 218 259 8
D 262 145 2 236 254 234 8
D 263 145 2 236 235 234 29
D 261 147 2 262 237 263 8
D 260 143 2 228 261 255 8
D 265 131 2 217 216 215 8
D 266 135 2 224 220 219 8
D 267 131 2 217 226 215 29
D 264 133 2 265 266 267 8
D 270 145 2 236 235 234 8
D 271 149 2 252 239 238 8
D 272 145 2 236 254 234 29
D 269 147 2 270 271 272 8
D 268 143 2 228 269 255 8
D 275 137 2 223 222 221 8
D 274 135 2 219 275 224 8
D 273 133 2 265 274 267 8
D 277 141 2 229 256 231 8
D 278 147 2 270 237 272 8
D 279 141 2 229 230 231 29
D 276 143 2 277 278 279 8
L 283 138 75
D 282 137 2 221 283 223 8
D 281 135 2 219 282 224 8
D 280 133 2 265 281 267 8
D 285 141 2 231 230 229 8
D 286 141 2 231 256 229 29
D 284 143 2 285 278 286 8
D 289 137 2 221 222 223 283
D 290 137 2 221 283 223 29
D 288 135 2 219 289 224 290
D 291 131 2 215 216 217 226
D 292 135 2 219 290 224 29
D 293 131 2 215 226 217 8
D 287 133 3 265 288 291 292 293 29
D 212 139 6 213 227 257 260 264 268 273 276 280 284 287 8
L 297 128 80
D 296 127 2 206 297 208 29
D 295 125 2 204 296 209 29
D 294 123 2 199 295 210 29
D 197 129 2 198 212 294 8
L 301 118 -51
D 300 117 2 191 301 193 8
D 299 115 2 194 300 189 8
D 298 113 2 184 299 195 8
D 306 137 2 223 283 221 29
D 305 135 2 219 306 224 290
D 304 133 3 265 305 291 292 293 29
D 303 139 5 257 227 264 260 213 276 273 284 304 8
D 302 129 2 198 303 294 8
D 308 111 2 187 186 185 8
D 309 115 2 189 300 194 8
D 310 111 2 187 196 185 29
D 307 113 2 308 309 310 8
D 314 135 2 224 290 219 29
D 313 133 3 291 292 265 314 293 29
D 312 139 4 264 227 257 276 213 284 313 8
D 311 129 2 198 312 294 8
D 316 111 2 185 196 187 8
D 317 111 2 185 186 187 29
D 315 113 2 316 309 317 8
D 320 133 3 258 292 265 314 215 29
D 319 139 3 264 276 257 284 320 8
D 318 129 2 198 319 294 8
D 323 117 2 193 301 191 8
D 322 115 2 189 323 194 8
D 321 113 2 184 322 195 8
D 326 133 2 265 314 267 29
D 325 139 2 264 284 326 8
D 324 129 2 198 325 294 8
D 329 117 2 191 301 193 192
D 330 117 2 191 192 193 29
D 328 115 2 189 329 194 330
D 331 111 2 187 186 185 196
D 332 115 2 189 330 194 29
D 333 111 2 187 196 185 8
D 327 113 3 184 328 331 332 333 29
D 182 119 6 183 197 298 302 307 311 315 318 321 324 327 8
L 337 108 60
D 336 107 2 176 337 178 29
D 335 105 2 174 336 179 29
D 334 103 2 169 335 180 29
D 167 109 2 168 182 334 8
D 339 81 2 142 138 137 8
D 342 91 2 150 161 152 8
D 343 91 2 150 151 152 29
D 341 93 2 342 153 343 8
D 340 89 2 144 341 162 8
D 344 81 2 142 165 137 29
D 338 85 2 339 340 344 8
D 349 117 2 191 301 193 29
D 348 115 2 194 330 189 349
D 347 113 3 184 348 331 332 333 29
D 346 119 5 183 302 298 311 307 318 315 324 347 8
D 345 109 2 168 346 334 8
D 352 83 2 141 140 139 8
D 351 81 2 137 352 142 8
D 354 83 2 141 166 139 29
D 353 81 2 137 354 142 29
D 350 85 2 351 340 353 8
D 357 113 3 184 348 308 332 196 29
D 356 119 4 183 311 298 318 307 324 357 8
D 355 109 2 168 356 334 8
D 360 83 2 139 166 141 8
D 359 81 2 137 360 142 8
D 362 83 2 139 140 141 29
D 361 81 2 137 362 142 29
D 358 85 2 359 340 361 8
D 365 113 2 184 348 195 29
D 364 119 3 183 318 298 324 365 8
D 363 109 2 168 364 334 8
D 369 91 2 152 161 150 8
D 370 91 2 152 151 150 29
D 368 93 2 369 153 370 8
D 367 89 2 144 368 162 8
D 366 85 2 136 367 164 8
D 374 115 2 189 349 194 29
D 373 113 2 184 374 195 29
D 372 119 2 183 324 373 8
D 371 109 2 168 372 334 8
D 378 91 2 152 161 150 151
L 381 98 50
D 380 97 2 156 381 158 29
D 379 95 2 154 380 159 29
D 382 91 2 150 161 152 151
D 377 93 2 378 379 382 29
D 376 89 2 144 377 162 29
D 384 83 2 141 140 139 166
D 383 81 2 137 384 142 138
D 386 93 2 342 379 343 29
D 385 89 2 144 386 162 29
D 388 83 2 141 166 139 8
D 387 81 2 137 388 142 165
D 375 85 3 136 376 383 385 387 29
D 134 99 6 135 167 338 345 350 355 358 363 366 371 375 8
D 391 63 2 108 107 106 8
D 390 61 2 104 391 109 8
D 394 71 2 117 128 119 8
D 395 71 2 117 118 119 29
D 393 73 2 394 120 395 8
D 392 69 2 111 393 129 8
D 397 63 2 108 133 106 29
D 396 61 2 104 397 109 29
D 389 65 2 390 392 396 8
D 401 93 2 149 379 160 29
D 400 89 2 144 401 162 29
D 399 85 3 136 400 383 385 387 29
D 398 99 5 135 345 338 355 350 363 358 371 399 8
D 404 63 2 106 133 108 8
D 403 61 2 104 404 109 8
D 406 63 2 106 107 108 29
D 405 61 2 104 406 109 29
D 402 65 2 403 392 405 8
D 409 81 2 137 352 142 138
D 410 81 2 142 165 137 166
D 408 85 3 136 400 409 385 410 29
D 407 99 4 135 355 338 363 350 371 408 8
D 412 61 2 109 105 104 8
D 413 61 2 109 132 104 29
D 411 65 2 412 392 413 8
D 415 85 3 136 400 339 385 165 29
D 414 99 3 135 363 338 371 415 8
D 419 71 2 119 128 117 8
D 420 71 2 119 118 117 29
D 418 73 2 419 120 420 8
D 417 69 2 111 418 129 8
D 416 65 2 103 417 131 8
D 422 85 2 136 400 164 29
D 421 99 2 135 371 422 8
D 426 71 2 119 128 117 118
L 429 78 40
D 428 77 2 123 429 125 29
D 427 75 2 121 428 126 29
D 430 71 2 117 128 119 118
D 425 73 2 426 427 430 29
D 424 69 2 111 425 129 29
D 432 63 2 108 107 106 133
D 431 61 2 104 432 109 105
D 434 73 2 394 427 395 29
D 433 69 2 111 434 129 29
D 436 63 2 108 133 106 8
D 435 61 2 104 436 109 132
D 423 65 3 103 424 431 433 435 29
D 101 79 6 102 134 389 398 402 407 411 414 416 421 423 8
D 439 43 2 75 74 73 8
D 438 41 2 71 439 76 8
D 442 51 2 84 95 86 8
D 443 51 2 84 85 86 29
D 441 53 2 442 87 443 8
D 440 49 2 78 441 96 8
D 445 43 2 75 100 73 29
D 444 41 2 71 445 76 29
D 437 45 2 438 440 444 8
D 449 73 2 116 427 127 29
D 448 69 2 111 449 129 29
D 447 65 3 103 448 431 433 435 29
D 446 79 5 102 398 389 407 402 414 411 421 447 8
D 452 43 2 73 100 75 8
D 451 41 2 71 452 76 8
D 454 43 2 73 74 75 29
D 453 41 2 71 454 76 29
D 450 45 2 451 440 453 8
D 457 61 2 104 432 109 8
D 458 61 2 104 436 109 29
D 456 65 3 103 448 457 433 458 29
D 455 79 4 102 407 389 414 402 421 456 8
D 460 41 2 76 72 71 8
D 461 41 2 76 99 71 29
D 459 45 2 460 440 461 8
D 464 61 2 104 133 109 29
D 463 65 3 103 448 390 433 464 29
D 462 79 3 102 414 389 421 463 8
D 468 51 2 86 95 84 8
D 469 51 2 86 85 84 29
D 467 53 2 468 87 469 8
D 466 49 2 78 467 96 8
D 465 45 2 70 466 98 8
D 471 65 2 103 448 131 29
D 470 79 2 102 421 471 8
D 475 51 2 86 95 84 85
L 478 58 30
D 477 57 2 90 478 92 29
D 476 55 2 88 477 93 29
D 479 51 2 84 95 86 85
D 474 53 2 475 476 479 29
D 473 49 2 78 474 96 29
D 481 43 2 75 74 73 100
D 480 41 2 71 481 76 72
D 483 53 2 442 476 443 29
D 482 49 2 78 483 96 29
D 485 43 2 75 100 73 8
D 484 41 2 71 485 76 99
D 472 45 3 70 473 480 482 484 29
D 68 59 6 69 101 437 446 450 455 459 462 465 470 472 8
D 488 23 2 42 41 40 8
D 487 21 2 38 488 43 8
D 491 31 2 51 62 53 8
D 492 31 2 51 52 53 29
D 490 33 2 491 54 492 8
D 489 29 2 45 490 63 8
D 494 23 2 42 67 40 29
D 493 21 2 38 494 43 29
D 486 25 2 487 489 493 8
D 498 53 2 83 476 94 29
D 497 49 2 78 498 96 29
D 496 45 3 70 497 480 482 484 29
D 495 59 5 69 446 437 455 450 462 459 470 496 8
D 501 23 2 40 67 42 8
D 500 21 2 38 501 43 8
D 503 23 2 40 41 42 29
D 502 21 2 38 503 43 29
D 499 25 2 500 489 502 8
D 506 41 2 71 481 76 8
D 507 41 2 71 485 76 29
D 505 45 3 70 497 506 482 507 29
D 504 59 4 69 455 437 462 450 470 505 8
D 509 21 2 43 39 38 8
D 510 21 2 43 66 38 29
D 508 25 2 509 489 510 8
D 513 41 2 71 100 76 29
D 512 45 3 70 497 438 482 513 29
D 511 59 3 69 462 437 470 512 8
D 517 31 2 53 62 51 8
D 518 31 2 53 52 51 29
D 516 33 2 517 54 518 8
D 515 29 2 45 516 63 8
D 514 25 2 37 515 65 8
D 520 45 2 70 497 98 29
D 519 59 2 69 470 520 8
D 524 31 2 53 62 51 52
L 527 38 20
D 526 37 2 57 527 59 29
D 525 35 2 55 526 60 29
D 528 31 2 51 62 53 52
D 523 33 2 524 525 528 29
D 522 29 2 45 523 63 29
D 530 23 2 42 41 40 67
D 529 21 2 38 530 43 39
D 532 33 2 491 525 492 29
D 531 29 2 45 532 63 29
D 534 23 2 42 67 40 8
D 533 21 2 38 534 43 66
D 521 25 3 37 522 529 531 533 29
D 35 39 6 36 68 486 495 499 504 508 511 514 519 521 8
D 537 3 2 7 6 5 8
D 536 1 2 3 537 9 8
D 540 11 2 17 28 19 8
D 541 11 2 17 18 19 29
D 539 13 2 540 20 541 8
D 538 9 2 11 539 30 8
D 543 3 2 7 34 5 29
D 542 1 2 3 543 9 29
D 535 5 2 536 538 542 8
D 547 33 2 50 525 61 29
D 546 29 2 45 547 63 29
D 545 25 3 37 546 529 531 533 29
D 544 39 5 36 495 486 504 499 511 508 519 545 8
D 550 3 2 5 34 7 8
D 549 1 2 3 550 9 8
D 552 3 2 5 6 7 29
D 551 1 2 3 552 9 29
D 548 5 2 549 538 551 8
D 555 21 2 38 530 43 8
D 556 21 2 38 534 43 29
D 554 25 3 37 546 555 531 556 29
D 553 39 4 36 504 486 511 499 519 554 8
D 558 1 2 9 4 3 8
D 559 1 2 9 33 3 29
D 557 5 2 558 538 559 8
D 562 21 2 38 67 43 29
D 561 25 3 37 546 487 531 562 29
D 560 39 3 36 511 486 519 561 8
D 566 11 2 19 28 17 8
D 567 11 2 19 18 17 29
D 565 13 2 566 20 567 8
D 564 9 2 11 565 30 8
D 563 5 2 2 564 32 8
D 569 25 2 37 546 65 29
D 568 39 2 36 519 569 8
D 573 11 2 19 28 17 18
L 576 18 10
D 575 17 2 23 576 25 29
D 574 15 2 21 575 26 29
D 577 11 2 17 28 19 18
D 572 13 2 573 574 577 29
D 571 9 2 11 572 30 29
D 579 3 2 7 6 5 34
D 578 1 2 3 579 9 4
D 581 13 2 540 574 541 29
D 580 9 2 11 581 30 29
D 583 3 2 7 34 5 8
D 582 1 2 3 583 9 33
D 570 5 3 2 571 578 580 582 29
D 0 19 6 1 35 535 544 548 553 557 560 563 568 570 8
