c ids of sdd nodes start at 0
c sdd nodes appear bottom-up, children before parents
c
c file syntax:
c sdd count-of-sdd-nodes
c F id-of-false-sdd-node
c T id-of-true-sdd-node
c L id-of-literal-sdd-node id-of-vtree literal
c D id-of-decomposition-sdd-node id-of-vtree number-of-elements {id-of-prime id-of-sub}*
c
sdd 1010
L 3 0 -4
L 5 2 -2
L 6 4 -3
L 7 2 2
F 8
D 4 3 2 5 6 7 8
L 9 0 4
D 2 1 2 3 4 9 8
L 12 6 -6
L 13 8 -7
L 14 6 6
D 11 7 2 12 13 14 8
L 17 10 -5
L 18 12 1
L 19 10 5
D 16 11 2 17 18 19 8
L 21 14 -8
L 23 16 -9
L 24 18 -10
L 25 16 9
D 22 17 2 23 24 25 8
L 26 14 8
D 20 15 2 21 22 26 8
L 28 12 -1
T 29
D 27 11 2 17 28 19 29
D 15 13 2 16 20 27 8
L 31 8 7
D 30 7 2 12 31 14 29
D 10 9 2 11 15 30 8
L 34 4 3
D 33 3 2 5 34 7 29
D 32 1 2 3 33 9 29
D 1 5 2 2 10 32 8
L 38 20 -14
L 40 22 -12
L 41 24 -13
L 42 22 12
D 39 23 2 40 41 42 8
L 43 20 14
D 37 21 2 38 39 43 8
L 46 26 -16
L 47 28 -17
L 48 26 16
D 45 27 2 46 47 48 8
L 51 30 -15
L 52 32 11
L 53 30 15
D 50 31 2 51 52 53 8
L 55 34 -18
L 57 36 -19
L 58 38 -20
L 59 36 19
D 56 37 2 57 58 59 8
L 60 34 18
D 54 35 2 55 56 60 8
L 62 32 -11
D 61 31 2 51 62 53 29
D 49 33 2 50 54 61 8
L 64 28 17
D 63 27 2 46 64 48 29
D 44 29 2 45 49 63 8
L 67 24 13
D 66 23 2 40 67 42 29
D 65 21 2 38 66 43 29
D 36 25 2 37 44 65 8
L 71 40 -24
L 73 42 -22
L 74 44 -23
L 75 42 22
D 72 43 2 73 74 75 8
L 76 40 24
D 70 41 2 71 72 76 8
L 79 46 -26
L 80 48 -27
L 81 46 26
D 78 47 2 79 80 81 8
L 84 50 -25
L 85 52 21
L 86 50 25
D 83 51 2 84 85 86 8
L 88 54 -28
L 90 56 -29
L 91 58 -30
L 92 56 29
D 89 57 2 90 91 92 8
L 93 54 28
D 87 55 2 88 89 93 8
L 95 52 -21
D 94 51 2 84 95 86 29
D 82 53 2 83 87 94 8
L 97 48 27
D 96 47 2 79 97 81 29
D 77 49 2 78 82 96 8
L 100 44 23
D 99 43 2 73 100 75 29
D 98 41 2 71 99 76 29
D 69 45 2 70 77 98 8
L 104 60 -34
L 106 62 -32
L 107 64 -33
L 108 62 32
D 105 63 2 106 107 108 8
L 109 60 34
D 103 61 2 104 105 109 8
L 112 66 -36
L 113 68 -37
L 114 66 36
D 111 67 2 112 113 114 8
L 117 70 35
L 118 72 -31
L 119 70 -35
D 116 71 2 117 118 119 8
L 121 74 -38
L 123 76 -39
L 124 78 -40
L 125 76 39
D 122 77 2 123 124 125 8
L 126 74 38
D 120 75 2 121 122 126 8
L 128 72 31
D 127 71 2 117 128 119 29
D 115 73 2 116 120 127 8
L 130 68 37
D 129 67 2 112 130 114 29
D 110 69 2 111 115 129 8
L 133 64 33
D 132 63 2 106 133 108 29
D 131 61 2 104 132 109 29
D 102 65 2 103 110 131 8
L 137 80 -42
L 139 82 -43
L 140 84 -44
L 141 82 43
D 138 83 2 139 140 141 8
L 142 80 42
D 136 81 2 137 138 142 8
L 145 86 -46
L 146 88 -47
L 147 86 46
D 144 87 2 145 146 147 8
L 150 90 -45
L 151 92 -41
L 152 90 45
D 149 91 2 150 151 152 8
L 154 94 -48
L 156 96 -49
L 157 98 50
L 158 96 49
D 155 97 2 156 157 158 8
L 159 94 48
D 153 95 2 154 155 159 8
L 161 92 41
D 160 91 2 150 161 152 29
D 148 93 2 149 153 160 8
L 163 88 47
D 162 87 2 145 163 147 29
D 143 89 2 144 148 162 8
L 166 84 44
D 165 83 2 139 166 141 29
D 164 81 2 137 165 142 29
D 135 85 2 136 143 164 8
L 170 100 -56
L 171 102 -57
L 172 100 56
D 169 101 2 170 171 172 8
L 174 104 -58
L 176 106 -59
L 177 108 60
L 178 106 59
D 175 107 2 176 177 178 8
L 179 104 58
D 173 105 2 174 175 179 8
L 181 102 57
D 180 101 2 170 181 172 29
D 168 103 2 169 173 180 8
L 185 110 -53
L 186 112 -54
L 187 110 53
D 184 111 2 185 186 187 8
L 189 114 -52
L 191 116 -55
L 192 118 -51
L 193 116 55
D 190 117 2 191 192 193 8
L 194 114 52
D 188 115 2 189 190 194 8
L 196 112 54
D 195 111 2 185 196 187 29
D 183 113 2 184 188 195 8
L 200 120 -76
L 201 122 -77
L 202 120 76
D 199 121 2 200 201 202 8
L 204 124 -78
L 206 126 -79
L 207 128 80
L 208 126 79
D 205 127 2 206 207 208 8
L 209 124 78
D 203 125 2 204 205 209 8
L 211 122 77
D 210 121 2 200 211 202 29
D 198 123 2 199 203 210 8
L 215 130 -73
L 216 132 -72
L 217 130 73
D 214 131 2 215 216 217 8
L 219 134 -71
L 221 136 -74
L 222 138 -75
L 223 136 74
D 220 137 2 221 222 223 8
L 224 134 71
D 218 135 2 219 220 224 8
L 226 132 72
D 225 131 2 215 226 217 29
D 213 133 2 214 218 225 8
L 229 140 -61
L 230 142 -62
L 231 140 61
D 228 141 2 229 230 231 8
L 234 144 -63
L 235 146 -64
L 236 144 63
D 233 145 2 234 235 236 8
L 238 148 -65
L 240 150 -66
L 242 152 -67
L 244 154 -68
L 246 156 -69
L 247 158 70
L 248 156 69
D 245 157 2 246 247 248 8
L 249 154 68
D 243 155 2 244 245 249 8
L 250 152 67
D 241 153 2 242 243 250 8
L 251 150 66
D 239 151 2 240 241 251 8
L 252 148 65
D 237 149 2 238 239 252 8
L 254 146 64
D 253 145 2 234 254 236 29
D 232 147 2 233 237 253 8
L 256 142 62
D 255 141 2 229 256 231 29
D 227 143 2 228 232 255 8
L 260 138 75
D 259 137 2 221 260 223 29
D 258 135 2 219 259 224 29
D 257 133 2 214 258 225 29
D 212 139 2 213 227 257 8
L 264 128 -80
D 263 127 2 206 264 208 29
D 262 125 2 204 263 209 29
D 261 123 2 199 262 210 29
D 197 129 2 198 212 261 8
L 268 118 51
D 267 117 2 191 268 193 29
D 266 115 2 189 267 194 29
D 265 113 2 184 266 195 29
D 182 119 2 183 197 265 8
L 272 108 -60
D 271 107 2 176 272 178 29
D 270 105 2 174 271 179 29
D 269 103 2 169 270 180 29
D 167 109 2 168 182 269 8
L 278 98 -50
D 277 97 2 156 278 158 29
D 276 95 2 154 277 159 29
D 275 93 2 149 276 160 29
D 274 89 2 144 275 162 29
D 273 85 2 136 274 164 29
D 134 99 2 135 167 273 8
D 281 67 2 114 113 112 8
D 283 71 2 119 118 117 8
D 284 71 2 119 128 117 29
D 282 73 2 283 120 284 8
D 285 67 2 114 130 112 29
D 280 69 2 281 282 285 8
D 279 65 2 103 280 131 8
D 291 97 2 158 278 156 8
D 290 95 2 154 291 159 8
D 289 93 2 149 290 160 8
D 288 89 2 144 289 162 8
D 287 85 2 136 288 164 8
L 303 158 -70
D 302 157 2 248 303 246 8
D 301 155 2 244 302 249 8
D 300 153 2 242 301 250 8
D 299 151 2 240 300 251 8
D 298 149 2 238 299 252 8
D 297 147 2 233 298 253 8
D 296 143 2 228 297 255 8
D 295 139 2 213 296 257 8
D 306 127 2 208 264 206 8
D 305 125 2 204 306 209 8
D 304 123 2 199 305 210 8
D 309 127 2 206 264 208 207
D 308 125 2 204 309 209 29
D 307 123 2 199 308 210 29
D 294 129 3 198 295 304 212 307 8
D 293 119 2 183 294 265 8
D 312 107 2 178 272 176 8
D 311 105 2 174 312 179 8
D 310 103 2 169 311 180 8
D 315 107 2 176 272 178 177
D 314 105 2 174 315 179 29
D 313 103 2 169 314 180 29
D 292 109 3 168 293 310 182 313 8
D 320 97 2 156 278 158 157
D 319 95 2 154 320 159 29
D 318 93 2 149 319 160 29
D 317 89 2 144 318 162 29
D 316 85 2 136 317 164 29
D 286 99 3 287 167 135 292 316 8
D 323 67 2 112 130 114 8
D 324 67 2 112 113 114 29
D 322 69 2 323 282 324 8
D 321 65 2 103 322 131 8
D 330 97 2 156 278 158 8
D 329 95 2 159 330 154 8
D 328 93 2 149 329 160 8
D 327 89 2 144 328 162 8
D 326 85 2 136 327 164 8
D 341 157 2 246 303 248 8
D 340 155 2 249 341 244 8
D 339 153 2 242 340 250 8
D 338 151 2 240 339 251 8
D 337 149 2 238 338 252 8
D 336 147 2 233 337 253 8
D 335 143 2 228 336 255 8
D 334 139 2 213 335 257 8
D 344 127 2 206 264 208 8
D 343 125 2 209 344 204 8
D 342 123 2 199 343 210 8
D 347 127 2 206 207 208 29
D 346 125 2 204 309 209 347
D 345 123 2 199 346 210 29
D 333 129 4 198 334 304 295 342 212 345 8
D 332 119 2 183 333 265 8
D 350 107 2 176 272 178 8
D 349 105 2 179 350 174 8
D 348 103 2 169 349 180 8
D 353 107 2 176 177 178 29
D 352 105 2 174 315 179 353
D 351 103 2 169 352 180 29
D 331 109 4 168 332 310 293 348 182 351 8
D 358 97 2 156 157 158 29
D 357 95 2 159 358 154 320
D 356 93 2 149 357 160 29
D 355 89 2 144 356 162 29
D 354 85 2 136 355 164 29
D 325 99 4 326 167 287 292 135 331 354 8
D 362 75 2 126 122 121 8
D 361 73 2 283 362 284 8
D 360 69 2 111 361 129 8
D 359 65 2 103 360 131 8
D 366 87 2 145 163 147 8
D 368 95 2 154 330 159 8
D 367 93 2 149 368 160 8
D 369 87 2 145 146 147 29
D 365 89 2 366 367 369 8
D 364 85 2 136 365 164 8
D 379 155 2 244 341 249 8
D 378 153 2 250 379 242 8
D 377 151 2 240 378 251 8
D 376 149 2 238 377 252 8
D 375 147 2 233 376 253 8
D 374 143 2 228 375 255 8
D 373 139 2 213 374 257 8
D 381 121 2 200 211 202 8
D 382 125 2 204 344 209 8
D 383 121 2 200 201 202 29
D 380 123 2 381 382 383 8
D 385 125 2 204 347 209 29
D 384 123 3 199 346 381 385 202 29
D 372 129 5 198 373 304 334 342 295 380 212 384 8
D 371 119 2 183 372 265 8
D 387 101 2 170 181 172 8
D 388 105 2 174 350 179 8
D 389 101 2 170 171 172 29
D 386 103 2 387 388 389 8
D 391 105 2 174 353 179 29
D 390 103 3 169 352 387 391 172 29
D 370 109 5 168 371 310 332 348 293 386 182 390 8
D 395 95 2 154 358 159 29
D 394 93 2 149 395 160 29
D 393 89 3 144 356 366 394 147 29
D 392 85 2 136 393 164 29
D 363 99 5 364 167 326 292 287 331 135 370 392 8
D 400 77 2 125 124 123 8
D 399 75 2 121 400 126 8
D 398 73 2 283 399 284 8
D 397 69 2 111 398 129 8
D 396 65 2 103 397 131 8
D 404 87 2 147 146 145 8
D 405 87 2 147 163 145 29
D 403 89 2 404 367 405 8
D 402 85 2 136 403 164 8
D 414 153 2 242 379 250 8
D 413 151 2 251 414 240 8
D 412 149 2 238 413 252 8
D 411 147 2 233 412 253 8
D 410 143 2 228 411 255 8
D 409 139 2 213 410 257 8
D 416 121 2 202 201 200 8
D 417 121 2 202 211 200 29
D 415 123 2 416 382 417 8
D 419 121 2 202 201 200 211
D 420 121 2 202 211 200 8
D 418 123 3 199 346 419 385 420 29
D 408 129 6 198 409 304 373 342 334 380 295 415 212 418 8
D 407 119 2 183 408 265 8
D 422 101 2 172 171 170 8
D 423 101 2 172 181 170 29
D 421 103 2 422 388 423 8
D 425 101 2 172 171 170 181
D 426 101 2 172 181 170 8
D 424 103 3 169 352 425 391 426 29
D 406 109 6 168 407 310 371 348 332 386 293 421 182 424 8
D 429 87 2 147 146 145 163
D 430 87 2 147 163 145 8
D 428 89 3 144 356 429 394 430 29
D 427 85 2 136 428 164 29
D 401 99 6 402 167 364 292 326 331 287 370 135 406 427 8
L 436 78 40
D 435 77 2 123 436 125 8
D 434 75 2 121 435 126 8
D 433 73 2 283 434 284 8
D 432 69 2 111 433 129 8
D 431 65 2 103 432 131 8
D 441 91 2 152 151 150 8
D 442 91 2 152 161 150 29
D 440 93 2 441 368 442 8
D 439 89 2 144 440 162 8
D 438 85 2 136 439 164 8
D 444 103 2 169 388 180 8
D 448 117 2 193 192 191 8
D 447 115 2 189 448 194 8
D 446 113 2 184 447 195 8
D 451 117 2 193 268 191 29
D 450 115 2 189 451 194 29
D 449 113 2 184 450 195 29
D 445 119 2 446 197 449 8
D 458 151 2 240 414 251 8
D 457 149 2 252 458 238 8
D 456 147 2 233 457 253 8
D 455 143 2 228 456 255 8
D 454 139 2 213 455 257 8
D 459 123 2 199 382 210 8
D 463 137 2 221 260 223 8
D 462 135 2 219 463 224 8
D 461 133 2 214 462 225 8
D 466 137 2 221 222 223 29
D 465 135 2 219 466 224 29
D 464 133 2 214 465 225 29
D 460 139 2 461 227 464 8
D 469 127 2 208 207 206 8
D 468 125 2 204 469 209 347
D 467 123 3 199 468 419 385 420 29
D 453 129 7 198 454 459 460 304 409 342 373 380 334 415 295 467 8
D 452 119 2 183 453 265 8
D 472 107 2 178 177 176 8
D 471 105 2 174 472 179 353
D 470 103 3 169 471 425 391 426 29
D 443 109 7 444 445 168 452 310 407 348 371 386 332 421 293 470 8
D 475 93 3 441 395 149 357 161 29
D 474 89 3 144 475 429 394 430 29
D 473 85 2 136 474 164 29
D 437 99 7 438 167 402 292 364 331 326 370 287 406 135 443 473 8
D 480 77 2 123 436 125 29
D 479 75 2 121 480 126 29
D 482 77 2 123 124 125 436
D 481 75 2 126 480 121 482
D 478 73 3 116 479 283 481 128 29
D 483 67 2 114 113 112 130
D 484 73 2 283 479 284 29
D 485 67 2 114 130 112 8
D 477 69 3 111 478 483 484 485 29
D 476 65 2 103 477 131 29
D 101 79 7 102 134 279 286 321 325 359 363 396 401 431 437 476 8
D 488 43 2 75 74 73 8
D 487 41 2 71 488 76 8
D 491 51 2 84 95 86 8
D 492 51 2 84 85 86 29
D 490 53 2 491 87 492 8
D 489 49 2 78 490 96 8
D 494 43 2 75 100 73 29
D 493 41 2 71 494 76 29
D 486 45 2 487 489 493 8
D 497 61 2 109 105 104 8
D 498 69 2 111 282 129 8
D 499 61 2 109 132 104 29
D 496 65 2 497 498 499 8
D 503 83 2 139 166 141 8
D 502 81 2 137 503 142 8
D 504 89 2 144 367 162 8
D 506 83 2 139 140 141 29
D 505 81 2 137 506 142 29
D 501 85 2 502 504 505 8
D 510 111 2 185 196 187 8
D 511 111 2 185 186 187 29
D 509 113 2 510 188 511 8
D 512 113 3 184 450 510 266 187 29
D 508 119 3 446 294 509 197 512 8
D 518 145 2 234 254 236 8
D 519 149 2 238 458 252 8
D 520 145 2 234 235 236 29
D 517 147 2 518 519 520 8
D 516 143 2 228 517 255 8
D 515 139 2 213 516 257 8
D 524 137 2 223 222 221 8
D 523 135 2 219 524 224 8
D 522 133 2 214 523 225 8
D 527 137 2 221 222 223 260
D 526 135 2 219 527 224 29
D 525 133 2 214 526 225 29
D 521 139 3 522 227 461 296 525 8
D 514 129 7 198 515 459 521 304 454 342 409 380 373 415 334 467 8
D 513 119 2 183 514 265 8
D 507 109 7 444 508 168 513 310 452 348 407 386 371 421 332 470 8
D 529 89 2 144 394 162 29
D 530 81 2 137 141 142 29
D 528 85 3 136 474 502 529 530 29
D 500 99 8 501 167 438 292 402 331 364 370 326 406 287 443 135 507 528 8
D 532 69 2 111 484 129 29
D 531 65 3 103 477 497 532 132 29
D 495 79 8 496 134 102 286 279 325 321 363 359 401 396 437 431 500 531 8
D 535 43 2 73 100 75 8
D 534 41 2 71 535 76 8
D 537 43 2 73 74 75 29
D 536 41 2 71 537 76 29
D 533 45 2 534 489 536 8
D 541 63 2 106 133 108 8
D 540 61 2 104 541 109 8
D 543 63 2 106 107 108 29
D 542 61 2 104 543 109 29
D 539 65 2 540 498 542 8
D 547 83 2 141 140 139 8
D 546 81 2 137 547 142 8
D 549 83 2 141 166 139 29
D 548 81 2 137 549 142 29
D 545 85 2 546 504 548 8
D 553 111 2 187 186 185 8
D 554 111 2 187 196 185 29
D 552 113 2 553 188 554 8
D 556 111 2 187 186 185 196
D 557 111 2 187 196 185 8
D 555 113 3 184 450 556 266 557 29
D 551 119 4 509 294 446 333 552 197 555 8
D 563 145 2 236 235 234 8
D 564 145 2 236 254 234 29
D 562 147 2 563 519 564 8
D 561 143 2 228 562 255 8
D 560 139 2 213 561 257 8
D 567 131 2 217 216 215 8
D 568 131 2 217 226 215 29
D 566 133 2 567 218 568 8
D 569 133 3 214 526 567 258 226 29
D 565 139 4 566 227 522 296 461 335 569 8
D 559 129 7 198 560 459 565 304 515 342 454 380 409 415 373 467 8
D 558 119 2 183 559 265 8
D 550 109 7 444 551 168 558 310 513 348 452 386 407 421 371 470 8
D 572 83 2 141 140 139 166
D 571 81 2 137 572 142 8
D 574 83 2 141 166 139 8
D 573 81 2 137 574 142 29
D 570 85 3 136 474 571 529 573 29
D 544 99 9 545 167 501 292 438 331 402 370 364 406 326 443 287 507 135 550 570 8
D 576 61 2 104 541 109 105
D 577 61 2 109 132 104 108
D 575 65 3 103 477 576 532 577 29
D 538 79 9 539 134 496 286 102 325 279 363 321 401 359 437 396 500 431 544 575 8
D 579 41 2 76 72 71 8
D 580 41 2 76 99 71 29
D 578 45 2 579 489 580 8
D 584 63 2 108 107 106 8
D 583 61 2 104 584 109 8
D 586 63 2 108 133 106 29
D 585 61 2 104 586 109 29
D 582 65 2 583 498 585 8
D 589 81 2 142 138 137 8
D 590 81 2 142 165 137 29
D 588 85 2 589 504 590 8
D 594 115 2 194 190 189 8
D 593 113 2 184 594 195 8
D 596 115 2 189 451 194 267
D 595 113 3 184 596 556 266 557 29
D 592 119 5 446 372 552 294 509 333 593 197 595 8
D 601 131 2 215 226 217 8
D 602 131 2 215 216 217 29
D 600 133 2 601 218 602 8
D 604 131 2 217 216 215 226
D 605 131 2 217 226 215 8
D 603 133 3 214 526 604 258 605 29
D 599 139 5 600 227 566 296 522 335 461 374 603 8
D 608 141 2 229 256 231 8
D 609 147 2 233 519 253 8
D 610 141 2 229 230 231 29
D 607 143 2 608 609 610 8
D 606 139 2 213 607 257 8
D 598 129 7 459 599 304 560 198 606 342 515 380 454 415 409 467 8
D 597 119 2 183 598 265 8
D 591 109 7 444 592 168 597 310 558 348 513 386 452 421 407 470 8
D 612 81 2 137 572 142 138
D 613 81 2 137 574 142 165
D 611 85 3 136 474 612 529 613 29
D 587 99 10 588 167 545 292 501 331 438 370 402 406 364 443 326 507 287 550 135 591 611 8
D 616 63 2 108 107 106 133
D 615 61 2 104 616 109 105
D 618 63 2 108 133 106 8
D 617 61 2 104 618 109 132
D 614 65 3 103 477 615 532 617 29
D 581 79 10 582 134 539 286 496 325 102 363 279 401 321 437 359 500 396 544 431 587 614 8
D 622 51 2 86 95 84 8
D 623 51 2 86 85 84 29
D 621 53 2 622 87 623 8
D 620 49 2 78 621 96 8
D 619 45 2 70 620 98 8
D 628 71 2 119 128 117 8
D 629 71 2 119 118 117 29
D 627 73 2 628 120 629 8
D 626 69 2 111 627 129 8
D 625 65 2 103 626 131 8
D 634 91 2 150 161 152 8
D 635 91 2 150 151 152 29
D 633 93 2 634 368 635 8
D 632 89 2 144 633 162 8
D 631 85 2 136 632 164 8
D 640 117 2 191 268 193 8
D 639 115 2 189 640 194 8
D 638 113 2 184 639 195 8
D 643 117 2 191 192 193 268
D 642 115 2 189 643 194 267
D 641 113 3 184 642 556 266 557 29
D 637 119 6 446 408 509 372 593 294 552 333 638 197 641 8
D 648 135 2 224 220 219 8
D 647 133 2 214 648 225 8
D 650 135 2 219 527 224 259
D 649 133 3 214 650 604 258 605 29
D 646 139 6 647 227 600 296 566 335 461 410 522 374 649 8
D 653 141 2 231 230 229 8
D 654 141 2 231 256 229 29
D 652 143 2 653 609 654 8
D 651 139 2 213 652 257 8
D 645 129 7 459 646 342 560 304 606 380 515 198 651 415 454 467 8
D 644 119 2 183 645 265 8
D 636 109 7 444 637 168 644 310 597 348 558 386 513 421 452 470 8
D 658 91 2 152 151 150 161
D 659 91 2 152 161 150 8
D 657 93 3 658 395 149 357 659 29
D 656 89 3 429 394 144 657 430 29
D 655 85 3 612 529 136 656 613 29
D 630 99 11 631 167 588 292 545 331 501 370 438 406 402 443 364 507 326 550 287 591 135 636 655 8
D 663 71 2 117 118 119 128
D 664 71 2 117 128 119 8
D 662 73 3 663 479 283 481 664 29
D 661 69 3 483 484 111 662 485 29
D 660 65 3 615 532 103 661 617 29
D 624 79 11 625 134 582 286 539 325 496 363 102 401 279 437 321 500 359 544 396 587 431 630 660 8
D 667 47 2 81 80 79 8
D 668 47 2 81 97 79 29
D 666 49 2 667 490 668 8
D 665 45 2 70 666 98 8
D 672 119 6 446 453 509 408 552 372 638 294 593 333 641 8
D 675 139 6 647 296 600 335 461 455 522 410 566 374 649 8
D 677 125 2 209 347 204 207
D 676 123 3 199 677 419 385 420 29
D 674 129 6 459 675 380 560 342 606 415 515 304 651 676 8
D 673 119 2 183 674 265 8
D 671 109 7 444 672 310 644 168 673 348 597 386 558 421 513 470 8
D 670 99 11 631 292 588 331 545 370 501 406 438 443 402 507 364 550 326 591 287 636 135 671 655 8
D 669 79 11 625 286 582 325 539 363 496 401 102 437 279 500 321 544 359 587 396 630 431 670 660 8
D 680 47 2 79 97 81 8
D 681 47 2 79 80 81 29
D 679 49 2 680 490 681 8
D 678 45 2 70 679 98 8
D 685 119 6 509 453 446 514 552 408 593 372 638 333 641 8
D 688 139 6 647 335 461 516 522 455 566 410 600 374 649 8
D 689 123 3 419 385 199 347 420 29
D 687 129 5 459 688 415 560 380 606 342 651 689 8
D 686 119 2 183 687 265 8
D 684 109 7 444 685 348 644 310 673 168 686 386 597 421 558 470 8
D 683 99 11 631 331 588 370 545 406 501 443 438 507 402 550 364 591 326 636 287 671 135 684 655 8
D 682 79 11 625 325 582 363 539 401 496 437 102 500 279 544 321 587 359 630 396 670 431 683 660 8
D 693 55 2 93 89 88 8
D 692 53 2 491 693 492 8
D 691 49 2 78 692 96 8
D 690 45 2 70 691 98 8
D 697 119 6 552 453 509 514 446 559 593 408 638 372 641 8
D 700 139 6 461 561 522 516 566 455 600 410 647 374 649 8
D 702 121 2 202 201 200 29
D 701 123 2 702 385 420 29
D 699 129 4 415 606 459 700 380 651 701 8
D 698 119 2 183 699 265 8
D 696 109 7 444 697 386 644 348 673 310 686 168 698 421 597 470 8
D 695 99 11 631 370 588 406 545 443 501 507 438 550 402 591 364 636 326 671 287 684 135 696 655 8
D 694 79 11 625 363 582 401 539 437 496 500 102 544 279 587 321 630 359 670 396 683 431 695 660 8
D 707 57 2 92 91 90 8
D 706 55 2 88 707 93 8
D 705 53 2 491 706 492 8
D 704 49 2 78 705 96 8
D 703 45 2 70 704 98 8
D 711 119 6 593 453 552 514 509 559 446 598 638 408 641 8
D 714 139 6 522 561 566 516 600 455 647 410 461 607 649 8
D 715 123 2 201 385 211 29
D 713 129 3 415 651 459 714 715 8
D 712 119 2 183 713 265 8
D 710 109 7 444 711 421 644 386 673 348 686 310 698 168 712 470 8
D 709 99 11 631 406 588 443 545 507 501 550 438 591 402 636 364 671 326 684 287 696 135 710 655 8
D 708 79 11 625 401 582 437 539 500 496 544 102 587 279 630 321 670 359 683 396 695 431 709 660 8
L 721 58 30
D 720 57 2 90 721 92 8
D 719 55 2 88 720 93 8
D 718 53 2 491 719 492 8
D 717 49 2 78 718 96 8
D 716 45 2 70 717 98 8
D 725 119 6 638 453 593 514 552 559 509 598 446 645 641 8
D 728 139 6 566 561 600 516 647 455 522 607 461 652 649 8
D 729 123 2 199 385 210 29
D 727 129 2 459 728 729 8
D 726 119 2 183 727 265 8
D 724 109 7 421 673 444 725 386 686 348 698 310 712 168 726 470 8
D 723 99 11 631 443 588 507 545 550 501 591 438 636 402 671 364 684 326 696 287 710 135 724 655 8
D 722 79 11 625 437 582 500 539 544 496 587 102 630 279 670 321 683 359 695 396 709 431 723 660 8
D 732 43 2 75 74 73 100
D 731 41 2 71 732 76 72
D 736 57 2 90 721 92 29
D 735 55 2 88 736 93 29
D 734 53 2 491 735 492 29
D 733 49 2 78 734 96 29
D 738 47 2 81 80 79 97
D 740 51 2 86 95 84 85
D 742 57 2 90 91 92 721
D 741 55 2 93 736 88 742
D 743 51 2 86 85 84 8
D 739 53 3 740 735 491 741 743 29
D 744 47 2 81 97 79 8
D 737 49 3 738 734 78 739 744 29
D 746 43 2 75 100 73 8
D 745 41 2 71 746 76 99
D 730 45 3 731 733 70 737 745 29
D 68 59 11 69 101 486 495 533 538 578 581 619 624 665 669 678 682 690 694 703 708 716 722 730 8
D 749 23 2 42 41 40 8
D 748 21 2 38 749 43 8
D 752 31 2 51 62 53 8
D 753 31 2 51 52 53 29
D 751 33 2 752 54 753 8
D 750 29 2 45 751 63 8
D 755 23 2 42 67 40 29
D 754 21 2 38 755 43 29
D 747 25 2 748 750 754 8
D 760 119 6 638 514 593 559 552 598 509 645 446 674 641 8
D 766 137 2 223 260 221 29
D 765 135 2 219 766 224 259
D 764 133 3 214 765 604 258 605 29
D 763 139 5 600 561 647 516 566 607 522 652 764 8
D 762 129 2 459 763 729 8
D 761 119 2 183 762 265 8
D 759 109 7 421 686 444 760 386 698 348 712 310 726 168 761 470 8
D 758 99 11 631 507 588 550 545 591 501 636 438 671 402 684 364 696 326 710 287 724 135 759 655 8
D 757 79 11 625 500 582 544 539 587 496 630 102 670 279 683 321 695 359 709 396 723 431 758 660 8
D 756 59 11 69 495 486 538 533 581 578 624 619 669 665 682 678 694 690 708 703 722 716 757 730 8
D 769 23 2 40 67 42 8
D 768 21 2 38 769 43 8
D 771 23 2 40 41 42 29
D 770 21 2 38 771 43 29
D 767 25 2 768 750 770 8
D 776 119 6 638 559 593 598 552 645 509 674 446 687 641 8
D 781 135 2 224 259 219 29
D 780 133 3 604 258 214 781 605 29
D 779 139 4 647 561 600 607 566 652 780 8
D 778 129 2 459 779 729 8
D 777 119 2 183 778 265 8
D 775 109 7 421 698 444 776 386 712 348 726 310 761 168 777 470 8
D 774 99 11 631 550 588 591 545 636 501 671 438 684 402 696 364 710 326 724 287 759 135 775 655 8
D 773 79 11 625 544 582 587 539 630 496 670 102 683 279 695 321 709 359 723 396 758 431 774 660 8
D 772 59 11 69 538 486 581 533 624 578 669 619 682 665 694 678 708 690 722 703 757 716 773 730 8
D 783 21 2 43 39 38 8
D 784 21 2 43 66 38 29
D 782 25 2 783 750 784 8
D 789 119 6 638 598 593 645 552 674 509 687 446 699 641 8
D 793 133 3 601 258 214 781 217 29
D 792 139 3 647 607 600 652 793 8
D 791 129 2 459 792 729 8
D 790 119 2 183 791 265 8
D 788 109 7 421 712 444 789 386 726 348 761 310 777 168 790 470 8
D 787 99 11 631 591 588 636 545 671 501 684 438 696 402 710 364 724 326 759 287 775 135 788 655 8
D 786 79 11 625 587 582 630 539 670 496 683 102 695 279 709 321 723 359 758 396 774 431 787 660 8
D 785 59 11 69 581 486 624 533 669 578 682 619 694 665 708 678 722 690 757 703 773 716 786 730 8
D 797 31 2 53 62 51 8
D 798 31 2 53 52 51 29
D 796 33 2 797 54 798 8
D 795 29 2 45 796 63 8
D 794 25 2 37 795 65 8
D 803 119 6 638 645 593 674 552 687 509 699 446 713 641 8
D 807 133 2 214 781 225 29
D 806 139 2 647 652 807 8
D 805 129 2 459 806 729 8
D 804 119 2 183 805 265 8
D 802 109 7 421 726 444 803 386 761 348 777 310 790 168 804 470 8
D 801 99 11 631 636 588 671 545 684 501 696 438 710 402 724 364 759 326 775 287 788 135 802 655 8
D 800 79 11 625 630 582 670 539 683 496 695 102 709 279 723 321 758 359 774 396 787 431 801 660 8
D 799 59 11 69 624 486 669 533 682 578 694 619 708 665 722 678 757 690 773 703 786 716 800 730 8
D 810 27 2 48 47 46 8
D 811 27 2 48 64 46 29
D 809 29 2 810 751 811 8
D 808 25 2 37 809 65 8
D 816 119 6 638 674 593 687 552 699 509 713 446 727 641 8
D 818 105 2 179 353 174 177
D 817 103 3 169 818 425 391 426 29
D 815 109 6 421 761 444 816 386 777 348 790 310 804 817 8
D 814 99 11 631 671 588 684 545 696 501 710 438 724 402 759 364 775 326 788 287 802 135 815 655 8
D 813 79 11 625 670 582 683 539 695 496 709 102 723 279 758 321 774 359 787 396 801 431 814 660 8
D 812 59 11 69 669 486 682 533 694 578 708 619 722 665 757 678 773 690 786 703 800 716 813 730 8
D 821 27 2 46 64 48 8
D 822 27 2 46 47 48 29
D 820 29 2 821 751 822 8
D 819 25 2 37 820 65 8
D 827 119 6 638 687 593 699 552 713 509 727 446 762 641 8
D 828 103 3 425 391 169 353 426 29
D 826 109 5 421 777 444 827 386 790 348 804 828 8
D 825 99 11 631 684 588 696 545 710 501 724 438 759 402 775 364 788 326 802 287 815 135 826 655 8
D 824 79 11 625 683 582 695 539 709 496 723 102 758 279 774 321 787 359 801 396 814 431 825 660 8
D 823 59 11 69 682 486 694 533 708 578 722 619 757 665 773 678 786 690 800 703 813 716 824 730 8
D 832 35 2 60 56 55 8
D 831 33 2 752 832 753 8
D 830 29 2 45 831 63 8
D 829 25 2 37 830 65 8
D 837 119 6 638 699 593 713 552 727 509 762 446 778 641 8
D 839 101 2 172 171 170 29
D 838 103 2 839 391 426 29
D 836 109 4 421 790 444 837 386 804 838 8
D 835 99 11 631 696 588 710 545 724 501 759 438 775 402 788 364 802 326 815 287 826 135 836 655 8
D 834 79 11 625 695 582 709 539 723 496 758 102 774 279 787 321 801 359 814 396 825 431 835 660 8
D 833 59 11 69 694 486 708 533 722 578 757 619 773 665 786 678 800 690 813 703 824 716 834 730 8
D 844 37 2 59 58 57 8
D 843 35 2 55 844 60 8
D 842 33 2 752 843 753 8
D 841 29 2 45 842 63 8
D 840 25 2 37 841 65 8
D 849 119 6 638 713 593 727 552 762 509 778 446 791 641 8
D 850 103 2 171 391 181 29
D 848 109 3 421 804 444 849 850 8
D 847 99 11 631 710 588 724 545 759 501 775 438 788 402 802 364 815 326 826 287 836 135 848 655 8
D 846 79 11 625 709 582 723 539 758 496 774 102 787 279 801 321 814 359 825 396 835 431 847 660 8
D 845 59 11 69 708 486 722 533 757 578 773 619 786 665 800 678 813 690 824 703 834 716 846 730 8
L 856 38 20
D 855 37 2 57 856 59 8
D 854 35 2 55 855 60 8
D 853 33 2 752 854 753 8
D 852 29 2 45 853 63 8
D 851 25 2 37 852 65 8
D 861 119 6 638 727 593 762 552 778 509 791 446 805 641 8
D 862 103 2 169 391 180 29
D 860 109 2 444 861 862 8
D 859 99 11 631 724 588 759 545 775 501 788 438 802 402 815 364 826 326 836 287 848 135 860 655 8
D 858 79 11 625 723 582 758 539 774 496 787 102 801 279 814 321 825 359 835 396 847 431 859 660 8
D 857 59 11 69 722 486 757 533 773 578 786 619 800 665 813 678 824 690 834 703 846 716 858 730 8
D 865 23 2 42 41 40 67
D 864 21 2 38 865 43 39
D 869 37 2 57 856 59 29
D 868 35 2 55 869 60 29
D 867 33 2 752 868 753 29
D 866 29 2 45 867 63 29
D 871 27 2 48 47 46 64
D 873 31 2 53 62 51 52
D 875 37 2 57 58 59 856
D 874 35 2 60 869 55 875
D 876 31 2 53 52 51 8
D 872 33 3 873 868 752 874 876 29
D 877 27 2 48 64 46 8
D 870 29 3 871 867 45 872 877 29
D 879 23 2 42 67 40 8
D 878 21 2 38 879 43 66
D 863 25 3 864 866 37 870 878 29
D 35 39 11 36 68 747 756 767 772 782 785 794 799 808 812 819 823 829 833 840 845 851 857 863 8
D 882 3 2 7 6 5 8
D 881 1 2 3 882 9 8
D 885 11 2 17 28 19 8
D 886 11 2 17 18 19 29
D 884 13 2 885 20 886 8
D 883 9 2 11 884 30 8
D 888 3 2 7 34 5 29
D 887 1 2 3 888 9 29
D 880 5 2 881 883 887 8
D 897 117 2 191 192 193 29
D 896 115 2 194 267 189 897
D 895 113 3 184 896 556 266 557 29
D 894 119 5 638 762 593 778 552 791 509 805 895 8
D 893 109 2 444 894 862 8
D 892 99 11 631 759 588 775 545 788 501 802 438 815 402 826 364 836 326 848 287 860 135 893 655 8
D 891 79 11 625 758 582 774 539 787 496 801 102 814 279 825 321 835 359 847 396 859 431 892 660 8
D 890 59 11 69 757 486 773 533 786 578 800 619 813 665 824 678 834 690 846 703 858 716 891 730 8
D 889 39 11 36 756 747 772 767 785 782 799 794 812 808 823 819 833 829 845 840 857 851 890 863 8
D 900 3 2 5 34 7 8
D 899 1 2 3 900 9 8
D 902 3 2 5 6 7 29
D 901 1 2 3 902 9 29
D 898 5 2 899 883 901 8
D 909 113 3 184 896 553 266 196 29
D 908 119 4 638 778 593 791 552 805 909 8
D 907 109 2 444 908 862 8
D 906 99 11 631 775 588 788 545 802 501 815 438 826 402 836 364 848 326 860 287 893 135 907 655 8
D 905 79 11 625 774 582 787 539 801 496 814 102 825 279 835 321 847 359 859 396 892 431 906 660 8
D 904 59 11 69 773 486 786 533 800 578 813 619 824 665 834 678 846 690 858 703 891 716 905 730 8
D 903 39 11 36 772 747 785 767 799 782 812 794 823 808 833 819 845 829 857 840 890 851 904 863 8
D 911 1 2 9 4 3 8
D 912 1 2 9 33 3 29
D 910 5 2 911 883 912 8
D 919 113 2 184 896 195 29
D 918 119 3 638 791 593 805 919 8
D 917 109 2 444 918 862 8
D 916 99 11 631 788 588 802 545 815 501 826 438 836 402 848 364 860 326 893 287 907 135 917 655 8
D 915 79 11 625 787 582 801 539 814 496 825 102 835 279 847 321 859 359 892 396 906 431 916 660 8
D 914 59 11 69 786 486 800 533 813 578 824 619 834 665 846 678 858 690 891 703 905 716 915 730 8
D 913 39 11 36 785 747 799 767 812 782 823 794 833 808 845 819 857 829 890 840 904 851 914 863 8
D 923 11 2 19 28 17 8
D 924 11 2 19 18 17 29
D 922 13 2 923 20 924 8
D 921 9 2 11 922 30 8
D 920 5 2 2 921 32 8
D 932 115 2 189 897 194 29
D 931 113 2 184 932 195 29
D 930 119 2 638 805 931 8
D 929 109 2 444 930 862 8
D 928 99 11 631 802 588 815 545 826 501 836 438 848 402 860 364 893 326 907 287 917 135 929 655 8
D 927 79 11 625 801 582 814 539 825 496 835 102 847 279 859 321 892 359 906 396 916 431 928 660 8
D 926 59 11 69 800 486 813 533 824 578 834 619 846 665 858 678 891 690 905 703 915 716 927 730 8
D 925 39 11 36 799 747 812 767 823 782 833 794 845 808 857 819 890 829 904 840 914 851 926 863 8
D 935 7 2 14 13 12 8
D 936 7 2 14 31 12 29
D 934 9 2 935 884 936 8
D 933 5 2 2 934 32 8
D 945 97 2 158 157 156 29
D 944 95 2 154 945 159 358
D 943 93 3 149 944 658 395 659 29
D 942 89 3 144 943 429 394 430 29
D 941 85 3 136 942 612 529 613 29
D 940 99 10 631 815 588 826 545 836 501 848 438 860 402 893 364 907 326 917 287 929 941 8
D 939 79 11 625 814 582 825 539 835 496 847 102 859 279 892 321 906 359 916 396 928 431 940 660 8
D 938 59 11 69 813 486 824 533 834 578 846 619 858 665 891 678 905 690 915 703 927 716 939 730 8
D 937 39 11 36 812 747 823 767 833 782 845 794 857 808 890 819 904 829 914 840 926 851 938 863 8
D 948 7 2 12 31 14 8
D 949 7 2 12 13 14 29
D 947 9 2 948 884 949 8
D 946 5 2 2 947 32 8
D 957 95 2 159 358 154 29
D 956 93 3 149 957 658 395 659 29
D 955 89 3 144 956 429 394 430 29
D 954 85 3 136 955 612 529 613 29
D 953 99 9 631 826 588 836 545 848 501 860 438 893 402 907 364 917 326 929 954 8
D 952 79 11 625 825 582 835 539 847 496 859 102 892 279 906 321 916 359 928 396 940 431 953 660 8
D 951 59 11 69 824 486 834 533 846 578 858 619 891 665 905 678 915 690 927 703 939 716 952 730 8
D 950 39 11 36 823 747 833 767 845 782 857 794 890 808 904 819 914 829 926 840 938 851 951 863 8
D 961 15 2 26 22 21 8
D 960 13 2 885 961 886 8
D 959 9 2 11 960 30 8
D 958 5 2 2 959 32 8
D 969 91 2 150 151 152 161
D 968 93 2 658 395 969 29
D 967 89 3 144 968 429 394 430 29
D 966 85 3 136 967 612 529 613 29
D 965 99 8 631 836 588 848 545 860 501 893 438 907 402 917 364 929 966 8
D 964 79 11 625 835 582 847 539 859 496 892 102 906 279 916 321 928 359 940 396 953 431 965 660 8
D 963 59 11 69 834 486 846 533 858 578 891 619 905 665 915 678 927 690 939 703 952 716 964 730 8
D 962 39 11 36 833 747 845 767 857 782 890 794 904 808 914 819 926 829 938 840 951 851 963 863 8
D 974 17 2 25 24 23 8
D 973 15 2 21 974 26 8
D 972 13 2 885 973 886 8
D 971 9 2 11 972 30 8
D 970 5 2 2 971 32 8
D 980 89 3 144 968 404 394 163 29
D 979 85 3 136 980 612 529 613 29
D 978 99 7 631 848 588 860 545 893 501 907 438 917 402 929 979 8
D 977 79 11 625 847 582 859 539 892 496 906 102 916 279 928 321 940 359 953 396 965 431 978 660 8
D 976 59 11 69 846 486 858 533 891 578 905 619 915 665 927 678 939 690 952 703 964 716 977 730 8
D 975 39 11 36 845 747 857 767 890 782 904 794 914 808 926 819 938 829 951 840 963 851 976 863 8
L 986 18 10
D 985 17 2 23 986 25 8
D 984 15 2 21 985 26 8
D 983 13 2 885 984 886 8
D 982 9 2 11 983 30 8
D 981 5 2 2 982 32 8
D 992 89 2 144 968 162 29
D 991 85 3 136 992 612 529 613 29
D 990 99 6 631 860 588 893 545 907 501 917 438 929 991 8
D 989 79 11 625 859 582 892 539 906 496 916 102 928 279 940 321 953 359 965 396 978 431 990 660 8
D 988 59 11 69 858 486 891 533 905 578 915 619 927 665 939 678 952 690 964 703 977 716 989 730 8
D 987 39 11 36 857 747 890 767 904 782 914 794 926 808 938 819 951 829 963 840 976 851 988 863 8
D 997 17 2 23 24 25 986
D 998 17 2 23 986 25 29
D 996 15 2 21 997 26 998
D 999 11 2 19 28 17 18
D 1000 15 2 21 998 26 29
D 1001 11 2 19 18 17 8
D 995 13 3 885 996 999 1000 1001 29
D 1002 7 2 14 13 12 31
D 1003 13 2 885 1000 886 29
D 1004 7 2 14 31 12 8
D 994 9 3 11 995 1002 1003 1004 29
D 1006 3 2 7 6 5 34
D 1005 1 2 3 1006 9 4
D 1007 9 2 11 1003 30 29
D 1009 3 2 7 34 5 8
D 1008 1 2 3 1009 9 33
D 993 5 3 2 994 1005 1007 1008 29
D 0 19 11 1 35 880 889 898 903 910 913 920 925 933 937 946 950 958 962 970 975 981 987 993 8
