c ids of sdd nodes start at 0
c sdd nodes appear bottom-up, children before parents
c
c file syntax:
c sdd count-of-sdd-nodes
c F id-of-false-sdd-node
c T id-of-true-sdd-node
c L id-of-literal-sdd-node id-of-vtree literal
c D id-of-decomposition-sdd-node id-of-vtree number-of-elements {id-of-prime id-of-sub}*
c
sdd 1010
L 3 0 -4
L 5 2 -2
L 6 4 -3
L 7 2 2
F 8
D 4 3 2 5 6 7 8
L 9 0 4
D 2 1 2 3 4 9 8
L 12 6 -6
L 13 8 -7
L 14 6 6
D 11 7 2 12 13 14 8
L 17 10 -5
L 18 12 1
L 19 10 5
D 16 11 2 17 18 19 8
L 21 14 -8
L 23 16 -9
L 24 18 -10
L 25 16 9
D 22 17 2 23 24 25 8
L 26 14 8
D 20 15 2 21 22 26 8
L 28 12 -1
T 29
D 27 11 2 17 28 19 29
D 15 13 2 16 20 27 8
L 31 8 7
D 30 7 2 12 31 14 29
D 10 9 2 11 15 30 8
L 34 4 3
D 33 3 2 5 34 7 29
D 32 1 2 3 33 9 29
D 1 5 2 2 10 32 8
L 38 20 -14
L 40 22 -12
L 41 24 -13
L 42 22 12
D 39 23 2 40 41 42 8
L 43 20 14
D 37 21 2 38 39 43 8
L 46 26 -16
L 47 28 -17
L 48 26 16
D 45 27 2 46 47 48 8
L 51 30 -15
L 52 32 11
L 53 30 15
D 50 31 2 51 52 53 8
L 55 34 -18
L 57 36 -19
L 58 38 -20
L 59 36 19
D 56 37 2 57 58 59 8
L 60 34 18
D 54 35 2 55 56 60 8
L 62 32 -11
D 61 31 2 51 62 53 29
D 49 33 2 50 54 61 8
L 64 28 17
D 63 27 2 46 64 48 29
D 44 29 2 45 49 63 8
L 67 24 13
D 66 23 2 40 67 42 29
D 65 21 2 38 66 43 29
D 36 25 2 37 44 65 8
L 71 40 -24
L 73 42 -22
L 74 44 -23
L 75 42 22
D 72 43 2 73 74 75 8
L 76 40 24
D 70 41 2 71 72 76 8
L 79 46 -26
L 80 48 -27
L 81 46 26
D 78 47 2 79 80 81 8
L 84 50 -25
L 85 52 21
L 86 50 25
D 83 51 2 84 85 86 8
L 88 54 -28
L 90 56 -29
L 91 58 -30
L 92 56 29
D 89 57 2 90 91 92 8
L 93 54 28
D 87 55 2 88 89 93 8
L 95 52 -21
D 94 51 2 84 95 86 29
D 82 53 2 83 87 94 8
L 97 48 27
D 96 47 2 79 97 81 29
D 77 49 2 78 82 96 8
L 100 44 23
D 99 43 2 73 100 75 29
D 98 41 2 71 99 76 29
D 69 45 2 70 77 98 8
L 104 60 -34
L 106 62 -32
L 107 64 -33
L 108 62 32
D 105 63 2 106 107 108 8
L 109 60 34
D 103 61 2 104 105 109 8
L 112 66 36
L 113 68 -37
L 114 66 -36
D 111 67 2 112 113 114 8
L 117 70 -35
L 118 72 -31
L 119 70 35
D 116 71 2 117 118 119 8
L 121 74 -38
L 123 76 -39
L 124 78 -40
L 125 76 39
D 122 77 2 123 124 125 8
L 126 74 38
D 120 75 2 121 122 126 8
L 128 72 31
D 127 71 2 117 128 119 29
D 115 73 2 116 120 127 8
L 130 68 37
D 129 67 2 112 130 114 29
D 110 69 2 111 115 129 8
L 133 64 33
D 132 63 2 106 133 108 29
D 131 61 2 104 132 109 29
D 102 65 2 103 110 131 8
L 137 80 -42
L 139 82 -43
L 140 84 -44
L 141 82 43
D 138 83 2 139 140 141 8
L 142 80 42
D 136 81 2 137 138 142 8
L 145 86 -46
L 146 88 -47
L 147 86 46
D 144 87 2 145 146 147 8
L 150 90 -45
L 151 92 -41
L 152 90 45
D 149 91 2 150 151 152 8
L 154 94 -48
L 156 96 -49
L 157 98 50
L 158 96 49
D 155 97 2 156 157 158 8
L 159 94 48
D 153 95 2 154 155 159 8
L 161 92 41
D 160 91 2 150 161 152 29
D 148 93 2 149 153 160 8
L 163 88 47
D 162 87 2 145 163 147 29
D 143 89 2 144 148 162 8
L 166 84 44
D 165 83 2 139 166 141 29
D 164 81 2 137 165 142 29
D 135 85 2 136 143 164 8
L 170 100 -56
L 171 102 -57
L 172 100 56
D 169 101 2 170 171 172 8
L 174 104 -58
L 176 106 -59
L 177 108 60
L 178 106 59
D 175 107 2 176 177 178 8
L 179 104 58
D 173 105 2 174 175 179 8
L 181 102 57
D 180 101 2 170 181 172 29
D 168 103 2 169 173 180 8
L 185 110 -53
L 186 112 -54
L 187 110 53
D 184 111 2 185 186 187 8
L 189 114 -52
L 191 116 -55
L 192 118 -51
L 193 116 55
D 190 117 2 191 192 193 8
L 194 114 52
D 188 115 2 189 190 194 8
L 196 112 54
D 195 111 2 185 196 187 29
D 183 113 2 184 188 195 8
L 200 120 -76
L 201 122 -77
L 202 120 76
D 199 121 2 200 201 202 8
L 204 124 -78
L 206 126 -79
L 207 128 80
L 208 126 79
D 205 127 2 206 207 208 8
L 209 124 78
D 203 125 2 204 205 209 8
L 211 122 77
D 210 121 2 200 211 202 29
D 198 123 2 199 203 210 8
L 215 130 -73
L 216 132 -72
L 217 130 73
D 214 131 2 215 216 217 8
L 219 134 -71
L 221 136 -74
L 222 138 -75
L 223 136 74
D 220 137 2 221 222 223 8
L 224 134 71
D 218 135 2 219 220 224 8
L 226 132 72
D 225 131 2 215 226 217 29
D 213 133 2 214 218 225 8
L 229 140 -61
L 230 142 -62
L 231 140 61
D 228 141 2 229 230 231 8
L 234 144 -63
L 235 146 -64
L 236 144 63
D 233 145 2 234 235 236 8
L 238 148 -65
L 240 150 -66
L 242 152 -67
L 244 154 -68
L 246 156 -69
L 247 158 70
L 248 156 69
D 245 157 2 246 247 248 8
L 249 154 68
D 243 155 2 244 245 249 8
L 250 152 67
D 241 153 2 242 243 250 8
L 251 150 66
D 239 151 2 240 241 251 8
L 252 148 65
D 237 149 2 238 239 252 8
L 254 146 64
D 253 145 2 234 254 236 29
D 232 147 2 233 237 253 8
L 256 142 62
D 255 141 2 229 256 231 29
D 227 143 2 228 232 255 8
L 260 138 75
D 259 137 2 221 260 223 29
D 258 135 2 219 259 224 29
D 257 133 2 214 258 225 29
D 212 139 2 213 227 257 8
L 264 128 -80
D 263 127 2 206 264 208 29
D 262 125 2 204 263 209 29
D 261 123 2 199 262 210 29
D 197 129 2 198 212 261 8
L 268 118 51
D 267 117 2 191 268 193 29
D 266 115 2 189 267 194 29
D 265 113 2 184 266 195 29
D 182 119 2 183 197 265 8
L 272 108 -60
D 271 107 2 176 272 178 29
D 270 105 2 174 271 179 29
D 269 103 2 169 270 180 29
D 167 109 2 168 182 269 8
L 278 98 -50
D 277 97 2 156 278 158 29
D 276 95 2 154 277 159 29
D 275 93 2 149 276 160 29
D 274 89 2 144 275 162 29
D 273 85 2 136 274 164 29
D 134 99 2 135 167 273 8
D 281 67 2 114 130 112 8
D 282 67 2 114 113 112 29
D 280 69 2 281 115 282 8
D 279 65 2 103 280 131 8
D 288 97 2 158 278 156 8
D 287 95 2 154 288 159 8
D 286 93 2 149 287 160 8
D 285 89 2 144 286 162 8
D 284 85 2 136 285 164 8
L 300 158 -70
D 299 157 2 248 300 246 8
D 298 155 2 244 299 249 8
D 297 153 2 242 298 250 8
D 296 151 2 240 297 251 8
D 295 149 2 238 296 252 8
D 294 147 2 233 295 253 8
D 293 143 2 228 294 255 8
D 292 139 2 213 293 257 8
D 303 127 2 208 264 206 8
D 302 125 2 204 303 209 8
D 301 123 2 199 302 210 8
D 306 127 2 206 264 208 207
D 305 125 2 204 306 209 29
D 304 123 2 199 305 210 29
D 291 129 3 198 292 301 212 304 8
D 290 119 2 183 291 265 8
D 309 107 2 178 272 176 8
D 308 105 2 174 309 179 8
D 307 103 2 169 308 180 8
D 312 107 2 176 272 178 177
D 311 105 2 174 312 179 29
D 310 103 2 169 311 180 29
D 289 109 3 168 290 307 182 310 8
D 317 97 2 156 278 158 157
D 316 95 2 154 317 159 29
D 315 93 2 149 316 160 29
D 314 89 2 144 315 162 29
D 313 85 2 136 314 164 29
D 283 99 3 284 167 135 289 313 8
D 320 67 2 114 113 112 8
D 322 75 2 126 122 121 8
D 321 73 2 116 322 127 8
D 323 67 2 114 130 112 29
D 319 69 2 320 321 323 8
D 318 65 2 103 319 131 8
D 329 97 2 156 278 158 8
D 328 95 2 159 329 154 8
D 327 93 2 149 328 160 8
D 326 89 2 144 327 162 8
D 325 85 2 136 326 164 8
D 340 157 2 246 300 248 8
D 339 155 2 249 340 244 8
D 338 153 2 242 339 250 8
D 337 151 2 240 338 251 8
D 336 149 2 238 337 252 8
D 335 147 2 233 336 253 8
D 334 143 2 228 335 255 8
D 333 139 2 213 334 257 8
D 343 127 2 206 264 208 8
D 342 125 2 209 343 204 8
D 341 123 2 199 342 210 8
D 346 127 2 206 207 208 29
D 345 125 2 204 306 209 346
D 344 123 2 199 345 210 29
D 332 129 4 198 333 301 292 341 212 344 8
D 331 119 2 183 332 265 8
D 349 107 2 176 272 178 8
D 348 105 2 179 349 174 8
D 347 103 2 169 348 180 8
D 352 107 2 176 177 178 29
D 351 105 2 174 312 179 352
D 350 103 2 169 351 180 29
D 330 109 4 168 331 307 290 347 182 350 8
D 357 97 2 156 157 158 29
D 356 95 2 159 357 154 317
D 355 93 2 149 356 160 29
D 354 89 2 144 355 162 29
D 353 85 2 136 354 164 29
D 324 99 4 325 167 284 289 135 330 353 8
D 362 77 2 125 124 123 8
D 361 75 2 121 362 126 8
D 360 73 2 116 361 127 8
D 359 69 2 320 360 323 8
D 358 65 2 103 359 131 8
D 366 87 2 145 163 147 8
D 368 95 2 154 329 159 8
D 367 93 2 149 368 160 8
D 369 87 2 145 146 147 29
D 365 89 2 366 367 369 8
D 364 85 2 136 365 164 8
D 379 155 2 244 340 249 8
D 378 153 2 250 379 242 8
D 377 151 2 240 378 251 8
D 376 149 2 238 377 252 8
D 375 147 2 233 376 253 8
D 374 143 2 228 375 255 8
D 373 139 2 213 374 257 8
D 381 121 2 200 211 202 8
D 382 125 2 204 343 209 8
D 383 121 2 200 201 202 29
D 380 123 2 381 382 383 8
D 385 125 2 204 346 209 29
D 384 123 3 199 345 381 385 202 29
D 372 129 5 198 373 301 333 341 292 380 212 384 8
D 371 119 2 183 372 265 8
D 387 101 2 170 181 172 8
D 388 105 2 174 349 179 8
D 389 101 2 170 171 172 29
D 386 103 2 387 388 389 8
D 391 105 2 174 352 179 29
D 390 103 3 169 351 387 391 172 29
D 370 109 5 168 371 307 331 347 290 386 182 390 8
D 395 95 2 154 357 159 29
D 394 93 2 149 395 160 29
D 393 89 3 144 355 366 394 147 29
D 392 85 2 136 393 164 29
D 363 99 5 364 167 325 289 284 330 135 370 392 8
L 401 78 40
D 400 77 2 123 401 125 8
D 399 75 2 121 400 126 8
D 398 73 2 116 399 127 8
D 397 69 2 320 398 323 8
D 396 65 2 103 397 131 8
D 405 87 2 147 146 145 8
D 406 87 2 147 163 145 29
D 404 89 2 405 367 406 8
D 403 85 2 136 404 164 8
D 415 153 2 242 379 250 8
D 414 151 2 251 415 240 8
D 413 149 2 238 414 252 8
D 412 147 2 233 413 253 8
D 411 143 2 228 412 255 8
D 410 139 2 213 411 257 8
D 417 121 2 202 201 200 8
D 418 121 2 202 211 200 29
D 416 123 2 417 382 418 8
D 420 121 2 202 201 200 211
D 421 121 2 202 211 200 8
D 419 123 3 199 345 420 385 421 29
D 409 129 6 198 410 301 373 341 333 380 292 416 212 419 8
D 408 119 2 183 409 265 8
D 423 101 2 172 171 170 8
D 424 101 2 172 181 170 29
D 422 103 2 423 388 424 8
D 426 101 2 172 171 170 181
D 427 101 2 172 181 170 8
D 425 103 3 169 351 426 391 427 29
D 407 109 6 168 408 307 371 347 331 386 290 422 182 425 8
D 430 87 2 147 146 145 163
D 431 87 2 147 163 145 8
D 429 89 3 144 355 430 394 431 29
D 428 85 2 136 429 164 29
D 402 99 6 403 167 364 289 325 330 284 370 135 407 428 8
D 436 77 2 123 401 125 29
D 437 77 2 123 124 125 401
D 435 75 2 126 436 121 437
D 434 73 2 116 435 127 29
D 438 67 2 112 113 114 130
D 440 75 2 121 436 126 29
D 439 73 2 116 440 127 29
D 441 67 2 112 130 114 8
D 433 69 3 320 434 438 439 441 29
D 432 65 2 103 433 131 29
D 101 79 6 102 134 279 283 318 324 358 363 396 402 432 8
D 444 43 2 75 74 73 8
D 443 41 2 71 444 76 8
D 447 51 2 84 95 86 8
D 448 51 2 84 85 86 29
D 446 53 2 447 87 448 8
D 445 49 2 78 446 96 8
D 450 43 2 75 100 73 29
D 449 41 2 71 450 76 29
D 442 45 2 443 445 449 8
D 455 71 2 119 118 117 8
D 456 71 2 119 128 117 29
D 454 73 2 455 120 456 8
D 453 69 2 320 454 323 8
D 452 65 2 103 453 131 8
D 461 91 2 152 151 150 8
D 462 91 2 152 161 150 29
D 460 93 2 461 368 462 8
D 459 89 2 144 460 162 8
D 458 85 2 136 459 164 8
D 464 103 2 169 388 180 8
D 468 117 2 193 192 191 8
D 467 115 2 189 468 194 8
D 466 113 2 184 467 195 8
D 471 117 2 193 268 191 29
D 470 115 2 189 471 194 29
D 469 113 2 184 470 195 29
D 465 119 2 466 197 469 8
D 478 151 2 240 415 251 8
D 477 149 2 252 478 238 8
D 476 147 2 233 477 253 8
D 475 143 2 228 476 255 8
D 474 139 2 213 475 257 8
D 479 123 2 199 382 210 8
D 483 137 2 221 260 223 8
D 482 135 2 219 483 224 8
D 481 133 2 214 482 225 8
D 486 137 2 221 222 223 29
D 485 135 2 219 486 224 29
D 484 133 2 214 485 225 29
D 480 139 2 481 227 484 8
D 489 127 2 208 207 206 8
D 488 125 2 204 489 209 346
D 487 123 3 199 488 420 385 421 29
D 473 129 7 198 474 479 480 301 410 341 373 380 333 416 292 487 8
D 472 119 2 183 473 265 8
D 492 107 2 178 177 176 8
D 491 105 2 174 492 179 352
D 490 103 3 169 491 426 391 427 29
D 463 109 7 464 465 168 472 307 408 347 371 386 331 422 290 490 8
D 495 93 3 461 395 149 356 161 29
D 494 89 3 144 495 430 394 431 29
D 493 85 2 136 494 164 29
D 457 99 7 458 167 403 289 364 330 325 370 284 407 135 463 493 8
D 498 73 3 455 440 116 435 128 29
D 497 69 3 320 498 438 439 441 29
D 496 65 2 103 497 131 29
D 451 79 7 452 134 102 283 279 324 318 363 358 402 396 457 496 8
D 501 43 2 73 100 75 8
D 500 41 2 71 501 76 8
D 503 43 2 73 74 75 29
D 502 41 2 71 503 76 29
D 499 45 2 500 445 502 8
D 506 61 2 109 105 104 8
D 507 69 2 320 115 323 8
D 508 61 2 109 132 104 29
D 505 65 2 506 507 508 8
D 512 83 2 139 166 141 8
D 511 81 2 137 512 142 8
D 513 89 2 144 367 162 8
D 515 83 2 139 140 141 29
D 514 81 2 137 515 142 29
D 510 85 2 511 513 514 8
D 519 111 2 185 196 187 8
D 520 111 2 185 186 187 29
D 518 113 2 519 188 520 8
D 521 113 3 184 470 519 266 187 29
D 517 119 3 466 291 518 197 521 8
D 527 145 2 234 254 236 8
D 528 149 2 238 478 252 8
D 529 145 2 234 235 236 29
D 526 147 2 527 528 529 8
D 525 143 2 228 526 255 8
D 524 139 2 213 525 257 8
D 533 137 2 223 222 221 8
D 532 135 2 219 533 224 8
D 531 133 2 214 532 225 8
D 536 137 2 221 222 223 260
D 535 135 2 219 536 224 29
D 534 133 2 214 535 225 29
D 530 139 3 531 227 481 293 534 8
D 523 129 7 198 524 479 530 301 474 341 410 380 373 416 333 487 8
D 522 119 2 183 523 265 8
D 516 109 7 464 517 168 522 307 472 347 408 386 371 422 331 490 8
D 538 89 2 144 394 162 29
D 539 81 2 137 141 142 29
D 537 85 3 136 494 511 538 539 29
D 509 99 8 510 167 458 289 403 330 364 370 325 407 284 463 135 516 537 8
D 541 69 2 320 439 323 29
D 540 65 3 103 497 506 541 132 29
D 504 79 8 505 134 452 283 102 324 279 363 318 402 358 457 396 509 540 8
D 543 41 2 76 72 71 8
D 544 41 2 76 99 71 29
D 542 45 2 543 445 544 8
D 548 63 2 106 133 108 8
D 547 61 2 104 548 109 8
D 550 63 2 106 107 108 29
D 549 61 2 104 550 109 29
D 546 65 2 547 507 549 8
D 554 83 2 141 140 139 8
D 553 81 2 137 554 142 8
D 556 83 2 141 166 139 29
D 555 81 2 137 556 142 29
D 552 85 2 553 513 555 8
D 560 111 2 187 186 185 8
D 561 111 2 187 196 185 29
D 559 113 2 560 188 561 8
D 563 111 2 187 186 185 196
D 564 111 2 187 196 185 8
D 562 113 3 184 470 563 266 564 29
D 558 119 4 518 291 466 332 559 197 562 8
D 570 145 2 236 235 234 8
D 571 145 2 236 254 234 29
D 569 147 2 570 528 571 8
D 568 143 2 228 569 255 8
D 567 139 2 213 568 257 8
D 574 131 2 217 216 215 8
D 575 131 2 217 226 215 29
D 573 133 2 574 218 575 8
D 576 133 3 214 535 574 258 226 29
D 572 139 4 573 227 531 293 481 334 576 8
D 566 129 7 198 567 479 572 301 524 341 474 380 410 416 373 487 8
D 565 119 2 183 566 265 8
D 557 109 7 464 558 168 565 307 522 347 472 386 408 422 371 490 8
D 579 83 2 141 140 139 166
D 578 81 2 137 579 142 8
D 581 83 2 141 166 139 8
D 580 81 2 137 581 142 29
D 577 85 3 136 494 578 538 580 29
D 551 99 9 552 167 510 289 458 330 403 370 364 407 325 463 284 516 135 557 577 8
D 583 61 2 104 548 109 105
D 584 61 2 109 132 104 108
D 582 65 3 103 497 583 541 584 29
D 545 79 9 546 134 505 283 452 324 102 363 279 402 318 457 358 509 396 551 582 8
D 588 51 2 86 95 84 8
D 589 51 2 86 85 84 29
D 587 53 2 588 87 589 8
D 586 49 2 78 587 96 8
D 585 45 2 70 586 98 8
D 593 63 2 108 107 106 8
D 592 61 2 104 593 109 8
D 595 63 2 108 133 106 29
D 594 61 2 104 595 109 29
D 591 65 2 592 507 594 8
D 598 81 2 142 138 137 8
D 599 81 2 142 165 137 29
D 597 85 2 598 513 599 8
D 603 115 2 194 190 189 8
D 602 113 2 184 603 195 8
D 605 115 2 189 471 194 267
D 604 113 3 184 605 563 266 564 29
D 601 119 5 466 372 559 291 518 332 602 197 604 8
D 610 131 2 215 226 217 8
D 611 131 2 215 216 217 29
D 609 133 2 610 218 611 8
D 613 131 2 217 216 215 226
D 614 131 2 217 226 215 8
D 612 133 3 214 535 613 258 614 29
D 608 139 5 609 227 573 293 531 334 481 374 612 8
D 617 141 2 229 256 231 8
D 618 147 2 233 528 253 8
D 619 141 2 229 230 231 29
D 616 143 2 617 618 619 8
D 615 139 2 213 616 257 8
D 607 129 7 479 608 301 567 198 615 341 524 380 474 416 410 487 8
D 606 119 2 183 607 265 8
D 600 109 7 464 601 168 606 307 565 347 522 386 472 422 408 490 8
D 621 81 2 137 579 142 138
D 622 81 2 137 581 142 165
D 620 85 3 136 494 621 538 622 29
D 596 99 10 597 167 552 289 510 330 458 370 403 407 364 463 325 516 284 557 135 600 620 8
D 625 63 2 108 107 106 133
D 624 61 2 104 625 109 105
D 627 63 2 108 133 106 8
D 626 61 2 104 627 109 132
D 623 65 3 103 497 624 541 626 29
D 590 79 10 591 134 546 283 505 324 452 363 102 402 279 457 318 509 358 551 396 596 623 8
D 630 47 2 81 80 79 8
D 631 47 2 81 97 79 29
D 629 49 2 630 446 631 8
D 628 45 2 70 629 98 8
D 636 71 2 117 128 119 8
D 637 71 2 117 118 119 29
D 635 73 2 636 120 637 8
D 634 69 2 320 635 323 8
D 633 65 2 103 634 131 8
D 642 91 2 150 161 152 8
D 643 91 2 150 151 152 29
D 641 93 2 642 368 643 8
D 640 89 2 144 641 162 8
D 639 85 2 136 640 164 8
D 648 117 2 191 268 193 8
D 647 115 2 189 648 194 8
D 646 113 2 184 647 195 8
D 651 117 2 191 192 193 268
D 650 115 2 189 651 194 267
D 649 113 3 184 650 563 266 564 29
D 645 119 6 466 409 518 372 602 291 559 332 646 197 649 8
D 656 135 2 224 220 219 8
D 655 133 2 214 656 225 8
D 658 135 2 219 536 224 259
D 657 133 3 214 658 613 258 614 29
D 654 139 6 655 227 609 293 573 334 481 411 531 374 657 8
D 661 141 2 231 230 229 8
D 662 141 2 231 256 229 29
D 660 143 2 661 618 662 8
D 659 139 2 213 660 257 8
D 653 129 7 479 654 341 567 301 615 380 524 198 659 416 474 487 8
D 652 119 2 183 653 265 8
D 644 109 7 464 645 168 652 307 606 347 565 386 522 422 472 490 8
D 666 91 2 152 151 150 161
D 667 91 2 152 161 150 8
D 665 93 3 666 395 149 356 667 29
D 664 89 3 430 394 144 665 431 29
D 663 85 3 621 538 136 664 622 29
D 638 99 11 639 167 597 289 552 330 510 370 458 407 403 463 364 516 325 557 284 600 135 644 663 8
D 671 71 2 119 118 117 128
D 672 71 2 119 128 117 8
D 670 73 3 671 440 116 435 672 29
D 669 69 3 438 439 320 670 441 29
D 668 65 3 624 541 103 669 626 29
D 632 79 11 633 134 591 283 546 324 505 363 452 402 102 457 279 509 318 551 358 596 396 638 668 8
D 675 47 2 79 97 81 8
D 676 47 2 79 80 81 29
D 674 49 2 675 446 676 8
D 673 45 2 70 674 98 8
D 680 119 6 466 473 518 409 559 372 646 291 602 332 649 8
D 683 139 6 655 293 609 334 481 475 531 411 573 374 657 8
D 685 125 2 209 346 204 207
D 684 123 3 199 685 420 385 421 29
D 682 129 6 479 683 380 567 341 615 416 524 301 659 684 8
D 681 119 2 183 682 265 8
D 679 109 7 464 680 307 652 168 681 347 606 386 565 422 522 490 8
D 678 99 11 639 289 597 330 552 370 510 407 458 463 403 516 364 557 325 600 284 644 135 679 663 8
D 677 79 11 633 283 591 324 546 363 505 402 452 457 102 509 279 551 318 596 358 638 396 678 668 8
D 689 55 2 93 89 88 8
D 688 53 2 447 689 448 8
D 687 49 2 78 688 96 8
D 686 45 2 70 687 98 8
D 693 119 6 518 473 466 523 559 409 602 372 646 332 649 8
D 696 139 6 655 334 481 525 531 475 573 411 609 374 657 8
D 697 123 3 420 385 199 346 421 29
D 695 129 5 479 696 416 567 380 615 341 659 697 8
D 694 119 2 183 695 265 8
D 692 109 7 464 693 347 652 307 681 168 694 386 606 422 565 490 8
D 691 99 11 639 330 597 370 552 407 510 463 458 516 403 557 364 600 325 644 284 679 135 692 663 8
D 690 79 11 633 324 591 363 546 402 505 457 452 509 102 551 279 596 318 638 358 678 396 691 668 8
D 702 57 2 92 91 90 8
D 701 55 2 88 702 93 8
D 700 53 2 447 701 448 8
D 699 49 2 78 700 96 8
D 698 45 2 70 699 98 8
D 706 119 6 559 473 518 523 466 566 602 409 646 372 649 8
D 709 139 6 481 568 531 525 573 475 609 411 655 374 657 8
D 711 121 2 202 201 200 29
D 710 123 2 711 385 421 29
D 708 129 4 416 615 479 709 380 659 710 8
D 707 119 2 183 708 265 8
D 705 109 7 464 706 386 652 347 681 307 694 168 707 422 606 490 8
D 704 99 11 639 370 597 407 552 463 510 516 458 557 403 600 364 644 325 679 284 692 135 705 663 8
D 703 79 11 633 363 591 402 546 457 505 509 452 551 102 596 279 638 318 678 358 691 396 704 668 8
L 717 58 30
D 716 57 2 90 717 92 8
D 715 55 2 88 716 93 8
D 714 53 2 447 715 448 8
D 713 49 2 78 714 96 8
D 712 45 2 70 713 98 8
D 721 119 6 602 473 559 523 518 566 466 607 646 409 649 8
D 724 139 6 531 568 573 525 609 475 655 411 481 616 657 8
D 725 123 2 201 385 211 29
D 723 129 3 416 659 479 724 725 8
D 722 119 2 183 723 265 8
D 720 109 7 464 721 422 652 386 681 347 694 307 707 168 722 490 8
D 719 99 11 639 407 597 463 552 516 510 557 458 600 403 644 364 679 325 692 284 705 135 720 663 8
D 718 79 11 633 402 591 457 546 509 505 551 452 596 102 638 279 678 318 691 358 704 396 719 668 8
D 728 43 2 75 74 73 100
D 727 41 2 71 728 76 72
D 732 57 2 90 717 92 29
D 731 55 2 88 732 93 29
D 730 53 2 447 731 448 29
D 729 49 2 78 730 96 29
D 734 47 2 81 80 79 97
D 736 51 2 86 95 84 85
D 738 57 2 90 91 92 717
D 737 55 2 93 732 88 738
D 739 51 2 86 85 84 8
D 735 53 3 736 731 447 737 739 29
D 740 47 2 81 97 79 8
D 733 49 3 734 730 78 735 740 29
D 742 43 2 75 100 73 8
D 741 41 2 71 742 76 99
D 726 45 3 727 729 70 733 741 29
D 68 59 11 69 101 442 451 499 504 542 545 585 590 628 632 673 677 686 690 698 703 712 718 726 8
D 745 23 2 42 41 40 8
D 744 21 2 38 745 43 8
D 748 31 2 51 62 53 8
D 749 31 2 51 52 53 29
D 747 33 2 748 54 749 8
D 746 29 2 45 747 63 8
D 751 23 2 42 67 40 29
D 750 21 2 38 751 43 29
D 743 25 2 744 746 750 8
D 756 119 6 646 473 602 523 559 566 518 607 466 653 649 8
D 759 139 6 573 568 609 525 655 475 531 616 481 660 657 8
D 760 123 2 199 385 210 29
D 758 129 2 479 759 760 8
D 757 119 2 183 758 265 8
D 755 109 7 422 681 464 756 386 694 347 707 307 722 168 757 490 8
D 754 99 11 639 463 597 516 552 557 510 600 458 644 403 679 364 692 325 705 284 720 135 755 663 8
D 753 79 11 633 457 591 509 546 551 505 596 452 638 102 678 279 691 318 704 358 719 396 754 668 8
D 752 59 11 69 451 442 504 499 545 542 590 585 632 628 677 673 690 686 703 698 718 712 753 726 8
D 763 23 2 40 67 42 8
D 762 21 2 38 763 43 8
D 765 23 2 40 41 42 29
D 764 21 2 38 765 43 29
D 761 25 2 762 746 764 8
D 770 119 6 646 523 602 566 559 607 518 653 466 682 649 8
D 776 137 2 223 260 221 29
D 775 135 2 219 776 224 259
D 774 133 3 214 775 613 258 614 29
D 773 139 5 609 568 655 525 573 616 531 660 774 8
D 772 129 2 479 773 760 8
D 771 119 2 183 772 265 8
D 769 109 7 422 694 464 770 386 707 347 722 307 757 168 771 490 8
D 768 99 11 639 516 597 557 552 600 510 644 458 679 403 692 364 705 325 720 284 755 135 769 663 8
D 767 79 11 633 509 591 551 546 596 505 638 452 678 102 691 279 704 318 719 358 754 396 768 668 8
D 766 59 11 69 504 442 545 499 590 542 632 585 677 628 690 673 703 686 718 698 753 712 767 726 8
D 778 21 2 43 39 38 8
D 779 21 2 43 66 38 29
D 777 25 2 778 746 779 8
D 784 119 6 646 566 602 607 559 653 518 682 466 695 649 8
D 789 135 2 224 259 219 29
D 788 133 3 613 258 214 789 614 29
D 787 139 4 655 568 609 616 573 660 788 8
D 786 129 2 479 787 760 8
D 785 119 2 183 786 265 8
D 783 109 7 422 707 464 784 386 722 347 757 307 771 168 785 490 8
D 782 99 11 639 557 597 600 552 644 510 679 458 692 403 705 364 720 325 755 284 769 135 783 663 8
D 781 79 11 633 551 591 596 546 638 505 678 452 691 102 704 279 719 318 754 358 768 396 782 668 8
D 780 59 11 69 545 442 590 499 632 542 677 585 690 628 703 673 718 686 753 698 767 712 781 726 8
D 793 31 2 53 62 51 8
D 794 31 2 53 52 51 29
D 792 33 2 793 54 794 8
D 791 29 2 45 792 63 8
D 790 25 2 37 791 65 8
D 799 119 6 646 607 602 653 559 682 518 695 466 708 649 8
D 803 133 3 610 258 214 789 217 29
D 802 139 3 655 616 609 660 803 8
D 801 129 2 479 802 760 8
D 800 119 2 183 801 265 8
D 798 109 7 422 722 464 799 386 757 347 771 307 785 168 800 490 8
D 797 99 11 639 600 597 644 552 679 510 692 458 705 403 720 364 755 325 769 284 783 135 798 663 8
D 796 79 11 633 596 591 638 546 678 505 691 452 704 102 719 279 754 318 768 358 782 396 797 668 8
D 795 59 11 69 590 442 632 499 677 542 690 585 703 628 718 673 753 686 767 698 781 712 796 726 8
D 806 27 2 48 47 46 8
D 807 27 2 48 64 46 29
D 805 29 2 806 747 807 8
D 804 25 2 37 805 65 8
D 812 119 6 646 653 602 682 559 695 518 708 466 723 649 8
D 816 133 2 214 789 225 29
D 815 139 2 655 660 816 8
D 814 129 2 479 815 760 8
D 813 119 2 183 814 265 8
D 811 109 7 422 757 464 812 386 771 347 785 307 800 168 813 490 8
D 810 99 11 639 644 597 679 552 692 510 705 458 720 403 755 364 769 325 783 284 798 135 811 663 8
D 809 79 11 633 638 591 678 546 691 505 704 452 719 102 754 279 768 318 782 358 797 396 810 668 8
D 808 59 11 69 632 442 677 499 690 542 703 585 718 628 753 673 767 686 781 698 796 712 809 726 8
D 819 27 2 46 64 48 8
D 820 27 2 46 47 48 29
D 818 29 2 819 747 820 8
D 817 25 2 37 818 65 8
D 825 119 6 646 682 602 695 559 708 518 723 466 758 649 8
D 827 105 2 179 352 174 177
D 826 103 3 169 827 426 391 427 29
D 824 109 6 422 771 464 825 386 785 347 800 307 813 826 8
D 823 99 11 639 679 597 692 552 705 510 720 458 755 403 769 364 783 325 798 284 811 135 824 663 8
D 822 79 11 633 678 591 691 546 704 505 719 452 754 102 768 279 782 318 797 358 810 396 823 668 8
D 821 59 11 69 677 442 690 499 703 542 718 585 753 628 767 673 781 686 796 698 809 712 822 726 8
D 831 35 2 60 56 55 8
D 830 33 2 748 831 749 8
D 829 29 2 45 830 63 8
D 828 25 2 37 829 65 8
D 836 119 6 646 695 602 708 559 723 518 758 466 772 649 8
D 837 103 3 426 391 169 352 427 29
D 835 109 5 422 785 464 836 386 800 347 813 837 8
D 834 99 11 639 692 597 705 552 720 510 755 458 769 403 783 364 798 325 811 284 824 135 835 663 8
D 833 79 11 633 691 591 704 546 719 505 754 452 768 102 782 279 797 318 810 358 823 396 834 668 8
D 832 59 11 69 690 442 703 499 718 542 753 585 767 628 781 673 796 686 809 698 822 712 833 726 8
D 842 37 2 59 58 57 8
D 841 35 2 55 842 60 8
D 840 33 2 748 841 749 8
D 839 29 2 45 840 63 8
D 838 25 2 37 839 65 8
D 847 119 6 646 708 602 723 559 758 518 772 466 786 649 8
D 849 101 2 172 171 170 29
D 848 103 2 849 391 427 29
D 846 109 4 422 800 464 847 386 813 848 8
D 845 99 11 639 705 597 720 552 755 510 769 458 783 403 798 364 811 325 824 284 835 135 846 663 8
D 844 79 11 633 704 591 719 546 754 505 768 452 782 102 797 279 810 318 823 358 834 396 845 668 8
D 843 59 11 69 703 442 718 499 753 542 767 585 781 628 796 673 809 686 822 698 833 712 844 726 8
L 855 38 20
D 854 37 2 57 855 59 8
D 853 35 2 55 854 60 8
D 852 33 2 748 853 749 8
D 851 29 2 45 852 63 8
D 850 25 2 37 851 65 8
D 860 119 6 646 723 602 758 559 772 518 786 466 801 649 8
D 861 103 2 171 391 181 29
D 859 109 3 422 813 464 860 861 8
D 858 99 11 639 720 597 755 552 769 510 783 458 798 403 811 364 824 325 835 284 846 135 859 663 8
D 857 79 11 633 719 591 754 546 768 505 782 452 797 102 810 279 823 318 834 358 845 396 858 668 8
D 856 59 11 69 718 442 753 499 767 542 781 585 796 628 809 673 822 686 833 698 844 712 857 726 8
D 864 23 2 42 41 40 67
D 863 21 2 38 864 43 39
D 868 37 2 57 855 59 29
D 867 35 2 55 868 60 29
D 866 33 2 748 867 749 29
D 865 29 2 45 866 63 29
D 870 27 2 48 47 46 64
D 872 31 2 53 62 51 52
D 874 37 2 57 58 59 855
D 873 35 2 60 868 55 874
D 875 31 2 53 52 51 8
D 871 33 3 872 867 748 873 875 29
D 876 27 2 48 64 46 8
D 869 29 3 870 866 45 871 876 29
D 878 23 2 42 67 40 8
D 877 21 2 38 878 43 66
D 862 25 3 863 865 37 869 877 29
D 35 39 11 36 68 743 752 761 766 777 780 790 795 804 808 817 821 828 832 838 843 850 856 862 8
D 881 3 2 7 6 5 8
D 880 1 2 3 881 9 8
D 884 11 2 17 28 19 8
D 885 11 2 17 18 19 29
D 883 13 2 884 20 885 8
D 882 9 2 11 883 30 8
D 887 3 2 7 34 5 29
D 886 1 2 3 887 9 29
D 879 5 2 880 882 886 8
D 893 119 6 646 758 602 772 559 786 518 801 466 814 649 8
D 894 103 2 169 391 180 29
D 892 109 2 464 893 894 8
D 891 99 11 639 755 597 769 552 783 510 798 458 811 403 824 364 835 325 846 284 859 135 892 663 8
D 890 79 11 633 754 591 768 546 782 505 797 452 810 102 823 279 834 318 845 358 858 396 891 668 8
D 889 59 11 69 753 442 767 499 781 542 796 585 809 628 822 673 833 686 844 698 857 712 890 726 8
D 888 39 11 36 752 743 766 761 780 777 795 790 808 804 821 817 832 828 843 838 856 850 889 862 8
D 897 3 2 5 34 7 8
D 896 1 2 3 897 9 8
D 899 3 2 5 6 7 29
D 898 1 2 3 899 9 29
D 895 5 2 896 882 898 8
D 908 117 2 191 192 193 29
D 907 115 2 194 267 189 908
D 906 113 3 184 907 563 266 564 29
D 905 119 5 646 772 602 786 559 801 518 814 906 8
D 904 109 2 464 905 894 8
D 903 99 11 639 769 597 783 552 798 510 811 458 824 403 835 364 846 325 859 284 892 135 904 663 8
D 902 79 11 633 768 591 782 546 797 505 810 452 823 102 834 279 845 318 858 358 891 396 903 668 8
D 901 59 11 69 767 442 781 499 796 542 809 585 822 628 833 673 844 686 857 698 890 712 902 726 8
D 900 39 11 36 766 743 780 761 795 777 808 790 821 804 832 817 843 828 856 838 889 850 901 862 8
D 910 1 2 9 4 3 8
D 911 1 2 9 33 3 29
D 909 5 2 910 882 911 8
D 918 113 3 184 907 560 266 196 29
D 917 119 4 646 786 602 801 559 814 918 8
D 916 109 2 464 917 894 8
D 915 99 11 639 783 597 798 552 811 510 824 458 835 403 846 364 859 325 892 284 904 135 916 663 8
D 914 79 11 633 782 591 797 546 810 505 823 452 834 102 845 279 858 318 891 358 903 396 915 668 8
D 913 59 11 69 781 442 796 499 809 542 822 585 833 628 844 673 857 686 890 698 902 712 914 726 8
D 912 39 11 36 780 743 795 761 808 777 821 790 832 804 843 817 856 828 889 838 901 850 913 862 8
D 922 11 2 19 28 17 8
D 923 11 2 19 18 17 29
D 921 13 2 922 20 923 8
D 920 9 2 11 921 30 8
D 919 5 2 2 920 32 8
D 930 113 2 184 907 195 29
D 929 119 3 646 801 602 814 930 8
D 928 109 2 464 929 894 8
D 927 99 11 639 798 597 811 552 824 510 835 458 846 403 859 364 892 325 904 284 916 135 928 663 8
D 926 79 11 633 797 591 810 546 823 505 834 452 845 102 858 279 891 318 903 358 915 396 927 668 8
D 925 59 11 69 796 442 809 499 822 542 833 585 844 628 857 673 890 686 902 698 914 712 926 726 8
D 924 39 11 36 795 743 808 761 821 777 832 790 843 804 856 817 889 828 901 838 913 850 925 862 8
D 933 7 2 14 13 12 8
D 934 7 2 14 31 12 29
D 932 9 2 933 883 934 8
D 931 5 2 2 932 32 8
D 942 115 2 189 908 194 29
D 941 113 2 184 942 195 29
D 940 119 2 646 814 941 8
D 939 109 2 464 940 894 8
D 938 99 11 639 811 597 824 552 835 510 846 458 859 403 892 364 904 325 916 284 928 135 939 663 8
D 937 79 11 633 810 591 823 546 834 505 845 452 858 102 891 279 903 318 915 358 927 396 938 668 8
D 936 59 11 69 809 442 822 499 833 542 844 585 857 628 890 673 902 686 914 698 926 712 937 726 8
D 935 39 11 36 808 743 821 761 832 777 843 790 856 804 889 817 901 828 913 838 925 850 936 862 8
D 945 7 2 12 31 14 8
D 946 7 2 12 13 14 29
D 944 9 2 945 883 946 8
D 943 5 2 2 944 32 8
D 955 97 2 158 157 156 29
D 954 95 2 154 955 159 357
D 953 93 3 149 954 666 395 667 29
D 952 89 3 144 953 430 394 431 29
D 951 85 3 136 952 621 538 622 29
D 950 99 10 639 824 597 835 552 846 510 859 458 892 403 904 364 916 325 928 284 939 951 8
D 949 79 11 633 823 591 834 546 845 505 858 452 891 102 903 279 915 318 927 358 938 396 950 668 8
D 948 59 11 69 822 442 833 499 844 542 857 585 890 628 902 673 914 686 926 698 937 712 949 726 8
D 947 39 11 36 821 743 832 761 843 777 856 790 889 804 901 817 913 828 925 838 936 850 948 862 8
D 959 15 2 26 22 21 8
D 958 13 2 884 959 885 8
D 957 9 2 11 958 30 8
D 956 5 2 2 957 32 8
D 967 95 2 159 357 154 29
D 966 93 3 149 967 666 395 667 29
D 965 89 3 144 966 430 394 431 29
D 964 85 3 136 965 621 538 622 29
D 963 99 9 639 835 597 846 552 859 510 892 458 904 403 916 364 928 325 939 964 8
D 962 79 11 633 834 591 845 546 858 505 891 452 903 102 915 279 927 318 938 358 950 396 963 668 8
D 961 59 11 69 833 442 844 499 857 542 890 585 902 628 914 673 926 686 937 698 949 712 962 726 8
D 960 39 11 36 832 743 843 761 856 777 889 790 901 804 913 817 925 828 936 838 948 850 961 862 8
D 972 17 2 25 24 23 8
D 971 15 2 21 972 26 8
D 970 13 2 884 971 885 8
D 969 9 2 11 970 30 8
D 968 5 2 2 969 32 8
D 980 91 2 150 151 152 161
D 979 93 2 666 395 980 29
D 978 89 3 144 979 430 394 431 29
D 977 85 3 136 978 621 538 622 29
D 976 99 8 639 846 597 859 552 892 510 904 458 916 403 928 364 939 977 8
D 975 79 11 633 845 591 858 546 891 505 903 452 915 102 927 279 938 318 950 358 963 396 976 668 8
D 974 59 11 69 844 442 857 499 890 542 902 585 914 628 926 673 937 686 949 698 962 712 975 726 8
D 973 39 11 36 843 743 856 761 889 777 901 790 913 804 925 817 936 828 948 838 961 850 974 862 8
L 986 18 10
D 985 17 2 23 986 25 8
D 984 15 2 21 985 26 8
D 983 13 2 884 984 885 8
D 982 9 2 11 983 30 8
D 981 5 2 2 982 32 8
D 992 89 3 144 979 405 394 163 29
D 991 85 3 136 992 621 538 622 29
D 990 99 7 639 859 597 892 552 904 510 916 458 928 403 939 991 8
D 989 79 11 633 858 591 891 546 903 505 915 452 927 102 938 279 950 318 963 358 976 396 990 668 8
D 988 59 11 69 857 442 890 499 902 542 914 585 926 628 937 673 949 686 962 698 975 712 989 726 8
D 987 39 11 36 856 743 889 761 901 777 913 790 925 804 936 817 948 828 961 838 974 850 988 862 8
D 997 17 2 23 24 25 986
D 998 17 2 23 986 25 29
D 996 15 2 21 997 26 998
D 999 11 2 19 28 17 18
D 1000 15 2 21 998 26 29
D 1001 11 2 19 18 17 8
D 995 13 3 884 996 999 1000 1001 29
D 1002 7 2 14 13 12 31
D 1003 13 2 884 1000 885 29
D 1004 7 2 14 31 12 8
D 994 9 3 11 995 1002 1003 1004 29
D 1006 3 2 7 6 5 34
D 1005 1 2 3 1006 9 4
D 1007 9 2 11 1003 30 29
D 1009 3 2 7 34 5 8
D 1008 1 2 3 1009 9 33
D 993 5 3 2 994 1005 1007 1008 29
D 0 19 11 1 35 879 888 895 900 909 912 919 924 931 935 943 947 956 960 968 973 981 987 993 8
