c ids of sdd nodes start at 0
c sdd nodes appear bottom-up, children before parents
c
c file syntax:
c sdd count-of-sdd-nodes
c F id-of-false-sdd-node
c T id-of-true-sdd-node
c L id-of-literal-sdd-node id-of-vtree literal
c D id-of-decomposition-sdd-node id-of-vtree number-of-elements {id-of-prime id-of-sub}*
c
sdd 1005
L 3 0 -4
L 5 2 -2
L 6 4 -3
L 7 2 2
F 8
D 4 3 2 5 6 7 8
L 9 0 4
D 2 1 2 3 4 9 8
L 12 6 -6
L 13 8 -7
L 14 6 6
D 11 7 2 12 13 14 8
L 17 10 -5
L 18 12 1
L 19 10 5
D 16 11 2 17 18 19 8
L 21 14 -8
L 23 16 -9
L 24 18 -10
L 25 16 9
D 22 17 2 23 24 25 8
L 26 14 8
D 20 15 2 21 22 26 8
L 28 12 -1
T 29
D 27 11 2 17 28 19 29
D 15 13 2 16 20 27 8
L 31 8 7
D 30 7 2 12 31 14 29
D 10 9 2 11 15 30 8
L 34 4 3
D 33 3 2 5 34 7 29
D 32 1 2 3 33 9 29
D 1 5 2 2 10 32 8
L 38 20 -14
L 40 22 -12
L 41 24 -13
L 42 22 12
D 39 23 2 40 41 42 8
L 43 20 14
D 37 21 2 38 39 43 8
L 46 26 -16
L 47 28 -17
L 48 26 16
D 45 27 2 46 47 48 8
L 51 30 -15
L 52 32 11
L 53 30 15
D 50 31 2 51 52 53 8
L 55 34 -18
L 57 36 -19
L 58 38 -20
L 59 36 19
D 56 37 2 57 58 59 8
L 60 34 18
D 54 35 2 55 56 60 8
L 62 32 -11
D 61 31 2 51 62 53 29
D 49 33 2 50 54 61 8
L 64 28 17
D 63 27 2 46 64 48 29
D 44 29 2 45 49 63 8
L 67 24 13
D 66 23 2 40 67 42 29
D 65 21 2 38 66 43 29
D 36 25 2 37 44 65 8
L 71 40 -24
L 73 42 -22
L 74 44 -23
L 75 42 22
D 72 43 2 73 74 75 8
L 76 40 24
D 70 41 2 71 72 76 8
L 79 46 -26
L 80 48 -27
L 81 46 26
D 78 47 2 79 80 81 8
L 84 50 -25
L 85 52 21
L 86 50 25
D 83 51 2 84 85 86 8
L 88 54 -28
L 90 56 -29
L 91 58 -30
L 92 56 29
D 89 57 2 90 91 92 8
L 93 54 28
D 87 55 2 88 89 93 8
L 95 52 -21
D 94 51 2 84 95 86 29
D 82 53 2 83 87 94 8
L 97 48 27
D 96 47 2 79 97 81 29
D 77 49 2 78 82 96 8
L 100 44 23
D 99 43 2 73 100 75 29
D 98 41 2 71 99 76 29
D 69 45 2 70 77 98 8
L 104 60 -34
L 106 62 -32
L 107 64 -33
L 108 62 32
D 105 63 2 106 107 108 8
L 109 60 34
D 103 61 2 104 105 109 8
L 112 66 -36
L 113 68 -37
L 114 66 36
D 111 67 2 112 113 114 8
L 117 70 -35
L 118 72 -31
L 119 70 35
D 116 71 2 117 118 119 8
L 121 74 -38
L 123 76 39
L 124 78 -40
L 125 76 -39
D 122 77 2 123 124 125 8
L 126 74 38
D 120 75 2 121 122 126 8
L 128 72 31
D 127 71 2 117 128 119 29
D 115 73 2 116 120 127 8
L 130 68 37
D 129 67 2 112 130 114 29
D 110 69 2 111 115 129 8
L 133 64 33
D 132 63 2 106 133 108 29
D 131 61 2 104 132 109 29
D 102 65 2 103 110 131 8
L 137 80 -42
L 139 82 -43
L 140 84 -44
L 141 82 43
D 138 83 2 139 140 141 8
L 142 80 42
D 136 81 2 137 138 142 8
L 145 86 -46
L 146 88 -47
L 147 86 46
D 144 87 2 145 146 147 8
L 150 90 -45
L 151 92 -41
L 152 90 45
D 149 91 2 150 151 152 8
L 154 94 -48
L 156 96 -49
L 157 98 50
L 158 96 49
D 155 97 2 156 157 158 8
L 159 94 48
D 153 95 2 154 155 159 8
L 161 92 41
D 160 91 2 150 161 152 29
D 148 93 2 149 153 160 8
L 163 88 47
D 162 87 2 145 163 147 29
D 143 89 2 144 148 162 8
L 166 84 44
D 165 83 2 139 166 141 29
D 164 81 2 137 165 142 29
D 135 85 2 136 143 164 8
L 170 100 -56
L 171 102 -57
L 172 100 56
D 169 101 2 170 171 172 8
L 174 104 -58
L 176 106 -59
L 177 108 60
L 178 106 59
D 175 107 2 176 177 178 8
L 179 104 58
D 173 105 2 174 175 179 8
L 181 102 57
D 180 101 2 170 181 172 29
D 168 103 2 169 173 180 8
L 185 110 -53
L 186 112 -54
L 187 110 53
D 184 111 2 185 186 187 8
L 189 114 -52
L 191 116 -55
L 192 118 -51
L 193 116 55
D 190 117 2 191 192 193 8
L 194 114 52
D 188 115 2 189 190 194 8
L 196 112 54
D 195 111 2 185 196 187 29
D 183 113 2 184 188 195 8
L 200 120 -76
L 201 122 -77
L 202 120 76
D 199 121 2 200 201 202 8
L 204 124 -78
L 206 126 -79
L 207 128 80
L 208 126 79
D 205 127 2 206 207 208 8
L 209 124 78
D 203 125 2 204 205 209 8
L 211 122 77
D 210 121 2 200 211 202 29
D 198 123 2 199 203 210 8
L 215 130 -73
L 216 132 -72
L 217 130 73
D 214 131 2 215 216 217 8
L 219 134 -71
L 221 136 -74
L 222 138 -75
L 223 136 74
D 220 137 2 221 222 223 8
L 224 134 71
D 218 135 2 219 220 224 8
L 226 132 72
D 225 131 2 215 226 217 29
D 213 133 2 214 218 225 8
L 229 140 -61
L 230 142 -62
L 231 140 61
D 228 141 2 229 230 231 8
L 234 144 -63
L 235 146 -64
L 236 144 63
D 233 145 2 234 235 236 8
L 238 148 -65
L 240 150 -66
L 242 152 -67
L 244 154 -68
L 246 156 -69
L 247 158 70
L 248 156 69
D 245 157 2 246 247 248 8
L 249 154 68
D 243 155 2 244 245 249 8
L 250 152 67
D 241 153 2 242 243 250 8
L 251 150 66
D 239 151 2 240 241 251 8
L 252 148 65
D 237 149 2 238 239 252 8
L 254 146 64
D 253 145 2 234 254 236 29
D 232 147 2 233 237 253 8
L 256 142 62
D 255 141 2 229 256 231 29
D 227 143 2 228 232 255 8
L 260 138 75
D 259 137 2 221 260 223 29
D 258 135 2 219 259 224 29
D 257 133 2 214 258 225 29
D 212 139 2 213 227 257 8
L 264 128 -80
D 263 127 2 206 264 208 29
D 262 125 2 204 263 209 29
D 261 123 2 199 262 210 29
D 197 129 2 198 212 261 8
L 268 118 51
D 267 117 2 191 268 193 29
D 266 115 2 189 267 194 29
D 265 113 2 184 266 195 29
D 182 119 2 183 197 265 8
L 272 108 -60
D 271 107 2 176 272 178 29
D 270 105 2 174 271 179 29
D 269 103 2 169 270 180 29
D 167 109 2 168 182 269 8
L 278 98 -50
D 277 97 2 156 278 158 29
D 276 95 2 154 277 159 29
D 275 93 2 149 276 160 29
D 274 89 2 144 275 162 29
D 273 85 2 136 274 164 29
D 134 99 2 135 167 273 8
L 284 78 40
D 283 77 2 125 284 123 8
D 282 75 2 121 283 126 8
D 281 73 2 116 282 127 8
D 280 69 2 111 281 129 8
D 279 65 2 103 280 131 8
D 290 97 2 158 278 156 8
D 289 95 2 154 290 159 8
D 288 93 2 149 289 160 8
D 287 89 2 144 288 162 8
D 286 85 2 136 287 164 8
L 302 158 -70
D 301 157 2 248 302 246 8
D 300 155 2 244 301 249 8
D 299 153 2 242 300 250 8
D 298 151 2 240 299 251 8
D 297 149 2 238 298 252 8
D 296 147 2 233 297 253 8
D 295 143 2 228 296 255 8
D 294 139 2 213 295 257 8
D 305 127 2 208 264 206 8
D 304 125 2 204 305 209 8
D 303 123 2 199 304 210 8
D 308 127 2 206 264 208 207
D 307 125 2 204 308 209 29
D 306 123 2 199 307 210 29
D 293 129 3 198 294 303 212 306 8
D 292 119 2 183 293 265 8
D 311 107 2 178 272 176 8
D 310 105 2 174 311 179 8
D 309 103 2 169 310 180 8
D 314 107 2 176 272 178 177
D 313 105 2 174 314 179 29
D 312 103 2 169 313 180 29
D 291 109 3 168 292 309 182 312 8
D 319 97 2 156 278 158 157
D 318 95 2 154 319 159 29
D 317 93 2 149 318 160 29
D 316 89 2 144 317 162 29
D 315 85 2 136 316 164 29
D 285 99 3 286 167 135 291 315 8
D 324 77 2 125 124 123 284
D 323 75 2 121 324 126 29
D 322 73 2 116 323 127 29
D 321 69 2 111 322 129 29
D 320 65 2 103 321 131 29
D 101 79 3 102 134 279 285 320 8
D 327 43 2 75 74 73 8
D 326 41 2 71 327 76 8
D 330 51 2 84 95 86 8
D 331 51 2 84 85 86 29
D 329 53 2 330 87 331 8
D 328 49 2 78 329 96 8
D 333 43 2 75 100 73 29
D 332 41 2 71 333 76 29
D 325 45 2 326 328 332 8
D 339 77 2 125 124 123 8
D 338 75 2 126 339 121 8
D 337 73 2 116 338 127 8
D 336 69 2 111 337 129 8
D 335 65 2 103 336 131 8
D 345 97 2 156 278 158 8
D 344 95 2 159 345 154 8
D 343 93 2 149 344 160 8
D 342 89 2 144 343 162 8
D 341 85 2 136 342 164 8
D 356 157 2 246 302 248 8
D 355 155 2 249 356 244 8
D 354 153 2 242 355 250 8
D 353 151 2 240 354 251 8
D 352 149 2 238 353 252 8
D 351 147 2 233 352 253 8
D 350 143 2 228 351 255 8
D 349 139 2 213 350 257 8
D 359 127 2 206 264 208 8
D 358 125 2 209 359 204 8
D 357 123 2 199 358 210 8
D 362 127 2 206 207 208 29
D 361 125 2 204 308 209 362
D 360 123 2 199 361 210 29
D 348 129 4 198 349 303 294 357 212 360 8
D 347 119 2 183 348 265 8
D 365 107 2 176 272 178 8
D 364 105 2 179 365 174 8
D 363 103 2 169 364 180 8
D 368 107 2 176 177 178 29
D 367 105 2 174 314 179 368
D 366 103 2 169 367 180 29
D 346 109 4 168 347 309 292 363 182 366 8
D 373 97 2 156 157 158 29
D 372 95 2 159 373 154 319
D 371 93 2 149 372 160 29
D 370 89 2 144 371 162 29
D 369 85 2 136 370 164 29
D 340 99 4 341 167 286 291 135 346 369 8
D 378 77 2 125 284 123 29
D 377 75 2 126 378 121 324
D 376 73 2 116 377 127 29
D 375 69 2 111 376 129 29
D 374 65 2 103 375 131 29
D 334 79 4 335 134 102 285 279 340 374 8
D 381 43 2 73 100 75 8
D 380 41 2 71 381 76 8
D 383 43 2 73 74 75 29
D 382 41 2 71 383 76 29
D 379 45 2 380 328 382 8
D 387 67 2 112 130 114 8
D 389 75 2 121 339 126 8
D 388 73 2 116 389 127 8
D 390 67 2 112 113 114 29
D 386 69 2 387 388 390 8
D 385 65 2 103 386 131 8
D 394 87 2 145 163 147 8
D 396 95 2 154 345 159 8
D 395 93 2 149 396 160 8
D 397 87 2 145 146 147 29
D 393 89 2 394 395 397 8
D 392 85 2 136 393 164 8
D 407 155 2 244 356 249 8
D 406 153 2 250 407 242 8
D 405 151 2 240 406 251 8
D 404 149 2 238 405 252 8
D 403 147 2 233 404 253 8
D 402 143 2 228 403 255 8
D 401 139 2 213 402 257 8
D 409 121 2 200 211 202 8
D 410 125 2 204 359 209 8
D 411 121 2 200 201 202 29
D 408 123 2 409 410 411 8
D 413 125 2 204 362 209 29
D 412 123 3 199 361 409 413 202 29
D 400 129 5 198 401 303 349 357 294 408 212 412 8
D 399 119 2 183 400 265 8
D 415 101 2 170 181 172 8
D 416 105 2 174 365 179 8
D 417 101 2 170 171 172 29
D 414 103 2 415 416 417 8
D 419 105 2 174 368 179 29
D 418 103 3 169 367 415 419 172 29
D 398 109 5 168 399 309 347 363 292 414 182 418 8
D 423 95 2 154 373 159 29
D 422 93 2 149 423 160 29
D 421 89 3 144 371 394 422 147 29
D 420 85 2 136 421 164 29
D 391 99 5 392 167 341 291 286 346 135 398 420 8
D 427 75 2 121 378 126 29
D 426 73 2 116 427 127 29
D 425 69 3 111 376 387 426 114 29
D 424 65 2 103 425 131 29
D 384 79 5 385 134 335 285 102 340 279 391 424 8
D 429 41 2 76 72 71 8
D 430 41 2 76 99 71 29
D 428 45 2 429 328 430 8
D 434 67 2 114 113 112 8
D 435 67 2 114 130 112 29
D 433 69 2 434 388 435 8
D 432 65 2 103 433 131 8
D 439 87 2 147 146 145 8
D 440 87 2 147 163 145 29
D 438 89 2 439 395 440 8
D 437 85 2 136 438 164 8
D 449 153 2 242 407 250 8
D 448 151 2 251 449 240 8
D 447 149 2 238 448 252 8
D 446 147 2 233 447 253 8
D 445 143 2 228 446 255 8
D 444 139 2 213 445 257 8
D 451 121 2 202 201 200 8
D 452 121 2 202 211 200 29
D 450 123 2 451 410 452 8
D 454 121 2 202 201 200 211
D 455 121 2 202 211 200 8
D 453 123 3 199 361 454 413 455 29
D 443 129 6 198 444 303 401 357 349 408 294 450 212 453 8
D 442 119 2 183 443 265 8
D 457 101 2 172 171 170 8
D 458 101 2 172 181 170 29
D 456 103 2 457 416 458 8
D 460 101 2 172 171 170 181
D 461 101 2 172 181 170 8
D 459 103 3 169 367 460 419 461 29
D 441 109 6 168 442 309 399 363 347 414 292 456 182 459 8
D 464 87 2 147 146 145 163
D 465 87 2 147 163 145 8
D 463 89 3 144 371 464 422 465 29
D 462 85 2 136 463 164 29
D 436 99 6 437 167 392 291 341 346 286 398 135 441 462 8
D 468 67 2 114 113 112 130
D 469 67 2 114 130 112 8
D 467 69 3 111 376 468 426 469 29
D 466 65 2 103 467 131 29
D 431 79 6 432 134 385 285 335 340 102 391 279 436 466 8
D 473 51 2 86 95 84 8
D 474 51 2 86 85 84 29
D 472 53 2 473 87 474 8
D 471 49 2 78 472 96 8
D 470 45 2 70 471 98 8
D 479 71 2 119 118 117 8
D 480 71 2 119 128 117 29
D 478 73 2 479 389 480 8
D 477 69 2 111 478 129 8
D 476 65 2 103 477 131 8
D 485 91 2 152 151 150 8
D 486 91 2 152 161 150 29
D 484 93 2 485 396 486 8
D 483 89 2 144 484 162 8
D 482 85 2 136 483 164 8
D 488 103 2 169 416 180 8
D 492 117 2 193 192 191 8
D 491 115 2 189 492 194 8
D 490 113 2 184 491 195 8
D 495 117 2 193 268 191 29
D 494 115 2 189 495 194 29
D 493 113 2 184 494 195 29
D 489 119 2 490 197 493 8
D 502 151 2 240 449 251 8
D 501 149 2 252 502 238 8
D 500 147 2 233 501 253 8
D 499 143 2 228 500 255 8
D 498 139 2 213 499 257 8
D 503 123 2 199 410 210 8
D 507 137 2 221 260 223 8
D 506 135 2 219 507 224 8
D 505 133 2 214 506 225 8
D 510 137 2 221 222 223 29
D 509 135 2 219 510 224 29
D 508 133 2 214 509 225 29
D 504 139 2 505 227 508 8
D 513 127 2 208 207 206 8
D 512 125 2 204 513 209 362
D 511 123 3 199 512 454 413 455 29
D 497 129 7 198 498 503 504 303 444 357 401 408 349 450 294 511 8
D 496 119 2 183 497 265 8
D 516 107 2 178 177 176 8
D 515 105 2 174 516 179 368
D 514 103 3 169 515 460 419 461 29
D 487 109 7 488 489 168 496 309 442 363 399 414 347 456 292 514 8
D 519 93 3 485 423 149 372 161 29
D 518 89 3 144 519 464 422 465 29
D 517 85 2 136 518 164 29
D 481 99 7 482 167 437 291 392 346 341 398 286 441 135 487 517 8
D 522 73 3 479 427 116 377 128 29
D 521 69 3 111 522 468 426 469 29
D 520 65 2 103 521 131 29
D 475 79 7 476 134 432 285 385 340 335 391 102 436 279 481 520 8
D 525 47 2 81 80 79 8
D 526 47 2 81 97 79 29
D 524 49 2 525 329 526 8
D 523 45 2 70 524 98 8
D 529 61 2 109 105 104 8
D 530 69 2 111 388 129 8
D 531 61 2 109 132 104 29
D 528 65 2 529 530 531 8
D 535 83 2 139 166 141 8
D 534 81 2 137 535 142 8
D 536 89 2 144 395 162 8
D 538 83 2 139 140 141 29
D 537 81 2 137 538 142 29
D 533 85 2 534 536 537 8
D 542 111 2 185 196 187 8
D 543 111 2 185 186 187 29
D 541 113 2 542 188 543 8
D 544 113 3 184 494 542 266 187 29
D 540 119 3 490 293 541 197 544 8
D 550 145 2 234 254 236 8
D 551 149 2 238 502 252 8
D 552 145 2 234 235 236 29
D 549 147 2 550 551 552 8
D 548 143 2 228 549 255 8
D 547 139 2 213 548 257 8
D 556 137 2 223 222 221 8
D 555 135 2 219 556 224 8
D 554 133 2 214 555 225 8
D 559 137 2 221 222 223 260
D 558 135 2 219 559 224 29
D 557 133 2 214 558 225 29
D 553 139 3 554 227 505 295 557 8
D 546 129 7 198 547 503 553 303 498 357 444 408 401 450 349 511 8
D 545 119 2 183 546 265 8
D 539 109 7 488 540 168 545 309 496 363 442 414 399 456 347 514 8
D 561 89 2 144 422 162 29
D 562 81 2 137 141 142 29
D 560 85 3 136 518 534 561 562 29
D 532 99 8 533 167 482 291 437 346 392 398 341 441 286 487 135 539 560 8
D 564 69 2 111 426 129 29
D 563 65 3 103 521 529 564 132 29
D 527 79 8 528 134 476 285 432 340 385 391 335 436 102 481 279 532 563 8
D 567 47 2 79 97 81 8
D 568 47 2 79 80 81 29
D 566 49 2 567 329 568 8
D 565 45 2 70 566 98 8
D 572 63 2 106 133 108 8
D 571 61 2 104 572 109 8
D 574 63 2 106 107 108 29
D 573 61 2 104 574 109 29
D 570 65 2 571 530 573 8
D 578 83 2 141 140 139 8
D 577 81 2 137 578 142 8
D 580 83 2 141 166 139 29
D 579 81 2 137 580 142 29
D 576 85 2 577 536 579 8
D 584 111 2 187 186 185 8
D 585 111 2 187 196 185 29
D 583 113 2 584 188 585 8
D 587 111 2 187 186 185 196
D 588 111 2 187 196 185 8
D 586 113 3 184 494 587 266 588 29
D 582 119 4 541 293 490 348 583 197 586 8
D 594 145 2 236 235 234 8
D 595 145 2 236 254 234 29
D 593 147 2 594 551 595 8
D 592 143 2 228 593 255 8
D 591 139 2 213 592 257 8
D 598 131 2 217 216 215 8
D 599 131 2 217 226 215 29
D 597 133 2 598 218 599 8
D 600 133 3 214 558 598 258 226 29
D 596 139 4 597 227 554 295 505 350 600 8
D 590 129 7 198 591 503 596 303 547 357 498 408 444 450 401 511 8
D 589 119 2 183 590 265 8
D 581 109 7 488 582 168 589 309 545 363 496 414 442 456 399 514 8
D 603 83 2 141 140 139 166
D 602 81 2 137 603 142 8
D 605 83 2 141 166 139 8
D 604 81 2 137 605 142 29
D 601 85 3 136 518 602 561 604 29
D 575 99 9 576 167 533 291 482 346 437 398 392 441 341 487 286 539 135 581 601 8
D 607 61 2 104 572 109 105
D 608 61 2 109 132 104 108
D 606 65 3 103 521 607 564 608 29
D 569 79 9 570 134 528 285 476 340 432 391 385 436 335 481 102 532 279 575 606 8
D 612 55 2 93 89 88 8
D 611 53 2 330 612 331 8
D 610 49 2 78 611 96 8
D 609 45 2 70 610 98 8
D 616 63 2 108 107 106 8
D 615 61 2 104 616 109 8
D 618 63 2 108 133 106 29
D 617 61 2 104 618 109 29
D 614 65 2 615 530 617 8
D 621 81 2 142 138 137 8
D 622 81 2 142 165 137 29
D 620 85 2 621 536 622 8
D 626 115 2 194 190 189 8
D 625 113 2 184 626 195 8
D 628 115 2 189 495 194 267
D 627 113 3 184 628 587 266 588 29
D 624 119 5 490 400 583 293 541 348 625 197 627 8
D 633 131 2 215 226 217 8
D 634 131 2 215 216 217 29
D 632 133 2 633 218 634 8
D 636 131 2 217 216 215 226
D 637 131 2 217 226 215 8
D 635 133 3 214 558 636 258 637 29
D 631 139 5 632 227 597 295 554 350 505 402 635 8
D 640 141 2 229 256 231 8
D 641 147 2 233 551 253 8
D 642 141 2 229 230 231 29
D 639 143 2 640 641 642 8
D 638 139 2 213 639 257 8
D 630 129 7 503 631 303 591 198 638 357 547 408 498 450 444 511 8
D 629 119 2 183 630 265 8
D 623 109 7 488 624 168 629 309 589 363 545 414 496 456 442 514 8
D 644 81 2 137 603 142 138
D 645 81 2 137 605 142 165
D 643 85 3 136 518 644 561 645 29
D 619 99 10 620 167 576 291 533 346 482 398 437 441 392 487 341 539 286 581 135 623 643 8
D 648 63 2 108 107 106 133
D 647 61 2 104 648 109 105
D 650 63 2 108 133 106 8
D 649 61 2 104 650 109 132
D 646 65 3 103 521 647 564 649 29
D 613 79 10 614 134 570 285 528 340 476 391 432 436 385 481 335 532 102 575 279 619 646 8
D 655 57 2 92 91 90 8
D 654 55 2 88 655 93 8
D 653 53 2 330 654 331 8
D 652 49 2 78 653 96 8
D 651 45 2 70 652 98 8
D 660 71 2 117 128 119 8
D 661 71 2 117 118 119 29
D 659 73 2 660 389 661 8
D 658 69 2 111 659 129 8
D 657 65 2 103 658 131 8
D 666 91 2 150 161 152 8
D 667 91 2 150 151 152 29
D 665 93 2 666 396 667 8
D 664 89 2 144 665 162 8
D 663 85 2 136 664 164 8
D 672 117 2 191 268 193 8
D 671 115 2 189 672 194 8
D 670 113 2 184 671 195 8
D 675 117 2 191 192 193 268
D 674 115 2 189 675 194 267
D 673 113 3 184 674 587 266 588 29
D 669 119 6 490 443 541 400 625 293 583 348 670 197 673 8
D 680 135 2 224 220 219 8
D 679 133 2 214 680 225 8
D 682 135 2 219 559 224 259
D 681 133 3 214 682 636 258 637 29
D 678 139 6 679 227 632 295 597 350 505 445 554 402 681 8
D 685 141 2 231 230 229 8
D 686 141 2 231 256 229 29
D 684 143 2 685 641 686 8
D 683 139 2 213 684 257 8
D 677 129 7 503 678 357 591 303 638 408 547 198 683 450 498 511 8
D 676 119 2 183 677 265 8
D 668 109 7 488 669 168 676 309 629 363 589 414 545 456 496 514 8
D 690 91 2 152 151 150 161
D 691 91 2 152 161 150 8
D 689 93 3 690 423 149 372 691 29
D 688 89 3 464 422 144 689 465 29
D 687 85 3 644 561 136 688 645 29
D 662 99 11 663 167 620 291 576 346 533 398 482 441 437 487 392 539 341 581 286 623 135 668 687 8
D 695 71 2 119 118 117 128
D 696 71 2 119 128 117 8
D 694 73 3 695 427 116 377 696 29
D 693 69 3 468 426 111 694 469 29
D 692 65 3 647 564 103 693 649 29
D 656 79 11 657 134 614 285 570 340 528 391 476 436 432 481 385 532 335 575 102 619 279 662 692 8
L 702 58 30
D 701 57 2 90 702 92 8
D 700 55 2 88 701 93 8
D 699 53 2 330 700 331 8
D 698 49 2 78 699 96 8
D 697 45 2 70 698 98 8
D 706 119 6 490 497 541 443 583 400 670 293 625 348 673 8
D 709 139 6 679 295 632 350 505 499 554 445 597 402 681 8
D 711 125 2 209 362 204 207
D 710 123 3 199 711 454 413 455 29
D 708 129 6 503 709 408 591 357 638 450 547 303 683 710 8
D 707 119 2 183 708 265 8
D 705 109 7 488 706 309 676 168 707 363 629 414 589 456 545 514 8
D 704 99 11 663 291 620 346 576 398 533 441 482 487 437 539 392 581 341 623 286 668 135 705 687 8
D 703 79 11 657 285 614 340 570 391 528 436 476 481 432 532 385 575 335 619 102 662 279 704 692 8
D 714 43 2 75 74 73 100
D 713 41 2 71 714 76 72
D 718 57 2 90 702 92 29
D 717 55 2 88 718 93 29
D 716 53 2 330 717 331 29
D 715 49 2 78 716 96 29
D 720 47 2 81 80 79 97
D 722 51 2 86 95 84 85
D 724 57 2 90 91 92 702
D 723 55 2 93 718 88 724
D 725 51 2 86 85 84 8
D 721 53 3 722 717 330 723 725 29
D 726 47 2 81 97 79 8
D 719 49 3 720 716 78 721 726 29
D 728 43 2 75 100 73 8
D 727 41 2 71 728 76 99
D 712 45 3 713 715 70 719 727 29
D 68 59 11 69 101 325 334 379 384 428 431 470 475 523 527 565 569 609 613 651 656 697 703 712 8
D 731 23 2 42 41 40 8
D 730 21 2 38 731 43 8
D 734 31 2 51 62 53 8
D 735 31 2 51 52 53 29
D 733 33 2 734 54 735 8
D 732 29 2 45 733 63 8
D 737 23 2 42 67 40 29
D 736 21 2 38 737 43 29
D 729 25 2 730 732 736 8
D 742 119 6 541 497 490 546 583 443 625 400 670 348 673 8
D 745 139 6 679 350 505 548 554 499 597 445 632 402 681 8
D 746 123 3 454 413 199 362 455 29
D 744 129 5 503 745 450 591 408 638 357 683 746 8
D 743 119 2 183 744 265 8
D 741 109 7 488 742 363 676 309 707 168 743 414 629 456 589 514 8
D 740 99 11 663 346 620 398 576 441 533 487 482 539 437 581 392 623 341 668 286 705 135 741 687 8
D 739 79 11 657 340 614 391 570 436 528 481 476 532 432 575 385 619 335 662 102 704 279 740 692 8
D 738 59 11 69 334 325 384 379 431 428 475 470 527 523 569 565 613 609 656 651 703 697 739 712 8
D 749 23 2 40 67 42 8
D 748 21 2 38 749 43 8
D 751 23 2 40 41 42 29
D 750 21 2 38 751 43 29
D 747 25 2 748 732 750 8
D 756 119 6 583 497 541 546 490 590 625 443 670 400 673 8
D 759 139 6 505 592 554 548 597 499 632 445 679 402 681 8
D 761 121 2 202 201 200 29
D 760 123 2 761 413 455 29
D 758 129 4 450 638 503 759 408 683 760 8
D 757 119 2 183 758 265 8
D 755 109 7 488 756 414 676 363 707 309 743 168 757 456 629 514 8
D 754 99 11 663 398 620 441 576 487 533 539 482 581 437 623 392 668 341 705 286 741 135 755 687 8
D 753 79 11 657 391 614 436 570 481 528 532 476 575 432 619 385 662 335 704 102 740 279 754 692 8
D 752 59 11 69 384 325 431 379 475 428 527 470 569 523 613 565 656 609 703 651 739 697 753 712 8
D 763 21 2 43 39 38 8
D 764 21 2 43 66 38 29
D 762 25 2 763 732 764 8
D 769 119 6 625 497 583 546 541 590 490 630 670 443 673 8
D 772 139 6 554 592 597 548 632 499 679 445 505 639 681 8
D 773 123 2 201 413 211 29
D 771 129 3 450 683 503 772 773 8
D 770 119 2 183 771 265 8
D 768 109 7 488 769 456 676 414 707 363 743 309 757 168 770 514 8
D 767 99 11 663 441 620 487 576 539 533 581 482 623 437 668 392 705 341 741 286 755 135 768 687 8
D 766 79 11 657 436 614 481 570 532 528 575 476 619 432 662 385 704 335 740 102 754 279 767 692 8
D 765 59 11 69 431 325 475 379 527 428 569 470 613 523 656 565 703 609 739 651 753 697 766 712 8
D 777 31 2 53 62 51 8
D 778 31 2 53 52 51 29
D 776 33 2 777 54 778 8
D 775 29 2 45 776 63 8
D 774 25 2 37 775 65 8
D 783 119 6 670 497 625 546 583 590 541 630 490 677 673 8
D 786 139 6 597 592 632 548 679 499 554 639 505 684 681 8
D 787 123 2 199 413 210 29
D 785 129 2 503 786 787 8
D 784 119 2 183 785 265 8
D 782 109 7 456 707 488 783 414 743 363 757 309 770 168 784 514 8
D 781 99 11 663 487 620 539 576 581 533 623 482 668 437 705 392 741 341 755 286 768 135 782 687 8
D 780 79 11 657 481 614 532 570 575 528 619 476 662 432 704 385 740 335 754 102 767 279 781 692 8
D 779 59 11 69 475 325 527 379 569 428 613 470 656 523 703 565 739 609 753 651 766 697 780 712 8
D 790 27 2 48 47 46 8
D 791 27 2 48 64 46 29
D 789 29 2 790 733 791 8
D 788 25 2 37 789 65 8
D 796 119 6 670 546 625 590 583 630 541 677 490 708 673 8
D 802 137 2 223 260 221 29
D 801 135 2 219 802 224 259
D 800 133 3 214 801 636 258 637 29
D 799 139 5 632 592 679 548 597 639 554 684 800 8
D 798 129 2 503 799 787 8
D 797 119 2 183 798 265 8
D 795 109 7 456 743 488 796 414 757 363 770 309 784 168 797 514 8
D 794 99 11 663 539 620 581 576 623 533 668 482 705 437 741 392 755 341 768 286 782 135 795 687 8
D 793 79 11 657 532 614 575 570 619 528 662 476 704 432 740 385 754 335 767 102 781 279 794 692 8
D 792 59 11 69 527 325 569 379 613 428 656 470 703 523 739 565 753 609 766 651 780 697 793 712 8
D 805 27 2 46 64 48 8
D 806 27 2 46 47 48 29
D 804 29 2 805 733 806 8
D 803 25 2 37 804 65 8
D 811 119 6 670 590 625 630 583 677 541 708 490 744 673 8
D 816 135 2 224 259 219 29
D 815 133 3 636 258 214 816 637 29
D 814 139 4 679 592 632 639 597 684 815 8
D 813 129 2 503 814 787 8
D 812 119 2 183 813 265 8
D 810 109 7 456 757 488 811 414 770 363 784 309 797 168 812 514 8
D 809 99 11 663 581 620 623 576 668 533 705 482 741 437 755 392 768 341 782 286 795 135 810 687 8
D 808 79 11 657 575 614 619 570 662 528 704 476 740 432 754 385 767 335 781 102 794 279 809 692 8
D 807 59 11 69 569 325 613 379 656 428 703 470 739 523 753 565 766 609 780 651 793 697 808 712 8
D 820 35 2 60 56 55 8
D 819 33 2 734 820 735 8
D 818 29 2 45 819 63 8
D 817 25 2 37 818 65 8
D 825 119 6 670 630 625 677 583 708 541 744 490 758 673 8
D 829 133 3 633 258 214 816 217 29
D 828 139 3 679 639 632 684 829 8
D 827 129 2 503 828 787 8
D 826 119 2 183 827 265 8
D 824 109 7 456 770 488 825 414 784 363 797 309 812 168 826 514 8
D 823 99 11 663 623 620 668 576 705 533 741 482 755 437 768 392 782 341 795 286 810 135 824 687 8
D 822 79 11 657 619 614 662 570 704 528 740 476 754 432 767 385 781 335 794 102 809 279 823 692 8
D 821 59 11 69 613 325 656 379 703 428 739 470 753 523 766 565 780 609 793 651 808 697 822 712 8
D 834 37 2 59 58 57 8
D 833 35 2 55 834 60 8
D 832 33 2 734 833 735 8
D 831 29 2 45 832 63 8
D 830 25 2 37 831 65 8
D 839 119 6 670 677 625 708 583 744 541 758 490 771 673 8
D 843 133 2 214 816 225 29
D 842 139 2 679 684 843 8
D 841 129 2 503 842 787 8
D 840 119 2 183 841 265 8
D 838 109 7 456 784 488 839 414 797 363 812 309 826 168 840 514 8
D 837 99 11 663 668 620 705 576 741 533 755 482 768 437 782 392 795 341 810 286 824 135 838 687 8
D 836 79 11 657 662 614 704 570 740 528 754 476 767 432 781 385 794 335 809 102 823 279 837 692 8
D 835 59 11 69 656 325 703 379 739 428 753 470 766 523 780 565 793 609 808 651 822 697 836 712 8
L 849 38 20
D 848 37 2 57 849 59 8
D 847 35 2 55 848 60 8
D 846 33 2 734 847 735 8
D 845 29 2 45 846 63 8
D 844 25 2 37 845 65 8
D 854 119 6 670 708 625 744 583 758 541 771 490 785 673 8
D 856 105 2 179 368 174 177
D 855 103 3 169 856 460 419 461 29
D 853 109 6 456 797 488 854 414 812 363 826 309 840 855 8
D 852 99 11 663 705 620 741 576 755 533 768 482 782 437 795 392 810 341 824 286 838 135 853 687 8
D 851 79 11 657 704 614 740 570 754 528 767 476 781 432 794 385 809 335 823 102 837 279 852 692 8
D 850 59 11 69 703 325 739 379 753 428 766 470 780 523 793 565 808 609 822 651 836 697 851 712 8
D 859 23 2 42 41 40 67
D 858 21 2 38 859 43 39
D 863 37 2 57 849 59 29
D 862 35 2 55 863 60 29
D 861 33 2 734 862 735 29
D 860 29 2 45 861 63 29
D 865 27 2 48 47 46 64
D 867 31 2 53 62 51 52
D 869 37 2 57 58 59 849
D 868 35 2 60 863 55 869
D 870 31 2 53 52 51 8
D 866 33 3 867 862 734 868 870 29
D 871 27 2 48 64 46 8
D 864 29 3 865 861 45 866 871 29
D 873 23 2 42 67 40 8
D 872 21 2 38 873 43 66
D 857 25 3 858 860 37 864 872 29
D 35 39 11 36 68 729 738 747 752 762 765 774 779 788 792 803 807 817 821 830 835 844 850 857 8
D 876 3 2 7 6 5 8
D 875 1 2 3 876 9 8
D 879 11 2 17 28 19 8
D 880 11 2 17 18 19 29
D 878 13 2 879 20 880 8
D 877 9 2 11 878 30 8
D 882 3 2 7 34 5 29
D 881 1 2 3 882 9 29
D 874 5 2 875 877 881 8
D 888 119 6 670 744 625 758 583 771 541 785 490 798 673 8
D 889 103 3 460 419 169 368 461 29
D 887 109 5 456 812 488 888 414 826 363 840 889 8
D 886 99 11 663 741 620 755 576 768 533 782 482 795 437 810 392 824 341 838 286 853 135 887 687 8
D 885 79 11 657 740 614 754 570 767 528 781 476 794 432 809 385 823 335 837 102 852 279 886 692 8
D 884 59 11 69 739 325 753 379 766 428 780 470 793 523 808 565 822 609 836 651 851 697 885 712 8
D 883 39 11 36 738 729 752 747 765 762 779 774 792 788 807 803 821 817 835 830 850 844 884 857 8
D 892 3 2 5 34 7 8
D 891 1 2 3 892 9 8
D 894 3 2 5 6 7 29
D 893 1 2 3 894 9 29
D 890 5 2 891 877 893 8
D 900 119 6 670 758 625 771 583 785 541 798 490 813 673 8
D 902 101 2 172 171 170 29
D 901 103 2 902 419 461 29
D 899 109 4 456 826 488 900 414 840 901 8
D 898 99 11 663 755 620 768 576 782 533 795 482 810 437 824 392 838 341 853 286 887 135 899 687 8
D 897 79 11 657 754 614 767 570 781 528 794 476 809 432 823 385 837 335 852 102 886 279 898 692 8
D 896 59 11 69 753 325 766 379 780 428 793 470 808 523 822 565 836 609 851 651 885 697 897 712 8
D 895 39 11 36 752 729 765 747 779 762 792 774 807 788 821 803 835 817 850 830 884 844 896 857 8
D 904 1 2 9 4 3 8
D 905 1 2 9 33 3 29
D 903 5 2 904 877 905 8
D 911 119 6 670 771 625 785 583 798 541 813 490 827 673 8
D 912 103 2 171 419 181 29
D 910 109 3 456 840 488 911 912 8
D 909 99 11 663 768 620 782 576 795 533 810 482 824 437 838 392 853 341 887 286 899 135 910 687 8
D 908 79 11 657 767 614 781 570 794 528 809 476 823 432 837 385 852 335 886 102 898 279 909 692 8
D 907 59 11 69 766 325 780 379 793 428 808 470 822 523 836 565 851 609 885 651 897 697 908 712 8
D 906 39 11 36 765 729 779 747 792 762 807 774 821 788 835 803 850 817 884 830 896 844 907 857 8
D 916 11 2 19 28 17 8
D 917 11 2 19 18 17 29
D 915 13 2 916 20 917 8
D 914 9 2 11 915 30 8
D 913 5 2 2 914 32 8
D 923 119 6 670 785 625 798 583 813 541 827 490 841 673 8
D 924 103 2 169 419 180 29
D 922 109 2 488 923 924 8
D 921 99 11 663 782 620 795 576 810 533 824 482 838 437 853 392 887 341 899 286 910 135 922 687 8
D 920 79 11 657 781 614 794 570 809 528 823 476 837 432 852 385 886 335 898 102 909 279 921 692 8
D 919 59 11 69 780 325 793 379 808 428 822 470 836 523 851 565 885 609 897 651 908 697 920 712 8
D 918 39 11 36 779 729 792 747 807 762 821 774 835 788 850 803 884 817 896 830 907 844 919 857 8
D 927 7 2 14 13 12 8
D 928 7 2 14 31 12 29
D 926 9 2 927 878 928 8
D 925 5 2 2 926 32 8
D 937 117 2 191 192 193 29
D 936 115 2 194 267 189 937
D 935 113 3 184 936 587 266 588 29
D 934 119 5 670 798 625 813 583 827 541 841 935 8
D 933 109 2 488 934 924 8
D 932 99 11 663 795 620 810 576 824 533 838 482 853 437 887 392 899 341 910 286 922 135 933 687 8
D 931 79 11 657 794 614 809 570 823 528 837 476 852 432 886 385 898 335 909 102 921 279 932 692 8
D 930 59 11 69 793 325 808 379 822 428 836 470 851 523 885 565 897 609 908 651 920 697 931 712 8
D 929 39 11 36 792 729 807 747 821 762 835 774 850 788 884 803 896 817 907 830 919 844 930 857 8
D 940 7 2 12 31 14 8
D 941 7 2 12 13 14 29
D 939 9 2 940 878 941 8
D 938 5 2 2 939 32 8
D 948 113 3 184 936 584 266 196 29
D 947 119 4 670 813 625 827 583 841 948 8
D 946 109 2 488 947 924 8
D 945 99 11 663 810 620 824 576 838 533 853 482 887 437 899 392 910 341 922 286 933 135 946 687 8
D 944 79 11 657 809 614 823 570 837 528 852 476 886 432 898 385 909 335 921 102 932 279 945 692 8
D 943 59 11 69 808 325 822 379 836 428 851 470 885 523 897 565 908 609 920 651 931 697 944 712 8
D 942 39 11 36 807 729 821 747 835 762 850 774 884 788 896 803 907 817 919 830 930 844 943 857 8
D 952 15 2 26 22 21 8
D 951 13 2 879 952 880 8
D 950 9 2 11 951 30 8
D 949 5 2 2 950 32 8
D 959 113 2 184 936 195 29
D 958 119 3 670 827 625 841 959 8
D 957 109 2 488 958 924 8
D 956 99 11 663 824 620 838 576 853 533 887 482 899 437 910 392 922 341 933 286 946 135 957 687 8
D 955 79 11 657 823 614 837 570 852 528 886 476 898 432 909 385 921 335 932 102 945 279 956 692 8
D 954 59 11 69 822 325 836 379 851 428 885 470 897 523 908 565 920 609 931 651 944 697 955 712 8
D 953 39 11 36 821 729 835 747 850 762 884 774 896 788 907 803 919 817 930 830 943 844 954 857 8
D 964 17 2 25 24 23 8
D 963 15 2 21 964 26 8
D 962 13 2 879 963 880 8
D 961 9 2 11 962 30 8
D 960 5 2 2 961 32 8
D 972 115 2 189 937 194 29
D 971 113 2 184 972 195 29
D 970 119 2 670 841 971 8
D 969 109 2 488 970 924 8
D 968 99 11 663 838 620 853 576 887 533 899 482 910 437 922 392 933 341 946 286 957 135 969 687 8
D 967 79 11 657 837 614 852 570 886 528 898 476 909 432 921 385 932 335 945 102 956 279 968 692 8
D 966 59 11 69 836 325 851 379 885 428 897 470 908 523 920 565 931 609 944 651 955 697 967 712 8
D 965 39 11 36 835 729 850 747 884 762 896 774 907 788 919 803 930 817 943 830 954 844 966 857 8
L 978 18 10
D 977 17 2 23 978 25 8
D 976 15 2 21 977 26 8
D 975 13 2 879 976 880 8
D 974 9 2 11 975 30 8
D 973 5 2 2 974 32 8
D 987 97 2 158 157 156 29
D 986 95 2 154 987 159 373
D 985 93 3 149 986 690 423 691 29
D 984 89 3 144 985 464 422 465 29
D 983 85 3 136 984 644 561 645 29
D 982 99 10 663 853 620 887 576 899 533 910 482 922 437 933 392 946 341 957 286 969 983 8
D 981 79 11 657 852 614 886 570 898 528 909 476 921 432 932 385 945 335 956 102 968 279 982 692 8
D 980 59 11 69 851 325 885 379 897 428 908 470 920 523 931 565 944 609 955 651 967 697 981 712 8
D 979 39 11 36 850 729 884 747 896 762 907 774 919 788 930 803 943 817 954 830 966 844 980 857 8
D 992 17 2 23 24 25 978
D 993 17 2 23 978 25 29
D 991 15 2 21 992 26 993
D 994 11 2 19 28 17 18
D 995 15 2 21 993 26 29
D 996 11 2 19 18 17 8
D 990 13 3 879 991 994 995 996 29
D 997 7 2 14 13 12 31
D 998 13 2 879 995 880 29
D 999 7 2 14 31 12 8
D 989 9 3 11 990 997 998 999 29
D 1001 3 2 7 6 5 34
D 1000 1 2 3 1001 9 4
D 1002 9 2 11 998 30 29
D 1004 3 2 7 34 5 8
D 1003 1 2 3 1004 9 33
D 988 5 3 2 989 1000 1002 1003 29
D 0 19 11 1 35 874 883 890 895 903 906 913 918 925 929 938 942 949 953 960 965 973 979 988 8
