c ids of sdd nodes start at 0
c sdd nodes appear bottom-up, children before parents
c
c file syntax:
c sdd count-of-sdd-nodes
c F id-of-false-sdd-node
c T id-of-true-sdd-node
c L id-of-literal-sdd-node id-of-vtree literal
c D id-of-decomposition-sdd-node id-of-vtree number-of-elements {id-of-prime id-of-sub}*
c
sdd 1004
L 3 0 -4
L 5 2 -2
L 6 4 -3
L 7 2 2
F 8
D 4 3 2 5 6 7 8
L 9 0 4
D 2 1 2 3 4 9 8
L 12 6 -6
L 13 8 -7
L 14 6 6
D 11 7 2 12 13 14 8
L 17 10 -5
L 18 12 1
L 19 10 5
D 16 11 2 17 18 19 8
L 21 14 -8
L 23 16 -9
L 24 18 -10
L 25 16 9
D 22 17 2 23 24 25 8
L 26 14 8
D 20 15 2 21 22 26 8
L 28 12 -1
T 29
D 27 11 2 17 28 19 29
D 15 13 2 16 20 27 8
L 31 8 7
D 30 7 2 12 31 14 29
D 10 9 2 11 15 30 8
L 34 4 3
D 33 3 2 5 34 7 29
D 32 1 2 3 33 9 29
D 1 5 2 2 10 32 8
L 38 20 -14
L 40 22 -12
L 41 24 -13
L 42 22 12
D 39 23 2 40 41 42 8
L 43 20 14
D 37 21 2 38 39 43 8
L 46 26 -16
L 47 28 -17
L 48 26 16
D 45 27 2 46 47 48 8
L 51 30 -15
L 52 32 11
L 53 30 15
D 50 31 2 51 52 53 8
L 55 34 -18
L 57 36 -19
L 58 38 -20
L 59 36 19
D 56 37 2 57 58 59 8
L 60 34 18
D 54 35 2 55 56 60 8
L 62 32 -11
D 61 31 2 51 62 53 29
D 49 33 2 50 54 61 8
L 64 28 17
D 63 27 2 46 64 48 29
D 44 29 2 45 49 63 8
L 67 24 13
D 66 23 2 40 67 42 29
D 65 21 2 38 66 43 29
D 36 25 2 37 44 65 8
L 71 40 -24
L 73 42 -22
L 74 44 -23
L 75 42 22
D 72 43 2 73 74 75 8
L 76 40 24
D 70 41 2 71 72 76 8
L 79 46 -26
L 80 48 -27
L 81 46 26
D 78 47 2 79 80 81 8
L 84 50 -25
L 85 52 21
L 86 50 25
D 83 51 2 84 85 86 8
L 88 54 -28
L 90 56 -29
L 91 58 -30
L 92 56 29
D 89 57 2 90 91 92 8
L 93 54 28
D 87 55 2 88 89 93 8
L 95 52 -21
D 94 51 2 84 95 86 29
D 82 53 2 83 87 94 8
L 97 48 27
D 96 47 2 79 97 81 29
D 77 49 2 78 82 96 8
L 100 44 23
D 99 43 2 73 100 75 29
D 98 41 2 71 99 76 29
D 69 45 2 70 77 98 8
L 104 60 -34
L 106 62 -32
L 107 64 -33
L 108 62 32
D 105 63 2 106 107 108 8
L 109 60 34
D 103 61 2 104 105 109 8
L 112 66 -36
L 113 68 -37
L 114 66 36
D 111 67 2 112 113 114 8
L 117 70 -35
L 118 72 -31
L 119 70 35
D 116 71 2 117 118 119 8
L 121 74 -38
L 123 76 -39
L 124 78 40
L 125 76 39
D 122 77 2 123 124 125 8
L 126 74 38
D 120 75 2 121 122 126 8
L 128 72 31
D 127 71 2 117 128 119 29
D 115 73 2 116 120 127 8
L 130 68 37
D 129 67 2 112 130 114 29
D 110 69 2 111 115 129 8
L 133 64 33
D 132 63 2 106 133 108 29
D 131 61 2 104 132 109 29
D 102 65 2 103 110 131 8
L 137 80 -42
L 139 82 -43
L 140 84 -44
L 141 82 43
D 138 83 2 139 140 141 8
L 142 80 42
D 136 81 2 137 138 142 8
L 145 86 -46
L 146 88 -47
L 147 86 46
D 144 87 2 145 146 147 8
L 150 90 -45
L 151 92 -41
L 152 90 45
D 149 91 2 150 151 152 8
L 154 94 -48
L 156 96 -49
L 157 98 50
L 158 96 49
D 155 97 2 156 157 158 8
L 159 94 48
D 153 95 2 154 155 159 8
L 161 92 41
D 160 91 2 150 161 152 29
D 148 93 2 149 153 160 8
L 163 88 47
D 162 87 2 145 163 147 29
D 143 89 2 144 148 162 8
L 166 84 44
D 165 83 2 139 166 141 29
D 164 81 2 137 165 142 29
D 135 85 2 136 143 164 8
L 170 100 -56
L 171 102 -57
L 172 100 56
D 169 101 2 170 171 172 8
L 174 104 -58
L 176 106 -59
L 177 108 60
L 178 106 59
D 175 107 2 176 177 178 8
L 179 104 58
D 173 105 2 174 175 179 8
L 181 102 57
D 180 101 2 170 181 172 29
D 168 103 2 169 173 180 8
L 185 110 -53
L 186 112 -54
L 187 110 53
D 184 111 2 185 186 187 8
L 189 114 -52
L 191 116 -55
L 192 118 -51
L 193 116 55
D 190 117 2 191 192 193 8
L 194 114 52
D 188 115 2 189 190 194 8
L 196 112 54
D 195 111 2 185 196 187 29
D 183 113 2 184 188 195 8
L 200 120 -76
L 201 122 -77
L 202 120 76
D 199 121 2 200 201 202 8
L 204 124 -78
L 206 126 -79
L 207 128 80
L 208 126 79
D 205 127 2 206 207 208 8
L 209 124 78
D 203 125 2 204 205 209 8
L 211 122 77
D 210 121 2 200 211 202 29
D 198 123 2 199 203 210 8
L 215 130 -73
L 216 132 -72
L 217 130 73
D 214 131 2 215 216 217 8
L 219 134 -71
L 221 136 -74
L 222 138 -75
L 223 136 74
D 220 137 2 221 222 223 8
L 224 134 71
D 218 135 2 219 220 224 8
L 226 132 72
D 225 131 2 215 226 217 29
D 213 133 2 214 218 225 8
L 229 140 -61
L 230 142 -62
L 231 140 61
D 228 141 2 229 230 231 8
L 234 144 -63
L 235 146 -64
L 236 144 63
D 233 145 2 234 235 236 8
L 238 148 -65
L 240 150 -66
L 242 152 -67
L 244 154 -68
L 246 156 -69
L 247 158 70
L 248 156 69
D 245 157 2 246 247 248 8
L 249 154 68
D 243 155 2 244 245 249 8
L 250 152 67
D 241 153 2 242 243 250 8
L 251 150 66
D 239 151 2 240 241 251 8
L 252 148 65
D 237 149 2 238 239 252 8
L 254 146 64
D 253 145 2 234 254 236 29
D 232 147 2 233 237 253 8
L 256 142 62
D 255 141 2 229 256 231 29
D 227 143 2 228 232 255 8
L 260 138 75
D 259 137 2 221 260 223 29
D 258 135 2 219 259 224 29
D 257 133 2 214 258 225 29
D 212 139 2 213 227 257 8
L 264 128 -80
D 263 127 2 206 264 208 29
D 262 125 2 204 263 209 29
D 261 123 2 199 262 210 29
D 197 129 2 198 212 261 8
L 268 118 51
D 267 117 2 191 268 193 29
D 266 115 2 189 267 194 29
D 265 113 2 184 266 195 29
D 182 119 2 183 197 265 8
L 272 108 -60
D 271 107 2 176 272 178 29
D 270 105 2 174 271 179 29
D 269 103 2 169 270 180 29
D 167 109 2 168 182 269 8
L 278 98 -50
D 277 97 2 156 278 158 29
D 276 95 2 154 277 159 29
D 275 93 2 149 276 160 29
D 274 89 2 144 275 162 29
D 273 85 2 136 274 164 29
D 134 99 2 135 167 273 8
L 284 78 -40
D 283 77 2 123 284 125 29
D 282 75 2 121 283 126 29
D 281 73 2 116 282 127 29
D 280 69 2 111 281 129 29
D 279 65 2 103 280 131 29
D 101 79 2 102 134 279 8
D 287 43 2 75 74 73 8
D 286 41 2 71 287 76 8
D 290 51 2 84 95 86 8
D 291 51 2 84 85 86 29
D 289 53 2 290 87 291 8
D 288 49 2 78 289 96 8
D 293 43 2 75 100 73 29
D 292 41 2 71 293 76 29
D 285 45 2 286 288 292 8
D 299 77 2 125 284 123 8
D 298 75 2 121 299 126 8
D 297 73 2 116 298 127 8
D 296 69 2 111 297 129 8
D 295 65 2 103 296 131 8
D 305 97 2 158 278 156 8
D 304 95 2 154 305 159 8
D 303 93 2 149 304 160 8
D 302 89 2 144 303 162 8
D 301 85 2 136 302 164 8
L 317 158 -70
D 316 157 2 248 317 246 8
D 315 155 2 244 316 249 8
D 314 153 2 242 315 250 8
D 313 151 2 240 314 251 8
D 312 149 2 238 313 252 8
D 311 147 2 233 312 253 8
D 310 143 2 228 311 255 8
D 309 139 2 213 310 257 8
D 320 127 2 208 264 206 8
D 319 125 2 204 320 209 8
D 318 123 2 199 319 210 8
D 323 127 2 206 264 208 207
D 322 125 2 204 323 209 29
D 321 123 2 199 322 210 29
D 308 129 3 198 309 318 212 321 8
D 307 119 2 183 308 265 8
D 326 107 2 178 272 176 8
D 325 105 2 174 326 179 8
D 324 103 2 169 325 180 8
D 329 107 2 176 272 178 177
D 328 105 2 174 329 179 29
D 327 103 2 169 328 180 29
D 306 109 3 168 307 324 182 327 8
D 334 97 2 156 278 158 157
D 333 95 2 154 334 159 29
D 332 93 2 149 333 160 29
D 331 89 2 144 332 162 29
D 330 85 2 136 331 164 29
D 300 99 3 301 167 135 306 330 8
D 339 77 2 123 284 125 124
D 338 75 2 121 339 126 29
D 337 73 2 116 338 127 29
D 336 69 2 111 337 129 29
D 335 65 2 103 336 131 29
D 294 79 3 295 134 102 300 335 8
D 342 43 2 73 100 75 8
D 341 41 2 71 342 76 8
D 344 43 2 73 74 75 29
D 343 41 2 71 344 76 29
D 340 45 2 341 288 343 8
D 350 77 2 123 284 125 8
D 349 75 2 126 350 121 8
D 348 73 2 116 349 127 8
D 347 69 2 111 348 129 8
D 346 65 2 103 347 131 8
D 356 97 2 156 278 158 8
D 355 95 2 159 356 154 8
D 354 93 2 149 355 160 8
D 353 89 2 144 354 162 8
D 352 85 2 136 353 164 8
D 367 157 2 246 317 248 8
D 366 155 2 249 367 244 8
D 365 153 2 242 366 250 8
D 364 151 2 240 365 251 8
D 363 149 2 238 364 252 8
D 362 147 2 233 363 253 8
D 361 143 2 228 362 255 8
D 360 139 2 213 361 257 8
D 370 127 2 206 264 208 8
D 369 125 2 209 370 204 8
D 368 123 2 199 369 210 8
D 373 127 2 206 207 208 29
D 372 125 2 204 323 209 373
D 371 123 2 199 372 210 29
D 359 129 4 198 360 318 309 368 212 371 8
D 358 119 2 183 359 265 8
D 376 107 2 176 272 178 8
D 375 105 2 179 376 174 8
D 374 103 2 169 375 180 8
D 379 107 2 176 177 178 29
D 378 105 2 174 329 179 379
D 377 103 2 169 378 180 29
D 357 109 4 168 358 324 307 374 182 377 8
D 384 97 2 156 157 158 29
D 383 95 2 159 384 154 334
D 382 93 2 149 383 160 29
D 381 89 2 144 382 162 29
D 380 85 2 136 381 164 29
D 351 99 4 352 167 301 306 135 357 380 8
D 389 77 2 123 124 125 29
D 388 75 2 126 389 121 339
D 387 73 2 116 388 127 29
D 386 69 2 111 387 129 29
D 385 65 2 103 386 131 29
D 345 79 4 346 134 295 300 102 351 385 8
D 391 41 2 76 72 71 8
D 392 41 2 76 99 71 29
D 390 45 2 391 288 392 8
D 396 67 2 112 130 114 8
D 398 75 2 121 350 126 8
D 397 73 2 116 398 127 8
D 399 67 2 112 113 114 29
D 395 69 2 396 397 399 8
D 394 65 2 103 395 131 8
D 403 87 2 145 163 147 8
D 405 95 2 154 356 159 8
D 404 93 2 149 405 160 8
D 406 87 2 145 146 147 29
D 402 89 2 403 404 406 8
D 401 85 2 136 402 164 8
D 416 155 2 244 367 249 8
D 415 153 2 250 416 242 8
D 414 151 2 240 415 251 8
D 413 149 2 238 414 252 8
D 412 147 2 233 413 253 8
D 411 143 2 228 412 255 8
D 410 139 2 213 411 257 8
D 418 121 2 200 211 202 8
D 419 125 2 204 370 209 8
D 420 121 2 200 201 202 29
D 417 123 2 418 419 420 8
D 422 125 2 204 373 209 29
D 421 123 3 199 372 418 422 202 29
D 409 129 5 198 410 318 360 368 309 417 212 421 8
D 408 119 2 183 409 265 8
D 424 101 2 170 181 172 8
D 425 105 2 174 376 179 8
D 426 101 2 170 171 172 29
D 423 103 2 424 425 426 8
D 428 105 2 174 379 179 29
D 427 103 3 169 378 424 428 172 29
D 407 109 5 168 408 324 358 374 307 423 182 427 8
D 432 95 2 154 384 159 29
D 431 93 2 149 432 160 29
D 430 89 3 144 382 403 431 147 29
D 429 85 2 136 430 164 29
D 400 99 5 401 167 352 306 301 357 135 407 429 8
D 436 75 2 121 389 126 29
D 435 73 2 116 436 127 29
D 434 69 3 111 387 396 435 114 29
D 433 65 2 103 434 131 29
D 393 79 5 394 134 346 300 295 351 102 400 433 8
D 440 51 2 86 95 84 8
D 441 51 2 86 85 84 29
D 439 53 2 440 87 441 8
D 438 49 2 78 439 96 8
D 437 45 2 70 438 98 8
D 445 67 2 114 113 112 8
D 446 67 2 114 130 112 29
D 444 69 2 445 397 446 8
D 443 65 2 103 444 131 8
D 450 87 2 147 146 145 8
D 451 87 2 147 163 145 29
D 449 89 2 450 404 451 8
D 448 85 2 136 449 164 8
D 460 153 2 242 416 250 8
D 459 151 2 251 460 240 8
D 458 149 2 238 459 252 8
D 457 147 2 233 458 253 8
D 456 143 2 228 457 255 8
D 455 139 2 213 456 257 8
D 462 121 2 202 201 200 8
D 463 121 2 202 211 200 29
D 461 123 2 462 419 463 8
D 465 121 2 202 201 200 211
D 466 121 2 202 211 200 8
D 464 123 3 199 372 465 422 466 29
D 454 129 6 198 455 318 410 368 360 417 309 461 212 464 8
D 453 119 2 183 454 265 8
D 468 101 2 172 171 170 8
D 469 101 2 172 181 170 29
D 467 103 2 468 425 469 8
D 471 101 2 172 171 170 181
D 472 101 2 172 181 170 8
D 470 103 3 169 378 471 428 472 29
D 452 109 6 168 453 324 408 374 358 423 307 467 182 470 8
D 475 87 2 147 146 145 163
D 476 87 2 147 163 145 8
D 474 89 3 144 382 475 431 476 29
D 473 85 2 136 474 164 29
D 447 99 6 448 167 401 306 352 357 301 407 135 452 473 8
D 479 67 2 114 113 112 130
D 480 67 2 114 130 112 8
D 478 69 3 111 387 479 435 480 29
D 477 65 2 103 478 131 29
D 442 79 6 443 134 394 300 346 351 295 400 102 447 477 8
D 483 47 2 81 80 79 8
D 484 47 2 81 97 79 29
D 482 49 2 483 289 484 8
D 481 45 2 70 482 98 8
D 489 71 2 119 118 117 8
D 490 71 2 119 128 117 29
D 488 73 2 489 398 490 8
D 487 69 2 111 488 129 8
D 486 65 2 103 487 131 8
D 495 91 2 152 151 150 8
D 496 91 2 152 161 150 29
D 494 93 2 495 405 496 8
D 493 89 2 144 494 162 8
D 492 85 2 136 493 164 8
D 498 103 2 169 425 180 8
D 502 117 2 193 192 191 8
D 501 115 2 189 502 194 8
D 500 113 2 184 501 195 8
D 505 117 2 193 268 191 29
D 504 115 2 189 505 194 29
D 503 113 2 184 504 195 29
D 499 119 2 500 197 503 8
D 512 151 2 240 460 251 8
D 511 149 2 252 512 238 8
D 510 147 2 233 511 253 8
D 509 143 2 228 510 255 8
D 508 139 2 213 509 257 8
D 513 123 2 199 419 210 8
D 517 137 2 221 260 223 8
D 516 135 2 219 517 224 8
D 515 133 2 214 516 225 8
D 520 137 2 221 222 223 29
D 519 135 2 219 520 224 29
D 518 133 2 214 519 225 29
D 514 139 2 515 227 518 8
D 523 127 2 208 207 206 8
D 522 125 2 204 523 209 373
D 521 123 3 199 522 465 422 466 29
D 507 129 7 198 508 513 514 318 455 368 410 417 360 461 309 521 8
D 506 119 2 183 507 265 8
D 526 107 2 178 177 176 8
D 525 105 2 174 526 179 379
D 524 103 3 169 525 471 428 472 29
D 497 109 7 498 499 168 506 324 453 374 408 423 358 467 307 524 8
D 529 93 3 495 432 149 383 161 29
D 528 89 3 144 529 475 431 476 29
D 527 85 2 136 528 164 29
D 491 99 7 492 167 448 306 401 357 352 407 301 452 135 497 527 8
D 532 73 3 489 436 116 388 128 29
D 531 69 3 111 532 479 435 480 29
D 530 65 2 103 531 131 29
D 485 79 7 486 134 443 300 394 351 346 400 295 447 102 491 530 8
D 535 47 2 79 97 81 8
D 536 47 2 79 80 81 29
D 534 49 2 535 289 536 8
D 533 45 2 70 534 98 8
D 539 61 2 109 105 104 8
D 540 69 2 111 397 129 8
D 541 61 2 109 132 104 29
D 538 65 2 539 540 541 8
D 545 83 2 139 166 141 8
D 544 81 2 137 545 142 8
D 546 89 2 144 404 162 8
D 548 83 2 139 140 141 29
D 547 81 2 137 548 142 29
D 543 85 2 544 546 547 8
D 552 111 2 185 196 187 8
D 553 111 2 185 186 187 29
D 551 113 2 552 188 553 8
D 554 113 3 184 504 552 266 187 29
D 550 119 3 500 308 551 197 554 8
D 560 145 2 234 254 236 8
D 561 149 2 238 512 252 8
D 562 145 2 234 235 236 29
D 559 147 2 560 561 562 8
D 558 143 2 228 559 255 8
D 557 139 2 213 558 257 8
D 566 137 2 223 222 221 8
D 565 135 2 219 566 224 8
D 564 133 2 214 565 225 8
D 569 137 2 221 222 223 260
D 568 135 2 219 569 224 29
D 567 133 2 214 568 225 29
D 563 139 3 564 227 515 310 567 8
D 556 129 7 198 557 513 563 318 508 368 455 417 410 461 360 521 8
D 555 119 2 183 556 265 8
D 549 109 7 498 550 168 555 324 506 374 453 423 408 467 358 524 8
D 571 89 2 144 431 162 29
D 572 81 2 137 141 142 29
D 570 85 3 136 528 544 571 572 29
D 542 99 8 543 167 492 306 448 357 401 407 352 452 301 497 135 549 570 8
D 574 69 2 111 435 129 29
D 573 65 3 103 531 539 574 132 29
D 537 79 8 538 134 486 300 443 351 394 400 346 447 295 491 102 542 573 8
D 578 55 2 93 89 88 8
D 577 53 2 290 578 291 8
D 576 49 2 78 577 96 8
D 575 45 2 70 576 98 8
D 582 63 2 106 133 108 8
D 581 61 2 104 582 109 8
D 584 63 2 106 107 108 29
D 583 61 2 104 584 109 29
D 580 65 2 581 540 583 8
D 588 83 2 141 140 139 8
D 587 81 2 137 588 142 8
D 590 83 2 141 166 139 29
D 589 81 2 137 590 142 29
D 586 85 2 587 546 589 8
D 594 111 2 187 186 185 8
D 595 111 2 187 196 185 29
D 593 113 2 594 188 595 8
D 597 111 2 187 186 185 196
D 598 111 2 187 196 185 8
D 596 113 3 184 504 597 266 598 29
D 592 119 4 551 308 500 359 593 197 596 8
D 604 145 2 236 235 234 8
D 605 145 2 236 254 234 29
D 603 147 2 604 561 605 8
D 602 143 2 228 603 255 8
D 601 139 2 213 602 257 8
D 608 131 2 217 216 215 8
D 609 131 2 217 226 215 29
D 607 133 2 608 218 609 8
D 610 133 3 214 568 608 258 226 29
D 606 139 4 607 227 564 310 515 361 610 8
D 600 129 7 198 601 513 606 318 557 368 508 417 455 461 410 521 8
D 599 119 2 183 600 265 8
D 591 109 7 498 592 168 599 324 555 374 506 423 453 467 408 524 8
D 613 83 2 141 140 139 166
D 612 81 2 137 613 142 8
D 615 83 2 141 166 139 8
D 614 81 2 137 615 142 29
D 611 85 3 136 528 612 571 614 29
D 585 99 9 586 167 543 306 492 357 448 407 401 452 352 497 301 549 135 591 611 8
D 617 61 2 104 582 109 105
D 618 61 2 109 132 104 108
D 616 65 3 103 531 617 574 618 29
D 579 79 9 580 134 538 300 486 351 443 400 394 447 346 491 295 542 102 585 616 8
D 623 57 2 92 91 90 8
D 622 55 2 88 623 93 8
D 621 53 2 290 622 291 8
D 620 49 2 78 621 96 8
D 619 45 2 70 620 98 8
D 627 63 2 108 107 106 8
D 626 61 2 104 627 109 8
D 629 63 2 108 133 106 29
D 628 61 2 104 629 109 29
D 625 65 2 626 540 628 8
D 632 81 2 142 138 137 8
D 633 81 2 142 165 137 29
D 631 85 2 632 546 633 8
D 637 115 2 194 190 189 8
D 636 113 2 184 637 195 8
D 639 115 2 189 505 194 267
D 638 113 3 184 639 597 266 598 29
D 635 119 5 500 409 593 308 551 359 636 197 638 8
D 644 131 2 215 226 217 8
D 645 131 2 215 216 217 29
D 643 133 2 644 218 645 8
D 647 131 2 217 216 215 226
D 648 131 2 217 226 215 8
D 646 133 3 214 568 647 258 648 29
D 642 139 5 643 227 607 310 564 361 515 411 646 8
D 651 141 2 229 256 231 8
D 652 147 2 233 561 253 8
D 653 141 2 229 230 231 29
D 650 143 2 651 652 653 8
D 649 139 2 213 650 257 8
D 641 129 7 513 642 318 601 198 649 368 557 417 508 461 455 521 8
D 640 119 2 183 641 265 8
D 634 109 7 498 635 168 640 324 599 374 555 423 506 467 453 524 8
D 655 81 2 137 613 142 138
D 656 81 2 137 615 142 165
D 654 85 3 136 528 655 571 656 29
D 630 99 10 631 167 586 306 543 357 492 407 448 452 401 497 352 549 301 591 135 634 654 8
D 659 63 2 108 107 106 133
D 658 61 2 104 659 109 105
D 661 63 2 108 133 106 8
D 660 61 2 104 661 109 132
D 657 65 3 103 531 658 574 660 29
D 624 79 10 625 134 580 300 538 351 486 400 443 447 394 491 346 542 295 585 102 630 657 8
L 667 58 30
D 666 57 2 90 667 92 8
D 665 55 2 88 666 93 8
D 664 53 2 290 665 291 8
D 663 49 2 78 664 96 8
D 662 45 2 70 663 98 8
D 672 71 2 117 128 119 8
D 673 71 2 117 118 119 29
D 671 73 2 672 398 673 8
D 670 69 2 111 671 129 8
D 669 65 2 103 670 131 8
D 678 91 2 150 161 152 8
D 679 91 2 150 151 152 29
D 677 93 2 678 405 679 8
D 676 89 2 144 677 162 8
D 675 85 2 136 676 164 8
D 684 117 2 191 268 193 8
D 683 115 2 189 684 194 8
D 682 113 2 184 683 195 8
D 687 117 2 191 192 193 268
D 686 115 2 189 687 194 267
D 685 113 3 184 686 597 266 598 29
D 681 119 6 500 454 551 409 636 308 593 359 682 197 685 8
D 692 135 2 224 220 219 8
D 691 133 2 214 692 225 8
D 694 135 2 219 569 224 259
D 693 133 3 214 694 647 258 648 29
D 690 139 6 691 227 643 310 607 361 515 456 564 411 693 8
D 697 141 2 231 230 229 8
D 698 141 2 231 256 229 29
D 696 143 2 697 652 698 8
D 695 139 2 213 696 257 8
D 689 129 7 513 690 368 601 318 649 417 557 198 695 461 508 521 8
D 688 119 2 183 689 265 8
D 680 109 7 498 681 168 688 324 640 374 599 423 555 467 506 524 8
D 702 91 2 152 151 150 161
D 703 91 2 152 161 150 8
D 701 93 3 702 432 149 383 703 29
D 700 89 3 475 431 144 701 476 29
D 699 85 3 655 571 136 700 656 29
D 674 99 11 675 167 631 306 586 357 543 407 492 452 448 497 401 549 352 591 301 634 135 680 699 8
D 707 71 2 119 118 117 128
D 708 71 2 119 128 117 8
D 706 73 3 707 436 116 388 708 29
D 705 69 3 479 435 111 706 480 29
D 704 65 3 658 574 103 705 660 29
D 668 79 11 669 134 625 300 580 351 538 400 486 447 443 491 394 542 346 585 295 630 102 674 704 8
D 711 43 2 75 74 73 100
D 710 41 2 71 711 76 72
D 715 57 2 90 667 92 29
D 714 55 2 88 715 93 29
D 713 53 2 290 714 291 29
D 712 49 2 78 713 96 29
D 717 47 2 81 80 79 97
D 719 51 2 86 95 84 85
D 721 57 2 90 91 92 667
D 720 55 2 93 715 88 721
D 722 51 2 86 85 84 8
D 718 53 3 719 714 290 720 722 29
D 723 47 2 81 97 79 8
D 716 49 3 717 713 78 718 723 29
D 725 43 2 75 100 73 8
D 724 41 2 71 725 76 99
D 709 45 3 710 712 70 716 724 29
D 68 59 11 69 101 285 294 340 345 390 393 437 442 481 485 533 537 575 579 619 624 662 668 709 8
D 728 23 2 42 41 40 8
D 727 21 2 38 728 43 8
D 731 31 2 51 62 53 8
D 732 31 2 51 52 53 29
D 730 33 2 731 54 732 8
D 729 29 2 45 730 63 8
D 734 23 2 42 67 40 29
D 733 21 2 38 734 43 29
D 726 25 2 727 729 733 8
D 739 119 6 500 507 551 454 593 409 682 308 636 359 685 8
D 742 139 6 691 310 643 361 515 509 564 456 607 411 693 8
D 744 125 2 209 373 204 207
D 743 123 3 199 744 465 422 466 29
D 741 129 6 513 742 417 601 368 649 461 557 318 695 743 8
D 740 119 2 183 741 265 8
D 738 109 7 498 739 324 688 168 740 374 640 423 599 467 555 524 8
D 737 99 11 675 306 631 357 586 407 543 452 492 497 448 549 401 591 352 634 301 680 135 738 699 8
D 736 79 11 669 300 625 351 580 400 538 447 486 491 443 542 394 585 346 630 295 674 102 737 704 8
D 735 59 11 69 294 285 345 340 393 390 442 437 485 481 537 533 579 575 624 619 668 662 736 709 8
D 747 23 2 40 67 42 8
D 746 21 2 38 747 43 8
D 749 23 2 40 41 42 29
D 748 21 2 38 749 43 29
D 745 25 2 746 729 748 8
D 754 119 6 551 507 500 556 593 454 636 409 682 359 685 8
D 757 139 6 691 361 515 558 564 509 607 456 643 411 693 8
D 758 123 3 465 422 199 373 466 29
D 756 129 5 513 757 461 601 417 649 368 695 758 8
D 755 119 2 183 756 265 8
D 753 109 7 498 754 374 688 324 740 168 755 423 640 467 599 524 8
D 752 99 11 675 357 631 407 586 452 543 497 492 549 448 591 401 634 352 680 301 738 135 753 699 8
D 751 79 11 669 351 625 400 580 447 538 491 486 542 443 585 394 630 346 674 295 737 102 752 704 8
D 750 59 11 69 345 285 393 340 442 390 485 437 537 481 579 533 624 575 668 619 736 662 751 709 8
D 760 21 2 43 39 38 8
D 761 21 2 43 66 38 29
D 759 25 2 760 729 761 8
D 766 119 6 593 507 551 556 500 600 636 454 682 409 685 8
D 769 139 6 515 602 564 558 607 509 643 456 691 411 693 8
D 771 121 2 202 201 200 29
D 770 123 2 771 422 466 29
D 768 129 4 461 649 513 769 417 695 770 8
D 767 119 2 183 768 265 8
D 765 109 7 498 766 423 688 374 740 324 755 168 767 467 640 524 8
D 764 99 11 675 407 631 452 586 497 543 549 492 591 448 634 401 680 352 738 301 753 135 765 699 8
D 763 79 11 669 400 625 447 580 491 538 542 486 585 443 630 394 674 346 737 295 752 102 764 704 8
D 762 59 11 69 393 285 442 340 485 390 537 437 579 481 624 533 668 575 736 619 751 662 763 709 8
D 775 31 2 53 62 51 8
D 776 31 2 53 52 51 29
D 774 33 2 775 54 776 8
D 773 29 2 45 774 63 8
D 772 25 2 37 773 65 8
D 781 119 6 636 507 593 556 551 600 500 641 682 454 685 8
D 784 139 6 564 602 607 558 643 509 691 456 515 650 693 8
D 785 123 2 201 422 211 29
D 783 129 3 461 695 513 784 785 8
D 782 119 2 183 783 265 8
D 780 109 7 498 781 467 688 423 740 374 755 324 767 168 782 524 8
D 779 99 11 675 452 631 497 586 549 543 591 492 634 448 680 401 738 352 753 301 765 135 780 699 8
D 778 79 11 669 447 625 491 580 542 538 585 486 630 443 674 394 737 346 752 295 764 102 779 704 8
D 777 59 11 69 442 285 485 340 537 390 579 437 624 481 668 533 736 575 751 619 763 662 778 709 8
D 788 27 2 48 47 46 8
D 789 27 2 48 64 46 29
D 787 29 2 788 730 789 8
D 786 25 2 37 787 65 8
D 794 119 6 682 507 636 556 593 600 551 641 500 689 685 8
D 797 139 6 607 602 643 558 691 509 564 650 515 696 693 8
D 798 123 2 199 422 210 29
D 796 129 2 513 797 798 8
D 795 119 2 183 796 265 8
D 793 109 7 467 740 498 794 423 755 374 767 324 782 168 795 524 8
D 792 99 11 675 497 631 549 586 591 543 634 492 680 448 738 401 753 352 765 301 780 135 793 699 8
D 791 79 11 669 491 625 542 580 585 538 630 486 674 443 737 394 752 346 764 295 779 102 792 704 8
D 790 59 11 69 485 285 537 340 579 390 624 437 668 481 736 533 751 575 763 619 778 662 791 709 8
D 801 27 2 46 64 48 8
D 802 27 2 46 47 48 29
D 800 29 2 801 730 802 8
D 799 25 2 37 800 65 8
D 807 119 6 682 556 636 600 593 641 551 689 500 741 685 8
D 813 137 2 223 260 221 29
D 812 135 2 219 813 224 259
D 811 133 3 214 812 647 258 648 29
D 810 139 5 643 602 691 558 607 650 564 696 811 8
D 809 129 2 513 810 798 8
D 808 119 2 183 809 265 8
D 806 109 7 467 755 498 807 423 767 374 782 324 795 168 808 524 8
D 805 99 11 675 549 631 591 586 634 543 680 492 738 448 753 401 765 352 780 301 793 135 806 699 8
D 804 79 11 669 542 625 585 580 630 538 674 486 737 443 752 394 764 346 779 295 792 102 805 704 8
D 803 59 11 69 537 285 579 340 624 390 668 437 736 481 751 533 763 575 778 619 791 662 804 709 8
D 817 35 2 60 56 55 8
D 816 33 2 731 817 732 8
D 815 29 2 45 816 63 8
D 814 25 2 37 815 65 8
D 822 119 6 682 600 636 641 593 689 551 741 500 756 685 8
D 827 135 2 224 259 219 29
D 826 133 3 647 258 214 827 648 29
D 825 139 4 691 602 643 650 607 696 826 8
D 824 129 2 513 825 798 8
D 823 119 2 183 824 265 8
D 821 109 7 467 767 498 822 423 782 374 795 324 808 168 823 524 8
D 820 99 11 675 591 631 634 586 680 543 738 492 753 448 765 401 780 352 793 301 806 135 821 699 8
D 819 79 11 669 585 625 630 580 674 538 737 486 752 443 764 394 779 346 792 295 805 102 820 704 8
D 818 59 11 69 579 285 624 340 668 390 736 437 751 481 763 533 778 575 791 619 804 662 819 709 8
D 832 37 2 59 58 57 8
D 831 35 2 55 832 60 8
D 830 33 2 731 831 732 8
D 829 29 2 45 830 63 8
D 828 25 2 37 829 65 8
D 837 119 6 682 641 636 689 593 741 551 756 500 768 685 8
D 841 133 3 644 258 214 827 217 29
D 840 139 3 691 650 643 696 841 8
D 839 129 2 513 840 798 8
D 838 119 2 183 839 265 8
D 836 109 7 467 782 498 837 423 795 374 808 324 823 168 838 524 8
D 835 99 11 675 634 631 680 586 738 543 753 492 765 448 780 401 793 352 806 301 821 135 836 699 8
D 834 79 11 669 630 625 674 580 737 538 752 486 764 443 779 394 792 346 805 295 820 102 835 704 8
D 833 59 11 69 624 285 668 340 736 390 751 437 763 481 778 533 791 575 804 619 819 662 834 709 8
L 847 38 20
D 846 37 2 57 847 59 8
D 845 35 2 55 846 60 8
D 844 33 2 731 845 732 8
D 843 29 2 45 844 63 8
D 842 25 2 37 843 65 8
D 852 119 6 682 689 636 741 593 756 551 768 500 783 685 8
D 856 133 2 214 827 225 29
D 855 139 2 691 696 856 8
D 854 129 2 513 855 798 8
D 853 119 2 183 854 265 8
D 851 109 7 467 795 498 852 423 808 374 823 324 838 168 853 524 8
D 850 99 11 675 680 631 738 586 753 543 765 492 780 448 793 401 806 352 821 301 836 135 851 699 8
D 849 79 11 669 674 625 737 580 752 538 764 486 779 443 792 394 805 346 820 295 835 102 850 704 8
D 848 59 11 69 668 285 736 340 751 390 763 437 778 481 791 533 804 575 819 619 834 662 849 709 8
D 859 23 2 42 41 40 67
D 858 21 2 38 859 43 39
D 863 37 2 57 847 59 29
D 862 35 2 55 863 60 29
D 861 33 2 731 862 732 29
D 860 29 2 45 861 63 29
D 865 27 2 48 47 46 64
D 867 31 2 53 62 51 52
D 869 37 2 57 58 59 847
D 868 35 2 60 863 55 869
D 870 31 2 53 52 51 8
D 866 33 3 867 862 731 868 870 29
D 871 27 2 48 64 46 8
D 864 29 3 865 861 45 866 871 29
D 873 23 2 42 67 40 8
D 872 21 2 38 873 43 66
D 857 25 3 858 860 37 864 872 29
D 35 39 11 36 68 726 735 745 750 759 762 772 777 786 790 799 803 814 818 828 833 842 848 857 8
D 876 3 2 7 6 5 8
D 875 1 2 3 876 9 8
D 879 11 2 17 28 19 8
D 880 11 2 17 18 19 29
D 878 13 2 879 20 880 8
D 877 9 2 11 878 30 8
D 882 3 2 7 34 5 29
D 881 1 2 3 882 9 29
D 874 5 2 875 877 881 8
D 888 119 6 682 741 636 756 593 768 551 783 500 796 685 8
D 890 105 2 179 379 174 177
D 889 103 3 169 890 471 428 472 29
D 887 109 6 467 808 498 888 423 823 374 838 324 853 889 8
D 886 99 11 675 738 631 753 586 765 543 780 492 793 448 806 401 821 352 836 301 851 135 887 699 8
D 885 79 11 669 737 625 752 580 764 538 779 486 792 443 805 394 820 346 835 295 850 102 886 704 8
D 884 59 11 69 736 285 751 340 763 390 778 437 791 481 804 533 819 575 834 619 849 662 885 709 8
D 883 39 11 36 735 726 750 745 762 759 777 772 790 786 803 799 818 814 833 828 848 842 884 857 8
D 893 3 2 5 34 7 8
D 892 1 2 3 893 9 8
D 895 3 2 5 6 7 29
D 894 1 2 3 895 9 29
D 891 5 2 892 877 894 8
D 901 119 6 682 756 636 768 593 783 551 796 500 809 685 8
D 902 103 3 471 428 169 379 472 29
D 900 109 5 467 823 498 901 423 838 374 853 902 8
D 899 99 11 675 753 631 765 586 780 543 793 492 806 448 821 401 836 352 851 301 887 135 900 699 8
D 898 79 11 669 752 625 764 580 779 538 792 486 805 443 820 394 835 346 850 295 886 102 899 704 8
D 897 59 11 69 751 285 763 340 778 390 791 437 804 481 819 533 834 575 849 619 885 662 898 709 8
D 896 39 11 36 750 726 762 745 777 759 790 772 803 786 818 799 833 814 848 828 884 842 897 857 8
D 904 1 2 9 4 3 8
D 905 1 2 9 33 3 29
D 903 5 2 904 877 905 8
D 911 119 6 682 768 636 783 593 796 551 809 500 824 685 8
D 913 101 2 172 171 170 29
D 912 103 2 913 428 472 29
D 910 109 4 467 838 498 911 423 853 912 8
D 909 99 11 675 765 631 780 586 793 543 806 492 821 448 836 401 851 352 887 301 900 135 910 699 8
D 908 79 11 669 764 625 779 580 792 538 805 486 820 443 835 394 850 346 886 295 899 102 909 704 8
D 907 59 11 69 763 285 778 340 791 390 804 437 819 481 834 533 849 575 885 619 898 662 908 709 8
D 906 39 11 36 762 726 777 745 790 759 803 772 818 786 833 799 848 814 884 828 897 842 907 857 8
D 917 11 2 19 28 17 8
D 918 11 2 19 18 17 29
D 916 13 2 917 20 918 8
D 915 9 2 11 916 30 8
D 914 5 2 2 915 32 8
D 924 119 6 682 783 636 796 593 809 551 824 500 839 685 8
D 925 103 2 171 428 181 29
D 923 109 3 467 853 498 924 925 8
D 922 99 11 675 780 631 793 586 806 543 821 492 836 448 851 401 887 352 900 301 910 135 923 699 8
D 921 79 11 669 779 625 792 580 805 538 820 486 835 443 850 394 886 346 899 295 909 102 922 704 8
D 920 59 11 69 778 285 791 340 804 390 819 437 834 481 849 533 885 575 898 619 908 662 921 709 8
D 919 39 11 36 777 726 790 745 803 759 818 772 833 786 848 799 884 814 897 828 907 842 920 857 8
D 928 7 2 14 13 12 8
D 929 7 2 14 31 12 29
D 927 9 2 928 878 929 8
D 926 5 2 2 927 32 8
D 935 119 6 682 796 636 809 593 824 551 839 500 854 685 8
D 936 103 2 169 428 180 29
D 934 109 2 498 935 936 8
D 933 99 11 675 793 631 806 586 821 543 836 492 851 448 887 401 900 352 910 301 923 135 934 699 8
D 932 79 11 669 792 625 805 580 820 538 835 486 850 443 886 394 899 346 909 295 922 102 933 704 8
D 931 59 11 69 791 285 804 340 819 390 834 437 849 481 885 533 898 575 908 619 921 662 932 709 8
D 930 39 11 36 790 726 803 745 818 759 833 772 848 786 884 799 897 814 907 828 920 842 931 857 8
D 939 7 2 12 31 14 8
D 940 7 2 12 13 14 29
D 938 9 2 939 878 940 8
D 937 5 2 2 938 32 8
D 949 117 2 191 192 193 29
D 948 115 2 194 267 189 949
D 947 113 3 184 948 597 266 598 29
D 946 119 5 682 809 636 824 593 839 551 854 947 8
D 945 109 2 498 946 936 8
D 944 99 11 675 806 631 821 586 836 543 851 492 887 448 900 401 910 352 923 301 934 135 945 699 8
D 943 79 11 669 805 625 820 580 835 538 850 486 886 443 899 394 909 346 922 295 933 102 944 704 8
D 942 59 11 69 804 285 819 340 834 390 849 437 885 481 898 533 908 575 921 619 932 662 943 709 8
D 941 39 11 36 803 726 818 745 833 759 848 772 884 786 897 799 907 814 920 828 931 842 942 857 8
D 953 15 2 26 22 21 8
D 952 13 2 879 953 880 8
D 951 9 2 11 952 30 8
D 950 5 2 2 951 32 8
D 960 113 3 184 948 594 266 196 29
D 959 119 4 682 824 636 839 593 854 960 8
D 958 109 2 498 959 936 8
D 957 99 11 675 821 631 836 586 851 543 887 492 900 448 910 401 923 352 934 301 945 135 958 699 8
D 956 79 11 669 820 625 835 580 850 538 886 486 899 443 909 394 922 346 933 295 944 102 957 704 8
D 955 59 11 69 819 285 834 340 849 390 885 437 898 481 908 533 921 575 932 619 943 662 956 709 8
D 954 39 11 36 818 726 833 745 848 759 884 772 897 786 907 799 920 814 931 828 942 842 955 857 8
D 965 17 2 25 24 23 8
D 964 15 2 21 965 26 8
D 963 13 2 879 964 880 8
D 962 9 2 11 963 30 8
D 961 5 2 2 962 32 8
D 972 113 2 184 948 195 29
D 971 119 3 682 839 636 854 972 8
D 970 109 2 498 971 936 8
D 969 99 11 675 836 631 851 586 887 543 900 492 910 448 923 401 934 352 945 301 958 135 970 699 8
D 968 79 11 669 835 625 850 580 886 538 899 486 909 443 922 394 933 346 944 295 957 102 969 704 8
D 967 59 11 69 834 285 849 340 885 390 898 437 908 481 921 533 932 575 943 619 956 662 968 709 8
D 966 39 11 36 833 726 848 745 884 759 897 772 907 786 920 799 931 814 942 828 955 842 967 857 8
L 978 18 10
D 977 17 2 23 978 25 8
D 976 15 2 21 977 26 8
D 975 13 2 879 976 880 8
D 974 9 2 11 975 30 8
D 973 5 2 2 974 32 8
D 986 115 2 189 949 194 29
D 985 113 2 184 986 195 29
D 984 119 2 682 854 985 8
D 983 109 2 498 984 936 8
D 982 99 11 675 851 631 887 586 900 543 910 492 923 448 934 401 945 352 958 301 970 135 983 699 8
D 981 79 11 669 850 625 886 580 899 538 909 486 922 443 933 394 944 346 957 295 969 102 982 704 8
D 980 59 11 69 849 285 885 340 898 390 908 437 921 481 932 533 943 575 956 619 968 662 981 709 8
D 979 39 11 36 848 726 884 745 897 759 907 772 920 786 931 799 942 814 955 828 967 842 980 857 8
D 991 17 2 23 24 25 978
D 992 17 2 23 978 25 29
D 990 15 2 21 991 26 992
D 993 11 2 19 28 17 18
D 994 15 2 21 992 26 29
D 995 11 2 19 18 17 8
D 989 13 3 879 990 993 994 995 29
D 996 7 2 14 13 12 31
D 997 13 2 879 994 880 29
D 998 7 2 14 31 12 8
D 988 9 3 11 989 996 997 998 29
D 1000 3 2 7 6 5 34
D 999 1 2 3 1000 9 4
D 1001 9 2 11 997 30 29
D 1003 3 2 7 34 5 8
D 1002 1 2 3 1003 9 33
D 987 5 3 2 988 999 1001 1002 29
D 0 19 11 1 35 874 883 891 896 903 906 914 919 926 930 937 941 950 954 961 966 973 979 987 8
