c ids of sdd nodes start at 0
c sdd nodes appear bottom-up, children before parents
c
c file syntax:
c sdd count-of-sdd-nodes
c F id-of-false-sdd-node
c T id-of-true-sdd-node
c L id-of-literal-sdd-node id-of-vtree literal
c D id-of-decomposition-sdd-node id-of-vtree number-of-elements {id-of-prime id-of-sub}*
c
sdd 1001
L 3 0 -4
L 5 2 -2
L 6 4 -3
L 7 2 2
F 8
D 4 3 2 5 6 7 8
L 9 0 4
D 2 1 2 3 4 9 8
L 12 6 -6
L 13 8 -7
L 14 6 6
D 11 7 2 12 13 14 8
L 17 10 -5
L 18 12 1
L 19 10 5
D 16 11 2 17 18 19 8
L 21 14 -8
L 23 16 -9
L 24 18 -10
L 25 16 9
D 22 17 2 23 24 25 8
L 26 14 8
D 20 15 2 21 22 26 8
L 28 12 -1
T 29
D 27 11 2 17 28 19 29
D 15 13 2 16 20 27 8
L 31 8 7
D 30 7 2 12 31 14 29
D 10 9 2 11 15 30 8
L 34 4 3
D 33 3 2 5 34 7 29
D 32 1 2 3 33 9 29
D 1 5 2 2 10 32 8
L 38 20 -14
L 40 22 -12
L 41 24 -13
L 42 22 12
D 39 23 2 40 41 42 8
L 43 20 14
D 37 21 2 38 39 43 8
L 46 26 -16
L 47 28 -17
L 48 26 16
D 45 27 2 46 47 48 8
L 51 30 -15
L 52 32 11
L 53 30 15
D 50 31 2 51 52 53 8
L 55 34 -18
L 57 36 -19
L 58 38 -20
L 59 36 19
D 56 37 2 57 58 59 8
L 60 34 18
D 54 35 2 55 56 60 8
L 62 32 -11
D 61 31 2 51 62 53 29
D 49 33 2 50 54 61 8
L 64 28 17
D 63 27 2 46 64 48 29
D 44 29 2 45 49 63 8
L 67 24 13
D 66 23 2 40 67 42 29
D 65 21 2 38 66 43 29
D 36 25 2 37 44 65 8
L 71 40 -24
L 73 42 22
L 74 44 -23
L 75 42 -22
D 72 43 2 73 74 75 8
L 76 40 24
D 70 41 2 71 72 76 8
L 79 46 -26
L 80 48 -27
L 81 46 26
D 78 47 2 79 80 81 8
L 84 50 -25
L 85 52 -21
L 86 50 25
D 83 51 2 84 85 86 8
L 88 54 -28
L 90 56 -29
L 91 58 -30
L 92 56 29
D 89 57 2 90 91 92 8
L 93 54 28
D 87 55 2 88 89 93 8
L 95 52 21
D 94 51 2 84 95 86 29
D 82 53 2 83 87 94 8
L 97 48 27
D 96 47 2 79 97 81 29
D 77 49 2 78 82 96 8
L 100 44 23
D 99 43 2 73 100 75 29
D 98 41 2 71 99 76 29
D 69 45 2 70 77 98 8
L 104 60 -34
L 106 62 -32
L 107 64 -33
L 108 62 32
D 105 63 2 106 107 108 8
L 109 60 34
D 103 61 2 104 105 109 8
L 112 66 -36
L 113 68 -37
L 114 66 36
D 111 67 2 112 113 114 8
L 117 70 -35
L 118 72 -31
L 119 70 35
D 116 71 2 117 118 119 8
L 121 74 -38
L 123 76 -39
L 124 78 40
L 125 76 39
D 122 77 2 123 124 125 8
L 126 74 38
D 120 75 2 121 122 126 8
L 128 72 31
D 127 71 2 117 128 119 29
D 115 73 2 116 120 127 8
L 130 68 37
D 129 67 2 112 130 114 29
D 110 69 2 111 115 129 8
L 133 64 33
D 132 63 2 106 133 108 29
D 131 61 2 104 132 109 29
D 102 65 2 103 110 131 8
L 137 80 -42
L 139 82 -43
L 140 84 -44
L 141 82 43
D 138 83 2 139 140 141 8
L 142 80 42
D 136 81 2 137 138 142 8
L 145 86 -46
L 146 88 -47
L 147 86 46
D 144 87 2 145 146 147 8
L 150 90 -45
L 151 92 -41
L 152 90 45
D 149 91 2 150 151 152 8
L 154 94 -48
L 156 96 -49
L 157 98 50
L 158 96 49
D 155 97 2 156 157 158 8
L 159 94 48
D 153 95 2 154 155 159 8
L 161 92 41
D 160 91 2 150 161 152 29
D 148 93 2 149 153 160 8
L 163 88 47
D 162 87 2 145 163 147 29
D 143 89 2 144 148 162 8
L 166 84 44
D 165 83 2 139 166 141 29
D 164 81 2 137 165 142 29
D 135 85 2 136 143 164 8
L 170 100 -56
L 171 102 -57
L 172 100 56
D 169 101 2 170 171 172 8
L 174 104 -58
L 176 106 -59
L 177 108 60
L 178 106 59
D 175 107 2 176 177 178 8
L 179 104 58
D 173 105 2 174 175 179 8
L 181 102 57
D 180 101 2 170 181 172 29
D 168 103 2 169 173 180 8
L 185 110 -53
L 186 112 -54
L 187 110 53
D 184 111 2 185 186 187 8
L 189 114 -52
L 191 116 -55
L 192 118 -51
L 193 116 55
D 190 117 2 191 192 193 8
L 194 114 52
D 188 115 2 189 190 194 8
L 196 112 54
D 195 111 2 185 196 187 29
D 183 113 2 184 188 195 8
L 200 120 -76
L 201 122 -77
L 202 120 76
D 199 121 2 200 201 202 8
L 204 124 -78
L 206 126 -79
L 207 128 80
L 208 126 79
D 205 127 2 206 207 208 8
L 209 124 78
D 203 125 2 204 205 209 8
L 211 122 77
D 210 121 2 200 211 202 29
D 198 123 2 199 203 210 8
L 215 130 -73
L 216 132 -72
L 217 130 73
D 214 131 2 215 216 217 8
L 219 134 -71
L 221 136 -74
L 222 138 -75
L 223 136 74
D 220 137 2 221 222 223 8
L 224 134 71
D 218 135 2 219 220 224 8
L 226 132 72
D 225 131 2 215 226 217 29
D 213 133 2 214 218 225 8
L 229 140 -61
L 230 142 -62
L 231 140 61
D 228 141 2 229 230 231 8
L 234 144 -63
L 235 146 -64
L 236 144 63
D 233 145 2 234 235 236 8
L 238 148 -65
L 240 150 -66
L 242 152 -67
L 244 154 -68
L 246 156 -69
L 247 158 70
L 248 156 69
D 245 157 2 246 247 248 8
L 249 154 68
D 243 155 2 244 245 249 8
L 250 152 67
D 241 153 2 242 243 250 8
L 251 150 66
D 239 151 2 240 241 251 8
L 252 148 65
D 237 149 2 238 239 252 8
L 254 146 64
D 253 145 2 234 254 236 29
D 232 147 2 233 237 253 8
L 256 142 62
D 255 141 2 229 256 231 29
D 227 143 2 228 232 255 8
L 260 138 75
D 259 137 2 221 260 223 29
D 258 135 2 219 259 224 29
D 257 133 2 214 258 225 29
D 212 139 2 213 227 257 8
L 264 128 -80
D 263 127 2 206 264 208 29
D 262 125 2 204 263 209 29
D 261 123 2 199 262 210 29
D 197 129 2 198 212 261 8
L 268 118 51
D 267 117 2 191 268 193 29
D 266 115 2 189 267 194 29
D 265 113 2 184 266 195 29
D 182 119 2 183 197 265 8
L 272 108 -60
D 271 107 2 176 272 178 29
D 270 105 2 174 271 179 29
D 269 103 2 169 270 180 29
D 167 109 2 168 182 269 8
L 278 98 -50
D 277 97 2 156 278 158 29
D 276 95 2 154 277 159 29
D 275 93 2 149 276 160 29
D 274 89 2 144 275 162 29
D 273 85 2 136 274 164 29
D 134 99 2 135 167 273 8
L 284 78 -40
D 283 77 2 123 284 125 29
D 282 75 2 121 283 126 29
D 281 73 2 116 282 127 29
D 280 69 2 111 281 129 29
D 279 65 2 103 280 131 29
D 101 79 2 102 134 279 8
D 287 43 2 75 100 73 8
D 286 41 2 71 287 76 8
D 289 43 2 75 74 73 29
D 288 41 2 71 289 76 29
D 285 45 2 286 77 288 8
D 295 77 2 125 284 123 8
D 294 75 2 121 295 126 8
D 293 73 2 116 294 127 8
D 292 69 2 111 293 129 8
D 291 65 2 103 292 131 8
D 301 97 2 158 278 156 8
D 300 95 2 154 301 159 8
D 299 93 2 149 300 160 8
D 298 89 2 144 299 162 8
D 297 85 2 136 298 164 8
L 313 158 -70
D 312 157 2 248 313 246 8
D 311 155 2 244 312 249 8
D 310 153 2 242 311 250 8
D 309 151 2 240 310 251 8
D 308 149 2 238 309 252 8
D 307 147 2 233 308 253 8
D 306 143 2 228 307 255 8
D 305 139 2 213 306 257 8
D 316 127 2 208 264 206 8
D 315 125 2 204 316 209 8
D 314 123 2 199 315 210 8
D 319 127 2 206 264 208 207
D 318 125 2 204 319 209 29
D 317 123 2 199 318 210 29
D 304 129 3 198 305 314 212 317 8
D 303 119 2 183 304 265 8
D 322 107 2 178 272 176 8
D 321 105 2 174 322 179 8
D 320 103 2 169 321 180 8
D 325 107 2 176 272 178 177
D 324 105 2 174 325 179 29
D 323 103 2 169 324 180 29
D 302 109 3 168 303 320 182 323 8
D 330 97 2 156 278 158 157
D 329 95 2 154 330 159 29
D 328 93 2 149 329 160 29
D 327 89 2 144 328 162 29
D 326 85 2 136 327 164 29
D 296 99 3 297 167 135 302 326 8
D 335 77 2 123 284 125 124
D 334 75 2 121 335 126 29
D 333 73 2 116 334 127 29
D 332 69 2 111 333 129 29
D 331 65 2 103 332 131 29
D 290 79 3 291 134 102 296 331 8
D 338 43 2 75 74 73 8
D 337 41 2 76 338 71 8
D 340 43 2 75 100 73 29
D 339 41 2 76 340 71 29
D 336 45 2 337 77 339 8
D 346 77 2 123 284 125 8
D 345 75 2 126 346 121 8
D 344 73 2 116 345 127 8
D 343 69 2 111 344 129 8
D 342 65 2 103 343 131 8
D 352 97 2 156 278 158 8
D 351 95 2 159 352 154 8
D 350 93 2 149 351 160 8
D 349 89 2 144 350 162 8
D 348 85 2 136 349 164 8
D 363 157 2 246 313 248 8
D 362 155 2 249 363 244 8
D 361 153 2 242 362 250 8
D 360 151 2 240 361 251 8
D 359 149 2 238 360 252 8
D 358 147 2 233 359 253 8
D 357 143 2 228 358 255 8
D 356 139 2 213 357 257 8
D 366 127 2 206 264 208 8
D 365 125 2 209 366 204 8
D 364 123 2 199 365 210 8
D 369 127 2 206 207 208 29
D 368 125 2 204 319 209 369
D 367 123 2 199 368 210 29
D 355 129 4 198 356 314 305 364 212 367 8
D 354 119 2 183 355 265 8
D 372 107 2 176 272 178 8
D 371 105 2 179 372 174 8
D 370 103 2 169 371 180 8
D 375 107 2 176 177 178 29
D 374 105 2 174 325 179 375
D 373 103 2 169 374 180 29
D 353 109 4 168 354 320 303 370 182 373 8
D 380 97 2 156 157 158 29
D 379 95 2 159 380 154 330
D 378 93 2 149 379 160 29
D 377 89 2 144 378 162 29
D 376 85 2 136 377 164 29
D 347 99 4 348 167 297 302 135 353 376 8
D 385 77 2 123 124 125 29
D 384 75 2 126 385 121 335
D 383 73 2 116 384 127 29
D 382 69 2 111 383 129 29
D 381 65 2 103 382 131 29
D 341 79 4 342 134 291 296 102 347 381 8
D 387 41 2 71 338 76 8
D 390 51 2 86 85 84 8
D 391 51 2 86 95 84 29
D 389 53 2 390 87 391 8
D 388 49 2 78 389 96 8
D 392 41 2 71 340 76 29
D 386 45 2 387 388 392 8
D 396 67 2 112 130 114 8
D 398 75 2 121 346 126 8
D 397 73 2 116 398 127 8
D 399 67 2 112 113 114 29
D 395 69 2 396 397 399 8
D 394 65 2 103 395 131 8
D 403 87 2 145 163 147 8
D 405 95 2 154 352 159 8
D 404 93 2 149 405 160 8
D 406 87 2 145 146 147 29
D 402 89 2 403 404 406 8
D 401 85 2 136 402 164 8
D 416 155 2 244 363 249 8
D 415 153 2 250 416 242 8
D 414 151 2 240 415 251 8
D 413 149 2 238 414 252 8
D 412 147 2 233 413 253 8
D 411 143 2 228 412 255 8
D 410 139 2 213 411 257 8
D 418 121 2 200 211 202 8
D 419 125 2 204 366 209 8
D 420 121 2 200 201 202 29
D 417 123 2 418 419 420 8
D 422 125 2 204 369 209 29
D 421 123 3 199 368 418 422 202 29
D 409 129 5 198 410 314 356 364 305 417 212 421 8
D 408 119 2 183 409 265 8
D 424 101 2 170 181 172 8
D 425 105 2 174 372 179 8
D 426 101 2 170 171 172 29
D 423 103 2 424 425 426 8
D 428 105 2 174 375 179 29
D 427 103 3 169 374 424 428 172 29
D 407 109 5 168 408 320 354 370 303 423 182 427 8
D 432 95 2 154 380 159 29
D 431 93 2 149 432 160 29
D 430 89 3 144 378 403 431 147 29
D 429 85 2 136 430 164 29
D 400 99 5 401 167 348 302 297 353 135 407 429 8
D 436 75 2 121 385 126 29
D 435 73 2 116 436 127 29
D 434 69 3 111 383 396 435 114 29
D 433 65 2 103 434 131 29
D 393 79 5 394 134 342 296 291 347 102 400 433 8
D 439 47 2 81 80 79 8
D 440 47 2 81 97 79 29
D 438 49 2 439 82 440 8
D 437 45 2 387 438 392 8
D 444 67 2 114 113 112 8
D 445 67 2 114 130 112 29
D 443 69 2 444 397 445 8
D 442 65 2 103 443 131 8
D 449 87 2 147 146 145 8
D 450 87 2 147 163 145 29
D 448 89 2 449 404 450 8
D 447 85 2 136 448 164 8
D 459 153 2 242 416 250 8
D 458 151 2 251 459 240 8
D 457 149 2 238 458 252 8
D 456 147 2 233 457 253 8
D 455 143 2 228 456 255 8
D 454 139 2 213 455 257 8
D 461 121 2 202 201 200 8
D 462 121 2 202 211 200 29
D 460 123 2 461 419 462 8
D 464 121 2 202 201 200 211
D 465 121 2 202 211 200 8
D 463 123 3 199 368 464 422 465 29
D 453 129 6 198 454 314 410 364 356 417 305 460 212 463 8
D 452 119 2 183 453 265 8
D 467 101 2 172 171 170 8
D 468 101 2 172 181 170 29
D 466 103 2 467 425 468 8
D 470 101 2 172 171 170 181
D 471 101 2 172 181 170 8
D 469 103 3 169 374 470 428 471 29
D 451 109 6 168 452 320 408 370 354 423 303 466 182 469 8
D 474 87 2 147 146 145 163
D 475 87 2 147 163 145 8
D 473 89 3 144 378 474 431 475 29
D 472 85 2 136 473 164 29
D 446 99 6 447 167 401 302 348 353 297 407 135 451 472 8
D 478 67 2 114 113 112 130
D 479 67 2 114 130 112 8
D 477 69 3 111 383 478 435 479 29
D 476 65 2 103 477 131 29
D 441 79 6 442 134 394 296 342 347 291 400 102 446 476 8
D 482 47 2 79 97 81 8
D 483 47 2 79 80 81 29
D 481 49 2 482 82 483 8
D 480 45 2 387 481 392 8
D 488 71 2 119 118 117 8
D 489 71 2 119 128 117 29
D 487 73 2 488 398 489 8
D 486 69 2 111 487 129 8
D 485 65 2 103 486 131 8
D 494 91 2 152 151 150 8
D 495 91 2 152 161 150 29
D 493 93 2 494 405 495 8
D 492 89 2 144 493 162 8
D 491 85 2 136 492 164 8
D 497 103 2 169 425 180 8
D 501 117 2 193 192 191 8
D 500 115 2 189 501 194 8
D 499 113 2 184 500 195 8
D 504 117 2 193 268 191 29
D 503 115 2 189 504 194 29
D 502 113 2 184 503 195 29
D 498 119 2 499 197 502 8
D 511 151 2 240 459 251 8
D 510 149 2 252 511 238 8
D 509 147 2 233 510 253 8
D 508 143 2 228 509 255 8
D 507 139 2 213 508 257 8
D 512 123 2 199 419 210 8
D 516 137 2 221 260 223 8
D 515 135 2 219 516 224 8
D 514 133 2 214 515 225 8
D 519 137 2 221 222 223 29
D 518 135 2 219 519 224 29
D 517 133 2 214 518 225 29
D 513 139 2 514 227 517 8
D 522 127 2 208 207 206 8
D 521 125 2 204 522 209 369
D 520 123 3 199 521 464 422 465 29
D 506 129 7 198 507 512 513 314 454 364 410 417 356 460 305 520 8
D 505 119 2 183 506 265 8
D 525 107 2 178 177 176 8
D 524 105 2 174 525 179 375
D 523 103 3 169 524 470 428 471 29
D 496 109 7 497 498 168 505 320 452 370 408 423 354 466 303 523 8
D 528 93 3 494 432 149 379 161 29
D 527 89 3 144 528 474 431 475 29
D 526 85 2 136 527 164 29
D 490 99 7 491 167 447 302 401 353 348 407 297 451 135 496 526 8
D 531 73 3 488 436 116 384 128 29
D 530 69 3 111 531 478 435 479 29
D 529 65 2 103 530 131 29
D 484 79 7 485 134 442 296 394 347 342 400 291 446 102 490 529 8
D 535 55 2 93 89 88 8
D 534 53 2 83 535 94 8
D 533 49 2 78 534 96 8
D 532 45 2 387 533 392 8
D 538 61 2 109 105 104 8
D 539 69 2 111 397 129 8
D 540 61 2 109 132 104 29
D 537 65 2 538 539 540 8
D 544 83 2 139 166 141 8
D 543 81 2 137 544 142 8
D 545 89 2 144 404 162 8
D 547 83 2 139 140 141 29
D 546 81 2 137 547 142 29
D 542 85 2 543 545 546 8
D 551 111 2 185 196 187 8
D 552 111 2 185 186 187 29
D 550 113 2 551 188 552 8
D 553 113 3 184 503 551 266 187 29
D 549 119 3 499 304 550 197 553 8
D 559 145 2 234 254 236 8
D 560 149 2 238 511 252 8
D 561 145 2 234 235 236 29
D 558 147 2 559 560 561 8
D 557 143 2 228 558 255 8
D 556 139 2 213 557 257 8
D 565 137 2 223 222 221 8
D 564 135 2 219 565 224 8
D 563 133 2 214 564 225 8
D 568 137 2 221 222 223 260
D 567 135 2 219 568 224 29
D 566 133 2 214 567 225 29
D 562 139 3 563 227 514 306 566 8
D 555 129 7 198 556 512 562 314 507 364 454 417 410 460 356 520 8
D 554 119 2 183 555 265 8
D 548 109 7 497 549 168 554 320 505 370 452 423 408 466 354 523 8
D 570 89 2 144 431 162 29
D 571 81 2 137 141 142 29
D 569 85 3 136 527 543 570 571 29
D 541 99 8 542 167 491 302 447 353 401 407 348 451 297 496 135 548 569 8
D 573 69 2 111 435 129 29
D 572 65 3 103 530 538 573 132 29
D 536 79 8 537 134 485 296 442 347 394 400 342 446 291 490 102 541 572 8
D 578 57 2 92 91 90 8
D 577 55 2 88 578 93 8
D 576 53 2 83 577 94 8
D 575 49 2 78 576 96 8
D 574 45 2 387 575 392 8
D 582 63 2 106 133 108 8
D 581 61 2 104 582 109 8
D 584 63 2 106 107 108 29
D 583 61 2 104 584 109 29
D 580 65 2 581 539 583 8
D 588 83 2 141 140 139 8
D 587 81 2 137 588 142 8
D 590 83 2 141 166 139 29
D 589 81 2 137 590 142 29
D 586 85 2 587 545 589 8
D 594 111 2 187 186 185 8
D 595 111 2 187 196 185 29
D 593 113 2 594 188 595 8
D 597 111 2 187 186 185 196
D 598 111 2 187 196 185 8
D 596 113 3 184 503 597 266 598 29
D 592 119 4 550 304 499 355 593 197 596 8
D 604 145 2 236 235 234 8
D 605 145 2 236 254 234 29
D 603 147 2 604 560 605 8
D 602 143 2 228 603 255 8
D 601 139 2 213 602 257 8
D 608 131 2 217 216 215 8
D 609 131 2 217 226 215 29
D 607 133 2 608 218 609 8
D 610 133 3 214 567 608 258 226 29
D 606 139 4 607 227 563 306 514 357 610 8
D 600 129 7 198 601 512 606 314 556 364 507 417 454 460 410 520 8
D 599 119 2 183 600 265 8
D 591 109 7 497 592 168 599 320 554 370 505 423 452 466 408 523 8
D 613 83 2 141 140 139 166
D 612 81 2 137 613 142 8
D 615 83 2 141 166 139 8
D 614 81 2 137 615 142 29
D 611 85 3 136 527 612 570 614 29
D 585 99 9 586 167 542 302 491 353 447 407 401 451 348 496 297 548 135 591 611 8
D 617 61 2 104 582 109 105
D 618 61 2 109 132 104 108
D 616 65 3 103 530 617 573 618 29
D 579 79 9 580 134 537 296 485 347 442 400 394 446 342 490 291 541 102 585 616 8
L 624 58 30
D 623 57 2 90 624 92 8
D 622 55 2 88 623 93 8
D 621 53 2 83 622 94 8
D 620 49 2 78 621 96 8
D 619 45 2 387 620 392 8
D 628 63 2 108 107 106 8
D 627 61 2 104 628 109 8
D 630 63 2 108 133 106 29
D 629 61 2 104 630 109 29
D 626 65 2 627 539 629 8
D 633 81 2 142 138 137 8
D 634 81 2 142 165 137 29
D 632 85 2 633 545 634 8
D 638 115 2 194 190 189 8
D 637 113 2 184 638 195 8
D 640 115 2 189 504 194 267
D 639 113 3 184 640 597 266 598 29
D 636 119 5 499 409 593 304 550 355 637 197 639 8
D 645 131 2 215 226 217 8
D 646 131 2 215 216 217 29
D 644 133 2 645 218 646 8
D 648 131 2 217 216 215 226
D 649 131 2 217 226 215 8
D 647 133 3 214 567 648 258 649 29
D 643 139 5 644 227 607 306 563 357 514 411 647 8
D 652 141 2 229 256 231 8
D 653 147 2 233 560 253 8
D 654 141 2 229 230 231 29
D 651 143 2 652 653 654 8
D 650 139 2 213 651 257 8
D 642 129 7 512 643 314 601 198 650 364 556 417 507 460 454 520 8
D 641 119 2 183 642 265 8
D 635 109 7 497 636 168 641 320 599 370 554 423 505 466 452 523 8
D 656 81 2 137 613 142 138
D 657 81 2 137 615 142 165
D 655 85 3 136 527 656 570 657 29
D 631 99 10 632 167 586 302 542 353 491 407 447 451 401 496 348 548 297 591 135 635 655 8
D 660 63 2 108 107 106 133
D 659 61 2 104 660 109 105
D 662 63 2 108 133 106 8
D 661 61 2 104 662 109 132
D 658 65 3 103 530 659 573 661 29
D 625 79 10 626 134 580 296 537 347 485 400 442 446 394 490 342 541 291 585 102 631 658 8
D 667 57 2 90 624 92 29
D 666 55 2 88 667 93 29
D 669 57 2 90 91 92 624
D 668 55 2 93 667 88 669
D 665 53 3 390 666 83 668 95 29
D 670 47 2 81 80 79 97
D 671 53 2 83 666 94 29
D 672 47 2 81 97 79 8
D 664 49 3 78 665 670 671 672 29
D 674 43 2 73 74 75 100
D 673 41 2 71 674 76 338
D 675 49 2 78 671 96 29
D 677 43 2 73 100 75 8
D 676 41 2 71 677 76 340
D 663 45 3 387 664 673 675 676 29
D 68 59 10 69 101 285 290 336 341 386 393 437 441 480 484 532 536 574 579 619 625 663 8
D 680 23 2 42 41 40 8
D 679 21 2 38 680 43 8
D 683 31 2 51 62 53 8
D 684 31 2 51 52 53 29
D 682 33 2 683 54 684 8
D 681 29 2 45 682 63 8
D 686 23 2 42 67 40 29
D 685 21 2 38 686 43 29
D 678 25 2 679 681 685 8
D 691 51 2 84 95 86 8
D 692 51 2 84 85 86 29
D 690 53 2 691 87 692 8
D 689 49 2 78 690 96 8
D 688 45 2 387 689 392 8
D 697 71 2 117 128 119 8
D 698 71 2 117 118 119 29
D 696 73 2 697 398 698 8
D 695 69 2 111 696 129 8
D 694 65 2 103 695 131 8
D 703 91 2 150 161 152 8
D 704 91 2 150 151 152 29
D 702 93 2 703 405 704 8
D 701 89 2 144 702 162 8
D 700 85 2 136 701 164 8
D 709 117 2 191 268 193 8
D 708 115 2 189 709 194 8
D 707 113 2 184 708 195 8
D 712 117 2 191 192 193 268
D 711 115 2 189 712 194 267
D 710 113 3 184 711 597 266 598 29
D 706 119 6 499 453 550 409 637 304 593 355 707 197 710 8
D 717 135 2 224 220 219 8
D 716 133 2 214 717 225 8
D 719 135 2 219 568 224 259
D 718 133 3 214 719 648 258 649 29
D 715 139 6 716 227 644 306 607 357 514 455 563 411 718 8
D 722 141 2 231 230 229 8
D 723 141 2 231 256 229 29
D 721 143 2 722 653 723 8
D 720 139 2 213 721 257 8
D 714 129 7 512 715 364 601 314 650 417 556 198 720 460 507 520 8
D 713 119 2 183 714 265 8
D 705 109 7 497 706 168 713 320 641 370 599 423 554 466 505 523 8
D 727 91 2 152 151 150 161
D 728 91 2 152 161 150 8
D 726 93 3 727 432 149 379 728 29
D 725 89 3 474 431 144 726 475 29
D 724 85 3 656 570 136 725 657 29
D 699 99 11 700 167 632 302 586 353 542 407 491 451 447 496 401 548 348 591 297 635 135 705 724 8
D 732 71 2 119 118 117 128
D 733 71 2 119 128 117 8
D 731 73 3 732 436 116 384 733 29
D 730 69 3 478 435 111 731 479 29
D 729 65 3 659 573 103 730 661 29
D 693 79 11 694 134 626 296 580 347 537 400 485 446 442 490 394 541 342 585 291 631 102 699 729 8
D 737 51 2 86 85 84 95
D 738 51 2 86 95 84 8
D 736 53 3 737 666 83 668 738 29
D 735 49 3 670 671 78 736 672 29
D 734 45 3 673 675 387 735 676 29
D 687 59 11 688 101 69 290 285 341 336 393 386 441 437 484 480 536 532 579 574 625 619 693 734 8
D 741 23 2 40 67 42 8
D 740 21 2 38 741 43 8
D 743 23 2 40 41 42 29
D 742 21 2 38 743 43 29
D 739 25 2 740 681 742 8
D 748 119 6 499 506 550 453 593 409 707 304 637 355 710 8
D 751 139 6 716 306 644 357 514 508 563 455 607 411 718 8
D 753 125 2 209 369 204 207
D 752 123 3 199 753 464 422 465 29
D 750 129 6 512 751 417 601 364 650 460 556 314 720 752 8
D 749 119 2 183 750 265 8
D 747 109 7 497 748 320 713 168 749 370 641 423 599 466 554 523 8
D 746 99 11 700 302 632 353 586 407 542 451 491 496 447 548 401 591 348 635 297 705 135 747 724 8
D 745 79 11 694 296 626 347 580 400 537 446 485 490 442 541 394 585 342 631 291 699 102 746 729 8
D 744 59 11 688 290 69 341 285 393 336 441 386 484 437 536 480 579 532 625 574 693 619 745 734 8
D 755 21 2 43 39 38 8
D 756 21 2 43 66 38 29
D 754 25 2 755 681 756 8
D 761 119 6 550 506 499 555 593 453 637 409 707 355 710 8
D 764 139 6 716 357 514 557 563 508 607 455 644 411 718 8
D 765 123 3 464 422 199 369 465 29
D 763 129 5 512 764 460 601 417 650 364 720 765 8
D 762 119 2 183 763 265 8
D 760 109 7 497 761 370 713 320 749 168 762 423 641 466 599 523 8
D 759 99 11 700 353 632 407 586 451 542 496 491 548 447 591 401 635 348 705 297 747 135 760 724 8
D 758 79 11 694 347 626 400 580 446 537 490 485 541 442 585 394 631 342 699 291 746 102 759 729 8
D 757 59 11 688 341 69 393 285 441 336 484 386 536 437 579 480 625 532 693 574 745 619 758 734 8
D 769 31 2 53 62 51 8
D 770 31 2 53 52 51 29
D 768 33 2 769 54 770 8
D 767 29 2 45 768 63 8
D 766 25 2 37 767 65 8
D 775 119 6 593 506 550 555 499 600 637 453 707 409 710 8
D 778 139 6 514 602 563 557 607 508 644 455 716 411 718 8
D 780 121 2 202 201 200 29
D 779 123 2 780 422 465 29
D 777 129 4 460 650 512 778 417 720 779 8
D 776 119 2 183 777 265 8
D 774 109 7 497 775 423 713 370 749 320 762 168 776 466 641 523 8
D 773 99 11 700 407 632 451 586 496 542 548 491 591 447 635 401 705 348 747 297 760 135 774 724 8
D 772 79 11 694 400 626 446 580 490 537 541 485 585 442 631 394 699 342 746 291 759 102 773 729 8
D 771 59 11 688 393 69 441 285 484 336 536 386 579 437 625 480 693 532 745 574 758 619 772 734 8
D 783 27 2 48 47 46 8
D 784 27 2 48 64 46 29
D 782 29 2 783 682 784 8
D 781 25 2 37 782 65 8
D 789 119 6 637 506 593 555 550 600 499 642 707 453 710 8
D 792 139 6 563 602 607 557 644 508 716 455 514 651 718 8
D 793 123 2 201 422 211 29
D 791 129 3 460 720 512 792 793 8
D 790 119 2 183 791 265 8
D 788 109 7 497 789 466 713 423 749 370 762 320 776 168 790 523 8
D 787 99 11 700 451 632 496 586 548 542 591 491 635 447 705 401 747 348 760 297 774 135 788 724 8
D 786 79 11 694 446 626 490 580 541 537 585 485 631 442 699 394 746 342 759 291 773 102 787 729 8
D 785 59 11 688 441 69 484 285 536 336 579 386 625 437 693 480 745 532 758 574 772 619 786 734 8
D 796 27 2 46 64 48 8
D 797 27 2 46 47 48 29
D 795 29 2 796 682 797 8
D 794 25 2 37 795 65 8
D 802 119 6 707 506 637 555 593 600 550 642 499 714 710 8
D 805 139 6 607 602 644 557 716 508 563 651 514 721 718 8
D 806 123 2 199 422 210 29
D 804 129 2 512 805 806 8
D 803 119 2 183 804 265 8
D 801 109 7 466 749 497 802 423 762 370 776 320 790 168 803 523 8
D 800 99 11 700 496 632 548 586 591 542 635 491 705 447 747 401 760 348 774 297 788 135 801 724 8
D 799 79 11 694 490 626 541 580 585 537 631 485 699 442 746 394 759 342 773 291 787 102 800 729 8
D 798 59 11 688 484 69 536 285 579 336 625 386 693 437 745 480 758 532 772 574 786 619 799 734 8
D 810 35 2 60 56 55 8
D 809 33 2 683 810 684 8
D 808 29 2 45 809 63 8
D 807 25 2 37 808 65 8
D 815 119 6 707 555 637 600 593 642 550 714 499 750 710 8
D 821 137 2 223 260 221 29
D 820 135 2 219 821 224 259
D 819 133 3 214 820 648 258 649 29
D 818 139 5 644 602 716 557 607 651 563 721 819 8
D 817 129 2 512 818 806 8
D 816 119 2 183 817 265 8
D 814 109 7 466 762 497 815 423 776 370 790 320 803 168 816 523 8
D 813 99 11 700 548 632 591 586 635 542 705 491 747 447 760 401 774 348 788 297 801 135 814 724 8
D 812 79 11 694 541 626 585 580 631 537 699 485 746 442 759 394 773 342 787 291 800 102 813 729 8
D 811 59 11 688 536 69 579 285 625 336 693 386 745 437 758 480 772 532 786 574 799 619 812 734 8
D 826 37 2 59 58 57 8
D 825 35 2 55 826 60 8
D 824 33 2 683 825 684 8
D 823 29 2 45 824 63 8
D 822 25 2 37 823 65 8
D 831 119 6 707 600 637 642 593 714 550 750 499 763 710 8
D 836 135 2 224 259 219 29
D 835 133 3 648 258 214 836 649 29
D 834 139 4 716 602 644 651 607 721 835 8
D 833 129 2 512 834 806 8
D 832 119 2 183 833 265 8
D 830 109 7 466 776 497 831 423 790 370 803 320 816 168 832 523 8
D 829 99 11 700 591 632 635 586 705 542 747 491 760 447 774 401 788 348 801 297 814 135 830 724 8
D 828 79 11 694 585 626 631 580 699 537 746 485 759 442 773 394 787 342 800 291 813 102 829 729 8
D 827 59 11 688 579 69 625 285 693 336 745 386 758 437 772 480 786 532 799 574 812 619 828 734 8
L 842 38 20
D 841 37 2 57 842 59 8
D 840 35 2 55 841 60 8
D 839 33 2 683 840 684 8
D 838 29 2 45 839 63 8
D 837 25 2 37 838 65 8
D 847 119 6 707 642 637 714 593 750 550 763 499 777 710 8
D 851 133 3 645 258 214 836 217 29
D 850 139 3 716 651 644 721 851 8
D 849 129 2 512 850 806 8
D 848 119 2 183 849 265 8
D 846 109 7 466 790 497 847 423 803 370 816 320 832 168 848 523 8
D 845 99 11 700 635 632 705 586 747 542 760 491 774 447 788 401 801 348 814 297 830 135 846 724 8
D 844 79 11 694 631 626 699 580 746 537 759 485 773 442 787 394 800 342 813 291 829 102 845 729 8
D 843 59 11 688 625 69 693 285 745 336 758 386 772 437 786 480 799 532 812 574 828 619 844 734 8
D 854 23 2 42 41 40 67
D 853 21 2 38 854 43 39
D 858 37 2 57 842 59 29
D 857 35 2 55 858 60 29
D 856 33 2 683 857 684 29
D 855 29 2 45 856 63 29
D 860 27 2 48 47 46 64
D 862 31 2 53 62 51 52
D 864 37 2 57 58 59 842
D 863 35 2 60 858 55 864
D 865 31 2 53 52 51 8
D 861 33 3 862 857 683 863 865 29
D 866 27 2 48 64 46 8
D 859 29 3 860 856 45 861 866 29
D 868 23 2 42 67 40 8
D 867 21 2 38 868 43 66
D 852 25 3 853 855 37 859 867 29
D 35 39 11 36 68 678 687 739 744 754 757 766 771 781 785 794 798 807 811 822 827 837 843 852 8
D 871 3 2 7 6 5 8
D 870 1 2 3 871 9 8
D 874 11 2 17 28 19 8
D 875 11 2 17 18 19 29
D 873 13 2 874 20 875 8
D 872 9 2 11 873 30 8
D 877 3 2 7 34 5 29
D 876 1 2 3 877 9 29
D 869 5 2 870 872 876 8
D 883 119 6 707 714 637 750 593 763 550 777 499 791 710 8
D 887 133 2 214 836 225 29
D 886 139 2 716 721 887 8
D 885 129 2 512 886 806 8
D 884 119 2 183 885 265 8
D 882 109 7 466 803 497 883 423 816 370 832 320 848 168 884 523 8
D 881 99 11 700 705 632 747 586 760 542 774 491 788 447 801 401 814 348 830 297 846 135 882 724 8
D 880 79 11 694 699 626 746 580 759 537 773 485 787 442 800 394 813 342 829 291 845 102 881 729 8
D 879 59 11 688 693 69 745 285 758 336 772 386 786 437 799 480 812 532 828 574 844 619 880 734 8
D 878 39 11 36 687 678 744 739 757 754 771 766 785 781 798 794 811 807 827 822 843 837 879 852 8
D 890 3 2 5 34 7 8
D 889 1 2 3 890 9 8
D 892 3 2 5 6 7 29
D 891 1 2 3 892 9 29
D 888 5 2 889 872 891 8
D 898 119 6 707 750 637 763 593 777 550 791 499 804 710 8
D 900 105 2 179 375 174 177
D 899 103 3 169 900 470 428 471 29
D 897 109 6 466 816 497 898 423 832 370 848 320 884 899 8
D 896 99 11 700 747 632 760 586 774 542 788 491 801 447 814 401 830 348 846 297 882 135 897 724 8
D 895 79 11 694 746 626 759 580 773 537 787 485 800 442 813 394 829 342 845 291 881 102 896 729 8
D 894 59 11 688 745 69 758 285 772 336 786 386 799 437 812 480 828 532 844 574 880 619 895 734 8
D 893 39 11 36 744 678 757 739 771 754 785 766 798 781 811 794 827 807 843 822 879 837 894 852 8
D 902 1 2 9 4 3 8
D 903 1 2 9 33 3 29
D 901 5 2 902 872 903 8
D 909 119 6 707 763 637 777 593 791 550 804 499 817 710 8
D 910 103 3 470 428 169 375 471 29
D 908 109 5 466 832 497 909 423 848 370 884 910 8
D 907 99 11 700 760 632 774 586 788 542 801 491 814 447 830 401 846 348 882 297 897 135 908 724 8
D 906 79 11 694 759 626 773 580 787 537 800 485 813 442 829 394 845 342 881 291 896 102 907 729 8
D 905 59 11 688 758 69 772 285 786 336 799 386 812 437 828 480 844 532 880 574 895 619 906 734 8
D 904 39 11 36 757 678 771 739 785 754 798 766 811 781 827 794 843 807 879 822 894 837 905 852 8
D 914 11 2 19 28 17 8
D 915 11 2 19 18 17 29
D 913 13 2 914 20 915 8
D 912 9 2 11 913 30 8
D 911 5 2 2 912 32 8
D 921 119 6 707 777 637 791 593 804 550 817 499 833 710 8
D 923 101 2 172 171 170 29
D 922 103 2 923 428 471 29
D 920 109 4 466 848 497 921 423 884 922 8
D 919 99 11 700 774 632 788 586 801 542 814 491 830 447 846 401 882 348 897 297 908 135 920 724 8
D 918 79 11 694 773 626 787 580 800 537 813 485 829 442 845 394 881 342 896 291 907 102 919 729 8
D 917 59 11 688 772 69 786 285 799 336 812 386 828 437 844 480 880 532 895 574 906 619 918 734 8
D 916 39 11 36 771 678 785 739 798 754 811 766 827 781 843 794 879 807 894 822 905 837 917 852 8
D 926 7 2 14 13 12 8
D 927 7 2 14 31 12 29
D 925 9 2 926 873 927 8
D 924 5 2 2 925 32 8
D 933 119 6 707 791 637 804 593 817 550 833 499 849 710 8
D 934 103 2 171 428 181 29
D 932 109 3 466 884 497 933 934 8
D 931 99 11 700 788 632 801 586 814 542 830 491 846 447 882 401 897 348 908 297 920 135 932 724 8
D 930 79 11 694 787 626 800 580 813 537 829 485 845 442 881 394 896 342 907 291 919 102 931 729 8
D 929 59 11 688 786 69 799 285 812 336 828 386 844 437 880 480 895 532 906 574 918 619 930 734 8
D 928 39 11 36 785 678 798 739 811 754 827 766 843 781 879 794 894 807 905 822 917 837 929 852 8
D 937 7 2 12 31 14 8
D 938 7 2 12 13 14 29
D 936 9 2 937 873 938 8
D 935 5 2 2 936 32 8
D 944 119 6 707 804 637 817 593 833 550 849 499 885 710 8
D 945 103 2 169 428 180 29
D 943 109 2 497 944 945 8
D 942 99 11 700 801 632 814 586 830 542 846 491 882 447 897 401 908 348 920 297 932 135 943 724 8
D 941 79 11 694 800 626 813 580 829 537 845 485 881 442 896 394 907 342 919 291 931 102 942 729 8
D 940 59 11 688 799 69 812 285 828 336 844 386 880 437 895 480 906 532 918 574 930 619 941 734 8
D 939 39 11 36 798 678 811 739 827 754 843 766 879 781 894 794 905 807 917 822 929 837 940 852 8
D 949 15 2 26 22 21 8
D 948 13 2 874 949 875 8
D 947 9 2 11 948 30 8
D 946 5 2 2 947 32 8
D 958 117 2 191 192 193 29
D 957 115 2 194 267 189 958
D 956 113 3 184 957 597 266 598 29
D 955 119 5 707 817 637 833 593 849 550 885 956 8
D 954 109 2 497 955 945 8
D 953 99 11 700 814 632 830 586 846 542 882 491 897 447 908 401 920 348 932 297 943 135 954 724 8
D 952 79 11 694 813 626 829 580 845 537 881 485 896 442 907 394 919 342 931 291 942 102 953 729 8
D 951 59 11 688 812 69 828 285 844 336 880 386 895 437 906 480 918 532 930 574 941 619 952 734 8
D 950 39 11 36 811 678 827 739 843 754 879 766 894 781 905 794 917 807 929 822 940 837 951 852 8
D 963 17 2 25 24 23 8
D 962 15 2 21 963 26 8
D 961 13 2 874 962 875 8
D 960 9 2 11 961 30 8
D 959 5 2 2 960 32 8
D 970 113 3 184 957 594 266 196 29
D 969 119 4 707 833 637 849 593 885 970 8
D 968 109 2 497 969 945 8
D 967 99 11 700 830 632 846 586 882 542 897 491 908 447 920 401 932 348 943 297 954 135 968 724 8
D 966 79 11 694 829 626 845 580 881 537 896 485 907 442 919 394 931 342 942 291 953 102 967 729 8
D 965 59 11 688 828 69 844 285 880 336 895 386 906 437 918 480 930 532 941 574 952 619 966 734 8
D 964 39 11 36 827 678 843 739 879 754 894 766 905 781 917 794 929 807 940 822 951 837 965 852 8
L 976 18 10
D 975 17 2 23 976 25 8
D 974 15 2 21 975 26 8
D 973 13 2 874 974 875 8
D 972 9 2 11 973 30 8
D 971 5 2 2 972 32 8
D 983 113 2 184 957 195 29
D 982 119 3 707 849 637 885 983 8
D 981 109 2 497 982 945 8
D 980 99 11 700 846 632 882 586 897 542 908 491 920 447 932 401 943 348 954 297 968 135 981 724 8
D 979 79 11 694 845 626 881 580 896 537 907 485 919 442 931 394 942 342 953 291 967 102 980 729 8
D 978 59 11 688 844 69 880 285 895 336 906 386 918 437 930 480 941 532 952 574 966 619 979 734 8
D 977 39 11 36 843 678 879 739 894 754 905 766 917 781 929 794 940 807 951 822 965 837 978 852 8
D 988 17 2 23 24 25 976
D 989 17 2 23 976 25 29
D 987 15 2 21 988 26 989
D 990 11 2 19 28 17 18
D 991 15 2 21 989 26 29
D 992 11 2 19 18 17 8
D 986 13 3 874 987 990 991 992 29
D 993 7 2 14 13 12 31
D 994 13 2 874 991 875 29
D 995 7 2 14 31 12 8
D 985 9 3 11 986 993 994 995 29
D 997 3 2 7 6 5 34
D 996 1 2 3 997 9 4
D 998 9 2 11 994 30 29
D 1000 3 2 7 34 5 8
D 999 1 2 3 1000 9 33
D 984 5 3 2 985 996 998 999 29
D 0 19 11 1 35 869 878 888 893 901 904 911 916 924 928 935 939 946 950 959 964 971 977 984 8
