c ids of sdd nodes start at 0
c sdd nodes appear bottom-up, children before parents
c
c file syntax:
c sdd count-of-sdd-nodes
c F id-of-false-sdd-node
c T id-of-true-sdd-node
c L id-of-literal-sdd-node id-of-vtree literal
c D id-of-decomposition-sdd-node id-of-vtree number-of-elements {id-of-prime id-of-sub}*
c
sdd 999
L 3 0 -4
L 5 2 -2
L 6 4 -3
L 7 2 2
F 8
D 4 3 2 5 6 7 8
L 9 0 4
D 2 1 2 3 4 9 8
L 12 6 -6
L 13 8 -7
L 14 6 6
D 11 7 2 12 13 14 8
L 17 10 -5
L 18 12 1
L 19 10 5
D 16 11 2 17 18 19 8
L 21 14 -8
L 23 16 -9
L 24 18 -10
L 25 16 9
D 22 17 2 23 24 25 8
L 26 14 8
D 20 15 2 21 22 26 8
L 28 12 -1
T 29
D 27 11 2 17 28 19 29
D 15 13 2 16 20 27 8
L 31 8 7
D 30 7 2 12 31 14 29
D 10 9 2 11 15 30 8
L 34 4 3
D 33 3 2 5 34 7 29
D 32 1 2 3 33 9 29
D 1 5 2 2 10 32 8
L 38 20 -14
L 40 22 -12
L 41 24 -13
L 42 22 12
D 39 23 2 40 41 42 8
L 43 20 14
D 37 21 2 38 39 43 8
L 46 26 -16
L 47 28 -17
L 48 26 16
D 45 27 2 46 47 48 8
L 51 30 -15
L 52 32 11
L 53 30 15
D 50 31 2 51 52 53 8
L 55 34 -18
L 57 36 -19
L 58 38 -20
L 59 36 19
D 56 37 2 57 58 59 8
L 60 34 18
D 54 35 2 55 56 60 8
L 62 32 -11
D 61 31 2 51 62 53 29
D 49 33 2 50 54 61 8
L 64 28 17
D 63 27 2 46 64 48 29
D 44 29 2 45 49 63 8
L 67 24 13
D 66 23 2 40 67 42 29
D 65 21 2 38 66 43 29
D 36 25 2 37 44 65 8
L 71 40 -24
L 73 42 -22
L 74 44 23
L 75 42 22
D 72 43 2 73 74 75 8
L 76 40 24
D 70 41 2 71 72 76 8
L 79 46 -26
L 80 48 -27
L 81 46 26
D 78 47 2 79 80 81 8
L 84 50 -25
L 85 52 -21
L 86 50 25
D 83 51 2 84 85 86 8
L 88 54 -28
L 90 56 -29
L 91 58 -30
L 92 56 29
D 89 57 2 90 91 92 8
L 93 54 28
D 87 55 2 88 89 93 8
L 95 52 21
D 94 51 2 84 95 86 29
D 82 53 2 83 87 94 8
L 97 48 27
D 96 47 2 79 97 81 29
D 77 49 2 78 82 96 8
L 100 44 -23
D 99 43 2 73 100 75 29
D 98 41 2 71 99 76 29
D 69 45 2 70 77 98 8
L 104 60 -34
L 106 62 -32
L 107 64 -33
L 108 62 32
D 105 63 2 106 107 108 8
L 109 60 34
D 103 61 2 104 105 109 8
L 112 66 -36
L 113 68 -37
L 114 66 36
D 111 67 2 112 113 114 8
L 117 70 -35
L 118 72 -31
L 119 70 35
D 116 71 2 117 118 119 8
L 121 74 -38
L 123 76 -39
L 124 78 40
L 125 76 39
D 122 77 2 123 124 125 8
L 126 74 38
D 120 75 2 121 122 126 8
L 128 72 31
D 127 71 2 117 128 119 29
D 115 73 2 116 120 127 8
L 130 68 37
D 129 67 2 112 130 114 29
D 110 69 2 111 115 129 8
L 133 64 33
D 132 63 2 106 133 108 29
D 131 61 2 104 132 109 29
D 102 65 2 103 110 131 8
L 137 80 -42
L 139 82 -43
L 140 84 -44
L 141 82 43
D 138 83 2 139 140 141 8
L 142 80 42
D 136 81 2 137 138 142 8
L 145 86 -46
L 146 88 -47
L 147 86 46
D 144 87 2 145 146 147 8
L 150 90 -45
L 151 92 -41
L 152 90 45
D 149 91 2 150 151 152 8
L 154 94 -48
L 156 96 -49
L 157 98 50
L 158 96 49
D 155 97 2 156 157 158 8
L 159 94 48
D 153 95 2 154 155 159 8
L 161 92 41
D 160 91 2 150 161 152 29
D 148 93 2 149 153 160 8
L 163 88 47
D 162 87 2 145 163 147 29
D 143 89 2 144 148 162 8
L 166 84 44
D 165 83 2 139 166 141 29
D 164 81 2 137 165 142 29
D 135 85 2 136 143 164 8
L 170 100 -56
L 171 102 -57
L 172 100 56
D 169 101 2 170 171 172 8
L 174 104 -58
L 176 106 -59
L 177 108 60
L 178 106 59
D 175 107 2 176 177 178 8
L 179 104 58
D 173 105 2 174 175 179 8
L 181 102 57
D 180 101 2 170 181 172 29
D 168 103 2 169 173 180 8
L 185 110 -53
L 186 112 -54
L 187 110 53
D 184 111 2 185 186 187 8
L 189 114 -52
L 191 116 -55
L 192 118 -51
L 193 116 55
D 190 117 2 191 192 193 8
L 194 114 52
D 188 115 2 189 190 194 8
L 196 112 54
D 195 111 2 185 196 187 29
D 183 113 2 184 188 195 8
L 200 120 -76
L 201 122 -77
L 202 120 76
D 199 121 2 200 201 202 8
L 204 124 -78
L 206 126 -79
L 207 128 80
L 208 126 79
D 205 127 2 206 207 208 8
L 209 124 78
D 203 125 2 204 205 209 8
L 211 122 77
D 210 121 2 200 211 202 29
D 198 123 2 199 203 210 8
L 215 130 -73
L 216 132 -72
L 217 130 73
D 214 131 2 215 216 217 8
L 219 134 -71
L 221 136 -74
L 222 138 -75
L 223 136 74
D 220 137 2 221 222 223 8
L 224 134 71
D 218 135 2 219 220 224 8
L 226 132 72
D 225 131 2 215 226 217 29
D 213 133 2 214 218 225 8
L 229 140 -61
L 230 142 -62
L 231 140 61
D 228 141 2 229 230 231 8
L 234 144 -63
L 235 146 -64
L 236 144 63
D 233 145 2 234 235 236 8
L 238 148 -65
L 240 150 -66
L 242 152 -67
L 244 154 -68
L 246 156 -69
L 247 158 70
L 248 156 69
D 245 157 2 246 247 248 8
L 249 154 68
D 243 155 2 244 245 249 8
L 250 152 67
D 241 153 2 242 243 250 8
L 251 150 66
D 239 151 2 240 241 251 8
L 252 148 65
D 237 149 2 238 239 252 8
L 254 146 64
D 253 145 2 234 254 236 29
D 232 147 2 233 237 253 8
L 256 142 62
D 255 141 2 229 256 231 29
D 227 143 2 228 232 255 8
L 260 138 75
D 259 137 2 221 260 223 29
D 258 135 2 219 259 224 29
D 257 133 2 214 258 225 29
D 212 139 2 213 227 257 8
L 264 128 -80
D 263 127 2 206 264 208 29
D 262 125 2 204 263 209 29
D 261 123 2 199 262 210 29
D 197 129 2 198 212 261 8
L 268 118 51
D 267 117 2 191 268 193 29
D 266 115 2 189 267 194 29
D 265 113 2 184 266 195 29
D 182 119 2 183 197 265 8
L 272 108 -60
D 271 107 2 176 272 178 29
D 270 105 2 174 271 179 29
D 269 103 2 169 270 180 29
D 167 109 2 168 182 269 8
L 278 98 -50
D 277 97 2 156 278 158 29
D 276 95 2 154 277 159 29
D 275 93 2 149 276 160 29
D 274 89 2 144 275 162 29
D 273 85 2 136 274 164 29
D 134 99 2 135 167 273 8
L 284 78 -40
D 283 77 2 123 284 125 29
D 282 75 2 121 283 126 29
D 281 73 2 116 282 127 29
D 280 69 2 111 281 129 29
D 279 65 2 103 280 131 29
D 101 79 2 102 134 279 8
D 287 43 2 73 100 75 8
D 286 41 2 76 287 71 8
D 289 43 2 73 74 75 29
D 288 41 2 76 289 71 29
D 285 45 2 286 77 288 8
D 295 77 2 125 284 123 8
D 294 75 2 121 295 126 8
D 293 73 2 116 294 127 8
D 292 69 2 111 293 129 8
D 291 65 2 103 292 131 8
D 301 97 2 158 278 156 8
D 300 95 2 154 301 159 8
D 299 93 2 149 300 160 8
D 298 89 2 144 299 162 8
D 297 85 2 136 298 164 8
L 313 158 -70
D 312 157 2 248 313 246 8
D 311 155 2 244 312 249 8
D 310 153 2 242 311 250 8
D 309 151 2 240 310 251 8
D 308 149 2 238 309 252 8
D 307 147 2 233 308 253 8
D 306 143 2 228 307 255 8
D 305 139 2 213 306 257 8
D 316 127 2 208 264 206 8
D 315 125 2 204 316 209 8
D 314 123 2 199 315 210 8
D 319 127 2 206 264 208 207
D 318 125 2 204 319 209 29
D 317 123 2 199 318 210 29
D 304 129 3 198 305 314 212 317 8
D 303 119 2 183 304 265 8
D 322 107 2 178 272 176 8
D 321 105 2 174 322 179 8
D 320 103 2 169 321 180 8
D 325 107 2 176 272 178 177
D 324 105 2 174 325 179 29
D 323 103 2 169 324 180 29
D 302 109 3 168 303 320 182 323 8
D 330 97 2 156 278 158 157
D 329 95 2 154 330 159 29
D 328 93 2 149 329 160 29
D 327 89 2 144 328 162 29
D 326 85 2 136 327 164 29
D 296 99 3 297 167 135 302 326 8
D 335 77 2 123 284 125 124
D 334 75 2 121 335 126 29
D 333 73 2 116 334 127 29
D 332 69 2 111 333 129 29
D 331 65 2 103 332 131 29
D 290 79 3 291 134 102 296 331 8
D 337 41 2 71 287 76 8
D 340 51 2 86 85 84 8
D 341 51 2 86 95 84 29
D 339 53 2 340 87 341 8
D 338 49 2 78 339 96 8
D 342 41 2 71 289 76 29
D 336 45 2 337 338 342 8
D 348 77 2 123 284 125 8
D 347 75 2 126 348 121 8
D 346 73 2 116 347 127 8
D 345 69 2 111 346 129 8
D 344 65 2 103 345 131 8
D 354 97 2 156 278 158 8
D 353 95 2 159 354 154 8
D 352 93 2 149 353 160 8
D 351 89 2 144 352 162 8
D 350 85 2 136 351 164 8
D 365 157 2 246 313 248 8
D 364 155 2 249 365 244 8
D 363 153 2 242 364 250 8
D 362 151 2 240 363 251 8
D 361 149 2 238 362 252 8
D 360 147 2 233 361 253 8
D 359 143 2 228 360 255 8
D 358 139 2 213 359 257 8
D 368 127 2 206 264 208 8
D 367 125 2 209 368 204 8
D 366 123 2 199 367 210 8
D 371 127 2 206 207 208 29
D 370 125 2 204 319 209 371
D 369 123 2 199 370 210 29
D 357 129 4 198 358 314 305 366 212 369 8
D 356 119 2 183 357 265 8
D 374 107 2 176 272 178 8
D 373 105 2 179 374 174 8
D 372 103 2 169 373 180 8
D 377 107 2 176 177 178 29
D 376 105 2 174 325 179 377
D 375 103 2 169 376 180 29
D 355 109 4 168 356 320 303 372 182 375 8
D 382 97 2 156 157 158 29
D 381 95 2 159 382 154 330
D 380 93 2 149 381 160 29
D 379 89 2 144 380 162 29
D 378 85 2 136 379 164 29
D 349 99 4 350 167 297 302 135 355 378 8
D 387 77 2 123 124 125 29
D 386 75 2 126 387 121 335
D 385 73 2 116 386 127 29
D 384 69 2 111 385 129 29
D 383 65 2 103 384 131 29
D 343 79 4 344 134 291 296 102 349 383 8
D 390 47 2 81 80 79 8
D 391 47 2 81 97 79 29
D 389 49 2 390 82 391 8
D 388 45 2 337 389 342 8
D 395 67 2 112 130 114 8
D 397 75 2 121 348 126 8
D 396 73 2 116 397 127 8
D 398 67 2 112 113 114 29
D 394 69 2 395 396 398 8
D 393 65 2 103 394 131 8
D 402 87 2 145 163 147 8
D 404 95 2 154 354 159 8
D 403 93 2 149 404 160 8
D 405 87 2 145 146 147 29
D 401 89 2 402 403 405 8
D 400 85 2 136 401 164 8
D 415 155 2 244 365 249 8
D 414 153 2 250 415 242 8
D 413 151 2 240 414 251 8
D 412 149 2 238 413 252 8
D 411 147 2 233 412 253 8
D 410 143 2 228 411 255 8
D 409 139 2 213 410 257 8
D 417 121 2 200 211 202 8
D 418 125 2 204 368 209 8
D 419 121 2 200 201 202 29
D 416 123 2 417 418 419 8
D 421 125 2 204 371 209 29
D 420 123 3 199 370 417 421 202 29
D 408 129 5 198 409 314 358 366 305 416 212 420 8
D 407 119 2 183 408 265 8
D 423 101 2 170 181 172 8
D 424 105 2 174 374 179 8
D 425 101 2 170 171 172 29
D 422 103 2 423 424 425 8
D 427 105 2 174 377 179 29
D 426 103 3 169 376 423 427 172 29
D 406 109 5 168 407 320 356 372 303 422 182 426 8
D 431 95 2 154 382 159 29
D 430 93 2 149 431 160 29
D 429 89 3 144 380 402 430 147 29
D 428 85 2 136 429 164 29
D 399 99 5 400 167 350 302 297 355 135 406 428 8
D 435 75 2 121 387 126 29
D 434 73 2 116 435 127 29
D 433 69 3 111 385 395 434 114 29
D 432 65 2 103 433 131 29
D 392 79 5 393 134 344 296 291 349 102 399 432 8
D 438 47 2 79 97 81 8
D 439 47 2 79 80 81 29
D 437 49 2 438 82 439 8
D 436 45 2 337 437 342 8
D 443 67 2 114 113 112 8
D 444 67 2 114 130 112 29
D 442 69 2 443 396 444 8
D 441 65 2 103 442 131 8
D 448 87 2 147 146 145 8
D 449 87 2 147 163 145 29
D 447 89 2 448 403 449 8
D 446 85 2 136 447 164 8
D 458 153 2 242 415 250 8
D 457 151 2 251 458 240 8
D 456 149 2 238 457 252 8
D 455 147 2 233 456 253 8
D 454 143 2 228 455 255 8
D 453 139 2 213 454 257 8
D 460 121 2 202 201 200 8
D 461 121 2 202 211 200 29
D 459 123 2 460 418 461 8
D 463 121 2 202 201 200 211
D 464 121 2 202 211 200 8
D 462 123 3 199 370 463 421 464 29
D 452 129 6 198 453 314 409 366 358 416 305 459 212 462 8
D 451 119 2 183 452 265 8
D 466 101 2 172 171 170 8
D 467 101 2 172 181 170 29
D 465 103 2 466 424 467 8
D 469 101 2 172 171 170 181
D 470 101 2 172 181 170 8
D 468 103 3 169 376 469 427 470 29
D 450 109 6 168 451 320 407 372 356 422 303 465 182 468 8
D 473 87 2 147 146 145 163
D 474 87 2 147 163 145 8
D 472 89 3 144 380 473 430 474 29
D 471 85 2 136 472 164 29
D 445 99 6 446 167 400 302 350 355 297 406 135 450 471 8
D 477 67 2 114 113 112 130
D 478 67 2 114 130 112 8
D 476 69 3 111 385 477 434 478 29
D 475 65 2 103 476 131 29
D 440 79 6 441 134 393 296 344 349 291 399 102 445 475 8
D 482 55 2 93 89 88 8
D 481 53 2 83 482 94 8
D 480 49 2 78 481 96 8
D 479 45 2 337 480 342 8
D 487 71 2 119 118 117 8
D 488 71 2 119 128 117 29
D 486 73 2 487 397 488 8
D 485 69 2 111 486 129 8
D 484 65 2 103 485 131 8
D 493 91 2 152 151 150 8
D 494 91 2 152 161 150 29
D 492 93 2 493 404 494 8
D 491 89 2 144 492 162 8
D 490 85 2 136 491 164 8
D 496 103 2 169 424 180 8
D 500 117 2 193 192 191 8
D 499 115 2 189 500 194 8
D 498 113 2 184 499 195 8
D 503 117 2 193 268 191 29
D 502 115 2 189 503 194 29
D 501 113 2 184 502 195 29
D 497 119 2 498 197 501 8
D 510 151 2 240 458 251 8
D 509 149 2 252 510 238 8
D 508 147 2 233 509 253 8
D 507 143 2 228 508 255 8
D 506 139 2 213 507 257 8
D 511 123 2 199 418 210 8
D 515 137 2 221 260 223 8
D 514 135 2 219 515 224 8
D 513 133 2 214 514 225 8
D 518 137 2 221 222 223 29
D 517 135 2 219 518 224 29
D 516 133 2 214 517 225 29
D 512 139 2 513 227 516 8
D 521 127 2 208 207 206 8
D 520 125 2 204 521 209 371
D 519 123 3 199 520 463 421 464 29
D 505 129 7 198 506 511 512 314 453 366 409 416 358 459 305 519 8
D 504 119 2 183 505 265 8
D 524 107 2 178 177 176 8
D 523 105 2 174 524 179 377
D 522 103 3 169 523 469 427 470 29
D 495 109 7 496 497 168 504 320 451 372 407 422 356 465 303 522 8
D 527 93 3 493 431 149 381 161 29
D 526 89 3 144 527 473 430 474 29
D 525 85 2 136 526 164 29
D 489 99 7 490 167 446 302 400 355 350 406 297 450 135 495 525 8
D 530 73 3 487 435 116 386 128 29
D 529 69 3 111 530 477 434 478 29
D 528 65 2 103 529 131 29
D 483 79 7 484 134 441 296 393 349 344 399 291 445 102 489 528 8
D 535 57 2 92 91 90 8
D 534 55 2 88 535 93 8
D 533 53 2 83 534 94 8
D 532 49 2 78 533 96 8
D 531 45 2 337 532 342 8
D 538 61 2 109 105 104 8
D 539 69 2 111 396 129 8
D 540 61 2 109 132 104 29
D 537 65 2 538 539 540 8
D 544 83 2 139 166 141 8
D 543 81 2 137 544 142 8
D 545 89 2 144 403 162 8
D 547 83 2 139 140 141 29
D 546 81 2 137 547 142 29
D 542 85 2 543 545 546 8
D 551 111 2 185 196 187 8
D 552 111 2 185 186 187 29
D 550 113 2 551 188 552 8
D 553 113 3 184 502 551 266 187 29
D 549 119 3 498 304 550 197 553 8
D 559 145 2 234 254 236 8
D 560 149 2 238 510 252 8
D 561 145 2 234 235 236 29
D 558 147 2 559 560 561 8
D 557 143 2 228 558 255 8
D 556 139 2 213 557 257 8
D 565 137 2 223 222 221 8
D 564 135 2 219 565 224 8
D 563 133 2 214 564 225 8
D 568 137 2 221 222 223 260
D 567 135 2 219 568 224 29
D 566 133 2 214 567 225 29
D 562 139 3 563 227 513 306 566 8
D 555 129 7 198 556 511 562 314 506 366 453 416 409 459 358 519 8
D 554 119 2 183 555 265 8
D 548 109 7 496 549 168 554 320 504 372 451 422 407 465 356 522 8
D 570 89 2 144 430 162 29
D 571 81 2 137 141 142 29
D 569 85 3 136 526 543 570 571 29
D 541 99 8 542 167 490 302 446 355 400 406 350 450 297 495 135 548 569 8
D 573 69 2 111 434 129 29
D 572 65 3 103 529 538 573 132 29
D 536 79 8 537 134 484 296 441 349 393 399 344 445 291 489 102 541 572 8
L 579 58 30
D 578 57 2 90 579 92 8
D 577 55 2 88 578 93 8
D 576 53 2 83 577 94 8
D 575 49 2 78 576 96 8
D 574 45 2 337 575 342 8
D 583 63 2 106 133 108 8
D 582 61 2 104 583 109 8
D 585 63 2 106 107 108 29
D 584 61 2 104 585 109 29
D 581 65 2 582 539 584 8
D 589 83 2 141 140 139 8
D 588 81 2 137 589 142 8
D 591 83 2 141 166 139 29
D 590 81 2 137 591 142 29
D 587 85 2 588 545 590 8
D 595 111 2 187 186 185 8
D 596 111 2 187 196 185 29
D 594 113 2 595 188 596 8
D 598 111 2 187 186 185 196
D 599 111 2 187 196 185 8
D 597 113 3 184 502 598 266 599 29
D 593 119 4 550 304 498 357 594 197 597 8
D 605 145 2 236 235 234 8
D 606 145 2 236 254 234 29
D 604 147 2 605 560 606 8
D 603 143 2 228 604 255 8
D 602 139 2 213 603 257 8
D 609 131 2 217 216 215 8
D 610 131 2 217 226 215 29
D 608 133 2 609 218 610 8
D 611 133 3 214 567 609 258 226 29
D 607 139 4 608 227 563 306 513 359 611 8
D 601 129 7 198 602 511 607 314 556 366 506 416 453 459 409 519 8
D 600 119 2 183 601 265 8
D 592 109 7 496 593 168 600 320 554 372 504 422 451 465 407 522 8
D 614 83 2 141 140 139 166
D 613 81 2 137 614 142 8
D 616 83 2 141 166 139 8
D 615 81 2 137 616 142 29
D 612 85 3 136 526 613 570 615 29
D 586 99 9 587 167 542 302 490 355 446 406 400 450 350 495 297 548 135 592 612 8
D 618 61 2 104 583 109 105
D 619 61 2 109 132 104 108
D 617 65 3 103 529 618 573 619 29
D 580 79 9 581 134 537 296 484 349 441 399 393 445 344 489 291 541 102 586 617 8
D 624 57 2 90 579 92 29
D 623 55 2 88 624 93 29
D 626 57 2 90 91 92 579
D 625 55 2 93 624 88 626
D 622 53 3 340 623 83 625 95 29
D 627 47 2 81 80 79 97
D 628 53 2 83 623 94 29
D 629 47 2 81 97 79 8
D 621 49 3 78 622 627 628 629 29
D 630 41 2 71 72 76 287
D 631 49 2 78 628 96 29
D 632 41 2 76 289 71 75
D 620 45 3 337 621 630 631 632 29
D 68 59 9 69 101 285 290 336 343 388 392 436 440 479 483 531 536 574 580 620 8
D 635 23 2 42 41 40 8
D 634 21 2 38 635 43 8
D 638 31 2 51 62 53 8
D 639 31 2 51 52 53 29
D 637 33 2 638 54 639 8
D 636 29 2 45 637 63 8
D 641 23 2 42 67 40 29
D 640 21 2 38 641 43 29
D 633 25 2 634 636 640 8
D 645 43 2 75 100 73 8
D 644 41 2 71 645 76 8
D 647 43 2 75 74 73 29
D 646 41 2 71 647 76 29
D 643 45 2 644 77 646 8
D 651 63 2 108 107 106 8
D 650 61 2 104 651 109 8
D 653 63 2 108 133 106 29
D 652 61 2 104 653 109 29
D 649 65 2 650 539 652 8
D 656 81 2 142 138 137 8
D 657 81 2 142 165 137 29
D 655 85 2 656 545 657 8
D 661 115 2 194 190 189 8
D 660 113 2 184 661 195 8
D 663 115 2 189 503 194 267
D 662 113 3 184 663 598 266 599 29
D 659 119 5 498 408 594 304 550 357 660 197 662 8
D 668 131 2 215 226 217 8
D 669 131 2 215 216 217 29
D 667 133 2 668 218 669 8
D 671 131 2 217 216 215 226
D 672 131 2 217 226 215 8
D 670 133 3 214 567 671 258 672 29
D 666 139 5 667 227 608 306 563 359 513 410 670 8
D 675 141 2 229 256 231 8
D 676 147 2 233 560 253 8
D 677 141 2 229 230 231 29
D 674 143 2 675 676 677 8
D 673 139 2 213 674 257 8
D 665 129 7 511 666 314 602 198 673 366 556 416 506 459 453 519 8
D 664 119 2 183 665 265 8
D 658 109 7 496 659 168 664 320 600 372 554 422 504 465 451 522 8
D 679 81 2 137 614 142 138
D 680 81 2 137 616 142 165
D 678 85 3 136 526 679 570 680 29
D 654 99 10 655 167 587 302 542 355 490 406 446 450 400 495 350 548 297 592 135 658 678 8
D 683 63 2 108 107 106 133
D 682 61 2 104 683 109 105
D 685 63 2 108 133 106 8
D 684 61 2 104 685 109 132
D 681 65 3 103 529 682 573 684 29
D 648 79 10 649 134 581 296 537 349 484 399 441 445 393 489 344 541 291 586 102 654 681 8
D 688 43 2 75 100 73 74
D 687 41 2 71 688 76 287
D 690 43 2 75 74 73 8
D 689 41 2 71 690 76 289
D 686 45 3 337 621 687 631 689 29
D 642 59 10 643 101 69 290 285 343 336 392 388 440 436 483 479 536 531 580 574 648 686 8
D 693 23 2 40 67 42 8
D 692 21 2 38 693 43 8
D 695 23 2 40 41 42 29
D 694 21 2 38 695 43 29
D 691 25 2 692 636 694 8
D 700 51 2 84 95 86 8
D 701 51 2 84 85 86 29
D 699 53 2 700 87 701 8
D 698 49 2 78 699 96 8
D 697 45 2 337 698 342 8
D 706 71 2 117 128 119 8
D 707 71 2 117 118 119 29
D 705 73 2 706 397 707 8
D 704 69 2 111 705 129 8
D 703 65 2 103 704 131 8
D 712 91 2 150 161 152 8
D 713 91 2 150 151 152 29
D 711 93 2 712 404 713 8
D 710 89 2 144 711 162 8
D 709 85 2 136 710 164 8
D 718 117 2 191 268 193 8
D 717 115 2 189 718 194 8
D 716 113 2 184 717 195 8
D 721 117 2 191 192 193 268
D 720 115 2 189 721 194 267
D 719 113 3 184 720 598 266 599 29
D 715 119 6 498 452 550 408 660 304 594 357 716 197 719 8
D 726 135 2 224 220 219 8
D 725 133 2 214 726 225 8
D 728 135 2 219 568 224 259
D 727 133 3 214 728 671 258 672 29
D 724 139 6 725 227 667 306 608 359 513 454 563 410 727 8
D 731 141 2 231 230 229 8
D 732 141 2 231 256 229 29
D 730 143 2 731 676 732 8
D 729 139 2 213 730 257 8
D 723 129 7 511 724 366 602 314 673 416 556 198 729 459 506 519 8
D 722 119 2 183 723 265 8
D 714 109 7 496 715 168 722 320 664 372 600 422 554 465 504 522 8
D 736 91 2 152 151 150 161
D 737 91 2 152 161 150 8
D 735 93 3 736 431 149 381 737 29
D 734 89 3 473 430 144 735 474 29
D 733 85 3 679 570 136 734 680 29
D 708 99 11 709 167 655 302 587 355 542 406 490 450 446 495 400 548 350 592 297 658 135 714 733 8
D 741 71 2 119 118 117 128
D 742 71 2 119 128 117 8
D 740 73 3 741 435 116 386 742 29
D 739 69 3 477 434 111 740 478 29
D 738 65 3 682 573 103 739 684 29
D 702 79 11 703 134 649 296 581 349 537 399 484 445 441 489 393 541 344 586 291 654 102 708 738 8
D 746 51 2 86 85 84 95
D 747 51 2 86 95 84 8
D 745 53 3 746 623 83 625 747 29
D 744 49 3 627 628 78 745 629 29
D 743 45 3 687 631 337 744 689 29
D 696 59 11 697 101 643 290 69 343 285 392 336 440 388 483 436 536 479 580 531 648 574 702 743 8
D 749 21 2 43 39 38 8
D 750 21 2 43 66 38 29
D 748 25 2 749 636 750 8
D 755 119 6 498 505 550 452 594 408 716 304 660 357 719 8
D 758 139 6 725 306 667 359 513 507 563 454 608 410 727 8
D 760 125 2 209 371 204 207
D 759 123 3 199 760 463 421 464 29
D 757 129 6 511 758 416 602 366 673 459 556 314 729 759 8
D 756 119 2 183 757 265 8
D 754 109 7 496 755 320 722 168 756 372 664 422 600 465 554 522 8
D 753 99 11 709 302 655 355 587 406 542 450 490 495 446 548 400 592 350 658 297 714 135 754 733 8
D 752 79 11 703 296 649 349 581 399 537 445 484 489 441 541 393 586 344 654 291 708 102 753 738 8
D 751 59 11 697 290 643 343 69 392 285 440 336 483 388 536 436 580 479 648 531 702 574 752 743 8
D 764 31 2 53 62 51 8
D 765 31 2 53 52 51 29
D 763 33 2 764 54 765 8
D 762 29 2 45 763 63 8
D 761 25 2 37 762 65 8
D 770 119 6 550 505 498 555 594 452 660 408 716 357 719 8
D 773 139 6 725 359 513 557 563 507 608 454 667 410 727 8
D 774 123 3 463 421 199 371 464 29
D 772 129 5 511 773 459 602 416 673 366 729 774 8
D 771 119 2 183 772 265 8
D 769 109 7 496 770 372 722 320 756 168 771 422 664 465 600 522 8
D 768 99 11 709 355 655 406 587 450 542 495 490 548 446 592 400 658 350 714 297 754 135 769 733 8
D 767 79 11 703 349 649 399 581 445 537 489 484 541 441 586 393 654 344 708 291 753 102 768 738 8
D 766 59 11 697 343 643 392 69 440 285 483 336 536 388 580 436 648 479 702 531 752 574 767 743 8
D 777 27 2 48 47 46 8
D 778 27 2 48 64 46 29
D 776 29 2 777 637 778 8
D 775 25 2 37 776 65 8
D 783 119 6 594 505 550 555 498 601 660 452 716 408 719 8
D 786 139 6 513 603 563 557 608 507 667 454 725 410 727 8
D 788 121 2 202 201 200 29
D 787 123 2 788 421 464 29
D 785 129 4 459 673 511 786 416 729 787 8
D 784 119 2 183 785 265 8
D 782 109 7 496 783 422 722 372 756 320 771 168 784 465 664 522 8
D 781 99 11 709 406 655 450 587 495 542 548 490 592 446 658 400 714 350 754 297 769 135 782 733 8
D 780 79 11 703 399 649 445 581 489 537 541 484 586 441 654 393 708 344 753 291 768 102 781 738 8
D 779 59 11 697 392 643 440 69 483 285 536 336 580 388 648 436 702 479 752 531 767 574 780 743 8
D 791 27 2 46 64 48 8
D 792 27 2 46 47 48 29
D 790 29 2 791 637 792 8
D 789 25 2 37 790 65 8
D 797 119 6 660 505 594 555 550 601 498 665 716 452 719 8
D 800 139 6 563 603 608 557 667 507 725 454 513 674 727 8
D 801 123 2 201 421 211 29
D 799 129 3 459 729 511 800 801 8
D 798 119 2 183 799 265 8
D 796 109 7 496 797 465 722 422 756 372 771 320 784 168 798 522 8
D 795 99 11 709 450 655 495 587 548 542 592 490 658 446 714 400 754 350 769 297 782 135 796 733 8
D 794 79 11 703 445 649 489 581 541 537 586 484 654 441 708 393 753 344 768 291 781 102 795 738 8
D 793 59 11 697 440 643 483 69 536 285 580 336 648 388 702 436 752 479 767 531 780 574 794 743 8
D 805 35 2 60 56 55 8
D 804 33 2 638 805 639 8
D 803 29 2 45 804 63 8
D 802 25 2 37 803 65 8
D 810 119 6 716 505 660 555 594 601 550 665 498 723 719 8
D 813 139 6 608 603 667 557 725 507 563 674 513 730 727 8
D 814 123 2 199 421 210 29
D 812 129 2 511 813 814 8
D 811 119 2 183 812 265 8
D 809 109 7 465 756 496 810 422 771 372 784 320 798 168 811 522 8
D 808 99 11 709 495 655 548 587 592 542 658 490 714 446 754 400 769 350 782 297 796 135 809 733 8
D 807 79 11 703 489 649 541 581 586 537 654 484 708 441 753 393 768 344 781 291 795 102 808 738 8
D 806 59 11 697 483 643 536 69 580 285 648 336 702 388 752 436 767 479 780 531 794 574 807 743 8
D 819 37 2 59 58 57 8
D 818 35 2 55 819 60 8
D 817 33 2 638 818 639 8
D 816 29 2 45 817 63 8
D 815 25 2 37 816 65 8
D 824 119 6 716 555 660 601 594 665 550 723 498 757 719 8
D 830 137 2 223 260 221 29
D 829 135 2 219 830 224 259
D 828 133 3 214 829 671 258 672 29
D 827 139 5 667 603 725 557 608 674 563 730 828 8
D 826 129 2 511 827 814 8
D 825 119 2 183 826 265 8
D 823 109 7 465 771 496 824 422 784 372 798 320 811 168 825 522 8
D 822 99 11 709 548 655 592 587 658 542 714 490 754 446 769 400 782 350 796 297 809 135 823 733 8
D 821 79 11 703 541 649 586 581 654 537 708 484 753 441 768 393 781 344 795 291 808 102 822 738 8
D 820 59 11 697 536 643 580 69 648 285 702 336 752 388 767 436 780 479 794 531 807 574 821 743 8
L 836 38 20
D 835 37 2 57 836 59 8
D 834 35 2 55 835 60 8
D 833 33 2 638 834 639 8
D 832 29 2 45 833 63 8
D 831 25 2 37 832 65 8
D 841 119 6 716 601 660 665 594 723 550 757 498 772 719 8
D 846 135 2 224 259 219 29
D 845 133 3 671 258 214 846 672 29
D 844 139 4 725 603 667 674 608 730 845 8
D 843 129 2 511 844 814 8
D 842 119 2 183 843 265 8
D 840 109 7 465 784 496 841 422 798 372 811 320 825 168 842 522 8
D 839 99 11 709 592 655 658 587 714 542 754 490 769 446 782 400 796 350 809 297 823 135 840 733 8
D 838 79 11 703 586 649 654 581 708 537 753 484 768 441 781 393 795 344 808 291 822 102 839 738 8
D 837 59 11 697 580 643 648 69 702 285 752 336 767 388 780 436 794 479 807 531 821 574 838 743 8
D 849 23 2 42 41 40 67
D 848 21 2 38 849 43 39
D 853 37 2 57 836 59 29
D 852 35 2 55 853 60 29
D 851 33 2 638 852 639 29
D 850 29 2 45 851 63 29
D 855 27 2 48 47 46 64
D 857 31 2 53 62 51 52
D 859 37 2 57 58 59 836
D 858 35 2 60 853 55 859
D 860 31 2 53 52 51 8
D 856 33 3 857 852 638 858 860 29
D 861 27 2 48 64 46 8
D 854 29 3 855 851 45 856 861 29
D 863 23 2 42 67 40 8
D 862 21 2 38 863 43 66
D 847 25 3 848 850 37 854 862 29
D 35 39 11 36 68 633 642 691 696 748 751 761 766 775 779 789 793 802 806 815 820 831 837 847 8
D 866 3 2 7 6 5 8
D 865 1 2 3 866 9 8
D 869 11 2 17 28 19 8
D 870 11 2 17 18 19 29
D 868 13 2 869 20 870 8
D 867 9 2 11 868 30 8
D 872 3 2 7 34 5 29
D 871 1 2 3 872 9 29
D 864 5 2 865 867 871 8
D 878 119 6 716 665 660 723 594 757 550 772 498 785 719 8
D 882 133 3 668 258 214 846 217 29
D 881 139 3 725 674 667 730 882 8
D 880 129 2 511 881 814 8
D 879 119 2 183 880 265 8
D 877 109 7 465 798 496 878 422 811 372 825 320 842 168 879 522 8
D 876 99 11 709 658 655 714 587 754 542 769 490 782 446 796 400 809 350 823 297 840 135 877 733 8
D 875 79 11 703 654 649 708 581 753 537 768 484 781 441 795 393 808 344 822 291 839 102 876 738 8
D 874 59 11 697 648 643 702 69 752 285 767 336 780 388 794 436 807 479 821 531 838 574 875 743 8
D 873 39 11 36 642 633 696 691 751 748 766 761 779 775 793 789 806 802 820 815 837 831 874 847 8
D 885 3 2 5 34 7 8
D 884 1 2 3 885 9 8
D 887 3 2 5 6 7 29
D 886 1 2 3 887 9 29
D 883 5 2 884 867 886 8
D 893 119 6 716 723 660 757 594 772 550 785 498 799 719 8
D 897 133 2 214 846 225 29
D 896 139 2 725 730 897 8
D 895 129 2 511 896 814 8
D 894 119 2 183 895 265 8
D 892 109 7 465 811 496 893 422 825 372 842 320 879 168 894 522 8
D 891 99 11 709 714 655 754 587 769 542 782 490 796 446 809 400 823 350 840 297 877 135 892 733 8
D 890 79 11 703 708 649 753 581 768 537 781 484 795 441 808 393 822 344 839 291 876 102 891 738 8
D 889 59 11 697 702 643 752 69 767 285 780 336 794 388 807 436 821 479 838 531 875 574 890 743 8
D 888 39 11 36 696 633 751 691 766 748 779 761 793 775 806 789 820 802 837 815 874 831 889 847 8
D 899 1 2 9 4 3 8
D 900 1 2 9 33 3 29
D 898 5 2 899 867 900 8
D 906 119 6 716 757 660 772 594 785 550 799 498 812 719 8
D 908 105 2 179 377 174 177
D 907 103 3 169 908 469 427 470 29
D 905 109 6 465 825 496 906 422 842 372 879 320 894 907 8
D 904 99 11 709 754 655 769 587 782 542 796 490 809 446 823 400 840 350 877 297 892 135 905 733 8
D 903 79 11 703 753 649 768 581 781 537 795 484 808 441 822 393 839 344 876 291 891 102 904 738 8
D 902 59 11 697 752 643 767 69 780 285 794 336 807 388 821 436 838 479 875 531 890 574 903 743 8
D 901 39 11 36 751 633 766 691 779 748 793 761 806 775 820 789 837 802 874 815 889 831 902 847 8
D 912 11 2 19 28 17 8
D 913 11 2 19 18 17 29
D 911 13 2 912 20 913 8
D 910 9 2 11 911 30 8
D 909 5 2 2 910 32 8
D 919 119 6 716 772 660 785 594 799 550 812 498 826 719 8
D 920 103 3 469 427 169 377 470 29
D 918 109 5 465 842 496 919 422 879 372 894 920 8
D 917 99 11 709 769 655 782 587 796 542 809 490 823 446 840 400 877 350 892 297 905 135 918 733 8
D 916 79 11 703 768 649 781 581 795 537 808 484 822 441 839 393 876 344 891 291 904 102 917 738 8
D 915 59 11 697 767 643 780 69 794 285 807 336 821 388 838 436 875 479 890 531 903 574 916 743 8
D 914 39 11 36 766 633 779 691 793 748 806 761 820 775 837 789 874 802 889 815 902 831 915 847 8
D 923 7 2 14 13 12 8
D 924 7 2 14 31 12 29
D 922 9 2 923 868 924 8
D 921 5 2 2 922 32 8
D 930 119 6 716 785 660 799 594 812 550 826 498 843 719 8
D 932 101 2 172 171 170 29
D 931 103 2 932 427 470 29
D 929 109 4 465 879 496 930 422 894 931 8
D 928 99 11 709 782 655 796 587 809 542 823 490 840 446 877 400 892 350 905 297 918 135 929 733 8
D 927 79 11 703 781 649 795 581 808 537 822 484 839 441 876 393 891 344 904 291 917 102 928 738 8
D 926 59 11 697 780 643 794 69 807 285 821 336 838 388 875 436 890 479 903 531 916 574 927 743 8
D 925 39 11 36 779 633 793 691 806 748 820 761 837 775 874 789 889 802 902 815 915 831 926 847 8
D 935 7 2 12 31 14 8
D 936 7 2 12 13 14 29
D 934 9 2 935 868 936 8
D 933 5 2 2 934 32 8
D 942 119 6 716 799 660 812 594 826 550 843 498 880 719 8
D 943 103 2 171 427 181 29
D 941 109 3 465 894 496 942 943 8
D 940 99 11 709 796 655 809 587 823 542 840 490 877 446 892 400 905 350 918 297 929 135 941 733 8
D 939 79 11 703 795 649 808 581 822 537 839 484 876 441 891 393 904 344 917 291 928 102 940 738 8
D 938 59 11 697 794 643 807 69 821 285 838 336 875 388 890 436 903 479 916 531 927 574 939 743 8
D 937 39 11 36 793 633 806 691 820 748 837 761 874 775 889 789 902 802 915 815 926 831 938 847 8
D 947 15 2 26 22 21 8
D 946 13 2 869 947 870 8
D 945 9 2 11 946 30 8
D 944 5 2 2 945 32 8
D 953 119 6 716 812 660 826 594 843 550 880 498 895 719 8
D 954 103 2 169 427 180 29
D 952 109 2 496 953 954 8
D 951 99 11 709 809 655 823 587 840 542 877 490 892 446 905 400 918 350 929 297 941 135 952 733 8
D 950 79 11 703 808 649 822 581 839 537 876 484 891 441 904 393 917 344 928 291 940 102 951 738 8
D 949 59 11 697 807 643 821 69 838 285 875 336 890 388 903 436 916 479 927 531 939 574 950 743 8
D 948 39 11 36 806 633 820 691 837 748 874 761 889 775 902 789 915 802 926 815 938 831 949 847 8
D 959 17 2 25 24 23 8
D 958 15 2 21 959 26 8
D 957 13 2 869 958 870 8
D 956 9 2 11 957 30 8
D 955 5 2 2 956 32 8
D 968 117 2 191 192 193 29
D 967 115 2 194 267 189 968
D 966 113 3 184 967 598 266 599 29
D 965 119 5 716 826 660 843 594 880 550 895 966 8
D 964 109 2 496 965 954 8
D 963 99 11 709 823 655 840 587 877 542 892 490 905 446 918 400 929 350 941 297 952 135 964 733 8
D 962 79 11 703 822 649 839 581 876 537 891 484 904 441 917 393 928 344 940 291 951 102 963 738 8
D 961 59 11 697 821 643 838 69 875 285 890 336 903 388 916 436 927 479 939 531 950 574 962 743 8
D 960 39 11 36 820 633 837 691 874 748 889 761 902 775 915 789 926 802 938 815 949 831 961 847 8
L 974 18 10
D 973 17 2 23 974 25 8
D 972 15 2 21 973 26 8
D 971 13 2 869 972 870 8
D 970 9 2 11 971 30 8
D 969 5 2 2 970 32 8
D 981 113 3 184 967 595 266 196 29
D 980 119 4 716 843 660 880 594 895 981 8
D 979 109 2 496 980 954 8
D 978 99 11 709 840 655 877 587 892 542 905 490 918 446 929 400 941 350 952 297 964 135 979 733 8
D 977 79 11 703 839 649 876 581 891 537 904 484 917 441 928 393 940 344 951 291 963 102 978 738 8
D 976 59 11 697 838 643 875 69 890 285 903 336 916 388 927 436 939 479 950 531 962 574 977 743 8
D 975 39 11 36 837 633 874 691 889 748 902 761 915 775 926 789 938 802 949 815 961 831 976 847 8
D 986 17 2 23 24 25 974
D 987 17 2 23 974 25 29
D 985 15 2 21 986 26 987
D 988 11 2 19 28 17 18
D 989 15 2 21 987 26 29
D 990 11 2 19 18 17 8
D 984 13 3 869 985 988 989 990 29
D 991 7 2 14 13 12 31
D 992 13 2 869 989 870 29
D 993 7 2 14 31 12 8
D 983 9 3 11 984 991 992 993 29
D 995 3 2 7 6 5 34
D 994 1 2 3 995 9 4
D 996 9 2 11 992 30 29
D 998 3 2 7 34 5 8
D 997 1 2 3 998 9 33
D 982 5 3 2 983 994 996 997 29
D 0 19 11 1 35 864 873 883 888 898 901 909 914 921 925 933 937 944 948 955 960 969 975 982 8
