c ids of sdd nodes start at 0
c sdd nodes appear bottom-up, children before parents
c
c file syntax:
c sdd count-of-sdd-nodes
c F id-of-false-sdd-node
c T id-of-true-sdd-node
c L id-of-literal-sdd-node id-of-vtree literal
c D id-of-decomposition-sdd-node id-of-vtree number-of-elements {id-of-prime id-of-sub}*
c
sdd 995
L 3 0 -4
L 5 2 -2
L 6 4 -3
L 7 2 2
F 8
D 4 3 2 5 6 7 8
L 9 0 4
D 2 1 2 3 4 9 8
L 12 6 -6
L 13 8 -7
L 14 6 6
D 11 7 2 12 13 14 8
L 17 10 -5
L 18 12 1
L 19 10 5
D 16 11 2 17 18 19 8
L 21 14 -8
L 23 16 -9
L 24 18 -10
L 25 16 9
D 22 17 2 23 24 25 8
L 26 14 8
D 20 15 2 21 22 26 8
L 28 12 -1
T 29
D 27 11 2 17 28 19 29
D 15 13 2 16 20 27 8
L 31 8 7
D 30 7 2 12 31 14 29
D 10 9 2 11 15 30 8
L 34 4 3
D 33 3 2 5 34 7 29
D 32 1 2 3 33 9 29
D 1 5 2 2 10 32 8
L 38 20 -14
L 40 22 -12
L 41 24 -13
L 42 22 12
D 39 23 2 40 41 42 8
L 43 20 14
D 37 21 2 38 39 43 8
L 46 26 -16
L 47 28 -17
L 48 26 16
D 45 27 2 46 47 48 8
L 51 30 -15
L 52 32 11
L 53 30 15
D 50 31 2 51 52 53 8
L 55 34 -18
L 57 36 -19
L 58 38 -20
L 59 36 19
D 56 37 2 57 58 59 8
L 60 34 18
D 54 35 2 55 56 60 8
L 62 32 -11
D 61 31 2 51 62 53 29
D 49 33 2 50 54 61 8
L 64 28 17
D 63 27 2 46 64 48 29
D 44 29 2 45 49 63 8
L 67 24 13
D 66 23 2 40 67 42 29
D 65 21 2 38 66 43 29
D 36 25 2 37 44 65 8
L 71 40 24
L 73 42 -22
L 74 44 -23
L 75 42 22
D 72 43 2 73 74 75 8
L 76 40 -24
D 70 41 2 71 72 76 8
L 79 46 -26
L 80 48 -27
L 81 46 26
D 78 47 2 79 80 81 8
L 84 50 -25
L 85 52 -21
L 86 50 25
D 83 51 2 84 85 86 8
L 88 54 -28
L 90 56 -29
L 91 58 -30
L 92 56 29
D 89 57 2 90 91 92 8
L 93 54 28
D 87 55 2 88 89 93 8
L 95 52 21
D 94 51 2 84 95 86 29
D 82 53 2 83 87 94 8
L 97 48 27
D 96 47 2 79 97 81 29
D 77 49 2 78 82 96 8
L 100 44 23
D 99 43 2 73 100 75 29
D 98 41 2 71 99 76 29
D 69 45 2 70 77 98 8
L 104 60 -34
L 106 62 -32
L 107 64 -33
L 108 62 32
D 105 63 2 106 107 108 8
L 109 60 34
D 103 61 2 104 105 109 8
L 112 66 -36
L 113 68 -37
L 114 66 36
D 111 67 2 112 113 114 8
L 117 70 -35
L 118 72 -31
L 119 70 35
D 116 71 2 117 118 119 8
L 121 74 -38
L 123 76 -39
L 124 78 40
L 125 76 39
D 122 77 2 123 124 125 8
L 126 74 38
D 120 75 2 121 122 126 8
L 128 72 31
D 127 71 2 117 128 119 29
D 115 73 2 116 120 127 8
L 130 68 37
D 129 67 2 112 130 114 29
D 110 69 2 111 115 129 8
L 133 64 33
D 132 63 2 106 133 108 29
D 131 61 2 104 132 109 29
D 102 65 2 103 110 131 8
L 137 80 -42
L 139 82 -43
L 140 84 -44
L 141 82 43
D 138 83 2 139 140 141 8
L 142 80 42
D 136 81 2 137 138 142 8
L 145 86 -46
L 146 88 -47
L 147 86 46
D 144 87 2 145 146 147 8
L 150 90 -45
L 151 92 -41
L 152 90 45
D 149 91 2 150 151 152 8
L 154 94 -48
L 156 96 -49
L 157 98 50
L 158 96 49
D 155 97 2 156 157 158 8
L 159 94 48
D 153 95 2 154 155 159 8
L 161 92 41
D 160 91 2 150 161 152 29
D 148 93 2 149 153 160 8
L 163 88 47
D 162 87 2 145 163 147 29
D 143 89 2 144 148 162 8
L 166 84 44
D 165 83 2 139 166 141 29
D 164 81 2 137 165 142 29
D 135 85 2 136 143 164 8
L 170 100 -56
L 171 102 -57
L 172 100 56
D 169 101 2 170 171 172 8
L 174 104 -58
L 176 106 -59
L 177 108 60
L 178 106 59
D 175 107 2 176 177 178 8
L 179 104 58
D 173 105 2 174 175 179 8
L 181 102 57
D 180 101 2 170 181 172 29
D 168 103 2 169 173 180 8
L 185 110 -53
L 186 112 -54
L 187 110 53
D 184 111 2 185 186 187 8
L 189 114 -52
L 191 116 -55
L 192 118 -51
L 193 116 55
D 190 117 2 191 192 193 8
L 194 114 52
D 188 115 2 189 190 194 8
L 196 112 54
D 195 111 2 185 196 187 29
D 183 113 2 184 188 195 8
L 200 120 -76
L 201 122 -77
L 202 120 76
D 199 121 2 200 201 202 8
L 204 124 -78
L 206 126 -79
L 207 128 80
L 208 126 79
D 205 127 2 206 207 208 8
L 209 124 78
D 203 125 2 204 205 209 8
L 211 122 77
D 210 121 2 200 211 202 29
D 198 123 2 199 203 210 8
L 215 130 -73
L 216 132 -72
L 217 130 73
D 214 131 2 215 216 217 8
L 219 134 -71
L 221 136 -74
L 222 138 -75
L 223 136 74
D 220 137 2 221 222 223 8
L 224 134 71
D 218 135 2 219 220 224 8
L 226 132 72
D 225 131 2 215 226 217 29
D 213 133 2 214 218 225 8
L 229 140 -61
L 230 142 -62
L 231 140 61
D 228 141 2 229 230 231 8
L 234 144 -63
L 235 146 -64
L 236 144 63
D 233 145 2 234 235 236 8
L 238 148 -65
L 240 150 -66
L 242 152 -67
L 244 154 -68
L 246 156 -69
L 247 158 70
L 248 156 69
D 245 157 2 246 247 248 8
L 249 154 68
D 243 155 2 244 245 249 8
L 250 152 67
D 241 153 2 242 243 250 8
L 251 150 66
D 239 151 2 240 241 251 8
L 252 148 65
D 237 149 2 238 239 252 8
L 254 146 64
D 253 145 2 234 254 236 29
D 232 147 2 233 237 253 8
L 256 142 62
D 255 141 2 229 256 231 29
D 227 143 2 228 232 255 8
L 260 138 75
D 259 137 2 221 260 223 29
D 258 135 2 219 259 224 29
D 257 133 2 214 258 225 29
D 212 139 2 213 227 257 8
L 264 128 -80
D 263 127 2 206 264 208 29
D 262 125 2 204 263 209 29
D 261 123 2 199 262 210 29
D 197 129 2 198 212 261 8
L 268 118 51
D 267 117 2 191 268 193 29
D 266 115 2 189 267 194 29
D 265 113 2 184 266 195 29
D 182 119 2 183 197 265 8
L 272 108 -60
D 271 107 2 176 272 178 29
D 270 105 2 174 271 179 29
D 269 103 2 169 270 180 29
D 167 109 2 168 182 269 8
L 278 98 -50
D 277 97 2 156 278 158 29
D 276 95 2 154 277 159 29
D 275 93 2 149 276 160 29
D 274 89 2 144 275 162 29
D 273 85 2 136 274 164 29
D 134 99 2 135 167 273 8
L 284 78 -40
D 283 77 2 123 284 125 29
D 282 75 2 121 283 126 29
D 281 73 2 116 282 127 29
D 280 69 2 111 281 129 29
D 279 65 2 103 280 131 29
D 101 79 2 102 134 279 8
D 286 41 2 76 72 71 8
D 289 51 2 86 85 84 8
D 290 51 2 86 95 84 29
D 288 53 2 289 87 290 8
D 287 49 2 78 288 96 8
D 291 41 2 76 99 71 29
D 285 45 2 286 287 291 8
D 297 77 2 125 284 123 8
D 296 75 2 121 297 126 8
D 295 73 2 116 296 127 8
D 294 69 2 111 295 129 8
D 293 65 2 103 294 131 8
D 303 97 2 158 278 156 8
D 302 95 2 154 303 159 8
D 301 93 2 149 302 160 8
D 300 89 2 144 301 162 8
D 299 85 2 136 300 164 8
L 315 158 -70
D 314 157 2 248 315 246 8
D 313 155 2 244 314 249 8
D 312 153 2 242 313 250 8
D 311 151 2 240 312 251 8
D 310 149 2 238 311 252 8
D 309 147 2 233 310 253 8
D 308 143 2 228 309 255 8
D 307 139 2 213 308 257 8
D 318 127 2 208 264 206 8
D 317 125 2 204 318 209 8
D 316 123 2 199 317 210 8
D 321 127 2 206 264 208 207
D 320 125 2 204 321 209 29
D 319 123 2 199 320 210 29
D 306 129 3 198 307 316 212 319 8
D 305 119 2 183 306 265 8
D 324 107 2 178 272 176 8
D 323 105 2 174 324 179 8
D 322 103 2 169 323 180 8
D 327 107 2 176 272 178 177
D 326 105 2 174 327 179 29
D 325 103 2 169 326 180 29
D 304 109 3 168 305 322 182 325 8
D 332 97 2 156 278 158 157
D 331 95 2 154 332 159 29
D 330 93 2 149 331 160 29
D 329 89 2 144 330 162 29
D 328 85 2 136 329 164 29
D 298 99 3 299 167 135 304 328 8
D 337 77 2 123 284 125 124
D 336 75 2 121 337 126 29
D 335 73 2 116 336 127 29
D 334 69 2 111 335 129 29
D 333 65 2 103 334 131 29
D 292 79 3 293 134 102 298 333 8
D 340 47 2 81 80 79 8
D 341 47 2 81 97 79 29
D 339 49 2 340 82 341 8
D 338 45 2 286 339 291 8
D 347 77 2 123 284 125 8
D 346 75 2 126 347 121 8
D 345 73 2 116 346 127 8
D 344 69 2 111 345 129 8
D 343 65 2 103 344 131 8
D 353 97 2 156 278 158 8
D 352 95 2 159 353 154 8
D 351 93 2 149 352 160 8
D 350 89 2 144 351 162 8
D 349 85 2 136 350 164 8
D 364 157 2 246 315 248 8
D 363 155 2 249 364 244 8
D 362 153 2 242 363 250 8
D 361 151 2 240 362 251 8
D 360 149 2 238 361 252 8
D 359 147 2 233 360 253 8
D 358 143 2 228 359 255 8
D 357 139 2 213 358 257 8
D 367 127 2 206 264 208 8
D 366 125 2 209 367 204 8
D 365 123 2 199 366 210 8
D 370 127 2 206 207 208 29
D 369 125 2 204 321 209 370
D 368 123 2 199 369 210 29
D 356 129 4 198 357 316 307 365 212 368 8
D 355 119 2 183 356 265 8
D 373 107 2 176 272 178 8
D 372 105 2 179 373 174 8
D 371 103 2 169 372 180 8
D 376 107 2 176 177 178 29
D 375 105 2 174 327 179 376
D 374 103 2 169 375 180 29
D 354 109 4 168 355 322 305 371 182 374 8
D 381 97 2 156 157 158 29
D 380 95 2 159 381 154 332
D 379 93 2 149 380 160 29
D 378 89 2 144 379 162 29
D 377 85 2 136 378 164 29
D 348 99 4 349 167 299 304 135 354 377 8
D 386 77 2 123 124 125 29
D 385 75 2 126 386 121 337
D 384 73 2 116 385 127 29
D 383 69 2 111 384 129 29
D 382 65 2 103 383 131 29
D 342 79 4 343 134 293 298 102 348 382 8
D 389 47 2 79 97 81 8
D 390 47 2 79 80 81 29
D 388 49 2 389 82 390 8
D 387 45 2 286 388 291 8
D 394 67 2 112 130 114 8
D 396 75 2 121 347 126 8
D 395 73 2 116 396 127 8
D 397 67 2 112 113 114 29
D 393 69 2 394 395 397 8
D 392 65 2 103 393 131 8
D 401 87 2 145 163 147 8
D 403 95 2 154 353 159 8
D 402 93 2 149 403 160 8
D 404 87 2 145 146 147 29
D 400 89 2 401 402 404 8
D 399 85 2 136 400 164 8
D 414 155 2 244 364 249 8
D 413 153 2 250 414 242 8
D 412 151 2 240 413 251 8
D 411 149 2 238 412 252 8
D 410 147 2 233 411 253 8
D 409 143 2 228 410 255 8
D 408 139 2 213 409 257 8
D 416 121 2 200 211 202 8
D 417 125 2 204 367 209 8
D 418 121 2 200 201 202 29
D 415 123 2 416 417 418 8
D 420 125 2 204 370 209 29
D 419 123 3 199 369 416 420 202 29
D 407 129 5 198 408 316 357 365 307 415 212 419 8
D 406 119 2 183 407 265 8
D 422 101 2 170 181 172 8
D 423 105 2 174 373 179 8
D 424 101 2 170 171 172 29
D 421 103 2 422 423 424 8
D 426 105 2 174 376 179 29
D 425 103 3 169 375 422 426 172 29
D 405 109 5 168 406 322 355 371 305 421 182 425 8
D 430 95 2 154 381 159 29
D 429 93 2 149 430 160 29
D 428 89 3 144 379 401 429 147 29
D 427 85 2 136 428 164 29
D 398 99 5 399 167 349 304 299 354 135 405 427 8
D 434 75 2 121 386 126 29
D 433 73 2 116 434 127 29
D 432 69 3 111 384 394 433 114 29
D 431 65 2 103 432 131 29
D 391 79 5 392 134 343 298 293 348 102 398 431 8
D 438 55 2 93 89 88 8
D 437 53 2 83 438 94 8
D 436 49 2 78 437 96 8
D 435 45 2 286 436 291 8
D 442 67 2 114 113 112 8
D 443 67 2 114 130 112 29
D 441 69 2 442 395 443 8
D 440 65 2 103 441 131 8
D 447 87 2 147 146 145 8
D 448 87 2 147 163 145 29
D 446 89 2 447 402 448 8
D 445 85 2 136 446 164 8
D 457 153 2 242 414 250 8
D 456 151 2 251 457 240 8
D 455 149 2 238 456 252 8
D 454 147 2 233 455 253 8
D 453 143 2 228 454 255 8
D 452 139 2 213 453 257 8
D 459 121 2 202 201 200 8
D 460 121 2 202 211 200 29
D 458 123 2 459 417 460 8
D 462 121 2 202 201 200 211
D 463 121 2 202 211 200 8
D 461 123 3 199 369 462 420 463 29
D 451 129 6 198 452 316 408 365 357 415 307 458 212 461 8
D 450 119 2 183 451 265 8
D 465 101 2 172 171 170 8
D 466 101 2 172 181 170 29
D 464 103 2 465 423 466 8
D 468 101 2 172 171 170 181
D 469 101 2 172 181 170 8
D 467 103 3 169 375 468 426 469 29
D 449 109 6 168 450 322 406 371 355 421 305 464 182 467 8
D 472 87 2 147 146 145 163
D 473 87 2 147 163 145 8
D 471 89 3 144 379 472 429 473 29
D 470 85 2 136 471 164 29
D 444 99 6 445 167 399 304 349 354 299 405 135 449 470 8
D 476 67 2 114 113 112 130
D 477 67 2 114 130 112 8
D 475 69 3 111 384 476 433 477 29
D 474 65 2 103 475 131 29
D 439 79 6 440 134 392 298 343 348 293 398 102 444 474 8
D 482 57 2 92 91 90 8
D 481 55 2 88 482 93 8
D 480 53 2 83 481 94 8
D 479 49 2 78 480 96 8
D 478 45 2 286 479 291 8
D 487 71 2 119 118 117 8
D 488 71 2 119 128 117 29
D 486 73 2 487 396 488 8
D 485 69 2 111 486 129 8
D 484 65 2 103 485 131 8
D 493 91 2 152 151 150 8
D 494 91 2 152 161 150 29
D 492 93 2 493 403 494 8
D 491 89 2 144 492 162 8
D 490 85 2 136 491 164 8
D 496 103 2 169 423 180 8
D 500 117 2 193 192 191 8
D 499 115 2 189 500 194 8
D 498 113 2 184 499 195 8
D 503 117 2 193 268 191 29
D 502 115 2 189 503 194 29
D 501 113 2 184 502 195 29
D 497 119 2 498 197 501 8
D 510 151 2 240 457 251 8
D 509 149 2 252 510 238 8
D 508 147 2 233 509 253 8
D 507 143 2 228 508 255 8
D 506 139 2 213 507 257 8
D 511 123 2 199 417 210 8
D 515 137 2 221 260 223 8
D 514 135 2 219 515 224 8
D 513 133 2 214 514 225 8
D 518 137 2 221 222 223 29
D 517 135 2 219 518 224 29
D 516 133 2 214 517 225 29
D 512 139 2 513 227 516 8
D 521 127 2 208 207 206 8
D 520 125 2 204 521 209 370
D 519 123 3 199 520 462 420 463 29
D 505 129 7 198 506 511 512 316 452 365 408 415 357 458 307 519 8
D 504 119 2 183 505 265 8
D 524 107 2 178 177 176 8
D 523 105 2 174 524 179 376
D 522 103 3 169 523 468 426 469 29
D 495 109 7 496 497 168 504 322 450 371 406 421 355 464 305 522 8
D 527 93 3 493 430 149 380 161 29
D 526 89 3 144 527 472 429 473 29
D 525 85 2 136 526 164 29
D 489 99 7 490 167 445 304 399 354 349 405 299 449 135 495 525 8
D 530 73 3 487 434 116 385 128 29
D 529 69 3 111 530 476 433 477 29
D 528 65 2 103 529 131 29
D 483 79 7 484 134 440 298 392 348 343 398 293 444 102 489 528 8
L 536 58 30
D 535 57 2 90 536 92 8
D 534 55 2 88 535 93 8
D 533 53 2 83 534 94 8
D 532 49 2 78 533 96 8
D 531 45 2 286 532 291 8
D 539 61 2 109 105 104 8
D 540 69 2 111 395 129 8
D 541 61 2 109 132 104 29
D 538 65 2 539 540 541 8
D 545 83 2 139 166 141 8
D 544 81 2 137 545 142 8
D 546 89 2 144 402 162 8
D 548 83 2 139 140 141 29
D 547 81 2 137 548 142 29
D 543 85 2 544 546 547 8
D 552 111 2 185 196 187 8
D 553 111 2 185 186 187 29
D 551 113 2 552 188 553 8
D 554 113 3 184 502 552 266 187 29
D 550 119 3 498 306 551 197 554 8
D 560 145 2 234 254 236 8
D 561 149 2 238 510 252 8
D 562 145 2 234 235 236 29
D 559 147 2 560 561 562 8
D 558 143 2 228 559 255 8
D 557 139 2 213 558 257 8
D 566 137 2 223 222 221 8
D 565 135 2 219 566 224 8
D 564 133 2 214 565 225 8
D 569 137 2 221 222 223 260
D 568 135 2 219 569 224 29
D 567 133 2 214 568 225 29
D 563 139 3 564 227 513 308 567 8
D 556 129 7 198 557 511 563 316 506 365 452 415 408 458 357 519 8
D 555 119 2 183 556 265 8
D 549 109 7 496 550 168 555 322 504 371 450 421 406 464 355 522 8
D 571 89 2 144 429 162 29
D 572 81 2 137 141 142 29
D 570 85 3 136 526 544 571 572 29
D 542 99 8 543 167 490 304 445 354 399 405 349 449 299 495 135 549 570 8
D 574 69 2 111 433 129 29
D 573 65 3 103 529 539 574 132 29
D 537 79 8 538 134 484 298 440 348 392 398 343 444 293 489 102 542 573 8
D 579 57 2 90 536 92 29
D 578 55 2 88 579 93 29
D 581 57 2 90 91 92 536
D 580 55 2 93 579 88 581
D 577 53 3 289 578 83 580 95 29
D 582 47 2 81 80 79 97
D 583 53 2 83 578 94 29
D 584 47 2 81 97 79 8
D 576 49 3 78 577 582 583 584 29
D 585 49 2 78 583 96 29
D 575 45 3 286 576 70 585 99 29
D 68 59 8 69 101 285 292 338 342 387 391 435 439 478 483 531 537 575 8
D 588 23 2 42 41 40 8
D 587 21 2 38 588 43 8
D 591 31 2 51 62 53 8
D 592 31 2 51 52 53 29
D 590 33 2 591 54 592 8
D 589 29 2 45 590 63 8
D 594 23 2 42 67 40 29
D 593 21 2 38 594 43 29
D 586 25 2 587 589 593 8
D 598 43 2 73 100 75 8
D 597 41 2 76 598 71 8
D 600 43 2 73 74 75 29
D 599 41 2 76 600 71 29
D 596 45 2 597 77 599 8
D 604 63 2 106 133 108 8
D 603 61 2 104 604 109 8
D 606 63 2 106 107 108 29
D 605 61 2 104 606 109 29
D 602 65 2 603 540 605 8
D 610 83 2 141 140 139 8
D 609 81 2 137 610 142 8
D 612 83 2 141 166 139 29
D 611 81 2 137 612 142 29
D 608 85 2 609 546 611 8
D 616 111 2 187 186 185 8
D 617 111 2 187 196 185 29
D 615 113 2 616 188 617 8
D 619 111 2 187 186 185 196
D 620 111 2 187 196 185 8
D 618 113 3 184 502 619 266 620 29
D 614 119 4 551 306 498 356 615 197 618 8
D 626 145 2 236 235 234 8
D 627 145 2 236 254 234 29
D 625 147 2 626 561 627 8
D 624 143 2 228 625 255 8
D 623 139 2 213 624 257 8
D 630 131 2 217 216 215 8
D 631 131 2 217 226 215 29
D 629 133 2 630 218 631 8
D 632 133 3 214 568 630 258 226 29
D 628 139 4 629 227 564 308 513 358 632 8
D 622 129 7 198 623 511 628 316 557 365 506 415 452 458 408 519 8
D 621 119 2 183 622 265 8
D 613 109 7 496 614 168 621 322 555 371 504 421 450 464 406 522 8
D 635 83 2 141 140 139 166
D 634 81 2 137 635 142 8
D 637 83 2 141 166 139 8
D 636 81 2 137 637 142 29
D 633 85 3 136 526 634 571 636 29
D 607 99 9 608 167 543 304 490 354 445 405 399 449 349 495 299 549 135 613 633 8
D 639 61 2 104 604 109 105
D 640 61 2 109 132 104 108
D 638 65 3 103 529 639 574 640 29
D 601 79 9 602 134 538 298 484 348 440 398 392 444 343 489 293 542 102 607 638 8
D 642 41 2 76 598 71 72
D 643 41 2 71 99 76 75
D 641 45 3 286 576 642 585 643 29
D 595 59 9 596 101 69 292 285 342 338 391 387 439 435 483 478 537 531 601 641 8
D 646 23 2 40 67 42 8
D 645 21 2 38 646 43 8
D 648 23 2 40 41 42 29
D 647 21 2 38 648 43 29
D 644 25 2 645 589 647 8
D 652 43 2 75 74 73 8
D 651 41 2 76 652 71 8
D 654 43 2 75 100 73 29
D 653 41 2 76 654 71 29
D 650 45 2 651 77 653 8
D 658 63 2 108 107 106 8
D 657 61 2 104 658 109 8
D 660 63 2 108 133 106 29
D 659 61 2 104 660 109 29
D 656 65 2 657 540 659 8
D 663 81 2 142 138 137 8
D 664 81 2 142 165 137 29
D 662 85 2 663 546 664 8
D 668 115 2 194 190 189 8
D 667 113 2 184 668 195 8
D 670 115 2 189 503 194 267
D 669 113 3 184 670 619 266 620 29
D 666 119 5 498 407 615 306 551 356 667 197 669 8
D 675 131 2 215 226 217 8
D 676 131 2 215 216 217 29
D 674 133 2 675 218 676 8
D 678 131 2 217 216 215 226
D 679 131 2 217 226 215 8
D 677 133 3 214 568 678 258 679 29
D 673 139 5 674 227 629 308 564 358 513 409 677 8
D 682 141 2 229 256 231 8
D 683 147 2 233 561 253 8
D 684 141 2 229 230 231 29
D 681 143 2 682 683 684 8
D 680 139 2 213 681 257 8
D 672 129 7 511 673 316 623 198 680 365 557 415 506 458 452 519 8
D 671 119 2 183 672 265 8
D 665 109 7 496 666 168 671 322 621 371 555 421 504 464 450 522 8
D 686 81 2 137 635 142 138
D 687 81 2 137 637 142 165
D 685 85 3 136 526 686 571 687 29
D 661 99 10 662 167 608 304 543 354 490 405 445 449 399 495 349 549 299 613 135 665 685 8
D 690 63 2 108 107 106 133
D 689 61 2 104 690 109 105
D 692 63 2 108 133 106 8
D 691 61 2 104 692 109 132
D 688 65 3 103 529 689 574 691 29
D 655 79 10 656 134 602 298 538 348 484 398 440 444 392 489 343 542 293 607 102 661 688 8
D 695 43 2 75 74 73 100
D 694 41 2 76 695 71 72
D 697 43 2 75 100 73 8
D 696 41 2 76 697 71 99
D 693 45 3 286 576 694 585 696 29
D 649 59 10 650 101 596 292 69 342 285 391 338 439 387 483 435 537 478 601 531 655 693 8
D 699 21 2 43 39 38 8
D 700 21 2 43 66 38 29
D 698 25 2 699 589 700 8
D 705 51 2 84 95 86 8
D 706 51 2 84 85 86 29
D 704 53 2 705 87 706 8
D 703 49 2 78 704 96 8
D 702 45 2 286 703 291 8
D 711 71 2 117 128 119 8
D 712 71 2 117 118 119 29
D 710 73 2 711 396 712 8
D 709 69 2 111 710 129 8
D 708 65 2 103 709 131 8
D 717 91 2 150 161 152 8
D 718 91 2 150 151 152 29
D 716 93 2 717 403 718 8
D 715 89 2 144 716 162 8
D 714 85 2 136 715 164 8
D 723 117 2 191 268 193 8
D 722 115 2 189 723 194 8
D 721 113 2 184 722 195 8
D 726 117 2 191 192 193 268
D 725 115 2 189 726 194 267
D 724 113 3 184 725 619 266 620 29
D 720 119 6 498 451 551 407 667 306 615 356 721 197 724 8
D 731 135 2 224 220 219 8
D 730 133 2 214 731 225 8
D 733 135 2 219 569 224 259
D 732 133 3 214 733 678 258 679 29
D 729 139 6 730 227 674 308 629 358 513 453 564 409 732 8
D 736 141 2 231 230 229 8
D 737 141 2 231 256 229 29
D 735 143 2 736 683 737 8
D 734 139 2 213 735 257 8
D 728 129 7 511 729 365 623 316 680 415 557 198 734 458 506 519 8
D 727 119 2 183 728 265 8
D 719 109 7 496 720 168 727 322 671 371 621 421 555 464 504 522 8
D 741 91 2 152 151 150 161
D 742 91 2 152 161 150 8
D 740 93 3 741 430 149 380 742 29
D 739 89 3 472 429 144 740 473 29
D 738 85 3 686 571 136 739 687 29
D 713 99 11 714 167 662 304 608 354 543 405 490 449 445 495 399 549 349 613 299 665 135 719 738 8
D 746 71 2 119 118 117 128
D 747 71 2 119 128 117 8
D 745 73 3 746 434 116 385 747 29
D 744 69 3 476 433 111 745 477 29
D 743 65 3 689 574 103 744 691 29
D 707 79 11 708 134 656 298 602 348 538 398 484 444 440 489 392 542 343 607 293 661 102 713 743 8
D 751 51 2 86 85 84 95
D 752 51 2 86 95 84 8
D 750 53 3 751 578 83 580 752 29
D 749 49 3 582 583 78 750 584 29
D 748 45 3 694 585 286 749 696 29
D 701 59 11 702 101 650 292 596 342 69 391 285 439 338 483 387 537 435 601 478 655 531 707 748 8
D 756 31 2 53 62 51 8
D 757 31 2 53 52 51 29
D 755 33 2 756 54 757 8
D 754 29 2 45 755 63 8
D 753 25 2 37 754 65 8
D 762 119 6 498 505 551 451 615 407 721 306 667 356 724 8
D 765 139 6 730 308 674 358 513 507 564 453 629 409 732 8
D 767 125 2 209 370 204 207
D 766 123 3 199 767 462 420 463 29
D 764 129 6 511 765 415 623 365 680 458 557 316 734 766 8
D 763 119 2 183 764 265 8
D 761 109 7 496 762 322 727 168 763 371 671 421 621 464 555 522 8
D 760 99 11 714 304 662 354 608 405 543 449 490 495 445 549 399 613 349 665 299 719 135 761 738 8
D 759 79 11 708 298 656 348 602 398 538 444 484 489 440 542 392 607 343 661 293 713 102 760 743 8
D 758 59 11 702 292 650 342 596 391 69 439 285 483 338 537 387 601 435 655 478 707 531 759 748 8
D 770 27 2 48 47 46 8
D 771 27 2 48 64 46 29
D 769 29 2 770 590 771 8
D 768 25 2 37 769 65 8
D 776 119 6 551 505 498 556 615 451 667 407 721 356 724 8
D 779 139 6 730 358 513 558 564 507 629 453 674 409 732 8
D 780 123 3 462 420 199 370 463 29
D 778 129 5 511 779 458 623 415 680 365 734 780 8
D 777 119 2 183 778 265 8
D 775 109 7 496 776 371 727 322 763 168 777 421 671 464 621 522 8
D 774 99 11 714 354 662 405 608 449 543 495 490 549 445 613 399 665 349 719 299 761 135 775 738 8
D 773 79 11 708 348 656 398 602 444 538 489 484 542 440 607 392 661 343 713 293 760 102 774 743 8
D 772 59 11 702 342 650 391 596 439 69 483 285 537 338 601 387 655 435 707 478 759 531 773 748 8
D 783 27 2 46 64 48 8
D 784 27 2 46 47 48 29
D 782 29 2 783 590 784 8
D 781 25 2 37 782 65 8
D 789 119 6 615 505 551 556 498 622 667 451 721 407 724 8
D 792 139 6 513 624 564 558 629 507 674 453 730 409 732 8
D 794 121 2 202 201 200 29
D 793 123 2 794 420 463 29
D 791 129 4 458 680 511 792 415 734 793 8
D 790 119 2 183 791 265 8
D 788 109 7 496 789 421 727 371 763 322 777 168 790 464 671 522 8
D 787 99 11 714 405 662 449 608 495 543 549 490 613 445 665 399 719 349 761 299 775 135 788 738 8
D 786 79 11 708 398 656 444 602 489 538 542 484 607 440 661 392 713 343 760 293 774 102 787 743 8
D 785 59 11 702 391 650 439 596 483 69 537 285 601 338 655 387 707 435 759 478 773 531 786 748 8
D 798 35 2 60 56 55 8
D 797 33 2 591 798 592 8
D 796 29 2 45 797 63 8
D 795 25 2 37 796 65 8
D 803 119 6 667 505 615 556 551 622 498 672 721 451 724 8
D 806 139 6 564 624 629 558 674 507 730 453 513 681 732 8
D 807 123 2 201 420 211 29
D 805 129 3 458 734 511 806 807 8
D 804 119 2 183 805 265 8
D 802 109 7 496 803 464 727 421 763 371 777 322 790 168 804 522 8
D 801 99 11 714 449 662 495 608 549 543 613 490 665 445 719 399 761 349 775 299 788 135 802 738 8
D 800 79 11 708 444 656 489 602 542 538 607 484 661 440 713 392 760 343 774 293 787 102 801 743 8
D 799 59 11 702 439 650 483 596 537 69 601 285 655 338 707 387 759 435 773 478 786 531 800 748 8
D 812 37 2 59 58 57 8
D 811 35 2 55 812 60 8
D 810 33 2 591 811 592 8
D 809 29 2 45 810 63 8
D 808 25 2 37 809 65 8
D 817 119 6 721 505 667 556 615 622 551 672 498 728 724 8
D 820 139 6 629 624 674 558 730 507 564 681 513 735 732 8
D 821 123 2 199 420 210 29
D 819 129 2 511 820 821 8
D 818 119 2 183 819 265 8
D 816 109 7 464 763 496 817 421 777 371 790 322 804 168 818 522 8
D 815 99 11 714 495 662 549 608 613 543 665 490 719 445 761 399 775 349 788 299 802 135 816 738 8
D 814 79 11 708 489 656 542 602 607 538 661 484 713 440 760 392 774 343 787 293 801 102 815 743 8
D 813 59 11 702 483 650 537 596 601 69 655 285 707 338 759 387 773 435 786 478 800 531 814 748 8
L 827 38 20
D 826 37 2 57 827 59 8
D 825 35 2 55 826 60 8
D 824 33 2 591 825 592 8
D 823 29 2 45 824 63 8
D 822 25 2 37 823 65 8
D 832 119 6 721 556 667 622 615 672 551 728 498 764 724 8
D 838 137 2 223 260 221 29
D 837 135 2 219 838 224 259
D 836 133 3 214 837 678 258 679 29
D 835 139 5 674 624 730 558 629 681 564 735 836 8
D 834 129 2 511 835 821 8
D 833 119 2 183 834 265 8
D 831 109 7 464 777 496 832 421 790 371 804 322 818 168 833 522 8
D 830 99 11 714 549 662 613 608 665 543 719 490 761 445 775 399 788 349 802 299 816 135 831 738 8
D 829 79 11 708 542 656 607 602 661 538 713 484 760 440 774 392 787 343 801 293 815 102 830 743 8
D 828 59 11 702 537 650 601 596 655 69 707 285 759 338 773 387 786 435 800 478 814 531 829 748 8
D 841 23 2 42 41 40 67
D 840 21 2 38 841 43 39
D 845 37 2 57 827 59 29
D 844 35 2 55 845 60 29
D 843 33 2 591 844 592 29
D 842 29 2 45 843 63 29
D 847 27 2 48 47 46 64
D 849 31 2 53 62 51 52
D 851 37 2 57 58 59 827
D 850 35 2 60 845 55 851
D 852 31 2 53 52 51 8
D 848 33 3 849 844 591 850 852 29
D 853 27 2 48 64 46 8
D 846 29 3 847 843 45 848 853 29
D 855 23 2 42 67 40 8
D 854 21 2 38 855 43 66
D 839 25 3 840 842 37 846 854 29
D 35 39 11 36 68 586 595 644 649 698 701 753 758 768 772 781 785 795 799 808 813 822 828 839 8
D 858 3 2 7 6 5 8
D 857 1 2 3 858 9 8
D 861 11 2 17 28 19 8
D 862 11 2 17 18 19 29
D 860 13 2 861 20 862 8
D 859 9 2 11 860 30 8
D 864 3 2 7 34 5 29
D 863 1 2 3 864 9 29
D 856 5 2 857 859 863 8
D 870 119 6 721 622 667 672 615 728 551 764 498 778 724 8
D 875 135 2 224 259 219 29
D 874 133 3 678 258 214 875 679 29
D 873 139 4 730 624 674 681 629 735 874 8
D 872 129 2 511 873 821 8
D 871 119 2 183 872 265 8
D 869 109 7 464 790 496 870 421 804 371 818 322 833 168 871 522 8
D 868 99 11 714 613 662 665 608 719 543 761 490 775 445 788 399 802 349 816 299 831 135 869 738 8
D 867 79 11 708 607 656 661 602 713 538 760 484 774 440 787 392 801 343 815 293 830 102 868 743 8
D 866 59 11 702 601 650 655 596 707 69 759 285 773 338 786 387 800 435 814 478 829 531 867 748 8
D 865 39 11 36 595 586 649 644 701 698 758 753 772 768 785 781 799 795 813 808 828 822 866 839 8
D 878 3 2 5 34 7 8
D 877 1 2 3 878 9 8
D 880 3 2 5 6 7 29
D 879 1 2 3 880 9 29
D 876 5 2 877 859 879 8
D 886 119 6 721 672 667 728 615 764 551 778 498 791 724 8
D 890 133 3 675 258 214 875 217 29
D 889 139 3 730 681 674 735 890 8
D 888 129 2 511 889 821 8
D 887 119 2 183 888 265 8
D 885 109 7 464 804 496 886 421 818 371 833 322 871 168 887 522 8
D 884 99 11 714 665 662 719 608 761 543 775 490 788 445 802 399 816 349 831 299 869 135 885 738 8
D 883 79 11 708 661 656 713 602 760 538 774 484 787 440 801 392 815 343 830 293 868 102 884 743 8
D 882 59 11 702 655 650 707 596 759 69 773 285 786 338 800 387 814 435 829 478 867 531 883 748 8
D 881 39 11 36 649 586 701 644 758 698 772 753 785 768 799 781 813 795 828 808 866 822 882 839 8
D 892 1 2 9 4 3 8
D 893 1 2 9 33 3 29
D 891 5 2 892 859 893 8
D 899 119 6 721 728 667 764 615 778 551 791 498 805 724 8
D 903 133 2 214 875 225 29
D 902 139 2 730 735 903 8
D 901 129 2 511 902 821 8
D 900 119 2 183 901 265 8
D 898 109 7 464 818 496 899 421 833 371 871 322 887 168 900 522 8
D 897 99 11 714 719 662 761 608 775 543 788 490 802 445 816 399 831 349 869 299 885 135 898 738 8
D 896 79 11 708 713 656 760 602 774 538 787 484 801 440 815 392 830 343 868 293 884 102 897 743 8
D 895 59 11 702 707 650 759 596 773 69 786 285 800 338 814 387 829 435 867 478 883 531 896 748 8
D 894 39 11 36 701 586 758 644 772 698 785 753 799 768 813 781 828 795 866 808 882 822 895 839 8
D 907 11 2 19 28 17 8
D 908 11 2 19 18 17 29
D 906 13 2 907 20 908 8
D 905 9 2 11 906 30 8
D 904 5 2 2 905 32 8
D 914 119 6 721 764 667 778 615 791 551 805 498 819 724 8
D 916 105 2 179 376 174 177
D 915 103 3 169 916 468 426 469 29
D 913 109 6 464 833 496 914 421 871 371 887 322 900 915 8
D 912 99 11 714 761 662 775 608 788 543 802 490 816 445 831 399 869 349 885 299 898 135 913 738 8
D 911 79 11 708 760 656 774 602 787 538 801 484 815 440 830 392 868 343 884 293 897 102 912 743 8
D 910 59 11 702 759 650 773 596 786 69 800 285 814 338 829 387 867 435 883 478 896 531 911 748 8
D 909 39 11 36 758 586 772 644 785 698 799 753 813 768 828 781 866 795 882 808 895 822 910 839 8
D 919 7 2 14 13 12 8
D 920 7 2 14 31 12 29
D 918 9 2 919 860 920 8
D 917 5 2 2 918 32 8
D 926 119 6 721 778 667 791 615 805 551 819 498 834 724 8
D 927 103 3 468 426 169 376 469 29
D 925 109 5 464 871 496 926 421 887 371 900 927 8
D 924 99 11 714 775 662 788 608 802 543 816 490 831 445 869 399 885 349 898 299 913 135 925 738 8
D 923 79 11 708 774 656 787 602 801 538 815 484 830 440 868 392 884 343 897 293 912 102 924 743 8
D 922 59 11 702 773 650 786 596 800 69 814 285 829 338 867 387 883 435 896 478 911 531 923 748 8
D 921 39 11 36 772 586 785 644 799 698 813 753 828 768 866 781 882 795 895 808 910 822 922 839 8
D 930 7 2 12 31 14 8
D 931 7 2 12 13 14 29
D 929 9 2 930 860 931 8
D 928 5 2 2 929 32 8
D 937 119 6 721 791 667 805 615 819 551 834 498 872 724 8
D 939 101 2 172 171 170 29
D 938 103 2 939 426 469 29
D 936 109 4 464 887 496 937 421 900 938 8
D 935 99 11 714 788 662 802 608 816 543 831 490 869 445 885 399 898 349 913 299 925 135 936 738 8
D 934 79 11 708 787 656 801 602 815 538 830 484 868 440 884 392 897 343 912 293 924 102 935 743 8
D 933 59 11 702 786 650 800 596 814 69 829 285 867 338 883 387 896 435 911 478 923 531 934 748 8
D 932 39 11 36 785 586 799 644 813 698 828 753 866 768 882 781 895 795 910 808 922 822 933 839 8
D 943 15 2 26 22 21 8
D 942 13 2 861 943 862 8
D 941 9 2 11 942 30 8
D 940 5 2 2 941 32 8
D 949 119 6 721 805 667 819 615 834 551 872 498 888 724 8
D 950 103 2 171 426 181 29
D 948 109 3 464 900 496 949 950 8
D 947 99 11 714 802 662 816 608 831 543 869 490 885 445 898 399 913 349 925 299 936 135 948 738 8
D 946 79 11 708 801 656 815 602 830 538 868 484 884 440 897 392 912 343 924 293 935 102 947 743 8
D 945 59 11 702 800 650 814 596 829 69 867 285 883 338 896 387 911 435 923 478 934 531 946 748 8
D 944 39 11 36 799 586 813 644 828 698 866 753 882 768 895 781 910 795 922 808 933 822 945 839 8
D 955 17 2 25 24 23 8
D 954 15 2 21 955 26 8
D 953 13 2 861 954 862 8
D 952 9 2 11 953 30 8
D 951 5 2 2 952 32 8
D 961 119 6 721 819 667 834 615 872 551 888 498 901 724 8
D 962 103 2 169 426 180 29
D 960 109 2 496 961 962 8
D 959 99 11 714 816 662 831 608 869 543 885 490 898 445 913 399 925 349 936 299 948 135 960 738 8
D 958 79 11 708 815 656 830 602 868 538 884 484 897 440 912 392 924 343 935 293 947 102 959 743 8
D 957 59 11 702 814 650 829 596 867 69 883 285 896 338 911 387 923 435 934 478 946 531 958 748 8
D 956 39 11 36 813 586 828 644 866 698 882 753 895 768 910 781 922 795 933 808 945 822 957 839 8
L 968 18 10
D 967 17 2 23 968 25 8
D 966 15 2 21 967 26 8
D 965 13 2 861 966 862 8
D 964 9 2 11 965 30 8
D 963 5 2 2 964 32 8
D 977 117 2 191 192 193 29
D 976 115 2 194 267 189 977
D 975 113 3 184 976 619 266 620 29
D 974 119 5 721 834 667 872 615 888 551 901 975 8
D 973 109 2 496 974 962 8
D 972 99 11 714 831 662 869 608 885 543 898 490 913 445 925 399 936 349 948 299 960 135 973 738 8
D 971 79 11 708 830 656 868 602 884 538 897 484 912 440 924 392 935 343 947 293 959 102 972 743 8
D 970 59 11 702 829 650 867 596 883 69 896 285 911 338 923 387 934 435 946 478 958 531 971 748 8
D 969 39 11 36 828 586 866 644 882 698 895 753 910 768 922 781 933 795 945 808 957 822 970 839 8
D 982 17 2 23 24 25 968
D 983 17 2 23 968 25 29
D 981 15 2 21 982 26 983
D 984 11 2 19 28 17 18
D 985 15 2 21 983 26 29
D 986 11 2 19 18 17 8
D 980 13 3 861 981 984 985 986 29
D 987 7 2 14 13 12 31
D 988 13 2 861 985 862 29
D 989 7 2 14 31 12 8
D 979 9 3 11 980 987 988 989 29
D 991 3 2 7 6 5 34
D 990 1 2 3 991 9 4
D 992 9 2 11 988 30 29
D 994 3 2 7 34 5 8
D 993 1 2 3 994 9 33
D 978 5 3 2 979 990 992 993 29
D 0 19 11 1 35 856 865 876 881 891 894 904 909 917 921 928 932 940 944 951 956 963 969 978 8
