c ids of sdd nodes start at 0
c sdd nodes appear bottom-up, children before parents
c
c file syntax:
c sdd count-of-sdd-nodes
c F id-of-false-sdd-node
c T id-of-true-sdd-node
c L id-of-literal-sdd-node id-of-vtree literal
c D id-of-decomposition-sdd-node id-of-vtree number-of-elements {id-of-prime id-of-sub}*
c
sdd 989
L 3 0 -4
L 5 2 -2
L 6 4 -3
L 7 2 2
F 8
D 4 3 2 5 6 7 8
L 9 0 4
D 2 1 2 3 4 9 8
L 12 6 -6
L 13 8 -7
L 14 6 6
D 11 7 2 12 13 14 8
L 17 10 -5
L 18 12 1
L 19 10 5
D 16 11 2 17 18 19 8
L 21 14 -8
L 23 16 -9
L 24 18 -10
L 25 16 9
D 22 17 2 23 24 25 8
L 26 14 8
D 20 15 2 21 22 26 8
L 28 12 -1
T 29
D 27 11 2 17 28 19 29
D 15 13 2 16 20 27 8
L 31 8 7
D 30 7 2 12 31 14 29
D 10 9 2 11 15 30 8
L 34 4 3
D 33 3 2 5 34 7 29
D 32 1 2 3 33 9 29
D 1 5 2 2 10 32 8
L 38 20 -14
L 40 22 -12
L 41 24 -13
L 42 22 12
D 39 23 2 40 41 42 8
L 43 20 14
D 37 21 2 38 39 43 8
L 46 26 -16
L 47 28 -17
L 48 26 16
D 45 27 2 46 47 48 8
L 51 30 -15
L 52 32 11
L 53 30 15
D 50 31 2 51 52 53 8
L 55 34 -18
L 57 36 -19
L 58 38 -20
L 59 36 19
D 56 37 2 57 58 59 8
L 60 34 18
D 54 35 2 55 56 60 8
L 62 32 -11
D 61 31 2 51 62 53 29
D 49 33 2 50 54 61 8
L 64 28 17
D 63 27 2 46 64 48 29
D 44 29 2 45 49 63 8
L 67 24 13
D 66 23 2 40 67 42 29
D 65 21 2 38 66 43 29
D 36 25 2 37 44 65 8
L 71 40 -24
L 73 42 -22
L 74 44 -23
L 75 42 22
D 72 43 2 73 74 75 8
L 76 40 24
D 70 41 2 71 72 76 8
L 79 46 -26
L 80 48 -27
L 81 46 26
D 78 47 2 79 80 81 8
L 84 50 25
L 85 52 -21
L 86 50 -25
D 83 51 2 84 85 86 8
L 88 54 -28
L 90 56 -29
L 91 58 -30
L 92 56 29
D 89 57 2 90 91 92 8
L 93 54 28
D 87 55 2 88 89 93 8
L 95 52 21
D 94 51 2 84 95 86 29
D 82 53 2 83 87 94 8
L 97 48 27
D 96 47 2 79 97 81 29
D 77 49 2 78 82 96 8
L 100 44 23
D 99 43 2 73 100 75 29
D 98 41 2 71 99 76 29
D 69 45 2 70 77 98 8
L 104 60 -34
L 106 62 -32
L 107 64 -33
L 108 62 32
D 105 63 2 106 107 108 8
L 109 60 34
D 103 61 2 104 105 109 8
L 112 66 -36
L 113 68 -37
L 114 66 36
D 111 67 2 112 113 114 8
L 117 70 -35
L 118 72 -31
L 119 70 35
D 116 71 2 117 118 119 8
L 121 74 -38
L 123 76 -39
L 124 78 40
L 125 76 39
D 122 77 2 123 124 125 8
L 126 74 38
D 120 75 2 121 122 126 8
L 128 72 31
D 127 71 2 117 128 119 29
D 115 73 2 116 120 127 8
L 130 68 37
D 129 67 2 112 130 114 29
D 110 69 2 111 115 129 8
L 133 64 33
D 132 63 2 106 133 108 29
D 131 61 2 104 132 109 29
D 102 65 2 103 110 131 8
L 137 80 -42
L 139 82 -43
L 140 84 -44
L 141 82 43
D 138 83 2 139 140 141 8
L 142 80 42
D 136 81 2 137 138 142 8
L 145 86 -46
L 146 88 -47
L 147 86 46
D 144 87 2 145 146 147 8
L 150 90 -45
L 151 92 -41
L 152 90 45
D 149 91 2 150 151 152 8
L 154 94 -48
L 156 96 -49
L 157 98 50
L 158 96 49
D 155 97 2 156 157 158 8
L 159 94 48
D 153 95 2 154 155 159 8
L 161 92 41
D 160 91 2 150 161 152 29
D 148 93 2 149 153 160 8
L 163 88 47
D 162 87 2 145 163 147 29
D 143 89 2 144 148 162 8
L 166 84 44
D 165 83 2 139 166 141 29
D 164 81 2 137 165 142 29
D 135 85 2 136 143 164 8
L 170 100 -56
L 171 102 -57
L 172 100 56
D 169 101 2 170 171 172 8
L 174 104 -58
L 176 106 -59
L 177 108 60
L 178 106 59
D 175 107 2 176 177 178 8
L 179 104 58
D 173 105 2 174 175 179 8
L 181 102 57
D 180 101 2 170 181 172 29
D 168 103 2 169 173 180 8
L 185 110 -53
L 186 112 -54
L 187 110 53
D 184 111 2 185 186 187 8
L 189 114 -52
L 191 116 -55
L 192 118 -51
L 193 116 55
D 190 117 2 191 192 193 8
L 194 114 52
D 188 115 2 189 190 194 8
L 196 112 54
D 195 111 2 185 196 187 29
D 183 113 2 184 188 195 8
L 200 120 -76
L 201 122 -77
L 202 120 76
D 199 121 2 200 201 202 8
L 204 124 -78
L 206 126 -79
L 207 128 80
L 208 126 79
D 205 127 2 206 207 208 8
L 209 124 78
D 203 125 2 204 205 209 8
L 211 122 77
D 210 121 2 200 211 202 29
D 198 123 2 199 203 210 8
L 215 130 -73
L 216 132 -72
L 217 130 73
D 214 131 2 215 216 217 8
L 219 134 -71
L 221 136 -74
L 222 138 -75
L 223 136 74
D 220 137 2 221 222 223 8
L 224 134 71
D 218 135 2 219 220 224 8
L 226 132 72
D 225 131 2 215 226 217 29
D 213 133 2 214 218 225 8
L 229 140 -61
L 230 142 -62
L 231 140 61
D 228 141 2 229 230 231 8
L 234 144 -63
L 235 146 -64
L 236 144 63
D 233 145 2 234 235 236 8
L 238 148 -65
L 240 150 -66
L 242 152 -67
L 244 154 -68
L 246 156 -69
L 247 158 70
L 248 156 69
D 245 157 2 246 247 248 8
L 249 154 68
D 243 155 2 244 245 249 8
L 250 152 67
D 241 153 2 242 243 250 8
L 251 150 66
D 239 151 2 240 241 251 8
L 252 148 65
D 237 149 2 238 239 252 8
L 254 146 64
D 253 145 2 234 254 236 29
D 232 147 2 233 237 253 8
L 256 142 62
D 255 141 2 229 256 231 29
D 227 143 2 228 232 255 8
L 260 138 75
D 259 137 2 221 260 223 29
D 258 135 2 219 259 224 29
D 257 133 2 214 258 225 29
D 212 139 2 213 227 257 8
L 264 128 -80
D 263 127 2 206 264 208 29
D 262 125 2 204 263 209 29
D 261 123 2 199 262 210 29
D 197 129 2 198 212 261 8
L 268 118 51
D 267 117 2 191 268 193 29
D 266 115 2 189 267 194 29
D 265 113 2 184 266 195 29
D 182 119 2 183 197 265 8
L 272 108 -60
D 271 107 2 176 272 178 29
D 270 105 2 174 271 179 29
D 269 103 2 169 270 180 29
D 167 109 2 168 182 269 8
L 278 98 -50
D 277 97 2 156 278 158 29
D 276 95 2 154 277 159 29
D 275 93 2 149 276 160 29
D 274 89 2 144 275 162 29
D 273 85 2 136 274 164 29
D 134 99 2 135 167 273 8
L 284 78 -40
D 283 77 2 123 284 125 29
D 282 75 2 121 283 126 29
D 281 73 2 116 282 127 29
D 280 69 2 111 281 129 29
D 279 65 2 103 280 131 29
D 101 79 2 102 134 279 8
D 287 47 2 81 80 79 8
D 289 51 2 86 85 84 8
D 290 51 2 86 95 84 29
D 288 53 2 289 87 290 8
D 291 47 2 81 97 79 29
D 286 49 2 287 288 291 8
D 285 45 2 70 286 98 8
D 297 77 2 125 284 123 8
D 296 75 2 121 297 126 8
D 295 73 2 116 296 127 8
D 294 69 2 111 295 129 8
D 293 65 2 103 294 131 8
D 303 97 2 158 278 156 8
D 302 95 2 154 303 159 8
D 301 93 2 149 302 160 8
D 300 89 2 144 301 162 8
D 299 85 2 136 300 164 8
L 315 158 -70
D 314 157 2 248 315 246 8
D 313 155 2 244 314 249 8
D 312 153 2 242 313 250 8
D 311 151 2 240 312 251 8
D 310 149 2 238 311 252 8
D 309 147 2 233 310 253 8
D 308 143 2 228 309 255 8
D 307 139 2 213 308 257 8
D 318 127 2 208 264 206 8
D 317 125 2 204 318 209 8
D 316 123 2 199 317 210 8
D 321 127 2 206 264 208 207
D 320 125 2 204 321 209 29
D 319 123 2 199 320 210 29
D 306 129 3 198 307 316 212 319 8
D 305 119 2 183 306 265 8
D 324 107 2 178 272 176 8
D 323 105 2 174 324 179 8
D 322 103 2 169 323 180 8
D 327 107 2 176 272 178 177
D 326 105 2 174 327 179 29
D 325 103 2 169 326 180 29
D 304 109 3 168 305 322 182 325 8
D 332 97 2 156 278 158 157
D 331 95 2 154 332 159 29
D 330 93 2 149 331 160 29
D 329 89 2 144 330 162 29
D 328 85 2 136 329 164 29
D 298 99 3 299 167 135 304 328 8
D 337 77 2 123 284 125 124
D 336 75 2 121 337 126 29
D 335 73 2 116 336 127 29
D 334 69 2 111 335 129 29
D 333 65 2 103 334 131 29
D 292 79 3 293 134 102 298 333 8
D 340 47 2 79 97 81 8
D 341 47 2 79 80 81 29
D 339 49 2 340 288 341 8
D 338 45 2 70 339 98 8
D 347 77 2 123 284 125 8
D 346 75 2 126 347 121 8
D 345 73 2 116 346 127 8
D 344 69 2 111 345 129 8
D 343 65 2 103 344 131 8
D 353 97 2 156 278 158 8
D 352 95 2 159 353 154 8
D 351 93 2 149 352 160 8
D 350 89 2 144 351 162 8
D 349 85 2 136 350 164 8
D 364 157 2 246 315 248 8
D 363 155 2 249 364 244 8
D 362 153 2 242 363 250 8
D 361 151 2 240 362 251 8
D 360 149 2 238 361 252 8
D 359 147 2 233 360 253 8
D 358 143 2 228 359 255 8
D 357 139 2 213 358 257 8
D 367 127 2 206 264 208 8
D 366 125 2 209 367 204 8
D 365 123 2 199 366 210 8
D 370 127 2 206 207 208 29
D 369 125 2 204 321 209 370
D 368 123 2 199 369 210 29
D 356 129 4 198 357 316 307 365 212 368 8
D 355 119 2 183 356 265 8
D 373 107 2 176 272 178 8
D 372 105 2 179 373 174 8
D 371 103 2 169 372 180 8
D 376 107 2 176 177 178 29
D 375 105 2 174 327 179 376
D 374 103 2 169 375 180 29
D 354 109 4 168 355 322 305 371 182 374 8
D 381 97 2 156 157 158 29
D 380 95 2 159 381 154 332
D 379 93 2 149 380 160 29
D 378 89 2 144 379 162 29
D 377 85 2 136 378 164 29
D 348 99 4 349 167 299 304 135 354 377 8
D 386 77 2 123 124 125 29
D 385 75 2 126 386 121 337
D 384 73 2 116 385 127 29
D 383 69 2 111 384 129 29
D 382 65 2 103 383 131 29
D 342 79 4 343 134 293 298 102 348 382 8
D 390 55 2 93 89 88 8
D 389 53 2 289 390 290 8
D 388 49 2 78 389 96 8
D 387 45 2 70 388 98 8
D 394 67 2 112 130 114 8
D 396 75 2 121 347 126 8
D 395 73 2 116 396 127 8
D 397 67 2 112 113 114 29
D 393 69 2 394 395 397 8
D 392 65 2 103 393 131 8
D 401 87 2 145 163 147 8
D 403 95 2 154 353 159 8
D 402 93 2 149 403 160 8
D 404 87 2 145 146 147 29
D 400 89 2 401 402 404 8
D 399 85 2 136 400 164 8
D 414 155 2 244 364 249 8
D 413 153 2 250 414 242 8
D 412 151 2 240 413 251 8
D 411 149 2 238 412 252 8
D 410 147 2 233 411 253 8
D 409 143 2 228 410 255 8
D 408 139 2 213 409 257 8
D 416 121 2 200 211 202 8
D 417 125 2 204 367 209 8
D 418 121 2 200 201 202 29
D 415 123 2 416 417 418 8
D 420 125 2 204 370 209 29
D 419 123 3 199 369 416 420 202 29
D 407 129 5 198 408 316 357 365 307 415 212 419 8
D 406 119 2 183 407 265 8
D 422 101 2 170 181 172 8
D 423 105 2 174 373 179 8
D 424 101 2 170 171 172 29
D 421 103 2 422 423 424 8
D 426 105 2 174 376 179 29
D 425 103 3 169 375 422 426 172 29
D 405 109 5 168 406 322 355 371 305 421 182 425 8
D 430 95 2 154 381 159 29
D 429 93 2 149 430 160 29
D 428 89 3 144 379 401 429 147 29
D 427 85 2 136 428 164 29
D 398 99 5 399 167 349 304 299 354 135 405 427 8
D 434 75 2 121 386 126 29
D 433 73 2 116 434 127 29
D 432 69 3 111 384 394 433 114 29
D 431 65 2 103 432 131 29
D 391 79 5 392 134 343 298 293 348 102 398 431 8
D 439 57 2 92 91 90 8
D 438 55 2 88 439 93 8
D 437 53 2 289 438 290 8
D 436 49 2 78 437 96 8
D 435 45 2 70 436 98 8
D 443 67 2 114 113 112 8
D 444 67 2 114 130 112 29
D 442 69 2 443 395 444 8
D 441 65 2 103 442 131 8
D 448 87 2 147 146 145 8
D 449 87 2 147 163 145 29
D 447 89 2 448 402 449 8
D 446 85 2 136 447 164 8
D 458 153 2 242 414 250 8
D 457 151 2 251 458 240 8
D 456 149 2 238 457 252 8
D 455 147 2 233 456 253 8
D 454 143 2 228 455 255 8
D 453 139 2 213 454 257 8
D 460 121 2 202 201 200 8
D 461 121 2 202 211 200 29
D 459 123 2 460 417 461 8
D 463 121 2 202 201 200 211
D 464 121 2 202 211 200 8
D 462 123 3 199 369 463 420 464 29
D 452 129 6 198 453 316 408 365 357 415 307 459 212 462 8
D 451 119 2 183 452 265 8
D 466 101 2 172 171 170 8
D 467 101 2 172 181 170 29
D 465 103 2 466 423 467 8
D 469 101 2 172 171 170 181
D 470 101 2 172 181 170 8
D 468 103 3 169 375 469 426 470 29
D 450 109 6 168 451 322 406 371 355 421 305 465 182 468 8
D 473 87 2 147 146 145 163
D 474 87 2 147 163 145 8
D 472 89 3 144 379 473 429 474 29
D 471 85 2 136 472 164 29
D 445 99 6 446 167 399 304 349 354 299 405 135 450 471 8
D 477 67 2 114 113 112 130
D 478 67 2 114 130 112 8
D 476 69 3 111 384 477 433 478 29
D 475 65 2 103 476 131 29
D 440 79 6 441 134 392 298 343 348 293 398 102 445 475 8
L 484 58 30
D 483 57 2 90 484 92 8
D 482 55 2 88 483 93 8
D 481 53 2 289 482 290 8
D 480 49 2 78 481 96 8
D 479 45 2 70 480 98 8
D 489 71 2 119 118 117 8
D 490 71 2 119 128 117 29
D 488 73 2 489 396 490 8
D 487 69 2 111 488 129 8
D 486 65 2 103 487 131 8
D 495 91 2 152 151 150 8
D 496 91 2 152 161 150 29
D 494 93 2 495 403 496 8
D 493 89 2 144 494 162 8
D 492 85 2 136 493 164 8
D 498 103 2 169 423 180 8
D 502 117 2 193 192 191 8
D 501 115 2 189 502 194 8
D 500 113 2 184 501 195 8
D 505 117 2 193 268 191 29
D 504 115 2 189 505 194 29
D 503 113 2 184 504 195 29
D 499 119 2 500 197 503 8
D 512 151 2 240 458 251 8
D 511 149 2 252 512 238 8
D 510 147 2 233 511 253 8
D 509 143 2 228 510 255 8
D 508 139 2 213 509 257 8
D 513 123 2 199 417 210 8
D 517 137 2 221 260 223 8
D 516 135 2 219 517 224 8
D 515 133 2 214 516 225 8
D 520 137 2 221 222 223 29
D 519 135 2 219 520 224 29
D 518 133 2 214 519 225 29
D 514 139 2 515 227 518 8
D 523 127 2 208 207 206 8
D 522 125 2 204 523 209 370
D 521 123 3 199 522 463 420 464 29
D 507 129 7 198 508 513 514 316 453 365 408 415 357 459 307 521 8
D 506 119 2 183 507 265 8
D 526 107 2 178 177 176 8
D 525 105 2 174 526 179 376
D 524 103 3 169 525 469 426 470 29
D 497 109 7 498 499 168 506 322 451 371 406 421 355 465 305 524 8
D 529 93 3 495 430 149 380 161 29
D 528 89 3 144 529 473 429 474 29
D 527 85 2 136 528 164 29
D 491 99 7 492 167 446 304 399 354 349 405 299 450 135 497 527 8
D 532 73 3 489 434 116 385 128 29
D 531 69 3 111 532 477 433 478 29
D 530 65 2 103 531 131 29
D 485 79 7 486 134 441 298 392 348 343 398 293 445 102 491 530 8
D 537 57 2 90 484 92 29
D 536 55 2 88 537 93 29
D 539 57 2 90 91 92 484
D 538 55 2 93 537 88 539
D 535 53 3 83 536 289 538 95 29
D 540 47 2 81 80 79 97
D 541 53 2 289 536 290 29
D 542 47 2 81 97 79 8
D 534 49 3 78 535 540 541 542 29
D 533 45 2 70 534 98 29
D 68 59 7 69 101 285 292 338 342 387 391 435 440 479 485 533 8
D 545 23 2 42 41 40 8
D 544 21 2 38 545 43 8
D 548 31 2 51 62 53 8
D 549 31 2 51 52 53 29
D 547 33 2 548 54 549 8
D 546 29 2 45 547 63 8
D 551 23 2 42 67 40 29
D 550 21 2 38 551 43 29
D 543 25 2 544 546 550 8
D 554 41 2 76 72 71 8
D 555 49 2 78 288 96 8
D 556 41 2 76 99 71 29
D 553 45 2 554 555 556 8
D 559 61 2 109 105 104 8
D 560 69 2 111 395 129 8
D 561 61 2 109 132 104 29
D 558 65 2 559 560 561 8
D 565 83 2 139 166 141 8
D 564 81 2 137 565 142 8
D 566 89 2 144 402 162 8
D 568 83 2 139 140 141 29
D 567 81 2 137 568 142 29
D 563 85 2 564 566 567 8
D 572 111 2 185 196 187 8
D 573 111 2 185 186 187 29
D 571 113 2 572 188 573 8
D 574 113 3 184 504 572 266 187 29
D 570 119 3 500 306 571 197 574 8
D 580 145 2 234 254 236 8
D 581 149 2 238 512 252 8
D 582 145 2 234 235 236 29
D 579 147 2 580 581 582 8
D 578 143 2 228 579 255 8
D 577 139 2 213 578 257 8
D 586 137 2 223 222 221 8
D 585 135 2 219 586 224 8
D 584 133 2 214 585 225 8
D 589 137 2 221 222 223 260
D 588 135 2 219 589 224 29
D 587 133 2 214 588 225 29
D 583 139 3 584 227 515 308 587 8
D 576 129 7 198 577 513 583 316 508 365 453 415 408 459 357 521 8
D 575 119 2 183 576 265 8
D 569 109 7 498 570 168 575 322 506 371 451 421 406 465 355 524 8
D 591 89 2 144 429 162 29
D 592 81 2 137 141 142 29
D 590 85 3 136 528 564 591 592 29
D 562 99 8 563 167 492 304 446 354 399 405 349 450 299 497 135 569 590 8
D 594 69 2 111 433 129 29
D 593 65 3 103 531 559 594 132 29
D 557 79 8 558 134 486 298 441 348 392 398 343 445 293 491 102 562 593 8
D 596 49 2 78 541 96 29
D 595 45 3 70 534 554 596 99 29
D 552 59 8 553 101 69 292 285 342 338 391 387 440 435 485 479 557 595 8
D 599 23 2 40 67 42 8
D 598 21 2 38 599 43 8
D 601 23 2 40 41 42 29
D 600 21 2 38 601 43 29
D 597 25 2 598 546 600 8
D 605 43 2 73 100 75 8
D 604 41 2 71 605 76 8
D 607 43 2 73 74 75 29
D 606 41 2 71 607 76 29
D 603 45 2 604 555 606 8
D 611 63 2 106 133 108 8
D 610 61 2 104 611 109 8
D 613 63 2 106 107 108 29
D 612 61 2 104 613 109 29
D 609 65 2 610 560 612 8
D 617 83 2 141 140 139 8
D 616 81 2 137 617 142 8
D 619 83 2 141 166 139 29
D 618 81 2 137 619 142 29
D 615 85 2 616 566 618 8
D 623 111 2 187 186 185 8
D 624 111 2 187 196 185 29
D 622 113 2 623 188 624 8
D 626 111 2 187 186 185 196
D 627 111 2 187 196 185 8
D 625 113 3 184 504 626 266 627 29
D 621 119 4 571 306 500 356 622 197 625 8
D 633 145 2 236 235 234 8
D 634 145 2 236 254 234 29
D 632 147 2 633 581 634 8
D 631 143 2 228 632 255 8
D 630 139 2 213 631 257 8
D 637 131 2 217 216 215 8
D 638 131 2 217 226 215 29
D 636 133 2 637 218 638 8
D 639 133 3 214 588 637 258 226 29
D 635 139 4 636 227 584 308 515 358 639 8
D 629 129 7 198 630 513 635 316 577 365 508 415 453 459 408 521 8
D 628 119 2 183 629 265 8
D 620 109 7 498 621 168 628 322 575 371 506 421 451 465 406 524 8
D 642 83 2 141 140 139 166
D 641 81 2 137 642 142 8
D 644 83 2 141 166 139 8
D 643 81 2 137 644 142 29
D 640 85 3 136 528 641 591 643 29
D 614 99 9 615 167 563 304 492 354 446 405 399 450 349 497 299 569 135 620 640 8
D 646 61 2 104 611 109 105
D 647 61 2 109 132 104 108
D 645 65 3 103 531 646 594 647 29
D 608 79 9 609 134 558 298 486 348 441 398 392 445 343 491 293 562 102 614 645 8
D 649 41 2 71 605 76 72
D 650 41 2 76 99 71 75
D 648 45 3 70 534 649 596 650 29
D 602 59 9 603 101 553 292 69 342 285 391 338 440 387 485 435 557 479 608 648 8
D 652 21 2 43 39 38 8
D 653 21 2 43 66 38 29
D 651 25 2 652 546 653 8
D 657 43 2 75 74 73 8
D 656 41 2 71 657 76 8
D 659 43 2 75 100 73 29
D 658 41 2 71 659 76 29
D 655 45 2 656 555 658 8
D 663 63 2 108 107 106 8
D 662 61 2 104 663 109 8
D 665 63 2 108 133 106 29
D 664 61 2 104 665 109 29
D 661 65 2 662 560 664 8
D 668 81 2 142 138 137 8
D 669 81 2 142 165 137 29
D 667 85 2 668 566 669 8
D 673 115 2 194 190 189 8
D 672 113 2 184 673 195 8
D 675 115 2 189 505 194 267
D 674 113 3 184 675 626 266 627 29
D 671 119 5 500 407 622 306 571 356 672 197 674 8
D 680 131 2 215 226 217 8
D 681 131 2 215 216 217 29
D 679 133 2 680 218 681 8
D 683 131 2 217 216 215 226
D 684 131 2 217 226 215 8
D 682 133 3 214 588 683 258 684 29
D 678 139 5 679 227 636 308 584 358 515 409 682 8
D 687 141 2 229 256 231 8
D 688 147 2 233 581 253 8
D 689 141 2 229 230 231 29
D 686 143 2 687 688 689 8
D 685 139 2 213 686 257 8
D 677 129 7 513 678 316 630 198 685 365 577 415 508 459 453 521 8
D 676 119 2 183 677 265 8
D 670 109 7 498 671 168 676 322 628 371 575 421 506 465 451 524 8
D 691 81 2 137 642 142 138
D 692 81 2 137 644 142 165
D 690 85 3 136 528 691 591 692 29
D 666 99 10 667 167 615 304 563 354 492 405 446 450 399 497 349 569 299 620 135 670 690 8
D 695 63 2 108 107 106 133
D 694 61 2 104 695 109 105
D 697 63 2 108 133 106 8
D 696 61 2 104 697 109 132
D 693 65 3 103 531 694 594 696 29
D 660 79 10 661 134 609 298 558 348 486 398 441 445 392 491 343 562 293 614 102 666 693 8
D 700 43 2 75 74 73 100
D 699 41 2 71 700 76 72
D 702 43 2 75 100 73 8
D 701 41 2 71 702 76 99
D 698 45 3 70 534 699 596 701 29
D 654 59 10 655 101 603 292 553 342 69 391 285 440 338 485 387 557 435 608 479 660 698 8
D 706 31 2 53 62 51 8
D 707 31 2 53 52 51 29
D 705 33 2 706 54 707 8
D 704 29 2 45 705 63 8
D 703 25 2 37 704 65 8
D 712 51 2 86 95 84 8
D 713 51 2 86 85 84 29
D 711 53 2 712 87 713 8
D 710 49 2 78 711 96 8
D 709 45 2 70 710 98 8
D 718 71 2 117 128 119 8
D 719 71 2 117 118 119 29
D 717 73 2 718 396 719 8
D 716 69 2 111 717 129 8
D 715 65 2 103 716 131 8
D 724 91 2 150 161 152 8
D 725 91 2 150 151 152 29
D 723 93 2 724 403 725 8
D 722 89 2 144 723 162 8
D 721 85 2 136 722 164 8
D 730 117 2 191 268 193 8
D 729 115 2 189 730 194 8
D 728 113 2 184 729 195 8
D 733 117 2 191 192 193 268
D 732 115 2 189 733 194 267
D 731 113 3 184 732 626 266 627 29
D 727 119 6 500 452 571 407 672 306 622 356 728 197 731 8
D 738 135 2 224 220 219 8
D 737 133 2 214 738 225 8
D 740 135 2 219 589 224 259
D 739 133 3 214 740 683 258 684 29
D 736 139 6 737 227 679 308 636 358 515 454 584 409 739 8
D 743 141 2 231 230 229 8
D 744 141 2 231 256 229 29
D 742 143 2 743 688 744 8
D 741 139 2 213 742 257 8
D 735 129 7 513 736 365 630 316 685 415 577 198 741 459 508 521 8
D 734 119 2 183 735 265 8
D 726 109 7 498 727 168 734 322 676 371 628 421 575 465 506 524 8
D 748 91 2 152 151 150 161
D 749 91 2 152 161 150 8
D 747 93 3 748 430 149 380 749 29
D 746 89 3 473 429 144 747 474 29
D 745 85 3 691 591 136 746 692 29
D 720 99 11 721 167 667 304 615 354 563 405 492 450 446 497 399 569 349 620 299 670 135 726 745 8
D 753 71 2 119 118 117 128
D 754 71 2 119 128 117 8
D 752 73 3 753 434 116 385 754 29
D 751 69 3 477 433 111 752 478 29
D 750 65 3 694 594 103 751 696 29
D 714 79 11 715 134 661 298 609 348 558 398 486 445 441 491 392 562 343 614 293 666 102 720 750 8
D 758 51 2 84 85 86 95
D 759 51 2 84 95 86 8
D 757 53 3 758 536 289 538 759 29
D 756 49 3 540 541 78 757 542 29
D 755 45 3 699 596 70 756 701 29
D 708 59 11 709 101 655 292 603 342 553 391 69 440 285 485 338 557 387 608 435 660 479 714 755 8
D 762 27 2 48 47 46 8
D 763 27 2 48 64 46 29
D 761 29 2 762 547 763 8
D 760 25 2 37 761 65 8
D 768 119 6 500 507 571 452 622 407 728 306 672 356 731 8
D 771 139 6 737 308 679 358 515 509 584 454 636 409 739 8
D 773 125 2 209 370 204 207
D 772 123 3 199 773 463 420 464 29
D 770 129 6 513 771 415 630 365 685 459 577 316 741 772 8
D 769 119 2 183 770 265 8
D 767 109 7 498 768 322 734 168 769 371 676 421 628 465 575 524 8
D 766 99 11 721 304 667 354 615 405 563 450 492 497 446 569 399 620 349 670 299 726 135 767 745 8
D 765 79 11 715 298 661 348 609 398 558 445 486 491 441 562 392 614 343 666 293 720 102 766 750 8
D 764 59 11 709 292 655 342 603 391 553 440 69 485 285 557 338 608 387 660 435 714 479 765 755 8
D 776 27 2 46 64 48 8
D 777 27 2 46 47 48 29
D 775 29 2 776 547 777 8
D 774 25 2 37 775 65 8
D 782 119 6 571 507 500 576 622 452 672 407 728 356 731 8
D 785 139 6 737 358 515 578 584 509 636 454 679 409 739 8
D 786 123 3 463 420 199 370 464 29
D 784 129 5 513 785 459 630 415 685 365 741 786 8
D 783 119 2 183 784 265 8
D 781 109 7 498 782 371 734 322 769 168 783 421 676 465 628 524 8
D 780 99 11 721 354 667 405 615 450 563 497 492 569 446 620 399 670 349 726 299 767 135 781 745 8
D 779 79 11 715 348 661 398 609 445 558 491 486 562 441 614 392 666 343 720 293 766 102 780 750 8
D 778 59 11 709 342 655 391 603 440 553 485 69 557 285 608 338 660 387 714 435 765 479 779 755 8
D 790 35 2 60 56 55 8
D 789 33 2 548 790 549 8
D 788 29 2 45 789 63 8
D 787 25 2 37 788 65 8
D 795 119 6 622 507 571 576 500 629 672 452 728 407 731 8
D 798 139 6 515 631 584 578 636 509 679 454 737 409 739 8
D 800 121 2 202 201 200 29
D 799 123 2 800 420 464 29
D 797 129 4 459 685 513 798 415 741 799 8
D 796 119 2 183 797 265 8
D 794 109 7 498 795 421 734 371 769 322 783 168 796 465 676 524 8
D 793 99 11 721 405 667 450 615 497 563 569 492 620 446 670 399 726 349 767 299 781 135 794 745 8
D 792 79 11 715 398 661 445 609 491 558 562 486 614 441 666 392 720 343 766 293 780 102 793 750 8
D 791 59 11 709 391 655 440 603 485 553 557 69 608 285 660 338 714 387 765 435 779 479 792 755 8
D 805 37 2 59 58 57 8
D 804 35 2 55 805 60 8
D 803 33 2 548 804 549 8
D 802 29 2 45 803 63 8
D 801 25 2 37 802 65 8
D 810 119 6 672 507 622 576 571 629 500 677 728 452 731 8
D 813 139 6 584 631 636 578 679 509 737 454 515 686 739 8
D 814 123 2 201 420 211 29
D 812 129 3 459 741 513 813 814 8
D 811 119 2 183 812 265 8
D 809 109 7 498 810 465 734 421 769 371 783 322 796 168 811 524 8
D 808 99 11 721 450 667 497 615 569 563 620 492 670 446 726 399 767 349 781 299 794 135 809 745 8
D 807 79 11 715 445 661 491 609 562 558 614 486 666 441 720 392 766 343 780 293 793 102 808 750 8
D 806 59 11 709 440 655 485 603 557 553 608 69 660 285 714 338 765 387 779 435 792 479 807 755 8
L 820 38 20
D 819 37 2 57 820 59 8
D 818 35 2 55 819 60 8
D 817 33 2 548 818 549 8
D 816 29 2 45 817 63 8
D 815 25 2 37 816 65 8
D 825 119 6 728 507 672 576 622 629 571 677 500 735 731 8
D 828 139 6 636 631 679 578 737 509 584 686 515 742 739 8
D 829 123 2 199 420 210 29
D 827 129 2 513 828 829 8
D 826 119 2 183 827 265 8
D 824 109 7 465 769 498 825 421 783 371 796 322 811 168 826 524 8
D 823 99 11 721 497 667 569 615 620 563 670 492 726 446 767 399 781 349 794 299 809 135 824 745 8
D 822 79 11 715 491 661 562 609 614 558 666 486 720 441 766 392 780 343 793 293 808 102 823 750 8
D 821 59 11 709 485 655 557 603 608 553 660 69 714 285 765 338 779 387 792 435 807 479 822 755 8
D 832 23 2 42 41 40 67
D 831 21 2 38 832 43 39
D 836 37 2 57 820 59 29
D 835 35 2 55 836 60 29
D 834 33 2 548 835 549 29
D 833 29 2 45 834 63 29
D 838 27 2 48 47 46 64
D 840 31 2 53 62 51 52
D 842 37 2 57 58 59 820
D 841 35 2 60 836 55 842
D 843 31 2 53 52 51 8
D 839 33 3 840 835 548 841 843 29
D 844 27 2 48 64 46 8
D 837 29 3 838 834 45 839 844 29
D 846 23 2 42 67 40 8
D 845 21 2 38 846 43 66
D 830 25 3 831 833 37 837 845 29
D 35 39 11 36 68 543 552 597 602 651 654 703 708 760 764 774 778 787 791 801 806 815 821 830 8
D 849 3 2 7 6 5 8
D 848 1 2 3 849 9 8
D 852 11 2 17 28 19 8
D 853 11 2 17 18 19 29
D 851 13 2 852 20 853 8
D 850 9 2 11 851 30 8
D 855 3 2 7 34 5 29
D 854 1 2 3 855 9 29
D 847 5 2 848 850 854 8
D 861 119 6 728 576 672 629 622 677 571 735 500 770 731 8
D 867 137 2 223 260 221 29
D 866 135 2 219 867 224 259
D 865 133 3 214 866 683 258 684 29
D 864 139 5 679 631 737 578 636 686 584 742 865 8
D 863 129 2 513 864 829 8
D 862 119 2 183 863 265 8
D 860 109 7 465 783 498 861 421 796 371 811 322 826 168 862 524 8
D 859 99 11 721 569 667 620 615 670 563 726 492 767 446 781 399 794 349 809 299 824 135 860 745 8
D 858 79 11 715 562 661 614 609 666 558 720 486 766 441 780 392 793 343 808 293 823 102 859 750 8
D 857 59 11 709 557 655 608 603 660 553 714 69 765 285 779 338 792 387 807 435 822 479 858 755 8
D 856 39 11 36 552 543 602 597 654 651 708 703 764 760 778 774 791 787 806 801 821 815 857 830 8
D 870 3 2 5 34 7 8
D 869 1 2 3 870 9 8
D 872 3 2 5 6 7 29
D 871 1 2 3 872 9 29
D 868 5 2 869 850 871 8
D 878 119 6 728 629 672 677 622 735 571 770 500 784 731 8
D 883 135 2 224 259 219 29
D 882 133 3 683 258 214 883 684 29
D 881 139 4 737 631 679 686 636 742 882 8
D 880 129 2 513 881 829 8
D 879 119 2 183 880 265 8
D 877 109 7 465 796 498 878 421 811 371 826 322 862 168 879 524 8
D 876 99 11 721 620 667 670 615 726 563 767 492 781 446 794 399 809 349 824 299 860 135 877 745 8
D 875 79 11 715 614 661 666 609 720 558 766 486 780 441 793 392 808 343 823 293 859 102 876 750 8
D 874 59 11 709 608 655 660 603 714 553 765 69 779 285 792 338 807 387 822 435 858 479 875 755 8
D 873 39 11 36 602 543 654 597 708 651 764 703 778 760 791 774 806 787 821 801 857 815 874 830 8
D 885 1 2 9 4 3 8
D 886 1 2 9 33 3 29
D 884 5 2 885 850 886 8
D 892 119 6 728 677 672 735 622 770 571 784 500 797 731 8
D 896 133 3 680 258 214 883 217 29
D 895 139 3 737 686 679 742 896 8
D 894 129 2 513 895 829 8
D 893 119 2 183 894 265 8
D 891 109 7 465 811 498 892 421 826 371 862 322 879 168 893 524 8
D 890 99 11 721 670 667 726 615 767 563 781 492 794 446 809 399 824 349 860 299 877 135 891 745 8
D 889 79 11 715 666 661 720 609 766 558 780 486 793 441 808 392 823 343 859 293 876 102 890 750 8
D 888 59 11 709 660 655 714 603 765 553 779 69 792 285 807 338 822 387 858 435 875 479 889 755 8
D 887 39 11 36 654 543 708 597 764 651 778 703 791 760 806 774 821 787 857 801 874 815 888 830 8
D 900 11 2 19 28 17 8
D 901 11 2 19 18 17 29
D 899 13 2 900 20 901 8
D 898 9 2 11 899 30 8
D 897 5 2 2 898 32 8
D 907 119 6 728 735 672 770 622 784 571 797 500 812 731 8
D 911 133 2 214 883 225 29
D 910 139 2 737 742 911 8
D 909 129 2 513 910 829 8
D 908 119 2 183 909 265 8
D 906 109 7 465 826 498 907 421 862 371 879 322 893 168 908 524 8
D 905 99 11 721 726 667 767 615 781 563 794 492 809 446 824 399 860 349 877 299 891 135 906 745 8
D 904 79 11 715 720 661 766 609 780 558 793 486 808 441 823 392 859 343 876 293 890 102 905 750 8
D 903 59 11 709 714 655 765 603 779 553 792 69 807 285 822 338 858 387 875 435 889 479 904 755 8
D 902 39 11 36 708 543 764 597 778 651 791 703 806 760 821 774 857 787 874 801 888 815 903 830 8
D 914 7 2 14 13 12 8
D 915 7 2 14 31 12 29
D 913 9 2 914 851 915 8
D 912 5 2 2 913 32 8
D 921 119 6 728 770 672 784 622 797 571 812 500 827 731 8
D 923 105 2 179 376 174 177
D 922 103 3 169 923 469 426 470 29
D 920 109 6 465 862 498 921 421 879 371 893 322 908 922 8
D 919 99 11 721 767 667 781 615 794 563 809 492 824 446 860 399 877 349 891 299 906 135 920 745 8
D 918 79 11 715 766 661 780 609 793 558 808 486 823 441 859 392 876 343 890 293 905 102 919 750 8
D 917 59 11 709 765 655 779 603 792 553 807 69 822 285 858 338 875 387 889 435 904 479 918 755 8
D 916 39 11 36 764 543 778 597 791 651 806 703 821 760 857 774 874 787 888 801 903 815 917 830 8
D 926 7 2 12 31 14 8
D 927 7 2 12 13 14 29
D 925 9 2 926 851 927 8
D 924 5 2 2 925 32 8
D 933 119 6 728 784 672 797 622 812 571 827 500 863 731 8
D 934 103 3 469 426 169 376 470 29
D 932 109 5 465 879 498 933 421 893 371 908 934 8
D 931 99 11 721 781 667 794 615 809 563 824 492 860 446 877 399 891 349 906 299 920 135 932 745 8
D 930 79 11 715 780 661 793 609 808 558 823 486 859 441 876 392 890 343 905 293 919 102 931 750 8
D 929 59 11 709 779 655 792 603 807 553 822 69 858 285 875 338 889 387 904 435 918 479 930 755 8
D 928 39 11 36 778 543 791 597 806 651 821 703 857 760 874 774 888 787 903 801 917 815 929 830 8
D 938 15 2 26 22 21 8
D 937 13 2 852 938 853 8
D 936 9 2 11 937 30 8
D 935 5 2 2 936 32 8
D 944 119 6 728 797 672 812 622 827 571 863 500 880 731 8
D 946 101 2 172 171 170 29
D 945 103 2 946 426 470 29
D 943 109 4 465 893 498 944 421 908 945 8
D 942 99 11 721 794 667 809 615 824 563 860 492 877 446 891 399 906 349 920 299 932 135 943 745 8
D 941 79 11 715 793 661 808 609 823 558 859 486 876 441 890 392 905 343 919 293 931 102 942 750 8
D 940 59 11 709 792 655 807 603 822 553 858 69 875 285 889 338 904 387 918 435 930 479 941 755 8
D 939 39 11 36 791 543 806 597 821 651 857 703 874 760 888 774 903 787 917 801 929 815 940 830 8
D 951 17 2 25 24 23 8
D 950 15 2 21 951 26 8
D 949 13 2 852 950 853 8
D 948 9 2 11 949 30 8
D 947 5 2 2 948 32 8
D 957 119 6 728 812 672 827 622 863 571 880 500 894 731 8
D 958 103 2 171 426 181 29
D 956 109 3 465 908 498 957 958 8
D 955 99 11 721 809 667 824 615 860 563 877 492 891 446 906 399 920 349 932 299 943 135 956 745 8
D 954 79 11 715 808 661 823 609 859 558 876 486 890 441 905 392 919 343 931 293 942 102 955 750 8
D 953 59 11 709 807 655 822 603 858 553 875 69 889 285 904 338 918 387 930 435 941 479 954 755 8
D 952 39 11 36 806 543 821 597 857 651 874 703 888 760 903 774 917 787 929 801 940 815 953 830 8
L 964 18 10
D 963 17 2 23 964 25 8
D 962 15 2 21 963 26 8
D 961 13 2 852 962 853 8
D 960 9 2 11 961 30 8
D 959 5 2 2 960 32 8
D 970 119 6 728 827 672 863 622 880 571 894 500 909 731 8
D 971 103 2 169 426 180 29
D 969 109 2 498 970 971 8
D 968 99 11 721 824 667 860 615 877 563 891 492 906 446 920 399 932 349 943 299 956 135 969 745 8
D 967 79 11 715 823 661 859 609 876 558 890 486 905 441 919 392 931 343 942 293 955 102 968 750 8
D 966 59 11 709 822 655 858 603 875 553 889 69 904 285 918 338 930 387 941 435 954 479 967 755 8
D 965 39 11 36 821 543 857 597 874 651 888 703 903 760 917 774 929 787 940 801 953 815 966 830 8
D 976 17 2 23 24 25 964
D 977 17 2 23 964 25 29
D 975 15 2 21 976 26 977
D 978 11 2 19 28 17 18
D 979 15 2 21 977 26 29
D 980 11 2 19 18 17 8
D 974 13 3 852 975 978 979 980 29
D 981 7 2 14 13 12 31
D 982 13 2 852 979 853 29
D 983 7 2 14 31 12 8
D 973 9 3 11 974 981 982 983 29
D 985 3 2 7 6 5 34
D 984 1 2 3 985 9 4
D 986 9 2 11 982 30 29
D 988 3 2 7 34 5 8
D 987 1 2 3 988 9 33
D 972 5 3 2 973 984 986 987 29
D 0 19 11 1 35 847 856 868 873 884 887 897 902 912 916 924 928 935 939 947 952 959 965 972 8
