c ids of sdd nodes start at 0
c sdd nodes appear bottom-up, children before parents
c
c file syntax:
c sdd count-of-sdd-nodes
c F id-of-false-sdd-node
c T id-of-true-sdd-node
c L id-of-literal-sdd-node id-of-vtree literal
c D id-of-decomposition-sdd-node id-of-vtree number-of-elements {id-of-prime id-of-sub}*
c
sdd 987
L 3 0 -4
L 5 2 -2
L 6 4 -3
L 7 2 2
F 8
D 4 3 2 5 6 7 8
L 9 0 4
D 2 1 2 3 4 9 8
L 12 6 -6
L 13 8 -7
L 14 6 6
D 11 7 2 12 13 14 8
L 17 10 -5
L 18 12 1
L 19 10 5
D 16 11 2 17 18 19 8
L 21 14 -8
L 23 16 -9
L 24 18 -10
L 25 16 9
D 22 17 2 23 24 25 8
L 26 14 8
D 20 15 2 21 22 26 8
L 28 12 -1
T 29
D 27 11 2 17 28 19 29
D 15 13 2 16 20 27 8
L 31 8 7
D 30 7 2 12 31 14 29
D 10 9 2 11 15 30 8
L 34 4 3
D 33 3 2 5 34 7 29
D 32 1 2 3 33 9 29
D 1 5 2 2 10 32 8
L 38 20 -14
L 40 22 -12
L 41 24 -13
L 42 22 12
D 39 23 2 40 41 42 8
L 43 20 14
D 37 21 2 38 39 43 8
L 46 26 -16
L 47 28 -17
L 48 26 16
D 45 27 2 46 47 48 8
L 51 30 -15
L 52 32 11
L 53 30 15
D 50 31 2 51 52 53 8
L 55 34 -18
L 57 36 -19
L 58 38 -20
L 59 36 19
D 56 37 2 57 58 59 8
L 60 34 18
D 54 35 2 55 56 60 8
L 62 32 -11
D 61 31 2 51 62 53 29
D 49 33 2 50 54 61 8
L 64 28 17
D 63 27 2 46 64 48 29
D 44 29 2 45 49 63 8
L 67 24 13
D 66 23 2 40 67 42 29
D 65 21 2 38 66 43 29
D 36 25 2 37 44 65 8
L 71 40 -24
L 73 42 -22
L 74 44 -23
L 75 42 22
D 72 43 2 73 74 75 8
L 76 40 24
D 70 41 2 71 72 76 8
L 79 46 26
L 80 48 -27
L 81 46 -26
D 78 47 2 79 80 81 8
L 84 50 -25
L 85 52 -21
L 86 50 25
D 83 51 2 84 85 86 8
L 88 54 -28
L 90 56 -29
L 91 58 -30
L 92 56 29
D 89 57 2 90 91 92 8
L 93 54 28
D 87 55 2 88 89 93 8
L 95 52 21
D 94 51 2 84 95 86 29
D 82 53 2 83 87 94 8
L 97 48 27
D 96 47 2 79 97 81 29
D 77 49 2 78 82 96 8
L 100 44 23
D 99 43 2 73 100 75 29
D 98 41 2 71 99 76 29
D 69 45 2 70 77 98 8
L 104 60 -34
L 106 62 -32
L 107 64 -33
L 108 62 32
D 105 63 2 106 107 108 8
L 109 60 34
D 103 61 2 104 105 109 8
L 112 66 -36
L 113 68 -37
L 114 66 36
D 111 67 2 112 113 114 8
L 117 70 -35
L 118 72 -31
L 119 70 35
D 116 71 2 117 118 119 8
L 121 74 -38
L 123 76 -39
L 124 78 40
L 125 76 39
D 122 77 2 123 124 125 8
L 126 74 38
D 120 75 2 121 122 126 8
L 128 72 31
D 127 71 2 117 128 119 29
D 115 73 2 116 120 127 8
L 130 68 37
D 129 67 2 112 130 114 29
D 110 69 2 111 115 129 8
L 133 64 33
D 132 63 2 106 133 108 29
D 131 61 2 104 132 109 29
D 102 65 2 103 110 131 8
L 137 80 -42
L 139 82 -43
L 140 84 -44
L 141 82 43
D 138 83 2 139 140 141 8
L 142 80 42
D 136 81 2 137 138 142 8
L 145 86 -46
L 146 88 -47
L 147 86 46
D 144 87 2 145 146 147 8
L 150 90 -45
L 151 92 -41
L 152 90 45
D 149 91 2 150 151 152 8
L 154 94 -48
L 156 96 -49
L 157 98 50
L 158 96 49
D 155 97 2 156 157 158 8
L 159 94 48
D 153 95 2 154 155 159 8
L 161 92 41
D 160 91 2 150 161 152 29
D 148 93 2 149 153 160 8
L 163 88 47
D 162 87 2 145 163 147 29
D 143 89 2 144 148 162 8
L 166 84 44
D 165 83 2 139 166 141 29
D 164 81 2 137 165 142 29
D 135 85 2 136 143 164 8
L 170 100 -56
L 171 102 -57
L 172 100 56
D 169 101 2 170 171 172 8
L 174 104 -58
L 176 106 -59
L 177 108 60
L 178 106 59
D 175 107 2 176 177 178 8
L 179 104 58
D 173 105 2 174 175 179 8
L 181 102 57
D 180 101 2 170 181 172 29
D 168 103 2 169 173 180 8
L 185 110 -53
L 186 112 -54
L 187 110 53
D 184 111 2 185 186 187 8
L 189 114 -52
L 191 116 -55
L 192 118 -51
L 193 116 55
D 190 117 2 191 192 193 8
L 194 114 52
D 188 115 2 189 190 194 8
L 196 112 54
D 195 111 2 185 196 187 29
D 183 113 2 184 188 195 8
L 200 120 -76
L 201 122 -77
L 202 120 76
D 199 121 2 200 201 202 8
L 204 124 -78
L 206 126 -79
L 207 128 80
L 208 126 79
D 205 127 2 206 207 208 8
L 209 124 78
D 203 125 2 204 205 209 8
L 211 122 77
D 210 121 2 200 211 202 29
D 198 123 2 199 203 210 8
L 215 130 -73
L 216 132 -72
L 217 130 73
D 214 131 2 215 216 217 8
L 219 134 -71
L 221 136 -74
L 222 138 -75
L 223 136 74
D 220 137 2 221 222 223 8
L 224 134 71
D 218 135 2 219 220 224 8
L 226 132 72
D 225 131 2 215 226 217 29
D 213 133 2 214 218 225 8
L 229 140 -61
L 230 142 -62
L 231 140 61
D 228 141 2 229 230 231 8
L 234 144 -63
L 235 146 -64
L 236 144 63
D 233 145 2 234 235 236 8
L 238 148 -65
L 240 150 -66
L 242 152 -67
L 244 154 -68
L 246 156 -69
L 247 158 70
L 248 156 69
D 245 157 2 246 247 248 8
L 249 154 68
D 243 155 2 244 245 249 8
L 250 152 67
D 241 153 2 242 243 250 8
L 251 150 66
D 239 151 2 240 241 251 8
L 252 148 65
D 237 149 2 238 239 252 8
L 254 146 64
D 253 145 2 234 254 236 29
D 232 147 2 233 237 253 8
L 256 142 62
D 255 141 2 229 256 231 29
D 227 143 2 228 232 255 8
L 260 138 75
D 259 137 2 221 260 223 29
D 258 135 2 219 259 224 29
D 257 133 2 214 258 225 29
D 212 139 2 213 227 257 8
L 264 128 -80
D 263 127 2 206 264 208 29
D 262 125 2 204 263 209 29
D 261 123 2 199 262 210 29
D 197 129 2 198 212 261 8
L 268 118 51
D 267 117 2 191 268 193 29
D 266 115 2 189 267 194 29
D 265 113 2 184 266 195 29
D 182 119 2 183 197 265 8
L 272 108 -60
D 271 107 2 176 272 178 29
D 270 105 2 174 271 179 29
D 269 103 2 169 270 180 29
D 167 109 2 168 182 269 8
L 278 98 -50
D 277 97 2 156 278 158 29
D 276 95 2 154 277 159 29
D 275 93 2 149 276 160 29
D 274 89 2 144 275 162 29
D 273 85 2 136 274 164 29
D 134 99 2 135 167 273 8
L 284 78 -40
D 283 77 2 123 284 125 29
D 282 75 2 121 283 126 29
D 281 73 2 116 282 127 29
D 280 69 2 111 281 129 29
D 279 65 2 103 280 131 29
D 101 79 2 102 134 279 8
D 287 47 2 81 97 79 8
D 288 47 2 81 80 79 29
D 286 49 2 287 82 288 8
D 285 45 2 70 286 98 8
D 294 77 2 125 284 123 8
D 293 75 2 121 294 126 8
D 292 73 2 116 293 127 8
D 291 69 2 111 292 129 8
D 290 65 2 103 291 131 8
D 300 97 2 158 278 156 8
D 299 95 2 154 300 159 8
D 298 93 2 149 299 160 8
D 297 89 2 144 298 162 8
D 296 85 2 136 297 164 8
L 312 158 -70
D 311 157 2 248 312 246 8
D 310 155 2 244 311 249 8
D 309 153 2 242 310 250 8
D 308 151 2 240 309 251 8
D 307 149 2 238 308 252 8
D 306 147 2 233 307 253 8
D 305 143 2 228 306 255 8
D 304 139 2 213 305 257 8
D 315 127 2 208 264 206 8
D 314 125 2 204 315 209 8
D 313 123 2 199 314 210 8
D 318 127 2 206 264 208 207
D 317 125 2 204 318 209 29
D 316 123 2 199 317 210 29
D 303 129 3 198 304 313 212 316 8
D 302 119 2 183 303 265 8
D 321 107 2 178 272 176 8
D 320 105 2 174 321 179 8
D 319 103 2 169 320 180 8
D 324 107 2 176 272 178 177
D 323 105 2 174 324 179 29
D 322 103 2 169 323 180 29
D 301 109 3 168 302 319 182 322 8
D 329 97 2 156 278 158 157
D 328 95 2 154 329 159 29
D 327 93 2 149 328 160 29
D 326 89 2 144 327 162 29
D 325 85 2 136 326 164 29
D 295 99 3 296 167 135 301 325 8
D 334 77 2 123 284 125 124
D 333 75 2 121 334 126 29
D 332 73 2 116 333 127 29
D 331 69 2 111 332 129 29
D 330 65 2 103 331 131 29
D 289 79 3 290 134 102 295 330 8
D 337 47 2 81 80 79 8
D 339 55 2 93 89 88 8
D 338 53 2 83 339 94 8
D 340 47 2 81 97 79 29
D 336 49 2 337 338 340 8
D 335 45 2 70 336 98 8
D 346 77 2 123 284 125 8
D 345 75 2 126 346 121 8
D 344 73 2 116 345 127 8
D 343 69 2 111 344 129 8
D 342 65 2 103 343 131 8
D 352 97 2 156 278 158 8
D 351 95 2 159 352 154 8
D 350 93 2 149 351 160 8
D 349 89 2 144 350 162 8
D 348 85 2 136 349 164 8
D 363 157 2 246 312 248 8
D 362 155 2 249 363 244 8
D 361 153 2 242 362 250 8
D 360 151 2 240 361 251 8
D 359 149 2 238 360 252 8
D 358 147 2 233 359 253 8
D 357 143 2 228 358 255 8
D 356 139 2 213 357 257 8
D 366 127 2 206 264 208 8
D 365 125 2 209 366 204 8
D 364 123 2 199 365 210 8
D 369 127 2 206 207 208 29
D 368 125 2 204 318 209 369
D 367 123 2 199 368 210 29
D 355 129 4 198 356 313 304 364 212 367 8
D 354 119 2 183 355 265 8
D 372 107 2 176 272 178 8
D 371 105 2 179 372 174 8
D 370 103 2 169 371 180 8
D 375 107 2 176 177 178 29
D 374 105 2 174 324 179 375
D 373 103 2 169 374 180 29
D 353 109 4 168 354 319 302 370 182 373 8
D 380 97 2 156 157 158 29
D 379 95 2 159 380 154 329
D 378 93 2 149 379 160 29
D 377 89 2 144 378 162 29
D 376 85 2 136 377 164 29
D 347 99 4 348 167 296 301 135 353 376 8
D 385 77 2 123 124 125 29
D 384 75 2 126 385 121 334
D 383 73 2 116 384 127 29
D 382 69 2 111 383 129 29
D 381 65 2 103 382 131 29
D 341 79 4 342 134 290 295 102 347 381 8
D 390 57 2 92 91 90 8
D 389 55 2 88 390 93 8
D 388 53 2 83 389 94 8
D 387 49 2 337 388 340 8
D 386 45 2 70 387 98 8
D 394 67 2 112 130 114 8
D 396 75 2 121 346 126 8
D 395 73 2 116 396 127 8
D 397 67 2 112 113 114 29
D 393 69 2 394 395 397 8
D 392 65 2 103 393 131 8
D 401 87 2 145 163 147 8
D 403 95 2 154 352 159 8
D 402 93 2 149 403 160 8
D 404 87 2 145 146 147 29
D 400 89 2 401 402 404 8
D 399 85 2 136 400 164 8
D 414 155 2 244 363 249 8
D 413 153 2 250 414 242 8
D 412 151 2 240 413 251 8
D 411 149 2 238 412 252 8
D 410 147 2 233 411 253 8
D 409 143 2 228 410 255 8
D 408 139 2 213 409 257 8
D 416 121 2 200 211 202 8
D 417 125 2 204 366 209 8
D 418 121 2 200 201 202 29
D 415 123 2 416 417 418 8
D 420 125 2 204 369 209 29
D 419 123 3 199 368 416 420 202 29
D 407 129 5 198 408 313 356 364 304 415 212 419 8
D 406 119 2 183 407 265 8
D 422 101 2 170 181 172 8
D 423 105 2 174 372 179 8
D 424 101 2 170 171 172 29
D 421 103 2 422 423 424 8
D 426 105 2 174 375 179 29
D 425 103 3 169 374 422 426 172 29
D 405 109 5 168 406 319 354 370 302 421 182 425 8
D 430 95 2 154 380 159 29
D 429 93 2 149 430 160 29
D 428 89 3 144 378 401 429 147 29
D 427 85 2 136 428 164 29
D 398 99 5 399 167 348 301 296 353 135 405 427 8
D 434 75 2 121 385 126 29
D 433 73 2 116 434 127 29
D 432 69 3 111 383 394 433 114 29
D 431 65 2 103 432 131 29
D 391 79 5 392 134 342 295 290 347 102 398 431 8
L 440 58 30
D 439 57 2 90 440 92 8
D 438 55 2 88 439 93 8
D 437 53 2 83 438 94 8
D 436 49 2 337 437 340 8
D 435 45 2 70 436 98 8
D 444 67 2 114 113 112 8
D 445 67 2 114 130 112 29
D 443 69 2 444 395 445 8
D 442 65 2 103 443 131 8
D 449 87 2 147 146 145 8
D 450 87 2 147 163 145 29
D 448 89 2 449 402 450 8
D 447 85 2 136 448 164 8
D 459 153 2 242 414 250 8
D 458 151 2 251 459 240 8
D 457 149 2 238 458 252 8
D 456 147 2 233 457 253 8
D 455 143 2 228 456 255 8
D 454 139 2 213 455 257 8
D 461 121 2 202 201 200 8
D 462 121 2 202 211 200 29
D 460 123 2 461 417 462 8
D 464 121 2 202 201 200 211
D 465 121 2 202 211 200 8
D 463 123 3 199 368 464 420 465 29
D 453 129 6 198 454 313 408 364 356 415 304 460 212 463 8
D 452 119 2 183 453 265 8
D 467 101 2 172 171 170 8
D 468 101 2 172 181 170 29
D 466 103 2 467 423 468 8
D 470 101 2 172 171 170 181
D 471 101 2 172 181 170 8
D 469 103 3 169 374 470 426 471 29
D 451 109 6 168 452 319 406 370 354 421 302 466 182 469 8
D 474 87 2 147 146 145 163
D 475 87 2 147 163 145 8
D 473 89 3 144 378 474 429 475 29
D 472 85 2 136 473 164 29
D 446 99 6 447 167 399 301 348 353 296 405 135 451 472 8
D 478 67 2 114 113 112 130
D 479 67 2 114 130 112 8
D 477 69 3 111 383 478 433 479 29
D 476 65 2 103 477 131 29
D 441 79 6 442 134 392 295 342 347 290 398 102 446 476 8
D 484 57 2 90 440 92 29
D 485 57 2 90 91 92 440
D 483 55 2 93 484 88 485
D 482 53 2 83 483 94 29
D 486 47 2 79 80 81 97
D 488 55 2 88 484 93 29
D 487 53 2 83 488 94 29
D 489 47 2 79 97 81 8
D 481 49 3 337 482 486 487 489 29
D 480 45 2 70 481 98 29
D 68 59 6 69 101 285 289 335 341 386 391 435 441 480 8
D 492 23 2 42 41 40 8
D 491 21 2 38 492 43 8
D 495 31 2 51 62 53 8
D 496 31 2 51 52 53 29
D 494 33 2 495 54 496 8
D 493 29 2 45 494 63 8
D 498 23 2 42 67 40 29
D 497 21 2 38 498 43 29
D 490 25 2 491 493 497 8
D 503 51 2 86 85 84 8
D 504 51 2 86 95 84 29
D 502 53 2 503 87 504 8
D 501 49 2 337 502 340 8
D 500 45 2 70 501 98 8
D 509 71 2 119 118 117 8
D 510 71 2 119 128 117 29
D 508 73 2 509 396 510 8
D 507 69 2 111 508 129 8
D 506 65 2 103 507 131 8
D 515 91 2 152 151 150 8
D 516 91 2 152 161 150 29
D 514 93 2 515 403 516 8
D 513 89 2 144 514 162 8
D 512 85 2 136 513 164 8
D 518 103 2 169 423 180 8
D 522 117 2 193 192 191 8
D 521 115 2 189 522 194 8
D 520 113 2 184 521 195 8
D 525 117 2 193 268 191 29
D 524 115 2 189 525 194 29
D 523 113 2 184 524 195 29
D 519 119 2 520 197 523 8
D 532 151 2 240 459 251 8
D 531 149 2 252 532 238 8
D 530 147 2 233 531 253 8
D 529 143 2 228 530 255 8
D 528 139 2 213 529 257 8
D 533 123 2 199 417 210 8
D 537 137 2 221 260 223 8
D 536 135 2 219 537 224 8
D 535 133 2 214 536 225 8
D 540 137 2 221 222 223 29
D 539 135 2 219 540 224 29
D 538 133 2 214 539 225 29
D 534 139 2 535 227 538 8
D 543 127 2 208 207 206 8
D 542 125 2 204 543 209 369
D 541 123 3 199 542 464 420 465 29
D 527 129 7 198 528 533 534 313 454 364 408 415 356 460 304 541 8
D 526 119 2 183 527 265 8
D 546 107 2 178 177 176 8
D 545 105 2 174 546 179 375
D 544 103 3 169 545 470 426 471 29
D 517 109 7 518 519 168 526 319 452 370 406 421 354 466 302 544 8
D 549 93 3 515 430 149 379 161 29
D 548 89 3 144 549 474 429 475 29
D 547 85 2 136 548 164 29
D 511 99 7 512 167 447 301 399 353 348 405 296 451 135 517 547 8
D 552 73 3 509 434 116 384 128 29
D 551 69 3 111 552 478 433 479 29
D 550 65 2 103 551 131 29
D 505 79 7 506 134 442 295 392 347 342 398 290 446 102 511 550 8
D 555 53 3 503 488 83 483 95 29
D 554 49 3 337 555 486 487 489 29
D 553 45 2 70 554 98 29
D 499 59 7 500 101 69 289 285 341 335 391 386 441 435 505 553 8
D 558 23 2 40 67 42 8
D 557 21 2 38 558 43 8
D 560 23 2 40 41 42 29
D 559 21 2 38 560 43 29
D 556 25 2 557 493 559 8
D 563 41 2 76 72 71 8
D 564 49 2 337 82 340 8
D 565 41 2 76 99 71 29
D 562 45 2 563 564 565 8
D 568 61 2 109 105 104 8
D 569 69 2 111 395 129 8
D 570 61 2 109 132 104 29
D 567 65 2 568 569 570 8
D 574 83 2 139 166 141 8
D 573 81 2 137 574 142 8
D 575 89 2 144 402 162 8
D 577 83 2 139 140 141 29
D 576 81 2 137 577 142 29
D 572 85 2 573 575 576 8
D 581 111 2 185 196 187 8
D 582 111 2 185 186 187 29
D 580 113 2 581 188 582 8
D 583 113 3 184 524 581 266 187 29
D 579 119 3 520 303 580 197 583 8
D 589 145 2 234 254 236 8
D 590 149 2 238 532 252 8
D 591 145 2 234 235 236 29
D 588 147 2 589 590 591 8
D 587 143 2 228 588 255 8
D 586 139 2 213 587 257 8
D 595 137 2 223 222 221 8
D 594 135 2 219 595 224 8
D 593 133 2 214 594 225 8
D 598 137 2 221 222 223 260
D 597 135 2 219 598 224 29
D 596 133 2 214 597 225 29
D 592 139 3 593 227 535 305 596 8
D 585 129 7 198 586 533 592 313 528 364 454 415 408 460 356 541 8
D 584 119 2 183 585 265 8
D 578 109 7 518 579 168 584 319 526 370 452 421 406 466 354 544 8
D 600 89 2 144 429 162 29
D 601 81 2 137 141 142 29
D 599 85 3 136 548 573 600 601 29
D 571 99 8 572 167 512 301 447 353 399 405 348 451 296 517 135 578 599 8
D 603 69 2 111 433 129 29
D 602 65 3 103 551 568 603 132 29
D 566 79 8 567 134 506 295 442 347 392 398 342 446 290 511 102 571 602 8
D 605 49 2 337 487 340 29
D 604 45 3 70 554 563 605 99 29
D 561 59 8 562 101 500 289 69 341 285 391 335 441 386 505 435 566 604 8
D 607 21 2 43 39 38 8
D 608 21 2 43 66 38 29
D 606 25 2 607 493 608 8
D 612 43 2 73 100 75 8
D 611 41 2 71 612 76 8
D 614 43 2 73 74 75 29
D 613 41 2 71 614 76 29
D 610 45 2 611 564 613 8
D 618 63 2 106 133 108 8
D 617 61 2 104 618 109 8
D 620 63 2 106 107 108 29
D 619 61 2 104 620 109 29
D 616 65 2 617 569 619 8
D 624 83 2 141 140 139 8
D 623 81 2 137 624 142 8
D 626 83 2 141 166 139 29
D 625 81 2 137 626 142 29
D 622 85 2 623 575 625 8
D 630 111 2 187 186 185 8
D 631 111 2 187 196 185 29
D 629 113 2 630 188 631 8
D 633 111 2 187 186 185 196
D 634 111 2 187 196 185 8
D 632 113 3 184 524 633 266 634 29
D 628 119 4 580 303 520 355 629 197 632 8
D 640 145 2 236 235 234 8
D 641 145 2 236 254 234 29
D 639 147 2 640 590 641 8
D 638 143 2 228 639 255 8
D 637 139 2 213 638 257 8
D 644 131 2 217 216 215 8
D 645 131 2 217 226 215 29
D 643 133 2 644 218 645 8
D 646 133 3 214 597 644 258 226 29
D 642 139 4 643 227 593 305 535 357 646 8
D 636 129 7 198 637 533 642 313 586 364 528 415 454 460 408 541 8
D 635 119 2 183 636 265 8
D 627 109 7 518 628 168 635 319 584 370 526 421 452 466 406 544 8
D 649 83 2 141 140 139 166
D 648 81 2 137 649 142 8
D 651 83 2 141 166 139 8
D 650 81 2 137 651 142 29
D 647 85 3 136 548 648 600 650 29
D 621 99 9 622 167 572 301 512 353 447 405 399 451 348 517 296 578 135 627 647 8
D 653 61 2 104 618 109 105
D 654 61 2 109 132 104 108
D 652 65 3 103 551 653 603 654 29
D 615 79 9 616 134 567 295 506 347 442 398 392 446 342 511 290 571 102 621 652 8
D 656 41 2 71 612 76 72
D 657 41 2 76 99 71 75
D 655 45 3 70 554 656 605 657 29
D 609 59 9 610 101 562 289 500 341 69 391 285 441 335 505 386 566 435 615 655 8
D 661 31 2 53 62 51 8
D 662 31 2 53 52 51 29
D 660 33 2 661 54 662 8
D 659 29 2 45 660 63 8
D 658 25 2 37 659 65 8
D 666 43 2 75 74 73 8
D 665 41 2 71 666 76 8
D 668 43 2 75 100 73 29
D 667 41 2 71 668 76 29
D 664 45 2 665 564 667 8
D 672 63 2 108 107 106 8
D 671 61 2 104 672 109 8
D 674 63 2 108 133 106 29
D 673 61 2 104 674 109 29
D 670 65 2 671 569 673 8
D 677 81 2 142 138 137 8
D 678 81 2 142 165 137 29
D 676 85 2 677 575 678 8
D 682 115 2 194 190 189 8
D 681 113 2 184 682 195 8
D 684 115 2 189 525 194 267
D 683 113 3 184 684 633 266 634 29
D 680 119 5 520 407 629 303 580 355 681 197 683 8
D 689 131 2 215 226 217 8
D 690 131 2 215 216 217 29
D 688 133 2 689 218 690 8
D 692 131 2 217 216 215 226
D 693 131 2 217 226 215 8
D 691 133 3 214 597 692 258 693 29
D 687 139 5 688 227 643 305 593 357 535 409 691 8
D 696 141 2 229 256 231 8
D 697 147 2 233 590 253 8
D 698 141 2 229 230 231 29
D 695 143 2 696 697 698 8
D 694 139 2 213 695 257 8
D 686 129 7 533 687 313 637 198 694 364 586 415 528 460 454 541 8
D 685 119 2 183 686 265 8
D 679 109 7 518 680 168 685 319 635 370 584 421 526 466 452 544 8
D 700 81 2 137 649 142 138
D 701 81 2 137 651 142 165
D 699 85 3 136 548 700 600 701 29
D 675 99 10 676 167 622 301 572 353 512 405 447 451 399 517 348 578 296 627 135 679 699 8
D 704 63 2 108 107 106 133
D 703 61 2 104 704 109 105
D 706 63 2 108 133 106 8
D 705 61 2 104 706 109 132
D 702 65 3 103 551 703 603 705 29
D 669 79 10 670 134 616 295 567 347 506 398 442 446 392 511 342 571 290 621 102 675 702 8
D 709 43 2 75 74 73 100
D 708 41 2 71 709 76 72
D 711 43 2 75 100 73 8
D 710 41 2 71 711 76 99
D 707 45 3 70 554 708 605 710 29
D 663 59 10 664 101 610 289 562 341 500 391 69 441 285 505 335 566 386 615 435 669 707 8
D 714 27 2 48 47 46 8
D 715 27 2 48 64 46 29
D 713 29 2 714 494 715 8
D 712 25 2 37 713 65 8
D 720 51 2 84 95 86 8
D 721 51 2 84 85 86 29
D 719 53 2 720 87 721 8
D 718 49 2 337 719 340 8
D 717 45 2 70 718 98 8
D 726 71 2 117 128 119 8
D 727 71 2 117 118 119 29
D 725 73 2 726 396 727 8
D 724 69 2 111 725 129 8
D 723 65 2 103 724 131 8
D 732 91 2 150 161 152 8
D 733 91 2 150 151 152 29
D 731 93 2 732 403 733 8
D 730 89 2 144 731 162 8
D 729 85 2 136 730 164 8
D 738 117 2 191 268 193 8
D 737 115 2 189 738 194 8
D 736 113 2 184 737 195 8
D 741 117 2 191 192 193 268
D 740 115 2 189 741 194 267
D 739 113 3 184 740 633 266 634 29
D 735 119 6 520 453 580 407 681 303 629 355 736 197 739 8
D 746 135 2 224 220 219 8
D 745 133 2 214 746 225 8
D 748 135 2 219 598 224 259
D 747 133 3 214 748 692 258 693 29
D 744 139 6 745 227 688 305 643 357 535 455 593 409 747 8
D 751 141 2 231 230 229 8
D 752 141 2 231 256 229 29
D 750 143 2 751 697 752 8
D 749 139 2 213 750 257 8
D 743 129 7 533 744 364 637 313 694 415 586 198 749 460 528 541 8
D 742 119 2 183 743 265 8
D 734 109 7 518 735 168 742 319 685 370 635 421 584 466 526 544 8
D 756 91 2 152 151 150 161
D 757 91 2 152 161 150 8
D 755 93 3 756 430 149 379 757 29
D 754 89 3 474 429 144 755 475 29
D 753 85 3 700 600 136 754 701 29
D 728 99 11 729 167 676 301 622 353 572 405 512 451 447 517 399 578 348 627 296 679 135 734 753 8
D 761 71 2 119 118 117 128
D 762 71 2 119 128 117 8
D 760 73 3 761 434 116 384 762 29
D 759 69 3 478 433 111 760 479 29
D 758 65 3 703 603 103 759 705 29
D 722 79 11 723 134 670 295 616 347 567 398 506 446 442 511 392 571 342 621 290 675 102 728 758 8
D 766 51 2 86 85 84 95
D 767 51 2 86 95 84 8
D 765 53 3 766 488 83 483 767 29
D 764 49 3 486 487 337 765 489 29
D 763 45 3 708 605 70 764 710 29
D 716 59 11 717 101 664 289 610 341 562 391 500 441 69 505 285 566 335 615 386 669 435 722 763 8
D 770 27 2 46 64 48 8
D 771 27 2 46 47 48 29
D 769 29 2 770 494 771 8
D 768 25 2 37 769 65 8
D 776 119 6 520 527 580 453 629 407 736 303 681 355 739 8
D 779 139 6 745 305 688 357 535 529 593 455 643 409 747 8
D 781 125 2 209 369 204 207
D 780 123 3 199 781 464 420 465 29
D 778 129 6 533 779 415 637 364 694 460 586 313 749 780 8
D 777 119 2 183 778 265 8
D 775 109 7 518 776 319 742 168 777 370 685 421 635 466 584 544 8
D 774 99 11 729 301 676 353 622 405 572 451 512 517 447 578 399 627 348 679 296 734 135 775 753 8
D 773 79 11 723 295 670 347 616 398 567 446 506 511 442 571 392 621 342 675 290 728 102 774 758 8
D 772 59 11 717 289 664 341 610 391 562 441 500 505 69 566 285 615 335 669 386 722 435 773 763 8
D 785 35 2 60 56 55 8
D 784 33 2 495 785 496 8
D 783 29 2 45 784 63 8
D 782 25 2 37 783 65 8
D 790 119 6 580 527 520 585 629 453 681 407 736 355 739 8
D 793 139 6 745 357 535 587 593 529 643 455 688 409 747 8
D 794 123 3 464 420 199 369 465 29
D 792 129 5 533 793 460 637 415 694 364 749 794 8
D 791 119 2 183 792 265 8
D 789 109 7 518 790 370 742 319 777 168 791 421 685 466 635 544 8
D 788 99 11 729 353 676 405 622 451 572 517 512 578 447 627 399 679 348 734 296 775 135 789 753 8
D 787 79 11 723 347 670 398 616 446 567 511 506 571 442 621 392 675 342 728 290 774 102 788 758 8
D 786 59 11 717 341 664 391 610 441 562 505 500 566 69 615 285 669 335 722 386 773 435 787 763 8
D 799 37 2 59 58 57 8
D 798 35 2 55 799 60 8
D 797 33 2 495 798 496 8
D 796 29 2 45 797 63 8
D 795 25 2 37 796 65 8
D 804 119 6 629 527 580 585 520 636 681 453 736 407 739 8
D 807 139 6 535 638 593 587 643 529 688 455 745 409 747 8
D 809 121 2 202 201 200 29
D 808 123 2 809 420 465 29
D 806 129 4 460 694 533 807 415 749 808 8
D 805 119 2 183 806 265 8
D 803 109 7 518 804 421 742 370 777 319 791 168 805 466 685 544 8
D 802 99 11 729 405 676 451 622 517 572 578 512 627 447 679 399 734 348 775 296 789 135 803 753 8
D 801 79 11 723 398 670 446 616 511 567 571 506 621 442 675 392 728 342 774 290 788 102 802 758 8
D 800 59 11 717 391 664 441 610 505 562 566 500 615 69 669 285 722 335 773 386 787 435 801 763 8
L 815 38 20
D 814 37 2 57 815 59 8
D 813 35 2 55 814 60 8
D 812 33 2 495 813 496 8
D 811 29 2 45 812 63 8
D 810 25 2 37 811 65 8
D 820 119 6 681 527 629 585 580 636 520 686 736 453 739 8
D 823 139 6 593 638 643 587 688 529 745 455 535 695 747 8
D 824 123 2 201 420 211 29
D 822 129 3 460 749 533 823 824 8
D 821 119 2 183 822 265 8
D 819 109 7 518 820 466 742 421 777 370 791 319 805 168 821 544 8
D 818 99 11 729 451 676 517 622 578 572 627 512 679 447 734 399 775 348 789 296 803 135 819 753 8
D 817 79 11 723 446 670 511 616 571 567 621 506 675 442 728 392 774 342 788 290 802 102 818 758 8
D 816 59 11 717 441 664 505 610 566 562 615 500 669 69 722 285 773 335 787 386 801 435 817 763 8
D 827 23 2 42 41 40 67
D 826 21 2 38 827 43 39
D 831 37 2 57 815 59 29
D 830 35 2 55 831 60 29
D 829 33 2 495 830 496 29
D 828 29 2 45 829 63 29
D 833 27 2 48 47 46 64
D 835 31 2 53 62 51 52
D 837 37 2 57 58 59 815
D 836 35 2 60 831 55 837
D 838 31 2 53 52 51 8
D 834 33 3 835 830 495 836 838 29
D 839 27 2 48 64 46 8
D 832 29 3 833 829 45 834 839 29
D 841 23 2 42 67 40 8
D 840 21 2 38 841 43 66
D 825 25 3 826 828 37 832 840 29
D 35 39 11 36 68 490 499 556 561 606 609 658 663 712 716 768 772 782 786 795 800 810 816 825 8
D 844 3 2 7 6 5 8
D 843 1 2 3 844 9 8
D 847 11 2 17 28 19 8
D 848 11 2 17 18 19 29
D 846 13 2 847 20 848 8
D 845 9 2 11 846 30 8
D 850 3 2 7 34 5 29
D 849 1 2 3 850 9 29
D 842 5 2 843 845 849 8
D 856 119 6 736 527 681 585 629 636 580 686 520 743 739 8
D 859 139 6 643 638 688 587 745 529 593 695 535 750 747 8
D 860 123 2 199 420 210 29
D 858 129 2 533 859 860 8
D 857 119 2 183 858 265 8
D 855 109 7 466 777 518 856 421 791 370 805 319 821 168 857 544 8
D 854 99 11 729 517 676 578 622 627 572 679 512 734 447 775 399 789 348 803 296 819 135 855 753 8
D 853 79 11 723 511 670 571 616 621 567 675 506 728 442 774 392 788 342 802 290 818 102 854 758 8
D 852 59 11 717 505 664 566 610 615 562 669 500 722 69 773 285 787 335 801 386 817 435 853 763 8
D 851 39 11 36 499 490 561 556 609 606 663 658 716 712 772 768 786 782 800 795 816 810 852 825 8
D 863 3 2 5 34 7 8
D 862 1 2 3 863 9 8
D 865 3 2 5 6 7 29
D 864 1 2 3 865 9 29
D 861 5 2 862 845 864 8
D 871 119 6 736 585 681 636 629 686 580 743 520 778 739 8
D 877 137 2 223 260 221 29
D 876 135 2 219 877 224 259
D 875 133 3 214 876 692 258 693 29
D 874 139 5 688 638 745 587 643 695 593 750 875 8
D 873 129 2 533 874 860 8
D 872 119 2 183 873 265 8
D 870 109 7 466 791 518 871 421 805 370 821 319 857 168 872 544 8
D 869 99 11 729 578 676 627 622 679 572 734 512 775 447 789 399 803 348 819 296 855 135 870 753 8
D 868 79 11 723 571 670 621 616 675 567 728 506 774 442 788 392 802 342 818 290 854 102 869 758 8
D 867 59 11 717 566 664 615 610 669 562 722 500 773 69 787 285 801 335 817 386 853 435 868 763 8
D 866 39 11 36 561 490 609 556 663 606 716 658 772 712 786 768 800 782 816 795 852 810 867 825 8
D 879 1 2 9 4 3 8
D 880 1 2 9 33 3 29
D 878 5 2 879 845 880 8
D 886 119 6 736 636 681 686 629 743 580 778 520 792 739 8
D 891 135 2 224 259 219 29
D 890 133 3 692 258 214 891 693 29
D 889 139 4 745 638 688 695 643 750 890 8
D 888 129 2 533 889 860 8
D 887 119 2 183 888 265 8
D 885 109 7 466 805 518 886 421 821 370 857 319 872 168 887 544 8
D 884 99 11 729 627 676 679 622 734 572 775 512 789 447 803 399 819 348 855 296 870 135 885 753 8
D 883 79 11 723 621 670 675 616 728 567 774 506 788 442 802 392 818 342 854 290 869 102 884 758 8
D 882 59 11 717 615 664 669 610 722 562 773 500 787 69 801 285 817 335 853 386 868 435 883 763 8
D 881 39 11 36 609 490 663 556 716 606 772 658 786 712 800 768 816 782 852 795 867 810 882 825 8
D 895 11 2 19 28 17 8
D 896 11 2 19 18 17 29
D 894 13 2 895 20 896 8
D 893 9 2 11 894 30 8
D 892 5 2 2 893 32 8
D 902 119 6 736 686 681 743 629 778 580 792 520 806 739 8
D 906 133 3 689 258 214 891 217 29
D 905 139 3 745 695 688 750 906 8
D 904 129 2 533 905 860 8
D 903 119 2 183 904 265 8
D 901 109 7 466 821 518 902 421 857 370 872 319 887 168 903 544 8
D 900 99 11 729 679 676 734 622 775 572 789 512 803 447 819 399 855 348 870 296 885 135 901 753 8
D 899 79 11 723 675 670 728 616 774 567 788 506 802 442 818 392 854 342 869 290 884 102 900 758 8
D 898 59 11 717 669 664 722 610 773 562 787 500 801 69 817 285 853 335 868 386 883 435 899 763 8
D 897 39 11 36 663 490 716 556 772 606 786 658 800 712 816 768 852 782 867 795 882 810 898 825 8
D 909 7 2 14 13 12 8
D 910 7 2 14 31 12 29
D 908 9 2 909 846 910 8
D 907 5 2 2 908 32 8
D 916 119 6 736 743 681 778 629 792 580 806 520 822 739 8
D 920 133 2 214 891 225 29
D 919 139 2 745 750 920 8
D 918 129 2 533 919 860 8
D 917 119 2 183 918 265 8
D 915 109 7 466 857 518 916 421 872 370 887 319 903 168 917 544 8
D 914 99 11 729 734 676 775 622 789 572 803 512 819 447 855 399 870 348 885 296 901 135 915 753 8
D 913 79 11 723 728 670 774 616 788 567 802 506 818 442 854 392 869 342 884 290 900 102 914 758 8
D 912 59 11 717 722 664 773 610 787 562 801 500 817 69 853 285 868 335 883 386 899 435 913 763 8
D 911 39 11 36 716 490 772 556 786 606 800 658 816 712 852 768 867 782 882 795 898 810 912 825 8
D 923 7 2 12 31 14 8
D 924 7 2 12 13 14 29
D 922 9 2 923 846 924 8
D 921 5 2 2 922 32 8
D 930 119 6 736 778 681 792 629 806 580 822 520 858 739 8
D 932 105 2 179 375 174 177
D 931 103 3 169 932 470 426 471 29
D 929 109 6 466 872 518 930 421 887 370 903 319 917 931 8
D 928 99 11 729 775 676 789 622 803 572 819 512 855 447 870 399 885 348 901 296 915 135 929 753 8
D 927 79 11 723 774 670 788 616 802 567 818 506 854 442 869 392 884 342 900 290 914 102 928 758 8
D 926 59 11 717 773 664 787 610 801 562 817 500 853 69 868 285 883 335 899 386 913 435 927 763 8
D 925 39 11 36 772 490 786 556 800 606 816 658 852 712 867 768 882 782 898 795 912 810 926 825 8
D 936 15 2 26 22 21 8
D 935 13 2 847 936 848 8
D 934 9 2 11 935 30 8
D 933 5 2 2 934 32 8
D 942 119 6 736 792 681 806 629 822 580 858 520 873 739 8
D 943 103 3 470 426 169 375 471 29
D 941 109 5 466 887 518 942 421 903 370 917 943 8
D 940 99 11 729 789 676 803 622 819 572 855 512 870 447 885 399 901 348 915 296 929 135 941 753 8
D 939 79 11 723 788 670 802 616 818 567 854 506 869 442 884 392 900 342 914 290 928 102 940 758 8
D 938 59 11 717 787 664 801 610 817 562 853 500 868 69 883 285 899 335 913 386 927 435 939 763 8
D 937 39 11 36 786 490 800 556 816 606 852 658 867 712 882 768 898 782 912 795 926 810 938 825 8
D 948 17 2 25 24 23 8
D 947 15 2 21 948 26 8
D 946 13 2 847 947 848 8
D 945 9 2 11 946 30 8
D 944 5 2 2 945 32 8
D 954 119 6 736 806 681 822 629 858 580 873 520 888 739 8
D 956 101 2 172 171 170 29
D 955 103 2 956 426 471 29
D 953 109 4 466 903 518 954 421 917 955 8
D 952 99 11 729 803 676 819 622 855 572 870 512 885 447 901 399 915 348 929 296 941 135 953 753 8
D 951 79 11 723 802 670 818 616 854 567 869 506 884 442 900 392 914 342 928 290 940 102 952 758 8
D 950 59 11 717 801 664 817 610 853 562 868 500 883 69 899 285 913 335 927 386 939 435 951 763 8
D 949 39 11 36 800 490 816 556 852 606 867 658 882 712 898 768 912 782 926 795 938 810 950 825 8
L 962 18 10
D 961 17 2 23 962 25 8
D 960 15 2 21 961 26 8
D 959 13 2 847 960 848 8
D 958 9 2 11 959 30 8
D 957 5 2 2 958 32 8
D 968 119 6 736 822 681 858 629 873 580 888 520 904 739 8
D 969 103 2 171 426 181 29
D 967 109 3 466 917 518 968 969 8
D 966 99 11 729 819 676 855 622 870 572 885 512 901 447 915 399 929 348 941 296 953 135 967 753 8
D 965 79 11 723 818 670 854 616 869 567 884 506 900 442 914 392 928 342 940 290 952 102 966 758 8
D 964 59 11 717 817 664 853 610 868 562 883 500 899 69 913 285 927 335 939 386 951 435 965 763 8
D 963 39 11 36 816 490 852 556 867 606 882 658 898 712 912 768 926 782 938 795 950 810 964 825 8
D 974 17 2 23 24 25 962
D 975 17 2 23 962 25 29
D 973 15 2 21 974 26 975
D 976 11 2 19 28 17 18
D 977 15 2 21 975 26 29
D 978 11 2 19 18 17 8
D 972 13 3 847 973 976 977 978 29
D 979 7 2 14 13 12 31
D 980 13 2 847 977 848 29
D 981 7 2 14 31 12 8
D 971 9 3 11 972 979 980 981 29
D 983 3 2 7 6 5 34
D 982 1 2 3 983 9 4
D 984 9 2 11 980 30 29
D 986 3 2 7 34 5 8
D 985 1 2 3 986 9 33
D 970 5 3 2 971 982 984 985 29
D 0 19 11 1 35 842 851 861 866 878 881 892 897 907 911 921 925 933 937 944 949 957 963 970 8
