c ids of sdd nodes start at 0
c sdd nodes appear bottom-up, children before parents
c
c file syntax:
c sdd count-of-sdd-nodes
c F id-of-false-sdd-node
c T id-of-true-sdd-node
c L id-of-literal-sdd-node id-of-vtree literal
c D id-of-decomposition-sdd-node id-of-vtree number-of-elements {id-of-prime id-of-sub}*
c
sdd 984
L 3 0 -4
L 5 2 -2
L 6 4 -3
L 7 2 2
F 8
D 4 3 2 5 6 7 8
L 9 0 4
D 2 1 2 3 4 9 8
L 12 6 -6
L 13 8 -7
L 14 6 6
D 11 7 2 12 13 14 8
L 17 10 -5
L 18 12 1
L 19 10 5
D 16 11 2 17 18 19 8
L 21 14 -8
L 23 16 -9
L 24 18 -10
L 25 16 9
D 22 17 2 23 24 25 8
L 26 14 8
D 20 15 2 21 22 26 8
L 28 12 -1
T 29
D 27 11 2 17 28 19 29
D 15 13 2 16 20 27 8
L 31 8 7
D 30 7 2 12 31 14 29
D 10 9 2 11 15 30 8
L 34 4 3
D 33 3 2 5 34 7 29
D 32 1 2 3 33 9 29
D 1 5 2 2 10 32 8
L 38 20 -14
L 40 22 -12
L 41 24 -13
L 42 22 12
D 39 23 2 40 41 42 8
L 43 20 14
D 37 21 2 38 39 43 8
L 46 26 -16
L 47 28 -17
L 48 26 16
D 45 27 2 46 47 48 8
L 51 30 -15
L 52 32 11
L 53 30 15
D 50 31 2 51 52 53 8
L 55 34 -18
L 57 36 -19
L 58 38 -20
L 59 36 19
D 56 37 2 57 58 59 8
L 60 34 18
D 54 35 2 55 56 60 8
L 62 32 -11
D 61 31 2 51 62 53 29
D 49 33 2 50 54 61 8
L 64 28 17
D 63 27 2 46 64 48 29
D 44 29 2 45 49 63 8
L 67 24 13
D 66 23 2 40 67 42 29
D 65 21 2 38 66 43 29
D 36 25 2 37 44 65 8
L 71 40 -24
L 73 42 -22
L 74 44 -23
L 75 42 22
D 72 43 2 73 74 75 8
L 76 40 24
D 70 41 2 71 72 76 8
L 79 46 -26
L 80 48 27
L 81 46 26
D 78 47 2 79 80 81 8
L 84 50 -25
L 85 52 -21
L 86 50 25
D 83 51 2 84 85 86 8
L 88 54 -28
L 90 56 -29
L 91 58 -30
L 92 56 29
D 89 57 2 90 91 92 8
L 93 54 28
D 87 55 2 88 89 93 8
L 95 52 21
D 94 51 2 84 95 86 29
D 82 53 2 83 87 94 8
L 97 48 -27
D 96 47 2 79 97 81 29
D 77 49 2 78 82 96 8
L 100 44 23
D 99 43 2 73 100 75 29
D 98 41 2 71 99 76 29
D 69 45 2 70 77 98 8
L 104 60 -34
L 106 62 -32
L 107 64 -33
L 108 62 32
D 105 63 2 106 107 108 8
L 109 60 34
D 103 61 2 104 105 109 8
L 112 66 -36
L 113 68 -37
L 114 66 36
D 111 67 2 112 113 114 8
L 117 70 -35
L 118 72 -31
L 119 70 35
D 116 71 2 117 118 119 8
L 121 74 -38
L 123 76 -39
L 124 78 40
L 125 76 39
D 122 77 2 123 124 125 8
L 126 74 38
D 120 75 2 121 122 126 8
L 128 72 31
D 127 71 2 117 128 119 29
D 115 73 2 116 120 127 8
L 130 68 37
D 129 67 2 112 130 114 29
D 110 69 2 111 115 129 8
L 133 64 33
D 132 63 2 106 133 108 29
D 131 61 2 104 132 109 29
D 102 65 2 103 110 131 8
L 137 80 -42
L 139 82 -43
L 140 84 -44
L 141 82 43
D 138 83 2 139 140 141 8
L 142 80 42
D 136 81 2 137 138 142 8
L 145 86 -46
L 146 88 -47
L 147 86 46
D 144 87 2 145 146 147 8
L 150 90 -45
L 151 92 -41
L 152 90 45
D 149 91 2 150 151 152 8
L 154 94 -48
L 156 96 -49
L 157 98 50
L 158 96 49
D 155 97 2 156 157 158 8
L 159 94 48
D 153 95 2 154 155 159 8
L 161 92 41
D 160 91 2 150 161 152 29
D 148 93 2 149 153 160 8
L 163 88 47
D 162 87 2 145 163 147 29
D 143 89 2 144 148 162 8
L 166 84 44
D 165 83 2 139 166 141 29
D 164 81 2 137 165 142 29
D 135 85 2 136 143 164 8
L 170 100 -56
L 171 102 -57
L 172 100 56
D 169 101 2 170 171 172 8
L 174 104 -58
L 176 106 -59
L 177 108 60
L 178 106 59
D 175 107 2 176 177 178 8
L 179 104 58
D 173 105 2 174 175 179 8
L 181 102 57
D 180 101 2 170 181 172 29
D 168 103 2 169 173 180 8
L 185 110 -53
L 186 112 -54
L 187 110 53
D 184 111 2 185 186 187 8
L 189 114 -52
L 191 116 -55
L 192 118 -51
L 193 116 55
D 190 117 2 191 192 193 8
L 194 114 52
D 188 115 2 189 190 194 8
L 196 112 54
D 195 111 2 185 196 187 29
D 183 113 2 184 188 195 8
L 200 120 -76
L 201 122 -77
L 202 120 76
D 199 121 2 200 201 202 8
L 204 124 -78
L 206 126 -79
L 207 128 80
L 208 126 79
D 205 127 2 206 207 208 8
L 209 124 78
D 203 125 2 204 205 209 8
L 211 122 77
D 210 121 2 200 211 202 29
D 198 123 2 199 203 210 8
L 215 130 -73
L 216 132 -72
L 217 130 73
D 214 131 2 215 216 217 8
L 219 134 -71
L 221 136 -74
L 222 138 -75
L 223 136 74
D 220 137 2 221 222 223 8
L 224 134 71
D 218 135 2 219 220 224 8
L 226 132 72
D 225 131 2 215 226 217 29
D 213 133 2 214 218 225 8
L 229 140 -61
L 230 142 -62
L 231 140 61
D 228 141 2 229 230 231 8
L 234 144 -63
L 235 146 -64
L 236 144 63
D 233 145 2 234 235 236 8
L 238 148 -65
L 240 150 -66
L 242 152 -67
L 244 154 -68
L 246 156 -69
L 247 158 70
L 248 156 69
D 245 157 2 246 247 248 8
L 249 154 68
D 243 155 2 244 245 249 8
L 250 152 67
D 241 153 2 242 243 250 8
L 251 150 66
D 239 151 2 240 241 251 8
L 252 148 65
D 237 149 2 238 239 252 8
L 254 146 64
D 253 145 2 234 254 236 29
D 232 147 2 233 237 253 8
L 256 142 62
D 255 141 2 229 256 231 29
D 227 143 2 228 232 255 8
L 260 138 75
D 259 137 2 221 260 223 29
D 258 135 2 219 259 224 29
D 257 133 2 214 258 225 29
D 212 139 2 213 227 257 8
L 264 128 -80
D 263 127 2 206 264 208 29
D 262 125 2 204 263 209 29
D 261 123 2 199 262 210 29
D 197 129 2 198 212 261 8
L 268 118 51
D 267 117 2 191 268 193 29
D 266 115 2 189 267 194 29
D 265 113 2 184 266 195 29
D 182 119 2 183 197 265 8
L 272 108 -60
D 271 107 2 176 272 178 29
D 270 105 2 174 271 179 29
D 269 103 2 169 270 180 29
D 167 109 2 168 182 269 8
L 278 98 -50
D 277 97 2 156 278 158 29
D 276 95 2 154 277 159 29
D 275 93 2 149 276 160 29
D 274 89 2 144 275 162 29
D 273 85 2 136 274 164 29
D 134 99 2 135 167 273 8
L 284 78 -40
D 283 77 2 123 284 125 29
D 282 75 2 121 283 126 29
D 281 73 2 116 282 127 29
D 280 69 2 111 281 129 29
D 279 65 2 103 280 131 29
D 101 79 2 102 134 279 8
D 287 47 2 79 97 81 8
D 289 55 2 93 89 88 8
D 288 53 2 83 289 94 8
D 290 47 2 79 80 81 29
D 286 49 2 287 288 290 8
D 285 45 2 70 286 98 8
D 296 77 2 125 284 123 8
D 295 75 2 121 296 126 8
D 294 73 2 116 295 127 8
D 293 69 2 111 294 129 8
D 292 65 2 103 293 131 8
D 302 97 2 158 278 156 8
D 301 95 2 154 302 159 8
D 300 93 2 149 301 160 8
D 299 89 2 144 300 162 8
D 298 85 2 136 299 164 8
L 314 158 -70
D 313 157 2 248 314 246 8
D 312 155 2 244 313 249 8
D 311 153 2 242 312 250 8
D 310 151 2 240 311 251 8
D 309 149 2 238 310 252 8
D 308 147 2 233 309 253 8
D 307 143 2 228 308 255 8
D 306 139 2 213 307 257 8
D 317 127 2 208 264 206 8
D 316 125 2 204 317 209 8
D 315 123 2 199 316 210 8
D 320 127 2 206 264 208 207
D 319 125 2 204 320 209 29
D 318 123 2 199 319 210 29
D 305 129 3 198 306 315 212 318 8
D 304 119 2 183 305 265 8
D 323 107 2 178 272 176 8
D 322 105 2 174 323 179 8
D 321 103 2 169 322 180 8
D 326 107 2 176 272 178 177
D 325 105 2 174 326 179 29
D 324 103 2 169 325 180 29
D 303 109 3 168 304 321 182 324 8
D 331 97 2 156 278 158 157
D 330 95 2 154 331 159 29
D 329 93 2 149 330 160 29
D 328 89 2 144 329 162 29
D 327 85 2 136 328 164 29
D 297 99 3 298 167 135 303 327 8
D 336 77 2 123 284 125 124
D 335 75 2 121 336 126 29
D 334 73 2 116 335 127 29
D 333 69 2 111 334 129 29
D 332 65 2 103 333 131 29
D 291 79 3 292 134 102 297 332 8
D 341 57 2 92 91 90 8
D 340 55 2 88 341 93 8
D 339 53 2 83 340 94 8
D 338 49 2 287 339 290 8
D 337 45 2 70 338 98 8
D 347 77 2 123 284 125 8
D 346 75 2 126 347 121 8
D 345 73 2 116 346 127 8
D 344 69 2 111 345 129 8
D 343 65 2 103 344 131 8
D 353 97 2 156 278 158 8
D 352 95 2 159 353 154 8
D 351 93 2 149 352 160 8
D 350 89 2 144 351 162 8
D 349 85 2 136 350 164 8
D 364 157 2 246 314 248 8
D 363 155 2 249 364 244 8
D 362 153 2 242 363 250 8
D 361 151 2 240 362 251 8
D 360 149 2 238 361 252 8
D 359 147 2 233 360 253 8
D 358 143 2 228 359 255 8
D 357 139 2 213 358 257 8
D 367 127 2 206 264 208 8
D 366 125 2 209 367 204 8
D 365 123 2 199 366 210 8
D 370 127 2 206 207 208 29
D 369 125 2 204 320 209 370
D 368 123 2 199 369 210 29
D 356 129 4 198 357 315 306 365 212 368 8
D 355 119 2 183 356 265 8
D 373 107 2 176 272 178 8
D 372 105 2 179 373 174 8
D 371 103 2 169 372 180 8
D 376 107 2 176 177 178 29
D 375 105 2 174 326 179 376
D 374 103 2 169 375 180 29
D 354 109 4 168 355 321 304 371 182 374 8
D 381 97 2 156 157 158 29
D 380 95 2 159 381 154 331
D 379 93 2 149 380 160 29
D 378 89 2 144 379 162 29
D 377 85 2 136 378 164 29
D 348 99 4 349 167 298 303 135 354 377 8
D 386 77 2 123 124 125 29
D 385 75 2 126 386 121 336
D 384 73 2 116 385 127 29
D 383 69 2 111 384 129 29
D 382 65 2 103 383 131 29
D 342 79 4 343 134 292 297 102 348 382 8
L 392 58 30
D 391 57 2 90 392 92 8
D 390 55 2 88 391 93 8
D 389 53 2 83 390 94 8
D 388 49 2 287 389 290 8
D 387 45 2 70 388 98 8
D 396 67 2 112 130 114 8
D 398 75 2 121 347 126 8
D 397 73 2 116 398 127 8
D 399 67 2 112 113 114 29
D 395 69 2 396 397 399 8
D 394 65 2 103 395 131 8
D 403 87 2 145 163 147 8
D 405 95 2 154 353 159 8
D 404 93 2 149 405 160 8
D 406 87 2 145 146 147 29
D 402 89 2 403 404 406 8
D 401 85 2 136 402 164 8
D 416 155 2 244 364 249 8
D 415 153 2 250 416 242 8
D 414 151 2 240 415 251 8
D 413 149 2 238 414 252 8
D 412 147 2 233 413 253 8
D 411 143 2 228 412 255 8
D 410 139 2 213 411 257 8
D 418 121 2 200 211 202 8
D 419 125 2 204 367 209 8
D 420 121 2 200 201 202 29
D 417 123 2 418 419 420 8
D 422 125 2 204 370 209 29
D 421 123 3 199 369 418 422 202 29
D 409 129 5 198 410 315 357 365 306 417 212 421 8
D 408 119 2 183 409 265 8
D 424 101 2 170 181 172 8
D 425 105 2 174 373 179 8
D 426 101 2 170 171 172 29
D 423 103 2 424 425 426 8
D 428 105 2 174 376 179 29
D 427 103 3 169 375 424 428 172 29
D 407 109 5 168 408 321 355 371 304 423 182 427 8
D 432 95 2 154 381 159 29
D 431 93 2 149 432 160 29
D 430 89 3 144 379 403 431 147 29
D 429 85 2 136 430 164 29
D 400 99 5 401 167 349 303 298 354 135 407 429 8
D 436 75 2 121 386 126 29
D 435 73 2 116 436 127 29
D 434 69 3 111 384 396 435 114 29
D 433 65 2 103 434 131 29
D 393 79 5 394 134 343 297 292 348 102 400 433 8
D 441 57 2 90 392 92 29
D 442 57 2 90 91 92 392
D 440 55 2 93 441 88 442
D 439 53 2 83 440 94 29
D 444 55 2 88 441 93 29
D 443 53 2 83 444 94 29
D 438 49 3 287 439 78 443 81 29
D 437 45 2 70 438 98 29
D 68 59 5 69 101 285 291 337 342 387 393 437 8
D 447 23 2 42 41 40 8
D 446 21 2 38 447 43 8
D 450 31 2 51 62 53 8
D 451 31 2 51 52 53 29
D 449 33 2 450 54 451 8
D 448 29 2 45 449 63 8
D 453 23 2 42 67 40 29
D 452 21 2 38 453 43 29
D 445 25 2 446 448 452 8
D 457 47 2 81 97 79 8
D 458 47 2 81 80 79 29
D 456 49 2 457 82 458 8
D 455 45 2 70 456 98 8
D 462 67 2 114 113 112 8
D 463 67 2 114 130 112 29
D 461 69 2 462 397 463 8
D 460 65 2 103 461 131 8
D 467 87 2 147 146 145 8
D 468 87 2 147 163 145 29
D 466 89 2 467 404 468 8
D 465 85 2 136 466 164 8
D 477 153 2 242 416 250 8
D 476 151 2 251 477 240 8
D 475 149 2 238 476 252 8
D 474 147 2 233 475 253 8
D 473 143 2 228 474 255 8
D 472 139 2 213 473 257 8
D 479 121 2 202 201 200 8
D 480 121 2 202 211 200 29
D 478 123 2 479 419 480 8
D 482 121 2 202 201 200 211
D 483 121 2 202 211 200 8
D 481 123 3 199 369 482 422 483 29
D 471 129 6 198 472 315 410 365 357 417 306 478 212 481 8
D 470 119 2 183 471 265 8
D 485 101 2 172 171 170 8
D 486 101 2 172 181 170 29
D 484 103 2 485 425 486 8
D 488 101 2 172 171 170 181
D 489 101 2 172 181 170 8
D 487 103 3 169 375 488 428 489 29
D 469 109 6 168 470 321 408 371 355 423 304 484 182 487 8
D 492 87 2 147 146 145 163
D 493 87 2 147 163 145 8
D 491 89 3 144 379 492 431 493 29
D 490 85 2 136 491 164 29
D 464 99 6 465 167 401 303 349 354 298 407 135 469 490 8
D 496 67 2 114 113 112 130
D 497 67 2 114 130 112 8
D 495 69 3 111 384 496 435 497 29
D 494 65 2 103 495 131 29
D 459 79 6 460 134 394 297 343 348 292 400 102 464 494 8
D 500 47 2 81 97 79 80
D 501 47 2 81 80 79 8
D 499 49 3 287 439 500 443 501 29
D 498 45 2 70 499 98 29
D 454 59 6 455 101 69 291 285 342 337 393 387 459 498 8
D 504 23 2 40 67 42 8
D 503 21 2 38 504 43 8
D 506 23 2 40 41 42 29
D 505 21 2 38 506 43 29
D 502 25 2 503 448 505 8
D 511 51 2 86 85 84 8
D 512 51 2 86 95 84 29
D 510 53 2 511 87 512 8
D 509 49 2 287 510 290 8
D 508 45 2 70 509 98 8
D 517 71 2 119 118 117 8
D 518 71 2 119 128 117 29
D 516 73 2 517 398 518 8
D 515 69 2 111 516 129 8
D 514 65 2 103 515 131 8
D 523 91 2 152 151 150 8
D 524 91 2 152 161 150 29
D 522 93 2 523 405 524 8
D 521 89 2 144 522 162 8
D 520 85 2 136 521 164 8
D 526 103 2 169 425 180 8
D 530 117 2 193 192 191 8
D 529 115 2 189 530 194 8
D 528 113 2 184 529 195 8
D 533 117 2 193 268 191 29
D 532 115 2 189 533 194 29
D 531 113 2 184 532 195 29
D 527 119 2 528 197 531 8
D 540 151 2 240 477 251 8
D 539 149 2 252 540 238 8
D 538 147 2 233 539 253 8
D 537 143 2 228 538 255 8
D 536 139 2 213 537 257 8
D 541 123 2 199 419 210 8
D 545 137 2 221 260 223 8
D 544 135 2 219 545 224 8
D 543 133 2 214 544 225 8
D 548 137 2 221 222 223 29
D 547 135 2 219 548 224 29
D 546 133 2 214 547 225 29
D 542 139 2 543 227 546 8
D 551 127 2 208 207 206 8
D 550 125 2 204 551 209 370
D 549 123 3 199 550 482 422 483 29
D 535 129 7 198 536 541 542 315 472 365 410 417 357 478 306 549 8
D 534 119 2 183 535 265 8
D 554 107 2 178 177 176 8
D 553 105 2 174 554 179 376
D 552 103 3 169 553 488 428 489 29
D 525 109 7 526 527 168 534 321 470 371 408 423 355 484 304 552 8
D 557 93 3 523 432 149 380 161 29
D 556 89 3 144 557 492 431 493 29
D 555 85 2 136 556 164 29
D 519 99 7 520 167 465 303 401 354 349 407 298 469 135 525 555 8
D 560 73 3 517 436 116 385 128 29
D 559 69 3 111 560 496 435 497 29
D 558 65 2 103 559 131 29
D 513 79 7 514 134 460 297 394 348 343 400 292 464 102 519 558 8
D 563 53 3 511 444 83 440 95 29
D 562 49 3 287 563 500 443 501 29
D 561 45 2 70 562 98 29
D 507 59 7 508 101 455 291 69 342 285 393 337 459 387 513 561 8
D 565 21 2 43 39 38 8
D 566 21 2 43 66 38 29
D 564 25 2 565 448 566 8
D 569 41 2 76 72 71 8
D 570 49 2 287 82 290 8
D 571 41 2 76 99 71 29
D 568 45 2 569 570 571 8
D 574 61 2 109 105 104 8
D 575 69 2 111 397 129 8
D 576 61 2 109 132 104 29
D 573 65 2 574 575 576 8
D 580 83 2 139 166 141 8
D 579 81 2 137 580 142 8
D 581 89 2 144 404 162 8
D 583 83 2 139 140 141 29
D 582 81 2 137 583 142 29
D 578 85 2 579 581 582 8
D 587 111 2 185 196 187 8
D 588 111 2 185 186 187 29
D 586 113 2 587 188 588 8
D 589 113 3 184 532 587 266 187 29
D 585 119 3 528 305 586 197 589 8
D 595 145 2 234 254 236 8
D 596 149 2 238 540 252 8
D 597 145 2 234 235 236 29
D 594 147 2 595 596 597 8
D 593 143 2 228 594 255 8
D 592 139 2 213 593 257 8
D 601 137 2 223 222 221 8
D 600 135 2 219 601 224 8
D 599 133 2 214 600 225 8
D 604 137 2 221 222 223 260
D 603 135 2 219 604 224 29
D 602 133 2 214 603 225 29
D 598 139 3 599 227 543 307 602 8
D 591 129 7 198 592 541 598 315 536 365 472 417 410 478 357 549 8
D 590 119 2 183 591 265 8
D 584 109 7 526 585 168 590 321 534 371 470 423 408 484 355 552 8
D 606 89 2 144 431 162 29
D 607 81 2 137 141 142 29
D 605 85 3 136 556 579 606 607 29
D 577 99 8 578 167 520 303 465 354 401 407 349 469 298 525 135 584 605 8
D 609 69 2 111 435 129 29
D 608 65 3 103 559 574 609 132 29
D 572 79 8 573 134 514 297 460 348 394 400 343 464 292 519 102 577 608 8
D 611 49 2 287 443 290 29
D 610 45 3 70 562 569 611 99 29
D 567 59 8 568 101 508 291 455 342 69 393 285 459 337 513 387 572 610 8
D 615 31 2 53 62 51 8
D 616 31 2 53 52 51 29
D 614 33 2 615 54 616 8
D 613 29 2 45 614 63 8
D 612 25 2 37 613 65 8
D 620 43 2 73 100 75 8
D 619 41 2 71 620 76 8
D 622 43 2 73 74 75 29
D 621 41 2 71 622 76 29
D 618 45 2 619 570 621 8
D 626 63 2 106 133 108 8
D 625 61 2 104 626 109 8
D 628 63 2 106 107 108 29
D 627 61 2 104 628 109 29
D 624 65 2 625 575 627 8
D 632 83 2 141 140 139 8
D 631 81 2 137 632 142 8
D 634 83 2 141 166 139 29
D 633 81 2 137 634 142 29
D 630 85 2 631 581 633 8
D 638 111 2 187 186 185 8
D 639 111 2 187 196 185 29
D 637 113 2 638 188 639 8
D 641 111 2 187 186 185 196
D 642 111 2 187 196 185 8
D 640 113 3 184 532 641 266 642 29
D 636 119 4 586 305 528 356 637 197 640 8
D 648 145 2 236 235 234 8
D 649 145 2 236 254 234 29
D 647 147 2 648 596 649 8
D 646 143 2 228 647 255 8
D 645 139 2 213 646 257 8
D 652 131 2 217 216 215 8
D 653 131 2 217 226 215 29
D 651 133 2 652 218 653 8
D 654 133 3 214 603 652 258 226 29
D 650 139 4 651 227 599 307 543 358 654 8
D 644 129 7 198 645 541 650 315 592 365 536 417 472 478 410 549 8
D 643 119 2 183 644 265 8
D 635 109 7 526 636 168 643 321 590 371 534 423 470 484 408 552 8
D 657 83 2 141 140 139 166
D 656 81 2 137 657 142 8
D 659 83 2 141 166 139 8
D 658 81 2 137 659 142 29
D 655 85 3 136 556 656 606 658 29
D 629 99 9 630 167 578 303 520 354 465 407 401 469 349 525 298 584 135 635 655 8
D 661 61 2 104 626 109 105
D 662 61 2 109 132 104 108
D 660 65 3 103 559 661 609 662 29
D 623 79 9 624 134 573 297 514 348 460 400 394 464 343 519 292 577 102 629 660 8
D 664 41 2 71 620 76 72
D 665 41 2 76 99 71 75
D 663 45 3 70 562 664 611 665 29
D 617 59 9 618 101 568 291 508 342 455 393 69 459 285 513 337 572 387 623 663 8
D 668 27 2 48 47 46 8
D 669 27 2 48 64 46 29
D 667 29 2 668 449 669 8
D 666 25 2 37 667 65 8
D 673 43 2 75 74 73 8
D 672 41 2 71 673 76 8
D 675 43 2 75 100 73 29
D 674 41 2 71 675 76 29
D 671 45 2 672 570 674 8
D 679 63 2 108 107 106 8
D 678 61 2 104 679 109 8
D 681 63 2 108 133 106 29
D 680 61 2 104 681 109 29
D 677 65 2 678 575 680 8
D 684 81 2 142 138 137 8
D 685 81 2 142 165 137 29
D 683 85 2 684 581 685 8
D 689 115 2 194 190 189 8
D 688 113 2 184 689 195 8
D 691 115 2 189 533 194 267
D 690 113 3 184 691 641 266 642 29
D 687 119 5 528 409 637 305 586 356 688 197 690 8
D 696 131 2 215 226 217 8
D 697 131 2 215 216 217 29
D 695 133 2 696 218 697 8
D 699 131 2 217 216 215 226
D 700 131 2 217 226 215 8
D 698 133 3 214 603 699 258 700 29
D 694 139 5 695 227 651 307 599 358 543 411 698 8
D 703 141 2 229 256 231 8
D 704 147 2 233 596 253 8
D 705 141 2 229 230 231 29
D 702 143 2 703 704 705 8
D 701 139 2 213 702 257 8
D 693 129 7 541 694 315 645 198 701 365 592 417 536 478 472 549 8
D 692 119 2 183 693 265 8
D 686 109 7 526 687 168 692 321 643 371 590 423 534 484 470 552 8
D 707 81 2 137 657 142 138
D 708 81 2 137 659 142 165
D 706 85 3 136 556 707 606 708 29
D 682 99 10 683 167 630 303 578 354 520 407 465 469 401 525 349 584 298 635 135 686 706 8
D 711 63 2 108 107 106 133
D 710 61 2 104 711 109 105
D 713 63 2 108 133 106 8
D 712 61 2 104 713 109 132
D 709 65 3 103 559 710 609 712 29
D 676 79 10 677 134 624 297 573 348 514 400 460 464 394 519 343 577 292 629 102 682 709 8
D 716 43 2 75 74 73 100
D 715 41 2 71 716 76 72
D 718 43 2 75 100 73 8
D 717 41 2 71 718 76 99
D 714 45 3 70 562 715 611 717 29
D 670 59 10 671 101 618 291 568 342 508 393 455 459 69 513 285 572 337 623 387 676 714 8
D 721 27 2 46 64 48 8
D 722 27 2 46 47 48 29
D 720 29 2 721 449 722 8
D 719 25 2 37 720 65 8
D 727 51 2 84 95 86 8
D 728 51 2 84 85 86 29
D 726 53 2 727 87 728 8
D 725 49 2 287 726 290 8
D 724 45 2 70 725 98 8
D 733 71 2 117 128 119 8
D 734 71 2 117 118 119 29
D 732 73 2 733 398 734 8
D 731 69 2 111 732 129 8
D 730 65 2 103 731 131 8
D 739 91 2 150 161 152 8
D 740 91 2 150 151 152 29
D 738 93 2 739 405 740 8
D 737 89 2 144 738 162 8
D 736 85 2 136 737 164 8
D 745 117 2 191 268 193 8
D 744 115 2 189 745 194 8
D 743 113 2 184 744 195 8
D 748 117 2 191 192 193 268
D 747 115 2 189 748 194 267
D 746 113 3 184 747 641 266 642 29
D 742 119 6 528 471 586 409 688 305 637 356 743 197 746 8
D 753 135 2 224 220 219 8
D 752 133 2 214 753 225 8
D 755 135 2 219 604 224 259
D 754 133 3 214 755 699 258 700 29
D 751 139 6 752 227 695 307 651 358 543 473 599 411 754 8
D 758 141 2 231 230 229 8
D 759 141 2 231 256 229 29
D 757 143 2 758 704 759 8
D 756 139 2 213 757 257 8
D 750 129 7 541 751 365 645 315 701 417 592 198 756 478 536 549 8
D 749 119 2 183 750 265 8
D 741 109 7 526 742 168 749 321 692 371 643 423 590 484 534 552 8
D 763 91 2 152 151 150 161
D 764 91 2 152 161 150 8
D 762 93 3 763 432 149 380 764 29
D 761 89 3 492 431 144 762 493 29
D 760 85 3 707 606 136 761 708 29
D 735 99 11 736 167 683 303 630 354 578 407 520 469 465 525 401 584 349 635 298 686 135 741 760 8
D 768 71 2 119 118 117 128
D 769 71 2 119 128 117 8
D 767 73 3 768 436 116 385 769 29
D 766 69 3 496 435 111 767 497 29
D 765 65 3 710 609 103 766 712 29
D 729 79 11 730 134 677 297 624 348 573 400 514 464 460 519 394 577 343 629 292 682 102 735 765 8
D 773 51 2 86 85 84 95
D 774 51 2 86 95 84 8
D 772 53 3 773 444 83 440 774 29
D 771 49 3 500 443 287 772 501 29
D 770 45 3 715 611 70 771 717 29
D 723 59 11 724 101 671 291 618 342 568 393 508 459 455 513 69 572 285 623 337 676 387 729 770 8
D 778 35 2 60 56 55 8
D 777 33 2 450 778 451 8
D 776 29 2 45 777 63 8
D 775 25 2 37 776 65 8
D 783 119 6 528 535 586 471 637 409 743 305 688 356 746 8
D 786 139 6 752 307 695 358 543 537 599 473 651 411 754 8
D 788 125 2 209 370 204 207
D 787 123 3 199 788 482 422 483 29
D 785 129 6 541 786 417 645 365 701 478 592 315 756 787 8
D 784 119 2 183 785 265 8
D 782 109 7 526 783 321 749 168 784 371 692 423 643 484 590 552 8
D 781 99 11 736 303 683 354 630 407 578 469 520 525 465 584 401 635 349 686 298 741 135 782 760 8
D 780 79 11 730 297 677 348 624 400 573 464 514 519 460 577 394 629 343 682 292 735 102 781 765 8
D 779 59 11 724 291 671 342 618 393 568 459 508 513 455 572 69 623 285 676 337 729 387 780 770 8
D 793 37 2 59 58 57 8
D 792 35 2 55 793 60 8
D 791 33 2 450 792 451 8
D 790 29 2 45 791 63 8
D 789 25 2 37 790 65 8
D 798 119 6 586 535 528 591 637 471 688 409 743 356 746 8
D 801 139 6 752 358 543 593 599 537 651 473 695 411 754 8
D 802 123 3 482 422 199 370 483 29
D 800 129 5 541 801 478 645 417 701 365 756 802 8
D 799 119 2 183 800 265 8
D 797 109 7 526 798 371 749 321 784 168 799 423 692 484 643 552 8
D 796 99 11 736 354 683 407 630 469 578 525 520 584 465 635 401 686 349 741 298 782 135 797 760 8
D 795 79 11 730 348 677 400 624 464 573 519 514 577 460 629 394 682 343 735 292 781 102 796 765 8
D 794 59 11 724 342 671 393 618 459 568 513 508 572 455 623 69 676 285 729 337 780 387 795 770 8
L 808 38 20
D 807 37 2 57 808 59 8
D 806 35 2 55 807 60 8
D 805 33 2 450 806 451 8
D 804 29 2 45 805 63 8
D 803 25 2 37 804 65 8
D 813 119 6 637 535 586 591 528 644 688 471 743 409 746 8
D 816 139 6 543 646 599 593 651 537 695 473 752 411 754 8
D 818 121 2 202 201 200 29
D 817 123 2 818 422 483 29
D 815 129 4 478 701 541 816 417 756 817 8
D 814 119 2 183 815 265 8
D 812 109 7 526 813 423 749 371 784 321 799 168 814 484 692 552 8
D 811 99 11 736 407 683 469 630 525 578 584 520 635 465 686 401 741 349 782 298 797 135 812 760 8
D 810 79 11 730 400 677 464 624 519 573 577 514 629 460 682 394 735 343 781 292 796 102 811 765 8
D 809 59 11 724 393 671 459 618 513 568 572 508 623 455 676 69 729 285 780 337 795 387 810 770 8
D 821 23 2 42 41 40 67
D 820 21 2 38 821 43 39
D 825 37 2 57 808 59 29
D 824 35 2 55 825 60 29
D 823 33 2 450 824 451 29
D 822 29 2 45 823 63 29
D 827 27 2 48 47 46 64
D 829 31 2 53 62 51 52
D 831 37 2 57 58 59 808
D 830 35 2 60 825 55 831
D 832 31 2 53 52 51 8
D 828 33 3 829 824 450 830 832 29
D 833 27 2 48 64 46 8
D 826 29 3 827 823 45 828 833 29
D 835 23 2 42 67 40 8
D 834 21 2 38 835 43 66
D 819 25 3 820 822 37 826 834 29
D 35 39 11 36 68 445 454 502 507 564 567 612 617 666 670 719 723 775 779 789 794 803 809 819 8
D 838 3 2 7 6 5 8
D 837 1 2 3 838 9 8
D 841 11 2 17 28 19 8
D 842 11 2 17 18 19 29
D 840 13 2 841 20 842 8
D 839 9 2 11 840 30 8
D 844 3 2 7 34 5 29
D 843 1 2 3 844 9 29
D 836 5 2 837 839 843 8
D 850 119 6 688 535 637 591 586 644 528 693 743 471 746 8
D 853 139 6 599 646 651 593 695 537 752 473 543 702 754 8
D 854 123 2 201 422 211 29
D 852 129 3 478 756 541 853 854 8
D 851 119 2 183 852 265 8
D 849 109 7 526 850 484 749 423 784 371 799 321 814 168 851 552 8
D 848 99 11 736 469 683 525 630 584 578 635 520 686 465 741 401 782 349 797 298 812 135 849 760 8
D 847 79 11 730 464 677 519 624 577 573 629 514 682 460 735 394 781 343 796 292 811 102 848 765 8
D 846 59 11 724 459 671 513 618 572 568 623 508 676 455 729 69 780 285 795 337 810 387 847 770 8
D 845 39 11 36 454 445 507 502 567 564 617 612 670 666 723 719 779 775 794 789 809 803 846 819 8
D 857 3 2 5 34 7 8
D 856 1 2 3 857 9 8
D 859 3 2 5 6 7 29
D 858 1 2 3 859 9 29
D 855 5 2 856 839 858 8
D 865 119 6 743 535 688 591 637 644 586 693 528 750 746 8
D 868 139 6 651 646 695 593 752 537 599 702 543 757 754 8
D 869 123 2 199 422 210 29
D 867 129 2 541 868 869 8
D 866 119 2 183 867 265 8
D 864 109 7 484 784 526 865 423 799 371 814 321 851 168 866 552 8
D 863 99 11 736 525 683 584 630 635 578 686 520 741 465 782 401 797 349 812 298 849 135 864 760 8
D 862 79 11 730 519 677 577 624 629 573 682 514 735 460 781 394 796 343 811 292 848 102 863 765 8
D 861 59 11 724 513 671 572 618 623 568 676 508 729 455 780 69 795 285 810 337 847 387 862 770 8
D 860 39 11 36 507 445 567 502 617 564 670 612 723 666 779 719 794 775 809 789 846 803 861 819 8
D 871 1 2 9 4 3 8
D 872 1 2 9 33 3 29
D 870 5 2 871 839 872 8
D 878 119 6 743 591 688 644 637 693 586 750 528 785 746 8
D 884 137 2 223 260 221 29
D 883 135 2 219 884 224 259
D 882 133 3 214 883 699 258 700 29
D 881 139 5 695 646 752 593 651 702 599 757 882 8
D 880 129 2 541 881 869 8
D 879 119 2 183 880 265 8
D 877 109 7 484 799 526 878 423 814 371 851 321 866 168 879 552 8
D 876 99 11 736 584 683 635 630 686 578 741 520 782 465 797 401 812 349 849 298 864 135 877 760 8
D 875 79 11 730 577 677 629 624 682 573 735 514 781 460 796 394 811 343 848 292 863 102 876 765 8
D 874 59 11 724 572 671 623 618 676 568 729 508 780 455 795 69 810 285 847 337 862 387 875 770 8
D 873 39 11 36 567 445 617 502 670 564 723 612 779 666 794 719 809 775 846 789 861 803 874 819 8
D 888 11 2 19 28 17 8
D 889 11 2 19 18 17 29
D 887 13 2 888 20 889 8
D 886 9 2 11 887 30 8
D 885 5 2 2 886 32 8
D 895 119 6 743 644 688 693 637 750 586 785 528 800 746 8
D 900 135 2 224 259 219 29
D 899 133 3 699 258 214 900 700 29
D 898 139 4 752 646 695 702 651 757 899 8
D 897 129 2 541 898 869 8
D 896 119 2 183 897 265 8
D 894 109 7 484 814 526 895 423 851 371 866 321 879 168 896 552 8
D 893 99 11 736 635 683 686 630 741 578 782 520 797 465 812 401 849 349 864 298 877 135 894 760 8
D 892 79 11 730 629 677 682 624 735 573 781 514 796 460 811 394 848 343 863 292 876 102 893 765 8
D 891 59 11 724 623 671 676 618 729 568 780 508 795 455 810 69 847 285 862 337 875 387 892 770 8
D 890 39 11 36 617 445 670 502 723 564 779 612 794 666 809 719 846 775 861 789 874 803 891 819 8
D 903 7 2 14 13 12 8
D 904 7 2 14 31 12 29
D 902 9 2 903 840 904 8
D 901 5 2 2 902 32 8
D 910 119 6 743 693 688 750 637 785 586 800 528 815 746 8
D 914 133 3 696 258 214 900 217 29
D 913 139 3 752 702 695 757 914 8
D 912 129 2 541 913 869 8
D 911 119 2 183 912 265 8
D 909 109 7 484 851 526 910 423 866 371 879 321 896 168 911 552 8
D 908 99 11 736 686 683 741 630 782 578 797 520 812 465 849 401 864 349 877 298 894 135 909 760 8
D 907 79 11 730 682 677 735 624 781 573 796 514 811 460 848 394 863 343 876 292 893 102 908 765 8
D 906 59 11 724 676 671 729 618 780 568 795 508 810 455 847 69 862 285 875 337 892 387 907 770 8
D 905 39 11 36 670 445 723 502 779 564 794 612 809 666 846 719 861 775 874 789 891 803 906 819 8
D 917 7 2 12 31 14 8
D 918 7 2 12 13 14 29
D 916 9 2 917 840 918 8
D 915 5 2 2 916 32 8
D 924 119 6 743 750 688 785 637 800 586 815 528 852 746 8
D 928 133 2 214 900 225 29
D 927 139 2 752 757 928 8
D 926 129 2 541 927 869 8
D 925 119 2 183 926 265 8
D 923 109 7 484 866 526 924 423 879 371 896 321 911 168 925 552 8
D 922 99 11 736 741 683 782 630 797 578 812 520 849 465 864 401 877 349 894 298 909 135 923 760 8
D 921 79 11 730 735 677 781 624 796 573 811 514 848 460 863 394 876 343 893 292 908 102 922 765 8
D 920 59 11 724 729 671 780 618 795 568 810 508 847 455 862 69 875 285 892 337 907 387 921 770 8
D 919 39 11 36 723 445 779 502 794 564 809 612 846 666 861 719 874 775 891 789 906 803 920 819 8
D 932 15 2 26 22 21 8
D 931 13 2 841 932 842 8
D 930 9 2 11 931 30 8
D 929 5 2 2 930 32 8
D 938 119 6 743 785 688 800 637 815 586 852 528 867 746 8
D 940 105 2 179 376 174 177
D 939 103 3 169 940 488 428 489 29
D 937 109 6 484 879 526 938 423 896 371 911 321 925 939 8
D 936 99 11 736 782 683 797 630 812 578 849 520 864 465 877 401 894 349 909 298 923 135 937 760 8
D 935 79 11 730 781 677 796 624 811 573 848 514 863 460 876 394 893 343 908 292 922 102 936 765 8
D 934 59 11 724 780 671 795 618 810 568 847 508 862 455 875 69 892 285 907 337 921 387 935 770 8
D 933 39 11 36 779 445 794 502 809 564 846 612 861 666 874 719 891 775 906 789 920 803 934 819 8
D 945 17 2 25 24 23 8
D 944 15 2 21 945 26 8
D 943 13 2 841 944 842 8
D 942 9 2 11 943 30 8
D 941 5 2 2 942 32 8
D 951 119 6 743 800 688 815 637 852 586 867 528 880 746 8
D 952 103 3 488 428 169 376 489 29
D 950 109 5 484 896 526 951 423 911 371 925 952 8
D 949 99 11 736 797 683 812 630 849 578 864 520 877 465 894 401 909 349 923 298 937 135 950 760 8
D 948 79 11 730 796 677 811 624 848 573 863 514 876 460 893 394 908 343 922 292 936 102 949 765 8
D 947 59 11 724 795 671 810 618 847 568 862 508 875 455 892 69 907 285 921 337 935 387 948 770 8
D 946 39 11 36 794 445 809 502 846 564 861 612 874 666 891 719 906 775 920 789 934 803 947 819 8
L 958 18 10
D 957 17 2 23 958 25 8
D 956 15 2 21 957 26 8
D 955 13 2 841 956 842 8
D 954 9 2 11 955 30 8
D 953 5 2 2 954 32 8
D 964 119 6 743 815 688 852 637 867 586 880 528 897 746 8
D 966 101 2 172 171 170 29
D 965 103 2 966 428 489 29
D 963 109 4 484 911 526 964 423 925 965 8
D 962 99 11 736 812 683 849 630 864 578 877 520 894 465 909 401 923 349 937 298 950 135 963 760 8
D 961 79 11 730 811 677 848 624 863 573 876 514 893 460 908 394 922 343 936 292 949 102 962 765 8
D 960 59 11 724 810 671 847 618 862 568 875 508 892 455 907 69 921 285 935 337 948 387 961 770 8
D 959 39 11 36 809 445 846 502 861 564 874 612 891 666 906 719 920 775 934 789 947 803 960 819 8
D 971 17 2 23 24 25 958
D 972 17 2 23 958 25 29
D 970 15 2 21 971 26 972
D 973 11 2 19 28 17 18
D 974 15 2 21 972 26 29
D 975 11 2 19 18 17 8
D 969 13 3 841 970 973 974 975 29
D 976 7 2 14 13 12 31
D 977 13 2 841 974 842 29
D 978 7 2 14 31 12 8
D 968 9 3 11 969 976 977 978 29
D 980 3 2 7 6 5 34
D 979 1 2 3 980 9 4
D 981 9 2 11 977 30 29
D 983 3 2 7 34 5 8
D 982 1 2 3 983 9 33
D 967 5 3 2 968 979 981 982 29
D 0 19 11 1 35 836 845 855 860 870 873 885 890 901 905 915 919 929 933 941 946 953 959 967 8
