c ids of sdd nodes start at 0
c sdd nodes appear bottom-up, children before parents
c
c file syntax:
c sdd count-of-sdd-nodes
c F id-of-false-sdd-node
c T id-of-true-sdd-node
c L id-of-literal-sdd-node id-of-vtree literal
c D id-of-decomposition-sdd-node id-of-vtree number-of-elements {id-of-prime id-of-sub}*
c
sdd 979
L 3 0 -4
L 5 2 -2
L 6 4 -3
L 7 2 2
F 8
D 4 3 2 5 6 7 8
L 9 0 4
D 2 1 2 3 4 9 8
L 12 6 -6
L 13 8 -7
L 14 6 6
D 11 7 2 12 13 14 8
L 17 10 -5
L 18 12 1
L 19 10 5
D 16 11 2 17 18 19 8
L 21 14 -8
L 23 16 -9
L 24 18 -10
L 25 16 9
D 22 17 2 23 24 25 8
L 26 14 8
D 20 15 2 21 22 26 8
L 28 12 -1
T 29
D 27 11 2 17 28 19 29
D 15 13 2 16 20 27 8
L 31 8 7
D 30 7 2 12 31 14 29
D 10 9 2 11 15 30 8
L 34 4 3
D 33 3 2 5 34 7 29
D 32 1 2 3 33 9 29
D 1 5 2 2 10 32 8
L 38 20 -14
L 40 22 -12
L 41 24 -13
L 42 22 12
D 39 23 2 40 41 42 8
L 43 20 14
D 37 21 2 38 39 43 8
L 46 26 -16
L 47 28 -17
L 48 26 16
D 45 27 2 46 47 48 8
L 51 30 -15
L 52 32 11
L 53 30 15
D 50 31 2 51 52 53 8
L 55 34 -18
L 57 36 -19
L 58 38 -20
L 59 36 19
D 56 37 2 57 58 59 8
L 60 34 18
D 54 35 2 55 56 60 8
L 62 32 -11
D 61 31 2 51 62 53 29
D 49 33 2 50 54 61 8
L 64 28 17
D 63 27 2 46 64 48 29
D 44 29 2 45 49 63 8
L 67 24 13
D 66 23 2 40 67 42 29
D 65 21 2 38 66 43 29
D 36 25 2 37 44 65 8
L 71 40 -24
L 73 42 -22
L 74 44 -23
L 75 42 22
D 72 43 2 73 74 75 8
L 76 40 24
D 70 41 2 71 72 76 8
L 79 46 -26
L 80 48 -27
L 81 46 26
D 78 47 2 79 80 81 8
L 84 50 -25
L 85 52 -21
L 86 50 25
D 83 51 2 84 85 86 8
L 88 54 -28
L 90 56 29
L 91 58 -30
L 92 56 -29
D 89 57 2 90 91 92 8
L 93 54 28
D 87 55 2 88 89 93 8
L 95 52 21
D 94 51 2 84 95 86 29
D 82 53 2 83 87 94 8
L 97 48 27
D 96 47 2 79 97 81 29
D 77 49 2 78 82 96 8
L 100 44 23
D 99 43 2 73 100 75 29
D 98 41 2 71 99 76 29
D 69 45 2 70 77 98 8
L 104 60 -34
L 106 62 -32
L 107 64 -33
L 108 62 32
D 105 63 2 106 107 108 8
L 109 60 34
D 103 61 2 104 105 109 8
L 112 66 -36
L 113 68 -37
L 114 66 36
D 111 67 2 112 113 114 8
L 117 70 -35
L 118 72 -31
L 119 70 35
D 116 71 2 117 118 119 8
L 121 74 -38
L 123 76 -39
L 124 78 40
L 125 76 39
D 122 77 2 123 124 125 8
L 126 74 38
D 120 75 2 121 122 126 8
L 128 72 31
D 127 71 2 117 128 119 29
D 115 73 2 116 120 127 8
L 130 68 37
D 129 67 2 112 130 114 29
D 110 69 2 111 115 129 8
L 133 64 33
D 132 63 2 106 133 108 29
D 131 61 2 104 132 109 29
D 102 65 2 103 110 131 8
L 137 80 -42
L 139 82 -43
L 140 84 -44
L 141 82 43
D 138 83 2 139 140 141 8
L 142 80 42
D 136 81 2 137 138 142 8
L 145 86 -46
L 146 88 -47
L 147 86 46
D 144 87 2 145 146 147 8
L 150 90 -45
L 151 92 -41
L 152 90 45
D 149 91 2 150 151 152 8
L 154 94 -48
L 156 96 -49
L 157 98 50
L 158 96 49
D 155 97 2 156 157 158 8
L 159 94 48
D 153 95 2 154 155 159 8
L 161 92 41
D 160 91 2 150 161 152 29
D 148 93 2 149 153 160 8
L 163 88 47
D 162 87 2 145 163 147 29
D 143 89 2 144 148 162 8
L 166 84 44
D 165 83 2 139 166 141 29
D 164 81 2 137 165 142 29
D 135 85 2 136 143 164 8
L 170 100 -56
L 171 102 -57
L 172 100 56
D 169 101 2 170 171 172 8
L 174 104 -58
L 176 106 -59
L 177 108 60
L 178 106 59
D 175 107 2 176 177 178 8
L 179 104 58
D 173 105 2 174 175 179 8
L 181 102 57
D 180 101 2 170 181 172 29
D 168 103 2 169 173 180 8
L 185 110 -53
L 186 112 -54
L 187 110 53
D 184 111 2 185 186 187 8
L 189 114 -52
L 191 116 -55
L 192 118 -51
L 193 116 55
D 190 117 2 191 192 193 8
L 194 114 52
D 188 115 2 189 190 194 8
L 196 112 54
D 195 111 2 185 196 187 29
D 183 113 2 184 188 195 8
L 200 120 -76
L 201 122 -77
L 202 120 76
D 199 121 2 200 201 202 8
L 204 124 -78
L 206 126 -79
L 207 128 80
L 208 126 79
D 205 127 2 206 207 208 8
L 209 124 78
D 203 125 2 204 205 209 8
L 211 122 77
D 210 121 2 200 211 202 29
D 198 123 2 199 203 210 8
L 215 130 -73
L 216 132 -72
L 217 130 73
D 214 131 2 215 216 217 8
L 219 134 -71
L 221 136 -74
L 222 138 -75
L 223 136 74
D 220 137 2 221 222 223 8
L 224 134 71
D 218 135 2 219 220 224 8
L 226 132 72
D 225 131 2 215 226 217 29
D 213 133 2 214 218 225 8
L 229 140 -61
L 230 142 -62
L 231 140 61
D 228 141 2 229 230 231 8
L 234 144 -63
L 235 146 -64
L 236 144 63
D 233 145 2 234 235 236 8
L 238 148 -65
L 240 150 -66
L 242 152 -67
L 244 154 -68
L 246 156 -69
L 247 158 70
L 248 156 69
D 245 157 2 246 247 248 8
L 249 154 68
D 243 155 2 244 245 249 8
L 250 152 67
D 241 153 2 242 243 250 8
L 251 150 66
D 239 151 2 240 241 251 8
L 252 148 65
D 237 149 2 238 239 252 8
L 254 146 64
D 253 145 2 234 254 236 29
D 232 147 2 233 237 253 8
L 256 142 62
D 255 141 2 229 256 231 29
D 227 143 2 228 232 255 8
L 260 138 75
D 259 137 2 221 260 223 29
D 258 135 2 219 259 224 29
D 257 133 2 214 258 225 29
D 212 139 2 213 227 257 8
L 264 128 -80
D 263 127 2 206 264 208 29
D 262 125 2 204 263 209 29
D 261 123 2 199 262 210 29
D 197 129 2 198 212 261 8
L 268 118 51
D 267 117 2 191 268 193 29
D 266 115 2 189 267 194 29
D 265 113 2 184 266 195 29
D 182 119 2 183 197 265 8
L 272 108 -60
D 271 107 2 176 272 178 29
D 270 105 2 174 271 179 29
D 269 103 2 169 270 180 29
D 167 109 2 168 182 269 8
L 278 98 -50
D 277 97 2 156 278 158 29
D 276 95 2 154 277 159 29
D 275 93 2 149 276 160 29
D 274 89 2 144 275 162 29
D 273 85 2 136 274 164 29
D 134 99 2 135 167 273 8
L 284 78 -40
D 283 77 2 123 284 125 29
D 282 75 2 121 283 126 29
D 281 73 2 116 282 127 29
D 280 69 2 111 281 129 29
D 279 65 2 103 280 131 29
D 101 79 2 102 134 279 8
L 290 58 30
D 289 57 2 92 290 90 8
D 288 55 2 88 289 93 8
D 287 53 2 83 288 94 8
D 286 49 2 78 287 96 8
D 285 45 2 70 286 98 8
D 296 77 2 125 284 123 8
D 295 75 2 121 296 126 8
D 294 73 2 116 295 127 8
D 293 69 2 111 294 129 8
D 292 65 2 103 293 131 8
D 302 97 2 158 278 156 8
D 301 95 2 154 302 159 8
D 300 93 2 149 301 160 8
D 299 89 2 144 300 162 8
D 298 85 2 136 299 164 8
L 314 158 -70
D 313 157 2 248 314 246 8
D 312 155 2 244 313 249 8
D 311 153 2 242 312 250 8
D 310 151 2 240 311 251 8
D 309 149 2 238 310 252 8
D 308 147 2 233 309 253 8
D 307 143 2 228 308 255 8
D 306 139 2 213 307 257 8
D 317 127 2 208 264 206 8
D 316 125 2 204 317 209 8
D 315 123 2 199 316 210 8
D 320 127 2 206 264 208 207
D 319 125 2 204 320 209 29
D 318 123 2 199 319 210 29
D 305 129 3 198 306 315 212 318 8
D 304 119 2 183 305 265 8
D 323 107 2 178 272 176 8
D 322 105 2 174 323 179 8
D 321 103 2 169 322 180 8
D 326 107 2 176 272 178 177
D 325 105 2 174 326 179 29
D 324 103 2 169 325 180 29
D 303 109 3 168 304 321 182 324 8
D 331 97 2 156 278 158 157
D 330 95 2 154 331 159 29
D 329 93 2 149 330 160 29
D 328 89 2 144 329 162 29
D 327 85 2 136 328 164 29
D 297 99 3 298 167 135 303 327 8
D 336 77 2 123 284 125 124
D 335 75 2 121 336 126 29
D 334 73 2 116 335 127 29
D 333 69 2 111 334 129 29
D 332 65 2 103 333 131 29
D 291 79 3 292 134 102 297 332 8
D 341 57 2 92 91 90 290
D 340 55 2 88 341 93 29
D 339 53 2 83 340 94 29
D 338 49 2 78 339 96 29
D 337 45 2 70 338 98 29
D 68 59 3 69 101 285 291 337 8
D 344 23 2 42 41 40 8
D 343 21 2 38 344 43 8
D 347 31 2 51 62 53 8
D 348 31 2 51 52 53 29
D 346 33 2 347 54 348 8
D 345 29 2 45 346 63 8
D 350 23 2 42 67 40 29
D 349 21 2 38 350 43 29
D 342 25 2 343 345 349 8
D 356 57 2 92 91 90 8
D 355 55 2 93 356 88 8
D 354 53 2 83 355 94 8
D 353 49 2 78 354 96 8
D 352 45 2 70 353 98 8
D 362 77 2 123 284 125 8
D 361 75 2 126 362 121 8
D 360 73 2 116 361 127 8
D 359 69 2 111 360 129 8
D 358 65 2 103 359 131 8
D 368 97 2 156 278 158 8
D 367 95 2 159 368 154 8
D 366 93 2 149 367 160 8
D 365 89 2 144 366 162 8
D 364 85 2 136 365 164 8
D 379 157 2 246 314 248 8
D 378 155 2 249 379 244 8
D 377 153 2 242 378 250 8
D 376 151 2 240 377 251 8
D 375 149 2 238 376 252 8
D 374 147 2 233 375 253 8
D 373 143 2 228 374 255 8
D 372 139 2 213 373 257 8
D 382 127 2 206 264 208 8
D 381 125 2 209 382 204 8
D 380 123 2 199 381 210 8
D 385 127 2 206 207 208 29
D 384 125 2 204 320 209 385
D 383 123 2 199 384 210 29
D 371 129 4 198 372 315 306 380 212 383 8
D 370 119 2 183 371 265 8
D 388 107 2 176 272 178 8
D 387 105 2 179 388 174 8
D 386 103 2 169 387 180 8
D 391 107 2 176 177 178 29
D 390 105 2 174 326 179 391
D 389 103 2 169 390 180 29
D 369 109 4 168 370 321 304 386 182 389 8
D 396 97 2 156 157 158 29
D 395 95 2 159 396 154 331
D 394 93 2 149 395 160 29
D 393 89 2 144 394 162 29
D 392 85 2 136 393 164 29
D 363 99 4 364 167 298 303 135 369 392 8
D 401 77 2 123 124 125 29
D 400 75 2 126 401 121 336
D 399 73 2 116 400 127 29
D 398 69 2 111 399 129 29
D 397 65 2 103 398 131 29
D 357 79 4 358 134 292 297 102 363 397 8
D 406 57 2 92 290 90 29
D 405 55 2 93 406 88 341
D 404 53 2 83 405 94 29
D 403 49 2 78 404 96 29
D 402 45 2 70 403 98 29
D 351 59 4 352 101 69 291 285 357 402 8
D 409 23 2 40 67 42 8
D 408 21 2 38 409 43 8
D 411 23 2 40 41 42 29
D 410 21 2 38 411 43 29
D 407 25 2 408 345 410 8
D 415 47 2 79 97 81 8
D 417 55 2 88 356 93 8
D 416 53 2 83 417 94 8
D 418 47 2 79 80 81 29
D 414 49 2 415 416 418 8
D 413 45 2 70 414 98 8
D 422 67 2 112 130 114 8
D 424 75 2 121 362 126 8
D 423 73 2 116 424 127 8
D 425 67 2 112 113 114 29
D 421 69 2 422 423 425 8
D 420 65 2 103 421 131 8
D 429 87 2 145 163 147 8
D 431 95 2 154 368 159 8
D 430 93 2 149 431 160 8
D 432 87 2 145 146 147 29
D 428 89 2 429 430 432 8
D 427 85 2 136 428 164 8
D 442 155 2 244 379 249 8
D 441 153 2 250 442 242 8
D 440 151 2 240 441 251 8
D 439 149 2 238 440 252 8
D 438 147 2 233 439 253 8
D 437 143 2 228 438 255 8
D 436 139 2 213 437 257 8
D 444 121 2 200 211 202 8
D 445 125 2 204 382 209 8
D 446 121 2 200 201 202 29
D 443 123 2 444 445 446 8
D 448 125 2 204 385 209 29
D 447 123 3 199 384 444 448 202 29
D 435 129 5 198 436 315 372 380 306 443 212 447 8
D 434 119 2 183 435 265 8
D 450 101 2 170 181 172 8
D 451 105 2 174 388 179 8
D 452 101 2 170 171 172 29
D 449 103 2 450 451 452 8
D 454 105 2 174 391 179 29
D 453 103 3 169 390 450 454 172 29
D 433 109 5 168 434 321 370 386 304 449 182 453 8
D 458 95 2 154 396 159 29
D 457 93 2 149 458 160 29
D 456 89 3 144 394 429 457 147 29
D 455 85 2 136 456 164 29
D 426 99 5 427 167 364 303 298 369 135 433 455 8
D 462 75 2 121 401 126 29
D 461 73 2 116 462 127 29
D 460 69 3 111 399 422 461 114 29
D 459 65 2 103 460 131 29
D 419 79 5 420 134 358 297 292 363 102 426 459 8
D 466 55 2 88 406 93 29
D 465 53 2 83 466 94 29
D 464 49 3 78 404 415 465 81 29
D 463 45 2 70 464 98 29
D 412 59 5 413 101 352 291 69 357 285 419 463 8
D 468 21 2 43 39 38 8
D 469 21 2 43 66 38 29
D 467 25 2 468 345 469 8
D 473 47 2 81 80 79 8
D 474 47 2 81 97 79 29
D 472 49 2 473 416 474 8
D 471 45 2 70 472 98 8
D 478 67 2 114 113 112 8
D 479 67 2 114 130 112 29
D 477 69 2 478 423 479 8
D 476 65 2 103 477 131 8
D 483 87 2 147 146 145 8
D 484 87 2 147 163 145 29
D 482 89 2 483 430 484 8
D 481 85 2 136 482 164 8
D 493 153 2 242 442 250 8
D 492 151 2 251 493 240 8
D 491 149 2 238 492 252 8
D 490 147 2 233 491 253 8
D 489 143 2 228 490 255 8
D 488 139 2 213 489 257 8
D 495 121 2 202 201 200 8
D 496 121 2 202 211 200 29
D 494 123 2 495 445 496 8
D 498 121 2 202 201 200 211
D 499 121 2 202 211 200 8
D 497 123 3 199 384 498 448 499 29
D 487 129 6 198 488 315 436 380 372 443 306 494 212 497 8
D 486 119 2 183 487 265 8
D 501 101 2 172 171 170 8
D 502 101 2 172 181 170 29
D 500 103 2 501 451 502 8
D 504 101 2 172 171 170 181
D 505 101 2 172 181 170 8
D 503 103 3 169 390 504 454 505 29
D 485 109 6 168 486 321 434 386 370 449 304 500 182 503 8
D 508 87 2 147 146 145 163
D 509 87 2 147 163 145 8
D 507 89 3 144 394 508 457 509 29
D 506 85 2 136 507 164 29
D 480 99 6 481 167 427 303 364 369 298 433 135 485 506 8
D 512 67 2 114 113 112 130
D 513 67 2 114 130 112 8
D 511 69 3 111 399 512 461 513 29
D 510 65 2 103 511 131 29
D 475 79 6 476 134 420 297 358 363 292 426 102 480 510 8
D 516 47 2 81 80 79 97
D 517 47 2 81 97 79 8
D 515 49 3 78 404 516 465 517 29
D 514 45 2 70 515 98 29
D 470 59 6 471 101 413 291 352 357 69 419 285 475 514 8
D 521 31 2 53 62 51 8
D 522 31 2 53 52 51 29
D 520 33 2 521 54 522 8
D 519 29 2 45 520 63 8
D 518 25 2 37 519 65 8
D 527 51 2 86 85 84 8
D 528 51 2 86 95 84 29
D 526 53 2 527 417 528 8
D 525 49 2 78 526 96 8
D 524 45 2 70 525 98 8
D 533 71 2 119 118 117 8
D 534 71 2 119 128 117 29
D 532 73 2 533 424 534 8
D 531 69 2 111 532 129 8
D 530 65 2 103 531 131 8
D 539 91 2 152 151 150 8
D 540 91 2 152 161 150 29
D 538 93 2 539 431 540 8
D 537 89 2 144 538 162 8
D 536 85 2 136 537 164 8
D 542 103 2 169 451 180 8
D 546 117 2 193 192 191 8
D 545 115 2 189 546 194 8
D 544 113 2 184 545 195 8
D 549 117 2 193 268 191 29
D 548 115 2 189 549 194 29
D 547 113 2 184 548 195 29
D 543 119 2 544 197 547 8
D 556 151 2 240 493 251 8
D 555 149 2 252 556 238 8
D 554 147 2 233 555 253 8
D 553 143 2 228 554 255 8
D 552 139 2 213 553 257 8
D 557 123 2 199 445 210 8
D 561 137 2 221 260 223 8
D 560 135 2 219 561 224 8
D 559 133 2 214 560 225 8
D 564 137 2 221 222 223 29
D 563 135 2 219 564 224 29
D 562 133 2 214 563 225 29
D 558 139 2 559 227 562 8
D 567 127 2 208 207 206 8
D 566 125 2 204 567 209 385
D 565 123 3 199 566 498 448 499 29
D 551 129 7 198 552 557 558 315 488 380 436 443 372 494 306 565 8
D 550 119 2 183 551 265 8
D 570 107 2 178 177 176 8
D 569 105 2 174 570 179 391
D 568 103 3 169 569 504 454 505 29
D 541 109 7 542 543 168 550 321 486 386 434 449 370 500 304 568 8
D 573 93 3 539 458 149 395 161 29
D 572 89 3 144 573 508 457 509 29
D 571 85 2 136 572 164 29
D 535 99 7 536 167 481 303 427 369 364 433 298 485 135 541 571 8
D 576 73 3 533 462 116 400 128 29
D 575 69 3 111 576 512 461 513 29
D 574 65 2 103 575 131 29
D 529 79 7 530 134 476 297 420 363 358 426 292 480 102 535 574 8
D 579 53 3 527 466 83 405 95 29
D 578 49 3 78 579 516 465 517 29
D 577 45 2 70 578 98 29
D 523 59 7 524 101 471 291 413 357 352 419 69 475 285 529 577 8
D 582 27 2 48 47 46 8
D 583 27 2 48 64 46 29
D 581 29 2 582 346 583 8
D 580 25 2 37 581 65 8
D 586 41 2 76 72 71 8
D 587 49 2 78 416 96 8
D 588 41 2 76 99 71 29
D 585 45 2 586 587 588 8
D 591 61 2 109 105 104 8
D 592 69 2 111 423 129 8
D 593 61 2 109 132 104 29
D 590 65 2 591 592 593 8
D 597 83 2 139 166 141 8
D 596 81 2 137 597 142 8
D 598 89 2 144 430 162 8
D 600 83 2 139 140 141 29
D 599 81 2 137 600 142 29
D 595 85 2 596 598 599 8
D 604 111 2 185 196 187 8
D 605 111 2 185 186 187 29
D 603 113 2 604 188 605 8
D 606 113 3 184 548 604 266 187 29
D 602 119 3 544 305 603 197 606 8
D 612 145 2 234 254 236 8
D 613 149 2 238 556 252 8
D 614 145 2 234 235 236 29
D 611 147 2 612 613 614 8
D 610 143 2 228 611 255 8
D 609 139 2 213 610 257 8
D 618 137 2 223 222 221 8
D 617 135 2 219 618 224 8
D 616 133 2 214 617 225 8
D 621 137 2 221 222 223 260
D 620 135 2 219 621 224 29
D 619 133 2 214 620 225 29
D 615 139 3 616 227 559 307 619 8
D 608 129 7 198 609 557 615 315 552 380 488 443 436 494 372 565 8
D 607 119 2 183 608 265 8
D 601 109 7 542 602 168 607 321 550 386 486 449 434 500 370 568 8
D 623 89 2 144 457 162 29
D 624 81 2 137 141 142 29
D 622 85 3 136 572 596 623 624 29
D 594 99 8 595 167 536 303 481 369 427 433 364 485 298 541 135 601 622 8
D 626 69 2 111 461 129 29
D 625 65 3 103 575 591 626 132 29
D 589 79 8 590 134 530 297 476 363 420 426 358 480 292 535 102 594 625 8
D 628 49 2 78 465 96 29
D 627 45 3 70 578 586 628 99 29
D 584 59 8 585 101 524 291 471 357 413 419 352 475 69 529 285 589 627 8
D 631 27 2 46 64 48 8
D 632 27 2 46 47 48 29
D 630 29 2 631 346 632 8
D 629 25 2 37 630 65 8
D 636 43 2 73 100 75 8
D 635 41 2 71 636 76 8
D 638 43 2 73 74 75 29
D 637 41 2 71 638 76 29
D 634 45 2 635 587 637 8
D 642 63 2 106 133 108 8
D 641 61 2 104 642 109 8
D 644 63 2 106 107 108 29
D 643 61 2 104 644 109 29
D 640 65 2 641 592 643 8
D 648 83 2 141 140 139 8
D 647 81 2 137 648 142 8
D 650 83 2 141 166 139 29
D 649 81 2 137 650 142 29
D 646 85 2 647 598 649 8
D 654 111 2 187 186 185 8
D 655 111 2 187 196 185 29
D 653 113 2 654 188 655 8
D 657 111 2 187 186 185 196
D 658 111 2 187 196 185 8
D 656 113 3 184 548 657 266 658 29
D 652 119 4 603 305 544 371 653 197 656 8
D 664 145 2 236 235 234 8
D 665 145 2 236 254 234 29
D 663 147 2 664 613 665 8
D 662 143 2 228 663 255 8
D 661 139 2 213 662 257 8
D 668 131 2 217 216 215 8
D 669 131 2 217 226 215 29
D 667 133 2 668 218 669 8
D 670 133 3 214 620 668 258 226 29
D 666 139 4 667 227 616 307 559 373 670 8
D 660 129 7 198 661 557 666 315 609 380 552 443 488 494 436 565 8
D 659 119 2 183 660 265 8
D 651 109 7 542 652 168 659 321 607 386 550 449 486 500 434 568 8
D 673 83 2 141 140 139 166
D 672 81 2 137 673 142 8
D 675 83 2 141 166 139 8
D 674 81 2 137 675 142 29
D 671 85 3 136 572 672 623 674 29
D 645 99 9 646 167 595 303 536 369 481 433 427 485 364 541 298 601 135 651 671 8
D 677 61 2 104 642 109 105
D 678 61 2 109 132 104 108
D 676 65 3 103 575 677 626 678 29
D 639 79 9 640 134 590 297 530 363 476 426 420 480 358 535 292 594 102 645 676 8
D 680 41 2 71 636 76 72
D 681 41 2 76 99 71 75
D 679 45 3 70 578 680 628 681 29
D 633 59 9 634 101 585 291 524 357 471 419 413 475 352 529 69 589 285 639 679 8
D 685 35 2 60 56 55 8
D 684 33 2 347 685 348 8
D 683 29 2 45 684 63 8
D 682 25 2 37 683 65 8
D 689 43 2 75 74 73 8
D 688 41 2 71 689 76 8
D 691 43 2 75 100 73 29
D 690 41 2 71 691 76 29
D 687 45 2 688 587 690 8
D 695 63 2 108 107 106 8
D 694 61 2 104 695 109 8
D 697 63 2 108 133 106 29
D 696 61 2 104 697 109 29
D 693 65 2 694 592 696 8
D 700 81 2 142 138 137 8
D 701 81 2 142 165 137 29
D 699 85 2 700 598 701 8
D 705 115 2 194 190 189 8
D 704 113 2 184 705 195 8
D 707 115 2 189 549 194 267
D 706 113 3 184 707 657 266 658 29
D 703 119 5 544 435 653 305 603 371 704 197 706 8
D 712 131 2 215 226 217 8
D 713 131 2 215 216 217 29
D 711 133 2 712 218 713 8
D 715 131 2 217 216 215 226
D 716 131 2 217 226 215 8
D 714 133 3 214 620 715 258 716 29
D 710 139 5 711 227 667 307 616 373 559 437 714 8
D 719 141 2 229 256 231 8
D 720 147 2 233 613 253 8
D 721 141 2 229 230 231 29
D 718 143 2 719 720 721 8
D 717 139 2 213 718 257 8
D 709 129 7 557 710 315 661 198 717 380 609 443 552 494 488 565 8
D 708 119 2 183 709 265 8
D 702 109 7 542 703 168 708 321 659 386 607 449 550 500 486 568 8
D 723 81 2 137 673 142 138
D 724 81 2 137 675 142 165
D 722 85 3 136 572 723 623 724 29
D 698 99 10 699 167 646 303 595 369 536 433 481 485 427 541 364 601 298 651 135 702 722 8
D 727 63 2 108 107 106 133
D 726 61 2 104 727 109 105
D 729 63 2 108 133 106 8
D 728 61 2 104 729 109 132
D 725 65 3 103 575 726 626 728 29
D 692 79 10 693 134 640 297 590 363 530 426 476 480 420 535 358 594 292 645 102 698 725 8
D 732 43 2 75 74 73 100
D 731 41 2 71 732 76 72
D 734 43 2 75 100 73 8
D 733 41 2 71 734 76 99
D 730 45 3 70 578 731 628 733 29
D 686 59 10 687 101 634 291 585 357 524 419 471 475 413 529 352 589 69 639 285 692 730 8
D 739 37 2 59 58 57 8
D 738 35 2 55 739 60 8
D 737 33 2 347 738 348 8
D 736 29 2 45 737 63 8
D 735 25 2 37 736 65 8
D 744 51 2 84 95 86 8
D 745 51 2 84 85 86 29
D 743 53 2 744 417 745 8
D 742 49 2 78 743 96 8
D 741 45 2 70 742 98 8
D 750 71 2 117 128 119 8
D 751 71 2 117 118 119 29
D 749 73 2 750 424 751 8
D 748 69 2 111 749 129 8
D 747 65 2 103 748 131 8
D 756 91 2 150 161 152 8
D 757 91 2 150 151 152 29
D 755 93 2 756 431 757 8
D 754 89 2 144 755 162 8
D 753 85 2 136 754 164 8
D 762 117 2 191 268 193 8
D 761 115 2 189 762 194 8
D 760 113 2 184 761 195 8
D 765 117 2 191 192 193 268
D 764 115 2 189 765 194 267
D 763 113 3 184 764 657 266 658 29
D 759 119 6 544 487 603 435 704 305 653 371 760 197 763 8
D 770 135 2 224 220 219 8
D 769 133 2 214 770 225 8
D 772 135 2 219 621 224 259
D 771 133 3 214 772 715 258 716 29
D 768 139 6 769 227 711 307 667 373 559 489 616 437 771 8
D 775 141 2 231 230 229 8
D 776 141 2 231 256 229 29
D 774 143 2 775 720 776 8
D 773 139 2 213 774 257 8
D 767 129 7 557 768 380 661 315 717 443 609 198 773 494 552 565 8
D 766 119 2 183 767 265 8
D 758 109 7 542 759 168 766 321 708 386 659 449 607 500 550 568 8
D 780 91 2 152 151 150 161
D 781 91 2 152 161 150 8
D 779 93 3 780 458 149 395 781 29
D 778 89 3 508 457 144 779 509 29
D 777 85 3 723 623 136 778 724 29
D 752 99 11 753 167 699 303 646 369 595 433 536 485 481 541 427 601 364 651 298 702 135 758 777 8
D 785 71 2 119 118 117 128
D 786 71 2 119 128 117 8
D 784 73 3 785 462 116 400 786 29
D 783 69 3 512 461 111 784 513 29
D 782 65 3 726 626 103 783 728 29
D 746 79 11 747 134 693 297 640 363 590 426 530 480 476 535 420 594 358 645 292 698 102 752 782 8
D 790 51 2 86 85 84 95
D 791 51 2 86 95 84 8
D 789 53 3 790 466 83 405 791 29
D 788 49 3 516 465 78 789 517 29
D 787 45 3 731 628 70 788 733 29
D 740 59 11 741 101 687 291 634 357 585 419 524 475 471 529 413 589 352 639 69 692 285 746 787 8
L 797 38 20
D 796 37 2 57 797 59 8
D 795 35 2 55 796 60 8
D 794 33 2 347 795 348 8
D 793 29 2 45 794 63 8
D 792 25 2 37 793 65 8
D 802 119 6 544 551 603 487 653 435 760 305 704 371 763 8
D 805 139 6 769 307 711 373 559 553 616 489 667 437 771 8
D 807 125 2 209 385 204 207
D 806 123 3 199 807 498 448 499 29
D 804 129 6 557 805 443 661 380 717 494 609 315 773 806 8
D 803 119 2 183 804 265 8
D 801 109 7 542 802 321 766 168 803 386 708 449 659 500 607 568 8
D 800 99 11 753 303 699 369 646 433 595 485 536 541 481 601 427 651 364 702 298 758 135 801 777 8
D 799 79 11 747 297 693 363 640 426 590 480 530 535 476 594 420 645 358 698 292 752 102 800 782 8
D 798 59 11 741 291 687 357 634 419 585 475 524 529 471 589 413 639 352 692 69 746 285 799 787 8
D 810 23 2 42 41 40 67
D 809 21 2 38 810 43 39
D 814 37 2 57 797 59 29
D 813 35 2 55 814 60 29
D 812 33 2 347 813 348 29
D 811 29 2 45 812 63 29
D 816 27 2 48 47 46 64
D 818 31 2 53 62 51 52
D 820 37 2 57 58 59 797
D 819 35 2 60 814 55 820
D 821 31 2 53 52 51 8
D 817 33 3 818 813 347 819 821 29
D 822 27 2 48 64 46 8
D 815 29 3 816 812 45 817 822 29
D 824 23 2 42 67 40 8
D 823 21 2 38 824 43 66
D 808 25 3 809 811 37 815 823 29
D 35 39 11 36 68 342 351 407 412 467 470 518 523 580 584 629 633 682 686 735 740 792 798 808 8
D 827 3 2 7 6 5 8
D 826 1 2 3 827 9 8
D 830 11 2 17 28 19 8
D 831 11 2 17 18 19 29
D 829 13 2 830 20 831 8
D 828 9 2 11 829 30 8
D 833 3 2 7 34 5 29
D 832 1 2 3 833 9 29
D 825 5 2 826 828 832 8
D 839 119 6 603 551 544 608 653 487 704 435 760 371 763 8
D 842 139 6 769 373 559 610 616 553 667 489 711 437 771 8
D 843 123 3 498 448 199 385 499 29
D 841 129 5 557 842 494 661 443 717 380 773 843 8
D 840 119 2 183 841 265 8
D 838 109 7 542 839 386 766 321 803 168 840 449 708 500 659 568 8
D 837 99 11 753 369 699 433 646 485 595 541 536 601 481 651 427 702 364 758 298 801 135 838 777 8
D 836 79 11 747 363 693 426 640 480 590 535 530 594 476 645 420 698 358 752 292 800 102 837 782 8
D 835 59 11 741 357 687 419 634 475 585 529 524 589 471 639 413 692 352 746 69 799 285 836 787 8
D 834 39 11 36 351 342 412 407 470 467 523 518 584 580 633 629 686 682 740 735 798 792 835 808 8
D 846 3 2 5 34 7 8
D 845 1 2 3 846 9 8
D 848 3 2 5 6 7 29
D 847 1 2 3 848 9 29
D 844 5 2 845 828 847 8
D 854 119 6 653 551 603 608 544 660 704 487 760 435 763 8
D 857 139 6 559 662 616 610 667 553 711 489 769 437 771 8
D 859 121 2 202 201 200 29
D 858 123 2 859 448 499 29
D 856 129 4 494 717 557 857 443 773 858 8
D 855 119 2 183 856 265 8
D 853 109 7 542 854 449 766 386 803 321 840 168 855 500 708 568 8
D 852 99 11 753 433 699 485 646 541 595 601 536 651 481 702 427 758 364 801 298 838 135 853 777 8
D 851 79 11 747 426 693 480 640 535 590 594 530 645 476 698 420 752 358 800 292 837 102 852 782 8
D 850 59 11 741 419 687 475 634 529 585 589 524 639 471 692 413 746 352 799 69 836 285 851 787 8
D 849 39 11 36 412 342 470 407 523 467 584 518 633 580 686 629 740 682 798 735 835 792 850 808 8
D 861 1 2 9 4 3 8
D 862 1 2 9 33 3 29
D 860 5 2 861 828 862 8
D 868 119 6 704 551 653 608 603 660 544 709 760 487 763 8
D 871 139 6 616 662 667 610 711 553 769 489 559 718 771 8
D 872 123 2 201 448 211 29
D 870 129 3 494 773 557 871 872 8
D 869 119 2 183 870 265 8
D 867 109 7 542 868 500 766 449 803 386 840 321 855 168 869 568 8
D 866 99 11 753 485 699 541 646 601 595 651 536 702 481 758 427 801 364 838 298 853 135 867 777 8
D 865 79 11 747 480 693 535 640 594 590 645 530 698 476 752 420 800 358 837 292 852 102 866 782 8
D 864 59 11 741 475 687 529 634 589 585 639 524 692 471 746 413 799 352 836 69 851 285 865 787 8
D 863 39 11 36 470 342 523 407 584 467 633 518 686 580 740 629 798 682 835 735 850 792 864 808 8
D 876 11 2 19 28 17 8
D 877 11 2 19 18 17 29
D 875 13 2 876 20 877 8
D 874 9 2 11 875 30 8
D 873 5 2 2 874 32 8
D 883 119 6 760 551 704 608 653 660 603 709 544 767 763 8
D 886 139 6 667 662 711 610 769 553 616 718 559 774 771 8
D 887 123 2 199 448 210 29
D 885 129 2 557 886 887 8
D 884 119 2 183 885 265 8
D 882 109 7 500 803 542 883 449 840 386 855 321 869 168 884 568 8
D 881 99 11 753 541 699 601 646 651 595 702 536 758 481 801 427 838 364 853 298 867 135 882 777 8
D 880 79 11 747 535 693 594 640 645 590 698 530 752 476 800 420 837 358 852 292 866 102 881 782 8
D 879 59 11 741 529 687 589 634 639 585 692 524 746 471 799 413 836 352 851 69 865 285 880 787 8
D 878 39 11 36 523 342 584 407 633 467 686 518 740 580 798 629 835 682 850 735 864 792 879 808 8
D 890 7 2 14 13 12 8
D 891 7 2 14 31 12 29
D 889 9 2 890 829 891 8
D 888 5 2 2 889 32 8
D 897 119 6 760 608 704 660 653 709 603 767 544 804 763 8
D 903 137 2 223 260 221 29
D 902 135 2 219 903 224 259
D 901 133 3 214 902 715 258 716 29
D 900 139 5 711 662 769 610 667 718 616 774 901 8
D 899 129 2 557 900 887 8
D 898 119 2 183 899 265 8
D 896 109 7 500 840 542 897 449 855 386 869 321 884 168 898 568 8
D 895 99 11 753 601 699 651 646 702 595 758 536 801 481 838 427 853 364 867 298 882 135 896 777 8
D 894 79 11 747 594 693 645 640 698 590 752 530 800 476 837 420 852 358 866 292 881 102 895 782 8
D 893 59 11 741 589 687 639 634 692 585 746 524 799 471 836 413 851 352 865 69 880 285 894 787 8
D 892 39 11 36 584 342 633 407 686 467 740 518 798 580 835 629 850 682 864 735 879 792 893 808 8
D 906 7 2 12 31 14 8
D 907 7 2 12 13 14 29
D 905 9 2 906 829 907 8
D 904 5 2 2 905 32 8
D 913 119 6 760 660 704 709 653 767 603 804 544 841 763 8
D 918 135 2 224 259 219 29
D 917 133 3 715 258 214 918 716 29
D 916 139 4 769 662 711 718 667 774 917 8
D 915 129 2 557 916 887 8
D 914 119 2 183 915 265 8
D 912 109 7 500 855 542 913 449 869 386 884 321 898 168 914 568 8
D 911 99 11 753 651 699 702 646 758 595 801 536 838 481 853 427 867 364 882 298 896 135 912 777 8
D 910 79 11 747 645 693 698 640 752 590 800 530 837 476 852 420 866 358 881 292 895 102 911 782 8
D 909 59 11 741 639 687 692 634 746 585 799 524 836 471 851 413 865 352 880 69 894 285 910 787 8
D 908 39 11 36 633 342 686 407 740 467 798 518 835 580 850 629 864 682 879 735 893 792 909 808 8
D 922 15 2 26 22 21 8
D 921 13 2 830 922 831 8
D 920 9 2 11 921 30 8
D 919 5 2 2 920 32 8
D 928 119 6 760 709 704 767 653 804 603 841 544 856 763 8
D 932 133 3 712 258 214 918 217 29
D 931 139 3 769 718 711 774 932 8
D 930 129 2 557 931 887 8
D 929 119 2 183 930 265 8
D 927 109 7 500 869 542 928 449 884 386 898 321 914 168 929 568 8
D 926 99 11 753 702 699 758 646 801 595 838 536 853 481 867 427 882 364 896 298 912 135 927 777 8
D 925 79 11 747 698 693 752 640 800 590 837 530 852 476 866 420 881 358 895 292 911 102 926 782 8
D 924 59 11 741 692 687 746 634 799 585 836 524 851 471 865 413 880 352 894 69 910 285 925 787 8
D 923 39 11 36 686 342 740 407 798 467 835 518 850 580 864 629 879 682 893 735 909 792 924 808 8
D 937 17 2 25 24 23 8
D 936 15 2 21 937 26 8
D 935 13 2 830 936 831 8
D 934 9 2 11 935 30 8
D 933 5 2 2 934 32 8
D 943 119 6 760 767 704 804 653 841 603 856 544 870 763 8
D 947 133 2 214 918 225 29
D 946 139 2 769 774 947 8
D 945 129 2 557 946 887 8
D 944 119 2 183 945 265 8
D 942 109 7 500 884 542 943 449 898 386 914 321 929 168 944 568 8
D 941 99 11 753 758 699 801 646 838 595 853 536 867 481 882 427 896 364 912 298 927 135 942 777 8
D 940 79 11 747 752 693 800 640 837 590 852 530 866 476 881 420 895 358 911 292 926 102 941 782 8
D 939 59 11 741 746 687 799 634 836 585 851 524 865 471 880 413 894 352 910 69 925 285 940 787 8
D 938 39 11 36 740 342 798 407 835 467 850 518 864 580 879 629 893 682 909 735 924 792 939 808 8
L 953 18 10
D 952 17 2 23 953 25 8
D 951 15 2 21 952 26 8
D 950 13 2 830 951 831 8
D 949 9 2 11 950 30 8
D 948 5 2 2 949 32 8
D 959 119 6 760 804 704 841 653 856 603 870 544 885 763 8
D 961 105 2 179 391 174 177
D 960 103 3 169 961 504 454 505 29
D 958 109 6 500 898 542 959 449 914 386 929 321 944 960 8
D 957 99 11 753 801 699 838 646 853 595 867 536 882 481 896 427 912 364 927 298 942 135 958 777 8
D 956 79 11 747 800 693 837 640 852 590 866 530 881 476 895 420 911 358 926 292 941 102 957 782 8
D 955 59 11 741 799 687 836 634 851 585 865 524 880 471 894 413 910 352 925 69 940 285 956 787 8
D 954 39 11 36 798 342 835 407 850 467 864 518 879 580 893 629 909 682 924 735 939 792 955 808 8
D 966 17 2 23 24 25 953
D 967 17 2 23 953 25 29
D 965 15 2 21 966 26 967
D 968 11 2 19 28 17 18
D 969 15 2 21 967 26 29
D 970 11 2 19 18 17 8
D 964 13 3 830 965 968 969 970 29
D 971 7 2 14 13 12 31
D 972 13 2 830 969 831 29
D 973 7 2 14 31 12 8
D 963 9 3 11 964 971 972 973 29
D 975 3 2 7 6 5 34
D 974 1 2 3 975 9 4
D 976 9 2 11 972 30 29
D 978 3 2 7 34 5 8
D 977 1 2 3 978 9 33
D 962 5 3 2 963 974 976 977 29
D 0 19 11 1 35 825 834 844 849 860 863 873 878 888 892 904 908 919 923 933 938 948 954 962 8
