c ids of sdd nodes start at 0
c sdd nodes appear bottom-up, children before parents
c
c file syntax:
c sdd count-of-sdd-nodes
c F id-of-false-sdd-node
c T id-of-true-sdd-node
c L id-of-literal-sdd-node id-of-vtree literal
c D id-of-decomposition-sdd-node id-of-vtree number-of-elements {id-of-prime id-of-sub}*
c
sdd 978
L 3 0 -4
L 5 2 -2
L 6 4 -3
L 7 2 2
F 8
D 4 3 2 5 6 7 8
L 9 0 4
D 2 1 2 3 4 9 8
L 12 6 -6
L 13 8 -7
L 14 6 6
D 11 7 2 12 13 14 8
L 17 10 -5
L 18 12 1
L 19 10 5
D 16 11 2 17 18 19 8
L 21 14 -8
L 23 16 -9
L 24 18 -10
L 25 16 9
D 22 17 2 23 24 25 8
L 26 14 8
D 20 15 2 21 22 26 8
L 28 12 -1
T 29
D 27 11 2 17 28 19 29
D 15 13 2 16 20 27 8
L 31 8 7
D 30 7 2 12 31 14 29
D 10 9 2 11 15 30 8
L 34 4 3
D 33 3 2 5 34 7 29
D 32 1 2 3 33 9 29
D 1 5 2 2 10 32 8
L 38 20 -14
L 40 22 -12
L 41 24 -13
L 42 22 12
D 39 23 2 40 41 42 8
L 43 20 14
D 37 21 2 38 39 43 8
L 46 26 -16
L 47 28 -17
L 48 26 16
D 45 27 2 46 47 48 8
L 51 30 -15
L 52 32 11
L 53 30 15
D 50 31 2 51 52 53 8
L 55 34 -18
L 57 36 -19
L 58 38 -20
L 59 36 19
D 56 37 2 57 58 59 8
L 60 34 18
D 54 35 2 55 56 60 8
L 62 32 -11
D 61 31 2 51 62 53 29
D 49 33 2 50 54 61 8
L 64 28 17
D 63 27 2 46 64 48 29
D 44 29 2 45 49 63 8
L 67 24 13
D 66 23 2 40 67 42 29
D 65 21 2 38 66 43 29
D 36 25 2 37 44 65 8
L 71 40 -24
L 73 42 -22
L 74 44 -23
L 75 42 22
D 72 43 2 73 74 75 8
L 76 40 24
D 70 41 2 71 72 76 8
L 79 46 -26
L 80 48 -27
L 81 46 26
D 78 47 2 79 80 81 8
L 84 50 -25
L 85 52 -21
L 86 50 25
D 83 51 2 84 85 86 8
L 88 54 -28
L 90 56 -29
L 91 58 30
L 92 56 29
D 89 57 2 90 91 92 8
L 93 54 28
D 87 55 2 88 89 93 8
L 95 52 21
D 94 51 2 84 95 86 29
D 82 53 2 83 87 94 8
L 97 48 27
D 96 47 2 79 97 81 29
D 77 49 2 78 82 96 8
L 100 44 23
D 99 43 2 73 100 75 29
D 98 41 2 71 99 76 29
D 69 45 2 70 77 98 8
L 104 60 -34
L 106 62 -32
L 107 64 -33
L 108 62 32
D 105 63 2 106 107 108 8
L 109 60 34
D 103 61 2 104 105 109 8
L 112 66 -36
L 113 68 -37
L 114 66 36
D 111 67 2 112 113 114 8
L 117 70 -35
L 118 72 -31
L 119 70 35
D 116 71 2 117 118 119 8
L 121 74 -38
L 123 76 -39
L 124 78 40
L 125 76 39
D 122 77 2 123 124 125 8
L 126 74 38
D 120 75 2 121 122 126 8
L 128 72 31
D 127 71 2 117 128 119 29
D 115 73 2 116 120 127 8
L 130 68 37
D 129 67 2 112 130 114 29
D 110 69 2 111 115 129 8
L 133 64 33
D 132 63 2 106 133 108 29
D 131 61 2 104 132 109 29
D 102 65 2 103 110 131 8
L 137 80 -42
L 139 82 -43
L 140 84 -44
L 141 82 43
D 138 83 2 139 140 141 8
L 142 80 42
D 136 81 2 137 138 142 8
L 145 86 -46
L 146 88 -47
L 147 86 46
D 144 87 2 145 146 147 8
L 150 90 -45
L 151 92 -41
L 152 90 45
D 149 91 2 150 151 152 8
L 154 94 -48
L 156 96 -49
L 157 98 50
L 158 96 49
D 155 97 2 156 157 158 8
L 159 94 48
D 153 95 2 154 155 159 8
L 161 92 41
D 160 91 2 150 161 152 29
D 148 93 2 149 153 160 8
L 163 88 47
D 162 87 2 145 163 147 29
D 143 89 2 144 148 162 8
L 166 84 44
D 165 83 2 139 166 141 29
D 164 81 2 137 165 142 29
D 135 85 2 136 143 164 8
L 170 100 -56
L 171 102 -57
L 172 100 56
D 169 101 2 170 171 172 8
L 174 104 -58
L 176 106 -59
L 177 108 60
L 178 106 59
D 175 107 2 176 177 178 8
L 179 104 58
D 173 105 2 174 175 179 8
L 181 102 57
D 180 101 2 170 181 172 29
D 168 103 2 169 173 180 8
L 185 110 -53
L 186 112 -54
L 187 110 53
D 184 111 2 185 186 187 8
L 189 114 -52
L 191 116 -55
L 192 118 -51
L 193 116 55
D 190 117 2 191 192 193 8
L 194 114 52
D 188 115 2 189 190 194 8
L 196 112 54
D 195 111 2 185 196 187 29
D 183 113 2 184 188 195 8
L 200 120 -76
L 201 122 -77
L 202 120 76
D 199 121 2 200 201 202 8
L 204 124 -78
L 206 126 -79
L 207 128 80
L 208 126 79
D 205 127 2 206 207 208 8
L 209 124 78
D 203 125 2 204 205 209 8
L 211 122 77
D 210 121 2 200 211 202 29
D 198 123 2 199 203 210 8
L 215 130 -73
L 216 132 -72
L 217 130 73
D 214 131 2 215 216 217 8
L 219 134 -71
L 221 136 -74
L 222 138 -75
L 223 136 74
D 220 137 2 221 222 223 8
L 224 134 71
D 218 135 2 219 220 224 8
L 226 132 72
D 225 131 2 215 226 217 29
D 213 133 2 214 218 225 8
L 229 140 -61
L 230 142 -62
L 231 140 61
D 228 141 2 229 230 231 8
L 234 144 -63
L 235 146 -64
L 236 144 63
D 233 145 2 234 235 236 8
L 238 148 -65
L 240 150 -66
L 242 152 -67
L 244 154 -68
L 246 156 -69
L 247 158 70
L 248 156 69
D 245 157 2 246 247 248 8
L 249 154 68
D 243 155 2 244 245 249 8
L 250 152 67
D 241 153 2 242 243 250 8
L 251 150 66
D 239 151 2 240 241 251 8
L 252 148 65
D 237 149 2 238 239 252 8
L 254 146 64
D 253 145 2 234 254 236 29
D 232 147 2 233 237 253 8
L 256 142 62
D 255 141 2 229 256 231 29
D 227 143 2 228 232 255 8
L 260 138 75
D 259 137 2 221 260 223 29
D 258 135 2 219 259 224 29
D 257 133 2 214 258 225 29
D 212 139 2 213 227 257 8
L 264 128 -80
D 263 127 2 206 264 208 29
D 262 125 2 204 263 209 29
D 261 123 2 199 262 210 29
D 197 129 2 198 212 261 8
L 268 118 51
D 267 117 2 191 268 193 29
D 266 115 2 189 267 194 29
D 265 113 2 184 266 195 29
D 182 119 2 183 197 265 8
L 272 108 -60
D 271 107 2 176 272 178 29
D 270 105 2 174 271 179 29
D 269 103 2 169 270 180 29
D 167 109 2 168 182 269 8
L 278 98 -50
D 277 97 2 156 278 158 29
D 276 95 2 154 277 159 29
D 275 93 2 149 276 160 29
D 274 89 2 144 275 162 29
D 273 85 2 136 274 164 29
D 134 99 2 135 167 273 8
L 284 78 -40
D 283 77 2 123 284 125 29
D 282 75 2 121 283 126 29
D 281 73 2 116 282 127 29
D 280 69 2 111 281 129 29
D 279 65 2 103 280 131 29
D 101 79 2 102 134 279 8
L 290 58 -30
D 289 57 2 90 290 92 29
D 288 55 2 88 289 93 29
D 287 53 2 83 288 94 29
D 286 49 2 78 287 96 29
D 285 45 2 70 286 98 29
D 68 59 2 69 101 285 8
D 293 23 2 42 41 40 8
D 292 21 2 38 293 43 8
D 296 31 2 51 62 53 8
D 297 31 2 51 52 53 29
D 295 33 2 296 54 297 8
D 294 29 2 45 295 63 8
D 299 23 2 42 67 40 29
D 298 21 2 38 299 43 29
D 291 25 2 292 294 298 8
D 305 57 2 92 290 90 8
D 304 55 2 88 305 93 8
D 303 53 2 83 304 94 8
D 302 49 2 78 303 96 8
D 301 45 2 70 302 98 8
D 311 77 2 125 284 123 8
D 310 75 2 121 311 126 8
D 309 73 2 116 310 127 8
D 308 69 2 111 309 129 8
D 307 65 2 103 308 131 8
D 317 97 2 158 278 156 8
D 316 95 2 154 317 159 8
D 315 93 2 149 316 160 8
D 314 89 2 144 315 162 8
D 313 85 2 136 314 164 8
L 329 158 -70
D 328 157 2 248 329 246 8
D 327 155 2 244 328 249 8
D 326 153 2 242 327 250 8
D 325 151 2 240 326 251 8
D 324 149 2 238 325 252 8
D 323 147 2 233 324 253 8
D 322 143 2 228 323 255 8
D 321 139 2 213 322 257 8
D 332 127 2 208 264 206 8
D 331 125 2 204 332 209 8
D 330 123 2 199 331 210 8
D 335 127 2 206 264 208 207
D 334 125 2 204 335 209 29
D 333 123 2 199 334 210 29
D 320 129 3 198 321 330 212 333 8
D 319 119 2 183 320 265 8
D 338 107 2 178 272 176 8
D 337 105 2 174 338 179 8
D 336 103 2 169 337 180 8
D 341 107 2 176 272 178 177
D 340 105 2 174 341 179 29
D 339 103 2 169 340 180 29
D 318 109 3 168 319 336 182 339 8
D 346 97 2 156 278 158 157
D 345 95 2 154 346 159 29
D 344 93 2 149 345 160 29
D 343 89 2 144 344 162 29
D 342 85 2 136 343 164 29
D 312 99 3 313 167 135 318 342 8
D 351 77 2 123 284 125 124
D 350 75 2 121 351 126 29
D 349 73 2 116 350 127 29
D 348 69 2 111 349 129 29
D 347 65 2 103 348 131 29
D 306 79 3 307 134 102 312 347 8
D 356 57 2 90 290 92 91
D 355 55 2 88 356 93 29
D 354 53 2 83 355 94 29
D 353 49 2 78 354 96 29
D 352 45 2 70 353 98 29
D 300 59 3 301 101 69 306 352 8
D 359 23 2 40 67 42 8
D 358 21 2 38 359 43 8
D 361 23 2 40 41 42 29
D 360 21 2 38 361 43 29
D 357 25 2 358 294 360 8
D 367 57 2 90 290 92 8
D 366 55 2 93 367 88 8
D 365 53 2 83 366 94 8
D 364 49 2 78 365 96 8
D 363 45 2 70 364 98 8
D 373 77 2 123 284 125 8
D 372 75 2 126 373 121 8
D 371 73 2 116 372 127 8
D 370 69 2 111 371 129 8
D 369 65 2 103 370 131 8
D 379 97 2 156 278 158 8
D 378 95 2 159 379 154 8
D 377 93 2 149 378 160 8
D 376 89 2 144 377 162 8
D 375 85 2 136 376 164 8
D 390 157 2 246 329 248 8
D 389 155 2 249 390 244 8
D 388 153 2 242 389 250 8
D 387 151 2 240 388 251 8
D 386 149 2 238 387 252 8
D 385 147 2 233 386 253 8
D 384 143 2 228 385 255 8
D 383 139 2 213 384 257 8
D 393 127 2 206 264 208 8
D 392 125 2 209 393 204 8
D 391 123 2 199 392 210 8
D 396 127 2 206 207 208 29
D 395 125 2 204 335 209 396
D 394 123 2 199 395 210 29
D 382 129 4 198 383 330 321 391 212 394 8
D 381 119 2 183 382 265 8
D 399 107 2 176 272 178 8
D 398 105 2 179 399 174 8
D 397 103 2 169 398 180 8
D 402 107 2 176 177 178 29
D 401 105 2 174 341 179 402
D 400 103 2 169 401 180 29
D 380 109 4 168 381 336 319 397 182 400 8
D 407 97 2 156 157 158 29
D 406 95 2 159 407 154 346
D 405 93 2 149 406 160 29
D 404 89 2 144 405 162 29
D 403 85 2 136 404 164 29
D 374 99 4 375 167 313 318 135 380 403 8
D 412 77 2 123 124 125 29
D 411 75 2 126 412 121 351
D 410 73 2 116 411 127 29
D 409 69 2 111 410 129 29
D 408 65 2 103 409 131 29
D 368 79 4 369 134 307 312 102 374 408 8
D 417 57 2 90 91 92 29
D 416 55 2 93 417 88 356
D 415 53 2 83 416 94 29
D 414 49 2 78 415 96 29
D 413 45 2 70 414 98 29
D 362 59 4 363 101 301 306 69 368 413 8
D 419 21 2 43 39 38 8
D 420 21 2 43 66 38 29
D 418 25 2 419 294 420 8
D 424 47 2 79 97 81 8
D 426 55 2 88 367 93 8
D 425 53 2 83 426 94 8
D 427 47 2 79 80 81 29
D 423 49 2 424 425 427 8
D 422 45 2 70 423 98 8
D 431 67 2 112 130 114 8
D 433 75 2 121 373 126 8
D 432 73 2 116 433 127 8
D 434 67 2 112 113 114 29
D 430 69 2 431 432 434 8
D 429 65 2 103 430 131 8
D 438 87 2 145 163 147 8
D 440 95 2 154 379 159 8
D 439 93 2 149 440 160 8
D 441 87 2 145 146 147 29
D 437 89 2 438 439 441 8
D 436 85 2 136 437 164 8
D 451 155 2 244 390 249 8
D 450 153 2 250 451 242 8
D 449 151 2 240 450 251 8
D 448 149 2 238 449 252 8
D 447 147 2 233 448 253 8
D 446 143 2 228 447 255 8
D 445 139 2 213 446 257 8
D 453 121 2 200 211 202 8
D 454 125 2 204 393 209 8
D 455 121 2 200 201 202 29
D 452 123 2 453 454 455 8
D 457 125 2 204 396 209 29
D 456 123 3 199 395 453 457 202 29
D 444 129 5 198 445 330 383 391 321 452 212 456 8
D 443 119 2 183 444 265 8
D 459 101 2 170 181 172 8
D 460 105 2 174 399 179 8
D 461 101 2 170 171 172 29
D 458 103 2 459 460 461 8
D 463 105 2 174 402 179 29
D 462 103 3 169 401 459 463 172 29
D 442 109 5 168 443 336 381 397 319 458 182 462 8
D 467 95 2 154 407 159 29
D 466 93 2 149 467 160 29
D 465 89 3 144 405 438 466 147 29
D 464 85 2 136 465 164 29
D 435 99 5 436 167 375 318 313 380 135 442 464 8
D 471 75 2 121 412 126 29
D 470 73 2 116 471 127 29
D 469 69 3 111 410 431 470 114 29
D 468 65 2 103 469 131 29
D 428 79 5 429 134 369 312 307 374 102 435 468 8
D 475 55 2 88 417 93 29
D 474 53 2 83 475 94 29
D 473 49 3 78 415 424 474 81 29
D 472 45 2 70 473 98 29
D 421 59 5 422 101 363 306 301 368 69 428 472 8
D 479 31 2 53 62 51 8
D 480 31 2 53 52 51 29
D 478 33 2 479 54 480 8
D 477 29 2 45 478 63 8
D 476 25 2 37 477 65 8
D 484 47 2 81 80 79 8
D 485 47 2 81 97 79 29
D 483 49 2 484 425 485 8
D 482 45 2 70 483 98 8
D 489 67 2 114 113 112 8
D 490 67 2 114 130 112 29
D 488 69 2 489 432 490 8
D 487 65 2 103 488 131 8
D 494 87 2 147 146 145 8
D 495 87 2 147 163 145 29
D 493 89 2 494 439 495 8
D 492 85 2 136 493 164 8
D 504 153 2 242 451 250 8
D 503 151 2 251 504 240 8
D 502 149 2 238 503 252 8
D 501 147 2 233 502 253 8
D 500 143 2 228 501 255 8
D 499 139 2 213 500 257 8
D 506 121 2 202 201 200 8
D 507 121 2 202 211 200 29
D 505 123 2 506 454 507 8
D 509 121 2 202 201 200 211
D 510 121 2 202 211 200 8
D 508 123 3 199 395 509 457 510 29
D 498 129 6 198 499 330 445 391 383 452 321 505 212 508 8
D 497 119 2 183 498 265 8
D 512 101 2 172 171 170 8
D 513 101 2 172 181 170 29
D 511 103 2 512 460 513 8
D 515 101 2 172 171 170 181
D 516 101 2 172 181 170 8
D 514 103 3 169 401 515 463 516 29
D 496 109 6 168 497 336 443 397 381 458 319 511 182 514 8
D 519 87 2 147 146 145 163
D 520 87 2 147 163 145 8
D 518 89 3 144 405 519 466 520 29
D 517 85 2 136 518 164 29
D 491 99 6 492 167 436 318 375 380 313 442 135 496 517 8
D 523 67 2 114 113 112 130
D 524 67 2 114 130 112 8
D 522 69 3 111 410 523 470 524 29
D 521 65 2 103 522 131 29
D 486 79 6 487 134 429 312 369 374 307 435 102 491 521 8
D 527 47 2 81 80 79 97
D 528 47 2 81 97 79 8
D 526 49 3 78 415 527 474 528 29
D 525 45 2 70 526 98 29
D 481 59 6 482 101 422 306 363 368 301 428 69 486 525 8
D 531 27 2 48 47 46 8
D 532 27 2 48 64 46 29
D 530 29 2 531 295 532 8
D 529 25 2 37 530 65 8
D 537 51 2 86 85 84 8
D 538 51 2 86 95 84 29
D 536 53 2 537 426 538 8
D 535 49 2 78 536 96 8
D 534 45 2 70 535 98 8
D 543 71 2 119 118 117 8
D 544 71 2 119 128 117 29
D 542 73 2 543 433 544 8
D 541 69 2 111 542 129 8
D 540 65 2 103 541 131 8
D 549 91 2 152 151 150 8
D 550 91 2 152 161 150 29
D 548 93 2 549 440 550 8
D 547 89 2 144 548 162 8
D 546 85 2 136 547 164 8
D 552 103 2 169 460 180 8
D 556 117 2 193 192 191 8
D 555 115 2 189 556 194 8
D 554 113 2 184 555 195 8
D 559 117 2 193 268 191 29
D 558 115 2 189 559 194 29
D 557 113 2 184 558 195 29
D 553 119 2 554 197 557 8
D 566 151 2 240 504 251 8
D 565 149 2 252 566 238 8
D 564 147 2 233 565 253 8
D 563 143 2 228 564 255 8
D 562 139 2 213 563 257 8
D 567 123 2 199 454 210 8
D 571 137 2 221 260 223 8
D 570 135 2 219 571 224 8
D 569 133 2 214 570 225 8
D 574 137 2 221 222 223 29
D 573 135 2 219 574 224 29
D 572 133 2 214 573 225 29
D 568 139 2 569 227 572 8
D 577 127 2 208 207 206 8
D 576 125 2 204 577 209 396
D 575 123 3 199 576 509 457 510 29
D 561 129 7 198 562 567 568 330 499 391 445 452 383 505 321 575 8
D 560 119 2 183 561 265 8
D 580 107 2 178 177 176 8
D 579 105 2 174 580 179 402
D 578 103 3 169 579 515 463 516 29
D 551 109 7 552 553 168 560 336 497 397 443 458 381 511 319 578 8
D 583 93 3 549 467 149 406 161 29
D 582 89 3 144 583 519 466 520 29
D 581 85 2 136 582 164 29
D 545 99 7 546 167 492 318 436 380 375 442 313 496 135 551 581 8
D 586 73 3 543 471 116 411 128 29
D 585 69 3 111 586 523 470 524 29
D 584 65 2 103 585 131 29
D 539 79 7 540 134 487 312 429 374 369 435 307 491 102 545 584 8
D 589 53 3 537 475 83 416 95 29
D 588 49 3 78 589 527 474 528 29
D 587 45 2 70 588 98 29
D 533 59 7 534 101 482 306 422 368 363 428 301 486 69 539 587 8
D 592 27 2 46 64 48 8
D 593 27 2 46 47 48 29
D 591 29 2 592 295 593 8
D 590 25 2 37 591 65 8
D 596 41 2 76 72 71 8
D 597 49 2 78 425 96 8
D 598 41 2 76 99 71 29
D 595 45 2 596 597 598 8
D 601 61 2 109 105 104 8
D 602 69 2 111 432 129 8
D 603 61 2 109 132 104 29
D 600 65 2 601 602 603 8
D 607 83 2 139 166 141 8
D 606 81 2 137 607 142 8
D 608 89 2 144 439 162 8
D 610 83 2 139 140 141 29
D 609 81 2 137 610 142 29
D 605 85 2 606 608 609 8
D 614 111 2 185 196 187 8
D 615 111 2 185 186 187 29
D 613 113 2 614 188 615 8
D 616 113 3 184 558 614 266 187 29
D 612 119 3 554 320 613 197 616 8
D 622 145 2 234 254 236 8
D 623 149 2 238 566 252 8
D 624 145 2 234 235 236 29
D 621 147 2 622 623 624 8
D 620 143 2 228 621 255 8
D 619 139 2 213 620 257 8
D 628 137 2 223 222 221 8
D 627 135 2 219 628 224 8
D 626 133 2 214 627 225 8
D 631 137 2 221 222 223 260
D 630 135 2 219 631 224 29
D 629 133 2 214 630 225 29
D 625 139 3 626 227 569 322 629 8
D 618 129 7 198 619 567 625 330 562 391 499 452 445 505 383 575 8
D 617 119 2 183 618 265 8
D 611 109 7 552 612 168 617 336 560 397 497 458 443 511 381 578 8
D 633 89 2 144 466 162 29
D 634 81 2 137 141 142 29
D 632 85 3 136 582 606 633 634 29
D 604 99 8 605 167 546 318 492 380 436 442 375 496 313 551 135 611 632 8
D 636 69 2 111 470 129 29
D 635 65 3 103 585 601 636 132 29
D 599 79 8 600 134 540 312 487 374 429 435 369 491 307 545 102 604 635 8
D 638 49 2 78 474 96 29
D 637 45 3 70 588 596 638 99 29
D 594 59 8 595 101 534 306 482 368 422 428 363 486 301 539 69 599 637 8
D 642 35 2 60 56 55 8
D 641 33 2 296 642 297 8
D 640 29 2 45 641 63 8
D 639 25 2 37 640 65 8
D 646 43 2 73 100 75 8
D 645 41 2 71 646 76 8
D 648 43 2 73 74 75 29
D 647 41 2 71 648 76 29
D 644 45 2 645 597 647 8
D 652 63 2 106 133 108 8
D 651 61 2 104 652 109 8
D 654 63 2 106 107 108 29
D 653 61 2 104 654 109 29
D 650 65 2 651 602 653 8
D 658 83 2 141 140 139 8
D 657 81 2 137 658 142 8
D 660 83 2 141 166 139 29
D 659 81 2 137 660 142 29
D 656 85 2 657 608 659 8
D 664 111 2 187 186 185 8
D 665 111 2 187 196 185 29
D 663 113 2 664 188 665 8
D 667 111 2 187 186 185 196
D 668 111 2 187 196 185 8
D 666 113 3 184 558 667 266 668 29
D 662 119 4 613 320 554 382 663 197 666 8
D 674 145 2 236 235 234 8
D 675 145 2 236 254 234 29
D 673 147 2 674 623 675 8
D 672 143 2 228 673 255 8
D 671 139 2 213 672 257 8
D 678 131 2 217 216 215 8
D 679 131 2 217 226 215 29
D 677 133 2 678 218 679 8
D 680 133 3 214 630 678 258 226 29
D 676 139 4 677 227 626 322 569 384 680 8
D 670 129 7 198 671 567 676 330 619 391 562 452 499 505 445 575 8
D 669 119 2 183 670 265 8
D 661 109 7 552 662 168 669 336 617 397 560 458 497 511 443 578 8
D 683 83 2 141 140 139 166
D 682 81 2 137 683 142 8
D 685 83 2 141 166 139 8
D 684 81 2 137 685 142 29
D 681 85 3 136 582 682 633 684 29
D 655 99 9 656 167 605 318 546 380 492 442 436 496 375 551 313 611 135 661 681 8
D 687 61 2 104 652 109 105
D 688 61 2 109 132 104 108
D 686 65 3 103 585 687 636 688 29
D 649 79 9 650 134 600 312 540 374 487 435 429 491 369 545 307 604 102 655 686 8
D 690 41 2 71 646 76 72
D 691 41 2 76 99 71 75
D 689 45 3 70 588 690 638 691 29
D 643 59 9 644 101 595 306 534 368 482 428 422 486 363 539 301 599 69 649 689 8
D 696 37 2 59 58 57 8
D 695 35 2 55 696 60 8
D 694 33 2 296 695 297 8
D 693 29 2 45 694 63 8
D 692 25 2 37 693 65 8
D 700 43 2 75 74 73 8
D 699 41 2 71 700 76 8
D 702 43 2 75 100 73 29
D 701 41 2 71 702 76 29
D 698 45 2 699 597 701 8
D 706 63 2 108 107 106 8
D 705 61 2 104 706 109 8
D 708 63 2 108 133 106 29
D 707 61 2 104 708 109 29
D 704 65 2 705 602 707 8
D 711 81 2 142 138 137 8
D 712 81 2 142 165 137 29
D 710 85 2 711 608 712 8
D 716 115 2 194 190 189 8
D 715 113 2 184 716 195 8
D 718 115 2 189 559 194 267
D 717 113 3 184 718 667 266 668 29
D 714 119 5 554 444 663 320 613 382 715 197 717 8
D 723 131 2 215 226 217 8
D 724 131 2 215 216 217 29
D 722 133 2 723 218 724 8
D 726 131 2 217 216 215 226
D 727 131 2 217 226 215 8
D 725 133 3 214 630 726 258 727 29
D 721 139 5 722 227 677 322 626 384 569 446 725 8
D 730 141 2 229 256 231 8
D 731 147 2 233 623 253 8
D 732 141 2 229 230 231 29
D 729 143 2 730 731 732 8
D 728 139 2 213 729 257 8
D 720 129 7 567 721 330 671 198 728 391 619 452 562 505 499 575 8
D 719 119 2 183 720 265 8
D 713 109 7 552 714 168 719 336 669 397 617 458 560 511 497 578 8
D 734 81 2 137 683 142 138
D 735 81 2 137 685 142 165
D 733 85 3 136 582 734 633 735 29
D 709 99 10 710 167 656 318 605 380 546 442 492 496 436 551 375 611 313 661 135 713 733 8
D 738 63 2 108 107 106 133
D 737 61 2 104 738 109 105
D 740 63 2 108 133 106 8
D 739 61 2 104 740 109 132
D 736 65 3 103 585 737 636 739 29
D 703 79 10 704 134 650 312 600 374 540 435 487 491 429 545 369 604 307 655 102 709 736 8
D 743 43 2 75 74 73 100
D 742 41 2 71 743 76 72
D 745 43 2 75 100 73 8
D 744 41 2 71 745 76 99
D 741 45 3 70 588 742 638 744 29
D 697 59 10 698 101 644 306 595 368 534 428 482 486 422 539 363 599 301 649 69 703 741 8
L 751 38 20
D 750 37 2 57 751 59 8
D 749 35 2 55 750 60 8
D 748 33 2 296 749 297 8
D 747 29 2 45 748 63 8
D 746 25 2 37 747 65 8
D 756 51 2 84 95 86 8
D 757 51 2 84 85 86 29
D 755 53 2 756 426 757 8
D 754 49 2 78 755 96 8
D 753 45 2 70 754 98 8
D 762 71 2 117 128 119 8
D 763 71 2 117 118 119 29
D 761 73 2 762 433 763 8
D 760 69 2 111 761 129 8
D 759 65 2 103 760 131 8
D 768 91 2 150 161 152 8
D 769 91 2 150 151 152 29
D 767 93 2 768 440 769 8
D 766 89 2 144 767 162 8
D 765 85 2 136 766 164 8
D 774 117 2 191 268 193 8
D 773 115 2 189 774 194 8
D 772 113 2 184 773 195 8
D 777 117 2 191 192 193 268
D 776 115 2 189 777 194 267
D 775 113 3 184 776 667 266 668 29
D 771 119 6 554 498 613 444 715 320 663 382 772 197 775 8
D 782 135 2 224 220 219 8
D 781 133 2 214 782 225 8
D 784 135 2 219 631 224 259
D 783 133 3 214 784 726 258 727 29
D 780 139 6 781 227 722 322 677 384 569 500 626 446 783 8
D 787 141 2 231 230 229 8
D 788 141 2 231 256 229 29
D 786 143 2 787 731 788 8
D 785 139 2 213 786 257 8
D 779 129 7 567 780 391 671 330 728 452 619 198 785 505 562 575 8
D 778 119 2 183 779 265 8
D 770 109 7 552 771 168 778 336 719 397 669 458 617 511 560 578 8
D 792 91 2 152 151 150 161
D 793 91 2 152 161 150 8
D 791 93 3 792 467 149 406 793 29
D 790 89 3 519 466 144 791 520 29
D 789 85 3 734 633 136 790 735 29
D 764 99 11 765 167 710 318 656 380 605 442 546 496 492 551 436 611 375 661 313 713 135 770 789 8
D 797 71 2 119 118 117 128
D 798 71 2 119 128 117 8
D 796 73 3 797 471 116 411 798 29
D 795 69 3 523 470 111 796 524 29
D 794 65 3 737 636 103 795 739 29
D 758 79 11 759 134 704 312 650 374 600 435 540 491 487 545 429 604 369 655 307 709 102 764 794 8
D 802 51 2 86 85 84 95
D 803 51 2 86 95 84 8
D 801 53 3 802 475 83 416 803 29
D 800 49 3 527 474 78 801 528 29
D 799 45 3 742 638 70 800 744 29
D 752 59 11 753 101 698 306 644 368 595 428 534 486 482 539 422 599 363 649 301 703 69 758 799 8
D 806 23 2 42 41 40 67
D 805 21 2 38 806 43 39
D 810 37 2 57 751 59 29
D 809 35 2 55 810 60 29
D 808 33 2 296 809 297 29
D 807 29 2 45 808 63 29
D 812 27 2 48 47 46 64
D 814 31 2 53 62 51 52
D 816 37 2 57 58 59 751
D 815 35 2 60 810 55 816
D 817 31 2 53 52 51 8
D 813 33 3 814 809 296 815 817 29
D 818 27 2 48 64 46 8
D 811 29 3 812 808 45 813 818 29
D 820 23 2 42 67 40 8
D 819 21 2 38 820 43 66
D 804 25 3 805 807 37 811 819 29
D 35 39 11 36 68 291 300 357 362 418 421 476 481 529 533 590 594 639 643 692 697 746 752 804 8
D 823 3 2 7 6 5 8
D 822 1 2 3 823 9 8
D 826 11 2 17 28 19 8
D 827 11 2 17 18 19 29
D 825 13 2 826 20 827 8
D 824 9 2 11 825 30 8
D 829 3 2 7 34 5 29
D 828 1 2 3 829 9 29
D 821 5 2 822 824 828 8
D 835 119 6 554 561 613 498 663 444 772 320 715 382 775 8
D 838 139 6 781 322 722 384 569 563 626 500 677 446 783 8
D 840 125 2 209 396 204 207
D 839 123 3 199 840 509 457 510 29
D 837 129 6 567 838 452 671 391 728 505 619 330 785 839 8
D 836 119 2 183 837 265 8
D 834 109 7 552 835 336 778 168 836 397 719 458 669 511 617 578 8
D 833 99 11 765 318 710 380 656 442 605 496 546 551 492 611 436 661 375 713 313 770 135 834 789 8
D 832 79 11 759 312 704 374 650 435 600 491 540 545 487 604 429 655 369 709 307 764 102 833 794 8
D 831 59 11 753 306 698 368 644 428 595 486 534 539 482 599 422 649 363 703 301 758 69 832 799 8
D 830 39 11 36 300 291 362 357 421 418 481 476 533 529 594 590 643 639 697 692 752 746 831 804 8
D 843 3 2 5 34 7 8
D 842 1 2 3 843 9 8
D 845 3 2 5 6 7 29
D 844 1 2 3 845 9 29
D 841 5 2 842 824 844 8
D 851 119 6 613 561 554 618 663 498 715 444 772 382 775 8
D 854 139 6 781 384 569 620 626 563 677 500 722 446 783 8
D 855 123 3 509 457 199 396 510 29
D 853 129 5 567 854 505 671 452 728 391 785 855 8
D 852 119 2 183 853 265 8
D 850 109 7 552 851 397 778 336 836 168 852 458 719 511 669 578 8
D 849 99 11 765 380 710 442 656 496 605 551 546 611 492 661 436 713 375 770 313 834 135 850 789 8
D 848 79 11 759 374 704 435 650 491 600 545 540 604 487 655 429 709 369 764 307 833 102 849 794 8
D 847 59 11 753 368 698 428 644 486 595 539 534 599 482 649 422 703 363 758 301 832 69 848 799 8
D 846 39 11 36 362 291 421 357 481 418 533 476 594 529 643 590 697 639 752 692 831 746 847 804 8
D 857 1 2 9 4 3 8
D 858 1 2 9 33 3 29
D 856 5 2 857 824 858 8
D 864 119 6 663 561 613 618 554 670 715 498 772 444 775 8
D 867 139 6 569 672 626 620 677 563 722 500 781 446 783 8
D 869 121 2 202 201 200 29
D 868 123 2 869 457 510 29
D 866 129 4 505 728 567 867 452 785 868 8
D 865 119 2 183 866 265 8
D 863 109 7 552 864 458 778 397 836 336 852 168 865 511 719 578 8
D 862 99 11 765 442 710 496 656 551 605 611 546 661 492 713 436 770 375 834 313 850 135 863 789 8
D 861 79 11 759 435 704 491 650 545 600 604 540 655 487 709 429 764 369 833 307 849 102 862 794 8
D 860 59 11 753 428 698 486 644 539 595 599 534 649 482 703 422 758 363 832 301 848 69 861 799 8
D 859 39 11 36 421 291 481 357 533 418 594 476 643 529 697 590 752 639 831 692 847 746 860 804 8
D 873 11 2 19 28 17 8
D 874 11 2 19 18 17 29
D 872 13 2 873 20 874 8
D 871 9 2 11 872 30 8
D 870 5 2 2 871 32 8
D 880 119 6 715 561 663 618 613 670 554 720 772 498 775 8
D 883 139 6 626 672 677 620 722 563 781 500 569 729 783 8
D 884 123 2 201 457 211 29
D 882 129 3 505 785 567 883 884 8
D 881 119 2 183 882 265 8
D 879 109 7 552 880 511 778 458 836 397 852 336 865 168 881 578 8
D 878 99 11 765 496 710 551 656 611 605 661 546 713 492 770 436 834 375 850 313 863 135 879 789 8
D 877 79 11 759 491 704 545 650 604 600 655 540 709 487 764 429 833 369 849 307 862 102 878 794 8
D 876 59 11 753 486 698 539 644 599 595 649 534 703 482 758 422 832 363 848 301 861 69 877 799 8
D 875 39 11 36 481 291 533 357 594 418 643 476 697 529 752 590 831 639 847 692 860 746 876 804 8
D 887 7 2 14 13 12 8
D 888 7 2 14 31 12 29
D 886 9 2 887 825 888 8
D 885 5 2 2 886 32 8
D 894 119 6 772 561 715 618 663 670 613 720 554 779 775 8
D 897 139 6 677 672 722 620 781 563 626 729 569 786 783 8
D 898 123 2 199 457 210 29
D 896 129 2 567 897 898 8
D 895 119 2 183 896 265 8
D 893 109 7 511 836 552 894 458 852 397 865 336 881 168 895 578 8
D 892 99 11 765 551 710 611 656 661 605 713 546 770 492 834 436 850 375 863 313 879 135 893 789 8
D 891 79 11 759 545 704 604 650 655 600 709 540 764 487 833 429 849 369 862 307 878 102 892 794 8
D 890 59 11 753 539 698 599 644 649 595 703 534 758 482 832 422 848 363 861 301 877 69 891 799 8
D 889 39 11 36 533 291 594 357 643 418 697 476 752 529 831 590 847 639 860 692 876 746 890 804 8
D 901 7 2 12 31 14 8
D 902 7 2 12 13 14 29
D 900 9 2 901 825 902 8
D 899 5 2 2 900 32 8
D 908 119 6 772 618 715 670 663 720 613 779 554 837 775 8
D 914 137 2 223 260 221 29
D 913 135 2 219 914 224 259
D 912 133 3 214 913 726 258 727 29
D 911 139 5 722 672 781 620 677 729 626 786 912 8
D 910 129 2 567 911 898 8
D 909 119 2 183 910 265 8
D 907 109 7 511 852 552 908 458 865 397 881 336 895 168 909 578 8
D 906 99 11 765 611 710 661 656 713 605 770 546 834 492 850 436 863 375 879 313 893 135 907 789 8
D 905 79 11 759 604 704 655 650 709 600 764 540 833 487 849 429 862 369 878 307 892 102 906 794 8
D 904 59 11 753 599 698 649 644 703 595 758 534 832 482 848 422 861 363 877 301 891 69 905 799 8
D 903 39 11 36 594 291 643 357 697 418 752 476 831 529 847 590 860 639 876 692 890 746 904 804 8
D 918 15 2 26 22 21 8
D 917 13 2 826 918 827 8
D 916 9 2 11 917 30 8
D 915 5 2 2 916 32 8
D 924 119 6 772 670 715 720 663 779 613 837 554 853 775 8
D 929 135 2 224 259 219 29
D 928 133 3 726 258 214 929 727 29
D 927 139 4 781 672 722 729 677 786 928 8
D 926 129 2 567 927 898 8
D 925 119 2 183 926 265 8
D 923 109 7 511 865 552 924 458 881 397 895 336 909 168 925 578 8
D 922 99 11 765 661 710 713 656 770 605 834 546 850 492 863 436 879 375 893 313 907 135 923 789 8
D 921 79 11 759 655 704 709 650 764 600 833 540 849 487 862 429 878 369 892 307 906 102 922 794 8
D 920 59 11 753 649 698 703 644 758 595 832 534 848 482 861 422 877 363 891 301 905 69 921 799 8
D 919 39 11 36 643 291 697 357 752 418 831 476 847 529 860 590 876 639 890 692 904 746 920 804 8
D 934 17 2 25 24 23 8
D 933 15 2 21 934 26 8
D 932 13 2 826 933 827 8
D 931 9 2 11 932 30 8
D 930 5 2 2 931 32 8
D 940 119 6 772 720 715 779 663 837 613 853 554 866 775 8
D 944 133 3 723 258 214 929 217 29
D 943 139 3 781 729 722 786 944 8
D 942 129 2 567 943 898 8
D 941 119 2 183 942 265 8
D 939 109 7 511 881 552 940 458 895 397 909 336 925 168 941 578 8
D 938 99 11 765 713 710 770 656 834 605 850 546 863 492 879 436 893 375 907 313 923 135 939 789 8
D 937 79 11 759 709 704 764 650 833 600 849 540 862 487 878 429 892 369 906 307 922 102 938 794 8
D 936 59 11 753 703 698 758 644 832 595 848 534 861 482 877 422 891 363 905 301 921 69 937 799 8
D 935 39 11 36 697 291 752 357 831 418 847 476 860 529 876 590 890 639 904 692 920 746 936 804 8
L 950 18 10
D 949 17 2 23 950 25 8
D 948 15 2 21 949 26 8
D 947 13 2 826 948 827 8
D 946 9 2 11 947 30 8
D 945 5 2 2 946 32 8
D 956 119 6 772 779 715 837 663 853 613 866 554 882 775 8
D 960 133 2 214 929 225 29
D 959 139 2 781 786 960 8
D 958 129 2 567 959 898 8
D 957 119 2 183 958 265 8
D 955 109 7 511 895 552 956 458 909 397 925 336 941 168 957 578 8
D 954 99 11 765 770 710 834 656 850 605 863 546 879 492 893 436 907 375 923 313 939 135 955 789 8
D 953 79 11 759 764 704 833 650 849 600 862 540 878 487 892 429 906 369 922 307 938 102 954 794 8
D 952 59 11 753 758 698 832 644 848 595 861 534 877 482 891 422 905 363 921 301 937 69 953 799 8
D 951 39 11 36 752 291 831 357 847 418 860 476 876 529 890 590 904 639 920 692 936 746 952 804 8
D 965 17 2 23 24 25 950
D 966 17 2 23 950 25 29
D 964 15 2 21 965 26 966
D 967 11 2 19 28 17 18
D 968 15 2 21 966 26 29
D 969 11 2 19 18 17 8
D 963 13 3 826 964 967 968 969 29
D 970 7 2 14 13 12 31
D 971 13 2 826 968 827 29
D 972 7 2 14 31 12 8
D 962 9 3 11 963 970 971 972 29
D 974 3 2 7 6 5 34
D 973 1 2 3 974 9 4
D 975 9 2 11 971 30 29
D 977 3 2 7 34 5 8
D 976 1 2 3 977 9 33
D 961 5 3 2 962 973 975 976 29
D 0 19 11 1 35 821 830 841 846 856 859 870 875 885 889 899 903 915 919 930 935 945 951 961 8
