c ids of sdd nodes start at 0
c sdd nodes appear bottom-up, children before parents
c
c file syntax:
c sdd count-of-sdd-nodes
c F id-of-false-sdd-node
c T id-of-true-sdd-node
c L id-of-literal-sdd-node id-of-vtree literal
c D id-of-decomposition-sdd-node id-of-vtree number-of-elements {id-of-prime id-of-sub}*
c
sdd 972
L 3 0 -4
L 5 2 -2
L 6 4 -3
L 7 2 2
F 8
D 4 3 2 5 6 7 8
L 9 0 4
D 2 1 2 3 4 9 8
L 12 6 -6
L 13 8 -7
L 14 6 6
D 11 7 2 12 13 14 8
L 17 10 -5
L 18 12 1
L 19 10 5
D 16 11 2 17 18 19 8
L 21 14 -8
L 23 16 -9
L 24 18 -10
L 25 16 9
D 22 17 2 23 24 25 8
L 26 14 8
D 20 15 2 21 22 26 8
L 28 12 -1
T 29
D 27 11 2 17 28 19 29
D 15 13 2 16 20 27 8
L 31 8 7
D 30 7 2 12 31 14 29
D 10 9 2 11 15 30 8
L 34 4 3
D 33 3 2 5 34 7 29
D 32 1 2 3 33 9 29
D 1 5 2 2 10 32 8
L 38 20 -14
L 40 22 12
L 41 24 -13
L 42 22 -12
D 39 23 2 40 41 42 8
L 43 20 14
D 37 21 2 38 39 43 8
L 46 26 -16
L 47 28 -17
L 48 26 16
D 45 27 2 46 47 48 8
L 51 30 -15
L 52 32 -11
L 53 30 15
D 50 31 2 51 52 53 8
L 55 34 -18
L 57 36 -19
L 58 38 -20
L 59 36 19
D 56 37 2 57 58 59 8
L 60 34 18
D 54 35 2 55 56 60 8
L 62 32 11
D 61 31 2 51 62 53 29
D 49 33 2 50 54 61 8
L 64 28 17
D 63 27 2 46 64 48 29
D 44 29 2 45 49 63 8
L 67 24 13
D 66 23 2 40 67 42 29
D 65 21 2 38 66 43 29
D 36 25 2 37 44 65 8
L 71 40 -24
L 73 42 -22
L 74 44 -23
L 75 42 22
D 72 43 2 73 74 75 8
L 76 40 24
D 70 41 2 71 72 76 8
L 79 46 -26
L 80 48 -27
L 81 46 26
D 78 47 2 79 80 81 8
L 84 50 -25
L 85 52 -21
L 86 50 25
D 83 51 2 84 85 86 8
L 88 54 -28
L 90 56 -29
L 91 58 30
L 92 56 29
D 89 57 2 90 91 92 8
L 93 54 28
D 87 55 2 88 89 93 8
L 95 52 21
D 94 51 2 84 95 86 29
D 82 53 2 83 87 94 8
L 97 48 27
D 96 47 2 79 97 81 29
D 77 49 2 78 82 96 8
L 100 44 23
D 99 43 2 73 100 75 29
D 98 41 2 71 99 76 29
D 69 45 2 70 77 98 8
L 104 60 -34
L 106 62 -32
L 107 64 -33
L 108 62 32
D 105 63 2 106 107 108 8
L 109 60 34
D 103 61 2 104 105 109 8
L 112 66 -36
L 113 68 -37
L 114 66 36
D 111 67 2 112 113 114 8
L 117 70 -35
L 118 72 -31
L 119 70 35
D 116 71 2 117 118 119 8
L 121 74 -38
L 123 76 -39
L 124 78 40
L 125 76 39
D 122 77 2 123 124 125 8
L 126 74 38
D 120 75 2 121 122 126 8
L 128 72 31
D 127 71 2 117 128 119 29
D 115 73 2 116 120 127 8
L 130 68 37
D 129 67 2 112 130 114 29
D 110 69 2 111 115 129 8
L 133 64 33
D 132 63 2 106 133 108 29
D 131 61 2 104 132 109 29
D 102 65 2 103 110 131 8
L 137 80 -42
L 139 82 -43
L 140 84 -44
L 141 82 43
D 138 83 2 139 140 141 8
L 142 80 42
D 136 81 2 137 138 142 8
L 145 86 -46
L 146 88 -47
L 147 86 46
D 144 87 2 145 146 147 8
L 150 90 -45
L 151 92 -41
L 152 90 45
D 149 91 2 150 151 152 8
L 154 94 -48
L 156 96 -49
L 157 98 50
L 158 96 49
D 155 97 2 156 157 158 8
L 159 94 48
D 153 95 2 154 155 159 8
L 161 92 41
D 160 91 2 150 161 152 29
D 148 93 2 149 153 160 8
L 163 88 47
D 162 87 2 145 163 147 29
D 143 89 2 144 148 162 8
L 166 84 44
D 165 83 2 139 166 141 29
D 164 81 2 137 165 142 29
D 135 85 2 136 143 164 8
L 170 100 -56
L 171 102 -57
L 172 100 56
D 169 101 2 170 171 172 8
L 174 104 -58
L 176 106 -59
L 177 108 60
L 178 106 59
D 175 107 2 176 177 178 8
L 179 104 58
D 173 105 2 174 175 179 8
L 181 102 57
D 180 101 2 170 181 172 29
D 168 103 2 169 173 180 8
L 185 110 -53
L 186 112 -54
L 187 110 53
D 184 111 2 185 186 187 8
L 189 114 -52
L 191 116 -55
L 192 118 -51
L 193 116 55
D 190 117 2 191 192 193 8
L 194 114 52
D 188 115 2 189 190 194 8
L 196 112 54
D 195 111 2 185 196 187 29
D 183 113 2 184 188 195 8
L 200 120 -76
L 201 122 -77
L 202 120 76
D 199 121 2 200 201 202 8
L 204 124 -78
L 206 126 -79
L 207 128 80
L 208 126 79
D 205 127 2 206 207 208 8
L 209 124 78
D 203 125 2 204 205 209 8
L 211 122 77
D 210 121 2 200 211 202 29
D 198 123 2 199 203 210 8
L 215 130 -73
L 216 132 -72
L 217 130 73
D 214 131 2 215 216 217 8
L 219 134 -71
L 221 136 -74
L 222 138 -75
L 223 136 74
D 220 137 2 221 222 223 8
L 224 134 71
D 218 135 2 219 220 224 8
L 226 132 72
D 225 131 2 215 226 217 29
D 213 133 2 214 218 225 8
L 229 140 -61
L 230 142 -62
L 231 140 61
D 228 141 2 229 230 231 8
L 234 144 -63
L 235 146 -64
L 236 144 63
D 233 145 2 234 235 236 8
L 238 148 -65
L 240 150 -66
L 242 152 -67
L 244 154 -68
L 246 156 -69
L 247 158 70
L 248 156 69
D 245 157 2 246 247 248 8
L 249 154 68
D 243 155 2 244 245 249 8
L 250 152 67
D 241 153 2 242 243 250 8
L 251 150 66
D 239 151 2 240 241 251 8
L 252 148 65
D 237 149 2 238 239 252 8
L 254 146 64
D 253 145 2 234 254 236 29
D 232 147 2 233 237 253 8
L 256 142 62
D 255 141 2 229 256 231 29
D 227 143 2 228 232 255 8
L 260 138 75
D 259 137 2 221 260 223 29
D 258 135 2 219 259 224 29
D 257 133 2 214 258 225 29
D 212 139 2 213 227 257 8
L 264 128 -80
D 263 127 2 206 264 208 29
D 262 125 2 204 263 209 29
D 261 123 2 199 262 210 29
D 197 129 2 198 212 261 8
L 268 118 51
D 267 117 2 191 268 193 29
D 266 115 2 189 267 194 29
D 265 113 2 184 266 195 29
D 182 119 2 183 197 265 8
L 272 108 -60
D 271 107 2 176 272 178 29
D 270 105 2 174 271 179 29
D 269 103 2 169 270 180 29
D 167 109 2 168 182 269 8
L 278 98 -50
D 277 97 2 156 278 158 29
D 276 95 2 154 277 159 29
D 275 93 2 149 276 160 29
D 274 89 2 144 275 162 29
D 273 85 2 136 274 164 29
D 134 99 2 135 167 273 8
L 284 78 -40
D 283 77 2 123 284 125 29
D 282 75 2 121 283 126 29
D 281 73 2 116 282 127 29
D 280 69 2 111 281 129 29
D 279 65 2 103 280 131 29
D 101 79 2 102 134 279 8
L 290 58 -30
D 289 57 2 90 290 92 29
D 288 55 2 88 289 93 29
D 287 53 2 83 288 94 29
D 286 49 2 78 287 96 29
D 285 45 2 70 286 98 29
D 68 59 2 69 101 285 8
D 293 23 2 42 67 40 8
D 292 21 2 38 293 43 8
D 295 23 2 42 41 40 29
D 294 21 2 38 295 43 29
D 291 25 2 292 44 294 8
D 301 57 2 92 290 90 8
D 300 55 2 88 301 93 8
D 299 53 2 83 300 94 8
D 298 49 2 78 299 96 8
D 297 45 2 70 298 98 8
D 307 77 2 125 284 123 8
D 306 75 2 121 307 126 8
D 305 73 2 116 306 127 8
D 304 69 2 111 305 129 8
D 303 65 2 103 304 131 8
D 313 97 2 158 278 156 8
D 312 95 2 154 313 159 8
D 311 93 2 149 312 160 8
D 310 89 2 144 311 162 8
D 309 85 2 136 310 164 8
L 325 158 -70
D 324 157 2 248 325 246 8
D 323 155 2 244 324 249 8
D 322 153 2 242 323 250 8
D 321 151 2 240 322 251 8
D 320 149 2 238 321 252 8
D 319 147 2 233 320 253 8
D 318 143 2 228 319 255 8
D 317 139 2 213 318 257 8
D 328 127 2 208 264 206 8
D 327 125 2 204 328 209 8
D 326 123 2 199 327 210 8
D 331 127 2 206 264 208 207
D 330 125 2 204 331 209 29
D 329 123 2 199 330 210 29
D 316 129 3 198 317 326 212 329 8
D 315 119 2 183 316 265 8
D 334 107 2 178 272 176 8
D 333 105 2 174 334 179 8
D 332 103 2 169 333 180 8
D 337 107 2 176 272 178 177
D 336 105 2 174 337 179 29
D 335 103 2 169 336 180 29
D 314 109 3 168 315 332 182 335 8
D 342 97 2 156 278 158 157
D 341 95 2 154 342 159 29
D 340 93 2 149 341 160 29
D 339 89 2 144 340 162 29
D 338 85 2 136 339 164 29
D 308 99 3 309 167 135 314 338 8
D 347 77 2 123 284 125 124
D 346 75 2 121 347 126 29
D 345 73 2 116 346 127 29
D 344 69 2 111 345 129 29
D 343 65 2 103 344 131 29
D 302 79 3 303 134 102 308 343 8
D 352 57 2 90 290 92 91
D 351 55 2 88 352 93 29
D 350 53 2 83 351 94 29
D 349 49 2 78 350 96 29
D 348 45 2 70 349 98 29
D 296 59 3 297 101 69 302 348 8
D 355 23 2 42 41 40 8
D 354 21 2 43 355 38 8
D 357 23 2 42 67 40 29
D 356 21 2 43 357 38 29
D 353 25 2 354 44 356 8
D 363 57 2 90 290 92 8
D 362 55 2 93 363 88 8
D 361 53 2 83 362 94 8
D 360 49 2 78 361 96 8
D 359 45 2 70 360 98 8
D 369 77 2 123 284 125 8
D 368 75 2 126 369 121 8
D 367 73 2 116 368 127 8
D 366 69 2 111 367 129 8
D 365 65 2 103 366 131 8
D 375 97 2 156 278 158 8
D 374 95 2 159 375 154 8
D 373 93 2 149 374 160 8
D 372 89 2 144 373 162 8
D 371 85 2 136 372 164 8
D 386 157 2 246 325 248 8
D 385 155 2 249 386 244 8
D 384 153 2 242 385 250 8
D 383 151 2 240 384 251 8
D 382 149 2 238 383 252 8
D 381 147 2 233 382 253 8
D 380 143 2 228 381 255 8
D 379 139 2 213 380 257 8
D 389 127 2 206 264 208 8
D 388 125 2 209 389 204 8
D 387 123 2 199 388 210 8
D 392 127 2 206 207 208 29
D 391 125 2 204 331 209 392
D 390 123 2 199 391 210 29
D 378 129 4 198 379 326 317 387 212 390 8
D 377 119 2 183 378 265 8
D 395 107 2 176 272 178 8
D 394 105 2 179 395 174 8
D 393 103 2 169 394 180 8
D 398 107 2 176 177 178 29
D 397 105 2 174 337 179 398
D 396 103 2 169 397 180 29
D 376 109 4 168 377 332 315 393 182 396 8
D 403 97 2 156 157 158 29
D 402 95 2 159 403 154 342
D 401 93 2 149 402 160 29
D 400 89 2 144 401 162 29
D 399 85 2 136 400 164 29
D 370 99 4 371 167 309 314 135 376 399 8
D 408 77 2 123 124 125 29
D 407 75 2 126 408 121 347
D 406 73 2 116 407 127 29
D 405 69 2 111 406 129 29
D 404 65 2 103 405 131 29
D 364 79 4 365 134 303 308 102 370 404 8
D 413 57 2 90 91 92 29
D 412 55 2 93 413 88 352
D 411 53 2 83 412 94 29
D 410 49 2 78 411 96 29
D 409 45 2 70 410 98 29
D 358 59 4 359 101 297 302 69 364 409 8
D 415 21 2 38 355 43 8
D 418 31 2 53 52 51 8
D 419 31 2 53 62 51 29
D 417 33 2 418 54 419 8
D 416 29 2 45 417 63 8
D 420 21 2 38 357 43 29
D 414 25 2 415 416 420 8
D 424 47 2 79 97 81 8
D 426 55 2 88 363 93 8
D 425 53 2 83 426 94 8
D 427 47 2 79 80 81 29
D 423 49 2 424 425 427 8
D 422 45 2 70 423 98 8
D 431 67 2 112 130 114 8
D 433 75 2 121 369 126 8
D 432 73 2 116 433 127 8
D 434 67 2 112 113 114 29
D 430 69 2 431 432 434 8
D 429 65 2 103 430 131 8
D 438 87 2 145 163 147 8
D 440 95 2 154 375 159 8
D 439 93 2 149 440 160 8
D 441 87 2 145 146 147 29
D 437 89 2 438 439 441 8
D 436 85 2 136 437 164 8
D 451 155 2 244 386 249 8
D 450 153 2 250 451 242 8
D 449 151 2 240 450 251 8
D 448 149 2 238 449 252 8
D 447 147 2 233 448 253 8
D 446 143 2 228 447 255 8
D 445 139 2 213 446 257 8
D 453 121 2 200 211 202 8
D 454 125 2 204 389 209 8
D 455 121 2 200 201 202 29
D 452 123 2 453 454 455 8
D 457 125 2 204 392 209 29
D 456 123 3 199 391 453 457 202 29
D 444 129 5 198 445 326 379 387 317 452 212 456 8
D 443 119 2 183 444 265 8
D 459 101 2 170 181 172 8
D 460 105 2 174 395 179 8
D 461 101 2 170 171 172 29
D 458 103 2 459 460 461 8
D 463 105 2 174 398 179 29
D 462 103 3 169 397 459 463 172 29
D 442 109 5 168 443 332 377 393 315 458 182 462 8
D 467 95 2 154 403 159 29
D 466 93 2 149 467 160 29
D 465 89 3 144 401 438 466 147 29
D 464 85 2 136 465 164 29
D 435 99 5 436 167 371 314 309 376 135 442 464 8
D 471 75 2 121 408 126 29
D 470 73 2 116 471 127 29
D 469 69 3 111 406 431 470 114 29
D 468 65 2 103 469 131 29
D 428 79 5 429 134 365 308 303 370 102 435 468 8
D 475 55 2 88 413 93 29
D 474 53 2 83 475 94 29
D 473 49 3 78 411 424 474 81 29
D 472 45 2 70 473 98 29
D 421 59 5 422 101 359 302 297 364 69 428 472 8
D 478 27 2 48 47 46 8
D 479 27 2 48 64 46 29
D 477 29 2 478 49 479 8
D 476 25 2 415 477 420 8
D 483 47 2 81 80 79 8
D 484 47 2 81 97 79 29
D 482 49 2 483 425 484 8
D 481 45 2 70 482 98 8
D 488 67 2 114 113 112 8
D 489 67 2 114 130 112 29
D 487 69 2 488 432 489 8
D 486 65 2 103 487 131 8
D 493 87 2 147 146 145 8
D 494 87 2 147 163 145 29
D 492 89 2 493 439 494 8
D 491 85 2 136 492 164 8
D 503 153 2 242 451 250 8
D 502 151 2 251 503 240 8
D 501 149 2 238 502 252 8
D 500 147 2 233 501 253 8
D 499 143 2 228 500 255 8
D 498 139 2 213 499 257 8
D 505 121 2 202 201 200 8
D 506 121 2 202 211 200 29
D 504 123 2 505 454 506 8
D 508 121 2 202 201 200 211
D 509 121 2 202 211 200 8
D 507 123 3 199 391 508 457 509 29
D 497 129 6 198 498 326 445 387 379 452 317 504 212 507 8
D 496 119 2 183 497 265 8
D 511 101 2 172 171 170 8
D 512 101 2 172 181 170 29
D 510 103 2 511 460 512 8
D 514 101 2 172 171 170 181
D 515 101 2 172 181 170 8
D 513 103 3 169 397 514 463 515 29
D 495 109 6 168 496 332 443 393 377 458 315 510 182 513 8
D 518 87 2 147 146 145 163
D 519 87 2 147 163 145 8
D 517 89 3 144 401 518 466 519 29
D 516 85 2 136 517 164 29
D 490 99 6 491 167 436 314 371 376 309 442 135 495 516 8
D 522 67 2 114 113 112 130
D 523 67 2 114 130 112 8
D 521 69 3 111 406 522 470 523 29
D 520 65 2 103 521 131 29
D 485 79 6 486 134 429 308 365 370 303 435 102 490 520 8
D 526 47 2 81 80 79 97
D 527 47 2 81 97 79 8
D 525 49 3 78 411 526 474 527 29
D 524 45 2 70 525 98 29
D 480 59 6 481 101 422 302 359 364 297 428 69 485 524 8
D 530 27 2 46 64 48 8
D 531 27 2 46 47 48 29
D 529 29 2 530 49 531 8
D 528 25 2 415 529 420 8
D 536 51 2 86 85 84 8
D 537 51 2 86 95 84 29
D 535 53 2 536 426 537 8
D 534 49 2 78 535 96 8
D 533 45 2 70 534 98 8
D 542 71 2 119 118 117 8
D 543 71 2 119 128 117 29
D 541 73 2 542 433 543 8
D 540 69 2 111 541 129 8
D 539 65 2 103 540 131 8
D 548 91 2 152 151 150 8
D 549 91 2 152 161 150 29
D 547 93 2 548 440 549 8
D 546 89 2 144 547 162 8
D 545 85 2 136 546 164 8
D 551 103 2 169 460 180 8
D 555 117 2 193 192 191 8
D 554 115 2 189 555 194 8
D 553 113 2 184 554 195 8
D 558 117 2 193 268 191 29
D 557 115 2 189 558 194 29
D 556 113 2 184 557 195 29
D 552 119 2 553 197 556 8
D 565 151 2 240 503 251 8
D 564 149 2 252 565 238 8
D 563 147 2 233 564 253 8
D 562 143 2 228 563 255 8
D 561 139 2 213 562 257 8
D 566 123 2 199 454 210 8
D 570 137 2 221 260 223 8
D 569 135 2 219 570 224 8
D 568 133 2 214 569 225 8
D 573 137 2 221 222 223 29
D 572 135 2 219 573 224 29
D 571 133 2 214 572 225 29
D 567 139 2 568 227 571 8
D 576 127 2 208 207 206 8
D 575 125 2 204 576 209 392
D 574 123 3 199 575 508 457 509 29
D 560 129 7 198 561 566 567 326 498 387 445 452 379 504 317 574 8
D 559 119 2 183 560 265 8
D 579 107 2 178 177 176 8
D 578 105 2 174 579 179 398
D 577 103 3 169 578 514 463 515 29
D 550 109 7 551 552 168 559 332 496 393 443 458 377 510 315 577 8
D 582 93 3 548 467 149 402 161 29
D 581 89 3 144 582 518 466 519 29
D 580 85 2 136 581 164 29
D 544 99 7 545 167 491 314 436 376 371 442 309 495 135 550 580 8
D 585 73 3 542 471 116 407 128 29
D 584 69 3 111 585 522 470 523 29
D 583 65 2 103 584 131 29
D 538 79 7 539 134 486 308 429 370 365 435 303 490 102 544 583 8
D 588 53 3 536 475 83 412 95 29
D 587 49 3 78 588 526 474 527 29
D 586 45 2 70 587 98 29
D 532 59 7 533 101 481 302 422 364 359 428 297 485 69 538 586 8
D 592 35 2 60 56 55 8
D 591 33 2 50 592 61 8
D 590 29 2 45 591 63 8
D 589 25 2 415 590 420 8
D 595 41 2 76 72 71 8
D 596 49 2 78 425 96 8
D 597 41 2 76 99 71 29
D 594 45 2 595 596 597 8
D 600 61 2 109 105 104 8
D 601 69 2 111 432 129 8
D 602 61 2 109 132 104 29
D 599 65 2 600 601 602 8
D 606 83 2 139 166 141 8
D 605 81 2 137 606 142 8
D 607 89 2 144 439 162 8
D 609 83 2 139 140 141 29
D 608 81 2 137 609 142 29
D 604 85 2 605 607 608 8
D 613 111 2 185 196 187 8
D 614 111 2 185 186 187 29
D 612 113 2 613 188 614 8
D 615 113 3 184 557 613 266 187 29
D 611 119 3 553 316 612 197 615 8
D 621 145 2 234 254 236 8
D 622 149 2 238 565 252 8
D 623 145 2 234 235 236 29
D 620 147 2 621 622 623 8
D 619 143 2 228 620 255 8
D 618 139 2 213 619 257 8
D 627 137 2 223 222 221 8
D 626 135 2 219 627 224 8
D 625 133 2 214 626 225 8
D 630 137 2 221 222 223 260
D 629 135 2 219 630 224 29
D 628 133 2 214 629 225 29
D 624 139 3 625 227 568 318 628 8
D 617 129 7 198 618 566 624 326 561 387 498 452 445 504 379 574 8
D 616 119 2 183 617 265 8
D 610 109 7 551 611 168 616 332 559 393 496 458 443 510 377 577 8
D 632 89 2 144 466 162 29
D 633 81 2 137 141 142 29
D 631 85 3 136 581 605 632 633 29
D 603 99 8 604 167 545 314 491 376 436 442 371 495 309 550 135 610 631 8
D 635 69 2 111 470 129 29
D 634 65 3 103 584 600 635 132 29
D 598 79 8 599 134 539 308 486 370 429 435 365 490 303 544 102 603 634 8
D 637 49 2 78 474 96 29
D 636 45 3 70 587 595 637 99 29
D 593 59 8 594 101 533 302 481 364 422 428 359 485 297 538 69 598 636 8
D 642 37 2 59 58 57 8
D 641 35 2 55 642 60 8
D 640 33 2 50 641 61 8
D 639 29 2 45 640 63 8
D 638 25 2 415 639 420 8
D 646 43 2 73 100 75 8
D 645 41 2 71 646 76 8
D 648 43 2 73 74 75 29
D 647 41 2 71 648 76 29
D 644 45 2 645 596 647 8
D 652 63 2 106 133 108 8
D 651 61 2 104 652 109 8
D 654 63 2 106 107 108 29
D 653 61 2 104 654 109 29
D 650 65 2 651 601 653 8
D 658 83 2 141 140 139 8
D 657 81 2 137 658 142 8
D 660 83 2 141 166 139 29
D 659 81 2 137 660 142 29
D 656 85 2 657 607 659 8
D 664 111 2 187 186 185 8
D 665 111 2 187 196 185 29
D 663 113 2 664 188 665 8
D 667 111 2 187 186 185 196
D 668 111 2 187 196 185 8
D 666 113 3 184 557 667 266 668 29
D 662 119 4 612 316 553 378 663 197 666 8
D 674 145 2 236 235 234 8
D 675 145 2 236 254 234 29
D 673 147 2 674 622 675 8
D 672 143 2 228 673 255 8
D 671 139 2 213 672 257 8
D 678 131 2 217 216 215 8
D 679 131 2 217 226 215 29
D 677 133 2 678 218 679 8
D 680 133 3 214 629 678 258 226 29
D 676 139 4 677 227 625 318 568 380 680 8
D 670 129 7 198 671 566 676 326 618 387 561 452 498 504 445 574 8
D 669 119 2 183 670 265 8
D 661 109 7 551 662 168 669 332 616 393 559 458 496 510 443 577 8
D 683 83 2 141 140 139 166
D 682 81 2 137 683 142 8
D 685 83 2 141 166 139 8
D 684 81 2 137 685 142 29
D 681 85 3 136 581 682 632 684 29
D 655 99 9 656 167 604 314 545 376 491 442 436 495 371 550 309 610 135 661 681 8
D 687 61 2 104 652 109 105
D 688 61 2 109 132 104 108
D 686 65 3 103 584 687 635 688 29
D 649 79 9 650 134 599 308 539 370 486 435 429 490 365 544 303 603 102 655 686 8
D 690 41 2 71 646 76 72
D 691 41 2 76 99 71 75
D 689 45 3 70 587 690 637 691 29
D 643 59 9 644 101 594 302 533 364 481 428 422 485 359 538 297 598 69 649 689 8
L 697 38 20
D 696 37 2 57 697 59 8
D 695 35 2 55 696 60 8
D 694 33 2 50 695 61 8
D 693 29 2 45 694 63 8
D 692 25 2 415 693 420 8
D 701 43 2 75 74 73 8
D 700 41 2 71 701 76 8
D 703 43 2 75 100 73 29
D 702 41 2 71 703 76 29
D 699 45 2 700 596 702 8
D 707 63 2 108 107 106 8
D 706 61 2 104 707 109 8
D 709 63 2 108 133 106 29
D 708 61 2 104 709 109 29
D 705 65 2 706 601 708 8
D 712 81 2 142 138 137 8
D 713 81 2 142 165 137 29
D 711 85 2 712 607 713 8
D 717 115 2 194 190 189 8
D 716 113 2 184 717 195 8
D 719 115 2 189 558 194 267
D 718 113 3 184 719 667 266 668 29
D 715 119 5 553 444 663 316 612 378 716 197 718 8
D 724 131 2 215 226 217 8
D 725 131 2 215 216 217 29
D 723 133 2 724 218 725 8
D 727 131 2 217 216 215 226
D 728 131 2 217 226 215 8
D 726 133 3 214 629 727 258 728 29
D 722 139 5 723 227 677 318 625 380 568 446 726 8
D 731 141 2 229 256 231 8
D 732 147 2 233 622 253 8
D 733 141 2 229 230 231 29
D 730 143 2 731 732 733 8
D 729 139 2 213 730 257 8
D 721 129 7 566 722 326 671 198 729 387 618 452 561 504 498 574 8
D 720 119 2 183 721 265 8
D 714 109 7 551 715 168 720 332 669 393 616 458 559 510 496 577 8
D 735 81 2 137 683 142 138
D 736 81 2 137 685 142 165
D 734 85 3 136 581 735 632 736 29
D 710 99 10 711 167 656 314 604 376 545 442 491 495 436 550 371 610 309 661 135 714 734 8
D 739 63 2 108 107 106 133
D 738 61 2 104 739 109 105
D 741 63 2 108 133 106 8
D 740 61 2 104 741 109 132
D 737 65 3 103 584 738 635 740 29
D 704 79 10 705 134 650 308 599 370 539 435 486 490 429 544 365 603 303 655 102 710 737 8
D 744 43 2 75 74 73 100
D 743 41 2 71 744 76 72
D 746 43 2 75 100 73 8
D 745 41 2 71 746 76 99
D 742 45 3 70 587 743 637 745 29
D 698 59 10 699 101 644 302 594 364 533 428 481 485 422 538 359 598 297 649 69 704 742 8
D 751 37 2 57 697 59 29
D 750 35 2 55 751 60 29
D 753 37 2 57 58 59 697
D 752 35 2 60 751 55 753
D 749 33 3 418 750 50 752 62 29
D 754 27 2 48 47 46 64
D 755 33 2 50 750 61 29
D 756 27 2 48 64 46 8
D 748 29 3 45 749 754 755 756 29
D 758 23 2 40 41 42 67
D 757 21 2 38 758 43 355
D 759 29 2 45 755 63 29
D 761 23 2 40 67 42 8
D 760 21 2 38 761 43 357
D 747 25 3 415 748 757 759 760 29
D 35 39 10 36 68 291 296 353 358 414 421 476 480 528 532 589 593 638 643 692 698 747 8
D 764 3 2 7 6 5 8
D 763 1 2 3 764 9 8
D 767 11 2 17 28 19 8
D 768 11 2 17 18 19 29
D 766 13 2 767 20 768 8
D 765 9 2 11 766 30 8
D 770 3 2 7 34 5 29
D 769 1 2 3 770 9 29
D 762 5 2 763 765 769 8
D 775 31 2 51 62 53 8
D 776 31 2 51 52 53 29
D 774 33 2 775 54 776 8
D 773 29 2 45 774 63 8
D 772 25 2 415 773 420 8
D 781 51 2 84 95 86 8
D 782 51 2 84 85 86 29
D 780 53 2 781 426 782 8
D 779 49 2 78 780 96 8
D 778 45 2 70 779 98 8
D 787 71 2 117 128 119 8
D 788 71 2 117 118 119 29
D 786 73 2 787 433 788 8
D 785 69 2 111 786 129 8
D 784 65 2 103 785 131 8
D 793 91 2 150 161 152 8
D 794 91 2 150 151 152 29
D 792 93 2 793 440 794 8
D 791 89 2 144 792 162 8
D 790 85 2 136 791 164 8
D 799 117 2 191 268 193 8
D 798 115 2 189 799 194 8
D 797 113 2 184 798 195 8
D 802 117 2 191 192 193 268
D 801 115 2 189 802 194 267
D 800 113 3 184 801 667 266 668 29
D 796 119 6 553 497 612 444 716 316 663 378 797 197 800 8
D 807 135 2 224 220 219 8
D 806 133 2 214 807 225 8
D 809 135 2 219 630 224 259
D 808 133 3 214 809 727 258 728 29
D 805 139 6 806 227 723 318 677 380 568 499 625 446 808 8
D 812 141 2 231 230 229 8
D 813 141 2 231 256 229 29
D 811 143 2 812 732 813 8
D 810 139 2 213 811 257 8
D 804 129 7 566 805 387 671 326 729 452 618 198 810 504 561 574 8
D 803 119 2 183 804 265 8
D 795 109 7 551 796 168 803 332 720 393 669 458 616 510 559 577 8
D 817 91 2 152 151 150 161
D 818 91 2 152 161 150 8
D 816 93 3 817 467 149 402 818 29
D 815 89 3 518 466 144 816 519 29
D 814 85 3 735 632 136 815 736 29
D 789 99 11 790 167 711 314 656 376 604 442 545 495 491 550 436 610 371 661 309 714 135 795 814 8
D 822 71 2 119 118 117 128
D 823 71 2 119 128 117 8
D 821 73 3 822 471 116 407 823 29
D 820 69 3 522 470 111 821 523 29
D 819 65 3 738 635 103 820 740 29
D 783 79 11 784 134 705 308 650 370 599 435 539 490 486 544 429 603 365 655 303 710 102 789 819 8
D 827 51 2 86 85 84 95
D 828 51 2 86 95 84 8
D 826 53 3 827 475 83 412 828 29
D 825 49 3 526 474 78 826 527 29
D 824 45 3 743 637 70 825 745 29
D 777 59 11 778 101 699 302 644 364 594 428 533 485 481 538 422 598 359 649 297 704 69 783 824 8
D 832 31 2 53 52 51 62
D 833 31 2 53 62 51 8
D 831 33 3 832 750 50 752 833 29
D 830 29 3 754 755 45 831 756 29
D 829 25 3 757 759 415 830 760 29
D 771 39 11 772 68 36 296 291 358 353 421 414 480 476 532 528 593 589 643 638 698 692 777 829 8
D 836 3 2 5 34 7 8
D 835 1 2 3 836 9 8
D 838 3 2 5 6 7 29
D 837 1 2 3 838 9 29
D 834 5 2 835 765 837 8
D 844 119 6 553 560 612 497 663 444 797 316 716 378 800 8
D 847 139 6 806 318 723 380 568 562 625 499 677 446 808 8
D 849 125 2 209 392 204 207
D 848 123 3 199 849 508 457 509 29
D 846 129 6 566 847 452 671 387 729 504 618 326 810 848 8
D 845 119 2 183 846 265 8
D 843 109 7 551 844 332 803 168 845 393 720 458 669 510 616 577 8
D 842 99 11 790 314 711 376 656 442 604 495 545 550 491 610 436 661 371 714 309 795 135 843 814 8
D 841 79 11 784 308 705 370 650 435 599 490 539 544 486 603 429 655 365 710 303 789 102 842 819 8
D 840 59 11 778 302 699 364 644 428 594 485 533 538 481 598 422 649 359 704 297 783 69 841 824 8
D 839 39 11 772 296 36 358 291 421 353 480 414 532 476 593 528 643 589 698 638 777 692 840 829 8
D 851 1 2 9 4 3 8
D 852 1 2 9 33 3 29
D 850 5 2 851 765 852 8
D 858 119 6 612 560 553 617 663 497 716 444 797 378 800 8
D 861 139 6 806 380 568 619 625 562 677 499 723 446 808 8
D 862 123 3 508 457 199 392 509 29
D 860 129 5 566 861 504 671 452 729 387 810 862 8
D 859 119 2 183 860 265 8
D 857 109 7 551 858 393 803 332 845 168 859 458 720 510 669 577 8
D 856 99 11 790 376 711 442 656 495 604 550 545 610 491 661 436 714 371 795 309 843 135 857 814 8
D 855 79 11 784 370 705 435 650 490 599 544 539 603 486 655 429 710 365 789 303 842 102 856 819 8
D 854 59 11 778 364 699 428 644 485 594 538 533 598 481 649 422 704 359 783 297 841 69 855 824 8
D 853 39 11 772 358 36 421 291 480 353 532 414 593 476 643 528 698 589 777 638 840 692 854 829 8
D 866 11 2 19 28 17 8
D 867 11 2 19 18 17 29
D 865 13 2 866 20 867 8
D 864 9 2 11 865 30 8
D 863 5 2 2 864 32 8
D 873 119 6 663 560 612 617 553 670 716 497 797 444 800 8
D 876 139 6 568 672 625 619 677 562 723 499 806 446 808 8
D 878 121 2 202 201 200 29
D 877 123 2 878 457 509 29
D 875 129 4 504 729 566 876 452 810 877 8
D 874 119 2 183 875 265 8
D 872 109 7 551 873 458 803 393 845 332 859 168 874 510 720 577 8
D 871 99 11 790 442 711 495 656 550 604 610 545 661 491 714 436 795 371 843 309 857 135 872 814 8
D 870 79 11 784 435 705 490 650 544 599 603 539 655 486 710 429 789 365 842 303 856 102 871 819 8
D 869 59 11 778 428 699 485 644 538 594 598 533 649 481 704 422 783 359 841 297 855 69 870 824 8
D 868 39 11 772 421 36 480 291 532 353 593 414 643 476 698 528 777 589 840 638 854 692 869 829 8
D 881 7 2 14 13 12 8
D 882 7 2 14 31 12 29
D 880 9 2 881 766 882 8
D 879 5 2 2 880 32 8
D 888 119 6 716 560 663 617 612 670 553 721 797 497 800 8
D 891 139 6 625 672 677 619 723 562 806 499 568 730 808 8
D 892 123 2 201 457 211 29
D 890 129 3 504 810 566 891 892 8
D 889 119 2 183 890 265 8
D 887 109 7 551 888 510 803 458 845 393 859 332 874 168 889 577 8
D 886 99 11 790 495 711 550 656 610 604 661 545 714 491 795 436 843 371 857 309 872 135 887 814 8
D 885 79 11 784 490 705 544 650 603 599 655 539 710 486 789 429 842 365 856 303 871 102 886 819 8
D 884 59 11 778 485 699 538 644 598 594 649 533 704 481 783 422 841 359 855 297 870 69 885 824 8
D 883 39 11 772 480 36 532 291 593 353 643 414 698 476 777 528 840 589 854 638 869 692 884 829 8
D 895 7 2 12 31 14 8
D 896 7 2 12 13 14 29
D 894 9 2 895 766 896 8
D 893 5 2 2 894 32 8
D 902 119 6 797 560 716 617 663 670 612 721 553 804 800 8
D 905 139 6 677 672 723 619 806 562 625 730 568 811 808 8
D 906 123 2 199 457 210 29
D 904 129 2 566 905 906 8
D 903 119 2 183 904 265 8
D 901 109 7 510 845 551 902 458 859 393 874 332 889 168 903 577 8
D 900 99 11 790 550 711 610 656 661 604 714 545 795 491 843 436 857 371 872 309 887 135 901 814 8
D 899 79 11 784 544 705 603 650 655 599 710 539 789 486 842 429 856 365 871 303 886 102 900 819 8
D 898 59 11 778 538 699 598 644 649 594 704 533 783 481 841 422 855 359 870 297 885 69 899 824 8
D 897 39 11 772 532 36 593 291 643 353 698 414 777 476 840 528 854 589 869 638 884 692 898 829 8
D 910 15 2 26 22 21 8
D 909 13 2 767 910 768 8
D 908 9 2 11 909 30 8
D 907 5 2 2 908 32 8
D 916 119 6 797 617 716 670 663 721 612 804 553 846 800 8
D 922 137 2 223 260 221 29
D 921 135 2 219 922 224 259
D 920 133 3 214 921 727 258 728 29
D 919 139 5 723 672 806 619 677 730 625 811 920 8
D 918 129 2 566 919 906 8
D 917 119 2 183 918 265 8
D 915 109 7 510 859 551 916 458 874 393 889 332 903 168 917 577 8
D 914 99 11 790 610 711 661 656 714 604 795 545 843 491 857 436 872 371 887 309 901 135 915 814 8
D 913 79 11 784 603 705 655 650 710 599 789 539 842 486 856 429 871 365 886 303 900 102 914 819 8
D 912 59 11 778 598 699 649 644 704 594 783 533 841 481 855 422 870 359 885 297 899 69 913 824 8
D 911 39 11 772 593 36 643 291 698 353 777 414 840 476 854 528 869 589 884 638 898 692 912 829 8
D 927 17 2 25 24 23 8
D 926 15 2 21 927 26 8
D 925 13 2 767 926 768 8
D 924 9 2 11 925 30 8
D 923 5 2 2 924 32 8
D 933 119 6 797 670 716 721 663 804 612 846 553 860 800 8
D 938 135 2 224 259 219 29
D 937 133 3 727 258 214 938 728 29
D 936 139 4 806 672 723 730 677 811 937 8
D 935 129 2 566 936 906 8
D 934 119 2 183 935 265 8
D 932 109 7 510 874 551 933 458 889 393 903 332 917 168 934 577 8
D 931 99 11 790 661 711 714 656 795 604 843 545 857 491 872 436 887 371 901 309 915 135 932 814 8
D 930 79 11 784 655 705 710 650 789 599 842 539 856 486 871 429 886 365 900 303 914 102 931 819 8
D 929 59 11 778 649 699 704 644 783 594 841 533 855 481 870 422 885 359 899 297 913 69 930 824 8
D 928 39 11 772 643 36 698 291 777 353 840 414 854 476 869 528 884 589 898 638 912 692 929 829 8
L 944 18 10
D 943 17 2 23 944 25 8
D 942 15 2 21 943 26 8
D 941 13 2 767 942 768 8
D 940 9 2 11 941 30 8
D 939 5 2 2 940 32 8
D 950 119 6 797 721 716 804 663 846 612 860 553 875 800 8
D 954 133 3 724 258 214 938 217 29
D 953 139 3 806 730 723 811 954 8
D 952 129 2 566 953 906 8
D 951 119 2 183 952 265 8
D 949 109 7 510 889 551 950 458 903 393 917 332 934 168 951 577 8
D 948 99 11 790 714 711 795 656 843 604 857 545 872 491 887 436 901 371 915 309 932 135 949 814 8
D 947 79 11 784 710 705 789 650 842 599 856 539 871 486 886 429 900 365 914 303 931 102 948 819 8
D 946 59 11 778 704 699 783 644 841 594 855 533 870 481 885 422 899 359 913 297 930 69 947 824 8
D 945 39 11 772 698 36 777 291 840 353 854 414 869 476 884 528 898 589 912 638 929 692 946 829 8
D 959 17 2 23 24 25 944
D 960 17 2 23 944 25 29
D 958 15 2 21 959 26 960
D 961 11 2 19 28 17 18
D 962 15 2 21 960 26 29
D 963 11 2 19 18 17 8
D 957 13 3 767 958 961 962 963 29
D 964 7 2 14 13 12 31
D 965 13 2 767 962 768 29
D 966 7 2 14 31 12 8
D 956 9 3 11 957 964 965 966 29
D 968 3 2 7 6 5 34
D 967 1 2 3 968 9 4
D 969 9 2 11 965 30 29
D 971 3 2 7 34 5 8
D 970 1 2 3 971 9 33
D 955 5 3 2 956 967 969 970 29
D 0 19 11 1 35 762 771 834 839 850 853 863 868 879 883 893 897 907 911 923 928 939 945 955 8
