c ids of sdd nodes start at 0
c sdd nodes appear bottom-up, children before parents
c
c file syntax:
c sdd count-of-sdd-nodes
c F id-of-false-sdd-node
c T id-of-true-sdd-node
c L id-of-literal-sdd-node id-of-vtree literal
c D id-of-decomposition-sdd-node id-of-vtree number-of-elements {id-of-prime id-of-sub}*
c
sdd 966
L 3 0 -4
L 5 2 -2
L 6 4 -3
L 7 2 2
F 8
D 4 3 2 5 6 7 8
L 9 0 4
D 2 1 2 3 4 9 8
L 12 6 -6
L 13 8 -7
L 14 6 6
D 11 7 2 12 13 14 8
L 17 10 -5
L 18 12 1
L 19 10 5
D 16 11 2 17 18 19 8
L 21 14 -8
L 23 16 -9
L 24 18 -10
L 25 16 9
D 22 17 2 23 24 25 8
L 26 14 8
D 20 15 2 21 22 26 8
L 28 12 -1
T 29
D 27 11 2 17 28 19 29
D 15 13 2 16 20 27 8
L 31 8 7
D 30 7 2 12 31 14 29
D 10 9 2 11 15 30 8
L 34 4 3
D 33 3 2 5 34 7 29
D 32 1 2 3 33 9 29
D 1 5 2 2 10 32 8
L 38 20 -14
L 40 22 -12
L 41 24 13
L 42 22 12
D 39 23 2 40 41 42 8
L 43 20 14
D 37 21 2 38 39 43 8
L 46 26 -16
L 47 28 -17
L 48 26 16
D 45 27 2 46 47 48 8
L 51 30 -15
L 52 32 -11
L 53 30 15
D 50 31 2 51 52 53 8
L 55 34 -18
L 57 36 -19
L 58 38 -20
L 59 36 19
D 56 37 2 57 58 59 8
L 60 34 18
D 54 35 2 55 56 60 8
L 62 32 11
D 61 31 2 51 62 53 29
D 49 33 2 50 54 61 8
L 64 28 17
D 63 27 2 46 64 48 29
D 44 29 2 45 49 63 8
L 67 24 -13
D 66 23 2 40 67 42 29
D 65 21 2 38 66 43 29
D 36 25 2 37 44 65 8
L 71 40 -24
L 73 42 -22
L 74 44 -23
L 75 42 22
D 72 43 2 73 74 75 8
L 76 40 24
D 70 41 2 71 72 76 8
L 79 46 -26
L 80 48 -27
L 81 46 26
D 78 47 2 79 80 81 8
L 84 50 -25
L 85 52 -21
L 86 50 25
D 83 51 2 84 85 86 8
L 88 54 -28
L 90 56 -29
L 91 58 30
L 92 56 29
D 89 57 2 90 91 92 8
L 93 54 28
D 87 55 2 88 89 93 8
L 95 52 21
D 94 51 2 84 95 86 29
D 82 53 2 83 87 94 8
L 97 48 27
D 96 47 2 79 97 81 29
D 77 49 2 78 82 96 8
L 100 44 23
D 99 43 2 73 100 75 29
D 98 41 2 71 99 76 29
D 69 45 2 70 77 98 8
L 104 60 -34
L 106 62 -32
L 107 64 -33
L 108 62 32
D 105 63 2 106 107 108 8
L 109 60 34
D 103 61 2 104 105 109 8
L 112 66 -36
L 113 68 -37
L 114 66 36
D 111 67 2 112 113 114 8
L 117 70 -35
L 118 72 -31
L 119 70 35
D 116 71 2 117 118 119 8
L 121 74 -38
L 123 76 -39
L 124 78 40
L 125 76 39
D 122 77 2 123 124 125 8
L 126 74 38
D 120 75 2 121 122 126 8
L 128 72 31
D 127 71 2 117 128 119 29
D 115 73 2 116 120 127 8
L 130 68 37
D 129 67 2 112 130 114 29
D 110 69 2 111 115 129 8
L 133 64 33
D 132 63 2 106 133 108 29
D 131 61 2 104 132 109 29
D 102 65 2 103 110 131 8
L 137 80 -42
L 139 82 -43
L 140 84 -44
L 141 82 43
D 138 83 2 139 140 141 8
L 142 80 42
D 136 81 2 137 138 142 8
L 145 86 -46
L 146 88 -47
L 147 86 46
D 144 87 2 145 146 147 8
L 150 90 -45
L 151 92 -41
L 152 90 45
D 149 91 2 150 151 152 8
L 154 94 -48
L 156 96 -49
L 157 98 50
L 158 96 49
D 155 97 2 156 157 158 8
L 159 94 48
D 153 95 2 154 155 159 8
L 161 92 41
D 160 91 2 150 161 152 29
D 148 93 2 149 153 160 8
L 163 88 47
D 162 87 2 145 163 147 29
D 143 89 2 144 148 162 8
L 166 84 44
D 165 83 2 139 166 141 29
D 164 81 2 137 165 142 29
D 135 85 2 136 143 164 8
L 170 100 -56
L 171 102 -57
L 172 100 56
D 169 101 2 170 171 172 8
L 174 104 -58
L 176 106 -59
L 177 108 60
L 178 106 59
D 175 107 2 176 177 178 8
L 179 104 58
D 173 105 2 174 175 179 8
L 181 102 57
D 180 101 2 170 181 172 29
D 168 103 2 169 173 180 8
L 185 110 -53
L 186 112 -54
L 187 110 53
D 184 111 2 185 186 187 8
L 189 114 -52
L 191 116 -55
L 192 118 -51
L 193 116 55
D 190 117 2 191 192 193 8
L 194 114 52
D 188 115 2 189 190 194 8
L 196 112 54
D 195 111 2 185 196 187 29
D 183 113 2 184 188 195 8
L 200 120 -76
L 201 122 -77
L 202 120 76
D 199 121 2 200 201 202 8
L 204 124 -78
L 206 126 -79
L 207 128 80
L 208 126 79
D 205 127 2 206 207 208 8
L 209 124 78
D 203 125 2 204 205 209 8
L 211 122 77
D 210 121 2 200 211 202 29
D 198 123 2 199 203 210 8
L 215 130 -73
L 216 132 -72
L 217 130 73
D 214 131 2 215 216 217 8
L 219 134 -71
L 221 136 -74
L 222 138 -75
L 223 136 74
D 220 137 2 221 222 223 8
L 224 134 71
D 218 135 2 219 220 224 8
L 226 132 72
D 225 131 2 215 226 217 29
D 213 133 2 214 218 225 8
L 229 140 -61
L 230 142 -62
L 231 140 61
D 228 141 2 229 230 231 8
L 234 144 -63
L 235 146 -64
L 236 144 63
D 233 145 2 234 235 236 8
L 238 148 -65
L 240 150 -66
L 242 152 -67
L 244 154 -68
L 246 156 -69
L 247 158 70
L 248 156 69
D 245 157 2 246 247 248 8
L 249 154 68
D 243 155 2 244 245 249 8
L 250 152 67
D 241 153 2 242 243 250 8
L 251 150 66
D 239 151 2 240 241 251 8
L 252 148 65
D 237 149 2 238 239 252 8
L 254 146 64
D 253 145 2 234 254 236 29
D 232 147 2 233 237 253 8
L 256 142 62
D 255 141 2 229 256 231 29
D 227 143 2 228 232 255 8
L 260 138 75
D 259 137 2 221 260 223 29
D 258 135 2 219 259 224 29
D 257 133 2 214 258 225 29
D 212 139 2 213 227 257 8
L 264 128 -80
D 263 127 2 206 264 208 29
D 262 125 2 204 263 209 29
D 261 123 2 199 262 210 29
D 197 129 2 198 212 261 8
L 268 118 51
D 267 117 2 191 268 193 29
D 266 115 2 189 267 194 29
D 265 113 2 184 266 195 29
D 182 119 2 183 197 265 8
L 272 108 -60
D 271 107 2 176 272 178 29
D 270 105 2 174 271 179 29
D 269 103 2 169 270 180 29
D 167 109 2 168 182 269 8
L 278 98 -50
D 277 97 2 156 278 158 29
D 276 95 2 154 277 159 29
D 275 93 2 149 276 160 29
D 274 89 2 144 275 162 29
D 273 85 2 136 274 164 29
D 134 99 2 135 167 273 8
L 284 78 -40
D 283 77 2 123 284 125 29
D 282 75 2 121 283 126 29
D 281 73 2 116 282 127 29
D 280 69 2 111 281 129 29
D 279 65 2 103 280 131 29
D 101 79 2 102 134 279 8
L 290 58 -30
D 289 57 2 90 290 92 29
D 288 55 2 88 289 93 29
D 287 53 2 83 288 94 29
D 286 49 2 78 287 96 29
D 285 45 2 70 286 98 29
D 68 59 2 69 101 285 8
D 293 23 2 40 67 42 8
D 292 21 2 43 293 38 8
D 295 23 2 40 41 42 29
D 294 21 2 43 295 38 29
D 291 25 2 292 44 294 8
D 301 57 2 92 290 90 8
D 300 55 2 88 301 93 8
D 299 53 2 83 300 94 8
D 298 49 2 78 299 96 8
D 297 45 2 70 298 98 8
D 307 77 2 125 284 123 8
D 306 75 2 121 307 126 8
D 305 73 2 116 306 127 8
D 304 69 2 111 305 129 8
D 303 65 2 103 304 131 8
D 313 97 2 158 278 156 8
D 312 95 2 154 313 159 8
D 311 93 2 149 312 160 8
D 310 89 2 144 311 162 8
D 309 85 2 136 310 164 8
L 325 158 -70
D 324 157 2 248 325 246 8
D 323 155 2 244 324 249 8
D 322 153 2 242 323 250 8
D 321 151 2 240 322 251 8
D 320 149 2 238 321 252 8
D 319 147 2 233 320 253 8
D 318 143 2 228 319 255 8
D 317 139 2 213 318 257 8
D 328 127 2 208 264 206 8
D 327 125 2 204 328 209 8
D 326 123 2 199 327 210 8
D 331 127 2 206 264 208 207
D 330 125 2 204 331 209 29
D 329 123 2 199 330 210 29
D 316 129 3 198 317 326 212 329 8
D 315 119 2 183 316 265 8
D 334 107 2 178 272 176 8
D 333 105 2 174 334 179 8
D 332 103 2 169 333 180 8
D 337 107 2 176 272 178 177
D 336 105 2 174 337 179 29
D 335 103 2 169 336 180 29
D 314 109 3 168 315 332 182 335 8
D 342 97 2 156 278 158 157
D 341 95 2 154 342 159 29
D 340 93 2 149 341 160 29
D 339 89 2 144 340 162 29
D 338 85 2 136 339 164 29
D 308 99 3 309 167 135 314 338 8
D 347 77 2 123 284 125 124
D 346 75 2 121 347 126 29
D 345 73 2 116 346 127 29
D 344 69 2 111 345 129 29
D 343 65 2 103 344 131 29
D 302 79 3 303 134 102 308 343 8
D 352 57 2 90 290 92 91
D 351 55 2 88 352 93 29
D 350 53 2 83 351 94 29
D 349 49 2 78 350 96 29
D 348 45 2 70 349 98 29
D 296 59 3 297 101 69 302 348 8
D 354 21 2 38 293 43 8
D 357 31 2 53 52 51 8
D 358 31 2 53 62 51 29
D 356 33 2 357 54 358 8
D 355 29 2 45 356 63 8
D 359 21 2 38 295 43 29
D 353 25 2 354 355 359 8
D 365 57 2 90 290 92 8
D 364 55 2 93 365 88 8
D 363 53 2 83 364 94 8
D 362 49 2 78 363 96 8
D 361 45 2 70 362 98 8
D 371 77 2 123 284 125 8
D 370 75 2 126 371 121 8
D 369 73 2 116 370 127 8
D 368 69 2 111 369 129 8
D 367 65 2 103 368 131 8
D 377 97 2 156 278 158 8
D 376 95 2 159 377 154 8
D 375 93 2 149 376 160 8
D 374 89 2 144 375 162 8
D 373 85 2 136 374 164 8
D 388 157 2 246 325 248 8
D 387 155 2 249 388 244 8
D 386 153 2 242 387 250 8
D 385 151 2 240 386 251 8
D 384 149 2 238 385 252 8
D 383 147 2 233 384 253 8
D 382 143 2 228 383 255 8
D 381 139 2 213 382 257 8
D 391 127 2 206 264 208 8
D 390 125 2 209 391 204 8
D 389 123 2 199 390 210 8
D 394 127 2 206 207 208 29
D 393 125 2 204 331 209 394
D 392 123 2 199 393 210 29
D 380 129 4 198 381 326 317 389 212 392 8
D 379 119 2 183 380 265 8
D 397 107 2 176 272 178 8
D 396 105 2 179 397 174 8
D 395 103 2 169 396 180 8
D 400 107 2 176 177 178 29
D 399 105 2 174 337 179 400
D 398 103 2 169 399 180 29
D 378 109 4 168 379 332 315 395 182 398 8
D 405 97 2 156 157 158 29
D 404 95 2 159 405 154 342
D 403 93 2 149 404 160 29
D 402 89 2 144 403 162 29
D 401 85 2 136 402 164 29
D 372 99 4 373 167 309 314 135 378 401 8
D 410 77 2 123 124 125 29
D 409 75 2 126 410 121 347
D 408 73 2 116 409 127 29
D 407 69 2 111 408 129 29
D 406 65 2 103 407 131 29
D 366 79 4 367 134 303 308 102 372 406 8
D 415 57 2 90 91 92 29
D 414 55 2 93 415 88 352
D 413 53 2 83 414 94 29
D 412 49 2 78 413 96 29
D 411 45 2 70 412 98 29
D 360 59 4 361 101 297 302 69 366 411 8
D 418 27 2 48 47 46 8
D 419 27 2 48 64 46 29
D 417 29 2 418 49 419 8
D 416 25 2 354 417 359 8
D 423 47 2 79 97 81 8
D 425 55 2 88 365 93 8
D 424 53 2 83 425 94 8
D 426 47 2 79 80 81 29
D 422 49 2 423 424 426 8
D 421 45 2 70 422 98 8
D 430 67 2 112 130 114 8
D 432 75 2 121 371 126 8
D 431 73 2 116 432 127 8
D 433 67 2 112 113 114 29
D 429 69 2 430 431 433 8
D 428 65 2 103 429 131 8
D 437 87 2 145 163 147 8
D 439 95 2 154 377 159 8
D 438 93 2 149 439 160 8
D 440 87 2 145 146 147 29
D 436 89 2 437 438 440 8
D 435 85 2 136 436 164 8
D 450 155 2 244 388 249 8
D 449 153 2 250 450 242 8
D 448 151 2 240 449 251 8
D 447 149 2 238 448 252 8
D 446 147 2 233 447 253 8
D 445 143 2 228 446 255 8
D 444 139 2 213 445 257 8
D 452 121 2 200 211 202 8
D 453 125 2 204 391 209 8
D 454 121 2 200 201 202 29
D 451 123 2 452 453 454 8
D 456 125 2 204 394 209 29
D 455 123 3 199 393 452 456 202 29
D 443 129 5 198 444 326 381 389 317 451 212 455 8
D 442 119 2 183 443 265 8
D 458 101 2 170 181 172 8
D 459 105 2 174 397 179 8
D 460 101 2 170 171 172 29
D 457 103 2 458 459 460 8
D 462 105 2 174 400 179 29
D 461 103 3 169 399 458 462 172 29
D 441 109 5 168 442 332 379 395 315 457 182 461 8
D 466 95 2 154 405 159 29
D 465 93 2 149 466 160 29
D 464 89 3 144 403 437 465 147 29
D 463 85 2 136 464 164 29
D 434 99 5 435 167 373 314 309 378 135 441 463 8
D 470 75 2 121 410 126 29
D 469 73 2 116 470 127 29
D 468 69 3 111 408 430 469 114 29
D 467 65 2 103 468 131 29
D 427 79 5 428 134 367 308 303 372 102 434 467 8
D 474 55 2 88 415 93 29
D 473 53 2 83 474 94 29
D 472 49 3 78 413 423 473 81 29
D 471 45 2 70 472 98 29
D 420 59 5 421 101 361 302 297 366 69 427 471 8
D 477 27 2 46 64 48 8
D 478 27 2 46 47 48 29
D 476 29 2 477 49 478 8
D 475 25 2 354 476 359 8
D 482 47 2 81 80 79 8
D 483 47 2 81 97 79 29
D 481 49 2 482 424 483 8
D 480 45 2 70 481 98 8
D 487 67 2 114 113 112 8
D 488 67 2 114 130 112 29
D 486 69 2 487 431 488 8
D 485 65 2 103 486 131 8
D 492 87 2 147 146 145 8
D 493 87 2 147 163 145 29
D 491 89 2 492 438 493 8
D 490 85 2 136 491 164 8
D 502 153 2 242 450 250 8
D 501 151 2 251 502 240 8
D 500 149 2 238 501 252 8
D 499 147 2 233 500 253 8
D 498 143 2 228 499 255 8
D 497 139 2 213 498 257 8
D 504 121 2 202 201 200 8
D 505 121 2 202 211 200 29
D 503 123 2 504 453 505 8
D 507 121 2 202 201 200 211
D 508 121 2 202 211 200 8
D 506 123 3 199 393 507 456 508 29
D 496 129 6 198 497 326 444 389 381 451 317 503 212 506 8
D 495 119 2 183 496 265 8
D 510 101 2 172 171 170 8
D 511 101 2 172 181 170 29
D 509 103 2 510 459 511 8
D 513 101 2 172 171 170 181
D 514 101 2 172 181 170 8
D 512 103 3 169 399 513 462 514 29
D 494 109 6 168 495 332 442 395 379 457 315 509 182 512 8
D 517 87 2 147 146 145 163
D 518 87 2 147 163 145 8
D 516 89 3 144 403 517 465 518 29
D 515 85 2 136 516 164 29
D 489 99 6 490 167 435 314 373 378 309 441 135 494 515 8
D 521 67 2 114 113 112 130
D 522 67 2 114 130 112 8
D 520 69 3 111 408 521 469 522 29
D 519 65 2 103 520 131 29
D 484 79 6 485 134 428 308 367 372 303 434 102 489 519 8
D 525 47 2 81 80 79 97
D 526 47 2 81 97 79 8
D 524 49 3 78 413 525 473 526 29
D 523 45 2 70 524 98 29
D 479 59 6 480 101 421 302 361 366 297 427 69 484 523 8
D 530 35 2 60 56 55 8
D 529 33 2 50 530 61 8
D 528 29 2 45 529 63 8
D 527 25 2 354 528 359 8
D 535 51 2 86 85 84 8
D 536 51 2 86 95 84 29
D 534 53 2 535 425 536 8
D 533 49 2 78 534 96 8
D 532 45 2 70 533 98 8
D 541 71 2 119 118 117 8
D 542 71 2 119 128 117 29
D 540 73 2 541 432 542 8
D 539 69 2 111 540 129 8
D 538 65 2 103 539 131 8
D 547 91 2 152 151 150 8
D 548 91 2 152 161 150 29
D 546 93 2 547 439 548 8
D 545 89 2 144 546 162 8
D 544 85 2 136 545 164 8
D 550 103 2 169 459 180 8
D 554 117 2 193 192 191 8
D 553 115 2 189 554 194 8
D 552 113 2 184 553 195 8
D 557 117 2 193 268 191 29
D 556 115 2 189 557 194 29
D 555 113 2 184 556 195 29
D 551 119 2 552 197 555 8
D 564 151 2 240 502 251 8
D 563 149 2 252 564 238 8
D 562 147 2 233 563 253 8
D 561 143 2 228 562 255 8
D 560 139 2 213 561 257 8
D 565 123 2 199 453 210 8
D 569 137 2 221 260 223 8
D 568 135 2 219 569 224 8
D 567 133 2 214 568 225 8
D 572 137 2 221 222 223 29
D 571 135 2 219 572 224 29
D 570 133 2 214 571 225 29
D 566 139 2 567 227 570 8
D 575 127 2 208 207 206 8
D 574 125 2 204 575 209 394
D 573 123 3 199 574 507 456 508 29
D 559 129 7 198 560 565 566 326 497 389 444 451 381 503 317 573 8
D 558 119 2 183 559 265 8
D 578 107 2 178 177 176 8
D 577 105 2 174 578 179 400
D 576 103 3 169 577 513 462 514 29
D 549 109 7 550 551 168 558 332 495 395 442 457 379 509 315 576 8
D 581 93 3 547 466 149 404 161 29
D 580 89 3 144 581 517 465 518 29
D 579 85 2 136 580 164 29
D 543 99 7 544 167 490 314 435 378 373 441 309 494 135 549 579 8
D 584 73 3 541 470 116 409 128 29
D 583 69 3 111 584 521 469 522 29
D 582 65 2 103 583 131 29
D 537 79 7 538 134 485 308 428 372 367 434 303 489 102 543 582 8
D 587 53 3 535 474 83 414 95 29
D 586 49 3 78 587 525 473 526 29
D 585 45 2 70 586 98 29
D 531 59 7 532 101 480 302 421 366 361 427 297 484 69 537 585 8
D 592 37 2 59 58 57 8
D 591 35 2 55 592 60 8
D 590 33 2 50 591 61 8
D 589 29 2 45 590 63 8
D 588 25 2 354 589 359 8
D 595 41 2 76 72 71 8
D 596 49 2 78 424 96 8
D 597 41 2 76 99 71 29
D 594 45 2 595 596 597 8
D 600 61 2 109 105 104 8
D 601 69 2 111 431 129 8
D 602 61 2 109 132 104 29
D 599 65 2 600 601 602 8
D 606 83 2 139 166 141 8
D 605 81 2 137 606 142 8
D 607 89 2 144 438 162 8
D 609 83 2 139 140 141 29
D 608 81 2 137 609 142 29
D 604 85 2 605 607 608 8
D 613 111 2 185 196 187 8
D 614 111 2 185 186 187 29
D 612 113 2 613 188 614 8
D 615 113 3 184 556 613 266 187 29
D 611 119 3 552 316 612 197 615 8
D 621 145 2 234 254 236 8
D 622 149 2 238 564 252 8
D 623 145 2 234 235 236 29
D 620 147 2 621 622 623 8
D 619 143 2 228 620 255 8
D 618 139 2 213 619 257 8
D 627 137 2 223 222 221 8
D 626 135 2 219 627 224 8
D 625 133 2 214 626 225 8
D 630 137 2 221 222 223 260
D 629 135 2 219 630 224 29
D 628 133 2 214 629 225 29
D 624 139 3 625 227 567 318 628 8
D 617 129 7 198 618 565 624 326 560 389 497 451 444 503 381 573 8
D 616 119 2 183 617 265 8
D 610 109 7 550 611 168 616 332 558 395 495 457 442 509 379 576 8
D 632 89 2 144 465 162 29
D 633 81 2 137 141 142 29
D 631 85 3 136 580 605 632 633 29
D 603 99 8 604 167 544 314 490 378 435 441 373 494 309 549 135 610 631 8
D 635 69 2 111 469 129 29
D 634 65 3 103 583 600 635 132 29
D 598 79 8 599 134 538 308 485 372 428 434 367 489 303 543 102 603 634 8
D 637 49 2 78 473 96 29
D 636 45 3 70 586 595 637 99 29
D 593 59 8 594 101 532 302 480 366 421 427 361 484 297 537 69 598 636 8
L 643 38 20
D 642 37 2 57 643 59 8
D 641 35 2 55 642 60 8
D 640 33 2 50 641 61 8
D 639 29 2 45 640 63 8
D 638 25 2 354 639 359 8
D 647 43 2 73 100 75 8
D 646 41 2 71 647 76 8
D 649 43 2 73 74 75 29
D 648 41 2 71 649 76 29
D 645 45 2 646 596 648 8
D 653 63 2 106 133 108 8
D 652 61 2 104 653 109 8
D 655 63 2 106 107 108 29
D 654 61 2 104 655 109 29
D 651 65 2 652 601 654 8
D 659 83 2 141 140 139 8
D 658 81 2 137 659 142 8
D 661 83 2 141 166 139 29
D 660 81 2 137 661 142 29
D 657 85 2 658 607 660 8
D 665 111 2 187 186 185 8
D 666 111 2 187 196 185 29
D 664 113 2 665 188 666 8
D 668 111 2 187 186 185 196
D 669 111 2 187 196 185 8
D 667 113 3 184 556 668 266 669 29
D 663 119 4 612 316 552 380 664 197 667 8
D 675 145 2 236 235 234 8
D 676 145 2 236 254 234 29
D 674 147 2 675 622 676 8
D 673 143 2 228 674 255 8
D 672 139 2 213 673 257 8
D 679 131 2 217 216 215 8
D 680 131 2 217 226 215 29
D 678 133 2 679 218 680 8
D 681 133 3 214 629 679 258 226 29
D 677 139 4 678 227 625 318 567 382 681 8
D 671 129 7 198 672 565 677 326 618 389 560 451 497 503 444 573 8
D 670 119 2 183 671 265 8
D 662 109 7 550 663 168 670 332 616 395 558 457 495 509 442 576 8
D 684 83 2 141 140 139 166
D 683 81 2 137 684 142 8
D 686 83 2 141 166 139 8
D 685 81 2 137 686 142 29
D 682 85 3 136 580 683 632 685 29
D 656 99 9 657 167 604 314 544 378 490 441 435 494 373 549 309 610 135 662 682 8
D 688 61 2 104 653 109 105
D 689 61 2 109 132 104 108
D 687 65 3 103 583 688 635 689 29
D 650 79 9 651 134 599 308 538 372 485 434 428 489 367 543 303 603 102 656 687 8
D 691 41 2 71 647 76 72
D 692 41 2 76 99 71 75
D 690 45 3 70 586 691 637 692 29
D 644 59 9 645 101 594 302 532 366 480 427 421 484 361 537 297 598 69 650 690 8
D 697 37 2 57 643 59 29
D 696 35 2 55 697 60 29
D 699 37 2 57 58 59 643
D 698 35 2 60 697 55 699
D 695 33 3 357 696 50 698 62 29
D 700 27 2 48 47 46 64
D 701 33 2 50 696 61 29
D 702 27 2 48 64 46 8
D 694 29 3 45 695 700 701 702 29
D 703 21 2 38 39 43 293
D 704 29 2 45 701 63 29
D 705 21 2 43 295 38 42
D 693 25 3 354 694 703 704 705 29
D 35 39 9 36 68 291 296 353 360 416 420 475 479 527 531 588 593 638 644 693 8
D 708 3 2 7 6 5 8
D 707 1 2 3 708 9 8
D 711 11 2 17 28 19 8
D 712 11 2 17 18 19 29
D 710 13 2 711 20 712 8
D 709 9 2 11 710 30 8
D 714 3 2 7 34 5 29
D 713 1 2 3 714 9 29
D 706 5 2 707 709 713 8
D 718 23 2 42 67 40 8
D 717 21 2 38 718 43 8
D 720 23 2 42 41 40 29
D 719 21 2 38 720 43 29
D 716 25 2 717 44 719 8
D 724 43 2 75 74 73 8
D 723 41 2 71 724 76 8
D 726 43 2 75 100 73 29
D 725 41 2 71 726 76 29
D 722 45 2 723 596 725 8
D 730 63 2 108 107 106 8
D 729 61 2 104 730 109 8
D 732 63 2 108 133 106 29
D 731 61 2 104 732 109 29
D 728 65 2 729 601 731 8
D 735 81 2 142 138 137 8
D 736 81 2 142 165 137 29
D 734 85 2 735 607 736 8
D 740 115 2 194 190 189 8
D 739 113 2 184 740 195 8
D 742 115 2 189 557 194 267
D 741 113 3 184 742 668 266 669 29
D 738 119 5 552 443 664 316 612 380 739 197 741 8
D 747 131 2 215 226 217 8
D 748 131 2 215 216 217 29
D 746 133 2 747 218 748 8
D 750 131 2 217 216 215 226
D 751 131 2 217 226 215 8
D 749 133 3 214 629 750 258 751 29
D 745 139 5 746 227 678 318 625 382 567 445 749 8
D 754 141 2 229 256 231 8
D 755 147 2 233 622 253 8
D 756 141 2 229 230 231 29
D 753 143 2 754 755 756 8
D 752 139 2 213 753 257 8
D 744 129 7 565 745 326 672 198 752 389 618 451 560 503 497 573 8
D 743 119 2 183 744 265 8
D 737 109 7 550 738 168 743 332 670 395 616 457 558 509 495 576 8
D 758 81 2 137 684 142 138
D 759 81 2 137 686 142 165
D 757 85 3 136 580 758 632 759 29
D 733 99 10 734 167 657 314 604 378 544 441 490 494 435 549 373 610 309 662 135 737 757 8
D 762 63 2 108 107 106 133
D 761 61 2 104 762 109 105
D 764 63 2 108 133 106 8
D 763 61 2 104 764 109 132
D 760 65 3 103 583 761 635 763 29
D 727 79 10 728 134 651 308 599 372 538 434 485 489 428 543 367 603 303 656 102 733 760 8
D 767 43 2 75 74 73 100
D 766 41 2 71 767 76 72
D 769 43 2 75 100 73 8
D 768 41 2 71 769 76 99
D 765 45 3 70 586 766 637 768 29
D 721 59 10 722 101 645 302 594 366 532 427 480 484 421 537 361 598 297 650 69 727 765 8
D 772 23 2 42 67 40 41
D 771 21 2 38 772 43 293
D 774 23 2 42 41 40 8
D 773 21 2 38 774 43 295
D 770 25 3 354 694 771 704 773 29
D 715 39 10 716 68 36 296 291 360 353 420 416 479 475 531 527 593 588 644 638 721 770 8
D 777 3 2 5 34 7 8
D 776 1 2 3 777 9 8
D 779 3 2 5 6 7 29
D 778 1 2 3 779 9 29
D 775 5 2 776 709 778 8
D 784 31 2 51 62 53 8
D 785 31 2 51 52 53 29
D 783 33 2 784 54 785 8
D 782 29 2 45 783 63 8
D 781 25 2 354 782 359 8
D 790 51 2 84 95 86 8
D 791 51 2 84 85 86 29
D 789 53 2 790 425 791 8
D 788 49 2 78 789 96 8
D 787 45 2 70 788 98 8
D 796 71 2 117 128 119 8
D 797 71 2 117 118 119 29
D 795 73 2 796 432 797 8
D 794 69 2 111 795 129 8
D 793 65 2 103 794 131 8
D 802 91 2 150 161 152 8
D 803 91 2 150 151 152 29
D 801 93 2 802 439 803 8
D 800 89 2 144 801 162 8
D 799 85 2 136 800 164 8
D 808 117 2 191 268 193 8
D 807 115 2 189 808 194 8
D 806 113 2 184 807 195 8
D 811 117 2 191 192 193 268
D 810 115 2 189 811 194 267
D 809 113 3 184 810 668 266 669 29
D 805 119 6 552 496 612 443 739 316 664 380 806 197 809 8
D 816 135 2 224 220 219 8
D 815 133 2 214 816 225 8
D 818 135 2 219 630 224 259
D 817 133 3 214 818 750 258 751 29
D 814 139 6 815 227 746 318 678 382 567 498 625 445 817 8
D 821 141 2 231 230 229 8
D 822 141 2 231 256 229 29
D 820 143 2 821 755 822 8
D 819 139 2 213 820 257 8
D 813 129 7 565 814 389 672 326 752 451 618 198 819 503 560 573 8
D 812 119 2 183 813 265 8
D 804 109 7 550 805 168 812 332 743 395 670 457 616 509 558 576 8
D 826 91 2 152 151 150 161
D 827 91 2 152 161 150 8
D 825 93 3 826 466 149 404 827 29
D 824 89 3 517 465 144 825 518 29
D 823 85 3 758 632 136 824 759 29
D 798 99 11 799 167 734 314 657 378 604 441 544 494 490 549 435 610 373 662 309 737 135 804 823 8
D 831 71 2 119 118 117 128
D 832 71 2 119 128 117 8
D 830 73 3 831 470 116 409 832 29
D 829 69 3 521 469 111 830 522 29
D 828 65 3 761 635 103 829 763 29
D 792 79 11 793 134 728 308 651 372 599 434 538 489 485 543 428 603 367 656 303 733 102 798 828 8
D 836 51 2 86 85 84 95
D 837 51 2 86 95 84 8
D 835 53 3 836 474 83 414 837 29
D 834 49 3 525 473 78 835 526 29
D 833 45 3 766 637 70 834 768 29
D 786 59 11 787 101 722 302 645 366 594 427 532 484 480 537 421 598 361 650 297 727 69 792 833 8
D 841 31 2 53 52 51 62
D 842 31 2 53 62 51 8
D 840 33 3 841 696 50 698 842 29
D 839 29 3 700 701 45 840 702 29
D 838 25 3 771 704 354 839 773 29
D 780 39 11 781 68 716 296 36 360 291 420 353 479 416 531 475 593 527 644 588 721 638 786 838 8
D 844 1 2 9 4 3 8
D 845 1 2 9 33 3 29
D 843 5 2 844 709 845 8
D 851 119 6 552 559 612 496 664 443 806 316 739 380 809 8
D 854 139 6 815 318 746 382 567 561 625 498 678 445 817 8
D 856 125 2 209 394 204 207
D 855 123 3 199 856 507 456 508 29
D 853 129 6 565 854 451 672 389 752 503 618 326 819 855 8
D 852 119 2 183 853 265 8
D 850 109 7 550 851 332 812 168 852 395 743 457 670 509 616 576 8
D 849 99 11 799 314 734 378 657 441 604 494 544 549 490 610 435 662 373 737 309 804 135 850 823 8
D 848 79 11 793 308 728 372 651 434 599 489 538 543 485 603 428 656 367 733 303 798 102 849 828 8
D 847 59 11 787 302 722 366 645 427 594 484 532 537 480 598 421 650 361 727 297 792 69 848 833 8
D 846 39 11 781 296 716 360 36 420 291 479 353 531 416 593 475 644 527 721 588 786 638 847 838 8
D 860 11 2 19 28 17 8
D 861 11 2 19 18 17 29
D 859 13 2 860 20 861 8
D 858 9 2 11 859 30 8
D 857 5 2 2 858 32 8
D 867 119 6 612 559 552 617 664 496 739 443 806 380 809 8
D 870 139 6 815 382 567 619 625 561 678 498 746 445 817 8
D 871 123 3 507 456 199 394 508 29
D 869 129 5 565 870 503 672 451 752 389 819 871 8
D 868 119 2 183 869 265 8
D 866 109 7 550 867 395 812 332 852 168 868 457 743 509 670 576 8
D 865 99 11 799 378 734 441 657 494 604 549 544 610 490 662 435 737 373 804 309 850 135 866 823 8
D 864 79 11 793 372 728 434 651 489 599 543 538 603 485 656 428 733 367 798 303 849 102 865 828 8
D 863 59 11 787 366 722 427 645 484 594 537 532 598 480 650 421 727 361 792 297 848 69 864 833 8
D 862 39 11 781 360 716 420 36 479 291 531 353 593 416 644 475 721 527 786 588 847 638 863 838 8
D 874 7 2 14 13 12 8
D 875 7 2 14 31 12 29
D 873 9 2 874 710 875 8
D 872 5 2 2 873 32 8
D 881 119 6 664 559 612 617 552 671 739 496 806 443 809 8
D 884 139 6 567 673 625 619 678 561 746 498 815 445 817 8
D 886 121 2 202 201 200 29
D 885 123 2 886 456 508 29
D 883 129 4 503 752 565 884 451 819 885 8
D 882 119 2 183 883 265 8
D 880 109 7 550 881 457 812 395 852 332 868 168 882 509 743 576 8
D 879 99 11 799 441 734 494 657 549 604 610 544 662 490 737 435 804 373 850 309 866 135 880 823 8
D 878 79 11 793 434 728 489 651 543 599 603 538 656 485 733 428 798 367 849 303 865 102 879 828 8
D 877 59 11 787 427 722 484 645 537 594 598 532 650 480 727 421 792 361 848 297 864 69 878 833 8
D 876 39 11 781 420 716 479 36 531 291 593 353 644 416 721 475 786 527 847 588 863 638 877 838 8
D 889 7 2 12 31 14 8
D 890 7 2 12 13 14 29
D 888 9 2 889 710 890 8
D 887 5 2 2 888 32 8
D 896 119 6 739 559 664 617 612 671 552 744 806 496 809 8
D 899 139 6 625 673 678 619 746 561 815 498 567 753 817 8
D 900 123 2 201 456 211 29
D 898 129 3 503 819 565 899 900 8
D 897 119 2 183 898 265 8
D 895 109 7 550 896 509 812 457 852 395 868 332 882 168 897 576 8
D 894 99 11 799 494 734 549 657 610 604 662 544 737 490 804 435 850 373 866 309 880 135 895 823 8
D 893 79 11 793 489 728 543 651 603 599 656 538 733 485 798 428 849 367 865 303 879 102 894 828 8
D 892 59 11 787 484 722 537 645 598 594 650 532 727 480 792 421 848 361 864 297 878 69 893 833 8
D 891 39 11 781 479 716 531 36 593 291 644 353 721 416 786 475 847 527 863 588 877 638 892 838 8
D 904 15 2 26 22 21 8
D 903 13 2 711 904 712 8
D 902 9 2 11 903 30 8
D 901 5 2 2 902 32 8
D 910 119 6 806 559 739 617 664 671 612 744 552 813 809 8
D 913 139 6 678 673 746 619 815 561 625 753 567 820 817 8
D 914 123 2 199 456 210 29
D 912 129 2 565 913 914 8
D 911 119 2 183 912 265 8
D 909 109 7 509 852 550 910 457 868 395 882 332 897 168 911 576 8
D 908 99 11 799 549 734 610 657 662 604 737 544 804 490 850 435 866 373 880 309 895 135 909 823 8
D 907 79 11 793 543 728 603 651 656 599 733 538 798 485 849 428 865 367 879 303 894 102 908 828 8
D 906 59 11 787 537 722 598 645 650 594 727 532 792 480 848 421 864 361 878 297 893 69 907 833 8
D 905 39 11 781 531 716 593 36 644 291 721 353 786 416 847 475 863 527 877 588 892 638 906 838 8
D 919 17 2 25 24 23 8
D 918 15 2 21 919 26 8
D 917 13 2 711 918 712 8
D 916 9 2 11 917 30 8
D 915 5 2 2 916 32 8
D 925 119 6 806 617 739 671 664 744 612 813 552 853 809 8
D 931 137 2 223 260 221 29
D 930 135 2 219 931 224 259
D 929 133 3 214 930 750 258 751 29
D 928 139 5 746 673 815 619 678 753 625 820 929 8
D 927 129 2 565 928 914 8
D 926 119 2 183 927 265 8
D 924 109 7 509 868 550 925 457 882 395 897 332 911 168 926 576 8
D 923 99 11 799 610 734 662 657 737 604 804 544 850 490 866 435 880 373 895 309 909 135 924 823 8
D 922 79 11 793 603 728 656 651 733 599 798 538 849 485 865 428 879 367 894 303 908 102 923 828 8
D 921 59 11 787 598 722 650 645 727 594 792 532 848 480 864 421 878 361 893 297 907 69 922 833 8
D 920 39 11 781 593 716 644 36 721 291 786 353 847 416 863 475 877 527 892 588 906 638 921 838 8
L 937 18 10
D 936 17 2 23 937 25 8
D 935 15 2 21 936 26 8
D 934 13 2 711 935 712 8
D 933 9 2 11 934 30 8
D 932 5 2 2 933 32 8
D 943 119 6 806 671 739 744 664 813 612 853 552 869 809 8
D 948 135 2 224 259 219 29
D 947 133 3 750 258 214 948 751 29
D 946 139 4 815 673 746 753 678 820 947 8
D 945 129 2 565 946 914 8
D 944 119 2 183 945 265 8
D 942 109 7 509 882 550 943 457 897 395 911 332 926 168 944 576 8
D 941 99 11 799 662 734 737 657 804 604 850 544 866 490 880 435 895 373 909 309 924 135 942 823 8
D 940 79 11 793 656 728 733 651 798 599 849 538 865 485 879 428 894 367 908 303 923 102 941 828 8
D 939 59 11 787 650 722 727 645 792 594 848 532 864 480 878 421 893 361 907 297 922 69 940 833 8
D 938 39 11 781 644 716 721 36 786 291 847 353 863 416 877 475 892 527 906 588 921 638 939 838 8
D 953 17 2 23 24 25 937
D 954 17 2 23 937 25 29
D 952 15 2 21 953 26 954
D 955 11 2 19 28 17 18
D 956 15 2 21 954 26 29
D 957 11 2 19 18 17 8
D 951 13 3 711 952 955 956 957 29
D 958 7 2 14 13 12 31
D 959 13 2 711 956 712 29
D 960 7 2 14 31 12 8
D 950 9 3 11 951 958 959 960 29
D 962 3 2 7 6 5 34
D 961 1 2 3 962 9 4
D 963 9 2 11 959 30 29
D 965 3 2 7 34 5 8
D 964 1 2 3 965 9 33
D 949 5 3 2 950 961 963 964 29
D 0 19 11 1 35 706 715 775 780 843 846 857 862 872 876 887 891 901 905 915 920 932 938 949 8
