c ids of sdd nodes start at 0
c sdd nodes appear bottom-up, children before parents
c
c file syntax:
c sdd count-of-sdd-nodes
c F id-of-false-sdd-node
c T id-of-true-sdd-node
c L id-of-literal-sdd-node id-of-vtree literal
c D id-of-decomposition-sdd-node id-of-vtree number-of-elements {id-of-prime id-of-sub}*
c
sdd 957
L 3 0 -4
L 5 2 -2
L 6 4 -3
L 7 2 2
F 8
D 4 3 2 5 6 7 8
L 9 0 4
D 2 1 2 3 4 9 8
L 12 6 -6
L 13 8 -7
L 14 6 6
D 11 7 2 12 13 14 8
L 17 10 -5
L 18 12 1
L 19 10 5
D 16 11 2 17 18 19 8
L 21 14 -8
L 23 16 -9
L 24 18 -10
L 25 16 9
D 22 17 2 23 24 25 8
L 26 14 8
D 20 15 2 21 22 26 8
L 28 12 -1
T 29
D 27 11 2 17 28 19 29
D 15 13 2 16 20 27 8
L 31 8 7
D 30 7 2 12 31 14 29
D 10 9 2 11 15 30 8
L 34 4 3
D 33 3 2 5 34 7 29
D 32 1 2 3 33 9 29
D 1 5 2 2 10 32 8
L 38 20 14
L 40 22 -12
L 41 24 -13
L 42 22 12
D 39 23 2 40 41 42 8
L 43 20 -14
D 37 21 2 38 39 43 8
L 46 26 -16
L 47 28 -17
L 48 26 16
D 45 27 2 46 47 48 8
L 51 30 -15
L 52 32 -11
L 53 30 15
D 50 31 2 51 52 53 8
L 55 34 -18
L 57 36 -19
L 58 38 -20
L 59 36 19
D 56 37 2 57 58 59 8
L 60 34 18
D 54 35 2 55 56 60 8
L 62 32 11
D 61 31 2 51 62 53 29
D 49 33 2 50 54 61 8
L 64 28 17
D 63 27 2 46 64 48 29
D 44 29 2 45 49 63 8
L 67 24 13
D 66 23 2 40 67 42 29
D 65 21 2 38 66 43 29
D 36 25 2 37 44 65 8
L 71 40 -24
L 73 42 -22
L 74 44 -23
L 75 42 22
D 72 43 2 73 74 75 8
L 76 40 24
D 70 41 2 71 72 76 8
L 79 46 -26
L 80 48 -27
L 81 46 26
D 78 47 2 79 80 81 8
L 84 50 -25
L 85 52 -21
L 86 50 25
D 83 51 2 84 85 86 8
L 88 54 -28
L 90 56 -29
L 91 58 30
L 92 56 29
D 89 57 2 90 91 92 8
L 93 54 28
D 87 55 2 88 89 93 8
L 95 52 21
D 94 51 2 84 95 86 29
D 82 53 2 83 87 94 8
L 97 48 27
D 96 47 2 79 97 81 29
D 77 49 2 78 82 96 8
L 100 44 23
D 99 43 2 73 100 75 29
D 98 41 2 71 99 76 29
D 69 45 2 70 77 98 8
L 104 60 -34
L 106 62 -32
L 107 64 -33
L 108 62 32
D 105 63 2 106 107 108 8
L 109 60 34
D 103 61 2 104 105 109 8
L 112 66 -36
L 113 68 -37
L 114 66 36
D 111 67 2 112 113 114 8
L 117 70 -35
L 118 72 -31
L 119 70 35
D 116 71 2 117 118 119 8
L 121 74 -38
L 123 76 -39
L 124 78 40
L 125 76 39
D 122 77 2 123 124 125 8
L 126 74 38
D 120 75 2 121 122 126 8
L 128 72 31
D 127 71 2 117 128 119 29
D 115 73 2 116 120 127 8
L 130 68 37
D 129 67 2 112 130 114 29
D 110 69 2 111 115 129 8
L 133 64 33
D 132 63 2 106 133 108 29
D 131 61 2 104 132 109 29
D 102 65 2 103 110 131 8
L 137 80 -42
L 139 82 -43
L 140 84 -44
L 141 82 43
D 138 83 2 139 140 141 8
L 142 80 42
D 136 81 2 137 138 142 8
L 145 86 -46
L 146 88 -47
L 147 86 46
D 144 87 2 145 146 147 8
L 150 90 -45
L 151 92 -41
L 152 90 45
D 149 91 2 150 151 152 8
L 154 94 -48
L 156 96 -49
L 157 98 50
L 158 96 49
D 155 97 2 156 157 158 8
L 159 94 48
D 153 95 2 154 155 159 8
L 161 92 41
D 160 91 2 150 161 152 29
D 148 93 2 149 153 160 8
L 163 88 47
D 162 87 2 145 163 147 29
D 143 89 2 144 148 162 8
L 166 84 44
D 165 83 2 139 166 141 29
D 164 81 2 137 165 142 29
D 135 85 2 136 143 164 8
L 170 100 -56
L 171 102 -57
L 172 100 56
D 169 101 2 170 171 172 8
L 174 104 -58
L 176 106 -59
L 177 108 60
L 178 106 59
D 175 107 2 176 177 178 8
L 179 104 58
D 173 105 2 174 175 179 8
L 181 102 57
D 180 101 2 170 181 172 29
D 168 103 2 169 173 180 8
L 185 110 -53
L 186 112 -54
L 187 110 53
D 184 111 2 185 186 187 8
L 189 114 -52
L 191 116 -55
L 192 118 -51
L 193 116 55
D 190 117 2 191 192 193 8
L 194 114 52
D 188 115 2 189 190 194 8
L 196 112 54
D 195 111 2 185 196 187 29
D 183 113 2 184 188 195 8
L 200 120 -76
L 201 122 -77
L 202 120 76
D 199 121 2 200 201 202 8
L 204 124 -78
L 206 126 -79
L 207 128 80
L 208 126 79
D 205 127 2 206 207 208 8
L 209 124 78
D 203 125 2 204 205 209 8
L 211 122 77
D 210 121 2 200 211 202 29
D 198 123 2 199 203 210 8
L 215 130 -73
L 216 132 -72
L 217 130 73
D 214 131 2 215 216 217 8
L 219 134 -71
L 221 136 -74
L 222 138 -75
L 223 136 74
D 220 137 2 221 222 223 8
L 224 134 71
D 218 135 2 219 220 224 8
L 226 132 72
D 225 131 2 215 226 217 29
D 213 133 2 214 218 225 8
L 229 140 -61
L 230 142 -62
L 231 140 61
D 228 141 2 229 230 231 8
L 234 144 -63
L 235 146 -64
L 236 144 63
D 233 145 2 234 235 236 8
L 238 148 -65
L 240 150 -66
L 242 152 -67
L 244 154 -68
L 246 156 -69
L 247 158 70
L 248 156 69
D 245 157 2 246 247 248 8
L 249 154 68
D 243 155 2 244 245 249 8
L 250 152 67
D 241 153 2 242 243 250 8
L 251 150 66
D 239 151 2 240 241 251 8
L 252 148 65
D 237 149 2 238 239 252 8
L 254 146 64
D 253 145 2 234 254 236 29
D 232 147 2 233 237 253 8
L 256 142 62
D 255 141 2 229 256 231 29
D 227 143 2 228 232 255 8
L 260 138 75
D 259 137 2 221 260 223 29
D 258 135 2 219 259 224 29
D 257 133 2 214 258 225 29
D 212 139 2 213 227 257 8
L 264 128 -80
D 263 127 2 206 264 208 29
D 262 125 2 204 263 209 29
D 261 123 2 199 262 210 29
D 197 129 2 198 212 261 8
L 268 118 51
D 267 117 2 191 268 193 29
D 266 115 2 189 267 194 29
D 265 113 2 184 266 195 29
D 182 119 2 183 197 265 8
L 272 108 -60
D 271 107 2 176 272 178 29
D 270 105 2 174 271 179 29
D 269 103 2 169 270 180 29
D 167 109 2 168 182 269 8
L 278 98 -50
D 277 97 2 156 278 158 29
D 276 95 2 154 277 159 29
D 275 93 2 149 276 160 29
D 274 89 2 144 275 162 29
D 273 85 2 136 274 164 29
D 134 99 2 135 167 273 8
L 284 78 -40
D 283 77 2 123 284 125 29
D 282 75 2 121 283 126 29
D 281 73 2 116 282 127 29
D 280 69 2 111 281 129 29
D 279 65 2 103 280 131 29
D 101 79 2 102 134 279 8
L 290 58 -30
D 289 57 2 90 290 92 29
D 288 55 2 88 289 93 29
D 287 53 2 83 288 94 29
D 286 49 2 78 287 96 29
D 285 45 2 70 286 98 29
D 68 59 2 69 101 285 8
D 292 21 2 43 39 38 8
D 295 31 2 53 52 51 8
D 296 31 2 53 62 51 29
D 294 33 2 295 54 296 8
D 293 29 2 45 294 63 8
D 297 21 2 43 66 38 29
D 291 25 2 292 293 297 8
D 303 57 2 92 290 90 8
D 302 55 2 88 303 93 8
D 301 53 2 83 302 94 8
D 300 49 2 78 301 96 8
D 299 45 2 70 300 98 8
D 309 77 2 125 284 123 8
D 308 75 2 121 309 126 8
D 307 73 2 116 308 127 8
D 306 69 2 111 307 129 8
D 305 65 2 103 306 131 8
D 315 97 2 158 278 156 8
D 314 95 2 154 315 159 8
D 313 93 2 149 314 160 8
D 312 89 2 144 313 162 8
D 311 85 2 136 312 164 8
L 327 158 -70
D 326 157 2 248 327 246 8
D 325 155 2 244 326 249 8
D 324 153 2 242 325 250 8
D 323 151 2 240 324 251 8
D 322 149 2 238 323 252 8
D 321 147 2 233 322 253 8
D 320 143 2 228 321 255 8
D 319 139 2 213 320 257 8
D 330 127 2 208 264 206 8
D 329 125 2 204 330 209 8
D 328 123 2 199 329 210 8
D 333 127 2 206 264 208 207
D 332 125 2 204 333 209 29
D 331 123 2 199 332 210 29
D 318 129 3 198 319 328 212 331 8
D 317 119 2 183 318 265 8
D 336 107 2 178 272 176 8
D 335 105 2 174 336 179 8
D 334 103 2 169 335 180 8
D 339 107 2 176 272 178 177
D 338 105 2 174 339 179 29
D 337 103 2 169 338 180 29
D 316 109 3 168 317 334 182 337 8
D 344 97 2 156 278 158 157
D 343 95 2 154 344 159 29
D 342 93 2 149 343 160 29
D 341 89 2 144 342 162 29
D 340 85 2 136 341 164 29
D 310 99 3 311 167 135 316 340 8
D 349 77 2 123 284 125 124
D 348 75 2 121 349 126 29
D 347 73 2 116 348 127 29
D 346 69 2 111 347 129 29
D 345 65 2 103 346 131 29
D 304 79 3 305 134 102 310 345 8
D 354 57 2 90 290 92 91
D 353 55 2 88 354 93 29
D 352 53 2 83 353 94 29
D 351 49 2 78 352 96 29
D 350 45 2 70 351 98 29
D 298 59 3 299 101 69 304 350 8
D 357 27 2 48 47 46 8
D 358 27 2 48 64 46 29
D 356 29 2 357 49 358 8
D 355 25 2 292 356 297 8
D 364 57 2 90 290 92 8
D 363 55 2 93 364 88 8
D 362 53 2 83 363 94 8
D 361 49 2 78 362 96 8
D 360 45 2 70 361 98 8
D 370 77 2 123 284 125 8
D 369 75 2 126 370 121 8
D 368 73 2 116 369 127 8
D 367 69 2 111 368 129 8
D 366 65 2 103 367 131 8
D 376 97 2 156 278 158 8
D 375 95 2 159 376 154 8
D 374 93 2 149 375 160 8
D 373 89 2 144 374 162 8
D 372 85 2 136 373 164 8
D 387 157 2 246 327 248 8
D 386 155 2 249 387 244 8
D 385 153 2 242 386 250 8
D 384 151 2 240 385 251 8
D 383 149 2 238 384 252 8
D 382 147 2 233 383 253 8
D 381 143 2 228 382 255 8
D 380 139 2 213 381 257 8
D 390 127 2 206 264 208 8
D 389 125 2 209 390 204 8
D 388 123 2 199 389 210 8
D 393 127 2 206 207 208 29
D 392 125 2 204 333 209 393
D 391 123 2 199 392 210 29
D 379 129 4 198 380 328 319 388 212 391 8
D 378 119 2 183 379 265 8
D 396 107 2 176 272 178 8
D 395 105 2 179 396 174 8
D 394 103 2 169 395 180 8
D 399 107 2 176 177 178 29
D 398 105 2 174 339 179 399
D 397 103 2 169 398 180 29
D 377 109 4 168 378 334 317 394 182 397 8
D 404 97 2 156 157 158 29
D 403 95 2 159 404 154 344
D 402 93 2 149 403 160 29
D 401 89 2 144 402 162 29
D 400 85 2 136 401 164 29
D 371 99 4 372 167 311 316 135 377 400 8
D 409 77 2 123 124 125 29
D 408 75 2 126 409 121 349
D 407 73 2 116 408 127 29
D 406 69 2 111 407 129 29
D 405 65 2 103 406 131 29
D 365 79 4 366 134 305 310 102 371 405 8
D 414 57 2 90 91 92 29
D 413 55 2 93 414 88 354
D 412 53 2 83 413 94 29
D 411 49 2 78 412 96 29
D 410 45 2 70 411 98 29
D 359 59 4 360 101 299 304 69 365 410 8
D 417 27 2 46 64 48 8
D 418 27 2 46 47 48 29
D 416 29 2 417 49 418 8
D 415 25 2 292 416 297 8
D 422 47 2 79 97 81 8
D 424 55 2 88 364 93 8
D 423 53 2 83 424 94 8
D 425 47 2 79 80 81 29
D 421 49 2 422 423 425 8
D 420 45 2 70 421 98 8
D 429 67 2 112 130 114 8
D 431 75 2 121 370 126 8
D 430 73 2 116 431 127 8
D 432 67 2 112 113 114 29
D 428 69 2 429 430 432 8
D 427 65 2 103 428 131 8
D 436 87 2 145 163 147 8
D 438 95 2 154 376 159 8
D 437 93 2 149 438 160 8
D 439 87 2 145 146 147 29
D 435 89 2 436 437 439 8
D 434 85 2 136 435 164 8
D 449 155 2 244 387 249 8
D 448 153 2 250 449 242 8
D 447 151 2 240 448 251 8
D 446 149 2 238 447 252 8
D 445 147 2 233 446 253 8
D 444 143 2 228 445 255 8
D 443 139 2 213 444 257 8
D 451 121 2 200 211 202 8
D 452 125 2 204 390 209 8
D 453 121 2 200 201 202 29
D 450 123 2 451 452 453 8
D 455 125 2 204 393 209 29
D 454 123 3 199 392 451 455 202 29
D 442 129 5 198 443 328 380 388 319 450 212 454 8
D 441 119 2 183 442 265 8
D 457 101 2 170 181 172 8
D 458 105 2 174 396 179 8
D 459 101 2 170 171 172 29
D 456 103 2 457 458 459 8
D 461 105 2 174 399 179 29
D 460 103 3 169 398 457 461 172 29
D 440 109 5 168 441 334 378 394 317 456 182 460 8
D 465 95 2 154 404 159 29
D 464 93 2 149 465 160 29
D 463 89 3 144 402 436 464 147 29
D 462 85 2 136 463 164 29
D 433 99 5 434 167 372 316 311 377 135 440 462 8
D 469 75 2 121 409 126 29
D 468 73 2 116 469 127 29
D 467 69 3 111 407 429 468 114 29
D 466 65 2 103 467 131 29
D 426 79 5 427 134 366 310 305 371 102 433 466 8
D 473 55 2 88 414 93 29
D 472 53 2 83 473 94 29
D 471 49 3 78 412 422 472 81 29
D 470 45 2 70 471 98 29
D 419 59 5 420 101 360 304 299 365 69 426 470 8
D 477 35 2 60 56 55 8
D 476 33 2 50 477 61 8
D 475 29 2 45 476 63 8
D 474 25 2 292 475 297 8
D 481 47 2 81 80 79 8
D 482 47 2 81 97 79 29
D 480 49 2 481 423 482 8
D 479 45 2 70 480 98 8
D 486 67 2 114 113 112 8
D 487 67 2 114 130 112 29
D 485 69 2 486 430 487 8
D 484 65 2 103 485 131 8
D 491 87 2 147 146 145 8
D 492 87 2 147 163 145 29
D 490 89 2 491 437 492 8
D 489 85 2 136 490 164 8
D 501 153 2 242 449 250 8
D 500 151 2 251 501 240 8
D 499 149 2 238 500 252 8
D 498 147 2 233 499 253 8
D 497 143 2 228 498 255 8
D 496 139 2 213 497 257 8
D 503 121 2 202 201 200 8
D 504 121 2 202 211 200 29
D 502 123 2 503 452 504 8
D 506 121 2 202 201 200 211
D 507 121 2 202 211 200 8
D 505 123 3 199 392 506 455 507 29
D 495 129 6 198 496 328 443 388 380 450 319 502 212 505 8
D 494 119 2 183 495 265 8
D 509 101 2 172 171 170 8
D 510 101 2 172 181 170 29
D 508 103 2 509 458 510 8
D 512 101 2 172 171 170 181
D 513 101 2 172 181 170 8
D 511 103 3 169 398 512 461 513 29
D 493 109 6 168 494 334 441 394 378 456 317 508 182 511 8
D 516 87 2 147 146 145 163
D 517 87 2 147 163 145 8
D 515 89 3 144 402 516 464 517 29
D 514 85 2 136 515 164 29
D 488 99 6 489 167 434 316 372 377 311 440 135 493 514 8
D 520 67 2 114 113 112 130
D 521 67 2 114 130 112 8
D 519 69 3 111 407 520 468 521 29
D 518 65 2 103 519 131 29
D 483 79 6 484 134 427 310 366 371 305 433 102 488 518 8
D 524 47 2 81 80 79 97
D 525 47 2 81 97 79 8
D 523 49 3 78 412 524 472 525 29
D 522 45 2 70 523 98 29
D 478 59 6 479 101 420 304 360 365 299 426 69 483 522 8
D 530 37 2 59 58 57 8
D 529 35 2 55 530 60 8
D 528 33 2 50 529 61 8
D 527 29 2 45 528 63 8
D 526 25 2 292 527 297 8
D 535 51 2 86 85 84 8
D 536 51 2 86 95 84 29
D 534 53 2 535 424 536 8
D 533 49 2 78 534 96 8
D 532 45 2 70 533 98 8
D 541 71 2 119 118 117 8
D 542 71 2 119 128 117 29
D 540 73 2 541 431 542 8
D 539 69 2 111 540 129 8
D 538 65 2 103 539 131 8
D 547 91 2 152 151 150 8
D 548 91 2 152 161 150 29
D 546 93 2 547 438 548 8
D 545 89 2 144 546 162 8
D 544 85 2 136 545 164 8
D 550 103 2 169 458 180 8
D 554 117 2 193 192 191 8
D 553 115 2 189 554 194 8
D 552 113 2 184 553 195 8
D 557 117 2 193 268 191 29
D 556 115 2 189 557 194 29
D 555 113 2 184 556 195 29
D 551 119 2 552 197 555 8
D 564 151 2 240 501 251 8
D 563 149 2 252 564 238 8
D 562 147 2 233 563 253 8
D 561 143 2 228 562 255 8
D 560 139 2 213 561 257 8
D 565 123 2 199 452 210 8
D 569 137 2 221 260 223 8
D 568 135 2 219 569 224 8
D 567 133 2 214 568 225 8
D 572 137 2 221 222 223 29
D 571 135 2 219 572 224 29
D 570 133 2 214 571 225 29
D 566 139 2 567 227 570 8
D 575 127 2 208 207 206 8
D 574 125 2 204 575 209 393
D 573 123 3 199 574 506 455 507 29
D 559 129 7 198 560 565 566 328 496 388 443 450 380 502 319 573 8
D 558 119 2 183 559 265 8
D 578 107 2 178 177 176 8
D 577 105 2 174 578 179 399
D 576 103 3 169 577 512 461 513 29
D 549 109 7 550 551 168 558 334 494 394 441 456 378 508 317 576 8
D 581 93 3 547 465 149 403 161 29
D 580 89 3 144 581 516 464 517 29
D 579 85 2 136 580 164 29
D 543 99 7 544 167 489 316 434 377 372 440 311 493 135 549 579 8
D 584 73 3 541 469 116 408 128 29
D 583 69 3 111 584 520 468 521 29
D 582 65 2 103 583 131 29
D 537 79 7 538 134 484 310 427 371 366 433 305 488 102 543 582 8
D 587 53 3 535 473 83 413 95 29
D 586 49 3 78 587 524 472 525 29
D 585 45 2 70 586 98 29
D 531 59 7 532 101 479 304 420 365 360 426 299 483 69 537 585 8
L 593 38 20
D 592 37 2 57 593 59 8
D 591 35 2 55 592 60 8
D 590 33 2 50 591 61 8
D 589 29 2 45 590 63 8
D 588 25 2 292 589 297 8
D 596 41 2 76 72 71 8
D 597 49 2 78 423 96 8
D 598 41 2 76 99 71 29
D 595 45 2 596 597 598 8
D 601 61 2 109 105 104 8
D 602 69 2 111 430 129 8
D 603 61 2 109 132 104 29
D 600 65 2 601 602 603 8
D 607 83 2 139 166 141 8
D 606 81 2 137 607 142 8
D 608 89 2 144 437 162 8
D 610 83 2 139 140 141 29
D 609 81 2 137 610 142 29
D 605 85 2 606 608 609 8
D 614 111 2 185 196 187 8
D 615 111 2 185 186 187 29
D 613 113 2 614 188 615 8
D 616 113 3 184 556 614 266 187 29
D 612 119 3 552 318 613 197 616 8
D 622 145 2 234 254 236 8
D 623 149 2 238 564 252 8
D 624 145 2 234 235 236 29
D 621 147 2 622 623 624 8
D 620 143 2 228 621 255 8
D 619 139 2 213 620 257 8
D 628 137 2 223 222 221 8
D 627 135 2 219 628 224 8
D 626 133 2 214 627 225 8
D 631 137 2 221 222 223 260
D 630 135 2 219 631 224 29
D 629 133 2 214 630 225 29
D 625 139 3 626 227 567 320 629 8
D 618 129 7 198 619 565 625 328 560 388 496 450 443 502 380 573 8
D 617 119 2 183 618 265 8
D 611 109 7 550 612 168 617 334 558 394 494 456 441 508 378 576 8
D 633 89 2 144 464 162 29
D 634 81 2 137 141 142 29
D 632 85 3 136 580 606 633 634 29
D 604 99 8 605 167 544 316 489 377 434 440 372 493 311 549 135 611 632 8
D 636 69 2 111 468 129 29
D 635 65 3 103 583 601 636 132 29
D 599 79 8 600 134 538 310 484 371 427 433 366 488 305 543 102 604 635 8
D 638 49 2 78 472 96 29
D 637 45 3 70 586 596 638 99 29
D 594 59 8 595 101 532 304 479 365 420 426 360 483 299 537 69 599 637 8
D 643 37 2 57 593 59 29
D 642 35 2 55 643 60 29
D 645 37 2 57 58 59 593
D 644 35 2 60 643 55 645
D 641 33 3 295 642 50 644 62 29
D 646 27 2 48 47 46 64
D 647 33 2 50 642 61 29
D 648 27 2 48 64 46 8
D 640 29 3 45 641 646 647 648 29
D 649 29 2 45 647 63 29
D 639 25 3 292 640 37 649 66 29
D 35 39 8 36 68 291 298 355 359 415 419 474 478 526 531 588 594 639 8
D 652 3 2 7 6 5 8
D 651 1 2 3 652 9 8
D 655 11 2 17 28 19 8
D 656 11 2 17 18 19 29
D 654 13 2 655 20 656 8
D 653 9 2 11 654 30 8
D 658 3 2 7 34 5 29
D 657 1 2 3 658 9 29
D 650 5 2 651 653 657 8
D 662 23 2 40 67 42 8
D 661 21 2 43 662 38 8
D 664 23 2 40 41 42 29
D 663 21 2 43 664 38 29
D 660 25 2 661 44 663 8
D 668 43 2 73 100 75 8
D 667 41 2 71 668 76 8
D 670 43 2 73 74 75 29
D 669 41 2 71 670 76 29
D 666 45 2 667 597 669 8
D 674 63 2 106 133 108 8
D 673 61 2 104 674 109 8
D 676 63 2 106 107 108 29
D 675 61 2 104 676 109 29
D 672 65 2 673 602 675 8
D 680 83 2 141 140 139 8
D 679 81 2 137 680 142 8
D 682 83 2 141 166 139 29
D 681 81 2 137 682 142 29
D 678 85 2 679 608 681 8
D 686 111 2 187 186 185 8
D 687 111 2 187 196 185 29
D 685 113 2 686 188 687 8
D 689 111 2 187 186 185 196
D 690 111 2 187 196 185 8
D 688 113 3 184 556 689 266 690 29
D 684 119 4 613 318 552 379 685 197 688 8
D 696 145 2 236 235 234 8
D 697 145 2 236 254 234 29
D 695 147 2 696 623 697 8
D 694 143 2 228 695 255 8
D 693 139 2 213 694 257 8
D 700 131 2 217 216 215 8
D 701 131 2 217 226 215 29
D 699 133 2 700 218 701 8
D 702 133 3 214 630 700 258 226 29
D 698 139 4 699 227 626 320 567 381 702 8
D 692 129 7 198 693 565 698 328 619 388 560 450 496 502 443 573 8
D 691 119 2 183 692 265 8
D 683 109 7 550 684 168 691 334 617 394 558 456 494 508 441 576 8
D 705 83 2 141 140 139 166
D 704 81 2 137 705 142 8
D 707 83 2 141 166 139 8
D 706 81 2 137 707 142 29
D 703 85 3 136 580 704 633 706 29
D 677 99 9 678 167 605 316 544 377 489 440 434 493 372 549 311 611 135 683 703 8
D 709 61 2 104 674 109 105
D 710 61 2 109 132 104 108
D 708 65 3 103 583 709 636 710 29
D 671 79 9 672 134 600 310 538 371 484 433 427 488 366 543 305 604 102 677 708 8
D 712 41 2 71 668 76 72
D 713 41 2 76 99 71 75
D 711 45 3 70 586 712 638 713 29
D 665 59 9 666 101 595 304 532 365 479 426 420 483 360 537 299 599 69 671 711 8
D 715 21 2 43 662 38 39
D 716 21 2 38 66 43 42
D 714 25 3 292 640 715 649 716 29
D 659 39 9 660 68 36 298 291 359 355 419 415 478 474 531 526 594 588 665 714 8
D 719 3 2 5 34 7 8
D 718 1 2 3 719 9 8
D 721 3 2 5 6 7 29
D 720 1 2 3 721 9 29
D 717 5 2 718 653 720 8
D 725 23 2 42 41 40 8
D 724 21 2 43 725 38 8
D 727 23 2 42 67 40 29
D 726 21 2 43 727 38 29
D 723 25 2 724 44 726 8
D 731 43 2 75 74 73 8
D 730 41 2 71 731 76 8
D 733 43 2 75 100 73 29
D 732 41 2 71 733 76 29
D 729 45 2 730 597 732 8
D 737 63 2 108 107 106 8
D 736 61 2 104 737 109 8
D 739 63 2 108 133 106 29
D 738 61 2 104 739 109 29
D 735 65 2 736 602 738 8
D 742 81 2 142 138 137 8
D 743 81 2 142 165 137 29
D 741 85 2 742 608 743 8
D 747 115 2 194 190 189 8
D 746 113 2 184 747 195 8
D 749 115 2 189 557 194 267
D 748 113 3 184 749 689 266 690 29
D 745 119 5 552 442 685 318 613 379 746 197 748 8
D 754 131 2 215 226 217 8
D 755 131 2 215 216 217 29
D 753 133 2 754 218 755 8
D 757 131 2 217 216 215 226
D 758 131 2 217 226 215 8
D 756 133 3 214 630 757 258 758 29
D 752 139 5 753 227 699 320 626 381 567 444 756 8
D 761 141 2 229 256 231 8
D 762 147 2 233 623 253 8
D 763 141 2 229 230 231 29
D 760 143 2 761 762 763 8
D 759 139 2 213 760 257 8
D 751 129 7 565 752 328 693 198 759 388 619 450 560 502 496 573 8
D 750 119 2 183 751 265 8
D 744 109 7 550 745 168 750 334 691 394 617 456 558 508 494 576 8
D 765 81 2 137 705 142 138
D 766 81 2 137 707 142 165
D 764 85 3 136 580 765 633 766 29
D 740 99 10 741 167 678 316 605 377 544 440 489 493 434 549 372 611 311 683 135 744 764 8
D 769 63 2 108 107 106 133
D 768 61 2 104 769 109 105
D 771 63 2 108 133 106 8
D 770 61 2 104 771 109 132
D 767 65 3 103 583 768 636 770 29
D 734 79 10 735 134 672 310 600 371 538 433 484 488 427 543 366 604 305 677 102 740 767 8
D 774 43 2 75 74 73 100
D 773 41 2 71 774 76 72
D 776 43 2 75 100 73 8
D 775 41 2 71 776 76 99
D 772 45 3 70 586 773 638 775 29
D 728 59 10 729 101 666 304 595 365 532 426 479 483 420 537 360 599 299 671 69 734 772 8
D 779 23 2 42 41 40 67
D 778 21 2 43 779 38 39
D 781 23 2 42 67 40 8
D 780 21 2 43 781 38 66
D 777 25 3 292 640 778 649 780 29
D 722 39 10 723 68 660 298 36 359 291 419 355 478 415 531 474 594 526 665 588 728 777 8
D 783 1 2 9 4 3 8
D 784 1 2 9 33 3 29
D 782 5 2 783 653 784 8
D 789 31 2 51 62 53 8
D 790 31 2 51 52 53 29
D 788 33 2 789 54 790 8
D 787 29 2 45 788 63 8
D 786 25 2 292 787 297 8
D 795 51 2 84 95 86 8
D 796 51 2 84 85 86 29
D 794 53 2 795 424 796 8
D 793 49 2 78 794 96 8
D 792 45 2 70 793 98 8
D 801 71 2 117 128 119 8
D 802 71 2 117 118 119 29
D 800 73 2 801 431 802 8
D 799 69 2 111 800 129 8
D 798 65 2 103 799 131 8
D 807 91 2 150 161 152 8
D 808 91 2 150 151 152 29
D 806 93 2 807 438 808 8
D 805 89 2 144 806 162 8
D 804 85 2 136 805 164 8
D 813 117 2 191 268 193 8
D 812 115 2 189 813 194 8
D 811 113 2 184 812 195 8
D 816 117 2 191 192 193 268
D 815 115 2 189 816 194 267
D 814 113 3 184 815 689 266 690 29
D 810 119 6 552 495 613 442 746 318 685 379 811 197 814 8
D 821 135 2 224 220 219 8
D 820 133 2 214 821 225 8
D 823 135 2 219 631 224 259
D 822 133 3 214 823 757 258 758 29
D 819 139 6 820 227 753 320 699 381 567 497 626 444 822 8
D 826 141 2 231 230 229 8
D 827 141 2 231 256 229 29
D 825 143 2 826 762 827 8
D 824 139 2 213 825 257 8
D 818 129 7 565 819 388 693 328 759 450 619 198 824 502 560 573 8
D 817 119 2 183 818 265 8
D 809 109 7 550 810 168 817 334 750 394 691 456 617 508 558 576 8
D 831 91 2 152 151 150 161
D 832 91 2 152 161 150 8
D 830 93 3 831 465 149 403 832 29
D 829 89 3 516 464 144 830 517 29
D 828 85 3 765 633 136 829 766 29
D 803 99 11 804 167 741 316 678 377 605 440 544 493 489 549 434 611 372 683 311 744 135 809 828 8
D 836 71 2 119 118 117 128
D 837 71 2 119 128 117 8
D 835 73 3 836 469 116 408 837 29
D 834 69 3 520 468 111 835 521 29
D 833 65 3 768 636 103 834 770 29
D 797 79 11 798 134 735 310 672 371 600 433 538 488 484 543 427 604 366 677 305 740 102 803 833 8
D 841 51 2 86 85 84 95
D 842 51 2 86 95 84 8
D 840 53 3 841 473 83 413 842 29
D 839 49 3 524 472 78 840 525 29
D 838 45 3 773 638 70 839 775 29
D 791 59 11 792 101 729 304 666 365 595 426 532 483 479 537 420 599 360 671 299 734 69 797 838 8
D 846 31 2 53 52 51 62
D 847 31 2 53 62 51 8
D 845 33 3 846 642 50 644 847 29
D 844 29 3 646 647 45 845 648 29
D 843 25 3 778 649 292 844 780 29
D 785 39 11 786 68 723 298 660 359 36 419 291 478 355 531 415 594 474 665 526 728 588 791 843 8
D 851 11 2 19 28 17 8
D 852 11 2 19 18 17 29
D 850 13 2 851 20 852 8
D 849 9 2 11 850 30 8
D 848 5 2 2 849 32 8
D 858 119 6 552 559 613 495 685 442 811 318 746 379 814 8
D 861 139 6 820 320 753 381 567 561 626 497 699 444 822 8
D 863 125 2 209 393 204 207
D 862 123 3 199 863 506 455 507 29
D 860 129 6 565 861 450 693 388 759 502 619 328 824 862 8
D 859 119 2 183 860 265 8
D 857 109 7 550 858 334 817 168 859 394 750 456 691 508 617 576 8
D 856 99 11 804 316 741 377 678 440 605 493 544 549 489 611 434 683 372 744 311 809 135 857 828 8
D 855 79 11 798 310 735 371 672 433 600 488 538 543 484 604 427 677 366 740 305 803 102 856 833 8
D 854 59 11 792 304 729 365 666 426 595 483 532 537 479 599 420 671 360 734 299 797 69 855 838 8
D 853 39 11 786 298 723 359 660 419 36 478 291 531 355 594 415 665 474 728 526 791 588 854 843 8
D 866 7 2 14 13 12 8
D 867 7 2 14 31 12 29
D 865 9 2 866 654 867 8
D 864 5 2 2 865 32 8
D 873 119 6 613 559 552 618 685 495 746 442 811 379 814 8
D 876 139 6 820 381 567 620 626 561 699 497 753 444 822 8
D 877 123 3 506 455 199 393 507 29
D 875 129 5 565 876 502 693 450 759 388 824 877 8
D 874 119 2 183 875 265 8
D 872 109 7 550 873 394 817 334 859 168 874 456 750 508 691 576 8
D 871 99 11 804 377 741 440 678 493 605 549 544 611 489 683 434 744 372 809 311 857 135 872 828 8
D 870 79 11 798 371 735 433 672 488 600 543 538 604 484 677 427 740 366 803 305 856 102 871 833 8
D 869 59 11 792 365 729 426 666 483 595 537 532 599 479 671 420 734 360 797 299 855 69 870 838 8
D 868 39 11 786 359 723 419 660 478 36 531 291 594 355 665 415 728 474 791 526 854 588 869 843 8
D 880 7 2 12 31 14 8
D 881 7 2 12 13 14 29
D 879 9 2 880 654 881 8
D 878 5 2 2 879 32 8
D 887 119 6 685 559 613 618 552 692 746 495 811 442 814 8
D 890 139 6 567 694 626 620 699 561 753 497 820 444 822 8
D 892 121 2 202 201 200 29
D 891 123 2 892 455 507 29
D 889 129 4 502 759 565 890 450 824 891 8
D 888 119 2 183 889 265 8
D 886 109 7 550 887 456 817 394 859 334 874 168 888 508 750 576 8
D 885 99 11 804 440 741 493 678 549 605 611 544 683 489 744 434 809 372 857 311 872 135 886 828 8
D 884 79 11 798 433 735 488 672 543 600 604 538 677 484 740 427 803 366 856 305 871 102 885 833 8
D 883 59 11 792 426 729 483 666 537 595 599 532 671 479 734 420 797 360 855 299 870 69 884 838 8
D 882 39 11 786 419 723 478 660 531 36 594 291 665 355 728 415 791 474 854 526 869 588 883 843 8
D 896 15 2 26 22 21 8
D 895 13 2 655 896 656 8
D 894 9 2 11 895 30 8
D 893 5 2 2 894 32 8
D 902 119 6 746 559 685 618 613 692 552 751 811 495 814 8
D 905 139 6 626 694 699 620 753 561 820 497 567 760 822 8
D 906 123 2 201 455 211 29
D 904 129 3 502 824 565 905 906 8
D 903 119 2 183 904 265 8
D 901 109 7 550 902 508 817 456 859 394 874 334 888 168 903 576 8
D 900 99 11 804 493 741 549 678 611 605 683 544 744 489 809 434 857 372 872 311 886 135 901 828 8
D 899 79 11 798 488 735 543 672 604 600 677 538 740 484 803 427 856 366 871 305 885 102 900 833 8
D 898 59 11 792 483 729 537 666 599 595 671 532 734 479 797 420 855 360 870 299 884 69 899 838 8
D 897 39 11 786 478 723 531 660 594 36 665 291 728 355 791 415 854 474 869 526 883 588 898 843 8
D 911 17 2 25 24 23 8
D 910 15 2 21 911 26 8
D 909 13 2 655 910 656 8
D 908 9 2 11 909 30 8
D 907 5 2 2 908 32 8
D 917 119 6 811 559 746 618 685 692 613 751 552 818 814 8
D 920 139 6 699 694 753 620 820 561 626 760 567 825 822 8
D 921 123 2 199 455 210 29
D 919 129 2 565 920 921 8
D 918 119 2 183 919 265 8
D 916 109 7 508 859 550 917 456 874 394 888 334 903 168 918 576 8
D 915 99 11 804 549 741 611 678 683 605 744 544 809 489 857 434 872 372 886 311 901 135 916 828 8
D 914 79 11 798 543 735 604 672 677 600 740 538 803 484 856 427 871 366 885 305 900 102 915 833 8
D 913 59 11 792 537 729 599 666 671 595 734 532 797 479 855 420 870 360 884 299 899 69 914 838 8
D 912 39 11 786 531 723 594 660 665 36 728 291 791 355 854 415 869 474 883 526 898 588 913 843 8
L 927 18 10
D 926 17 2 23 927 25 8
D 925 15 2 21 926 26 8
D 924 13 2 655 925 656 8
D 923 9 2 11 924 30 8
D 922 5 2 2 923 32 8
D 933 119 6 811 618 746 692 685 751 613 818 552 860 814 8
D 939 137 2 223 260 221 29
D 938 135 2 219 939 224 259
D 937 133 3 214 938 757 258 758 29
D 936 139 5 753 694 820 620 699 760 626 825 937 8
D 935 129 2 565 936 921 8
D 934 119 2 183 935 265 8
D 932 109 7 508 874 550 933 456 888 394 903 334 918 168 934 576 8
D 931 99 11 804 611 741 683 678 744 605 809 544 857 489 872 434 886 372 901 311 916 135 932 828 8
D 930 79 11 798 604 735 677 672 740 600 803 538 856 484 871 427 885 366 900 305 915 102 931 833 8
D 929 59 11 792 599 729 671 666 734 595 797 532 855 479 870 420 884 360 899 299 914 69 930 838 8
D 928 39 11 786 594 723 665 660 728 36 791 291 854 355 869 415 883 474 898 526 913 588 929 843 8
D 944 17 2 23 24 25 927
D 945 17 2 23 927 25 29
D 943 15 2 21 944 26 945
D 946 11 2 19 28 17 18
D 947 15 2 21 945 26 29
D 948 11 2 19 18 17 8
D 942 13 3 655 943 946 947 948 29
D 949 7 2 14 13 12 31
D 950 13 2 655 947 656 29
D 951 7 2 14 31 12 8
D 941 9 3 11 942 949 950 951 29
D 953 3 2 7 6 5 34
D 952 1 2 3 953 9 4
D 954 9 2 11 950 30 29
D 956 3 2 7 34 5 8
D 955 1 2 3 956 9 33
D 940 5 3 2 941 952 954 955 29
D 0 19 11 1 35 650 659 717 722 782 785 848 853 864 868 878 882 893 897 907 912 922 928 940 8
