c ids of sdd nodes start at 0
c sdd nodes appear bottom-up, children before parents
c
c file syntax:
c sdd count-of-sdd-nodes
c F id-of-false-sdd-node
c T id-of-true-sdd-node
c L id-of-literal-sdd-node id-of-vtree literal
c D id-of-decomposition-sdd-node id-of-vtree number-of-elements {id-of-prime id-of-sub}*
c
sdd 947
L 3 0 -4
L 5 2 -2
L 6 4 -3
L 7 2 2
F 8
D 4 3 2 5 6 7 8
L 9 0 4
D 2 1 2 3 4 9 8
L 12 6 -6
L 13 8 -7
L 14 6 6
D 11 7 2 12 13 14 8
L 17 10 -5
L 18 12 1
L 19 10 5
D 16 11 2 17 18 19 8
L 21 14 -8
L 23 16 -9
L 24 18 -10
L 25 16 9
D 22 17 2 23 24 25 8
L 26 14 8
D 20 15 2 21 22 26 8
L 28 12 -1
T 29
D 27 11 2 17 28 19 29
D 15 13 2 16 20 27 8
L 31 8 7
D 30 7 2 12 31 14 29
D 10 9 2 11 15 30 8
L 34 4 3
D 33 3 2 5 34 7 29
D 32 1 2 3 33 9 29
D 1 5 2 2 10 32 8
L 38 20 -14
L 40 22 -12
L 41 24 -13
L 42 22 12
D 39 23 2 40 41 42 8
L 43 20 14
D 37 21 2 38 39 43 8
L 46 26 -16
L 47 28 -17
L 48 26 16
D 45 27 2 46 47 48 8
L 51 30 15
L 52 32 -11
L 53 30 -15
D 50 31 2 51 52 53 8
L 55 34 -18
L 57 36 -19
L 58 38 -20
L 59 36 19
D 56 37 2 57 58 59 8
L 60 34 18
D 54 35 2 55 56 60 8
L 62 32 11
D 61 31 2 51 62 53 29
D 49 33 2 50 54 61 8
L 64 28 17
D 63 27 2 46 64 48 29
D 44 29 2 45 49 63 8
L 67 24 13
D 66 23 2 40 67 42 29
D 65 21 2 38 66 43 29
D 36 25 2 37 44 65 8
L 71 40 -24
L 73 42 -22
L 74 44 -23
L 75 42 22
D 72 43 2 73 74 75 8
L 76 40 24
D 70 41 2 71 72 76 8
L 79 46 -26
L 80 48 -27
L 81 46 26
D 78 47 2 79 80 81 8
L 84 50 -25
L 85 52 -21
L 86 50 25
D 83 51 2 84 85 86 8
L 88 54 -28
L 90 56 -29
L 91 58 30
L 92 56 29
D 89 57 2 90 91 92 8
L 93 54 28
D 87 55 2 88 89 93 8
L 95 52 21
D 94 51 2 84 95 86 29
D 82 53 2 83 87 94 8
L 97 48 27
D 96 47 2 79 97 81 29
D 77 49 2 78 82 96 8
L 100 44 23
D 99 43 2 73 100 75 29
D 98 41 2 71 99 76 29
D 69 45 2 70 77 98 8
L 104 60 -34
L 106 62 -32
L 107 64 -33
L 108 62 32
D 105 63 2 106 107 108 8
L 109 60 34
D 103 61 2 104 105 109 8
L 112 66 -36
L 113 68 -37
L 114 66 36
D 111 67 2 112 113 114 8
L 117 70 -35
L 118 72 -31
L 119 70 35
D 116 71 2 117 118 119 8
L 121 74 -38
L 123 76 -39
L 124 78 40
L 125 76 39
D 122 77 2 123 124 125 8
L 126 74 38
D 120 75 2 121 122 126 8
L 128 72 31
D 127 71 2 117 128 119 29
D 115 73 2 116 120 127 8
L 130 68 37
D 129 67 2 112 130 114 29
D 110 69 2 111 115 129 8
L 133 64 33
D 132 63 2 106 133 108 29
D 131 61 2 104 132 109 29
D 102 65 2 103 110 131 8
L 137 80 -42
L 139 82 -43
L 140 84 -44
L 141 82 43
D 138 83 2 139 140 141 8
L 142 80 42
D 136 81 2 137 138 142 8
L 145 86 -46
L 146 88 -47
L 147 86 46
D 144 87 2 145 146 147 8
L 150 90 -45
L 151 92 -41
L 152 90 45
D 149 91 2 150 151 152 8
L 154 94 -48
L 156 96 -49
L 157 98 50
L 158 96 49
D 155 97 2 156 157 158 8
L 159 94 48
D 153 95 2 154 155 159 8
L 161 92 41
D 160 91 2 150 161 152 29
D 148 93 2 149 153 160 8
L 163 88 47
D 162 87 2 145 163 147 29
D 143 89 2 144 148 162 8
L 166 84 44
D 165 83 2 139 166 141 29
D 164 81 2 137 165 142 29
D 135 85 2 136 143 164 8
L 170 100 -56
L 171 102 -57
L 172 100 56
D 169 101 2 170 171 172 8
L 174 104 -58
L 176 106 -59
L 177 108 60
L 178 106 59
D 175 107 2 176 177 178 8
L 179 104 58
D 173 105 2 174 175 179 8
L 181 102 57
D 180 101 2 170 181 172 29
D 168 103 2 169 173 180 8
L 185 110 -53
L 186 112 -54
L 187 110 53
D 184 111 2 185 186 187 8
L 189 114 -52
L 191 116 -55
L 192 118 -51
L 193 116 55
D 190 117 2 191 192 193 8
L 194 114 52
D 188 115 2 189 190 194 8
L 196 112 54
D 195 111 2 185 196 187 29
D 183 113 2 184 188 195 8
L 200 120 -76
L 201 122 -77
L 202 120 76
D 199 121 2 200 201 202 8
L 204 124 -78
L 206 126 -79
L 207 128 80
L 208 126 79
D 205 127 2 206 207 208 8
L 209 124 78
D 203 125 2 204 205 209 8
L 211 122 77
D 210 121 2 200 211 202 29
D 198 123 2 199 203 210 8
L 215 130 -73
L 216 132 -72
L 217 130 73
D 214 131 2 215 216 217 8
L 219 134 -71
L 221 136 -74
L 222 138 -75
L 223 136 74
D 220 137 2 221 222 223 8
L 224 134 71
D 218 135 2 219 220 224 8
L 226 132 72
D 225 131 2 215 226 217 29
D 213 133 2 214 218 225 8
L 229 140 -61
L 230 142 -62
L 231 140 61
D 228 141 2 229 230 231 8
L 234 144 -63
L 235 146 -64
L 236 144 63
D 233 145 2 234 235 236 8
L 238 148 -65
L 240 150 -66
L 242 152 -67
L 244 154 -68
L 246 156 -69
L 247 158 70
L 248 156 69
D 245 157 2 246 247 248 8
L 249 154 68
D 243 155 2 244 245 249 8
L 250 152 67
D 241 153 2 242 243 250 8
L 251 150 66
D 239 151 2 240 241 251 8
L 252 148 65
D 237 149 2 238 239 252 8
L 254 146 64
D 253 145 2 234 254 236 29
D 232 147 2 233 237 253 8
L 256 142 62
D 255 141 2 229 256 231 29
D 227 143 2 228 232 255 8
L 260 138 75
D 259 137 2 221 260 223 29
D 258 135 2 219 259 224 29
D 257 133 2 214 258 225 29
D 212 139 2 213 227 257 8
L 264 128 -80
D 263 127 2 206 264 208 29
D 262 125 2 204 263 209 29
D 261 123 2 199 262 210 29
D 197 129 2 198 212 261 8
L 268 118 51
D 267 117 2 191 268 193 29
D 266 115 2 189 267 194 29
D 265 113 2 184 266 195 29
D 182 119 2 183 197 265 8
L 272 108 -60
D 271 107 2 176 272 178 29
D 270 105 2 174 271 179 29
D 269 103 2 169 270 180 29
D 167 109 2 168 182 269 8
L 278 98 -50
D 277 97 2 156 278 158 29
D 276 95 2 154 277 159 29
D 275 93 2 149 276 160 29
D 274 89 2 144 275 162 29
D 273 85 2 136 274 164 29
D 134 99 2 135 167 273 8
L 284 78 -40
D 283 77 2 123 284 125 29
D 282 75 2 121 283 126 29
D 281 73 2 116 282 127 29
D 280 69 2 111 281 129 29
D 279 65 2 103 280 131 29
D 101 79 2 102 134 279 8
L 290 58 -30
D 289 57 2 90 290 92 29
D 288 55 2 88 289 93 29
D 287 53 2 83 288 94 29
D 286 49 2 78 287 96 29
D 285 45 2 70 286 98 29
D 68 59 2 69 101 285 8
D 293 27 2 48 47 46 8
D 295 31 2 53 52 51 8
D 296 31 2 53 62 51 29
D 294 33 2 295 54 296 8
D 297 27 2 48 64 46 29
D 292 29 2 293 294 297 8
D 291 25 2 37 292 65 8
D 303 57 2 92 290 90 8
D 302 55 2 88 303 93 8
D 301 53 2 83 302 94 8
D 300 49 2 78 301 96 8
D 299 45 2 70 300 98 8
D 309 77 2 125 284 123 8
D 308 75 2 121 309 126 8
D 307 73 2 116 308 127 8
D 306 69 2 111 307 129 8
D 305 65 2 103 306 131 8
D 315 97 2 158 278 156 8
D 314 95 2 154 315 159 8
D 313 93 2 149 314 160 8
D 312 89 2 144 313 162 8
D 311 85 2 136 312 164 8
L 327 158 -70
D 326 157 2 248 327 246 8
D 325 155 2 244 326 249 8
D 324 153 2 242 325 250 8
D 323 151 2 240 324 251 8
D 322 149 2 238 323 252 8
D 321 147 2 233 322 253 8
D 320 143 2 228 321 255 8
D 319 139 2 213 320 257 8
D 330 127 2 208 264 206 8
D 329 125 2 204 330 209 8
D 328 123 2 199 329 210 8
D 333 127 2 206 264 208 207
D 332 125 2 204 333 209 29
D 331 123 2 199 332 210 29
D 318 129 3 198 319 328 212 331 8
D 317 119 2 183 318 265 8
D 336 107 2 178 272 176 8
D 335 105 2 174 336 179 8
D 334 103 2 169 335 180 8
D 339 107 2 176 272 178 177
D 338 105 2 174 339 179 29
D 337 103 2 169 338 180 29
D 316 109 3 168 317 334 182 337 8
D 344 97 2 156 278 158 157
D 343 95 2 154 344 159 29
D 342 93 2 149 343 160 29
D 341 89 2 144 342 162 29
D 340 85 2 136 341 164 29
D 310 99 3 311 167 135 316 340 8
D 349 77 2 123 284 125 124
D 348 75 2 121 349 126 29
D 347 73 2 116 348 127 29
D 346 69 2 111 347 129 29
D 345 65 2 103 346 131 29
D 304 79 3 305 134 102 310 345 8
D 354 57 2 90 290 92 91
D 353 55 2 88 354 93 29
D 352 53 2 83 353 94 29
D 351 49 2 78 352 96 29
D 350 45 2 70 351 98 29
D 298 59 3 299 101 69 304 350 8
D 357 27 2 46 64 48 8
D 358 27 2 46 47 48 29
D 356 29 2 357 294 358 8
D 355 25 2 37 356 65 8
D 364 57 2 90 290 92 8
D 363 55 2 93 364 88 8
D 362 53 2 83 363 94 8
D 361 49 2 78 362 96 8
D 360 45 2 70 361 98 8
D 370 77 2 123 284 125 8
D 369 75 2 126 370 121 8
D 368 73 2 116 369 127 8
D 367 69 2 111 368 129 8
D 366 65 2 103 367 131 8
D 376 97 2 156 278 158 8
D 375 95 2 159 376 154 8
D 374 93 2 149 375 160 8
D 373 89 2 144 374 162 8
D 372 85 2 136 373 164 8
D 387 157 2 246 327 248 8
D 386 155 2 249 387 244 8
D 385 153 2 242 386 250 8
D 384 151 2 240 385 251 8
D 383 149 2 238 384 252 8
D 382 147 2 233 383 253 8
D 381 143 2 228 382 255 8
D 380 139 2 213 381 257 8
D 390 127 2 206 264 208 8
D 389 125 2 209 390 204 8
D 388 123 2 199 389 210 8
D 393 127 2 206 207 208 29
D 392 125 2 204 333 209 393
D 391 123 2 199 392 210 29
D 379 129 4 198 380 328 319 388 212 391 8
D 378 119 2 183 379 265 8
D 396 107 2 176 272 178 8
D 395 105 2 179 396 174 8
D 394 103 2 169 395 180 8
D 399 107 2 176 177 178 29
D 398 105 2 174 339 179 399
D 397 103 2 169 398 180 29
D 377 109 4 168 378 334 317 394 182 397 8
D 404 97 2 156 157 158 29
D 403 95 2 159 404 154 344
D 402 93 2 149 403 160 29
D 401 89 2 144 402 162 29
D 400 85 2 136 401 164 29
D 371 99 4 372 167 311 316 135 377 400 8
D 409 77 2 123 124 125 29
D 408 75 2 126 409 121 349
D 407 73 2 116 408 127 29
D 406 69 2 111 407 129 29
D 405 65 2 103 406 131 29
D 365 79 4 366 134 305 310 102 371 405 8
D 414 57 2 90 91 92 29
D 413 55 2 93 414 88 354
D 412 53 2 83 413 94 29
D 411 49 2 78 412 96 29
D 410 45 2 70 411 98 29
D 359 59 4 360 101 299 304 69 365 410 8
D 418 35 2 60 56 55 8
D 417 33 2 295 418 296 8
D 416 29 2 45 417 63 8
D 415 25 2 37 416 65 8
D 422 47 2 79 97 81 8
D 424 55 2 88 364 93 8
D 423 53 2 83 424 94 8
D 425 47 2 79 80 81 29
D 421 49 2 422 423 425 8
D 420 45 2 70 421 98 8
D 429 67 2 112 130 114 8
D 431 75 2 121 370 126 8
D 430 73 2 116 431 127 8
D 432 67 2 112 113 114 29
D 428 69 2 429 430 432 8
D 427 65 2 103 428 131 8
D 436 87 2 145 163 147 8
D 438 95 2 154 376 159 8
D 437 93 2 149 438 160 8
D 439 87 2 145 146 147 29
D 435 89 2 436 437 439 8
D 434 85 2 136 435 164 8
D 449 155 2 244 387 249 8
D 448 153 2 250 449 242 8
D 447 151 2 240 448 251 8
D 446 149 2 238 447 252 8
D 445 147 2 233 446 253 8
D 444 143 2 228 445 255 8
D 443 139 2 213 444 257 8
D 451 121 2 200 211 202 8
D 452 125 2 204 390 209 8
D 453 121 2 200 201 202 29
D 450 123 2 451 452 453 8
D 455 125 2 204 393 209 29
D 454 123 3 199 392 451 455 202 29
D 442 129 5 198 443 328 380 388 319 450 212 454 8
D 441 119 2 183 442 265 8
D 457 101 2 170 181 172 8
D 458 105 2 174 396 179 8
D 459 101 2 170 171 172 29
D 456 103 2 457 458 459 8
D 461 105 2 174 399 179 29
D 460 103 3 169 398 457 461 172 29
D 440 109 5 168 441 334 378 394 317 456 182 460 8
D 465 95 2 154 404 159 29
D 464 93 2 149 465 160 29
D 463 89 3 144 402 436 464 147 29
D 462 85 2 136 463 164 29
D 433 99 5 434 167 372 316 311 377 135 440 462 8
D 469 75 2 121 409 126 29
D 468 73 2 116 469 127 29
D 467 69 3 111 407 429 468 114 29
D 466 65 2 103 467 131 29
D 426 79 5 427 134 366 310 305 371 102 433 466 8
D 473 55 2 88 414 93 29
D 472 53 2 83 473 94 29
D 471 49 3 78 412 422 472 81 29
D 470 45 2 70 471 98 29
D 419 59 5 420 101 360 304 299 365 69 426 470 8
D 478 37 2 59 58 57 8
D 477 35 2 55 478 60 8
D 476 33 2 295 477 296 8
D 475 29 2 45 476 63 8
D 474 25 2 37 475 65 8
D 482 47 2 81 80 79 8
D 483 47 2 81 97 79 29
D 481 49 2 482 423 483 8
D 480 45 2 70 481 98 8
D 487 67 2 114 113 112 8
D 488 67 2 114 130 112 29
D 486 69 2 487 430 488 8
D 485 65 2 103 486 131 8
D 492 87 2 147 146 145 8
D 493 87 2 147 163 145 29
D 491 89 2 492 437 493 8
D 490 85 2 136 491 164 8
D 502 153 2 242 449 250 8
D 501 151 2 251 502 240 8
D 500 149 2 238 501 252 8
D 499 147 2 233 500 253 8
D 498 143 2 228 499 255 8
D 497 139 2 213 498 257 8
D 504 121 2 202 201 200 8
D 505 121 2 202 211 200 29
D 503 123 2 504 452 505 8
D 507 121 2 202 201 200 211
D 508 121 2 202 211 200 8
D 506 123 3 199 392 507 455 508 29
D 496 129 6 198 497 328 443 388 380 450 319 503 212 506 8
D 495 119 2 183 496 265 8
D 510 101 2 172 171 170 8
D 511 101 2 172 181 170 29
D 509 103 2 510 458 511 8
D 513 101 2 172 171 170 181
D 514 101 2 172 181 170 8
D 512 103 3 169 398 513 461 514 29
D 494 109 6 168 495 334 441 394 378 456 317 509 182 512 8
D 517 87 2 147 146 145 163
D 518 87 2 147 163 145 8
D 516 89 3 144 402 517 464 518 29
D 515 85 2 136 516 164 29
D 489 99 6 490 167 434 316 372 377 311 440 135 494 515 8
D 521 67 2 114 113 112 130
D 522 67 2 114 130 112 8
D 520 69 3 111 407 521 468 522 29
D 519 65 2 103 520 131 29
D 484 79 6 485 134 427 310 366 371 305 433 102 489 519 8
D 525 47 2 81 80 79 97
D 526 47 2 81 97 79 8
D 524 49 3 78 412 525 472 526 29
D 523 45 2 70 524 98 29
D 479 59 6 480 101 420 304 360 365 299 426 69 484 523 8
L 532 38 20
D 531 37 2 57 532 59 8
D 530 35 2 55 531 60 8
D 529 33 2 295 530 296 8
D 528 29 2 45 529 63 8
D 527 25 2 37 528 65 8
D 537 51 2 86 85 84 8
D 538 51 2 86 95 84 29
D 536 53 2 537 424 538 8
D 535 49 2 78 536 96 8
D 534 45 2 70 535 98 8
D 543 71 2 119 118 117 8
D 544 71 2 119 128 117 29
D 542 73 2 543 431 544 8
D 541 69 2 111 542 129 8
D 540 65 2 103 541 131 8
D 549 91 2 152 151 150 8
D 550 91 2 152 161 150 29
D 548 93 2 549 438 550 8
D 547 89 2 144 548 162 8
D 546 85 2 136 547 164 8
D 552 103 2 169 458 180 8
D 556 117 2 193 192 191 8
D 555 115 2 189 556 194 8
D 554 113 2 184 555 195 8
D 559 117 2 193 268 191 29
D 558 115 2 189 559 194 29
D 557 113 2 184 558 195 29
D 553 119 2 554 197 557 8
D 566 151 2 240 502 251 8
D 565 149 2 252 566 238 8
D 564 147 2 233 565 253 8
D 563 143 2 228 564 255 8
D 562 139 2 213 563 257 8
D 567 123 2 199 452 210 8
D 571 137 2 221 260 223 8
D 570 135 2 219 571 224 8
D 569 133 2 214 570 225 8
D 574 137 2 221 222 223 29
D 573 135 2 219 574 224 29
D 572 133 2 214 573 225 29
D 568 139 2 569 227 572 8
D 577 127 2 208 207 206 8
D 576 125 2 204 577 209 393
D 575 123 3 199 576 507 455 508 29
D 561 129 7 198 562 567 568 328 497 388 443 450 380 503 319 575 8
D 560 119 2 183 561 265 8
D 580 107 2 178 177 176 8
D 579 105 2 174 580 179 399
D 578 103 3 169 579 513 461 514 29
D 551 109 7 552 553 168 560 334 495 394 441 456 378 509 317 578 8
D 583 93 3 549 465 149 403 161 29
D 582 89 3 144 583 517 464 518 29
D 581 85 2 136 582 164 29
D 545 99 7 546 167 490 316 434 377 372 440 311 494 135 551 581 8
D 586 73 3 543 469 116 408 128 29
D 585 69 3 111 586 521 468 522 29
D 584 65 2 103 585 131 29
D 539 79 7 540 134 485 310 427 371 366 433 305 489 102 545 584 8
D 589 53 3 537 473 83 413 95 29
D 588 49 3 78 589 525 472 526 29
D 587 45 2 70 588 98 29
D 533 59 7 534 101 480 304 420 365 360 426 299 484 69 539 587 8
D 594 37 2 57 532 59 29
D 593 35 2 55 594 60 29
D 596 37 2 57 58 59 532
D 595 35 2 60 594 55 596
D 592 33 3 50 593 295 595 62 29
D 597 27 2 48 47 46 64
D 598 33 2 295 593 296 29
D 599 27 2 48 64 46 8
D 591 29 3 45 592 597 598 599 29
D 590 25 2 37 591 65 29
D 35 39 7 36 68 291 298 355 359 415 419 474 479 527 533 590 8
D 602 3 2 7 6 5 8
D 601 1 2 3 602 9 8
D 605 11 2 17 28 19 8
D 606 11 2 17 18 19 29
D 604 13 2 605 20 606 8
D 603 9 2 11 604 30 8
D 608 3 2 7 34 5 29
D 607 1 2 3 608 9 29
D 600 5 2 601 603 607 8
D 611 21 2 43 39 38 8
D 612 29 2 45 294 63 8
D 613 21 2 43 66 38 29
D 610 25 2 611 612 613 8
D 616 41 2 76 72 71 8
D 617 49 2 78 423 96 8
D 618 41 2 76 99 71 29
D 615 45 2 616 617 618 8
D 621 61 2 109 105 104 8
D 622 69 2 111 430 129 8
D 623 61 2 109 132 104 29
D 620 65 2 621 622 623 8
D 627 83 2 139 166 141 8
D 626 81 2 137 627 142 8
D 628 89 2 144 437 162 8
D 630 83 2 139 140 141 29
D 629 81 2 137 630 142 29
D 625 85 2 626 628 629 8
D 634 111 2 185 196 187 8
D 635 111 2 185 186 187 29
D 633 113 2 634 188 635 8
D 636 113 3 184 558 634 266 187 29
D 632 119 3 554 318 633 197 636 8
D 642 145 2 234 254 236 8
D 643 149 2 238 566 252 8
D 644 145 2 234 235 236 29
D 641 147 2 642 643 644 8
D 640 143 2 228 641 255 8
D 639 139 2 213 640 257 8
D 648 137 2 223 222 221 8
D 647 135 2 219 648 224 8
D 646 133 2 214 647 225 8
D 651 137 2 221 222 223 260
D 650 135 2 219 651 224 29
D 649 133 2 214 650 225 29
D 645 139 3 646 227 569 320 649 8
D 638 129 7 198 639 567 645 328 562 388 497 450 443 503 380 575 8
D 637 119 2 183 638 265 8
D 631 109 7 552 632 168 637 334 560 394 495 456 441 509 378 578 8
D 653 89 2 144 464 162 29
D 654 81 2 137 141 142 29
D 652 85 3 136 582 626 653 654 29
D 624 99 8 625 167 546 316 490 377 434 440 372 494 311 551 135 631 652 8
D 656 69 2 111 468 129 29
D 655 65 3 103 585 621 656 132 29
D 619 79 8 620 134 540 310 485 371 427 433 366 489 305 545 102 624 655 8
D 658 49 2 78 472 96 29
D 657 45 3 70 588 616 658 99 29
D 614 59 8 615 101 534 304 480 365 420 426 360 484 299 539 69 619 657 8
D 660 29 2 45 598 63 29
D 659 25 3 37 591 611 660 66 29
D 609 39 8 610 68 36 298 291 359 355 419 415 479 474 533 527 614 659 8
D 663 3 2 5 34 7 8
D 662 1 2 3 663 9 8
D 665 3 2 5 6 7 29
D 664 1 2 3 665 9 29
D 661 5 2 662 603 664 8
D 669 23 2 40 67 42 8
D 668 21 2 38 669 43 8
D 671 23 2 40 41 42 29
D 670 21 2 38 671 43 29
D 667 25 2 668 612 670 8
D 675 43 2 73 100 75 8
D 674 41 2 71 675 76 8
D 677 43 2 73 74 75 29
D 676 41 2 71 677 76 29
D 673 45 2 674 617 676 8
D 681 63 2 106 133 108 8
D 680 61 2 104 681 109 8
D 683 63 2 106 107 108 29
D 682 61 2 104 683 109 29
D 679 65 2 680 622 682 8
D 687 83 2 141 140 139 8
D 686 81 2 137 687 142 8
D 689 83 2 141 166 139 29
D 688 81 2 137 689 142 29
D 685 85 2 686 628 688 8
D 693 111 2 187 186 185 8
D 694 111 2 187 196 185 29
D 692 113 2 693 188 694 8
D 696 111 2 187 186 185 196
D 697 111 2 187 196 185 8
D 695 113 3 184 558 696 266 697 29
D 691 119 4 633 318 554 379 692 197 695 8
D 703 145 2 236 235 234 8
D 704 145 2 236 254 234 29
D 702 147 2 703 643 704 8
D 701 143 2 228 702 255 8
D 700 139 2 213 701 257 8
D 707 131 2 217 216 215 8
D 708 131 2 217 226 215 29
D 706 133 2 707 218 708 8
D 709 133 3 214 650 707 258 226 29
D 705 139 4 706 227 646 320 569 381 709 8
D 699 129 7 198 700 567 705 328 639 388 562 450 497 503 443 575 8
D 698 119 2 183 699 265 8
D 690 109 7 552 691 168 698 334 637 394 560 456 495 509 441 578 8
D 712 83 2 141 140 139 166
D 711 81 2 137 712 142 8
D 714 83 2 141 166 139 8
D 713 81 2 137 714 142 29
D 710 85 3 136 582 711 653 713 29
D 684 99 9 685 167 625 316 546 377 490 440 434 494 372 551 311 631 135 690 710 8
D 716 61 2 104 681 109 105
D 717 61 2 109 132 104 108
D 715 65 3 103 585 716 656 717 29
D 678 79 9 679 134 620 310 540 371 485 433 427 489 366 545 305 624 102 684 715 8
D 719 41 2 71 675 76 72
D 720 41 2 76 99 71 75
D 718 45 3 70 588 719 658 720 29
D 672 59 9 673 101 615 304 534 365 480 426 420 484 360 539 299 619 69 678 718 8
D 722 21 2 38 669 43 39
D 723 21 2 43 66 38 42
D 721 25 3 37 591 722 660 723 29
D 666 39 9 667 68 610 298 36 359 291 419 355 479 415 533 474 614 527 672 721 8
D 725 1 2 9 4 3 8
D 726 1 2 9 33 3 29
D 724 5 2 725 603 726 8
D 730 23 2 42 41 40 8
D 729 21 2 38 730 43 8
D 732 23 2 42 67 40 29
D 731 21 2 38 732 43 29
D 728 25 2 729 612 731 8
D 736 43 2 75 74 73 8
D 735 41 2 71 736 76 8
D 738 43 2 75 100 73 29
D 737 41 2 71 738 76 29
D 734 45 2 735 617 737 8
D 742 63 2 108 107 106 8
D 741 61 2 104 742 109 8
D 744 63 2 108 133 106 29
D 743 61 2 104 744 109 29
D 740 65 2 741 622 743 8
D 747 81 2 142 138 137 8
D 748 81 2 142 165 137 29
D 746 85 2 747 628 748 8
D 752 115 2 194 190 189 8
D 751 113 2 184 752 195 8
D 754 115 2 189 559 194 267
D 753 113 3 184 754 696 266 697 29
D 750 119 5 554 442 692 318 633 379 751 197 753 8
D 759 131 2 215 226 217 8
D 760 131 2 215 216 217 29
D 758 133 2 759 218 760 8
D 762 131 2 217 216 215 226
D 763 131 2 217 226 215 8
D 761 133 3 214 650 762 258 763 29
D 757 139 5 758 227 706 320 646 381 569 444 761 8
D 766 141 2 229 256 231 8
D 767 147 2 233 643 253 8
D 768 141 2 229 230 231 29
D 765 143 2 766 767 768 8
D 764 139 2 213 765 257 8
D 756 129 7 567 757 328 700 198 764 388 639 450 562 503 497 575 8
D 755 119 2 183 756 265 8
D 749 109 7 552 750 168 755 334 698 394 637 456 560 509 495 578 8
D 770 81 2 137 712 142 138
D 771 81 2 137 714 142 165
D 769 85 3 136 582 770 653 771 29
D 745 99 10 746 167 685 316 625 377 546 440 490 494 434 551 372 631 311 690 135 749 769 8
D 774 63 2 108 107 106 133
D 773 61 2 104 774 109 105
D 776 63 2 108 133 106 8
D 775 61 2 104 776 109 132
D 772 65 3 103 585 773 656 775 29
D 739 79 10 740 134 679 310 620 371 540 433 485 489 427 545 366 624 305 684 102 745 772 8
D 779 43 2 75 74 73 100
D 778 41 2 71 779 76 72
D 781 43 2 75 100 73 8
D 780 41 2 71 781 76 99
D 777 45 3 70 588 778 658 780 29
D 733 59 10 734 101 673 304 615 365 534 426 480 484 420 539 360 619 299 678 69 739 777 8
D 784 23 2 42 41 40 67
D 783 21 2 38 784 43 39
D 786 23 2 42 67 40 8
D 785 21 2 38 786 43 66
D 782 25 3 37 591 783 660 785 29
D 727 39 10 728 68 667 298 610 359 36 419 291 479 355 533 415 614 474 672 527 733 782 8
D 790 11 2 19 28 17 8
D 791 11 2 19 18 17 29
D 789 13 2 790 20 791 8
D 788 9 2 11 789 30 8
D 787 5 2 2 788 32 8
D 796 31 2 53 62 51 8
D 797 31 2 53 52 51 29
D 795 33 2 796 54 797 8
D 794 29 2 45 795 63 8
D 793 25 2 37 794 65 8
D 802 51 2 84 95 86 8
D 803 51 2 84 85 86 29
D 801 53 2 802 424 803 8
D 800 49 2 78 801 96 8
D 799 45 2 70 800 98 8
D 808 71 2 117 128 119 8
D 809 71 2 117 118 119 29
D 807 73 2 808 431 809 8
D 806 69 2 111 807 129 8
D 805 65 2 103 806 131 8
D 814 91 2 150 161 152 8
D 815 91 2 150 151 152 29
D 813 93 2 814 438 815 8
D 812 89 2 144 813 162 8
D 811 85 2 136 812 164 8
D 820 117 2 191 268 193 8
D 819 115 2 189 820 194 8
D 818 113 2 184 819 195 8
D 823 117 2 191 192 193 268
D 822 115 2 189 823 194 267
D 821 113 3 184 822 696 266 697 29
D 817 119 6 554 496 633 442 751 318 692 379 818 197 821 8
D 828 135 2 224 220 219 8
D 827 133 2 214 828 225 8
D 830 135 2 219 651 224 259
D 829 133 3 214 830 762 258 763 29
D 826 139 6 827 227 758 320 706 381 569 498 646 444 829 8
D 833 141 2 231 230 229 8
D 834 141 2 231 256 229 29
D 832 143 2 833 767 834 8
D 831 139 2 213 832 257 8
D 825 129 7 567 826 388 700 328 764 450 639 198 831 503 562 575 8
D 824 119 2 183 825 265 8
D 816 109 7 552 817 168 824 334 755 394 698 456 637 509 560 578 8
D 838 91 2 152 151 150 161
D 839 91 2 152 161 150 8
D 837 93 3 838 465 149 403 839 29
D 836 89 3 517 464 144 837 518 29
D 835 85 3 770 653 136 836 771 29
D 810 99 11 811 167 746 316 685 377 625 440 546 494 490 551 434 631 372 690 311 749 135 816 835 8
D 843 71 2 119 118 117 128
D 844 71 2 119 128 117 8
D 842 73 3 843 469 116 408 844 29
D 841 69 3 521 468 111 842 522 29
D 840 65 3 773 656 103 841 775 29
D 804 79 11 805 134 740 310 679 371 620 433 540 489 485 545 427 624 366 684 305 745 102 810 840 8
D 848 51 2 86 85 84 95
D 849 51 2 86 95 84 8
D 847 53 3 848 473 83 413 849 29
D 846 49 3 525 472 78 847 526 29
D 845 45 3 778 658 70 846 780 29
D 798 59 11 799 101 734 304 673 365 615 426 534 484 480 539 420 619 360 678 299 739 69 804 845 8
D 853 31 2 51 52 53 62
D 854 31 2 51 62 53 8
D 852 33 3 853 593 295 595 854 29
D 851 29 3 597 598 45 852 599 29
D 850 25 3 783 660 37 851 785 29
D 792 39 11 793 68 728 298 667 359 610 419 36 479 291 533 355 614 415 672 474 733 527 798 850 8
D 857 7 2 14 13 12 8
D 858 7 2 14 31 12 29
D 856 9 2 857 604 858 8
D 855 5 2 2 856 32 8
D 864 119 6 554 561 633 496 692 442 818 318 751 379 821 8
D 867 139 6 827 320 758 381 569 563 646 498 706 444 829 8
D 869 125 2 209 393 204 207
D 868 123 3 199 869 507 455 508 29
D 866 129 6 567 867 450 700 388 764 503 639 328 831 868 8
D 865 119 2 183 866 265 8
D 863 109 7 552 864 334 824 168 865 394 755 456 698 509 637 578 8
D 862 99 11 811 316 746 377 685 440 625 494 546 551 490 631 434 690 372 749 311 816 135 863 835 8
D 861 79 11 805 310 740 371 679 433 620 489 540 545 485 624 427 684 366 745 305 810 102 862 840 8
D 860 59 11 799 304 734 365 673 426 615 484 534 539 480 619 420 678 360 739 299 804 69 861 845 8
D 859 39 11 793 298 728 359 667 419 610 479 36 533 291 614 355 672 415 733 474 798 527 860 850 8
D 872 7 2 12 31 14 8
D 873 7 2 12 13 14 29
D 871 9 2 872 604 873 8
D 870 5 2 2 871 32 8
D 879 119 6 633 561 554 638 692 496 751 442 818 379 821 8
D 882 139 6 827 381 569 640 646 563 706 498 758 444 829 8
D 883 123 3 507 455 199 393 508 29
D 881 129 5 567 882 503 700 450 764 388 831 883 8
D 880 119 2 183 881 265 8
D 878 109 7 552 879 394 824 334 865 168 880 456 755 509 698 578 8
D 877 99 11 811 377 746 440 685 494 625 551 546 631 490 690 434 749 372 816 311 863 135 878 835 8
D 876 79 11 805 371 740 433 679 489 620 545 540 624 485 684 427 745 366 810 305 862 102 877 840 8
D 875 59 11 799 365 734 426 673 484 615 539 534 619 480 678 420 739 360 804 299 861 69 876 845 8
D 874 39 11 793 359 728 419 667 479 610 533 36 614 291 672 355 733 415 798 474 860 527 875 850 8
D 887 15 2 26 22 21 8
D 886 13 2 605 887 606 8
D 885 9 2 11 886 30 8
D 884 5 2 2 885 32 8
D 893 119 6 692 561 633 638 554 699 751 496 818 442 821 8
D 896 139 6 569 701 646 640 706 563 758 498 827 444 829 8
D 898 121 2 202 201 200 29
D 897 123 2 898 455 508 29
D 895 129 4 503 764 567 896 450 831 897 8
D 894 119 2 183 895 265 8
D 892 109 7 552 893 456 824 394 865 334 880 168 894 509 755 578 8
D 891 99 11 811 440 746 494 685 551 625 631 546 690 490 749 434 816 372 863 311 878 135 892 835 8
D 890 79 11 805 433 740 489 679 545 620 624 540 684 485 745 427 810 366 862 305 877 102 891 840 8
D 889 59 11 799 426 734 484 673 539 615 619 534 678 480 739 420 804 360 861 299 876 69 890 845 8
D 888 39 11 793 419 728 479 667 533 610 614 36 672 291 733 355 798 415 860 474 875 527 889 850 8
D 903 17 2 25 24 23 8
D 902 15 2 21 903 26 8
D 901 13 2 605 902 606 8
D 900 9 2 11 901 30 8
D 899 5 2 2 900 32 8
D 909 119 6 751 561 692 638 633 699 554 756 818 496 821 8
D 912 139 6 646 701 706 640 758 563 827 498 569 765 829 8
D 913 123 2 201 455 211 29
D 911 129 3 503 831 567 912 913 8
D 910 119 2 183 911 265 8
D 908 109 7 552 909 509 824 456 865 394 880 334 894 168 910 578 8
D 907 99 11 811 494 746 551 685 631 625 690 546 749 490 816 434 863 372 878 311 892 135 908 835 8
D 906 79 11 805 489 740 545 679 624 620 684 540 745 485 810 427 862 366 877 305 891 102 907 840 8
D 905 59 11 799 484 734 539 673 619 615 678 534 739 480 804 420 861 360 876 299 890 69 906 845 8
D 904 39 11 793 479 728 533 667 614 610 672 36 733 291 798 355 860 415 875 474 889 527 905 850 8
L 919 18 10
D 918 17 2 23 919 25 8
D 917 15 2 21 918 26 8
D 916 13 2 605 917 606 8
D 915 9 2 11 916 30 8
D 914 5 2 2 915 32 8
D 925 119 6 818 561 751 638 692 699 633 756 554 825 821 8
D 928 139 6 706 701 758 640 827 563 646 765 569 832 829 8
D 929 123 2 199 455 210 29
D 927 129 2 567 928 929 8
D 926 119 2 183 927 265 8
D 924 109 7 509 865 552 925 456 880 394 894 334 910 168 926 578 8
D 923 99 11 811 551 746 631 685 690 625 749 546 816 490 863 434 878 372 892 311 908 135 924 835 8
D 922 79 11 805 545 740 624 679 684 620 745 540 810 485 862 427 877 366 891 305 907 102 923 840 8
D 921 59 11 799 539 734 619 673 678 615 739 534 804 480 861 420 876 360 890 299 906 69 922 845 8
D 920 39 11 793 533 728 614 667 672 610 733 36 798 291 860 355 875 415 889 474 905 527 921 850 8
D 934 17 2 23 24 25 919
D 935 17 2 23 919 25 29
D 933 15 2 21 934 26 935
D 936 11 2 19 28 17 18
D 937 15 2 21 935 26 29
D 938 11 2 19 18 17 8
D 932 13 3 605 933 936 937 938 29
D 939 7 2 14 13 12 31
D 940 13 2 605 937 606 29
D 941 7 2 14 31 12 8
D 931 9 3 11 932 939 940 941 29
D 943 3 2 7 6 5 34
D 942 1 2 3 943 9 4
D 944 9 2 11 940 30 29
D 946 3 2 7 34 5 8
D 945 1 2 3 946 9 33
D 930 5 3 2 931 942 944 945 29
D 0 19 11 1 35 600 609 661 666 724 727 787 792 855 859 870 874 884 888 899 904 914 920 930 8
