c ids of sdd nodes start at 0
c sdd nodes appear bottom-up, children before parents
c
c file syntax:
c sdd count-of-sdd-nodes
c F id-of-false-sdd-node
c T id-of-true-sdd-node
c L id-of-literal-sdd-node id-of-vtree literal
c D id-of-decomposition-sdd-node id-of-vtree number-of-elements {id-of-prime id-of-sub}*
c
sdd 941
L 3 0 -4
L 5 2 -2
L 6 4 -3
L 7 2 2
F 8
D 4 3 2 5 6 7 8
L 9 0 4
D 2 1 2 3 4 9 8
L 12 6 -6
L 13 8 -7
L 14 6 6
D 11 7 2 12 13 14 8
L 17 10 -5
L 18 12 1
L 19 10 5
D 16 11 2 17 18 19 8
L 21 14 -8
L 23 16 -9
L 24 18 -10
L 25 16 9
D 22 17 2 23 24 25 8
L 26 14 8
D 20 15 2 21 22 26 8
L 28 12 -1
T 29
D 27 11 2 17 28 19 29
D 15 13 2 16 20 27 8
L 31 8 7
D 30 7 2 12 31 14 29
D 10 9 2 11 15 30 8
L 34 4 3
D 33 3 2 5 34 7 29
D 32 1 2 3 33 9 29
D 1 5 2 2 10 32 8
L 38 20 -14
L 40 22 -12
L 41 24 -13
L 42 22 12
D 39 23 2 40 41 42 8
L 43 20 14
D 37 21 2 38 39 43 8
L 46 26 16
L 47 28 -17
L 48 26 -16
D 45 27 2 46 47 48 8
L 51 30 -15
L 52 32 -11
L 53 30 15
D 50 31 2 51 52 53 8
L 55 34 -18
L 57 36 -19
L 58 38 -20
L 59 36 19
D 56 37 2 57 58 59 8
L 60 34 18
D 54 35 2 55 56 60 8
L 62 32 11
D 61 31 2 51 62 53 29
D 49 33 2 50 54 61 8
L 64 28 17
D 63 27 2 46 64 48 29
D 44 29 2 45 49 63 8
L 67 24 13
D 66 23 2 40 67 42 29
D 65 21 2 38 66 43 29
D 36 25 2 37 44 65 8
L 71 40 -24
L 73 42 -22
L 74 44 -23
L 75 42 22
D 72 43 2 73 74 75 8
L 76 40 24
D 70 41 2 71 72 76 8
L 79 46 -26
L 80 48 -27
L 81 46 26
D 78 47 2 79 80 81 8
L 84 50 -25
L 85 52 -21
L 86 50 25
D 83 51 2 84 85 86 8
L 88 54 -28
L 90 56 -29
L 91 58 30
L 92 56 29
D 89 57 2 90 91 92 8
L 93 54 28
D 87 55 2 88 89 93 8
L 95 52 21
D 94 51 2 84 95 86 29
D 82 53 2 83 87 94 8
L 97 48 27
D 96 47 2 79 97 81 29
D 77 49 2 78 82 96 8
L 100 44 23
D 99 43 2 73 100 75 29
D 98 41 2 71 99 76 29
D 69 45 2 70 77 98 8
L 104 60 -34
L 106 62 -32
L 107 64 -33
L 108 62 32
D 105 63 2 106 107 108 8
L 109 60 34
D 103 61 2 104 105 109 8
L 112 66 -36
L 113 68 -37
L 114 66 36
D 111 67 2 112 113 114 8
L 117 70 -35
L 118 72 -31
L 119 70 35
D 116 71 2 117 118 119 8
L 121 74 -38
L 123 76 -39
L 124 78 40
L 125 76 39
D 122 77 2 123 124 125 8
L 126 74 38
D 120 75 2 121 122 126 8
L 128 72 31
D 127 71 2 117 128 119 29
D 115 73 2 116 120 127 8
L 130 68 37
D 129 67 2 112 130 114 29
D 110 69 2 111 115 129 8
L 133 64 33
D 132 63 2 106 133 108 29
D 131 61 2 104 132 109 29
D 102 65 2 103 110 131 8
L 137 80 -42
L 139 82 -43
L 140 84 -44
L 141 82 43
D 138 83 2 139 140 141 8
L 142 80 42
D 136 81 2 137 138 142 8
L 145 86 -46
L 146 88 -47
L 147 86 46
D 144 87 2 145 146 147 8
L 150 90 -45
L 151 92 -41
L 152 90 45
D 149 91 2 150 151 152 8
L 154 94 -48
L 156 96 -49
L 157 98 50
L 158 96 49
D 155 97 2 156 157 158 8
L 159 94 48
D 153 95 2 154 155 159 8
L 161 92 41
D 160 91 2 150 161 152 29
D 148 93 2 149 153 160 8
L 163 88 47
D 162 87 2 145 163 147 29
D 143 89 2 144 148 162 8
L 166 84 44
D 165 83 2 139 166 141 29
D 164 81 2 137 165 142 29
D 135 85 2 136 143 164 8
L 170 100 -56
L 171 102 -57
L 172 100 56
D 169 101 2 170 171 172 8
L 174 104 -58
L 176 106 -59
L 177 108 60
L 178 106 59
D 175 107 2 176 177 178 8
L 179 104 58
D 173 105 2 174 175 179 8
L 181 102 57
D 180 101 2 170 181 172 29
D 168 103 2 169 173 180 8
L 185 110 -53
L 186 112 -54
L 187 110 53
D 184 111 2 185 186 187 8
L 189 114 -52
L 191 116 -55
L 192 118 -51
L 193 116 55
D 190 117 2 191 192 193 8
L 194 114 52
D 188 115 2 189 190 194 8
L 196 112 54
D 195 111 2 185 196 187 29
D 183 113 2 184 188 195 8
L 200 120 -76
L 201 122 -77
L 202 120 76
D 199 121 2 200 201 202 8
L 204 124 -78
L 206 126 -79
L 207 128 80
L 208 126 79
D 205 127 2 206 207 208 8
L 209 124 78
D 203 125 2 204 205 209 8
L 211 122 77
D 210 121 2 200 211 202 29
D 198 123 2 199 203 210 8
L 215 130 -73
L 216 132 -72
L 217 130 73
D 214 131 2 215 216 217 8
L 219 134 -71
L 221 136 -74
L 222 138 -75
L 223 136 74
D 220 137 2 221 222 223 8
L 224 134 71
D 218 135 2 219 220 224 8
L 226 132 72
D 225 131 2 215 226 217 29
D 213 133 2 214 218 225 8
L 229 140 -61
L 230 142 -62
L 231 140 61
D 228 141 2 229 230 231 8
L 234 144 -63
L 235 146 -64
L 236 144 63
D 233 145 2 234 235 236 8
L 238 148 -65
L 240 150 -66
L 242 152 -67
L 244 154 -68
L 246 156 -69
L 247 158 70
L 248 156 69
D 245 157 2 246 247 248 8
L 249 154 68
D 243 155 2 244 245 249 8
L 250 152 67
D 241 153 2 242 243 250 8
L 251 150 66
D 239 151 2 240 241 251 8
L 252 148 65
D 237 149 2 238 239 252 8
L 254 146 64
D 253 145 2 234 254 236 29
D 232 147 2 233 237 253 8
L 256 142 62
D 255 141 2 229 256 231 29
D 227 143 2 228 232 255 8
L 260 138 75
D 259 137 2 221 260 223 29
D 258 135 2 219 259 224 29
D 257 133 2 214 258 225 29
D 212 139 2 213 227 257 8
L 264 128 -80
D 263 127 2 206 264 208 29
D 262 125 2 204 263 209 29
D 261 123 2 199 262 210 29
D 197 129 2 198 212 261 8
L 268 118 51
D 267 117 2 191 268 193 29
D 266 115 2 189 267 194 29
D 265 113 2 184 266 195 29
D 182 119 2 183 197 265 8
L 272 108 -60
D 271 107 2 176 272 178 29
D 270 105 2 174 271 179 29
D 269 103 2 169 270 180 29
D 167 109 2 168 182 269 8
L 278 98 -50
D 277 97 2 156 278 158 29
D 276 95 2 154 277 159 29
D 275 93 2 149 276 160 29
D 274 89 2 144 275 162 29
D 273 85 2 136 274 164 29
D 134 99 2 135 167 273 8
L 284 78 -40
D 283 77 2 123 284 125 29
D 282 75 2 121 283 126 29
D 281 73 2 116 282 127 29
D 280 69 2 111 281 129 29
D 279 65 2 103 280 131 29
D 101 79 2 102 134 279 8
L 290 58 -30
D 289 57 2 90 290 92 29
D 288 55 2 88 289 93 29
D 287 53 2 83 288 94 29
D 286 49 2 78 287 96 29
D 285 45 2 70 286 98 29
D 68 59 2 69 101 285 8
D 293 27 2 48 64 46 8
D 294 27 2 48 47 46 29
D 292 29 2 293 49 294 8
D 291 25 2 37 292 65 8
D 300 57 2 92 290 90 8
D 299 55 2 88 300 93 8
D 298 53 2 83 299 94 8
D 297 49 2 78 298 96 8
D 296 45 2 70 297 98 8
D 306 77 2 125 284 123 8
D 305 75 2 121 306 126 8
D 304 73 2 116 305 127 8
D 303 69 2 111 304 129 8
D 302 65 2 103 303 131 8
D 312 97 2 158 278 156 8
D 311 95 2 154 312 159 8
D 310 93 2 149 311 160 8
D 309 89 2 144 310 162 8
D 308 85 2 136 309 164 8
L 324 158 -70
D 323 157 2 248 324 246 8
D 322 155 2 244 323 249 8
D 321 153 2 242 322 250 8
D 320 151 2 240 321 251 8
D 319 149 2 238 320 252 8
D 318 147 2 233 319 253 8
D 317 143 2 228 318 255 8
D 316 139 2 213 317 257 8
D 327 127 2 208 264 206 8
D 326 125 2 204 327 209 8
D 325 123 2 199 326 210 8
D 330 127 2 206 264 208 207
D 329 125 2 204 330 209 29
D 328 123 2 199 329 210 29
D 315 129 3 198 316 325 212 328 8
D 314 119 2 183 315 265 8
D 333 107 2 178 272 176 8
D 332 105 2 174 333 179 8
D 331 103 2 169 332 180 8
D 336 107 2 176 272 178 177
D 335 105 2 174 336 179 29
D 334 103 2 169 335 180 29
D 313 109 3 168 314 331 182 334 8
D 341 97 2 156 278 158 157
D 340 95 2 154 341 159 29
D 339 93 2 149 340 160 29
D 338 89 2 144 339 162 29
D 337 85 2 136 338 164 29
D 307 99 3 308 167 135 313 337 8
D 346 77 2 123 284 125 124
D 345 75 2 121 346 126 29
D 344 73 2 116 345 127 29
D 343 69 2 111 344 129 29
D 342 65 2 103 343 131 29
D 301 79 3 302 134 102 307 342 8
D 351 57 2 90 290 92 91
D 350 55 2 88 351 93 29
D 349 53 2 83 350 94 29
D 348 49 2 78 349 96 29
D 347 45 2 70 348 98 29
D 295 59 3 296 101 69 301 347 8
D 354 27 2 48 47 46 8
D 356 35 2 60 56 55 8
D 355 33 2 50 356 61 8
D 357 27 2 48 64 46 29
D 353 29 2 354 355 357 8
D 352 25 2 37 353 65 8
D 363 57 2 90 290 92 8
D 362 55 2 93 363 88 8
D 361 53 2 83 362 94 8
D 360 49 2 78 361 96 8
D 359 45 2 70 360 98 8
D 369 77 2 123 284 125 8
D 368 75 2 126 369 121 8
D 367 73 2 116 368 127 8
D 366 69 2 111 367 129 8
D 365 65 2 103 366 131 8
D 375 97 2 156 278 158 8
D 374 95 2 159 375 154 8
D 373 93 2 149 374 160 8
D 372 89 2 144 373 162 8
D 371 85 2 136 372 164 8
D 386 157 2 246 324 248 8
D 385 155 2 249 386 244 8
D 384 153 2 242 385 250 8
D 383 151 2 240 384 251 8
D 382 149 2 238 383 252 8
D 381 147 2 233 382 253 8
D 380 143 2 228 381 255 8
D 379 139 2 213 380 257 8
D 389 127 2 206 264 208 8
D 388 125 2 209 389 204 8
D 387 123 2 199 388 210 8
D 392 127 2 206 207 208 29
D 391 125 2 204 330 209 392
D 390 123 2 199 391 210 29
D 378 129 4 198 379 325 316 387 212 390 8
D 377 119 2 183 378 265 8
D 395 107 2 176 272 178 8
D 394 105 2 179 395 174 8
D 393 103 2 169 394 180 8
D 398 107 2 176 177 178 29
D 397 105 2 174 336 179 398
D 396 103 2 169 397 180 29
D 376 109 4 168 377 331 314 393 182 396 8
D 403 97 2 156 157 158 29
D 402 95 2 159 403 154 341
D 401 93 2 149 402 160 29
D 400 89 2 144 401 162 29
D 399 85 2 136 400 164 29
D 370 99 4 371 167 308 313 135 376 399 8
D 408 77 2 123 124 125 29
D 407 75 2 126 408 121 346
D 406 73 2 116 407 127 29
D 405 69 2 111 406 129 29
D 404 65 2 103 405 131 29
D 364 79 4 365 134 302 307 102 370 404 8
D 413 57 2 90 91 92 29
D 412 55 2 93 413 88 351
D 411 53 2 83 412 94 29
D 410 49 2 78 411 96 29
D 409 45 2 70 410 98 29
D 358 59 4 359 101 296 301 69 364 409 8
D 418 37 2 59 58 57 8
D 417 35 2 55 418 60 8
D 416 33 2 50 417 61 8
D 415 29 2 354 416 357 8
D 414 25 2 37 415 65 8
D 422 47 2 79 97 81 8
D 424 55 2 88 363 93 8
D 423 53 2 83 424 94 8
D 425 47 2 79 80 81 29
D 421 49 2 422 423 425 8
D 420 45 2 70 421 98 8
D 429 67 2 112 130 114 8
D 431 75 2 121 369 126 8
D 430 73 2 116 431 127 8
D 432 67 2 112 113 114 29
D 428 69 2 429 430 432 8
D 427 65 2 103 428 131 8
D 436 87 2 145 163 147 8
D 438 95 2 154 375 159 8
D 437 93 2 149 438 160 8
D 439 87 2 145 146 147 29
D 435 89 2 436 437 439 8
D 434 85 2 136 435 164 8
D 449 155 2 244 386 249 8
D 448 153 2 250 449 242 8
D 447 151 2 240 448 251 8
D 446 149 2 238 447 252 8
D 445 147 2 233 446 253 8
D 444 143 2 228 445 255 8
D 443 139 2 213 444 257 8
D 451 121 2 200 211 202 8
D 452 125 2 204 389 209 8
D 453 121 2 200 201 202 29
D 450 123 2 451 452 453 8
D 455 125 2 204 392 209 29
D 454 123 3 199 391 451 455 202 29
D 442 129 5 198 443 325 379 387 316 450 212 454 8
D 441 119 2 183 442 265 8
D 457 101 2 170 181 172 8
D 458 105 2 174 395 179 8
D 459 101 2 170 171 172 29
D 456 103 2 457 458 459 8
D 461 105 2 174 398 179 29
D 460 103 3 169 397 457 461 172 29
D 440 109 5 168 441 331 377 393 314 456 182 460 8
D 465 95 2 154 403 159 29
D 464 93 2 149 465 160 29
D 463 89 3 144 401 436 464 147 29
D 462 85 2 136 463 164 29
D 433 99 5 434 167 371 313 308 376 135 440 462 8
D 469 75 2 121 408 126 29
D 468 73 2 116 469 127 29
D 467 69 3 111 406 429 468 114 29
D 466 65 2 103 467 131 29
D 426 79 5 427 134 365 307 302 370 102 433 466 8
D 473 55 2 88 413 93 29
D 472 53 2 83 473 94 29
D 471 49 3 78 411 422 472 81 29
D 470 45 2 70 471 98 29
D 419 59 5 420 101 359 301 296 364 69 426 470 8
L 479 38 20
D 478 37 2 57 479 59 8
D 477 35 2 55 478 60 8
D 476 33 2 50 477 61 8
D 475 29 2 354 476 357 8
D 474 25 2 37 475 65 8
D 483 47 2 81 80 79 8
D 484 47 2 81 97 79 29
D 482 49 2 483 423 484 8
D 481 45 2 70 482 98 8
D 488 67 2 114 113 112 8
D 489 67 2 114 130 112 29
D 487 69 2 488 430 489 8
D 486 65 2 103 487 131 8
D 493 87 2 147 146 145 8
D 494 87 2 147 163 145 29
D 492 89 2 493 437 494 8
D 491 85 2 136 492 164 8
D 503 153 2 242 449 250 8
D 502 151 2 251 503 240 8
D 501 149 2 238 502 252 8
D 500 147 2 233 501 253 8
D 499 143 2 228 500 255 8
D 498 139 2 213 499 257 8
D 505 121 2 202 201 200 8
D 506 121 2 202 211 200 29
D 504 123 2 505 452 506 8
D 508 121 2 202 201 200 211
D 509 121 2 202 211 200 8
D 507 123 3 199 391 508 455 509 29
D 497 129 6 198 498 325 443 387 379 450 316 504 212 507 8
D 496 119 2 183 497 265 8
D 511 101 2 172 171 170 8
D 512 101 2 172 181 170 29
D 510 103 2 511 458 512 8
D 514 101 2 172 171 170 181
D 515 101 2 172 181 170 8
D 513 103 3 169 397 514 461 515 29
D 495 109 6 168 496 331 441 393 377 456 314 510 182 513 8
D 518 87 2 147 146 145 163
D 519 87 2 147 163 145 8
D 517 89 3 144 401 518 464 519 29
D 516 85 2 136 517 164 29
D 490 99 6 491 167 434 313 371 376 308 440 135 495 516 8
D 522 67 2 114 113 112 130
D 523 67 2 114 130 112 8
D 521 69 3 111 406 522 468 523 29
D 520 65 2 103 521 131 29
D 485 79 6 486 134 427 307 365 370 302 433 102 490 520 8
D 526 47 2 81 80 79 97
D 527 47 2 81 97 79 8
D 525 49 3 78 411 526 472 527 29
D 524 45 2 70 525 98 29
D 480 59 6 481 101 420 301 359 364 296 426 69 485 524 8
D 532 37 2 57 479 59 29
D 533 37 2 57 58 59 479
D 531 35 2 60 532 55 533
D 530 33 2 50 531 61 29
D 534 27 2 46 47 48 64
D 536 35 2 55 532 60 29
D 535 33 2 50 536 61 29
D 537 27 2 46 64 48 8
D 529 29 3 354 530 534 535 537 29
D 528 25 2 37 529 65 29
D 35 39 6 36 68 291 295 352 358 414 419 474 480 528 8
D 540 3 2 7 6 5 8
D 539 1 2 3 540 9 8
D 543 11 2 17 28 19 8
D 544 11 2 17 18 19 29
D 542 13 2 543 20 544 8
D 541 9 2 11 542 30 8
D 546 3 2 7 34 5 29
D 545 1 2 3 546 9 29
D 538 5 2 539 541 545 8
D 551 31 2 53 52 51 8
D 552 31 2 53 62 51 29
D 550 33 2 551 54 552 8
D 549 29 2 354 550 357 8
D 548 25 2 37 549 65 8
D 557 51 2 86 85 84 8
D 558 51 2 86 95 84 29
D 556 53 2 557 424 558 8
D 555 49 2 78 556 96 8
D 554 45 2 70 555 98 8
D 563 71 2 119 118 117 8
D 564 71 2 119 128 117 29
D 562 73 2 563 431 564 8
D 561 69 2 111 562 129 8
D 560 65 2 103 561 131 8
D 569 91 2 152 151 150 8
D 570 91 2 152 161 150 29
D 568 93 2 569 438 570 8
D 567 89 2 144 568 162 8
D 566 85 2 136 567 164 8
D 572 103 2 169 458 180 8
D 576 117 2 193 192 191 8
D 575 115 2 189 576 194 8
D 574 113 2 184 575 195 8
D 579 117 2 193 268 191 29
D 578 115 2 189 579 194 29
D 577 113 2 184 578 195 29
D 573 119 2 574 197 577 8
D 586 151 2 240 503 251 8
D 585 149 2 252 586 238 8
D 584 147 2 233 585 253 8
D 583 143 2 228 584 255 8
D 582 139 2 213 583 257 8
D 587 123 2 199 452 210 8
D 591 137 2 221 260 223 8
D 590 135 2 219 591 224 8
D 589 133 2 214 590 225 8
D 594 137 2 221 222 223 29
D 593 135 2 219 594 224 29
D 592 133 2 214 593 225 29
D 588 139 2 589 227 592 8
D 597 127 2 208 207 206 8
D 596 125 2 204 597 209 392
D 595 123 3 199 596 508 455 509 29
D 581 129 7 198 582 587 588 325 498 387 443 450 379 504 316 595 8
D 580 119 2 183 581 265 8
D 600 107 2 178 177 176 8
D 599 105 2 174 600 179 398
D 598 103 3 169 599 514 461 515 29
D 571 109 7 572 573 168 580 331 496 393 441 456 377 510 314 598 8
D 603 93 3 569 465 149 402 161 29
D 602 89 3 144 603 518 464 519 29
D 601 85 2 136 602 164 29
D 565 99 7 566 167 491 313 434 376 371 440 308 495 135 571 601 8
D 606 73 3 563 469 116 407 128 29
D 605 69 3 111 606 522 468 523 29
D 604 65 2 103 605 131 29
D 559 79 7 560 134 486 307 427 370 365 433 302 490 102 565 604 8
D 609 53 3 557 473 83 412 95 29
D 608 49 3 78 609 526 472 527 29
D 607 45 2 70 608 98 29
D 553 59 7 554 101 481 301 420 364 359 426 296 485 69 559 607 8
D 612 33 3 551 536 50 531 62 29
D 611 29 3 354 612 534 535 537 29
D 610 25 2 37 611 65 29
D 547 39 7 548 68 36 295 291 358 352 419 414 480 474 553 610 8
D 615 3 2 5 34 7 8
D 614 1 2 3 615 9 8
D 617 3 2 5 6 7 29
D 616 1 2 3 617 9 29
D 613 5 2 614 541 616 8
D 620 21 2 43 39 38 8
D 621 29 2 354 49 357 8
D 622 21 2 43 66 38 29
D 619 25 2 620 621 622 8
D 625 41 2 76 72 71 8
D 626 49 2 78 423 96 8
D 627 41 2 76 99 71 29
D 624 45 2 625 626 627 8
D 630 61 2 109 105 104 8
D 631 69 2 111 430 129 8
D 632 61 2 109 132 104 29
D 629 65 2 630 631 632 8
D 636 83 2 139 166 141 8
D 635 81 2 137 636 142 8
D 637 89 2 144 437 162 8
D 639 83 2 139 140 141 29
D 638 81 2 137 639 142 29
D 634 85 2 635 637 638 8
D 643 111 2 185 196 187 8
D 644 111 2 185 186 187 29
D 642 113 2 643 188 644 8
D 645 113 3 184 578 643 266 187 29
D 641 119 3 574 315 642 197 645 8
D 651 145 2 234 254 236 8
D 652 149 2 238 586 252 8
D 653 145 2 234 235 236 29
D 650 147 2 651 652 653 8
D 649 143 2 228 650 255 8
D 648 139 2 213 649 257 8
D 657 137 2 223 222 221 8
D 656 135 2 219 657 224 8
D 655 133 2 214 656 225 8
D 660 137 2 221 222 223 260
D 659 135 2 219 660 224 29
D 658 133 2 214 659 225 29
D 654 139 3 655 227 589 317 658 8
D 647 129 7 198 648 587 654 325 582 387 498 450 443 504 379 595 8
D 646 119 2 183 647 265 8
D 640 109 7 572 641 168 646 331 580 393 496 456 441 510 377 598 8
D 662 89 2 144 464 162 29
D 663 81 2 137 141 142 29
D 661 85 3 136 602 635 662 663 29
D 633 99 8 634 167 566 313 491 376 434 440 371 495 308 571 135 640 661 8
D 665 69 2 111 468 129 29
D 664 65 3 103 605 630 665 132 29
D 628 79 8 629 134 560 307 486 370 427 433 365 490 302 565 102 633 664 8
D 667 49 2 78 472 96 29
D 666 45 3 70 608 625 667 99 29
D 623 59 8 624 101 554 301 481 364 420 426 359 485 296 559 69 628 666 8
D 669 29 2 354 535 357 29
D 668 25 3 37 611 620 669 66 29
D 618 39 8 619 68 548 295 36 358 291 419 352 480 414 553 474 623 668 8
D 671 1 2 9 4 3 8
D 672 1 2 9 33 3 29
D 670 5 2 671 541 672 8
D 676 23 2 40 67 42 8
D 675 21 2 38 676 43 8
D 678 23 2 40 41 42 29
D 677 21 2 38 678 43 29
D 674 25 2 675 621 677 8
D 682 43 2 73 100 75 8
D 681 41 2 71 682 76 8
D 684 43 2 73 74 75 29
D 683 41 2 71 684 76 29
D 680 45 2 681 626 683 8
D 688 63 2 106 133 108 8
D 687 61 2 104 688 109 8
D 690 63 2 106 107 108 29
D 689 61 2 104 690 109 29
D 686 65 2 687 631 689 8
D 694 83 2 141 140 139 8
D 693 81 2 137 694 142 8
D 696 83 2 141 166 139 29
D 695 81 2 137 696 142 29
D 692 85 2 693 637 695 8
D 700 111 2 187 186 185 8
D 701 111 2 187 196 185 29
D 699 113 2 700 188 701 8
D 703 111 2 187 186 185 196
D 704 111 2 187 196 185 8
D 702 113 3 184 578 703 266 704 29
D 698 119 4 642 315 574 378 699 197 702 8
D 710 145 2 236 235 234 8
D 711 145 2 236 254 234 29
D 709 147 2 710 652 711 8
D 708 143 2 228 709 255 8
D 707 139 2 213 708 257 8
D 714 131 2 217 216 215 8
D 715 131 2 217 226 215 29
D 713 133 2 714 218 715 8
D 716 133 3 214 659 714 258 226 29
D 712 139 4 713 227 655 317 589 380 716 8
D 706 129 7 198 707 587 712 325 648 387 582 450 498 504 443 595 8
D 705 119 2 183 706 265 8
D 697 109 7 572 698 168 705 331 646 393 580 456 496 510 441 598 8
D 719 83 2 141 140 139 166
D 718 81 2 137 719 142 8
D 721 83 2 141 166 139 8
D 720 81 2 137 721 142 29
D 717 85 3 136 602 718 662 720 29
D 691 99 9 692 167 634 313 566 376 491 440 434 495 371 571 308 640 135 697 717 8
D 723 61 2 104 688 109 105
D 724 61 2 109 132 104 108
D 722 65 3 103 605 723 665 724 29
D 685 79 9 686 134 629 307 560 370 486 433 427 490 365 565 302 633 102 691 722 8
D 726 41 2 71 682 76 72
D 727 41 2 76 99 71 75
D 725 45 3 70 608 726 667 727 29
D 679 59 9 680 101 624 301 554 364 481 426 420 485 359 559 296 628 69 685 725 8
D 729 21 2 38 676 43 39
D 730 21 2 43 66 38 42
D 728 25 3 37 611 729 669 730 29
D 673 39 9 674 68 619 295 548 358 36 419 291 480 352 553 414 623 474 679 728 8
D 734 11 2 19 28 17 8
D 735 11 2 19 18 17 29
D 733 13 2 734 20 735 8
D 732 9 2 11 733 30 8
D 731 5 2 2 732 32 8
D 739 23 2 42 41 40 8
D 738 21 2 38 739 43 8
D 741 23 2 42 67 40 29
D 740 21 2 38 741 43 29
D 737 25 2 738 621 740 8
D 745 43 2 75 74 73 8
D 744 41 2 71 745 76 8
D 747 43 2 75 100 73 29
D 746 41 2 71 747 76 29
D 743 45 2 744 626 746 8
D 751 63 2 108 107 106 8
D 750 61 2 104 751 109 8
D 753 63 2 108 133 106 29
D 752 61 2 104 753 109 29
D 749 65 2 750 631 752 8
D 756 81 2 142 138 137 8
D 757 81 2 142 165 137 29
D 755 85 2 756 637 757 8
D 761 115 2 194 190 189 8
D 760 113 2 184 761 195 8
D 763 115 2 189 579 194 267
D 762 113 3 184 763 703 266 704 29
D 759 119 5 574 442 699 315 642 378 760 197 762 8
D 768 131 2 215 226 217 8
D 769 131 2 215 216 217 29
D 767 133 2 768 218 769 8
D 771 131 2 217 216 215 226
D 772 131 2 217 226 215 8
D 770 133 3 214 659 771 258 772 29
D 766 139 5 767 227 713 317 655 380 589 444 770 8
D 775 141 2 229 256 231 8
D 776 147 2 233 652 253 8
D 777 141 2 229 230 231 29
D 774 143 2 775 776 777 8
D 773 139 2 213 774 257 8
D 765 129 7 587 766 325 707 198 773 387 648 450 582 504 498 595 8
D 764 119 2 183 765 265 8
D 758 109 7 572 759 168 764 331 705 393 646 456 580 510 496 598 8
D 779 81 2 137 719 142 138
D 780 81 2 137 721 142 165
D 778 85 3 136 602 779 662 780 29
D 754 99 10 755 167 692 313 634 376 566 440 491 495 434 571 371 640 308 697 135 758 778 8
D 783 63 2 108 107 106 133
D 782 61 2 104 783 109 105
D 785 63 2 108 133 106 8
D 784 61 2 104 785 109 132
D 781 65 3 103 605 782 665 784 29
D 748 79 10 749 134 686 307 629 370 560 433 486 490 427 565 365 633 302 691 102 754 781 8
D 788 43 2 75 74 73 100
D 787 41 2 71 788 76 72
D 790 43 2 75 100 73 8
D 789 41 2 71 790 76 99
D 786 45 3 70 608 787 667 789 29
D 742 59 10 743 101 680 301 624 364 554 426 481 485 420 559 359 628 296 685 69 748 786 8
D 793 23 2 42 41 40 67
D 792 21 2 38 793 43 39
D 795 23 2 42 67 40 8
D 794 21 2 38 795 43 66
D 791 25 3 37 611 792 669 794 29
D 736 39 10 737 68 674 295 619 358 548 419 36 480 291 553 352 623 414 679 474 742 791 8
D 798 7 2 14 13 12 8
D 799 7 2 14 31 12 29
D 797 9 2 798 542 799 8
D 796 5 2 2 797 32 8
D 804 31 2 51 62 53 8
D 805 31 2 51 52 53 29
D 803 33 2 804 54 805 8
D 802 29 2 354 803 357 8
D 801 25 2 37 802 65 8
D 810 51 2 84 95 86 8
D 811 51 2 84 85 86 29
D 809 53 2 810 424 811 8
D 808 49 2 78 809 96 8
D 807 45 2 70 808 98 8
D 816 71 2 117 128 119 8
D 817 71 2 117 118 119 29
D 815 73 2 816 431 817 8
D 814 69 2 111 815 129 8
D 813 65 2 103 814 131 8
D 822 91 2 150 161 152 8
D 823 91 2 150 151 152 29
D 821 93 2 822 438 823 8
D 820 89 2 144 821 162 8
D 819 85 2 136 820 164 8
D 828 117 2 191 268 193 8
D 827 115 2 189 828 194 8
D 826 113 2 184 827 195 8
D 831 117 2 191 192 193 268
D 830 115 2 189 831 194 267
D 829 113 3 184 830 703 266 704 29
D 825 119 6 574 497 642 442 760 315 699 378 826 197 829 8
D 836 135 2 224 220 219 8
D 835 133 2 214 836 225 8
D 838 135 2 219 660 224 259
D 837 133 3 214 838 771 258 772 29
D 834 139 6 835 227 767 317 713 380 589 499 655 444 837 8
D 841 141 2 231 230 229 8
D 842 141 2 231 256 229 29
D 840 143 2 841 776 842 8
D 839 139 2 213 840 257 8
D 833 129 7 587 834 387 707 325 773 450 648 198 839 504 582 595 8
D 832 119 2 183 833 265 8
D 824 109 7 572 825 168 832 331 764 393 705 456 646 510 580 598 8
D 846 91 2 152 151 150 161
D 847 91 2 152 161 150 8
D 845 93 3 846 465 149 402 847 29
D 844 89 3 518 464 144 845 519 29
D 843 85 3 779 662 136 844 780 29
D 818 99 11 819 167 755 313 692 376 634 440 566 495 491 571 434 640 371 697 308 758 135 824 843 8
D 851 71 2 119 118 117 128
D 852 71 2 119 128 117 8
D 850 73 3 851 469 116 407 852 29
D 849 69 3 522 468 111 850 523 29
D 848 65 3 782 665 103 849 784 29
D 812 79 11 813 134 749 307 686 370 629 433 560 490 486 565 427 633 365 691 302 754 102 818 848 8
D 856 51 2 86 85 84 95
D 857 51 2 86 95 84 8
D 855 53 3 856 473 83 412 857 29
D 854 49 3 526 472 78 855 527 29
D 853 45 3 787 667 70 854 789 29
D 806 59 11 807 101 743 301 680 364 624 426 554 485 481 559 420 628 359 685 296 748 69 812 853 8
D 861 31 2 53 52 51 62
D 862 31 2 53 62 51 8
D 860 33 3 861 536 50 531 862 29
D 859 29 3 534 535 354 860 537 29
D 858 25 3 792 669 37 859 794 29
D 800 39 11 801 68 737 295 674 358 619 419 548 480 36 553 291 623 352 679 414 742 474 806 858 8
D 865 7 2 12 31 14 8
D 866 7 2 12 13 14 29
D 864 9 2 865 542 866 8
D 863 5 2 2 864 32 8
D 872 119 6 574 581 642 497 699 442 826 315 760 378 829 8
D 875 139 6 835 317 767 380 589 583 655 499 713 444 837 8
D 877 125 2 209 392 204 207
D 876 123 3 199 877 508 455 509 29
D 874 129 6 587 875 450 707 387 773 504 648 325 839 876 8
D 873 119 2 183 874 265 8
D 871 109 7 572 872 331 832 168 873 393 764 456 705 510 646 598 8
D 870 99 11 819 313 755 376 692 440 634 495 566 571 491 640 434 697 371 758 308 824 135 871 843 8
D 869 79 11 813 307 749 370 686 433 629 490 560 565 486 633 427 691 365 754 302 818 102 870 848 8
D 868 59 11 807 301 743 364 680 426 624 485 554 559 481 628 420 685 359 748 296 812 69 869 853 8
D 867 39 11 801 295 737 358 674 419 619 480 548 553 36 623 291 679 352 742 414 806 474 868 858 8
D 881 15 2 26 22 21 8
D 880 13 2 543 881 544 8
D 879 9 2 11 880 30 8
D 878 5 2 2 879 32 8
D 887 119 6 642 581 574 647 699 497 760 442 826 378 829 8
D 890 139 6 835 380 589 649 655 583 713 499 767 444 837 8
D 891 123 3 508 455 199 392 509 29
D 889 129 5 587 890 504 707 450 773 387 839 891 8
D 888 119 2 183 889 265 8
D 886 109 7 572 887 393 832 331 873 168 888 456 764 510 705 598 8
D 885 99 11 819 376 755 440 692 495 634 571 566 640 491 697 434 758 371 824 308 871 135 886 843 8
D 884 79 11 813 370 749 433 686 490 629 565 560 633 486 691 427 754 365 818 302 870 102 885 848 8
D 883 59 11 807 364 743 426 680 485 624 559 554 628 481 685 420 748 359 812 296 869 69 884 853 8
D 882 39 11 801 358 737 419 674 480 619 553 548 623 36 679 291 742 352 806 414 868 474 883 858 8
D 896 17 2 25 24 23 8
D 895 15 2 21 896 26 8
D 894 13 2 543 895 544 8
D 893 9 2 11 894 30 8
D 892 5 2 2 893 32 8
D 902 119 6 699 581 642 647 574 706 760 497 826 442 829 8
D 905 139 6 589 708 655 649 713 583 767 499 835 444 837 8
D 907 121 2 202 201 200 29
D 906 123 2 907 455 509 29
D 904 129 4 504 773 587 905 450 839 906 8
D 903 119 2 183 904 265 8
D 901 109 7 572 902 456 832 393 873 331 888 168 903 510 764 598 8
D 900 99 11 819 440 755 495 692 571 634 640 566 697 491 758 434 824 371 871 308 886 135 901 843 8
D 899 79 11 813 433 749 490 686 565 629 633 560 691 486 754 427 818 365 870 302 885 102 900 848 8
D 898 59 11 807 426 743 485 680 559 624 628 554 685 481 748 420 812 359 869 296 884 69 899 853 8
D 897 39 11 801 419 737 480 674 553 619 623 548 679 36 742 291 806 352 868 414 883 474 898 858 8
L 913 18 10
D 912 17 2 23 913 25 8
D 911 15 2 21 912 26 8
D 910 13 2 543 911 544 8
D 909 9 2 11 910 30 8
D 908 5 2 2 909 32 8
D 919 119 6 760 581 699 647 642 706 574 765 826 497 829 8
D 922 139 6 655 708 713 649 767 583 835 499 589 774 837 8
D 923 123 2 201 455 211 29
D 921 129 3 504 839 587 922 923 8
D 920 119 2 183 921 265 8
D 918 109 7 572 919 510 832 456 873 393 888 331 903 168 920 598 8
D 917 99 11 819 495 755 571 692 640 634 697 566 758 491 824 434 871 371 886 308 901 135 918 843 8
D 916 79 11 813 490 749 565 686 633 629 691 560 754 486 818 427 870 365 885 302 900 102 917 848 8
D 915 59 11 807 485 743 559 680 628 624 685 554 748 481 812 420 869 359 884 296 899 69 916 853 8
D 914 39 11 801 480 737 553 674 623 619 679 548 742 36 806 291 868 352 883 414 898 474 915 858 8
D 928 17 2 23 24 25 913
D 929 17 2 23 913 25 29
D 927 15 2 21 928 26 929
D 930 11 2 19 28 17 18
D 931 15 2 21 929 26 29
D 932 11 2 19 18 17 8
D 926 13 3 543 927 930 931 932 29
D 933 7 2 14 13 12 31
D 934 13 2 543 931 544 29
D 935 7 2 14 31 12 8
D 925 9 3 11 926 933 934 935 29
D 937 3 2 7 6 5 34
D 936 1 2 3 937 9 4
D 938 9 2 11 934 30 29
D 940 3 2 7 34 5 8
D 939 1 2 3 940 9 33
D 924 5 3 2 925 936 938 939 29
D 0 19 11 1 35 538 547 613 618 670 673 731 736 796 800 863 867 878 882 892 897 908 914 924 8
