c ids of sdd nodes start at 0
c sdd nodes appear bottom-up, children before parents
c
c file syntax:
c sdd count-of-sdd-nodes
c F id-of-false-sdd-node
c T id-of-true-sdd-node
c L id-of-literal-sdd-node id-of-vtree literal
c D id-of-decomposition-sdd-node id-of-vtree number-of-elements {id-of-prime id-of-sub}*
c
sdd 703
L 3 0 -4
L 5 2 -2
L 6 4 -3
L 7 2 2
F 8
D 4 3 2 5 6 7 8
L 9 0 4
D 2 1 2 3 4 9 8
L 12 6 -6
L 13 8 -7
L 14 6 6
D 11 7 2 12 13 14 8
L 17 10 -5
L 18 12 1
L 19 10 5
D 16 11 2 17 18 19 8
L 21 14 -8
L 23 16 -9
L 24 18 -10
L 25 16 9
D 22 17 2 23 24 25 8
L 26 14 8
D 20 15 2 21 22 26 8
L 28 12 -1
T 29
D 27 11 2 17 28 19 29
D 15 13 2 16 20 27 8
L 31 8 7
D 30 7 2 12 31 14 29
D 10 9 2 11 15 30 8
L 34 4 3
D 33 3 2 5 34 7 29
D 32 1 2 3 33 9 29
D 1 5 2 2 10 32 8
L 38 20 -14
L 40 22 -12
L 41 24 -13
L 42 22 12
D 39 23 2 40 41 42 8
L 43 20 14
D 37 21 2 38 39 43 8
L 46 26 -16
L 47 28 -17
L 48 26 16
D 45 27 2 46 47 48 8
L 51 30 -15
L 52 32 11
L 53 30 15
D 50 31 2 51 52 53 8
L 55 34 -18
L 57 36 -19
L 58 38 -20
L 59 36 19
D 56 37 2 57 58 59 8
L 60 34 18
D 54 35 2 55 56 60 8
L 62 32 -11
D 61 31 2 51 62 53 29
D 49 33 2 50 54 61 8
L 64 28 17
D 63 27 2 46 64 48 29
D 44 29 2 45 49 63 8
L 67 24 13
D 66 23 2 40 67 42 29
D 65 21 2 38 66 43 29
D 36 25 2 37 44 65 8
L 71 40 -24
L 73 42 -22
L 74 44 -23
L 75 42 22
D 72 43 2 73 74 75 8
L 76 40 24
D 70 41 2 71 72 76 8
L 79 46 -26
L 80 48 -27
L 81 46 26
D 78 47 2 79 80 81 8
L 84 50 -25
L 85 52 21
L 86 50 25
D 83 51 2 84 85 86 8
L 88 54 -28
L 90 56 -29
L 91 58 -30
L 92 56 29
D 89 57 2 90 91 92 8
L 93 54 28
D 87 55 2 88 89 93 8
L 95 52 -21
D 94 51 2 84 95 86 29
D 82 53 2 83 87 94 8
L 97 48 27
D 96 47 2 79 97 81 29
D 77 49 2 78 82 96 8
L 100 44 23
D 99 43 2 73 100 75 29
D 98 41 2 71 99 76 29
D 69 45 2 70 77 98 8
L 104 60 -34
L 106 62 -32
L 107 64 -33
L 108 62 32
D 105 63 2 106 107 108 8
L 109 60 34
D 103 61 2 104 105 109 8
L 112 66 -36
L 113 68 -37
L 114 66 36
D 111 67 2 112 113 114 8
L 117 70 -35
L 118 72 31
L 119 70 35
D 116 71 2 117 118 119 8
L 121 74 -38
L 123 76 -39
L 124 78 -40
L 125 76 39
D 122 77 2 123 124 125 8
L 126 74 38
D 120 75 2 121 122 126 8
L 128 72 -31
D 127 71 2 117 128 119 29
D 115 73 2 116 120 127 8
L 130 68 37
D 129 67 2 112 130 114 29
D 110 69 2 111 115 129 8
L 133 64 33
D 132 63 2 106 133 108 29
D 131 61 2 104 132 109 29
D 102 65 2 103 110 131 8
L 137 80 -42
L 139 82 -43
L 140 84 -44
L 141 82 43
D 138 83 2 139 140 141 8
L 142 80 42
D 136 81 2 137 138 142 8
L 145 86 -46
L 146 88 -47
L 147 86 46
D 144 87 2 145 146 147 8
L 150 90 -45
L 151 92 41
L 152 90 45
D 149 91 2 150 151 152 8
L 154 94 -48
L 156 96 -49
L 157 98 -50
L 158 96 49
D 155 97 2 156 157 158 8
L 159 94 48
D 153 95 2 154 155 159 8
L 161 92 -41
D 160 91 2 150 161 152 29
D 148 93 2 149 153 160 8
L 163 88 47
D 162 87 2 145 163 147 29
D 143 89 2 144 148 162 8
L 166 84 44
D 165 83 2 139 166 141 29
D 164 81 2 137 165 142 29
D 135 85 2 136 143 164 8
L 170 100 56
L 171 102 -57
L 172 100 -56
D 169 101 2 170 171 172 8
L 174 104 -58
L 176 106 -59
L 177 108 -60
L 178 106 59
D 175 107 2 176 177 178 8
L 179 104 58
D 173 105 2 174 175 179 8
L 181 102 57
D 180 101 2 170 181 172 29
D 168 103 2 169 173 180 8
L 185 110 -53
L 186 112 -54
L 187 110 53
D 184 111 2 185 186 187 8
L 189 114 -52
L 191 116 -55
L 192 118 -51
L 193 116 55
D 190 117 2 191 192 193 8
L 194 114 52
D 188 115 2 189 190 194 8
L 196 112 54
D 195 111 2 185 196 187 29
D 183 113 2 184 188 195 8
L 200 120 -76
L 201 122 -77
L 202 120 76
D 199 121 2 200 201 202 8
L 204 124 -78
L 206 126 -79
L 207 128 -80
L 208 126 79
D 205 127 2 206 207 208 8
L 209 124 78
D 203 125 2 204 205 209 8
L 211 122 77
D 210 121 2 200 211 202 29
D 198 123 2 199 203 210 8
L 215 130 -73
L 216 132 -72
L 217 130 73
D 214 131 2 215 216 217 8
L 219 134 71
L 221 136 -74
L 222 138 -75
L 223 136 74
D 220 137 2 221 222 223 8
L 224 134 -71
D 218 135 2 219 220 224 8
L 226 132 72
D 225 131 2 215 226 217 29
D 213 133 2 214 218 225 8
L 229 140 -61
L 230 142 62
L 231 140 61
D 228 141 2 229 230 231 8
L 234 144 -63
L 235 146 -64
L 236 144 63
D 233 145 2 234 235 236 8
L 238 148 -65
L 240 150 -66
L 242 152 -67
L 244 154 -68
L 246 156 -69
L 247 158 -70
L 248 156 69
D 245 157 2 246 247 248 8
L 249 154 68
D 243 155 2 244 245 249 8
L 250 152 67
D 241 153 2 242 243 250 8
L 251 150 66
D 239 151 2 240 241 251 8
L 252 148 65
D 237 149 2 238 239 252 8
L 254 146 64
D 253 145 2 234 254 236 29
D 232 147 2 233 237 253 8
L 256 142 -62
D 255 141 2 229 256 231 29
D 227 143 2 228 232 255 8
D 258 131 2 215 226 217 8
D 259 135 2 224 220 219 8
D 260 131 2 215 216 217 29
D 257 133 2 258 259 260 8
D 262 141 2 231 256 229 8
D 263 141 2 231 230 229 29
D 261 143 2 262 232 263 8
L 267 138 75
D 266 137 2 221 267 223 29
D 265 135 2 224 266 219 29
D 268 135 2 219 266 224 29
D 264 133 3 258 265 214 268 217 29
D 212 139 3 213 227 257 261 264 8
L 272 128 80
D 271 127 2 206 272 208 29
D 270 125 2 204 271 209 29
D 269 123 2 199 270 210 29
D 197 129 2 198 212 269 8
L 276 118 51
D 275 117 2 191 276 193 29
D 274 115 2 189 275 194 29
D 273 113 2 184 274 195 29
D 182 119 2 183 197 273 8
D 278 101 2 172 171 170 8
D 279 101 2 172 181 170 29
D 277 103 2 278 173 279 8
D 283 117 2 191 276 193 8
D 282 115 2 189 283 194 8
D 281 113 2 184 282 195 8
D 286 121 2 202 201 200 8
D 287 121 2 202 211 200 29
D 285 123 2 286 203 287 8
D 289 133 2 214 259 225 8
D 290 133 2 214 265 225 29
D 288 139 2 289 227 290 8
D 294 137 2 221 267 223 8
D 293 135 2 224 294 219 8
D 292 133 2 214 293 225 8
D 296 141 2 229 256 231 8
D 298 145 2 236 235 234 8
D 299 145 2 236 254 234 29
D 297 147 2 298 237 299 8
D 300 141 2 229 230 231 29
D 295 143 2 296 297 300 8
D 303 137 2 223 222 221 8
D 302 135 2 224 303 219 8
D 301 133 2 214 302 225 8
D 306 145 2 234 254 236 8
D 307 145 2 234 235 236 29
D 305 147 2 306 237 307 8
D 304 143 2 296 305 300 8
D 309 131 2 217 216 215 8
D 310 131 2 217 226 215 29
D 308 133 2 309 259 310 8
D 313 149 2 252 239 238 8
D 312 147 2 233 313 253 8
D 311 143 2 296 312 300 8
D 317 151 2 251 241 240 8
D 316 149 2 238 317 252 8
D 315 147 2 233 316 253 8
D 314 143 2 296 315 300 8
D 322 153 2 250 243 242 8
D 321 151 2 240 322 251 8
D 320 149 2 238 321 252 8
D 319 147 2 233 320 253 8
D 318 143 2 296 319 300 8
D 325 137 2 221 222 223 267
D 324 135 2 224 325 219 266
D 326 131 2 217 216 215 226
D 327 131 2 217 226 215 8
D 323 133 3 214 324 326 265 327 29
D 291 139 6 292 295 301 304 308 311 257 314 213 318 323 8
D 329 121 2 200 211 202 8
D 330 121 2 200 201 202 29
D 328 123 2 329 203 330 8
D 331 139 2 289 261 290 8
D 333 121 2 202 201 200 29
D 334 121 2 202 211 200 8
D 332 123 2 333 270 334 29
D 284 129 4 285 288 198 291 328 331 332 8
D 336 115 2 194 190 189 8
D 335 113 2 184 336 195 8
D 338 139 6 301 295 308 304 257 311 213 314 292 227 323 8
D 339 123 2 201 270 211 29
D 337 129 3 285 331 198 338 339 8
D 341 111 2 187 186 185 8
D 342 111 2 187 196 185 29
D 340 113 2 341 188 342 8
D 344 139 6 308 295 257 304 213 311 301 227 292 261 323 8
D 343 129 2 198 344 269 8
D 346 111 2 185 196 187 8
D 347 111 2 185 186 187 29
D 345 113 2 346 188 347 8
D 352 137 2 223 267 221 29
D 351 135 2 224 352 219 266
D 350 133 3 214 351 326 265 327 29
D 349 139 5 257 295 213 304 308 227 301 261 350 8
D 348 129 2 198 349 269 8
D 355 117 2 193 192 191 8
D 354 115 2 189 355 194 8
D 353 113 2 184 354 195 8
D 358 133 3 326 265 214 268 327 29
D 357 139 4 213 295 257 227 308 261 358 8
D 356 129 2 198 357 269 8
D 361 117 2 191 192 193 276
D 360 115 2 189 361 194 275
D 362 111 2 187 186 185 196
D 363 111 2 187 196 185 8
D 359 113 3 184 360 362 274 363 29
D 280 119 6 281 284 335 337 340 343 345 348 353 356 359 8
D 365 101 2 172 181 170 8
D 366 101 2 172 171 170 29
D 364 103 2 365 173 366 8
D 370 133 2 214 268 225 29
D 369 139 2 213 261 370 8
D 368 129 2 198 369 269 8
D 367 119 2 183 368 273 8
D 372 101 2 170 171 172 29
L 375 108 60
D 374 107 2 176 375 178 29
D 373 105 2 174 374 179 29
D 376 101 2 170 181 172 8
D 371 103 2 372 373 376 29
D 167 109 4 168 182 277 280 364 367 371 8
D 378 81 2 142 138 137 8
D 381 91 2 150 161 152 8
D 382 91 2 150 151 152 29
D 380 93 2 381 153 382 8
D 379 89 2 144 380 162 8
D 383 81 2 142 165 137 29
D 377 85 2 378 379 383 8
D 385 119 6 281 337 335 343 340 348 345 356 353 197 359 8
D 386 103 2 171 373 181 29
D 384 109 3 168 367 277 385 386 8
D 389 83 2 141 140 139 8
D 388 81 2 137 389 142 8
D 391 83 2 141 166 139 29
D 390 81 2 137 391 142 29
D 387 85 2 388 379 390 8
D 393 119 6 281 343 335 348 340 356 345 197 353 368 359 8
D 394 103 2 278 373 279 29
D 392 109 2 277 393 394 8
D 397 83 2 139 166 141 8
D 396 81 2 137 397 142 8
D 399 83 2 139 140 141 29
D 398 81 2 137 399 142 29
D 395 85 2 396 379 398 8
D 404 117 2 191 192 193 29
D 403 115 2 194 275 189 404
D 402 113 3 184 403 362 274 363 29
D 401 119 5 281 348 335 356 340 197 345 368 402 8
D 400 109 2 277 401 394 8
D 408 91 2 152 161 150 8
D 409 91 2 152 151 150 29
D 407 93 2 408 153 409 8
D 406 89 2 144 407 162 8
D 405 85 2 136 406 164 8
D 412 113 3 184 403 341 274 196 29
D 411 119 4 281 356 335 197 340 368 412 8
D 410 109 2 277 411 394 8
D 415 87 2 147 146 145 8
D 416 87 2 147 163 145 29
D 414 89 2 415 380 416 8
D 413 85 2 136 414 164 8
D 419 113 2 184 403 195 29
D 418 119 3 281 197 335 368 419 8
D 417 109 2 277 418 394 8
D 422 87 2 145 163 147 8
D 423 87 2 145 146 147 29
D 421 89 2 422 380 423 8
D 420 85 2 136 421 164 8
D 427 115 2 189 404 194 29
D 426 113 2 184 427 195 29
D 425 119 2 281 368 426 8
D 424 109 2 277 425 394 8
D 431 91 2 152 161 150 151
L 434 98 50
D 433 97 2 156 434 158 29
D 432 95 2 154 433 159 29
D 435 91 2 150 161 152 151
D 430 93 2 431 432 435 29
D 436 87 2 147 146 145 163
D 437 93 2 381 432 382 29
D 438 87 2 147 163 145 8
D 429 89 3 144 430 436 437 438 29
D 440 83 2 141 140 139 166
D 439 81 2 137 440 142 138
D 441 89 2 144 437 162 29
D 443 83 2 141 166 139 8
D 442 81 2 137 443 142 165
D 428 85 3 136 429 439 441 442 29
D 134 99 8 135 167 377 384 387 392 395 400 405 410 413 417 420 424 428 8
D 446 63 2 108 107 106 8
D 445 61 2 104 446 109 8
D 449 71 2 117 128 119 8
D 450 71 2 117 118 119 29
D 448 73 2 449 120 450 8
D 447 69 2 111 448 129 8
D 452 63 2 108 133 106 29
D 451 61 2 104 452 109 29
D 444 65 2 445 447 451 8
D 455 89 3 144 430 415 437 163 29
D 454 85 3 136 455 439 441 442 29
D 453 99 7 135 384 377 392 387 400 395 410 405 417 413 424 454 8
D 458 63 2 106 133 108 8
D 457 61 2 104 458 109 8
D 460 63 2 106 107 108 29
D 459 61 2 104 460 109 29
D 456 65 2 457 447 459 8
D 463 89 2 144 430 162 29
D 462 85 3 136 463 439 441 442 29
D 461 99 6 135 392 377 400 387 410 395 417 405 424 462 8
D 465 61 2 109 105 104 8
D 466 61 2 109 132 104 29
D 464 65 2 465 447 466 8
D 470 93 2 149 432 160 29
D 469 89 2 144 470 162 29
D 468 85 3 136 469 439 441 442 29
D 467 99 5 135 400 377 410 387 417 395 424 468 8
D 474 71 2 119 128 117 8
D 475 71 2 119 118 117 29
D 473 73 2 474 120 475 8
D 472 69 2 111 473 129 8
D 471 65 2 103 472 131 8
D 478 81 2 137 389 142 138
D 479 81 2 142 165 137 166
D 477 85 3 136 469 478 441 479 29
D 476 99 4 135 410 377 417 387 424 477 8
D 482 67 2 114 113 112 8
D 483 67 2 114 130 112 29
D 481 69 2 482 448 483 8
D 480 65 2 103 481 131 8
D 485 85 3 136 469 378 441 165 29
D 484 99 3 135 417 377 424 485 8
D 488 67 2 112 130 114 8
D 489 67 2 112 113 114 29
D 487 69 2 488 448 489 8
D 486 65 2 103 487 131 8
D 491 85 2 136 469 164 29
D 490 99 2 135 424 491 8
D 495 71 2 119 128 117 118
L 498 78 40
D 497 77 2 123 498 125 29
D 496 75 2 121 497 126 29
D 499 71 2 117 128 119 118
D 494 73 2 495 496 499 29
D 500 67 2 114 113 112 130
D 501 73 2 449 496 450 29
D 502 67 2 114 130 112 8
D 493 69 3 111 494 500 501 502 29
D 504 63 2 108 107 106 133
D 503 61 2 104 504 109 105
D 505 69 2 111 501 129 29
D 507 63 2 108 133 106 8
D 506 61 2 104 507 109 132
D 492 65 3 103 493 503 505 506 29
D 101 79 8 102 134 444 453 456 461 464 467 471 476 480 484 486 490 492 8
D 510 43 2 75 74 73 8
D 509 41 2 71 510 76 8
D 513 51 2 84 95 86 8
D 514 51 2 84 85 86 29
D 512 53 2 513 87 514 8
D 511 49 2 78 512 96 8
D 516 43 2 75 100 73 29
D 515 41 2 71 516 76 29
D 508 45 2 509 511 515 8
D 519 69 3 111 494 482 501 130 29
D 518 65 3 103 519 503 505 506 29
D 517 79 7 102 453 444 461 456 467 464 476 471 484 480 490 518 8
D 522 43 2 73 100 75 8
D 521 41 2 71 522 76 8
D 524 43 2 73 74 75 29
D 523 41 2 71 524 76 29
D 520 45 2 521 511 523 8
D 527 69 2 111 494 129 29
D 526 65 3 103 527 503 505 506 29
D 525 79 6 102 461 444 467 456 476 464 484 471 490 526 8
D 529 41 2 76 72 71 8
D 530 41 2 76 99 71 29
D 528 45 2 529 511 530 8
D 534 73 2 116 496 127 29
D 533 69 2 111 534 129 29
D 532 65 3 103 533 503 505 506 29
D 531 79 5 102 467 444 476 456 484 464 490 532 8
D 538 51 2 86 95 84 8
D 539 51 2 86 85 84 29
D 537 53 2 538 87 539 8
D 536 49 2 78 537 96 8
D 535 45 2 70 536 98 8
D 542 61 2 104 504 109 8
D 543 61 2 104 507 109 29
D 541 65 3 103 533 542 505 543 29
D 540 79 4 102 476 444 484 456 490 541 8
D 546 47 2 81 80 79 8
D 547 47 2 81 97 79 29
D 545 49 2 546 512 547 8
D 544 45 2 70 545 98 8
D 550 61 2 104 133 109 29
D 549 65 3 103 533 445 505 550 29
D 548 79 3 102 484 444 490 549 8
D 553 47 2 79 97 81 8
D 554 47 2 79 80 81 29
D 552 49 2 553 512 554 8
D 551 45 2 70 552 98 8
D 556 65 2 103 533 131 29
D 555 79 2 102 490 556 8
D 560 51 2 86 95 84 85
L 563 58 30
D 562 57 2 90 563 92 29
D 561 55 2 88 562 93 29
D 564 51 2 84 95 86 85
D 559 53 2 560 561 564 29
D 565 47 2 81 80 79 97
D 566 53 2 513 561 514 29
D 567 47 2 81 97 79 8
D 558 49 3 78 559 565 566 567 29
D 569 43 2 75 74 73 100
D 568 41 2 71 569 76 72
D 570 49 2 78 566 96 29
D 572 43 2 75 100 73 8
D 571 41 2 71 572 76 99
D 557 45 3 70 558 568 570 571 29
D 68 59 8 69 101 508 517 520 525 528 531 535 540 544 548 551 555 557 8
D 575 23 2 42 41 40 8
D 574 21 2 38 575 43 8
D 578 31 2 51 62 53 8
D 579 31 2 51 52 53 29
D 577 33 2 578 54 579 8
D 576 29 2 45 577 63 8
D 581 23 2 42 67 40 29
D 580 21 2 38 581 43 29
D 573 25 2 574 576 580 8
D 584 49 3 78 559 546 566 97 29
D 583 45 3 70 584 568 570 571 29
D 582 59 7 69 517 508 525 520 531 528 540 535 548 544 555 583 8
D 587 23 2 40 67 42 8
D 586 21 2 38 587 43 8
D 589 23 2 40 41 42 29
D 588 21 2 38 589 43 29
D 585 25 2 586 576 588 8
D 592 49 2 78 559 96 29
D 591 45 3 70 592 568 570 571 29
D 590 59 6 69 525 508 531 520 540 528 548 535 555 591 8
D 594 21 2 43 39 38 8
D 595 21 2 43 66 38 29
D 593 25 2 594 576 595 8
D 599 53 2 83 561 94 29
D 598 49 2 78 599 96 29
D 597 45 3 70 598 568 570 571 29
D 596 59 5 69 531 508 540 520 548 528 555 597 8
D 603 31 2 53 62 51 8
D 604 31 2 53 52 51 29
D 602 33 2 603 54 604 8
D 601 29 2 45 602 63 8
D 600 25 2 37 601 65 8
D 607 41 2 71 569 76 8
D 608 41 2 71 572 76 29
D 606 45 3 70 598 607 570 608 29
D 605 59 4 69 540 508 548 520 555 606 8
D 611 27 2 48 47 46 8
D 612 27 2 48 64 46 29
D 610 29 2 611 577 612 8
D 609 25 2 37 610 65 8
D 615 41 2 71 100 76 29
D 614 45 3 70 598 509 570 615 29
D 613 59 3 69 548 508 555 614 8
D 618 27 2 46 64 48 8
D 619 27 2 46 47 48 29
D 617 29 2 618 577 619 8
D 616 25 2 37 617 65 8
D 621 45 2 70 598 98 29
D 620 59 2 69 555 621 8
D 625 31 2 53 62 51 52
L 628 38 20
D 627 37 2 57 628 59 29
D 626 35 2 55 627 60 29
D 629 31 2 51 62 53 52
D 624 33 2 625 626 629 29
D 630 27 2 48 47 46 64
D 631 33 2 578 626 579 29
D 632 27 2 48 64 46 8
D 623 29 3 45 624 630 631 632 29
D 634 23 2 42 41 40 67
D 633 21 2 38 634 43 39
D 635 29 2 45 631 63 29
D 637 23 2 42 67 40 8
D 636 21 2 38 637 43 66
D 622 25 3 37 623 633 635 636 29
D 35 39 8 36 68 573 582 585 590 593 596 600 605 609 613 616 620 622 8
D 640 3 2 7 6 5 8
D 639 1 2 3 640 9 8
D 643 11 2 17 28 19 8
D 644 11 2 17 18 19 29
D 642 13 2 643 20 644 8
D 641 9 2 11 642 30 8
D 646 3 2 7 34 5 29
D 645 1 2 3 646 9 29
D 638 5 2 639 641 645 8
D 649 29 3 45 624 611 631 64 29
D 648 25 3 37 649 633 635 636 29
D 647 39 7 36 582 573 590 585 596 593 605 600 613 609 620 648 8
D 652 3 2 5 34 7 8
D 651 1 2 3 652 9 8
D 654 3 2 5 6 7 29
D 653 1 2 3 654 9 29
D 650 5 2 651 641 653 8
D 657 29 2 45 624 63 29
D 656 25 3 37 657 633 635 636 29
D 655 39 6 36 590 573 596 585 605 593 613 600 620 656 8
D 659 1 2 9 4 3 8
D 660 1 2 9 33 3 29
D 658 5 2 659 641 660 8
D 664 33 2 50 626 61 29
D 663 29 2 45 664 63 29
D 662 25 3 37 663 633 635 636 29
D 661 39 5 36 596 573 605 585 613 593 620 662 8
D 668 11 2 19 28 17 8
D 669 11 2 19 18 17 29
D 667 13 2 668 20 669 8
D 666 9 2 11 667 30 8
D 665 5 2 2 666 32 8
D 672 21 2 38 634 43 8
D 673 21 2 38 637 43 29
D 671 25 3 37 663 672 635 673 29
D 670 39 4 36 605 573 613 585 620 671 8
D 676 7 2 14 13 12 8
D 677 7 2 14 31 12 29
D 675 9 2 676 642 677 8
D 674 5 2 2 675 32 8
D 680 21 2 38 67 43 29
D 679 25 3 37 663 574 635 680 29
D 678 39 3 36 613 573 620 679 8
D 683 7 2 12 31 14 8
D 684 7 2 12 13 14 29
D 682 9 2 683 642 684 8
D 681 5 2 2 682 32 8
D 686 25 2 37 663 65 29
D 685 39 2 36 620 686 8
D 690 11 2 19 28 17 18
L 693 18 10
D 692 17 2 23 693 25 29
D 691 15 2 21 692 26 29
D 694 11 2 17 28 19 18
D 689 13 2 690 691 694 29
D 695 7 2 14 13 12 31
D 696 13 2 643 691 644 29
D 697 7 2 14 31 12 8
D 688 9 3 11 689 695 696 697 29
D 699 3 2 7 6 5 34
D 698 1 2 3 699 9 4
D 700 9 2 11 696 30 29
D 702 3 2 7 34 5 8
D 701 1 2 3 702 9 33
D 687 5 3 2 688 698 700 701 29
D 0 19 8 1 35 638 647 650 655 658 661 665 670 674 678 681 685 687 8
