c ids of sdd nodes start at 0
c sdd nodes appear bottom-up, children before parents
c
c file syntax:
c sdd count-of-sdd-nodes
c F id-of-false-sdd-node
c T id-of-true-sdd-node
c L id-of-literal-sdd-node id-of-vtree literal
c D id-of-decomposition-sdd-node id-of-vtree number-of-elements {id-of-prime id-of-sub}*
c
sdd 934
L 3 0 -4
L 5 2 -2
L 6 4 -3
L 7 2 2
F 8
D 4 3 2 5 6 7 8
L 9 0 4
D 2 1 2 3 4 9 8
L 12 6 -6
L 13 8 -7
L 14 6 6
D 11 7 2 12 13 14 8
L 17 10 -5
L 18 12 1
L 19 10 5
D 16 11 2 17 18 19 8
L 21 14 -8
L 23 16 -9
L 24 18 -10
L 25 16 9
D 22 17 2 23 24 25 8
L 26 14 8
D 20 15 2 21 22 26 8
L 28 12 -1
T 29
D 27 11 2 17 28 19 29
D 15 13 2 16 20 27 8
L 31 8 7
D 30 7 2 12 31 14 29
D 10 9 2 11 15 30 8
L 34 4 3
D 33 3 2 5 34 7 29
D 32 1 2 3 33 9 29
D 1 5 2 2 10 32 8
L 38 20 -14
L 40 22 -12
L 41 24 -13
L 42 22 12
D 39 23 2 40 41 42 8
L 43 20 14
D 37 21 2 38 39 43 8
L 46 26 -16
L 47 28 17
L 48 26 16
D 45 27 2 46 47 48 8
L 51 30 -15
L 52 32 -11
L 53 30 15
D 50 31 2 51 52 53 8
L 55 34 -18
L 57 36 -19
L 58 38 -20
L 59 36 19
D 56 37 2 57 58 59 8
L 60 34 18
D 54 35 2 55 56 60 8
L 62 32 11
D 61 31 2 51 62 53 29
D 49 33 2 50 54 61 8
L 64 28 -17
D 63 27 2 46 64 48 29
D 44 29 2 45 49 63 8
L 67 24 13
D 66 23 2 40 67 42 29
D 65 21 2 38 66 43 29
D 36 25 2 37 44 65 8
L 71 40 -24
L 73 42 -22
L 74 44 -23
L 75 42 22
D 72 43 2 73 74 75 8
L 76 40 24
D 70 41 2 71 72 76 8
L 79 46 -26
L 80 48 -27
L 81 46 26
D 78 47 2 79 80 81 8
L 84 50 -25
L 85 52 -21
L 86 50 25
D 83 51 2 84 85 86 8
L 88 54 -28
L 90 56 -29
L 91 58 30
L 92 56 29
D 89 57 2 90 91 92 8
L 93 54 28
D 87 55 2 88 89 93 8
L 95 52 21
D 94 51 2 84 95 86 29
D 82 53 2 83 87 94 8
L 97 48 27
D 96 47 2 79 97 81 29
D 77 49 2 78 82 96 8
L 100 44 23
D 99 43 2 73 100 75 29
D 98 41 2 71 99 76 29
D 69 45 2 70 77 98 8
L 104 60 -34
L 106 62 -32
L 107 64 -33
L 108 62 32
D 105 63 2 106 107 108 8
L 109 60 34
D 103 61 2 104 105 109 8
L 112 66 -36
L 113 68 -37
L 114 66 36
D 111 67 2 112 113 114 8
L 117 70 -35
L 118 72 -31
L 119 70 35
D 116 71 2 117 118 119 8
L 121 74 -38
L 123 76 -39
L 124 78 40
L 125 76 39
D 122 77 2 123 124 125 8
L 126 74 38
D 120 75 2 121 122 126 8
L 128 72 31
D 127 71 2 117 128 119 29
D 115 73 2 116 120 127 8
L 130 68 37
D 129 67 2 112 130 114 29
D 110 69 2 111 115 129 8
L 133 64 33
D 132 63 2 106 133 108 29
D 131 61 2 104 132 109 29
D 102 65 2 103 110 131 8
L 137 80 -42
L 139 82 -43
L 140 84 -44
L 141 82 43
D 138 83 2 139 140 141 8
L 142 80 42
D 136 81 2 137 138 142 8
L 145 86 -46
L 146 88 -47
L 147 86 46
D 144 87 2 145 146 147 8
L 150 90 -45
L 151 92 -41
L 152 90 45
D 149 91 2 150 151 152 8
L 154 94 -48
L 156 96 -49
L 157 98 50
L 158 96 49
D 155 97 2 156 157 158 8
L 159 94 48
D 153 95 2 154 155 159 8
L 161 92 41
D 160 91 2 150 161 152 29
D 148 93 2 149 153 160 8
L 163 88 47
D 162 87 2 145 163 147 29
D 143 89 2 144 148 162 8
L 166 84 44
D 165 83 2 139 166 141 29
D 164 81 2 137 165 142 29
D 135 85 2 136 143 164 8
L 170 100 -56
L 171 102 -57
L 172 100 56
D 169 101 2 170 171 172 8
L 174 104 -58
L 176 106 -59
L 177 108 60
L 178 106 59
D 175 107 2 176 177 178 8
L 179 104 58
D 173 105 2 174 175 179 8
L 181 102 57
D 180 101 2 170 181 172 29
D 168 103 2 169 173 180 8
L 185 110 -53
L 186 112 -54
L 187 110 53
D 184 111 2 185 186 187 8
L 189 114 -52
L 191 116 -55
L 192 118 -51
L 193 116 55
D 190 117 2 191 192 193 8
L 194 114 52
D 188 115 2 189 190 194 8
L 196 112 54
D 195 111 2 185 196 187 29
D 183 113 2 184 188 195 8
L 200 120 -76
L 201 122 -77
L 202 120 76
D 199 121 2 200 201 202 8
L 204 124 -78
L 206 126 -79
L 207 128 80
L 208 126 79
D 205 127 2 206 207 208 8
L 209 124 78
D 203 125 2 204 205 209 8
L 211 122 77
D 210 121 2 200 211 202 29
D 198 123 2 199 203 210 8
L 215 130 -73
L 216 132 -72
L 217 130 73
D 214 131 2 215 216 217 8
L 219 134 -71
L 221 136 -74
L 222 138 -75
L 223 136 74
D 220 137 2 221 222 223 8
L 224 134 71
D 218 135 2 219 220 224 8
L 226 132 72
D 225 131 2 215 226 217 29
D 213 133 2 214 218 225 8
L 229 140 -61
L 230 142 -62
L 231 140 61
D 228 141 2 229 230 231 8
L 234 144 -63
L 235 146 -64
L 236 144 63
D 233 145 2 234 235 236 8
L 238 148 -65
L 240 150 -66
L 242 152 -67
L 244 154 -68
L 246 156 -69
L 247 158 70
L 248 156 69
D 245 157 2 246 247 248 8
L 249 154 68
D 243 155 2 244 245 249 8
L 250 152 67
D 241 153 2 242 243 250 8
L 251 150 66
D 239 151 2 240 241 251 8
L 252 148 65
D 237 149 2 238 239 252 8
L 254 146 64
D 253 145 2 234 254 236 29
D 232 147 2 233 237 253 8
L 256 142 62
D 255 141 2 229 256 231 29
D 227 143 2 228 232 255 8
L 260 138 75
D 259 137 2 221 260 223 29
D 258 135 2 219 259 224 29
D 257 133 2 214 258 225 29
D 212 139 2 213 227 257 8
L 264 128 -80
D 263 127 2 206 264 208 29
D 262 125 2 204 263 209 29
D 261 123 2 199 262 210 29
D 197 129 2 198 212 261 8
L 268 118 51
D 267 117 2 191 268 193 29
D 266 115 2 189 267 194 29
D 265 113 2 184 266 195 29
D 182 119 2 183 197 265 8
L 272 108 -60
D 271 107 2 176 272 178 29
D 270 105 2 174 271 179 29
D 269 103 2 169 270 180 29
D 167 109 2 168 182 269 8
L 278 98 -50
D 277 97 2 156 278 158 29
D 276 95 2 154 277 159 29
D 275 93 2 149 276 160 29
D 274 89 2 144 275 162 29
D 273 85 2 136 274 164 29
D 134 99 2 135 167 273 8
L 284 78 -40
D 283 77 2 123 284 125 29
D 282 75 2 121 283 126 29
D 281 73 2 116 282 127 29
D 280 69 2 111 281 129 29
D 279 65 2 103 280 131 29
D 101 79 2 102 134 279 8
L 290 58 -30
D 289 57 2 90 290 92 29
D 288 55 2 88 289 93 29
D 287 53 2 83 288 94 29
D 286 49 2 78 287 96 29
D 285 45 2 70 286 98 29
D 68 59 2 69 101 285 8
D 293 27 2 46 64 48 8
D 295 35 2 60 56 55 8
D 294 33 2 50 295 61 8
D 296 27 2 46 47 48 29
D 292 29 2 293 294 296 8
D 291 25 2 37 292 65 8
D 302 57 2 92 290 90 8
D 301 55 2 88 302 93 8
D 300 53 2 83 301 94 8
D 299 49 2 78 300 96 8
D 298 45 2 70 299 98 8
D 308 77 2 125 284 123 8
D 307 75 2 121 308 126 8
D 306 73 2 116 307 127 8
D 305 69 2 111 306 129 8
D 304 65 2 103 305 131 8
D 314 97 2 158 278 156 8
D 313 95 2 154 314 159 8
D 312 93 2 149 313 160 8
D 311 89 2 144 312 162 8
D 310 85 2 136 311 164 8
L 326 158 -70
D 325 157 2 248 326 246 8
D 324 155 2 244 325 249 8
D 323 153 2 242 324 250 8
D 322 151 2 240 323 251 8
D 321 149 2 238 322 252 8
D 320 147 2 233 321 253 8
D 319 143 2 228 320 255 8
D 318 139 2 213 319 257 8
D 329 127 2 208 264 206 8
D 328 125 2 204 329 209 8
D 327 123 2 199 328 210 8
D 332 127 2 206 264 208 207
D 331 125 2 204 332 209 29
D 330 123 2 199 331 210 29
D 317 129 3 198 318 327 212 330 8
D 316 119 2 183 317 265 8
D 335 107 2 178 272 176 8
D 334 105 2 174 335 179 8
D 333 103 2 169 334 180 8
D 338 107 2 176 272 178 177
D 337 105 2 174 338 179 29
D 336 103 2 169 337 180 29
D 315 109 3 168 316 333 182 336 8
D 343 97 2 156 278 158 157
D 342 95 2 154 343 159 29
D 341 93 2 149 342 160 29
D 340 89 2 144 341 162 29
D 339 85 2 136 340 164 29
D 309 99 3 310 167 135 315 339 8
D 348 77 2 123 284 125 124
D 347 75 2 121 348 126 29
D 346 73 2 116 347 127 29
D 345 69 2 111 346 129 29
D 344 65 2 103 345 131 29
D 303 79 3 304 134 102 309 344 8
D 353 57 2 90 290 92 91
D 352 55 2 88 353 93 29
D 351 53 2 83 352 94 29
D 350 49 2 78 351 96 29
D 349 45 2 70 350 98 29
D 297 59 3 298 101 69 303 349 8
D 358 37 2 59 58 57 8
D 357 35 2 55 358 60 8
D 356 33 2 50 357 61 8
D 355 29 2 293 356 296 8
D 354 25 2 37 355 65 8
D 364 57 2 90 290 92 8
D 363 55 2 93 364 88 8
D 362 53 2 83 363 94 8
D 361 49 2 78 362 96 8
D 360 45 2 70 361 98 8
D 370 77 2 123 284 125 8
D 369 75 2 126 370 121 8
D 368 73 2 116 369 127 8
D 367 69 2 111 368 129 8
D 366 65 2 103 367 131 8
D 376 97 2 156 278 158 8
D 375 95 2 159 376 154 8
D 374 93 2 149 375 160 8
D 373 89 2 144 374 162 8
D 372 85 2 136 373 164 8
D 387 157 2 246 326 248 8
D 386 155 2 249 387 244 8
D 385 153 2 242 386 250 8
D 384 151 2 240 385 251 8
D 383 149 2 238 384 252 8
D 382 147 2 233 383 253 8
D 381 143 2 228 382 255 8
D 380 139 2 213 381 257 8
D 390 127 2 206 264 208 8
D 389 125 2 209 390 204 8
D 388 123 2 199 389 210 8
D 393 127 2 206 207 208 29
D 392 125 2 204 332 209 393
D 391 123 2 199 392 210 29
D 379 129 4 198 380 327 318 388 212 391 8
D 378 119 2 183 379 265 8
D 396 107 2 176 272 178 8
D 395 105 2 179 396 174 8
D 394 103 2 169 395 180 8
D 399 107 2 176 177 178 29
D 398 105 2 174 338 179 399
D 397 103 2 169 398 180 29
D 377 109 4 168 378 333 316 394 182 397 8
D 404 97 2 156 157 158 29
D 403 95 2 159 404 154 343
D 402 93 2 149 403 160 29
D 401 89 2 144 402 162 29
D 400 85 2 136 401 164 29
D 371 99 4 372 167 310 315 135 377 400 8
D 409 77 2 123 124 125 29
D 408 75 2 126 409 121 348
D 407 73 2 116 408 127 29
D 406 69 2 111 407 129 29
D 405 65 2 103 406 131 29
D 365 79 4 366 134 304 309 102 371 405 8
D 414 57 2 90 91 92 29
D 413 55 2 93 414 88 353
D 412 53 2 83 413 94 29
D 411 49 2 78 412 96 29
D 410 45 2 70 411 98 29
D 359 59 4 360 101 298 303 69 365 410 8
L 420 38 20
D 419 37 2 57 420 59 8
D 418 35 2 55 419 60 8
D 417 33 2 50 418 61 8
D 416 29 2 293 417 296 8
D 415 25 2 37 416 65 8
D 424 47 2 79 97 81 8
D 426 55 2 88 364 93 8
D 425 53 2 83 426 94 8
D 427 47 2 79 80 81 29
D 423 49 2 424 425 427 8
D 422 45 2 70 423 98 8
D 431 67 2 112 130 114 8
D 433 75 2 121 370 126 8
D 432 73 2 116 433 127 8
D 434 67 2 112 113 114 29
D 430 69 2 431 432 434 8
D 429 65 2 103 430 131 8
D 438 87 2 145 163 147 8
D 440 95 2 154 376 159 8
D 439 93 2 149 440 160 8
D 441 87 2 145 146 147 29
D 437 89 2 438 439 441 8
D 436 85 2 136 437 164 8
D 451 155 2 244 387 249 8
D 450 153 2 250 451 242 8
D 449 151 2 240 450 251 8
D 448 149 2 238 449 252 8
D 447 147 2 233 448 253 8
D 446 143 2 228 447 255 8
D 445 139 2 213 446 257 8
D 453 121 2 200 211 202 8
D 454 125 2 204 390 209 8
D 455 121 2 200 201 202 29
D 452 123 2 453 454 455 8
D 457 125 2 204 393 209 29
D 456 123 3 199 392 453 457 202 29
D 444 129 5 198 445 327 380 388 318 452 212 456 8
D 443 119 2 183 444 265 8
D 459 101 2 170 181 172 8
D 460 105 2 174 396 179 8
D 461 101 2 170 171 172 29
D 458 103 2 459 460 461 8
D 463 105 2 174 399 179 29
D 462 103 3 169 398 459 463 172 29
D 442 109 5 168 443 333 378 394 316 458 182 462 8
D 467 95 2 154 404 159 29
D 466 93 2 149 467 160 29
D 465 89 3 144 402 438 466 147 29
D 464 85 2 136 465 164 29
D 435 99 5 436 167 372 315 310 377 135 442 464 8
D 471 75 2 121 409 126 29
D 470 73 2 116 471 127 29
D 469 69 3 111 407 431 470 114 29
D 468 65 2 103 469 131 29
D 428 79 5 429 134 366 309 304 371 102 435 468 8
D 475 55 2 88 414 93 29
D 474 53 2 83 475 94 29
D 473 49 3 78 412 424 474 81 29
D 472 45 2 70 473 98 29
D 421 59 5 422 101 360 303 298 365 69 428 472 8
D 480 37 2 57 420 59 29
D 481 37 2 57 58 59 420
D 479 35 2 60 480 55 481
D 478 33 2 50 479 61 29
D 483 35 2 55 480 60 29
D 482 33 2 50 483 61 29
D 477 29 3 293 478 45 482 48 29
D 476 25 2 37 477 65 29
D 35 39 5 36 68 291 297 354 359 415 421 476 8
D 486 3 2 7 6 5 8
D 485 1 2 3 486 9 8
D 489 11 2 17 28 19 8
D 490 11 2 17 18 19 29
D 488 13 2 489 20 490 8
D 487 9 2 11 488 30 8
D 492 3 2 7 34 5 29
D 491 1 2 3 492 9 29
D 484 5 2 485 487 491 8
D 496 27 2 48 64 46 8
D 497 27 2 48 47 46 29
D 495 29 2 496 49 497 8
D 494 25 2 37 495 65 8
D 501 47 2 81 80 79 8
D 502 47 2 81 97 79 29
D 500 49 2 501 425 502 8
D 499 45 2 70 500 98 8
D 506 67 2 114 113 112 8
D 507 67 2 114 130 112 29
D 505 69 2 506 432 507 8
D 504 65 2 103 505 131 8
D 511 87 2 147 146 145 8
D 512 87 2 147 163 145 29
D 510 89 2 511 439 512 8
D 509 85 2 136 510 164 8
D 521 153 2 242 451 250 8
D 520 151 2 251 521 240 8
D 519 149 2 238 520 252 8
D 518 147 2 233 519 253 8
D 517 143 2 228 518 255 8
D 516 139 2 213 517 257 8
D 523 121 2 202 201 200 8
D 524 121 2 202 211 200 29
D 522 123 2 523 454 524 8
D 526 121 2 202 201 200 211
D 527 121 2 202 211 200 8
D 525 123 3 199 392 526 457 527 29
D 515 129 6 198 516 327 445 388 380 452 318 522 212 525 8
D 514 119 2 183 515 265 8
D 529 101 2 172 171 170 8
D 530 101 2 172 181 170 29
D 528 103 2 529 460 530 8
D 532 101 2 172 171 170 181
D 533 101 2 172 181 170 8
D 531 103 3 169 398 532 463 533 29
D 513 109 6 168 514 333 443 394 378 458 316 528 182 531 8
D 536 87 2 147 146 145 163
D 537 87 2 147 163 145 8
D 535 89 3 144 402 536 466 537 29
D 534 85 2 136 535 164 29
D 508 99 6 509 167 436 315 372 377 310 442 135 513 534 8
D 540 67 2 114 113 112 130
D 541 67 2 114 130 112 8
D 539 69 3 111 407 540 470 541 29
D 538 65 2 103 539 131 29
D 503 79 6 504 134 429 309 366 371 304 435 102 508 538 8
D 544 47 2 81 80 79 97
D 545 47 2 81 97 79 8
D 543 49 3 78 412 544 474 545 29
D 542 45 2 70 543 98 29
D 498 59 6 499 101 422 303 360 365 298 428 69 503 542 8
D 548 27 2 48 64 46 47
D 549 27 2 48 47 46 8
D 547 29 3 293 478 548 482 549 29
D 546 25 2 37 547 65 29
D 493 39 6 494 68 36 297 291 359 354 421 415 498 546 8
D 552 3 2 5 34 7 8
D 551 1 2 3 552 9 8
D 554 3 2 5 6 7 29
D 553 1 2 3 554 9 29
D 550 5 2 551 487 553 8
D 559 31 2 53 52 51 8
D 560 31 2 53 62 51 29
D 558 33 2 559 54 560 8
D 557 29 2 293 558 296 8
D 556 25 2 37 557 65 8
D 565 51 2 86 85 84 8
D 566 51 2 86 95 84 29
D 564 53 2 565 426 566 8
D 563 49 2 78 564 96 8
D 562 45 2 70 563 98 8
D 571 71 2 119 118 117 8
D 572 71 2 119 128 117 29
D 570 73 2 571 433 572 8
D 569 69 2 111 570 129 8
D 568 65 2 103 569 131 8
D 577 91 2 152 151 150 8
D 578 91 2 152 161 150 29
D 576 93 2 577 440 578 8
D 575 89 2 144 576 162 8
D 574 85 2 136 575 164 8
D 580 103 2 169 460 180 8
D 584 117 2 193 192 191 8
D 583 115 2 189 584 194 8
D 582 113 2 184 583 195 8
D 587 117 2 193 268 191 29
D 586 115 2 189 587 194 29
D 585 113 2 184 586 195 29
D 581 119 2 582 197 585 8
D 594 151 2 240 521 251 8
D 593 149 2 252 594 238 8
D 592 147 2 233 593 253 8
D 591 143 2 228 592 255 8
D 590 139 2 213 591 257 8
D 595 123 2 199 454 210 8
D 599 137 2 221 260 223 8
D 598 135 2 219 599 224 8
D 597 133 2 214 598 225 8
D 602 137 2 221 222 223 29
D 601 135 2 219 602 224 29
D 600 133 2 214 601 225 29
D 596 139 2 597 227 600 8
D 605 127 2 208 207 206 8
D 604 125 2 204 605 209 393
D 603 123 3 199 604 526 457 527 29
D 589 129 7 198 590 595 596 327 516 388 445 452 380 522 318 603 8
D 588 119 2 183 589 265 8
D 608 107 2 178 177 176 8
D 607 105 2 174 608 179 399
D 606 103 3 169 607 532 463 533 29
D 579 109 7 580 581 168 588 333 514 394 443 458 378 528 316 606 8
D 611 93 3 577 467 149 403 161 29
D 610 89 3 144 611 536 466 537 29
D 609 85 2 136 610 164 29
D 573 99 7 574 167 509 315 436 377 372 442 310 513 135 579 609 8
D 614 73 3 571 471 116 408 128 29
D 613 69 3 111 614 540 470 541 29
D 612 65 2 103 613 131 29
D 567 79 7 568 134 504 309 429 371 366 435 304 508 102 573 612 8
D 617 53 3 565 475 83 413 95 29
D 616 49 3 78 617 544 474 545 29
D 615 45 2 70 616 98 29
D 561 59 7 562 101 499 303 422 365 360 428 298 503 69 567 615 8
D 620 33 3 559 483 50 479 62 29
D 619 29 3 293 620 548 482 549 29
D 618 25 2 37 619 65 29
D 555 39 7 556 68 494 297 36 359 291 421 354 498 415 561 618 8
D 622 1 2 9 4 3 8
D 623 1 2 9 33 3 29
D 621 5 2 622 487 623 8
D 626 21 2 43 39 38 8
D 627 29 2 293 49 296 8
D 628 21 2 43 66 38 29
D 625 25 2 626 627 628 8
D 631 41 2 76 72 71 8
D 632 49 2 78 425 96 8
D 633 41 2 76 99 71 29
D 630 45 2 631 632 633 8
D 636 61 2 109 105 104 8
D 637 69 2 111 432 129 8
D 638 61 2 109 132 104 29
D 635 65 2 636 637 638 8
D 642 83 2 139 166 141 8
D 641 81 2 137 642 142 8
D 643 89 2 144 439 162 8
D 645 83 2 139 140 141 29
D 644 81 2 137 645 142 29
D 640 85 2 641 643 644 8
D 649 111 2 185 196 187 8
D 650 111 2 185 186 187 29
D 648 113 2 649 188 650 8
D 651 113 3 184 586 649 266 187 29
D 647 119 3 582 317 648 197 651 8
D 657 145 2 234 254 236 8
D 658 149 2 238 594 252 8
D 659 145 2 234 235 236 29
D 656 147 2 657 658 659 8
D 655 143 2 228 656 255 8
D 654 139 2 213 655 257 8
D 663 137 2 223 222 221 8
D 662 135 2 219 663 224 8
D 661 133 2 214 662 225 8
D 666 137 2 221 222 223 260
D 665 135 2 219 666 224 29
D 664 133 2 214 665 225 29
D 660 139 3 661 227 597 319 664 8
D 653 129 7 198 654 595 660 327 590 388 516 452 445 522 380 603 8
D 652 119 2 183 653 265 8
D 646 109 7 580 647 168 652 333 588 394 514 458 443 528 378 606 8
D 668 89 2 144 466 162 29
D 669 81 2 137 141 142 29
D 667 85 3 136 610 641 668 669 29
D 639 99 8 640 167 574 315 509 377 436 442 372 513 310 579 135 646 667 8
D 671 69 2 111 470 129 29
D 670 65 3 103 613 636 671 132 29
D 634 79 8 635 134 568 309 504 371 429 435 366 508 304 573 102 639 670 8
D 673 49 2 78 474 96 29
D 672 45 3 70 616 631 673 99 29
D 629 59 8 630 101 562 303 499 365 422 428 360 503 298 567 69 634 672 8
D 675 29 2 293 482 296 29
D 674 25 3 37 619 626 675 66 29
D 624 39 8 625 68 556 297 494 359 36 421 291 498 354 561 415 629 674 8
D 679 11 2 19 28 17 8
D 680 11 2 19 18 17 29
D 678 13 2 679 20 680 8
D 677 9 2 11 678 30 8
D 676 5 2 2 677 32 8
D 684 23 2 40 67 42 8
D 683 21 2 38 684 43 8
D 686 23 2 40 41 42 29
D 685 21 2 38 686 43 29
D 682 25 2 683 627 685 8
D 690 43 2 73 100 75 8
D 689 41 2 71 690 76 8
D 692 43 2 73 74 75 29
D 691 41 2 71 692 76 29
D 688 45 2 689 632 691 8
D 696 63 2 106 133 108 8
D 695 61 2 104 696 109 8
D 698 63 2 106 107 108 29
D 697 61 2 104 698 109 29
D 694 65 2 695 637 697 8
D 702 83 2 141 140 139 8
D 701 81 2 137 702 142 8
D 704 83 2 141 166 139 29
D 703 81 2 137 704 142 29
D 700 85 2 701 643 703 8
D 708 111 2 187 186 185 8
D 709 111 2 187 196 185 29
D 707 113 2 708 188 709 8
D 711 111 2 187 186 185 196
D 712 111 2 187 196 185 8
D 710 113 3 184 586 711 266 712 29
D 706 119 4 648 317 582 379 707 197 710 8
D 718 145 2 236 235 234 8
D 719 145 2 236 254 234 29
D 717 147 2 718 658 719 8
D 716 143 2 228 717 255 8
D 715 139 2 213 716 257 8
D 722 131 2 217 216 215 8
D 723 131 2 217 226 215 29
D 721 133 2 722 218 723 8
D 724 133 3 214 665 722 258 226 29
D 720 139 4 721 227 661 319 597 381 724 8
D 714 129 7 198 715 595 720 327 654 388 590 452 516 522 445 603 8
D 713 119 2 183 714 265 8
D 705 109 7 580 706 168 713 333 652 394 588 458 514 528 443 606 8
D 727 83 2 141 140 139 166
D 726 81 2 137 727 142 8
D 729 83 2 141 166 139 8
D 728 81 2 137 729 142 29
D 725 85 3 136 610 726 668 728 29
D 699 99 9 700 167 640 315 574 377 509 442 436 513 372 579 310 646 135 705 725 8
D 731 61 2 104 696 109 105
D 732 61 2 109 132 104 108
D 730 65 3 103 613 731 671 732 29
D 693 79 9 694 134 635 309 568 371 504 435 429 508 366 573 304 639 102 699 730 8
D 734 41 2 71 690 76 72
D 735 41 2 76 99 71 75
D 733 45 3 70 616 734 673 735 29
D 687 59 9 688 101 630 303 562 365 499 428 422 503 360 567 298 634 69 693 733 8
D 737 21 2 38 684 43 39
D 738 21 2 43 66 38 42
D 736 25 3 37 619 737 675 738 29
D 681 39 9 682 68 625 297 556 359 494 421 36 498 291 561 354 629 415 687 736 8
D 741 7 2 14 13 12 8
D 742 7 2 14 31 12 29
D 740 9 2 741 488 742 8
D 739 5 2 2 740 32 8
D 746 23 2 42 41 40 8
D 745 21 2 38 746 43 8
D 748 23 2 42 67 40 29
D 747 21 2 38 748 43 29
D 744 25 2 745 627 747 8
D 752 43 2 75 74 73 8
D 751 41 2 71 752 76 8
D 754 43 2 75 100 73 29
D 753 41 2 71 754 76 29
D 750 45 2 751 632 753 8
D 758 63 2 108 107 106 8
D 757 61 2 104 758 109 8
D 760 63 2 108 133 106 29
D 759 61 2 104 760 109 29
D 756 65 2 757 637 759 8
D 763 81 2 142 138 137 8
D 764 81 2 142 165 137 29
D 762 85 2 763 643 764 8
D 768 115 2 194 190 189 8
D 767 113 2 184 768 195 8
D 770 115 2 189 587 194 267
D 769 113 3 184 770 711 266 712 29
D 766 119 5 582 444 707 317 648 379 767 197 769 8
D 775 131 2 215 226 217 8
D 776 131 2 215 216 217 29
D 774 133 2 775 218 776 8
D 778 131 2 217 216 215 226
D 779 131 2 217 226 215 8
D 777 133 3 214 665 778 258 779 29
D 773 139 5 774 227 721 319 661 381 597 446 777 8
D 782 141 2 229 256 231 8
D 783 147 2 233 658 253 8
D 784 141 2 229 230 231 29
D 781 143 2 782 783 784 8
D 780 139 2 213 781 257 8
D 772 129 7 595 773 327 715 198 780 388 654 452 590 522 516 603 8
D 771 119 2 183 772 265 8
D 765 109 7 580 766 168 771 333 713 394 652 458 588 528 514 606 8
D 786 81 2 137 727 142 138
D 787 81 2 137 729 142 165
D 785 85 3 136 610 786 668 787 29
D 761 99 10 762 167 700 315 640 377 574 442 509 513 436 579 372 646 310 705 135 765 785 8
D 790 63 2 108 107 106 133
D 789 61 2 104 790 109 105
D 792 63 2 108 133 106 8
D 791 61 2 104 792 109 132
D 788 65 3 103 613 789 671 791 29
D 755 79 10 756 134 694 309 635 371 568 435 504 508 429 573 366 639 304 699 102 761 788 8
D 795 43 2 75 74 73 100
D 794 41 2 71 795 76 72
D 797 43 2 75 100 73 8
D 796 41 2 71 797 76 99
D 793 45 3 70 616 794 673 796 29
D 749 59 10 750 101 688 303 630 365 562 428 499 503 422 567 360 634 298 693 69 755 793 8
D 800 23 2 42 41 40 67
D 799 21 2 38 800 43 39
D 802 23 2 42 67 40 8
D 801 21 2 38 802 43 66
D 798 25 3 37 619 799 675 801 29
D 743 39 10 744 68 682 297 625 359 556 421 494 498 36 561 291 629 354 687 415 749 798 8
D 805 7 2 12 31 14 8
D 806 7 2 12 13 14 29
D 804 9 2 805 488 806 8
D 803 5 2 2 804 32 8
D 811 31 2 51 62 53 8
D 812 31 2 51 52 53 29
D 810 33 2 811 54 812 8
D 809 29 2 293 810 296 8
D 808 25 2 37 809 65 8
D 817 51 2 84 95 86 8
D 818 51 2 84 85 86 29
D 816 53 2 817 426 818 8
D 815 49 2 78 816 96 8
D 814 45 2 70 815 98 8
D 823 71 2 117 128 119 8
D 824 71 2 117 118 119 29
D 822 73 2 823 433 824 8
D 821 69 2 111 822 129 8
D 820 65 2 103 821 131 8
D 829 91 2 150 161 152 8
D 830 91 2 150 151 152 29
D 828 93 2 829 440 830 8
D 827 89 2 144 828 162 8
D 826 85 2 136 827 164 8
D 835 117 2 191 268 193 8
D 834 115 2 189 835 194 8
D 833 113 2 184 834 195 8
D 838 117 2 191 192 193 268
D 837 115 2 189 838 194 267
D 836 113 3 184 837 711 266 712 29
D 832 119 6 582 515 648 444 767 317 707 379 833 197 836 8
D 843 135 2 224 220 219 8
D 842 133 2 214 843 225 8
D 845 135 2 219 666 224 259
D 844 133 3 214 845 778 258 779 29
D 841 139 6 842 227 774 319 721 381 597 517 661 446 844 8
D 848 141 2 231 230 229 8
D 849 141 2 231 256 229 29
D 847 143 2 848 783 849 8
D 846 139 2 213 847 257 8
D 840 129 7 595 841 388 715 327 780 452 654 198 846 522 590 603 8
D 839 119 2 183 840 265 8
D 831 109 7 580 832 168 839 333 771 394 713 458 652 528 588 606 8
D 853 91 2 152 151 150 161
D 854 91 2 152 161 150 8
D 852 93 3 853 467 149 403 854 29
D 851 89 3 536 466 144 852 537 29
D 850 85 3 786 668 136 851 787 29
D 825 99 11 826 167 762 315 700 377 640 442 574 513 509 579 436 646 372 705 310 765 135 831 850 8
D 858 71 2 119 118 117 128
D 859 71 2 119 128 117 8
D 857 73 3 858 471 116 408 859 29
D 856 69 3 540 470 111 857 541 29
D 855 65 3 789 671 103 856 791 29
D 819 79 11 820 134 756 309 694 371 635 435 568 508 504 573 429 639 366 699 304 761 102 825 855 8
D 863 51 2 86 85 84 95
D 864 51 2 86 95 84 8
D 862 53 3 863 475 83 413 864 29
D 861 49 3 544 474 78 862 545 29
D 860 45 3 794 673 70 861 796 29
D 813 59 11 814 101 750 303 688 365 630 428 562 503 499 567 422 634 360 693 298 755 69 819 860 8
D 868 31 2 53 52 51 62
D 869 31 2 53 62 51 8
D 867 33 3 868 483 50 479 869 29
D 866 29 3 548 482 293 867 549 29
D 865 25 3 799 675 37 866 801 29
D 807 39 11 808 68 744 297 682 359 625 421 556 498 494 561 36 629 291 687 354 749 415 813 865 8
D 873 15 2 26 22 21 8
D 872 13 2 489 873 490 8
D 871 9 2 11 872 30 8
D 870 5 2 2 871 32 8
D 879 119 6 582 589 648 515 707 444 833 317 767 379 836 8
D 882 139 6 842 319 774 381 597 591 661 517 721 446 844 8
D 884 125 2 209 393 204 207
D 883 123 3 199 884 526 457 527 29
D 881 129 6 595 882 452 715 388 780 522 654 327 846 883 8
D 880 119 2 183 881 265 8
D 878 109 7 580 879 333 839 168 880 394 771 458 713 528 652 606 8
D 877 99 11 826 315 762 377 700 442 640 513 574 579 509 646 436 705 372 765 310 831 135 878 850 8
D 876 79 11 820 309 756 371 694 435 635 508 568 573 504 639 429 699 366 761 304 825 102 877 855 8
D 875 59 11 814 303 750 365 688 428 630 503 562 567 499 634 422 693 360 755 298 819 69 876 860 8
D 874 39 11 808 297 744 359 682 421 625 498 556 561 494 629 36 687 291 749 354 813 415 875 865 8
D 889 17 2 25 24 23 8
D 888 15 2 21 889 26 8
D 887 13 2 489 888 490 8
D 886 9 2 11 887 30 8
D 885 5 2 2 886 32 8
D 895 119 6 648 589 582 653 707 515 767 444 833 379 836 8
D 898 139 6 842 381 597 655 661 591 721 517 774 446 844 8
D 899 123 3 526 457 199 393 527 29
D 897 129 5 595 898 522 715 452 780 388 846 899 8
D 896 119 2 183 897 265 8
D 894 109 7 580 895 394 839 333 880 168 896 458 771 528 713 606 8
D 893 99 11 826 377 762 442 700 513 640 579 574 646 509 705 436 765 372 831 310 878 135 894 850 8
D 892 79 11 820 371 756 435 694 508 635 573 568 639 504 699 429 761 366 825 304 877 102 893 855 8
D 891 59 11 814 365 750 428 688 503 630 567 562 634 499 693 422 755 360 819 298 876 69 892 860 8
D 890 39 11 808 359 744 421 682 498 625 561 556 629 494 687 36 749 291 813 354 875 415 891 865 8
L 905 18 10
D 904 17 2 23 905 25 8
D 903 15 2 21 904 26 8
D 902 13 2 489 903 490 8
D 901 9 2 11 902 30 8
D 900 5 2 2 901 32 8
D 911 119 6 707 589 648 653 582 714 767 515 833 444 836 8
D 914 139 6 597 716 661 655 721 591 774 517 842 446 844 8
D 916 121 2 202 201 200 29
D 915 123 2 916 457 527 29
D 913 129 4 522 780 595 914 452 846 915 8
D 912 119 2 183 913 265 8
D 910 109 7 580 911 458 839 394 880 333 896 168 912 528 771 606 8
D 909 99 11 826 442 762 513 700 579 640 646 574 705 509 765 436 831 372 878 310 894 135 910 850 8
D 908 79 11 820 435 756 508 694 573 635 639 568 699 504 761 429 825 366 877 304 893 102 909 855 8
D 907 59 11 814 428 750 503 688 567 630 634 562 693 499 755 422 819 360 876 298 892 69 908 860 8
D 906 39 11 808 421 744 498 682 561 625 629 556 687 494 749 36 813 291 875 354 891 415 907 865 8
D 921 17 2 23 24 25 905
D 922 17 2 23 905 25 29
D 920 15 2 21 921 26 922
D 923 11 2 19 28 17 18
D 924 15 2 21 922 26 29
D 925 11 2 19 18 17 8
D 919 13 3 489 920 923 924 925 29
D 926 7 2 14 13 12 31
D 927 13 2 489 924 490 29
D 928 7 2 14 31 12 8
D 918 9 3 11 919 926 927 928 29
D 930 3 2 7 6 5 34
D 929 1 2 3 930 9 4
D 931 9 2 11 927 30 29
D 933 3 2 7 34 5 8
D 932 1 2 3 933 9 33
D 917 5 3 2 918 929 931 932 29
D 0 19 11 1 35 484 493 550 555 621 624 676 681 739 743 803 807 870 874 885 890 900 906 917 8
