c ids of sdd nodes start at 0
c sdd nodes appear bottom-up, children before parents
c
c file syntax:
c sdd count-of-sdd-nodes
c F id-of-false-sdd-node
c T id-of-true-sdd-node
c L id-of-literal-sdd-node id-of-vtree literal
c D id-of-decomposition-sdd-node id-of-vtree number-of-elements {id-of-prime id-of-sub}*
c
sdd 926
L 3 0 -4
L 5 2 -2
L 6 4 -3
L 7 2 2
F 8
D 4 3 2 5 6 7 8
L 9 0 4
D 2 1 2 3 4 9 8
L 12 6 -6
L 13 8 -7
L 14 6 6
D 11 7 2 12 13 14 8
L 17 10 -5
L 18 12 1
L 19 10 5
D 16 11 2 17 18 19 8
L 21 14 -8
L 23 16 -9
L 24 18 -10
L 25 16 9
D 22 17 2 23 24 25 8
L 26 14 8
D 20 15 2 21 22 26 8
L 28 12 -1
T 29
D 27 11 2 17 28 19 29
D 15 13 2 16 20 27 8
L 31 8 7
D 30 7 2 12 31 14 29
D 10 9 2 11 15 30 8
L 34 4 3
D 33 3 2 5 34 7 29
D 32 1 2 3 33 9 29
D 1 5 2 2 10 32 8
L 38 20 -14
L 40 22 -12
L 41 24 -13
L 42 22 12
D 39 23 2 40 41 42 8
L 43 20 14
D 37 21 2 38 39 43 8
L 46 26 -16
L 47 28 -17
L 48 26 16
D 45 27 2 46 47 48 8
L 51 30 -15
L 52 32 -11
L 53 30 15
D 50 31 2 51 52 53 8
L 55 34 18
L 57 36 -19
L 58 38 -20
L 59 36 19
D 56 37 2 57 58 59 8
L 60 34 -18
D 54 35 2 55 56 60 8
L 62 32 11
D 61 31 2 51 62 53 29
D 49 33 2 50 54 61 8
L 64 28 17
D 63 27 2 46 64 48 29
D 44 29 2 45 49 63 8
L 67 24 13
D 66 23 2 40 67 42 29
D 65 21 2 38 66 43 29
D 36 25 2 37 44 65 8
L 71 40 -24
L 73 42 -22
L 74 44 -23
L 75 42 22
D 72 43 2 73 74 75 8
L 76 40 24
D 70 41 2 71 72 76 8
L 79 46 -26
L 80 48 -27
L 81 46 26
D 78 47 2 79 80 81 8
L 84 50 -25
L 85 52 -21
L 86 50 25
D 83 51 2 84 85 86 8
L 88 54 -28
L 90 56 -29
L 91 58 30
L 92 56 29
D 89 57 2 90 91 92 8
L 93 54 28
D 87 55 2 88 89 93 8
L 95 52 21
D 94 51 2 84 95 86 29
D 82 53 2 83 87 94 8
L 97 48 27
D 96 47 2 79 97 81 29
D 77 49 2 78 82 96 8
L 100 44 23
D 99 43 2 73 100 75 29
D 98 41 2 71 99 76 29
D 69 45 2 70 77 98 8
L 104 60 -34
L 106 62 -32
L 107 64 -33
L 108 62 32
D 105 63 2 106 107 108 8
L 109 60 34
D 103 61 2 104 105 109 8
L 112 66 -36
L 113 68 -37
L 114 66 36
D 111 67 2 112 113 114 8
L 117 70 -35
L 118 72 -31
L 119 70 35
D 116 71 2 117 118 119 8
L 121 74 -38
L 123 76 -39
L 124 78 40
L 125 76 39
D 122 77 2 123 124 125 8
L 126 74 38
D 120 75 2 121 122 126 8
L 128 72 31
D 127 71 2 117 128 119 29
D 115 73 2 116 120 127 8
L 130 68 37
D 129 67 2 112 130 114 29
D 110 69 2 111 115 129 8
L 133 64 33
D 132 63 2 106 133 108 29
D 131 61 2 104 132 109 29
D 102 65 2 103 110 131 8
L 137 80 -42
L 139 82 -43
L 140 84 -44
L 141 82 43
D 138 83 2 139 140 141 8
L 142 80 42
D 136 81 2 137 138 142 8
L 145 86 -46
L 146 88 -47
L 147 86 46
D 144 87 2 145 146 147 8
L 150 90 -45
L 151 92 -41
L 152 90 45
D 149 91 2 150 151 152 8
L 154 94 -48
L 156 96 -49
L 157 98 50
L 158 96 49
D 155 97 2 156 157 158 8
L 159 94 48
D 153 95 2 154 155 159 8
L 161 92 41
D 160 91 2 150 161 152 29
D 148 93 2 149 153 160 8
L 163 88 47
D 162 87 2 145 163 147 29
D 143 89 2 144 148 162 8
L 166 84 44
D 165 83 2 139 166 141 29
D 164 81 2 137 165 142 29
D 135 85 2 136 143 164 8
L 170 100 -56
L 171 102 -57
L 172 100 56
D 169 101 2 170 171 172 8
L 174 104 -58
L 176 106 -59
L 177 108 60
L 178 106 59
D 175 107 2 176 177 178 8
L 179 104 58
D 173 105 2 174 175 179 8
L 181 102 57
D 180 101 2 170 181 172 29
D 168 103 2 169 173 180 8
L 185 110 -53
L 186 112 -54
L 187 110 53
D 184 111 2 185 186 187 8
L 189 114 -52
L 191 116 -55
L 192 118 -51
L 193 116 55
D 190 117 2 191 192 193 8
L 194 114 52
D 188 115 2 189 190 194 8
L 196 112 54
D 195 111 2 185 196 187 29
D 183 113 2 184 188 195 8
L 200 120 -76
L 201 122 -77
L 202 120 76
D 199 121 2 200 201 202 8
L 204 124 -78
L 206 126 -79
L 207 128 80
L 208 126 79
D 205 127 2 206 207 208 8
L 209 124 78
D 203 125 2 204 205 209 8
L 211 122 77
D 210 121 2 200 211 202 29
D 198 123 2 199 203 210 8
L 215 130 -73
L 216 132 -72
L 217 130 73
D 214 131 2 215 216 217 8
L 219 134 -71
L 221 136 -74
L 222 138 -75
L 223 136 74
D 220 137 2 221 222 223 8
L 224 134 71
D 218 135 2 219 220 224 8
L 226 132 72
D 225 131 2 215 226 217 29
D 213 133 2 214 218 225 8
L 229 140 -61
L 230 142 -62
L 231 140 61
D 228 141 2 229 230 231 8
L 234 144 -63
L 235 146 -64
L 236 144 63
D 233 145 2 234 235 236 8
L 238 148 -65
L 240 150 -66
L 242 152 -67
L 244 154 -68
L 246 156 -69
L 247 158 70
L 248 156 69
D 245 157 2 246 247 248 8
L 249 154 68
D 243 155 2 244 245 249 8
L 250 152 67
D 241 153 2 242 243 250 8
L 251 150 66
D 239 151 2 240 241 251 8
L 252 148 65
D 237 149 2 238 239 252 8
L 254 146 64
D 253 145 2 234 254 236 29
D 232 147 2 233 237 253 8
L 256 142 62
D 255 141 2 229 256 231 29
D 227 143 2 228 232 255 8
L 260 138 75
D 259 137 2 221 260 223 29
D 258 135 2 219 259 224 29
D 257 133 2 214 258 225 29
D 212 139 2 213 227 257 8
L 264 128 -80
D 263 127 2 206 264 208 29
D 262 125 2 204 263 209 29
D 261 123 2 199 262 210 29
D 197 129 2 198 212 261 8
L 268 118 51
D 267 117 2 191 268 193 29
D 266 115 2 189 267 194 29
D 265 113 2 184 266 195 29
D 182 119 2 183 197 265 8
L 272 108 -60
D 271 107 2 176 272 178 29
D 270 105 2 174 271 179 29
D 269 103 2 169 270 180 29
D 167 109 2 168 182 269 8
L 278 98 -50
D 277 97 2 156 278 158 29
D 276 95 2 154 277 159 29
D 275 93 2 149 276 160 29
D 274 89 2 144 275 162 29
D 273 85 2 136 274 164 29
D 134 99 2 135 167 273 8
L 284 78 -40
D 283 77 2 123 284 125 29
D 282 75 2 121 283 126 29
D 281 73 2 116 282 127 29
D 280 69 2 111 281 129 29
D 279 65 2 103 280 131 29
D 101 79 2 102 134 279 8
L 290 58 -30
D 289 57 2 90 290 92 29
D 288 55 2 88 289 93 29
D 287 53 2 83 288 94 29
D 286 49 2 78 287 96 29
D 285 45 2 70 286 98 29
D 68 59 2 69 101 285 8
D 295 37 2 59 58 57 8
D 294 35 2 60 295 55 8
D 293 33 2 50 294 61 8
D 292 29 2 45 293 63 8
D 291 25 2 37 292 65 8
D 301 57 2 92 290 90 8
D 300 55 2 88 301 93 8
D 299 53 2 83 300 94 8
D 298 49 2 78 299 96 8
D 297 45 2 70 298 98 8
D 307 77 2 125 284 123 8
D 306 75 2 121 307 126 8
D 305 73 2 116 306 127 8
D 304 69 2 111 305 129 8
D 303 65 2 103 304 131 8
D 313 97 2 158 278 156 8
D 312 95 2 154 313 159 8
D 311 93 2 149 312 160 8
D 310 89 2 144 311 162 8
D 309 85 2 136 310 164 8
L 325 158 -70
D 324 157 2 248 325 246 8
D 323 155 2 244 324 249 8
D 322 153 2 242 323 250 8
D 321 151 2 240 322 251 8
D 320 149 2 238 321 252 8
D 319 147 2 233 320 253 8
D 318 143 2 228 319 255 8
D 317 139 2 213 318 257 8
D 328 127 2 208 264 206 8
D 327 125 2 204 328 209 8
D 326 123 2 199 327 210 8
D 331 127 2 206 264 208 207
D 330 125 2 204 331 209 29
D 329 123 2 199 330 210 29
D 316 129 3 198 317 326 212 329 8
D 315 119 2 183 316 265 8
D 334 107 2 178 272 176 8
D 333 105 2 174 334 179 8
D 332 103 2 169 333 180 8
D 337 107 2 176 272 178 177
D 336 105 2 174 337 179 29
D 335 103 2 169 336 180 29
D 314 109 3 168 315 332 182 335 8
D 342 97 2 156 278 158 157
D 341 95 2 154 342 159 29
D 340 93 2 149 341 160 29
D 339 89 2 144 340 162 29
D 338 85 2 136 339 164 29
D 308 99 3 309 167 135 314 338 8
D 347 77 2 123 284 125 124
D 346 75 2 121 347 126 29
D 345 73 2 116 346 127 29
D 344 69 2 111 345 129 29
D 343 65 2 103 344 131 29
D 302 79 3 303 134 102 308 343 8
D 352 57 2 90 290 92 91
D 351 55 2 88 352 93 29
D 350 53 2 83 351 94 29
D 349 49 2 78 350 96 29
D 348 45 2 70 349 98 29
D 296 59 3 297 101 69 302 348 8
L 358 38 20
D 357 37 2 57 358 59 8
D 356 35 2 60 357 55 8
D 355 33 2 50 356 61 8
D 354 29 2 45 355 63 8
D 353 25 2 37 354 65 8
D 364 57 2 90 290 92 8
D 363 55 2 93 364 88 8
D 362 53 2 83 363 94 8
D 361 49 2 78 362 96 8
D 360 45 2 70 361 98 8
D 370 77 2 123 284 125 8
D 369 75 2 126 370 121 8
D 368 73 2 116 369 127 8
D 367 69 2 111 368 129 8
D 366 65 2 103 367 131 8
D 376 97 2 156 278 158 8
D 375 95 2 159 376 154 8
D 374 93 2 149 375 160 8
D 373 89 2 144 374 162 8
D 372 85 2 136 373 164 8
D 387 157 2 246 325 248 8
D 386 155 2 249 387 244 8
D 385 153 2 242 386 250 8
D 384 151 2 240 385 251 8
D 383 149 2 238 384 252 8
D 382 147 2 233 383 253 8
D 381 143 2 228 382 255 8
D 380 139 2 213 381 257 8
D 390 127 2 206 264 208 8
D 389 125 2 209 390 204 8
D 388 123 2 199 389 210 8
D 393 127 2 206 207 208 29
D 392 125 2 204 331 209 393
D 391 123 2 199 392 210 29
D 379 129 4 198 380 326 317 388 212 391 8
D 378 119 2 183 379 265 8
D 396 107 2 176 272 178 8
D 395 105 2 179 396 174 8
D 394 103 2 169 395 180 8
D 399 107 2 176 177 178 29
D 398 105 2 174 337 179 399
D 397 103 2 169 398 180 29
D 377 109 4 168 378 332 315 394 182 397 8
D 404 97 2 156 157 158 29
D 403 95 2 159 404 154 342
D 402 93 2 149 403 160 29
D 401 89 2 144 402 162 29
D 400 85 2 136 401 164 29
D 371 99 4 372 167 309 314 135 377 400 8
D 409 77 2 123 124 125 29
D 408 75 2 126 409 121 347
D 407 73 2 116 408 127 29
D 406 69 2 111 407 129 29
D 405 65 2 103 406 131 29
D 365 79 4 366 134 303 308 102 371 405 8
D 414 57 2 90 91 92 29
D 413 55 2 93 414 88 352
D 412 53 2 83 413 94 29
D 411 49 2 78 412 96 29
D 410 45 2 70 411 98 29
D 359 59 4 360 101 297 302 69 365 410 8
D 419 37 2 57 358 59 29
D 420 37 2 57 58 59 358
D 418 35 2 55 419 60 420
D 417 33 2 50 418 61 29
D 416 29 2 45 417 63 29
D 415 25 2 37 416 65 29
D 35 39 4 36 68 291 296 353 359 415 8
D 423 3 2 7 6 5 8
D 422 1 2 3 423 9 8
D 426 11 2 17 28 19 8
D 427 11 2 17 18 19 29
D 425 13 2 426 20 427 8
D 424 9 2 11 425 30 8
D 429 3 2 7 34 5 29
D 428 1 2 3 429 9 29
D 421 5 2 422 424 428 8
D 433 27 2 46 64 48 8
D 435 35 2 60 56 55 8
D 434 33 2 50 435 61 8
D 436 27 2 46 47 48 29
D 432 29 2 433 434 436 8
D 431 25 2 37 432 65 8
D 440 47 2 79 97 81 8
D 442 55 2 88 364 93 8
D 441 53 2 83 442 94 8
D 443 47 2 79 80 81 29
D 439 49 2 440 441 443 8
D 438 45 2 70 439 98 8
D 447 67 2 112 130 114 8
D 449 75 2 121 370 126 8
D 448 73 2 116 449 127 8
D 450 67 2 112 113 114 29
D 446 69 2 447 448 450 8
D 445 65 2 103 446 131 8
D 454 87 2 145 163 147 8
D 456 95 2 154 376 159 8
D 455 93 2 149 456 160 8
D 457 87 2 145 146 147 29
D 453 89 2 454 455 457 8
D 452 85 2 136 453 164 8
D 467 155 2 244 387 249 8
D 466 153 2 250 467 242 8
D 465 151 2 240 466 251 8
D 464 149 2 238 465 252 8
D 463 147 2 233 464 253 8
D 462 143 2 228 463 255 8
D 461 139 2 213 462 257 8
D 469 121 2 200 211 202 8
D 470 125 2 204 390 209 8
D 471 121 2 200 201 202 29
D 468 123 2 469 470 471 8
D 473 125 2 204 393 209 29
D 472 123 3 199 392 469 473 202 29
D 460 129 5 198 461 326 380 388 317 468 212 472 8
D 459 119 2 183 460 265 8
D 475 101 2 170 181 172 8
D 476 105 2 174 396 179 8
D 477 101 2 170 171 172 29
D 474 103 2 475 476 477 8
D 479 105 2 174 399 179 29
D 478 103 3 169 398 475 479 172 29
D 458 109 5 168 459 332 378 394 315 474 182 478 8
D 483 95 2 154 404 159 29
D 482 93 2 149 483 160 29
D 481 89 3 144 402 454 482 147 29
D 480 85 2 136 481 164 29
D 451 99 5 452 167 372 314 309 377 135 458 480 8
D 487 75 2 121 409 126 29
D 486 73 2 116 487 127 29
D 485 69 3 111 407 447 486 114 29
D 484 65 2 103 485 131 29
D 444 79 5 445 134 366 308 303 371 102 451 484 8
D 491 55 2 88 414 93 29
D 490 53 2 83 491 94 29
D 489 49 3 78 412 440 490 81 29
D 488 45 2 70 489 98 29
D 437 59 5 438 101 360 302 297 365 69 444 488 8
D 495 35 2 60 419 55 29
D 494 33 2 50 495 61 29
D 493 29 3 45 417 433 494 48 29
D 492 25 2 37 493 65 29
D 430 39 5 431 68 36 296 291 359 353 437 492 8
D 498 3 2 5 34 7 8
D 497 1 2 3 498 9 8
D 500 3 2 5 6 7 29
D 499 1 2 3 500 9 29
D 496 5 2 497 424 499 8
D 504 27 2 48 47 46 8
D 505 27 2 48 64 46 29
D 503 29 2 504 434 505 8
D 502 25 2 37 503 65 8
D 509 47 2 81 80 79 8
D 510 47 2 81 97 79 29
D 508 49 2 509 441 510 8
D 507 45 2 70 508 98 8
D 514 67 2 114 113 112 8
D 515 67 2 114 130 112 29
D 513 69 2 514 448 515 8
D 512 65 2 103 513 131 8
D 519 87 2 147 146 145 8
D 520 87 2 147 163 145 29
D 518 89 2 519 455 520 8
D 517 85 2 136 518 164 8
D 529 153 2 242 467 250 8
D 528 151 2 251 529 240 8
D 527 149 2 238 528 252 8
D 526 147 2 233 527 253 8
D 525 143 2 228 526 255 8
D 524 139 2 213 525 257 8
D 531 121 2 202 201 200 8
D 532 121 2 202 211 200 29
D 530 123 2 531 470 532 8
D 534 121 2 202 201 200 211
D 535 121 2 202 211 200 8
D 533 123 3 199 392 534 473 535 29
D 523 129 6 198 524 326 461 388 380 468 317 530 212 533 8
D 522 119 2 183 523 265 8
D 537 101 2 172 171 170 8
D 538 101 2 172 181 170 29
D 536 103 2 537 476 538 8
D 540 101 2 172 171 170 181
D 541 101 2 172 181 170 8
D 539 103 3 169 398 540 479 541 29
D 521 109 6 168 522 332 459 394 378 474 315 536 182 539 8
D 544 87 2 147 146 145 163
D 545 87 2 147 163 145 8
D 543 89 3 144 402 544 482 545 29
D 542 85 2 136 543 164 29
D 516 99 6 517 167 452 314 372 377 309 458 135 521 542 8
D 548 67 2 114 113 112 130
D 549 67 2 114 130 112 8
D 547 69 3 111 407 548 486 549 29
D 546 65 2 103 547 131 29
D 511 79 6 512 134 445 308 366 371 303 451 102 516 546 8
D 552 47 2 81 80 79 97
D 553 47 2 81 97 79 8
D 551 49 3 78 412 552 490 553 29
D 550 45 2 70 551 98 29
D 506 59 6 507 101 438 302 360 365 297 444 69 511 550 8
D 556 27 2 48 47 46 64
D 557 27 2 48 64 46 8
D 555 29 3 45 417 556 494 557 29
D 554 25 2 37 555 65 29
D 501 39 6 502 68 431 296 36 359 291 437 353 506 554 8
D 559 1 2 9 4 3 8
D 560 1 2 9 33 3 29
D 558 5 2 559 424 560 8
D 565 31 2 53 52 51 8
D 566 31 2 53 62 51 29
D 564 33 2 565 435 566 8
D 563 29 2 45 564 63 8
D 562 25 2 37 563 65 8
D 571 51 2 86 85 84 8
D 572 51 2 86 95 84 29
D 570 53 2 571 442 572 8
D 569 49 2 78 570 96 8
D 568 45 2 70 569 98 8
D 577 71 2 119 118 117 8
D 578 71 2 119 128 117 29
D 576 73 2 577 449 578 8
D 575 69 2 111 576 129 8
D 574 65 2 103 575 131 8
D 583 91 2 152 151 150 8
D 584 91 2 152 161 150 29
D 582 93 2 583 456 584 8
D 581 89 2 144 582 162 8
D 580 85 2 136 581 164 8
D 586 103 2 169 476 180 8
D 590 117 2 193 192 191 8
D 589 115 2 189 590 194 8
D 588 113 2 184 589 195 8
D 593 117 2 193 268 191 29
D 592 115 2 189 593 194 29
D 591 113 2 184 592 195 29
D 587 119 2 588 197 591 8
D 600 151 2 240 529 251 8
D 599 149 2 252 600 238 8
D 598 147 2 233 599 253 8
D 597 143 2 228 598 255 8
D 596 139 2 213 597 257 8
D 601 123 2 199 470 210 8
D 605 137 2 221 260 223 8
D 604 135 2 219 605 224 8
D 603 133 2 214 604 225 8
D 608 137 2 221 222 223 29
D 607 135 2 219 608 224 29
D 606 133 2 214 607 225 29
D 602 139 2 603 227 606 8
D 611 127 2 208 207 206 8
D 610 125 2 204 611 209 393
D 609 123 3 199 610 534 473 535 29
D 595 129 7 198 596 601 602 326 524 388 461 468 380 530 317 609 8
D 594 119 2 183 595 265 8
D 614 107 2 178 177 176 8
D 613 105 2 174 614 179 399
D 612 103 3 169 613 540 479 541 29
D 585 109 7 586 587 168 594 332 522 394 459 474 378 536 315 612 8
D 617 93 3 583 483 149 403 161 29
D 616 89 3 144 617 544 482 545 29
D 615 85 2 136 616 164 29
D 579 99 7 580 167 517 314 452 377 372 458 309 521 135 585 615 8
D 620 73 3 577 487 116 408 128 29
D 619 69 3 111 620 548 486 549 29
D 618 65 2 103 619 131 29
D 573 79 7 574 134 512 308 445 371 366 451 303 516 102 579 618 8
D 623 53 3 571 491 83 413 95 29
D 622 49 3 78 623 552 490 553 29
D 621 45 2 70 622 98 29
D 567 59 7 568 101 507 302 438 365 360 444 297 511 69 573 621 8
D 626 33 3 565 495 50 418 62 29
D 625 29 3 45 626 556 494 557 29
D 624 25 2 37 625 65 29
D 561 39 7 562 68 502 296 431 359 36 437 291 506 353 567 624 8
D 630 11 2 19 28 17 8
D 631 11 2 19 18 17 29
D 629 13 2 630 20 631 8
D 628 9 2 11 629 30 8
D 627 5 2 2 628 32 8
D 634 21 2 43 39 38 8
D 635 29 2 45 434 63 8
D 636 21 2 43 66 38 29
D 633 25 2 634 635 636 8
D 639 41 2 76 72 71 8
D 640 49 2 78 441 96 8
D 641 41 2 76 99 71 29
D 638 45 2 639 640 641 8
D 644 61 2 109 105 104 8
D 645 69 2 111 448 129 8
D 646 61 2 109 132 104 29
D 643 65 2 644 645 646 8
D 650 83 2 139 166 141 8
D 649 81 2 137 650 142 8
D 651 89 2 144 455 162 8
D 653 83 2 139 140 141 29
D 652 81 2 137 653 142 29
D 648 85 2 649 651 652 8
D 657 111 2 185 196 187 8
D 658 111 2 185 186 187 29
D 656 113 2 657 188 658 8
D 659 113 3 184 592 657 266 187 29
D 655 119 3 588 316 656 197 659 8
D 665 145 2 234 254 236 8
D 666 149 2 238 600 252 8
D 667 145 2 234 235 236 29
D 664 147 2 665 666 667 8
D 663 143 2 228 664 255 8
D 662 139 2 213 663 257 8
D 671 137 2 223 222 221 8
D 670 135 2 219 671 224 8
D 669 133 2 214 670 225 8
D 674 137 2 221 222 223 260
D 673 135 2 219 674 224 29
D 672 133 2 214 673 225 29
D 668 139 3 669 227 603 318 672 8
D 661 129 7 198 662 601 668 326 596 388 524 468 461 530 380 609 8
D 660 119 2 183 661 265 8
D 654 109 7 586 655 168 660 332 594 394 522 474 459 536 378 612 8
D 676 89 2 144 482 162 29
D 677 81 2 137 141 142 29
D 675 85 3 136 616 649 676 677 29
D 647 99 8 648 167 580 314 517 377 452 458 372 521 309 585 135 654 675 8
D 679 69 2 111 486 129 29
D 678 65 3 103 619 644 679 132 29
D 642 79 8 643 134 574 308 512 371 445 451 366 516 303 579 102 647 678 8
D 681 49 2 78 490 96 29
D 680 45 3 70 622 639 681 99 29
D 637 59 8 638 101 568 302 507 365 438 444 360 511 297 573 69 642 680 8
D 683 29 2 45 494 63 29
D 682 25 3 37 625 634 683 66 29
D 632 39 8 633 68 562 296 502 359 431 437 36 506 291 567 353 637 682 8
D 686 7 2 14 13 12 8
D 687 7 2 14 31 12 29
D 685 9 2 686 425 687 8
D 684 5 2 2 685 32 8
D 691 23 2 40 67 42 8
D 690 21 2 38 691 43 8
D 693 23 2 40 41 42 29
D 692 21 2 38 693 43 29
D 689 25 2 690 635 692 8
D 697 43 2 73 100 75 8
D 696 41 2 71 697 76 8
D 699 43 2 73 74 75 29
D 698 41 2 71 699 76 29
D 695 45 2 696 640 698 8
D 703 63 2 106 133 108 8
D 702 61 2 104 703 109 8
D 705 63 2 106 107 108 29
D 704 61 2 104 705 109 29
D 701 65 2 702 645 704 8
D 709 83 2 141 140 139 8
D 708 81 2 137 709 142 8
D 711 83 2 141 166 139 29
D 710 81 2 137 711 142 29
D 707 85 2 708 651 710 8
D 715 111 2 187 186 185 8
D 716 111 2 187 196 185 29
D 714 113 2 715 188 716 8
D 718 111 2 187 186 185 196
D 719 111 2 187 196 185 8
D 717 113 3 184 592 718 266 719 29
D 713 119 4 656 316 588 379 714 197 717 8
D 725 145 2 236 235 234 8
D 726 145 2 236 254 234 29
D 724 147 2 725 666 726 8
D 723 143 2 228 724 255 8
D 722 139 2 213 723 257 8
D 729 131 2 217 216 215 8
D 730 131 2 217 226 215 29
D 728 133 2 729 218 730 8
D 731 133 3 214 673 729 258 226 29
D 727 139 4 728 227 669 318 603 381 731 8
D 721 129 7 198 722 601 727 326 662 388 596 468 524 530 461 609 8
D 720 119 2 183 721 265 8
D 712 109 7 586 713 168 720 332 660 394 594 474 522 536 459 612 8
D 734 83 2 141 140 139 166
D 733 81 2 137 734 142 8
D 736 83 2 141 166 139 8
D 735 81 2 137 736 142 29
D 732 85 3 136 616 733 676 735 29
D 706 99 9 707 167 648 314 580 377 517 458 452 521 372 585 309 654 135 712 732 8
D 738 61 2 104 703 109 105
D 739 61 2 109 132 104 108
D 737 65 3 103 619 738 679 739 29
D 700 79 9 701 134 643 308 574 371 512 451 445 516 366 579 303 647 102 706 737 8
D 741 41 2 71 697 76 72
D 742 41 2 76 99 71 75
D 740 45 3 70 622 741 681 742 29
D 694 59 9 695 101 638 302 568 365 507 444 438 511 360 573 297 642 69 700 740 8
D 744 21 2 38 691 43 39
D 745 21 2 43 66 38 42
D 743 25 3 37 625 744 683 745 29
D 688 39 9 689 68 633 296 562 359 502 437 431 506 36 567 291 637 353 694 743 8
D 748 7 2 12 31 14 8
D 749 7 2 12 13 14 29
D 747 9 2 748 425 749 8
D 746 5 2 2 747 32 8
D 753 23 2 42 41 40 8
D 752 21 2 38 753 43 8
D 755 23 2 42 67 40 29
D 754 21 2 38 755 43 29
D 751 25 2 752 635 754 8
D 759 43 2 75 74 73 8
D 758 41 2 71 759 76 8
D 761 43 2 75 100 73 29
D 760 41 2 71 761 76 29
D 757 45 2 758 640 760 8
D 765 63 2 108 107 106 8
D 764 61 2 104 765 109 8
D 767 63 2 108 133 106 29
D 766 61 2 104 767 109 29
D 763 65 2 764 645 766 8
D 770 81 2 142 138 137 8
D 771 81 2 142 165 137 29
D 769 85 2 770 651 771 8
D 775 115 2 194 190 189 8
D 774 113 2 184 775 195 8
D 777 115 2 189 593 194 267
D 776 113 3 184 777 718 266 719 29
D 773 119 5 588 460 714 316 656 379 774 197 776 8
D 782 131 2 215 226 217 8
D 783 131 2 215 216 217 29
D 781 133 2 782 218 783 8
D 785 131 2 217 216 215 226
D 786 131 2 217 226 215 8
D 784 133 3 214 673 785 258 786 29
D 780 139 5 781 227 728 318 669 381 603 462 784 8
D 789 141 2 229 256 231 8
D 790 147 2 233 666 253 8
D 791 141 2 229 230 231 29
D 788 143 2 789 790 791 8
D 787 139 2 213 788 257 8
D 779 129 7 601 780 326 722 198 787 388 662 468 596 530 524 609 8
D 778 119 2 183 779 265 8
D 772 109 7 586 773 168 778 332 720 394 660 474 594 536 522 612 8
D 793 81 2 137 734 142 138
D 794 81 2 137 736 142 165
D 792 85 3 136 616 793 676 794 29
D 768 99 10 769 167 707 314 648 377 580 458 517 521 452 585 372 654 309 712 135 772 792 8
D 797 63 2 108 107 106 133
D 796 61 2 104 797 109 105
D 799 63 2 108 133 106 8
D 798 61 2 104 799 109 132
D 795 65 3 103 619 796 679 798 29
D 762 79 10 763 134 701 308 643 371 574 451 512 516 445 579 366 647 303 706 102 768 795 8
D 802 43 2 75 74 73 100
D 801 41 2 71 802 76 72
D 804 43 2 75 100 73 8
D 803 41 2 71 804 76 99
D 800 45 3 70 622 801 681 803 29
D 756 59 10 757 101 695 302 638 365 568 444 507 511 438 573 360 642 297 700 69 762 800 8
D 807 23 2 42 41 40 67
D 806 21 2 38 807 43 39
D 809 23 2 42 67 40 8
D 808 21 2 38 809 43 66
D 805 25 3 37 625 806 683 808 29
D 750 39 10 751 68 689 296 633 359 562 437 502 506 431 567 36 637 291 694 353 756 805 8
D 813 15 2 26 22 21 8
D 812 13 2 426 813 427 8
D 811 9 2 11 812 30 8
D 810 5 2 2 811 32 8
D 818 31 2 51 62 53 8
D 819 31 2 51 52 53 29
D 817 33 2 818 435 819 8
D 816 29 2 45 817 63 8
D 815 25 2 37 816 65 8
D 824 51 2 84 95 86 8
D 825 51 2 84 85 86 29
D 823 53 2 824 442 825 8
D 822 49 2 78 823 96 8
D 821 45 2 70 822 98 8
D 830 71 2 117 128 119 8
D 831 71 2 117 118 119 29
D 829 73 2 830 449 831 8
D 828 69 2 111 829 129 8
D 827 65 2 103 828 131 8
D 836 91 2 150 161 152 8
D 837 91 2 150 151 152 29
D 835 93 2 836 456 837 8
D 834 89 2 144 835 162 8
D 833 85 2 136 834 164 8
D 842 117 2 191 268 193 8
D 841 115 2 189 842 194 8
D 840 113 2 184 841 195 8
D 845 117 2 191 192 193 268
D 844 115 2 189 845 194 267
D 843 113 3 184 844 718 266 719 29
D 839 119 6 588 523 656 460 774 316 714 379 840 197 843 8
D 850 135 2 224 220 219 8
D 849 133 2 214 850 225 8
D 852 135 2 219 674 224 259
D 851 133 3 214 852 785 258 786 29
D 848 139 6 849 227 781 318 728 381 603 525 669 462 851 8
D 855 141 2 231 230 229 8
D 856 141 2 231 256 229 29
D 854 143 2 855 790 856 8
D 853 139 2 213 854 257 8
D 847 129 7 601 848 388 722 326 787 468 662 198 853 530 596 609 8
D 846 119 2 183 847 265 8
D 838 109 7 586 839 168 846 332 778 394 720 474 660 536 594 612 8
D 860 91 2 152 151 150 161
D 861 91 2 152 161 150 8
D 859 93 3 860 483 149 403 861 29
D 858 89 3 544 482 144 859 545 29
D 857 85 3 793 676 136 858 794 29
D 832 99 11 833 167 769 314 707 377 648 458 580 521 517 585 452 654 372 712 309 772 135 838 857 8
D 865 71 2 119 118 117 128
D 866 71 2 119 128 117 8
D 864 73 3 865 487 116 408 866 29
D 863 69 3 548 486 111 864 549 29
D 862 65 3 796 679 103 863 798 29
D 826 79 11 827 134 763 308 701 371 643 451 574 516 512 579 445 647 366 706 303 768 102 832 862 8
D 870 51 2 86 85 84 95
D 871 51 2 86 95 84 8
D 869 53 3 870 491 83 413 871 29
D 868 49 3 552 490 78 869 553 29
D 867 45 3 801 681 70 868 803 29
D 820 59 11 821 101 757 302 695 365 638 444 568 511 507 573 438 642 360 700 297 762 69 826 867 8
D 875 31 2 53 52 51 62
D 876 31 2 53 62 51 8
D 874 33 3 875 495 50 418 876 29
D 873 29 3 556 494 45 874 557 29
D 872 25 3 806 683 37 873 808 29
D 814 39 11 815 68 751 296 689 359 633 437 562 506 502 567 431 637 36 694 291 756 353 820 872 8
D 881 17 2 25 24 23 8
D 880 15 2 21 881 26 8
D 879 13 2 426 880 427 8
D 878 9 2 11 879 30 8
D 877 5 2 2 878 32 8
D 887 119 6 588 595 656 523 714 460 840 316 774 379 843 8
D 890 139 6 849 318 781 381 603 597 669 525 728 462 851 8
D 892 125 2 209 393 204 207
D 891 123 3 199 892 534 473 535 29
D 889 129 6 601 890 468 722 388 787 530 662 326 853 891 8
D 888 119 2 183 889 265 8
D 886 109 7 586 887 332 846 168 888 394 778 474 720 536 660 612 8
D 885 99 11 833 314 769 377 707 458 648 521 580 585 517 654 452 712 372 772 309 838 135 886 857 8
D 884 79 11 827 308 763 371 701 451 643 516 574 579 512 647 445 706 366 768 303 832 102 885 862 8
D 883 59 11 821 302 757 365 695 444 638 511 568 573 507 642 438 700 360 762 297 826 69 884 867 8
D 882 39 11 815 296 751 359 689 437 633 506 562 567 502 637 431 694 36 756 291 820 353 883 872 8
L 898 18 10
D 897 17 2 23 898 25 8
D 896 15 2 21 897 26 8
D 895 13 2 426 896 427 8
D 894 9 2 11 895 30 8
D 893 5 2 2 894 32 8
D 904 119 6 656 595 588 661 714 523 774 460 840 379 843 8
D 907 139 6 849 381 603 663 669 597 728 525 781 462 851 8
D 908 123 3 534 473 199 393 535 29
D 906 129 5 601 907 530 722 468 787 388 853 908 8
D 905 119 2 183 906 265 8
D 903 109 7 586 904 394 846 332 888 168 905 474 778 536 720 612 8
D 902 99 11 833 377 769 458 707 521 648 585 580 654 517 712 452 772 372 838 309 886 135 903 857 8
D 901 79 11 827 371 763 451 701 516 643 579 574 647 512 706 445 768 366 832 303 885 102 902 862 8
D 900 59 11 821 365 757 444 695 511 638 573 568 642 507 700 438 762 360 826 297 884 69 901 867 8
D 899 39 11 815 359 751 437 689 506 633 567 562 637 502 694 431 756 36 820 291 883 353 900 872 8
D 913 17 2 23 24 25 898
D 914 17 2 23 898 25 29
D 912 15 2 21 913 26 914
D 915 11 2 19 28 17 18
D 916 15 2 21 914 26 29
D 917 11 2 19 18 17 8
D 911 13 3 426 912 915 916 917 29
D 918 7 2 14 13 12 31
D 919 13 2 426 916 427 29
D 920 7 2 14 31 12 8
D 910 9 3 11 911 918 919 920 29
D 922 3 2 7 6 5 34
D 921 1 2 3 922 9 4
D 923 9 2 11 919 30 29
D 925 3 2 7 34 5 8
D 924 1 2 3 925 9 33
D 909 5 3 2 910 921 923 924 29
D 0 19 11 1 35 421 430 496 501 558 561 627 632 684 688 746 750 810 814 877 882 893 899 909 8
