c ids of sdd nodes start at 0
c sdd nodes appear bottom-up, children before parents
c
c file syntax:
c sdd count-of-sdd-nodes
c F id-of-false-sdd-node
c T id-of-true-sdd-node
c L id-of-literal-sdd-node id-of-vtree literal
c D id-of-decomposition-sdd-node id-of-vtree number-of-elements {id-of-prime id-of-sub}*
c
sdd 921
L 3 0 -4
L 5 2 -2
L 6 4 -3
L 7 2 2
F 8
D 4 3 2 5 6 7 8
L 9 0 4
D 2 1 2 3 4 9 8
L 12 6 -6
L 13 8 -7
L 14 6 6
D 11 7 2 12 13 14 8
L 17 10 -5
L 18 12 1
L 19 10 5
D 16 11 2 17 18 19 8
L 21 14 -8
L 23 16 -9
L 24 18 -10
L 25 16 9
D 22 17 2 23 24 25 8
L 26 14 8
D 20 15 2 21 22 26 8
L 28 12 -1
T 29
D 27 11 2 17 28 19 29
D 15 13 2 16 20 27 8
L 31 8 7
D 30 7 2 12 31 14 29
D 10 9 2 11 15 30 8
L 34 4 3
D 33 3 2 5 34 7 29
D 32 1 2 3 33 9 29
D 1 5 2 2 10 32 8
L 38 20 -14
L 40 22 -12
L 41 24 -13
L 42 22 12
D 39 23 2 40 41 42 8
L 43 20 14
D 37 21 2 38 39 43 8
L 46 26 -16
L 47 28 -17
L 48 26 16
D 45 27 2 46 47 48 8
L 51 30 -15
L 52 32 -11
L 53 30 15
D 50 31 2 51 52 53 8
L 55 34 -18
L 57 36 19
L 58 38 -20
L 59 36 -19
D 56 37 2 57 58 59 8
L 60 34 18
D 54 35 2 55 56 60 8
L 62 32 11
D 61 31 2 51 62 53 29
D 49 33 2 50 54 61 8
L 64 28 17
D 63 27 2 46 64 48 29
D 44 29 2 45 49 63 8
L 67 24 13
D 66 23 2 40 67 42 29
D 65 21 2 38 66 43 29
D 36 25 2 37 44 65 8
L 71 40 -24
L 73 42 -22
L 74 44 -23
L 75 42 22
D 72 43 2 73 74 75 8
L 76 40 24
D 70 41 2 71 72 76 8
L 79 46 -26
L 80 48 -27
L 81 46 26
D 78 47 2 79 80 81 8
L 84 50 -25
L 85 52 -21
L 86 50 25
D 83 51 2 84 85 86 8
L 88 54 -28
L 90 56 -29
L 91 58 30
L 92 56 29
D 89 57 2 90 91 92 8
L 93 54 28
D 87 55 2 88 89 93 8
L 95 52 21
D 94 51 2 84 95 86 29
D 82 53 2 83 87 94 8
L 97 48 27
D 96 47 2 79 97 81 29
D 77 49 2 78 82 96 8
L 100 44 23
D 99 43 2 73 100 75 29
D 98 41 2 71 99 76 29
D 69 45 2 70 77 98 8
L 104 60 -34
L 106 62 -32
L 107 64 -33
L 108 62 32
D 105 63 2 106 107 108 8
L 109 60 34
D 103 61 2 104 105 109 8
L 112 66 -36
L 113 68 -37
L 114 66 36
D 111 67 2 112 113 114 8
L 117 70 -35
L 118 72 -31
L 119 70 35
D 116 71 2 117 118 119 8
L 121 74 -38
L 123 76 -39
L 124 78 40
L 125 76 39
D 122 77 2 123 124 125 8
L 126 74 38
D 120 75 2 121 122 126 8
L 128 72 31
D 127 71 2 117 128 119 29
D 115 73 2 116 120 127 8
L 130 68 37
D 129 67 2 112 130 114 29
D 110 69 2 111 115 129 8
L 133 64 33
D 132 63 2 106 133 108 29
D 131 61 2 104 132 109 29
D 102 65 2 103 110 131 8
L 137 80 -42
L 139 82 -43
L 140 84 -44
L 141 82 43
D 138 83 2 139 140 141 8
L 142 80 42
D 136 81 2 137 138 142 8
L 145 86 -46
L 146 88 -47
L 147 86 46
D 144 87 2 145 146 147 8
L 150 90 -45
L 151 92 -41
L 152 90 45
D 149 91 2 150 151 152 8
L 154 94 -48
L 156 96 -49
L 157 98 50
L 158 96 49
D 155 97 2 156 157 158 8
L 159 94 48
D 153 95 2 154 155 159 8
L 161 92 41
D 160 91 2 150 161 152 29
D 148 93 2 149 153 160 8
L 163 88 47
D 162 87 2 145 163 147 29
D 143 89 2 144 148 162 8
L 166 84 44
D 165 83 2 139 166 141 29
D 164 81 2 137 165 142 29
D 135 85 2 136 143 164 8
L 170 100 -56
L 171 102 -57
L 172 100 56
D 169 101 2 170 171 172 8
L 174 104 -58
L 176 106 -59
L 177 108 60
L 178 106 59
D 175 107 2 176 177 178 8
L 179 104 58
D 173 105 2 174 175 179 8
L 181 102 57
D 180 101 2 170 181 172 29
D 168 103 2 169 173 180 8
L 185 110 -53
L 186 112 -54
L 187 110 53
D 184 111 2 185 186 187 8
L 189 114 -52
L 191 116 -55
L 192 118 -51
L 193 116 55
D 190 117 2 191 192 193 8
L 194 114 52
D 188 115 2 189 190 194 8
L 196 112 54
D 195 111 2 185 196 187 29
D 183 113 2 184 188 195 8
L 200 120 -76
L 201 122 -77
L 202 120 76
D 199 121 2 200 201 202 8
L 204 124 -78
L 206 126 -79
L 207 128 80
L 208 126 79
D 205 127 2 206 207 208 8
L 209 124 78
D 203 125 2 204 205 209 8
L 211 122 77
D 210 121 2 200 211 202 29
D 198 123 2 199 203 210 8
L 215 130 -73
L 216 132 -72
L 217 130 73
D 214 131 2 215 216 217 8
L 219 134 -71
L 221 136 -74
L 222 138 -75
L 223 136 74
D 220 137 2 221 222 223 8
L 224 134 71
D 218 135 2 219 220 224 8
L 226 132 72
D 225 131 2 215 226 217 29
D 213 133 2 214 218 225 8
L 229 140 -61
L 230 142 -62
L 231 140 61
D 228 141 2 229 230 231 8
L 234 144 -63
L 235 146 -64
L 236 144 63
D 233 145 2 234 235 236 8
L 238 148 -65
L 240 150 -66
L 242 152 -67
L 244 154 -68
L 246 156 -69
L 247 158 70
L 248 156 69
D 245 157 2 246 247 248 8
L 249 154 68
D 243 155 2 244 245 249 8
L 250 152 67
D 241 153 2 242 243 250 8
L 251 150 66
D 239 151 2 240 241 251 8
L 252 148 65
D 237 149 2 238 239 252 8
L 254 146 64
D 253 145 2 234 254 236 29
D 232 147 2 233 237 253 8
L 256 142 62
D 255 141 2 229 256 231 29
D 227 143 2 228 232 255 8
L 260 138 75
D 259 137 2 221 260 223 29
D 258 135 2 219 259 224 29
D 257 133 2 214 258 225 29
D 212 139 2 213 227 257 8
L 264 128 -80
D 263 127 2 206 264 208 29
D 262 125 2 204 263 209 29
D 261 123 2 199 262 210 29
D 197 129 2 198 212 261 8
L 268 118 51
D 267 117 2 191 268 193 29
D 266 115 2 189 267 194 29
D 265 113 2 184 266 195 29
D 182 119 2 183 197 265 8
L 272 108 -60
D 271 107 2 176 272 178 29
D 270 105 2 174 271 179 29
D 269 103 2 169 270 180 29
D 167 109 2 168 182 269 8
L 278 98 -50
D 277 97 2 156 278 158 29
D 276 95 2 154 277 159 29
D 275 93 2 149 276 160 29
D 274 89 2 144 275 162 29
D 273 85 2 136 274 164 29
D 134 99 2 135 167 273 8
L 284 78 -40
D 283 77 2 123 284 125 29
D 282 75 2 121 283 126 29
D 281 73 2 116 282 127 29
D 280 69 2 111 281 129 29
D 279 65 2 103 280 131 29
D 101 79 2 102 134 279 8
L 290 58 -30
D 289 57 2 90 290 92 29
D 288 55 2 88 289 93 29
D 287 53 2 83 288 94 29
D 286 49 2 78 287 96 29
D 285 45 2 70 286 98 29
D 68 59 2 69 101 285 8
L 296 38 20
D 295 37 2 59 296 57 8
D 294 35 2 55 295 60 8
D 293 33 2 50 294 61 8
D 292 29 2 45 293 63 8
D 291 25 2 37 292 65 8
D 302 57 2 92 290 90 8
D 301 55 2 88 302 93 8
D 300 53 2 83 301 94 8
D 299 49 2 78 300 96 8
D 298 45 2 70 299 98 8
D 308 77 2 125 284 123 8
D 307 75 2 121 308 126 8
D 306 73 2 116 307 127 8
D 305 69 2 111 306 129 8
D 304 65 2 103 305 131 8
D 314 97 2 158 278 156 8
D 313 95 2 154 314 159 8
D 312 93 2 149 313 160 8
D 311 89 2 144 312 162 8
D 310 85 2 136 311 164 8
L 326 158 -70
D 325 157 2 248 326 246 8
D 324 155 2 244 325 249 8
D 323 153 2 242 324 250 8
D 322 151 2 240 323 251 8
D 321 149 2 238 322 252 8
D 320 147 2 233 321 253 8
D 319 143 2 228 320 255 8
D 318 139 2 213 319 257 8
D 329 127 2 208 264 206 8
D 328 125 2 204 329 209 8
D 327 123 2 199 328 210 8
D 332 127 2 206 264 208 207
D 331 125 2 204 332 209 29
D 330 123 2 199 331 210 29
D 317 129 3 198 318 327 212 330 8
D 316 119 2 183 317 265 8
D 335 107 2 178 272 176 8
D 334 105 2 174 335 179 8
D 333 103 2 169 334 180 8
D 338 107 2 176 272 178 177
D 337 105 2 174 338 179 29
D 336 103 2 169 337 180 29
D 315 109 3 168 316 333 182 336 8
D 343 97 2 156 278 158 157
D 342 95 2 154 343 159 29
D 341 93 2 149 342 160 29
D 340 89 2 144 341 162 29
D 339 85 2 136 340 164 29
D 309 99 3 310 167 135 315 339 8
D 348 77 2 123 284 125 124
D 347 75 2 121 348 126 29
D 346 73 2 116 347 127 29
D 345 69 2 111 346 129 29
D 344 65 2 103 345 131 29
D 303 79 3 304 134 102 309 344 8
D 353 57 2 90 290 92 91
D 352 55 2 88 353 93 29
D 351 53 2 83 352 94 29
D 350 49 2 78 351 96 29
D 349 45 2 70 350 98 29
D 297 59 3 298 101 69 303 349 8
D 358 37 2 59 58 57 296
D 357 35 2 55 358 60 29
D 356 33 2 50 357 61 29
D 355 29 2 45 356 63 29
D 354 25 2 37 355 65 29
D 35 39 3 36 68 291 297 354 8
D 361 3 2 7 6 5 8
D 360 1 2 3 361 9 8
D 364 11 2 17 28 19 8
D 365 11 2 17 18 19 29
D 363 13 2 364 20 365 8
D 362 9 2 11 363 30 8
D 367 3 2 7 34 5 29
D 366 1 2 3 367 9 29
D 359 5 2 360 362 366 8
D 373 37 2 59 58 57 8
D 372 35 2 60 373 55 8
D 371 33 2 50 372 61 8
D 370 29 2 45 371 63 8
D 369 25 2 37 370 65 8
D 379 57 2 90 290 92 8
D 378 55 2 93 379 88 8
D 377 53 2 83 378 94 8
D 376 49 2 78 377 96 8
D 375 45 2 70 376 98 8
D 385 77 2 123 284 125 8
D 384 75 2 126 385 121 8
D 383 73 2 116 384 127 8
D 382 69 2 111 383 129 8
D 381 65 2 103 382 131 8
D 391 97 2 156 278 158 8
D 390 95 2 159 391 154 8
D 389 93 2 149 390 160 8
D 388 89 2 144 389 162 8
D 387 85 2 136 388 164 8
D 402 157 2 246 326 248 8
D 401 155 2 249 402 244 8
D 400 153 2 242 401 250 8
D 399 151 2 240 400 251 8
D 398 149 2 238 399 252 8
D 397 147 2 233 398 253 8
D 396 143 2 228 397 255 8
D 395 139 2 213 396 257 8
D 405 127 2 206 264 208 8
D 404 125 2 209 405 204 8
D 403 123 2 199 404 210 8
D 408 127 2 206 207 208 29
D 407 125 2 204 332 209 408
D 406 123 2 199 407 210 29
D 394 129 4 198 395 327 318 403 212 406 8
D 393 119 2 183 394 265 8
D 411 107 2 176 272 178 8
D 410 105 2 179 411 174 8
D 409 103 2 169 410 180 8
D 414 107 2 176 177 178 29
D 413 105 2 174 338 179 414
D 412 103 2 169 413 180 29
D 392 109 4 168 393 333 316 409 182 412 8
D 419 97 2 156 157 158 29
D 418 95 2 159 419 154 343
D 417 93 2 149 418 160 29
D 416 89 2 144 417 162 29
D 415 85 2 136 416 164 29
D 386 99 4 387 167 310 315 135 392 415 8
D 424 77 2 123 124 125 29
D 423 75 2 126 424 121 348
D 422 73 2 116 423 127 29
D 421 69 2 111 422 129 29
D 420 65 2 103 421 131 29
D 380 79 4 381 134 304 309 102 386 420 8
D 429 57 2 90 91 92 29
D 428 55 2 93 429 88 353
D 427 53 2 83 428 94 29
D 426 49 2 78 427 96 29
D 425 45 2 70 426 98 29
D 374 59 4 375 101 298 303 69 380 425 8
D 434 37 2 59 296 57 29
D 433 35 2 60 434 55 358
D 432 33 2 50 433 61 29
D 431 29 2 45 432 63 29
D 430 25 2 37 431 65 29
D 368 39 4 369 68 36 297 291 374 430 8
D 437 3 2 5 34 7 8
D 436 1 2 3 437 9 8
D 439 3 2 5 6 7 29
D 438 1 2 3 439 9 29
D 435 5 2 436 362 438 8
D 443 27 2 46 64 48 8
D 445 35 2 55 373 60 8
D 444 33 2 50 445 61 8
D 446 27 2 46 47 48 29
D 442 29 2 443 444 446 8
D 441 25 2 37 442 65 8
D 450 47 2 79 97 81 8
D 452 55 2 88 379 93 8
D 451 53 2 83 452 94 8
D 453 47 2 79 80 81 29
D 449 49 2 450 451 453 8
D 448 45 2 70 449 98 8
D 457 67 2 112 130 114 8
D 459 75 2 121 385 126 8
D 458 73 2 116 459 127 8
D 460 67 2 112 113 114 29
D 456 69 2 457 458 460 8
D 455 65 2 103 456 131 8
D 464 87 2 145 163 147 8
D 466 95 2 154 391 159 8
D 465 93 2 149 466 160 8
D 467 87 2 145 146 147 29
D 463 89 2 464 465 467 8
D 462 85 2 136 463 164 8
D 477 155 2 244 402 249 8
D 476 153 2 250 477 242 8
D 475 151 2 240 476 251 8
D 474 149 2 238 475 252 8
D 473 147 2 233 474 253 8
D 472 143 2 228 473 255 8
D 471 139 2 213 472 257 8
D 479 121 2 200 211 202 8
D 480 125 2 204 405 209 8
D 481 121 2 200 201 202 29
D 478 123 2 479 480 481 8
D 483 125 2 204 408 209 29
D 482 123 3 199 407 479 483 202 29
D 470 129 5 198 471 327 395 403 318 478 212 482 8
D 469 119 2 183 470 265 8
D 485 101 2 170 181 172 8
D 486 105 2 174 411 179 8
D 487 101 2 170 171 172 29
D 484 103 2 485 486 487 8
D 489 105 2 174 414 179 29
D 488 103 3 169 413 485 489 172 29
D 468 109 5 168 469 333 393 409 316 484 182 488 8
D 493 95 2 154 419 159 29
D 492 93 2 149 493 160 29
D 491 89 3 144 417 464 492 147 29
D 490 85 2 136 491 164 29
D 461 99 5 462 167 387 315 310 392 135 468 490 8
D 497 75 2 121 424 126 29
D 496 73 2 116 497 127 29
D 495 69 3 111 422 457 496 114 29
D 494 65 2 103 495 131 29
D 454 79 5 455 134 381 309 304 386 102 461 494 8
D 501 55 2 88 429 93 29
D 500 53 2 83 501 94 29
D 499 49 3 78 427 450 500 81 29
D 498 45 2 70 499 98 29
D 447 59 5 448 101 375 303 298 380 69 454 498 8
D 505 35 2 55 434 60 29
D 504 33 2 50 505 61 29
D 503 29 3 45 432 443 504 48 29
D 502 25 2 37 503 65 29
D 440 39 5 441 68 369 297 36 374 291 447 502 8
D 507 1 2 9 4 3 8
D 508 1 2 9 33 3 29
D 506 5 2 507 362 508 8
D 512 27 2 48 47 46 8
D 513 27 2 48 64 46 29
D 511 29 2 512 444 513 8
D 510 25 2 37 511 65 8
D 517 47 2 81 80 79 8
D 518 47 2 81 97 79 29
D 516 49 2 517 451 518 8
D 515 45 2 70 516 98 8
D 522 67 2 114 113 112 8
D 523 67 2 114 130 112 29
D 521 69 2 522 458 523 8
D 520 65 2 103 521 131 8
D 527 87 2 147 146 145 8
D 528 87 2 147 163 145 29
D 526 89 2 527 465 528 8
D 525 85 2 136 526 164 8
D 537 153 2 242 477 250 8
D 536 151 2 251 537 240 8
D 535 149 2 238 536 252 8
D 534 147 2 233 535 253 8
D 533 143 2 228 534 255 8
D 532 139 2 213 533 257 8
D 539 121 2 202 201 200 8
D 540 121 2 202 211 200 29
D 538 123 2 539 480 540 8
D 542 121 2 202 201 200 211
D 543 121 2 202 211 200 8
D 541 123 3 199 407 542 483 543 29
D 531 129 6 198 532 327 471 403 395 478 318 538 212 541 8
D 530 119 2 183 531 265 8
D 545 101 2 172 171 170 8
D 546 101 2 172 181 170 29
D 544 103 2 545 486 546 8
D 548 101 2 172 171 170 181
D 549 101 2 172 181 170 8
D 547 103 3 169 413 548 489 549 29
D 529 109 6 168 530 333 469 409 393 484 316 544 182 547 8
D 552 87 2 147 146 145 163
D 553 87 2 147 163 145 8
D 551 89 3 144 417 552 492 553 29
D 550 85 2 136 551 164 29
D 524 99 6 525 167 462 315 387 392 310 468 135 529 550 8
D 556 67 2 114 113 112 130
D 557 67 2 114 130 112 8
D 555 69 3 111 422 556 496 557 29
D 554 65 2 103 555 131 29
D 519 79 6 520 134 455 309 381 386 304 461 102 524 554 8
D 560 47 2 81 80 79 97
D 561 47 2 81 97 79 8
D 559 49 3 78 427 560 500 561 29
D 558 45 2 70 559 98 29
D 514 59 6 515 101 448 303 375 380 298 454 69 519 558 8
D 564 27 2 48 47 46 64
D 565 27 2 48 64 46 8
D 563 29 3 45 432 564 504 565 29
D 562 25 2 37 563 65 29
D 509 39 6 510 68 441 297 369 374 36 447 291 514 562 8
D 569 11 2 19 28 17 8
D 570 11 2 19 18 17 29
D 568 13 2 569 20 570 8
D 567 9 2 11 568 30 8
D 566 5 2 2 567 32 8
D 575 31 2 53 52 51 8
D 576 31 2 53 62 51 29
D 574 33 2 575 445 576 8
D 573 29 2 45 574 63 8
D 572 25 2 37 573 65 8
D 581 51 2 86 85 84 8
D 582 51 2 86 95 84 29
D 580 53 2 581 452 582 8
D 579 49 2 78 580 96 8
D 578 45 2 70 579 98 8
D 587 71 2 119 118 117 8
D 588 71 2 119 128 117 29
D 586 73 2 587 459 588 8
D 585 69 2 111 586 129 8
D 584 65 2 103 585 131 8
D 593 91 2 152 151 150 8
D 594 91 2 152 161 150 29
D 592 93 2 593 466 594 8
D 591 89 2 144 592 162 8
D 590 85 2 136 591 164 8
D 596 103 2 169 486 180 8
D 600 117 2 193 192 191 8
D 599 115 2 189 600 194 8
D 598 113 2 184 599 195 8
D 603 117 2 193 268 191 29
D 602 115 2 189 603 194 29
D 601 113 2 184 602 195 29
D 597 119 2 598 197 601 8
D 610 151 2 240 537 251 8
D 609 149 2 252 610 238 8
D 608 147 2 233 609 253 8
D 607 143 2 228 608 255 8
D 606 139 2 213 607 257 8
D 611 123 2 199 480 210 8
D 615 137 2 221 260 223 8
D 614 135 2 219 615 224 8
D 613 133 2 214 614 225 8
D 618 137 2 221 222 223 29
D 617 135 2 219 618 224 29
D 616 133 2 214 617 225 29
D 612 139 2 613 227 616 8
D 621 127 2 208 207 206 8
D 620 125 2 204 621 209 408
D 619 123 3 199 620 542 483 543 29
D 605 129 7 198 606 611 612 327 532 403 471 478 395 538 318 619 8
D 604 119 2 183 605 265 8
D 624 107 2 178 177 176 8
D 623 105 2 174 624 179 414
D 622 103 3 169 623 548 489 549 29
D 595 109 7 596 597 168 604 333 530 409 469 484 393 544 316 622 8
D 627 93 3 593 493 149 418 161 29
D 626 89 3 144 627 552 492 553 29
D 625 85 2 136 626 164 29
D 589 99 7 590 167 525 315 462 392 387 468 310 529 135 595 625 8
D 630 73 3 587 497 116 423 128 29
D 629 69 3 111 630 556 496 557 29
D 628 65 2 103 629 131 29
D 583 79 7 584 134 520 309 455 386 381 461 304 524 102 589 628 8
D 633 53 3 581 501 83 428 95 29
D 632 49 3 78 633 560 500 561 29
D 631 45 2 70 632 98 29
D 577 59 7 578 101 515 303 448 380 375 454 298 519 69 583 631 8
D 636 33 3 575 505 50 433 62 29
D 635 29 3 45 636 564 504 565 29
D 634 25 2 37 635 65 29
D 571 39 7 572 68 510 297 441 374 369 447 36 514 291 577 634 8
D 639 7 2 14 13 12 8
D 640 7 2 14 31 12 29
D 638 9 2 639 363 640 8
D 637 5 2 2 638 32 8
D 643 21 2 43 39 38 8
D 644 29 2 45 444 63 8
D 645 21 2 43 66 38 29
D 642 25 2 643 644 645 8
D 648 41 2 76 72 71 8
D 649 49 2 78 451 96 8
D 650 41 2 76 99 71 29
D 647 45 2 648 649 650 8
D 653 61 2 109 105 104 8
D 654 69 2 111 458 129 8
D 655 61 2 109 132 104 29
D 652 65 2 653 654 655 8
D 659 83 2 139 166 141 8
D 658 81 2 137 659 142 8
D 660 89 2 144 465 162 8
D 662 83 2 139 140 141 29
D 661 81 2 137 662 142 29
D 657 85 2 658 660 661 8
D 666 111 2 185 196 187 8
D 667 111 2 185 186 187 29
D 665 113 2 666 188 667 8
D 668 113 3 184 602 666 266 187 29
D 664 119 3 598 317 665 197 668 8
D 674 145 2 234 254 236 8
D 675 149 2 238 610 252 8
D 676 145 2 234 235 236 29
D 673 147 2 674 675 676 8
D 672 143 2 228 673 255 8
D 671 139 2 213 672 257 8
D 680 137 2 223 222 221 8
D 679 135 2 219 680 224 8
D 678 133 2 214 679 225 8
D 683 137 2 221 222 223 260
D 682 135 2 219 683 224 29
D 681 133 2 214 682 225 29
D 677 139 3 678 227 613 319 681 8
D 670 129 7 198 671 611 677 327 606 403 532 478 471 538 395 619 8
D 669 119 2 183 670 265 8
D 663 109 7 596 664 168 669 333 604 409 530 484 469 544 393 622 8
D 685 89 2 144 492 162 29
D 686 81 2 137 141 142 29
D 684 85 3 136 626 658 685 686 29
D 656 99 8 657 167 590 315 525 392 462 468 387 529 310 595 135 663 684 8
D 688 69 2 111 496 129 29
D 687 65 3 103 629 653 688 132 29
D 651 79 8 652 134 584 309 520 386 455 461 381 524 304 589 102 656 687 8
D 690 49 2 78 500 96 29
D 689 45 3 70 632 648 690 99 29
D 646 59 8 647 101 578 303 515 380 448 454 375 519 298 583 69 651 689 8
D 692 29 2 45 504 63 29
D 691 25 3 37 635 643 692 66 29
D 641 39 8 642 68 572 297 510 374 441 447 369 514 36 577 291 646 691 8
D 695 7 2 12 31 14 8
D 696 7 2 12 13 14 29
D 694 9 2 695 363 696 8
D 693 5 2 2 694 32 8
D 700 23 2 40 67 42 8
D 699 21 2 38 700 43 8
D 702 23 2 40 41 42 29
D 701 21 2 38 702 43 29
D 698 25 2 699 644 701 8
D 706 43 2 73 100 75 8
D 705 41 2 71 706 76 8
D 708 43 2 73 74 75 29
D 707 41 2 71 708 76 29
D 704 45 2 705 649 707 8
D 712 63 2 106 133 108 8
D 711 61 2 104 712 109 8
D 714 63 2 106 107 108 29
D 713 61 2 104 714 109 29
D 710 65 2 711 654 713 8
D 718 83 2 141 140 139 8
D 717 81 2 137 718 142 8
D 720 83 2 141 166 139 29
D 719 81 2 137 720 142 29
D 716 85 2 717 660 719 8
D 724 111 2 187 186 185 8
D 725 111 2 187 196 185 29
D 723 113 2 724 188 725 8
D 727 111 2 187 186 185 196
D 728 111 2 187 196 185 8
D 726 113 3 184 602 727 266 728 29
D 722 119 4 665 317 598 394 723 197 726 8
D 734 145 2 236 235 234 8
D 735 145 2 236 254 234 29
D 733 147 2 734 675 735 8
D 732 143 2 228 733 255 8
D 731 139 2 213 732 257 8
D 738 131 2 217 216 215 8
D 739 131 2 217 226 215 29
D 737 133 2 738 218 739 8
D 740 133 3 214 682 738 258 226 29
D 736 139 4 737 227 678 319 613 396 740 8
D 730 129 7 198 731 611 736 327 671 403 606 478 532 538 471 619 8
D 729 119 2 183 730 265 8
D 721 109 7 596 722 168 729 333 669 409 604 484 530 544 469 622 8
D 743 83 2 141 140 139 166
D 742 81 2 137 743 142 8
D 745 83 2 141 166 139 8
D 744 81 2 137 745 142 29
D 741 85 3 136 626 742 685 744 29
D 715 99 9 716 167 657 315 590 392 525 468 462 529 387 595 310 663 135 721 741 8
D 747 61 2 104 712 109 105
D 748 61 2 109 132 104 108
D 746 65 3 103 629 747 688 748 29
D 709 79 9 710 134 652 309 584 386 520 461 455 524 381 589 304 656 102 715 746 8
D 750 41 2 71 706 76 72
D 751 41 2 76 99 71 75
D 749 45 3 70 632 750 690 751 29
D 703 59 9 704 101 647 303 578 380 515 454 448 519 375 583 298 651 69 709 749 8
D 753 21 2 38 700 43 39
D 754 21 2 43 66 38 42
D 752 25 3 37 635 753 692 754 29
D 697 39 9 698 68 642 297 572 374 510 447 441 514 369 577 36 646 291 703 752 8
D 758 15 2 26 22 21 8
D 757 13 2 364 758 365 8
D 756 9 2 11 757 30 8
D 755 5 2 2 756 32 8
D 762 23 2 42 41 40 8
D 761 21 2 38 762 43 8
D 764 23 2 42 67 40 29
D 763 21 2 38 764 43 29
D 760 25 2 761 644 763 8
D 768 43 2 75 74 73 8
D 767 41 2 71 768 76 8
D 770 43 2 75 100 73 29
D 769 41 2 71 770 76 29
D 766 45 2 767 649 769 8
D 774 63 2 108 107 106 8
D 773 61 2 104 774 109 8
D 776 63 2 108 133 106 29
D 775 61 2 104 776 109 29
D 772 65 2 773 654 775 8
D 779 81 2 142 138 137 8
D 780 81 2 142 165 137 29
D 778 85 2 779 660 780 8
D 784 115 2 194 190 189 8
D 783 113 2 184 784 195 8
D 786 115 2 189 603 194 267
D 785 113 3 184 786 727 266 728 29
D 782 119 5 598 470 723 317 665 394 783 197 785 8
D 791 131 2 215 226 217 8
D 792 131 2 215 216 217 29
D 790 133 2 791 218 792 8
D 794 131 2 217 216 215 226
D 795 131 2 217 226 215 8
D 793 133 3 214 682 794 258 795 29
D 789 139 5 790 227 737 319 678 396 613 472 793 8
D 798 141 2 229 256 231 8
D 799 147 2 233 675 253 8
D 800 141 2 229 230 231 29
D 797 143 2 798 799 800 8
D 796 139 2 213 797 257 8
D 788 129 7 611 789 327 731 198 796 403 671 478 606 538 532 619 8
D 787 119 2 183 788 265 8
D 781 109 7 596 782 168 787 333 729 409 669 484 604 544 530 622 8
D 802 81 2 137 743 142 138
D 803 81 2 137 745 142 165
D 801 85 3 136 626 802 685 803 29
D 777 99 10 778 167 716 315 657 392 590 468 525 529 462 595 387 663 310 721 135 781 801 8
D 806 63 2 108 107 106 133
D 805 61 2 104 806 109 105
D 808 63 2 108 133 106 8
D 807 61 2 104 808 109 132
D 804 65 3 103 629 805 688 807 29
D 771 79 10 772 134 710 309 652 386 584 461 520 524 455 589 381 656 304 715 102 777 804 8
D 811 43 2 75 74 73 100
D 810 41 2 71 811 76 72
D 813 43 2 75 100 73 8
D 812 41 2 71 813 76 99
D 809 45 3 70 632 810 690 812 29
D 765 59 10 766 101 704 303 647 380 578 454 515 519 448 583 375 651 298 709 69 771 809 8
D 816 23 2 42 41 40 67
D 815 21 2 38 816 43 39
D 818 23 2 42 67 40 8
D 817 21 2 38 818 43 66
D 814 25 3 37 635 815 692 817 29
D 759 39 10 760 68 698 297 642 374 572 447 510 514 441 577 369 646 36 703 291 765 814 8
D 823 17 2 25 24 23 8
D 822 15 2 21 823 26 8
D 821 13 2 364 822 365 8
D 820 9 2 11 821 30 8
D 819 5 2 2 820 32 8
D 828 31 2 51 62 53 8
D 829 31 2 51 52 53 29
D 827 33 2 828 445 829 8
D 826 29 2 45 827 63 8
D 825 25 2 37 826 65 8
D 834 51 2 84 95 86 8
D 835 51 2 84 85 86 29
D 833 53 2 834 452 835 8
D 832 49 2 78 833 96 8
D 831 45 2 70 832 98 8
D 840 71 2 117 128 119 8
D 841 71 2 117 118 119 29
D 839 73 2 840 459 841 8
D 838 69 2 111 839 129 8
D 837 65 2 103 838 131 8
D 846 91 2 150 161 152 8
D 847 91 2 150 151 152 29
D 845 93 2 846 466 847 8
D 844 89 2 144 845 162 8
D 843 85 2 136 844 164 8
D 852 117 2 191 268 193 8
D 851 115 2 189 852 194 8
D 850 113 2 184 851 195 8
D 855 117 2 191 192 193 268
D 854 115 2 189 855 194 267
D 853 113 3 184 854 727 266 728 29
D 849 119 6 598 531 665 470 783 317 723 394 850 197 853 8
D 860 135 2 224 220 219 8
D 859 133 2 214 860 225 8
D 862 135 2 219 683 224 259
D 861 133 3 214 862 794 258 795 29
D 858 139 6 859 227 790 319 737 396 613 533 678 472 861 8
D 865 141 2 231 230 229 8
D 866 141 2 231 256 229 29
D 864 143 2 865 799 866 8
D 863 139 2 213 864 257 8
D 857 129 7 611 858 403 731 327 796 478 671 198 863 538 606 619 8
D 856 119 2 183 857 265 8
D 848 109 7 596 849 168 856 333 787 409 729 484 669 544 604 622 8
D 870 91 2 152 151 150 161
D 871 91 2 152 161 150 8
D 869 93 3 870 493 149 418 871 29
D 868 89 3 552 492 144 869 553 29
D 867 85 3 802 685 136 868 803 29
D 842 99 11 843 167 778 315 716 392 657 468 590 529 525 595 462 663 387 721 310 781 135 848 867 8
D 875 71 2 119 118 117 128
D 876 71 2 119 128 117 8
D 874 73 3 875 497 116 423 876 29
D 873 69 3 556 496 111 874 557 29
D 872 65 3 805 688 103 873 807 29
D 836 79 11 837 134 772 309 710 386 652 461 584 524 520 589 455 656 381 715 304 777 102 842 872 8
D 880 51 2 86 85 84 95
D 881 51 2 86 95 84 8
D 879 53 3 880 501 83 428 881 29
D 878 49 3 560 500 78 879 561 29
D 877 45 3 810 690 70 878 812 29
D 830 59 11 831 101 766 303 704 380 647 454 578 519 515 583 448 651 375 709 298 771 69 836 877 8
D 885 31 2 53 52 51 62
D 886 31 2 53 62 51 8
D 884 33 3 885 505 50 433 886 29
D 883 29 3 564 504 45 884 565 29
D 882 25 3 815 692 37 883 817 29
D 824 39 11 825 68 760 297 698 374 642 447 572 514 510 577 441 646 369 703 36 765 291 830 882 8
L 892 18 10
D 891 17 2 23 892 25 8
D 890 15 2 21 891 26 8
D 889 13 2 364 890 365 8
D 888 9 2 11 889 30 8
D 887 5 2 2 888 32 8
D 898 119 6 598 605 665 531 723 470 850 317 783 394 853 8
D 901 139 6 859 319 790 396 613 607 678 533 737 472 861 8
D 903 125 2 209 408 204 207
D 902 123 3 199 903 542 483 543 29
D 900 129 6 611 901 478 731 403 796 538 671 327 863 902 8
D 899 119 2 183 900 265 8
D 897 109 7 596 898 333 856 168 899 409 787 484 729 544 669 622 8
D 896 99 11 843 315 778 392 716 468 657 529 590 595 525 663 462 721 387 781 310 848 135 897 867 8
D 895 79 11 837 309 772 386 710 461 652 524 584 589 520 656 455 715 381 777 304 842 102 896 872 8
D 894 59 11 831 303 766 380 704 454 647 519 578 583 515 651 448 709 375 771 298 836 69 895 877 8
D 893 39 11 825 297 760 374 698 447 642 514 572 577 510 646 441 703 369 765 36 830 291 894 882 8
D 908 17 2 23 24 25 892
D 909 17 2 23 892 25 29
D 907 15 2 21 908 26 909
D 910 11 2 19 28 17 18
D 911 15 2 21 909 26 29
D 912 11 2 19 18 17 8
D 906 13 3 364 907 910 911 912 29
D 913 7 2 14 13 12 31
D 914 13 2 364 911 365 29
D 915 7 2 14 31 12 8
D 905 9 3 11 906 913 914 915 29
D 917 3 2 7 6 5 34
D 916 1 2 3 917 9 4
D 918 9 2 11 914 30 29
D 920 3 2 7 34 5 8
D 919 1 2 3 920 9 33
D 904 5 3 2 905 916 918 919 29
D 0 19 11 1 35 359 368 435 440 506 509 566 571 637 641 693 697 755 759 819 824 887 893 904 8
