c ids of sdd nodes start at 0
c sdd nodes appear bottom-up, children before parents
c
c file syntax:
c sdd count-of-sdd-nodes
c F id-of-false-sdd-node
c T id-of-true-sdd-node
c L id-of-literal-sdd-node id-of-vtree literal
c D id-of-decomposition-sdd-node id-of-vtree number-of-elements {id-of-prime id-of-sub}*
c
sdd 916
L 3 0 -4
L 5 2 -2
L 6 4 -3
L 7 2 2
F 8
D 4 3 2 5 6 7 8
L 9 0 4
D 2 1 2 3 4 9 8
L 12 6 -6
L 13 8 -7
L 14 6 6
D 11 7 2 12 13 14 8
L 17 10 -5
L 18 12 1
L 19 10 5
D 16 11 2 17 18 19 8
L 21 14 -8
L 23 16 -9
L 24 18 -10
L 25 16 9
D 22 17 2 23 24 25 8
L 26 14 8
D 20 15 2 21 22 26 8
L 28 12 -1
T 29
D 27 11 2 17 28 19 29
D 15 13 2 16 20 27 8
L 31 8 7
D 30 7 2 12 31 14 29
D 10 9 2 11 15 30 8
L 34 4 3
D 33 3 2 5 34 7 29
D 32 1 2 3 33 9 29
D 1 5 2 2 10 32 8
L 38 20 -14
L 40 22 -12
L 41 24 -13
L 42 22 12
D 39 23 2 40 41 42 8
L 43 20 14
D 37 21 2 38 39 43 8
L 46 26 -16
L 47 28 -17
L 48 26 16
D 45 27 2 46 47 48 8
L 51 30 -15
L 52 32 -11
L 53 30 15
D 50 31 2 51 52 53 8
L 55 34 -18
L 57 36 -19
L 58 38 20
L 59 36 19
D 56 37 2 57 58 59 8
L 60 34 18
D 54 35 2 55 56 60 8
L 62 32 11
D 61 31 2 51 62 53 29
D 49 33 2 50 54 61 8
L 64 28 17
D 63 27 2 46 64 48 29
D 44 29 2 45 49 63 8
L 67 24 13
D 66 23 2 40 67 42 29
D 65 21 2 38 66 43 29
D 36 25 2 37 44 65 8
L 71 40 -24
L 73 42 -22
L 74 44 -23
L 75 42 22
D 72 43 2 73 74 75 8
L 76 40 24
D 70 41 2 71 72 76 8
L 79 46 -26
L 80 48 -27
L 81 46 26
D 78 47 2 79 80 81 8
L 84 50 -25
L 85 52 -21
L 86 50 25
D 83 51 2 84 85 86 8
L 88 54 -28
L 90 56 -29
L 91 58 30
L 92 56 29
D 89 57 2 90 91 92 8
L 93 54 28
D 87 55 2 88 89 93 8
L 95 52 21
D 94 51 2 84 95 86 29
D 82 53 2 83 87 94 8
L 97 48 27
D 96 47 2 79 97 81 29
D 77 49 2 78 82 96 8
L 100 44 23
D 99 43 2 73 100 75 29
D 98 41 2 71 99 76 29
D 69 45 2 70 77 98 8
L 104 60 -34
L 106 62 -32
L 107 64 -33
L 108 62 32
D 105 63 2 106 107 108 8
L 109 60 34
D 103 61 2 104 105 109 8
L 112 66 -36
L 113 68 -37
L 114 66 36
D 111 67 2 112 113 114 8
L 117 70 -35
L 118 72 -31
L 119 70 35
D 116 71 2 117 118 119 8
L 121 74 -38
L 123 76 -39
L 124 78 40
L 125 76 39
D 122 77 2 123 124 125 8
L 126 74 38
D 120 75 2 121 122 126 8
L 128 72 31
D 127 71 2 117 128 119 29
D 115 73 2 116 120 127 8
L 130 68 37
D 129 67 2 112 130 114 29
D 110 69 2 111 115 129 8
L 133 64 33
D 132 63 2 106 133 108 29
D 131 61 2 104 132 109 29
D 102 65 2 103 110 131 8
L 137 80 -42
L 139 82 -43
L 140 84 -44
L 141 82 43
D 138 83 2 139 140 141 8
L 142 80 42
D 136 81 2 137 138 142 8
L 145 86 -46
L 146 88 -47
L 147 86 46
D 144 87 2 145 146 147 8
L 150 90 -45
L 151 92 -41
L 152 90 45
D 149 91 2 150 151 152 8
L 154 94 -48
L 156 96 -49
L 157 98 50
L 158 96 49
D 155 97 2 156 157 158 8
L 159 94 48
D 153 95 2 154 155 159 8
L 161 92 41
D 160 91 2 150 161 152 29
D 148 93 2 149 153 160 8
L 163 88 47
D 162 87 2 145 163 147 29
D 143 89 2 144 148 162 8
L 166 84 44
D 165 83 2 139 166 141 29
D 164 81 2 137 165 142 29
D 135 85 2 136 143 164 8
L 170 100 -56
L 171 102 -57
L 172 100 56
D 169 101 2 170 171 172 8
L 174 104 -58
L 176 106 -59
L 177 108 60
L 178 106 59
D 175 107 2 176 177 178 8
L 179 104 58
D 173 105 2 174 175 179 8
L 181 102 57
D 180 101 2 170 181 172 29
D 168 103 2 169 173 180 8
L 185 110 -53
L 186 112 -54
L 187 110 53
D 184 111 2 185 186 187 8
L 189 114 -52
L 191 116 -55
L 192 118 -51
L 193 116 55
D 190 117 2 191 192 193 8
L 194 114 52
D 188 115 2 189 190 194 8
L 196 112 54
D 195 111 2 185 196 187 29
D 183 113 2 184 188 195 8
L 200 120 -76
L 201 122 -77
L 202 120 76
D 199 121 2 200 201 202 8
L 204 124 -78
L 206 126 -79
L 207 128 80
L 208 126 79
D 205 127 2 206 207 208 8
L 209 124 78
D 203 125 2 204 205 209 8
L 211 122 77
D 210 121 2 200 211 202 29
D 198 123 2 199 203 210 8
L 215 130 -73
L 216 132 -72
L 217 130 73
D 214 131 2 215 216 217 8
L 219 134 -71
L 221 136 -74
L 222 138 -75
L 223 136 74
D 220 137 2 221 222 223 8
L 224 134 71
D 218 135 2 219 220 224 8
L 226 132 72
D 225 131 2 215 226 217 29
D 213 133 2 214 218 225 8
L 229 140 -61
L 230 142 -62
L 231 140 61
D 228 141 2 229 230 231 8
L 234 144 -63
L 235 146 -64
L 236 144 63
D 233 145 2 234 235 236 8
L 238 148 -65
L 240 150 -66
L 242 152 -67
L 244 154 -68
L 246 156 -69
L 247 158 70
L 248 156 69
D 245 157 2 246 247 248 8
L 249 154 68
D 243 155 2 244 245 249 8
L 250 152 67
D 241 153 2 242 243 250 8
L 251 150 66
D 239 151 2 240 241 251 8
L 252 148 65
D 237 149 2 238 239 252 8
L 254 146 64
D 253 145 2 234 254 236 29
D 232 147 2 233 237 253 8
L 256 142 62
D 255 141 2 229 256 231 29
D 227 143 2 228 232 255 8
L 260 138 75
D 259 137 2 221 260 223 29
D 258 135 2 219 259 224 29
D 257 133 2 214 258 225 29
D 212 139 2 213 227 257 8
L 264 128 -80
D 263 127 2 206 264 208 29
D 262 125 2 204 263 209 29
D 261 123 2 199 262 210 29
D 197 129 2 198 212 261 8
L 268 118 51
D 267 117 2 191 268 193 29
D 266 115 2 189 267 194 29
D 265 113 2 184 266 195 29
D 182 119 2 183 197 265 8
L 272 108 -60
D 271 107 2 176 272 178 29
D 270 105 2 174 271 179 29
D 269 103 2 169 270 180 29
D 167 109 2 168 182 269 8
L 278 98 -50
D 277 97 2 156 278 158 29
D 276 95 2 154 277 159 29
D 275 93 2 149 276 160 29
D 274 89 2 144 275 162 29
D 273 85 2 136 274 164 29
D 134 99 2 135 167 273 8
L 284 78 -40
D 283 77 2 123 284 125 29
D 282 75 2 121 283 126 29
D 281 73 2 116 282 127 29
D 280 69 2 111 281 129 29
D 279 65 2 103 280 131 29
D 101 79 2 102 134 279 8
L 290 58 -30
D 289 57 2 90 290 92 29
D 288 55 2 88 289 93 29
D 287 53 2 83 288 94 29
D 286 49 2 78 287 96 29
D 285 45 2 70 286 98 29
D 68 59 2 69 101 285 8
L 296 38 -20
D 295 37 2 57 296 59 29
D 294 35 2 55 295 60 29
D 293 33 2 50 294 61 29
D 292 29 2 45 293 63 29
D 291 25 2 37 292 65 29
D 35 39 2 36 68 291 8
D 299 3 2 7 6 5 8
D 298 1 2 3 299 9 8
D 302 11 2 17 28 19 8
D 303 11 2 17 18 19 29
D 301 13 2 302 20 303 8
D 300 9 2 11 301 30 8
D 305 3 2 7 34 5 29
D 304 1 2 3 305 9 29
D 297 5 2 298 300 304 8
D 311 37 2 59 296 57 8
D 310 35 2 55 311 60 8
D 309 33 2 50 310 61 8
D 308 29 2 45 309 63 8
D 307 25 2 37 308 65 8
D 317 57 2 92 290 90 8
D 316 55 2 88 317 93 8
D 315 53 2 83 316 94 8
D 314 49 2 78 315 96 8
D 313 45 2 70 314 98 8
D 323 77 2 125 284 123 8
D 322 75 2 121 323 126 8
D 321 73 2 116 322 127 8
D 320 69 2 111 321 129 8
D 319 65 2 103 320 131 8
D 329 97 2 158 278 156 8
D 328 95 2 154 329 159 8
D 327 93 2 149 328 160 8
D 326 89 2 144 327 162 8
D 325 85 2 136 326 164 8
L 341 158 -70
D 340 157 2 248 341 246 8
D 339 155 2 244 340 249 8
D 338 153 2 242 339 250 8
D 337 151 2 240 338 251 8
D 336 149 2 238 337 252 8
D 335 147 2 233 336 253 8
D 334 143 2 228 335 255 8
D 333 139 2 213 334 257 8
D 344 127 2 208 264 206 8
D 343 125 2 204 344 209 8
D 342 123 2 199 343 210 8
D 347 127 2 206 264 208 207
D 346 125 2 204 347 209 29
D 345 123 2 199 346 210 29
D 332 129 3 198 333 342 212 345 8
D 331 119 2 183 332 265 8
D 350 107 2 178 272 176 8
D 349 105 2 174 350 179 8
D 348 103 2 169 349 180 8
D 353 107 2 176 272 178 177
D 352 105 2 174 353 179 29
D 351 103 2 169 352 180 29
D 330 109 3 168 331 348 182 351 8
D 358 97 2 156 278 158 157
D 357 95 2 154 358 159 29
D 356 93 2 149 357 160 29
D 355 89 2 144 356 162 29
D 354 85 2 136 355 164 29
D 324 99 3 325 167 135 330 354 8
D 363 77 2 123 284 125 124
D 362 75 2 121 363 126 29
D 361 73 2 116 362 127 29
D 360 69 2 111 361 129 29
D 359 65 2 103 360 131 29
D 318 79 3 319 134 102 324 359 8
D 368 57 2 90 290 92 91
D 367 55 2 88 368 93 29
D 366 53 2 83 367 94 29
D 365 49 2 78 366 96 29
D 364 45 2 70 365 98 29
D 312 59 3 313 101 69 318 364 8
D 373 37 2 57 296 59 58
D 372 35 2 55 373 60 29
D 371 33 2 50 372 61 29
D 370 29 2 45 371 63 29
D 369 25 2 37 370 65 29
D 306 39 3 307 68 36 312 369 8
D 376 3 2 5 34 7 8
D 375 1 2 3 376 9 8
D 378 3 2 5 6 7 29
D 377 1 2 3 378 9 29
D 374 5 2 375 300 377 8
D 384 37 2 57 296 59 8
D 383 35 2 60 384 55 8
D 382 33 2 50 383 61 8
D 381 29 2 45 382 63 8
D 380 25 2 37 381 65 8
D 390 57 2 90 290 92 8
D 389 55 2 93 390 88 8
D 388 53 2 83 389 94 8
D 387 49 2 78 388 96 8
D 386 45 2 70 387 98 8
D 396 77 2 123 284 125 8
D 395 75 2 126 396 121 8
D 394 73 2 116 395 127 8
D 393 69 2 111 394 129 8
D 392 65 2 103 393 131 8
D 402 97 2 156 278 158 8
D 401 95 2 159 402 154 8
D 400 93 2 149 401 160 8
D 399 89 2 144 400 162 8
D 398 85 2 136 399 164 8
D 413 157 2 246 341 248 8
D 412 155 2 249 413 244 8
D 411 153 2 242 412 250 8
D 410 151 2 240 411 251 8
D 409 149 2 238 410 252 8
D 408 147 2 233 409 253 8
D 407 143 2 228 408 255 8
D 406 139 2 213 407 257 8
D 416 127 2 206 264 208 8
D 415 125 2 209 416 204 8
D 414 123 2 199 415 210 8
D 419 127 2 206 207 208 29
D 418 125 2 204 347 209 419
D 417 123 2 199 418 210 29
D 405 129 4 198 406 342 333 414 212 417 8
D 404 119 2 183 405 265 8
D 422 107 2 176 272 178 8
D 421 105 2 179 422 174 8
D 420 103 2 169 421 180 8
D 425 107 2 176 177 178 29
D 424 105 2 174 353 179 425
D 423 103 2 169 424 180 29
D 403 109 4 168 404 348 331 420 182 423 8
D 430 97 2 156 157 158 29
D 429 95 2 159 430 154 358
D 428 93 2 149 429 160 29
D 427 89 2 144 428 162 29
D 426 85 2 136 427 164 29
D 397 99 4 398 167 325 330 135 403 426 8
D 435 77 2 123 124 125 29
D 434 75 2 126 435 121 363
D 433 73 2 116 434 127 29
D 432 69 2 111 433 129 29
D 431 65 2 103 432 131 29
D 391 79 4 392 134 319 324 102 397 431 8
D 440 57 2 90 91 92 29
D 439 55 2 93 440 88 368
D 438 53 2 83 439 94 29
D 437 49 2 78 438 96 29
D 436 45 2 70 437 98 29
D 385 59 4 386 101 313 318 69 391 436 8
D 445 37 2 57 58 59 29
D 444 35 2 60 445 55 373
D 443 33 2 50 444 61 29
D 442 29 2 45 443 63 29
D 441 25 2 37 442 65 29
D 379 39 4 380 68 307 312 36 385 441 8
D 447 1 2 9 4 3 8
D 448 1 2 9 33 3 29
D 446 5 2 447 300 448 8
D 452 27 2 46 64 48 8
D 454 35 2 55 384 60 8
D 453 33 2 50 454 61 8
D 455 27 2 46 47 48 29
D 451 29 2 452 453 455 8
D 450 25 2 37 451 65 8
D 459 47 2 79 97 81 8
D 461 55 2 88 390 93 8
D 460 53 2 83 461 94 8
D 462 47 2 79 80 81 29
D 458 49 2 459 460 462 8
D 457 45 2 70 458 98 8
D 466 67 2 112 130 114 8
D 468 75 2 121 396 126 8
D 467 73 2 116 468 127 8
D 469 67 2 112 113 114 29
D 465 69 2 466 467 469 8
D 464 65 2 103 465 131 8
D 473 87 2 145 163 147 8
D 475 95 2 154 402 159 8
D 474 93 2 149 475 160 8
D 476 87 2 145 146 147 29
D 472 89 2 473 474 476 8
D 471 85 2 136 472 164 8
D 486 155 2 244 413 249 8
D 485 153 2 250 486 242 8
D 484 151 2 240 485 251 8
D 483 149 2 238 484 252 8
D 482 147 2 233 483 253 8
D 481 143 2 228 482 255 8
D 480 139 2 213 481 257 8
D 488 121 2 200 211 202 8
D 489 125 2 204 416 209 8
D 490 121 2 200 201 202 29
D 487 123 2 488 489 490 8
D 492 125 2 204 419 209 29
D 491 123 3 199 418 488 492 202 29
D 479 129 5 198 480 342 406 414 333 487 212 491 8
D 478 119 2 183 479 265 8
D 494 101 2 170 181 172 8
D 495 105 2 174 422 179 8
D 496 101 2 170 171 172 29
D 493 103 2 494 495 496 8
D 498 105 2 174 425 179 29
D 497 103 3 169 424 494 498 172 29
D 477 109 5 168 478 348 404 420 331 493 182 497 8
D 502 95 2 154 430 159 29
D 501 93 2 149 502 160 29
D 500 89 3 144 428 473 501 147 29
D 499 85 2 136 500 164 29
D 470 99 5 471 167 398 330 325 403 135 477 499 8
D 506 75 2 121 435 126 29
D 505 73 2 116 506 127 29
D 504 69 3 111 433 466 505 114 29
D 503 65 2 103 504 131 29
D 463 79 5 464 134 392 324 319 397 102 470 503 8
D 510 55 2 88 440 93 29
D 509 53 2 83 510 94 29
D 508 49 3 78 438 459 509 81 29
D 507 45 2 70 508 98 29
D 456 59 5 457 101 386 318 313 391 69 463 507 8
D 514 35 2 55 445 60 29
D 513 33 2 50 514 61 29
D 512 29 3 45 443 452 513 48 29
D 511 25 2 37 512 65 29
D 449 39 5 450 68 380 312 307 385 36 456 511 8
D 518 11 2 19 28 17 8
D 519 11 2 19 18 17 29
D 517 13 2 518 20 519 8
D 516 9 2 11 517 30 8
D 515 5 2 2 516 32 8
D 523 27 2 48 47 46 8
D 524 27 2 48 64 46 29
D 522 29 2 523 453 524 8
D 521 25 2 37 522 65 8
D 528 47 2 81 80 79 8
D 529 47 2 81 97 79 29
D 527 49 2 528 460 529 8
D 526 45 2 70 527 98 8
D 533 67 2 114 113 112 8
D 534 67 2 114 130 112 29
D 532 69 2 533 467 534 8
D 531 65 2 103 532 131 8
D 538 87 2 147 146 145 8
D 539 87 2 147 163 145 29
D 537 89 2 538 474 539 8
D 536 85 2 136 537 164 8
D 548 153 2 242 486 250 8
D 547 151 2 251 548 240 8
D 546 149 2 238 547 252 8
D 545 147 2 233 546 253 8
D 544 143 2 228 545 255 8
D 543 139 2 213 544 257 8
D 550 121 2 202 201 200 8
D 551 121 2 202 211 200 29
D 549 123 2 550 489 551 8
D 553 121 2 202 201 200 211
D 554 121 2 202 211 200 8
D 552 123 3 199 418 553 492 554 29
D 542 129 6 198 543 342 480 414 406 487 333 549 212 552 8
D 541 119 2 183 542 265 8
D 556 101 2 172 171 170 8
D 557 101 2 172 181 170 29
D 555 103 2 556 495 557 8
D 559 101 2 172 171 170 181
D 560 101 2 172 181 170 8
D 558 103 3 169 424 559 498 560 29
D 540 109 6 168 541 348 478 420 404 493 331 555 182 558 8
D 563 87 2 147 146 145 163
D 564 87 2 147 163 145 8
D 562 89 3 144 428 563 501 564 29
D 561 85 2 136 562 164 29
D 535 99 6 536 167 471 330 398 403 325 477 135 540 561 8
D 567 67 2 114 113 112 130
D 568 67 2 114 130 112 8
D 566 69 3 111 433 567 505 568 29
D 565 65 2 103 566 131 29
D 530 79 6 531 134 464 324 392 397 319 470 102 535 565 8
D 571 47 2 81 80 79 97
D 572 47 2 81 97 79 8
D 570 49 3 78 438 571 509 572 29
D 569 45 2 70 570 98 29
D 525 59 6 526 101 457 318 386 391 313 463 69 530 569 8
D 575 27 2 48 47 46 64
D 576 27 2 48 64 46 8
D 574 29 3 45 443 575 513 576 29
D 573 25 2 37 574 65 29
D 520 39 6 521 68 450 312 380 385 307 456 36 525 573 8
D 579 7 2 14 13 12 8
D 580 7 2 14 31 12 29
D 578 9 2 579 301 580 8
D 577 5 2 2 578 32 8
D 585 31 2 53 52 51 8
D 586 31 2 53 62 51 29
D 584 33 2 585 454 586 8
D 583 29 2 45 584 63 8
D 582 25 2 37 583 65 8
D 591 51 2 86 85 84 8
D 592 51 2 86 95 84 29
D 590 53 2 591 461 592 8
D 589 49 2 78 590 96 8
D 588 45 2 70 589 98 8
D 597 71 2 119 118 117 8
D 598 71 2 119 128 117 29
D 596 73 2 597 468 598 8
D 595 69 2 111 596 129 8
D 594 65 2 103 595 131 8
D 603 91 2 152 151 150 8
D 604 91 2 152 161 150 29
D 602 93 2 603 475 604 8
D 601 89 2 144 602 162 8
D 600 85 2 136 601 164 8
D 606 103 2 169 495 180 8
D 610 117 2 193 192 191 8
D 609 115 2 189 610 194 8
D 608 113 2 184 609 195 8
D 613 117 2 193 268 191 29
D 612 115 2 189 613 194 29
D 611 113 2 184 612 195 29
D 607 119 2 608 197 611 8
D 620 151 2 240 548 251 8
D 619 149 2 252 620 238 8
D 618 147 2 233 619 253 8
D 617 143 2 228 618 255 8
D 616 139 2 213 617 257 8
D 621 123 2 199 489 210 8
D 625 137 2 221 260 223 8
D 624 135 2 219 625 224 8
D 623 133 2 214 624 225 8
D 628 137 2 221 222 223 29
D 627 135 2 219 628 224 29
D 626 133 2 214 627 225 29
D 622 139 2 623 227 626 8
D 631 127 2 208 207 206 8
D 630 125 2 204 631 209 419
D 629 123 3 199 630 553 492 554 29
D 615 129 7 198 616 621 622 342 543 414 480 487 406 549 333 629 8
D 614 119 2 183 615 265 8
D 634 107 2 178 177 176 8
D 633 105 2 174 634 179 425
D 632 103 3 169 633 559 498 560 29
D 605 109 7 606 607 168 614 348 541 420 478 493 404 555 331 632 8
D 637 93 3 603 502 149 429 161 29
D 636 89 3 144 637 563 501 564 29
D 635 85 2 136 636 164 29
D 599 99 7 600 167 536 330 471 403 398 477 325 540 135 605 635 8
D 640 73 3 597 506 116 434 128 29
D 639 69 3 111 640 567 505 568 29
D 638 65 2 103 639 131 29
D 593 79 7 594 134 531 324 464 397 392 470 319 535 102 599 638 8
D 643 53 3 591 510 83 439 95 29
D 642 49 3 78 643 571 509 572 29
D 641 45 2 70 642 98 29
D 587 59 7 588 101 526 318 457 391 386 463 313 530 69 593 641 8
D 646 33 3 585 514 50 444 62 29
D 645 29 3 45 646 575 513 576 29
D 644 25 2 37 645 65 29
D 581 39 7 582 68 521 312 450 385 380 456 307 525 36 587 644 8
D 649 7 2 12 31 14 8
D 650 7 2 12 13 14 29
D 648 9 2 649 301 650 8
D 647 5 2 2 648 32 8
D 653 21 2 43 39 38 8
D 654 29 2 45 453 63 8
D 655 21 2 43 66 38 29
D 652 25 2 653 654 655 8
D 658 41 2 76 72 71 8
D 659 49 2 78 460 96 8
D 660 41 2 76 99 71 29
D 657 45 2 658 659 660 8
D 663 61 2 109 105 104 8
D 664 69 2 111 467 129 8
D 665 61 2 109 132 104 29
D 662 65 2 663 664 665 8
D 669 83 2 139 166 141 8
D 668 81 2 137 669 142 8
D 670 89 2 144 474 162 8
D 672 83 2 139 140 141 29
D 671 81 2 137 672 142 29
D 667 85 2 668 670 671 8
D 676 111 2 185 196 187 8
D 677 111 2 185 186 187 29
D 675 113 2 676 188 677 8
D 678 113 3 184 612 676 266 187 29
D 674 119 3 608 332 675 197 678 8
D 684 145 2 234 254 236 8
D 685 149 2 238 620 252 8
D 686 145 2 234 235 236 29
D 683 147 2 684 685 686 8
D 682 143 2 228 683 255 8
D 681 139 2 213 682 257 8
D 690 137 2 223 222 221 8
D 689 135 2 219 690 224 8
D 688 133 2 214 689 225 8
D 693 137 2 221 222 223 260
D 692 135 2 219 693 224 29
D 691 133 2 214 692 225 29
D 687 139 3 688 227 623 334 691 8
D 680 129 7 198 681 621 687 342 616 414 543 487 480 549 406 629 8
D 679 119 2 183 680 265 8
D 673 109 7 606 674 168 679 348 614 420 541 493 478 555 404 632 8
D 695 89 2 144 501 162 29
D 696 81 2 137 141 142 29
D 694 85 3 136 636 668 695 696 29
D 666 99 8 667 167 600 330 536 403 471 477 398 540 325 605 135 673 694 8
D 698 69 2 111 505 129 29
D 697 65 3 103 639 663 698 132 29
D 661 79 8 662 134 594 324 531 397 464 470 392 535 319 599 102 666 697 8
D 700 49 2 78 509 96 29
D 699 45 3 70 642 658 700 99 29
D 656 59 8 657 101 588 318 526 391 457 463 386 530 313 593 69 661 699 8
D 702 29 2 45 513 63 29
D 701 25 3 37 645 653 702 66 29
D 651 39 8 652 68 582 312 521 385 450 456 380 525 307 587 36 656 701 8
D 706 15 2 26 22 21 8
D 705 13 2 302 706 303 8
D 704 9 2 11 705 30 8
D 703 5 2 2 704 32 8
D 710 23 2 40 67 42 8
D 709 21 2 38 710 43 8
D 712 23 2 40 41 42 29
D 711 21 2 38 712 43 29
D 708 25 2 709 654 711 8
D 716 43 2 73 100 75 8
D 715 41 2 71 716 76 8
D 718 43 2 73 74 75 29
D 717 41 2 71 718 76 29
D 714 45 2 715 659 717 8
D 722 63 2 106 133 108 8
D 721 61 2 104 722 109 8
D 724 63 2 106 107 108 29
D 723 61 2 104 724 109 29
D 720 65 2 721 664 723 8
D 728 83 2 141 140 139 8
D 727 81 2 137 728 142 8
D 730 83 2 141 166 139 29
D 729 81 2 137 730 142 29
D 726 85 2 727 670 729 8
D 734 111 2 187 186 185 8
D 735 111 2 187 196 185 29
D 733 113 2 734 188 735 8
D 737 111 2 187 186 185 196
D 738 111 2 187 196 185 8
D 736 113 3 184 612 737 266 738 29
D 732 119 4 675 332 608 405 733 197 736 8
D 744 145 2 236 235 234 8
D 745 145 2 236 254 234 29
D 743 147 2 744 685 745 8
D 742 143 2 228 743 255 8
D 741 139 2 213 742 257 8
D 748 131 2 217 216 215 8
D 749 131 2 217 226 215 29
D 747 133 2 748 218 749 8
D 750 133 3 214 692 748 258 226 29
D 746 139 4 747 227 688 334 623 407 750 8
D 740 129 7 198 741 621 746 342 681 414 616 487 543 549 480 629 8
D 739 119 2 183 740 265 8
D 731 109 7 606 732 168 739 348 679 420 614 493 541 555 478 632 8
D 753 83 2 141 140 139 166
D 752 81 2 137 753 142 8
D 755 83 2 141 166 139 8
D 754 81 2 137 755 142 29
D 751 85 3 136 636 752 695 754 29
D 725 99 9 726 167 667 330 600 403 536 477 471 540 398 605 325 673 135 731 751 8
D 757 61 2 104 722 109 105
D 758 61 2 109 132 104 108
D 756 65 3 103 639 757 698 758 29
D 719 79 9 720 134 662 324 594 397 531 470 464 535 392 599 319 666 102 725 756 8
D 760 41 2 71 716 76 72
D 761 41 2 76 99 71 75
D 759 45 3 70 642 760 700 761 29
D 713 59 9 714 101 657 318 588 391 526 463 457 530 386 593 313 661 69 719 759 8
D 763 21 2 38 710 43 39
D 764 21 2 43 66 38 42
D 762 25 3 37 645 763 702 764 29
D 707 39 9 708 68 652 312 582 385 521 456 450 525 380 587 307 656 36 713 762 8
D 769 17 2 25 24 23 8
D 768 15 2 21 769 26 8
D 767 13 2 302 768 303 8
D 766 9 2 11 767 30 8
D 765 5 2 2 766 32 8
D 773 23 2 42 41 40 8
D 772 21 2 38 773 43 8
D 775 23 2 42 67 40 29
D 774 21 2 38 775 43 29
D 771 25 2 772 654 774 8
D 779 43 2 75 74 73 8
D 778 41 2 71 779 76 8
D 781 43 2 75 100 73 29
D 780 41 2 71 781 76 29
D 777 45 2 778 659 780 8
D 785 63 2 108 107 106 8
D 784 61 2 104 785 109 8
D 787 63 2 108 133 106 29
D 786 61 2 104 787 109 29
D 783 65 2 784 664 786 8
D 790 81 2 142 138 137 8
D 791 81 2 142 165 137 29
D 789 85 2 790 670 791 8
D 795 115 2 194 190 189 8
D 794 113 2 184 795 195 8
D 797 115 2 189 613 194 267
D 796 113 3 184 797 737 266 738 29
D 793 119 5 608 479 733 332 675 405 794 197 796 8
D 802 131 2 215 226 217 8
D 803 131 2 215 216 217 29
D 801 133 2 802 218 803 8
D 805 131 2 217 216 215 226
D 806 131 2 217 226 215 8
D 804 133 3 214 692 805 258 806 29
D 800 139 5 801 227 747 334 688 407 623 481 804 8
D 809 141 2 229 256 231 8
D 810 147 2 233 685 253 8
D 811 141 2 229 230 231 29
D 808 143 2 809 810 811 8
D 807 139 2 213 808 257 8
D 799 129 7 621 800 342 741 198 807 414 681 487 616 549 543 629 8
D 798 119 2 183 799 265 8
D 792 109 7 606 793 168 798 348 739 420 679 493 614 555 541 632 8
D 813 81 2 137 753 142 138
D 814 81 2 137 755 142 165
D 812 85 3 136 636 813 695 814 29
D 788 99 10 789 167 726 330 667 403 600 477 536 540 471 605 398 673 325 731 135 792 812 8
D 817 63 2 108 107 106 133
D 816 61 2 104 817 109 105
D 819 63 2 108 133 106 8
D 818 61 2 104 819 109 132
D 815 65 3 103 639 816 698 818 29
D 782 79 10 783 134 720 324 662 397 594 470 531 535 464 599 392 666 319 725 102 788 815 8
D 822 43 2 75 74 73 100
D 821 41 2 71 822 76 72
D 824 43 2 75 100 73 8
D 823 41 2 71 824 76 99
D 820 45 3 70 642 821 700 823 29
D 776 59 10 777 101 714 318 657 391 588 463 526 530 457 593 386 661 313 719 69 782 820 8
D 827 23 2 42 41 40 67
D 826 21 2 38 827 43 39
D 829 23 2 42 67 40 8
D 828 21 2 38 829 43 66
D 825 25 3 37 645 826 702 828 29
D 770 39 10 771 68 708 312 652 385 582 456 521 525 450 587 380 656 307 713 36 776 825 8
L 835 18 10
D 834 17 2 23 835 25 8
D 833 15 2 21 834 26 8
D 832 13 2 302 833 303 8
D 831 9 2 11 832 30 8
D 830 5 2 2 831 32 8
D 840 31 2 51 62 53 8
D 841 31 2 51 52 53 29
D 839 33 2 840 454 841 8
D 838 29 2 45 839 63 8
D 837 25 2 37 838 65 8
D 846 51 2 84 95 86 8
D 847 51 2 84 85 86 29
D 845 53 2 846 461 847 8
D 844 49 2 78 845 96 8
D 843 45 2 70 844 98 8
D 852 71 2 117 128 119 8
D 853 71 2 117 118 119 29
D 851 73 2 852 468 853 8
D 850 69 2 111 851 129 8
D 849 65 2 103 850 131 8
D 858 91 2 150 161 152 8
D 859 91 2 150 151 152 29
D 857 93 2 858 475 859 8
D 856 89 2 144 857 162 8
D 855 85 2 136 856 164 8
D 864 117 2 191 268 193 8
D 863 115 2 189 864 194 8
D 862 113 2 184 863 195 8
D 867 117 2 191 192 193 268
D 866 115 2 189 867 194 267
D 865 113 3 184 866 737 266 738 29
D 861 119 6 608 542 675 479 794 332 733 405 862 197 865 8
D 872 135 2 224 220 219 8
D 871 133 2 214 872 225 8
D 874 135 2 219 693 224 259
D 873 133 3 214 874 805 258 806 29
D 870 139 6 871 227 801 334 747 407 623 544 688 481 873 8
D 877 141 2 231 230 229 8
D 878 141 2 231 256 229 29
D 876 143 2 877 810 878 8
D 875 139 2 213 876 257 8
D 869 129 7 621 870 414 741 342 807 487 681 198 875 549 616 629 8
D 868 119 2 183 869 265 8
D 860 109 7 606 861 168 868 348 798 420 739 493 679 555 614 632 8
D 882 91 2 152 151 150 161
D 883 91 2 152 161 150 8
D 881 93 3 882 502 149 429 883 29
D 880 89 3 563 501 144 881 564 29
D 879 85 3 813 695 136 880 814 29
D 854 99 11 855 167 789 330 726 403 667 477 600 540 536 605 471 673 398 731 325 792 135 860 879 8
D 887 71 2 119 118 117 128
D 888 71 2 119 128 117 8
D 886 73 3 887 506 116 434 888 29
D 885 69 3 567 505 111 886 568 29
D 884 65 3 816 698 103 885 818 29
D 848 79 11 849 134 783 324 720 397 662 470 594 535 531 599 464 666 392 725 319 788 102 854 884 8
D 892 51 2 86 85 84 95
D 893 51 2 86 95 84 8
D 891 53 3 892 510 83 439 893 29
D 890 49 3 571 509 78 891 572 29
D 889 45 3 821 700 70 890 823 29
D 842 59 11 843 101 777 318 714 391 657 463 588 530 526 593 457 661 386 719 313 782 69 848 889 8
D 897 31 2 53 52 51 62
D 898 31 2 53 62 51 8
D 896 33 3 897 514 50 444 898 29
D 895 29 3 575 513 45 896 576 29
D 894 25 3 826 702 37 895 828 29
D 836 39 11 837 68 771 312 708 385 652 456 582 525 521 587 450 656 380 713 307 776 36 842 894 8
D 903 17 2 23 24 25 835
D 904 17 2 23 835 25 29
D 902 15 2 21 903 26 904
D 905 11 2 19 28 17 18
D 906 15 2 21 904 26 29
D 907 11 2 19 18 17 8
D 901 13 3 302 902 905 906 907 29
D 908 7 2 14 13 12 31
D 909 13 2 302 906 303 29
D 910 7 2 14 31 12 8
D 900 9 3 11 901 908 909 910 29
D 912 3 2 7 6 5 34
D 911 1 2 3 912 9 4
D 913 9 2 11 909 30 29
D 915 3 2 7 34 5 8
D 914 1 2 3 915 9 33
D 899 5 3 2 900 911 913 914 29
D 0 19 11 1 35 297 306 374 379 446 449 515 520 577 581 647 651 703 707 765 770 830 836 899 8
