c ids of sdd nodes start at 0
c sdd nodes appear bottom-up, children before parents
c
c file syntax:
c sdd count-of-sdd-nodes
c F id-of-false-sdd-node
c T id-of-true-sdd-node
c L id-of-literal-sdd-node id-of-vtree literal
c D id-of-decomposition-sdd-node id-of-vtree number-of-elements {id-of-prime id-of-sub}*
c
sdd 846
L 3 0 -4
L 5 2 2
L 6 4 -3
L 7 2 -2
F 8
D 4 3 2 5 6 7 8
L 9 0 4
D 2 1 2 3 4 9 8
L 12 6 -6
L 13 8 -7
L 14 6 6
D 11 7 2 12 13 14 8
L 17 10 -5
L 18 12 -1
L 19 10 5
D 16 11 2 17 18 19 8
L 21 14 -8
L 23 16 -9
L 24 18 -10
L 25 16 9
D 22 17 2 23 24 25 8
L 26 14 8
D 20 15 2 21 22 26 8
L 28 12 1
T 29
D 27 11 2 17 28 19 29
D 15 13 2 16 20 27 8
L 31 8 7
D 30 7 2 12 31 14 29
D 10 9 2 11 15 30 8
L 34 4 3
D 33 3 2 5 34 7 29
D 32 1 2 3 33 9 29
D 1 5 2 2 10 32 8
L 38 20 -14
L 40 22 -12
L 41 24 -13
L 42 22 12
D 39 23 2 40 41 42 8
L 43 20 14
D 37 21 2 38 39 43 8
L 46 26 -16
L 47 28 -17
L 48 26 16
D 45 27 2 46 47 48 8
L 51 30 -15
L 52 32 -11
L 53 30 15
D 50 31 2 51 52 53 8
L 55 34 -18
L 57 36 -19
L 58 38 20
L 59 36 19
D 56 37 2 57 58 59 8
L 60 34 18
D 54 35 2 55 56 60 8
L 62 32 11
D 61 31 2 51 62 53 29
D 49 33 2 50 54 61 8
L 64 28 17
D 63 27 2 46 64 48 29
D 44 29 2 45 49 63 8
L 67 24 13
D 66 23 2 40 67 42 29
D 65 21 2 38 66 43 29
D 36 25 2 37 44 65 8
L 71 40 -24
L 73 42 -22
L 74 44 -23
L 75 42 22
D 72 43 2 73 74 75 8
L 76 40 24
D 70 41 2 71 72 76 8
L 79 46 -26
L 80 48 -27
L 81 46 26
D 78 47 2 79 80 81 8
L 84 50 -25
L 85 52 -21
L 86 50 25
D 83 51 2 84 85 86 8
L 88 54 -28
L 90 56 -29
L 91 58 30
L 92 56 29
D 89 57 2 90 91 92 8
L 93 54 28
D 87 55 2 88 89 93 8
L 95 52 21
D 94 51 2 84 95 86 29
D 82 53 2 83 87 94 8
L 97 48 27
D 96 47 2 79 97 81 29
D 77 49 2 78 82 96 8
L 100 44 23
D 99 43 2 73 100 75 29
D 98 41 2 71 99 76 29
D 69 45 2 70 77 98 8
L 104 60 -34
L 106 62 -32
L 107 64 -33
L 108 62 32
D 105 63 2 106 107 108 8
L 109 60 34
D 103 61 2 104 105 109 8
L 112 66 -36
L 113 68 -37
L 114 66 36
D 111 67 2 112 113 114 8
L 117 70 -35
L 118 72 -31
L 119 70 35
D 116 71 2 117 118 119 8
L 121 74 -38
L 123 76 -39
L 124 78 40
L 125 76 39
D 122 77 2 123 124 125 8
L 126 74 38
D 120 75 2 121 122 126 8
L 128 72 31
D 127 71 2 117 128 119 29
D 115 73 2 116 120 127 8
L 130 68 37
D 129 67 2 112 130 114 29
D 110 69 2 111 115 129 8
L 133 64 33
D 132 63 2 106 133 108 29
D 131 61 2 104 132 109 29
D 102 65 2 103 110 131 8
L 137 80 -42
L 139 82 -43
L 140 84 -44
L 141 82 43
D 138 83 2 139 140 141 8
L 142 80 42
D 136 81 2 137 138 142 8
L 145 86 -46
L 146 88 -47
L 147 86 46
D 144 87 2 145 146 147 8
L 150 90 -45
L 151 92 -41
L 152 90 45
D 149 91 2 150 151 152 8
L 154 94 -48
L 156 96 -49
L 157 98 50
L 158 96 49
D 155 97 2 156 157 158 8
L 159 94 48
D 153 95 2 154 155 159 8
L 161 92 41
D 160 91 2 150 161 152 29
D 148 93 2 149 153 160 8
L 163 88 47
D 162 87 2 145 163 147 29
D 143 89 2 144 148 162 8
L 166 84 44
D 165 83 2 139 166 141 29
D 164 81 2 137 165 142 29
D 135 85 2 136 143 164 8
L 170 100 -56
L 171 102 -57
L 172 100 56
D 169 101 2 170 171 172 8
L 174 104 -58
L 176 106 -59
L 177 108 60
L 178 106 59
D 175 107 2 176 177 178 8
L 179 104 58
D 173 105 2 174 175 179 8
L 181 102 57
D 180 101 2 170 181 172 29
D 168 103 2 169 173 180 8
L 185 110 -53
L 186 112 -54
L 187 110 53
D 184 111 2 185 186 187 8
L 189 114 -52
L 191 116 -55
L 192 118 -51
L 193 116 55
D 190 117 2 191 192 193 8
L 194 114 52
D 188 115 2 189 190 194 8
L 196 112 54
D 195 111 2 185 196 187 29
D 183 113 2 184 188 195 8
L 200 120 -76
L 201 122 -77
L 202 120 76
D 199 121 2 200 201 202 8
L 204 124 -78
L 206 126 -79
L 207 128 80
L 208 126 79
D 205 127 2 206 207 208 8
L 209 124 78
D 203 125 2 204 205 209 8
L 211 122 77
D 210 121 2 200 211 202 29
D 198 123 2 199 203 210 8
L 215 130 -73
L 216 132 -72
L 217 130 73
D 214 131 2 215 216 217 8
L 219 134 -71
L 221 136 -74
L 222 138 -75
L 223 136 74
D 220 137 2 221 222 223 8
L 224 134 71
D 218 135 2 219 220 224 8
L 226 132 72
D 225 131 2 215 226 217 29
D 213 133 2 214 218 225 8
L 229 140 -61
L 230 142 -62
L 231 140 61
D 228 141 2 229 230 231 8
L 234 144 -63
L 235 146 -64
L 236 144 63
D 233 145 2 234 235 236 8
L 238 148 -65
L 240 150 -66
L 242 152 -67
L 244 154 -68
L 246 156 -69
L 247 158 70
L 248 156 69
D 245 157 2 246 247 248 8
L 249 154 68
D 243 155 2 244 245 249 8
L 250 152 67
D 241 153 2 242 243 250 8
L 251 150 66
D 239 151 2 240 241 251 8
L 252 148 65
D 237 149 2 238 239 252 8
L 254 146 64
D 253 145 2 234 254 236 29
D 232 147 2 233 237 253 8
L 256 142 62
D 255 141 2 229 256 231 29
D 227 143 2 228 232 255 8
L 260 138 75
D 259 137 2 221 260 223 29
D 258 135 2 219 259 224 29
D 257 133 2 214 258 225 29
D 212 139 2 213 227 257 8
L 264 128 -80
D 263 127 2 206 264 208 29
D 262 125 2 204 263 209 29
D 261 123 2 199 262 210 29
D 197 129 2 198 212 261 8
L 268 118 51
D 267 117 2 191 268 193 29
D 266 115 2 189 267 194 29
D 265 113 2 184 266 195 29
D 182 119 2 183 197 265 8
L 272 108 -60
D 271 107 2 176 272 178 29
D 270 105 2 174 271 179 29
D 269 103 2 169 270 180 29
D 167 109 2 168 182 269 8
L 278 98 -50
D 277 97 2 156 278 158 29
D 276 95 2 154 277 159 29
D 275 93 2 149 276 160 29
D 274 89 2 144 275 162 29
D 273 85 2 136 274 164 29
D 134 99 2 135 167 273 8
L 284 78 -40
D 283 77 2 123 284 125 29
D 282 75 2 121 283 126 29
D 281 73 2 116 282 127 29
D 280 69 2 111 281 129 29
D 279 65 2 103 280 131 29
D 101 79 2 102 134 279 8
L 290 58 -30
D 289 57 2 90 290 92 29
D 288 55 2 88 289 93 29
D 287 53 2 83 288 94 29
D 286 49 2 78 287 96 29
D 285 45 2 70 286 98 29
D 68 59 2 69 101 285 8
L 296 38 -20
D 295 37 2 57 296 59 29
D 294 35 2 55 295 60 29
D 293 33 2 50 294 61 29
D 292 29 2 45 293 63 29
D 291 25 2 37 292 65 29
D 35 39 2 36 68 291 8
D 299 3 2 7 34 5 8
D 298 1 2 3 299 9 8
D 301 3 2 7 6 5 29
D 300 1 2 3 301 9 29
D 297 5 2 298 10 300 8
D 307 37 2 59 296 57 8
D 306 35 2 55 307 60 8
D 305 33 2 50 306 61 8
D 304 29 2 45 305 63 8
D 303 25 2 37 304 65 8
D 313 57 2 92 290 90 8
D 312 55 2 88 313 93 8
D 311 53 2 83 312 94 8
D 310 49 2 78 311 96 8
D 309 45 2 70 310 98 8
D 319 77 2 125 284 123 8
D 318 75 2 121 319 126 8
D 317 73 2 116 318 127 8
D 316 69 2 111 317 129 8
D 315 65 2 103 316 131 8
D 325 97 2 158 278 156 8
D 324 95 2 154 325 159 8
D 323 93 2 149 324 160 8
D 322 89 2 144 323 162 8
D 321 85 2 136 322 164 8
L 337 158 -70
D 336 157 2 248 337 246 8
D 335 155 2 244 336 249 8
D 334 153 2 242 335 250 8
D 333 151 2 240 334 251 8
D 332 149 2 238 333 252 8
D 331 147 2 233 332 253 8
D 330 143 2 228 331 255 8
D 329 139 2 213 330 257 8
D 340 127 2 208 264 206 8
D 339 125 2 204 340 209 8
D 338 123 2 199 339 210 8
D 343 127 2 206 264 208 207
D 342 125 2 204 343 209 29
D 341 123 2 199 342 210 29
D 328 129 3 198 329 338 212 341 8
D 327 119 2 183 328 265 8
D 346 107 2 178 272 176 8
D 345 105 2 174 346 179 8
D 344 103 2 169 345 180 8
D 349 107 2 176 272 178 177
D 348 105 2 174 349 179 29
D 347 103 2 169 348 180 29
D 326 109 3 168 327 344 182 347 8
D 354 97 2 156 278 158 157
D 353 95 2 154 354 159 29
D 352 93 2 149 353 160 29
D 351 89 2 144 352 162 29
D 350 85 2 136 351 164 29
D 320 99 3 321 167 135 326 350 8
D 359 77 2 123 284 125 124
D 358 75 2 121 359 126 29
D 357 73 2 116 358 127 29
D 356 69 2 111 357 129 29
D 355 65 2 103 356 131 29
D 314 79 3 315 134 102 320 355 8
D 364 57 2 90 290 92 91
D 363 55 2 88 364 93 29
D 362 53 2 83 363 94 29
D 361 49 2 78 362 96 29
D 360 45 2 70 361 98 29
D 308 59 3 309 101 69 314 360 8
D 369 37 2 57 296 59 58
D 368 35 2 55 369 60 29
D 367 33 2 50 368 61 29
D 366 29 2 45 367 63 29
D 365 25 2 37 366 65 29
D 302 39 3 303 68 36 308 365 8
D 372 3 2 7 6 5 8
D 371 1 2 9 372 3 8
D 374 3 2 7 34 5 29
D 373 1 2 9 374 3 29
D 370 5 2 371 10 373 8
D 380 37 2 57 296 59 8
D 379 35 2 60 380 55 8
D 378 33 2 50 379 61 8
D 377 29 2 45 378 63 8
D 376 25 2 37 377 65 8
D 386 57 2 90 290 92 8
D 385 55 2 93 386 88 8
D 384 53 2 83 385 94 8
D 383 49 2 78 384 96 8
D 382 45 2 70 383 98 8
D 392 77 2 123 284 125 8
D 391 75 2 126 392 121 8
D 390 73 2 116 391 127 8
D 389 69 2 111 390 129 8
D 388 65 2 103 389 131 8
D 398 97 2 156 278 158 8
D 397 95 2 159 398 154 8
D 396 93 2 149 397 160 8
D 395 89 2 144 396 162 8
D 394 85 2 136 395 164 8
D 409 157 2 246 337 248 8
D 408 155 2 249 409 244 8
D 407 153 2 242 408 250 8
D 406 151 2 240 407 251 8
D 405 149 2 238 406 252 8
D 404 147 2 233 405 253 8
D 403 143 2 228 404 255 8
D 402 139 2 213 403 257 8
D 412 127 2 206 264 208 8
D 411 125 2 209 412 204 8
D 410 123 2 199 411 210 8
D 415 127 2 206 207 208 29
D 414 125 2 204 343 209 415
D 413 123 2 199 414 210 29
D 401 129 4 198 402 338 329 410 212 413 8
D 400 119 2 183 401 265 8
D 418 107 2 176 272 178 8
D 417 105 2 179 418 174 8
D 416 103 2 169 417 180 8
D 421 107 2 176 177 178 29
D 420 105 2 174 349 179 421
D 419 103 2 169 420 180 29
D 399 109 4 168 400 344 327 416 182 419 8
D 426 97 2 156 157 158 29
D 425 95 2 159 426 154 354
D 424 93 2 149 425 160 29
D 423 89 2 144 424 162 29
D 422 85 2 136 423 164 29
D 393 99 4 394 167 321 326 135 399 422 8
D 431 77 2 123 124 125 29
D 430 75 2 126 431 121 359
D 429 73 2 116 430 127 29
D 428 69 2 111 429 129 29
D 427 65 2 103 428 131 29
D 387 79 4 388 134 315 320 102 393 427 8
D 436 57 2 90 91 92 29
D 435 55 2 93 436 88 364
D 434 53 2 83 435 94 29
D 433 49 2 78 434 96 29
D 432 45 2 70 433 98 29
D 381 59 4 382 101 309 314 69 387 432 8
D 441 37 2 57 58 59 29
D 440 35 2 60 441 55 369
D 439 33 2 50 440 61 29
D 438 29 2 45 439 63 29
D 437 25 2 37 438 65 29
D 375 39 4 376 68 303 308 36 381 437 8
D 443 1 2 3 372 9 8
D 446 11 2 19 18 17 8
D 447 11 2 19 28 17 29
D 445 13 2 446 20 447 8
D 444 9 2 11 445 30 8
D 448 1 2 3 374 9 29
D 442 5 2 443 444 448 8
D 452 27 2 46 64 48 8
D 454 35 2 55 380 60 8
D 453 33 2 50 454 61 8
D 455 27 2 46 47 48 29
D 451 29 2 452 453 455 8
D 450 25 2 37 451 65 8
D 459 47 2 79 97 81 8
D 461 55 2 88 386 93 8
D 460 53 2 83 461 94 8
D 462 47 2 79 80 81 29
D 458 49 2 459 460 462 8
D 457 45 2 70 458 98 8
D 466 67 2 112 130 114 8
D 468 75 2 121 392 126 8
D 467 73 2 116 468 127 8
D 469 67 2 112 113 114 29
D 465 69 2 466 467 469 8
D 464 65 2 103 465 131 8
D 473 87 2 145 163 147 8
D 475 95 2 154 398 159 8
D 474 93 2 149 475 160 8
D 476 87 2 145 146 147 29
D 472 89 2 473 474 476 8
D 471 85 2 136 472 164 8
D 486 155 2 244 409 249 8
D 485 153 2 250 486 242 8
D 484 151 2 240 485 251 8
D 483 149 2 238 484 252 8
D 482 147 2 233 483 253 8
D 481 143 2 228 482 255 8
D 480 139 2 213 481 257 8
D 488 121 2 200 211 202 8
D 489 125 2 204 412 209 8
D 490 121 2 200 201 202 29
D 487 123 2 488 489 490 8
D 492 125 2 204 415 209 29
D 491 123 3 199 414 488 492 202 29
D 479 129 5 198 480 338 402 410 329 487 212 491 8
D 478 119 2 183 479 265 8
D 494 101 2 170 181 172 8
D 495 105 2 174 418 179 8
D 496 101 2 170 171 172 29
D 493 103 2 494 495 496 8
D 498 105 2 174 421 179 29
D 497 103 3 169 420 494 498 172 29
D 477 109 5 168 478 344 400 416 327 493 182 497 8
D 502 95 2 154 426 159 29
D 501 93 2 149 502 160 29
D 500 89 3 144 424 473 501 147 29
D 499 85 2 136 500 164 29
D 470 99 5 471 167 394 326 321 399 135 477 499 8
D 506 75 2 121 431 126 29
D 505 73 2 116 506 127 29
D 504 69 3 111 429 466 505 114 29
D 503 65 2 103 504 131 29
D 463 79 5 464 134 388 320 315 393 102 470 503 8
D 510 55 2 88 436 93 29
D 509 53 2 83 510 94 29
D 508 49 3 78 434 459 509 81 29
D 507 45 2 70 508 98 29
D 456 59 5 457 101 382 314 309 387 69 463 507 8
D 514 35 2 55 441 60 29
D 513 33 2 50 514 61 29
D 512 29 3 45 439 452 513 48 29
D 511 25 2 37 512 65 29
D 449 39 5 450 68 376 308 303 381 36 456 511 8
D 517 7 2 14 13 12 8
D 518 7 2 14 31 12 29
D 516 9 2 517 15 518 8
D 515 5 2 443 516 448 8
D 522 27 2 48 47 46 8
D 523 27 2 48 64 46 29
D 521 29 2 522 453 523 8
D 520 25 2 37 521 65 8
D 527 47 2 81 80 79 8
D 528 47 2 81 97 79 29
D 526 49 2 527 460 528 8
D 525 45 2 70 526 98 8
D 532 67 2 114 113 112 8
D 533 67 2 114 130 112 29
D 531 69 2 532 467 533 8
D 530 65 2 103 531 131 8
D 537 87 2 147 146 145 8
D 538 87 2 147 163 145 29
D 536 89 2 537 474 538 8
D 535 85 2 136 536 164 8
D 547 153 2 242 486 250 8
D 546 151 2 251 547 240 8
D 545 149 2 238 546 252 8
D 544 147 2 233 545 253 8
D 543 143 2 228 544 255 8
D 542 139 2 213 543 257 8
D 549 121 2 202 201 200 8
D 550 121 2 202 211 200 29
D 548 123 2 549 489 550 8
D 552 121 2 202 201 200 211
D 553 121 2 202 211 200 8
D 551 123 3 199 414 552 492 553 29
D 541 129 6 198 542 338 480 410 402 487 329 548 212 551 8
D 540 119 2 183 541 265 8
D 555 101 2 172 171 170 8
D 556 101 2 172 181 170 29
D 554 103 2 555 495 556 8
D 558 101 2 172 171 170 181
D 559 101 2 172 181 170 8
D 557 103 3 169 420 558 498 559 29
D 539 109 6 168 540 344 478 416 400 493 327 554 182 557 8
D 562 87 2 147 146 145 163
D 563 87 2 147 163 145 8
D 561 89 3 144 424 562 501 563 29
D 560 85 2 136 561 164 29
D 534 99 6 535 167 471 326 394 399 321 477 135 539 560 8
D 566 67 2 114 113 112 130
D 567 67 2 114 130 112 8
D 565 69 3 111 429 566 505 567 29
D 564 65 2 103 565 131 29
D 529 79 6 530 134 464 320 388 393 315 470 102 534 564 8
D 570 47 2 81 80 79 97
D 571 47 2 81 97 79 8
D 569 49 3 78 434 570 509 571 29
D 568 45 2 70 569 98 29
D 524 59 6 525 101 457 314 382 387 309 463 69 529 568 8
D 574 27 2 48 47 46 64
D 575 27 2 48 64 46 8
D 573 29 3 45 439 574 513 575 29
D 572 25 2 37 573 65 29
D 519 39 6 520 68 450 308 376 381 303 456 36 524 572 8
D 578 7 2 12 31 14 8
D 579 7 2 12 13 14 29
D 577 9 2 578 15 579 8
D 576 5 2 443 577 448 8
D 584 31 2 53 52 51 8
D 585 31 2 53 62 51 29
D 583 33 2 584 454 585 8
D 582 29 2 45 583 63 8
D 581 25 2 37 582 65 8
D 590 51 2 86 85 84 8
D 591 51 2 86 95 84 29
D 589 53 2 590 461 591 8
D 588 49 2 78 589 96 8
D 587 45 2 70 588 98 8
D 596 71 2 119 118 117 8
D 597 71 2 119 128 117 29
D 595 73 2 596 468 597 8
D 594 69 2 111 595 129 8
D 593 65 2 103 594 131 8
D 602 91 2 152 151 150 8
D 603 91 2 152 161 150 29
D 601 93 2 602 475 603 8
D 600 89 2 144 601 162 8
D 599 85 2 136 600 164 8
D 605 103 2 169 495 180 8
D 609 117 2 193 192 191 8
D 608 115 2 189 609 194 8
D 607 113 2 184 608 195 8
D 612 117 2 193 268 191 29
D 611 115 2 189 612 194 29
D 610 113 2 184 611 195 29
D 606 119 2 607 197 610 8
D 619 151 2 240 547 251 8
D 618 149 2 252 619 238 8
D 617 147 2 233 618 253 8
D 616 143 2 228 617 255 8
D 615 139 2 213 616 257 8
D 620 123 2 199 489 210 8
D 624 137 2 221 260 223 8
D 623 135 2 219 624 224 8
D 622 133 2 214 623 225 8
D 627 137 2 221 222 223 29
D 626 135 2 219 627 224 29
D 625 133 2 214 626 225 29
D 621 139 2 622 227 625 8
D 630 127 2 208 207 206 8
D 629 125 2 204 630 209 415
D 628 123 3 199 629 552 492 553 29
D 614 129 7 198 615 620 621 338 542 410 480 487 402 548 329 628 8
D 613 119 2 183 614 265 8
D 633 107 2 178 177 176 8
D 632 105 2 174 633 179 421
D 631 103 3 169 632 558 498 559 29
D 604 109 7 605 606 168 613 344 540 416 478 493 400 554 327 631 8
D 636 93 3 602 502 149 425 161 29
D 635 89 3 144 636 562 501 563 29
D 634 85 2 136 635 164 29
D 598 99 7 599 167 535 326 471 399 394 477 321 539 135 604 634 8
D 639 73 3 596 506 116 430 128 29
D 638 69 3 111 639 566 505 567 29
D 637 65 2 103 638 131 29
D 592 79 7 593 134 530 320 464 393 388 470 315 534 102 598 637 8
D 642 53 3 590 510 83 435 95 29
D 641 49 3 78 642 570 509 571 29
D 640 45 2 70 641 98 29
D 586 59 7 587 101 525 314 457 387 382 463 309 529 69 592 640 8
D 645 33 3 584 514 50 440 62 29
D 644 29 3 45 645 574 513 575 29
D 643 25 2 37 644 65 29
D 580 39 7 581 68 520 308 450 381 376 456 303 524 36 586 643 8
D 649 15 2 26 22 21 8
D 648 13 2 16 649 27 8
D 647 9 2 11 648 30 8
D 646 5 2 443 647 448 8
D 652 21 2 43 39 38 8
D 653 29 2 45 453 63 8
D 654 21 2 43 66 38 29
D 651 25 2 652 653 654 8
D 657 41 2 76 72 71 8
D 658 49 2 78 460 96 8
D 659 41 2 76 99 71 29
D 656 45 2 657 658 659 8
D 662 61 2 109 105 104 8
D 663 69 2 111 467 129 8
D 664 61 2 109 132 104 29
D 661 65 2 662 663 664 8
D 668 83 2 139 166 141 8
D 667 81 2 137 668 142 8
D 669 89 2 144 474 162 8
D 671 83 2 139 140 141 29
D 670 81 2 137 671 142 29
D 666 85 2 667 669 670 8
D 675 111 2 185 196 187 8
D 676 111 2 185 186 187 29
D 674 113 2 675 188 676 8
D 677 113 3 184 611 675 266 187 29
D 673 119 3 607 328 674 197 677 8
D 683 145 2 234 254 236 8
D 684 149 2 238 619 252 8
D 685 145 2 234 235 236 29
D 682 147 2 683 684 685 8
D 681 143 2 228 682 255 8
D 680 139 2 213 681 257 8
D 689 137 2 223 222 221 8
D 688 135 2 219 689 224 8
D 687 133 2 214 688 225 8
D 692 137 2 221 222 223 260
D 691 135 2 219 692 224 29
D 690 133 2 214 691 225 29
D 686 139 3 687 227 622 330 690 8
D 679 129 7 198 680 620 686 338 615 410 542 487 480 548 402 628 8
D 678 119 2 183 679 265 8
D 672 109 7 605 673 168 678 344 613 416 540 493 478 554 400 631 8
D 694 89 2 144 501 162 29
D 695 81 2 137 141 142 29
D 693 85 3 136 635 667 694 695 29
D 665 99 8 666 167 599 326 535 399 471 477 394 539 321 604 135 672 693 8
D 697 69 2 111 505 129 29
D 696 65 3 103 638 662 697 132 29
D 660 79 8 661 134 593 320 530 393 464 470 388 534 315 598 102 665 696 8
D 699 49 2 78 509 96 29
D 698 45 3 70 641 657 699 99 29
D 655 59 8 656 101 587 314 525 387 457 463 382 529 309 592 69 660 698 8
D 701 29 2 45 513 63 29
D 700 25 3 37 644 652 701 66 29
D 650 39 8 651 68 581 308 520 381 450 456 376 524 303 586 36 655 700 8
D 706 17 2 25 24 23 8
D 705 15 2 21 706 26 8
D 704 13 2 16 705 27 8
D 703 9 2 11 704 30 8
D 702 5 2 443 703 448 8
D 710 23 2 40 67 42 8
D 709 21 2 38 710 43 8
D 712 23 2 40 41 42 29
D 711 21 2 38 712 43 29
D 708 25 2 709 653 711 8
D 716 43 2 73 100 75 8
D 715 41 2 71 716 76 8
D 718 43 2 73 74 75 29
D 717 41 2 71 718 76 29
D 714 45 2 715 658 717 8
D 722 63 2 106 133 108 8
D 721 61 2 104 722 109 8
D 724 63 2 106 107 108 29
D 723 61 2 104 724 109 29
D 720 65 2 721 663 723 8
D 728 83 2 141 140 139 8
D 727 81 2 137 728 142 8
D 730 83 2 141 166 139 29
D 729 81 2 137 730 142 29
D 726 85 2 727 669 729 8
D 734 111 2 187 186 185 8
D 735 111 2 187 196 185 29
D 733 113 2 734 188 735 8
D 737 111 2 187 186 185 196
D 738 111 2 187 196 185 8
D 736 113 3 184 611 737 266 738 29
D 732 119 4 674 328 607 401 733 197 736 8
D 744 145 2 236 235 234 8
D 745 145 2 236 254 234 29
D 743 147 2 744 684 745 8
D 742 143 2 228 743 255 8
D 741 139 2 213 742 257 8
D 748 131 2 217 216 215 8
D 749 131 2 217 226 215 29
D 747 133 2 748 218 749 8
D 750 133 3 214 691 748 258 226 29
D 746 139 4 747 227 687 330 622 403 750 8
D 740 129 7 198 741 620 746 338 680 410 615 487 542 548 480 628 8
D 739 119 2 183 740 265 8
D 731 109 7 605 732 168 739 344 678 416 613 493 540 554 478 631 8
D 753 83 2 141 140 139 166
D 752 81 2 137 753 142 8
D 755 83 2 141 166 139 8
D 754 81 2 137 755 142 29
D 751 85 3 136 635 752 694 754 29
D 725 99 9 726 167 666 326 599 399 535 477 471 539 394 604 321 672 135 731 751 8
D 757 61 2 104 722 109 105
D 758 61 2 109 132 104 108
D 756 65 3 103 638 757 697 758 29
D 719 79 9 720 134 661 320 593 393 530 470 464 534 388 598 315 665 102 725 756 8
D 760 41 2 71 716 76 72
D 761 41 2 76 99 71 75
D 759 45 3 70 641 760 699 761 29
D 713 59 9 714 101 656 314 587 387 525 463 457 529 382 592 309 660 69 719 759 8
D 763 21 2 38 710 43 39
D 764 21 2 43 66 38 42
D 762 25 3 37 644 763 701 764 29
D 707 39 9 708 68 651 308 581 381 520 456 450 524 376 586 303 655 36 713 762 8
L 770 18 10
D 769 17 2 23 770 25 8
D 768 15 2 21 769 26 8
D 767 13 2 16 768 27 8
D 766 9 2 11 767 30 8
D 765 5 2 443 766 448 8
D 774 23 2 42 41 40 8
D 773 21 2 38 774 43 8
D 776 23 2 42 67 40 29
D 775 21 2 38 776 43 29
D 772 25 2 773 653 775 8
D 780 43 2 75 74 73 8
D 779 41 2 71 780 76 8
D 782 43 2 75 100 73 29
D 781 41 2 71 782 76 29
D 778 45 2 779 658 781 8
D 786 63 2 108 107 106 8
D 785 61 2 104 786 109 8
D 788 63 2 108 133 106 29
D 787 61 2 104 788 109 29
D 784 65 2 785 663 787 8
D 791 81 2 142 138 137 8
D 792 81 2 142 165 137 29
D 790 85 2 791 669 792 8
D 796 115 2 194 190 189 8
D 795 113 2 184 796 195 8
D 798 115 2 189 612 194 267
D 797 113 3 184 798 737 266 738 29
D 794 119 5 607 479 733 328 674 401 795 197 797 8
D 803 131 2 215 226 217 8
D 804 131 2 215 216 217 29
D 802 133 2 803 218 804 8
D 806 131 2 217 216 215 226
D 807 131 2 217 226 215 8
D 805 133 3 214 691 806 258 807 29
D 801 139 5 802 227 747 330 687 403 622 481 805 8
D 810 141 2 229 256 231 8
D 811 147 2 233 684 253 8
D 812 141 2 229 230 231 29
D 809 143 2 810 811 812 8
D 808 139 2 213 809 257 8
D 800 129 7 620 801 338 741 198 808 410 680 487 615 548 542 628 8
D 799 119 2 183 800 265 8
D 793 109 7 605 794 168 799 344 739 416 678 493 613 554 540 631 8
D 814 81 2 137 753 142 138
D 815 81 2 137 755 142 165
D 813 85 3 136 635 814 694 815 29
D 789 99 10 790 167 726 326 666 399 599 477 535 539 471 604 394 672 321 731 135 793 813 8
D 818 63 2 108 107 106 133
D 817 61 2 104 818 109 105
D 820 63 2 108 133 106 8
D 819 61 2 104 820 109 132
D 816 65 3 103 638 817 697 819 29
D 783 79 10 784 134 720 320 661 393 593 470 530 534 464 598 388 665 315 725 102 789 816 8
D 823 43 2 75 74 73 100
D 822 41 2 71 823 76 72
D 825 43 2 75 100 73 8
D 824 41 2 71 825 76 99
D 821 45 3 70 641 822 699 824 29
D 777 59 10 778 101 714 314 656 387 587 463 525 529 457 592 382 660 309 719 69 783 821 8
D 828 23 2 42 41 40 67
D 827 21 2 38 828 43 39
D 830 23 2 42 67 40 8
D 829 21 2 38 830 43 66
D 826 25 3 37 644 827 701 829 29
D 771 39 10 772 68 708 308 651 381 581 456 520 524 450 586 376 655 303 713 36 777 826 8
D 833 3 2 5 6 7 34
D 832 1 2 3 833 9 372
D 837 17 2 23 770 25 29
D 836 15 2 21 837 26 29
D 835 13 2 16 836 27 29
D 834 9 2 11 835 30 29
D 841 17 2 23 24 25 770
D 840 15 2 21 841 26 837
D 839 13 3 16 840 446 836 28 29
D 842 7 2 14 13 12 31
D 843 7 2 14 31 12 8
D 838 9 3 11 839 842 835 843 29
D 845 3 2 5 34 7 8
D 844 1 2 3 845 9 374
D 831 5 3 832 834 443 838 844 29
D 0 19 10 1 35 297 302 370 375 442 449 515 519 576 580 646 650 702 707 765 771 831 8
