c ids of sdd nodes start at 0
c sdd nodes appear bottom-up, children before parents
c
c file syntax:
c sdd count-of-sdd-nodes
c F id-of-false-sdd-node
c T id-of-true-sdd-node
c L id-of-literal-sdd-node id-of-vtree literal
c D id-of-decomposition-sdd-node id-of-vtree number-of-elements {id-of-prime id-of-sub}*
c
sdd 779
L 3 0 -4
L 5 2 -2
L 6 4 3
L 7 2 2
F 8
D 4 3 2 5 6 7 8
L 9 0 4
D 2 1 2 3 4 9 8
L 12 6 -6
L 13 8 -7
L 14 6 6
D 11 7 2 12 13 14 8
L 17 10 -5
L 18 12 -1
L 19 10 5
D 16 11 2 17 18 19 8
L 21 14 -8
L 23 16 -9
L 24 18 -10
L 25 16 9
D 22 17 2 23 24 25 8
L 26 14 8
D 20 15 2 21 22 26 8
L 28 12 1
T 29
D 27 11 2 17 28 19 29
D 15 13 2 16 20 27 8
L 31 8 7
D 30 7 2 12 31 14 29
D 10 9 2 11 15 30 8
L 34 4 -3
D 33 3 2 5 34 7 29
D 32 1 2 3 33 9 29
D 1 5 2 2 10 32 8
L 38 20 -14
L 40 22 -12
L 41 24 -13
L 42 22 12
D 39 23 2 40 41 42 8
L 43 20 14
D 37 21 2 38 39 43 8
L 46 26 -16
L 47 28 -17
L 48 26 16
D 45 27 2 46 47 48 8
L 51 30 -15
L 52 32 -11
L 53 30 15
D 50 31 2 51 52 53 8
L 55 34 -18
L 57 36 -19
L 58 38 20
L 59 36 19
D 56 37 2 57 58 59 8
L 60 34 18
D 54 35 2 55 56 60 8
L 62 32 11
D 61 31 2 51 62 53 29
D 49 33 2 50 54 61 8
L 64 28 17
D 63 27 2 46 64 48 29
D 44 29 2 45 49 63 8
L 67 24 13
D 66 23 2 40 67 42 29
D 65 21 2 38 66 43 29
D 36 25 2 37 44 65 8
L 71 40 -24
L 73 42 -22
L 74 44 -23
L 75 42 22
D 72 43 2 73 74 75 8
L 76 40 24
D 70 41 2 71 72 76 8
L 79 46 -26
L 80 48 -27
L 81 46 26
D 78 47 2 79 80 81 8
L 84 50 -25
L 85 52 -21
L 86 50 25
D 83 51 2 84 85 86 8
L 88 54 -28
L 90 56 -29
L 91 58 30
L 92 56 29
D 89 57 2 90 91 92 8
L 93 54 28
D 87 55 2 88 89 93 8
L 95 52 21
D 94 51 2 84 95 86 29
D 82 53 2 83 87 94 8
L 97 48 27
D 96 47 2 79 97 81 29
D 77 49 2 78 82 96 8
L 100 44 23
D 99 43 2 73 100 75 29
D 98 41 2 71 99 76 29
D 69 45 2 70 77 98 8
L 104 60 -34
L 106 62 -32
L 107 64 -33
L 108 62 32
D 105 63 2 106 107 108 8
L 109 60 34
D 103 61 2 104 105 109 8
L 112 66 -36
L 113 68 -37
L 114 66 36
D 111 67 2 112 113 114 8
L 117 70 -35
L 118 72 -31
L 119 70 35
D 116 71 2 117 118 119 8
L 121 74 -38
L 123 76 -39
L 124 78 40
L 125 76 39
D 122 77 2 123 124 125 8
L 126 74 38
D 120 75 2 121 122 126 8
L 128 72 31
D 127 71 2 117 128 119 29
D 115 73 2 116 120 127 8
L 130 68 37
D 129 67 2 112 130 114 29
D 110 69 2 111 115 129 8
L 133 64 33
D 132 63 2 106 133 108 29
D 131 61 2 104 132 109 29
D 102 65 2 103 110 131 8
L 137 80 -42
L 139 82 -43
L 140 84 -44
L 141 82 43
D 138 83 2 139 140 141 8
L 142 80 42
D 136 81 2 137 138 142 8
L 145 86 -46
L 146 88 -47
L 147 86 46
D 144 87 2 145 146 147 8
L 150 90 -45
L 151 92 -41
L 152 90 45
D 149 91 2 150 151 152 8
L 154 94 -48
L 156 96 -49
L 157 98 50
L 158 96 49
D 155 97 2 156 157 158 8
L 159 94 48
D 153 95 2 154 155 159 8
L 161 92 41
D 160 91 2 150 161 152 29
D 148 93 2 149 153 160 8
L 163 88 47
D 162 87 2 145 163 147 29
D 143 89 2 144 148 162 8
L 166 84 44
D 165 83 2 139 166 141 29
D 164 81 2 137 165 142 29
D 135 85 2 136 143 164 8
L 170 100 -56
L 171 102 -57
L 172 100 56
D 169 101 2 170 171 172 8
L 174 104 -58
L 176 106 -59
L 177 108 60
L 178 106 59
D 175 107 2 176 177 178 8
L 179 104 58
D 173 105 2 174 175 179 8
L 181 102 57
D 180 101 2 170 181 172 29
D 168 103 2 169 173 180 8
L 185 110 -53
L 186 112 -54
L 187 110 53
D 184 111 2 185 186 187 8
L 189 114 -52
L 191 116 -55
L 192 118 -51
L 193 116 55
D 190 117 2 191 192 193 8
L 194 114 52
D 188 115 2 189 190 194 8
L 196 112 54
D 195 111 2 185 196 187 29
D 183 113 2 184 188 195 8
L 200 120 -76
L 201 122 -77
L 202 120 76
D 199 121 2 200 201 202 8
L 204 124 -78
L 206 126 -79
L 207 128 80
L 208 126 79
D 205 127 2 206 207 208 8
L 209 124 78
D 203 125 2 204 205 209 8
L 211 122 77
D 210 121 2 200 211 202 29
D 198 123 2 199 203 210 8
L 215 130 -73
L 216 132 -72
L 217 130 73
D 214 131 2 215 216 217 8
L 219 134 -71
L 221 136 -74
L 222 138 -75
L 223 136 74
D 220 137 2 221 222 223 8
L 224 134 71
D 218 135 2 219 220 224 8
L 226 132 72
D 225 131 2 215 226 217 29
D 213 133 2 214 218 225 8
L 229 140 -61
L 230 142 -62
L 231 140 61
D 228 141 2 229 230 231 8
L 234 144 -63
L 235 146 -64
L 236 144 63
D 233 145 2 234 235 236 8
L 238 148 -65
L 240 150 -66
L 242 152 -67
L 244 154 -68
L 246 156 -69
L 247 158 70
L 248 156 69
D 245 157 2 246 247 248 8
L 249 154 68
D 243 155 2 244 245 249 8
L 250 152 67
D 241 153 2 242 243 250 8
L 251 150 66
D 239 151 2 240 241 251 8
L 252 148 65
D 237 149 2 238 239 252 8
L 254 146 64
D 253 145 2 234 254 236 29
D 232 147 2 233 237 253 8
L 256 142 62
D 255 141 2 229 256 231 29
D 227 143 2 228 232 255 8
L 260 138 75
D 259 137 2 221 260 223 29
D 258 135 2 219 259 224 29
D 257 133 2 214 258 225 29
D 212 139 2 213 227 257 8
L 264 128 -80
D 263 127 2 206 264 208 29
D 262 125 2 204 263 209 29
D 261 123 2 199 262 210 29
D 197 129 2 198 212 261 8
L 268 118 51
D 267 117 2 191 268 193 29
D 266 115 2 189 267 194 29
D 265 113 2 184 266 195 29
D 182 119 2 183 197 265 8
L 272 108 -60
D 271 107 2 176 272 178 29
D 270 105 2 174 271 179 29
D 269 103 2 169 270 180 29
D 167 109 2 168 182 269 8
L 278 98 -50
D 277 97 2 156 278 158 29
D 276 95 2 154 277 159 29
D 275 93 2 149 276 160 29
D 274 89 2 144 275 162 29
D 273 85 2 136 274 164 29
D 134 99 2 135 167 273 8
L 284 78 -40
D 283 77 2 123 284 125 29
D 282 75 2 121 283 126 29
D 281 73 2 116 282 127 29
D 280 69 2 111 281 129 29
D 279 65 2 103 280 131 29
D 101 79 2 102 134 279 8
L 290 58 -30
D 289 57 2 90 290 92 29
D 288 55 2 88 289 93 29
D 287 53 2 83 288 94 29
D 286 49 2 78 287 96 29
D 285 45 2 70 286 98 29
D 68 59 2 69 101 285 8
L 296 38 -20
D 295 37 2 57 296 59 29
D 294 35 2 55 295 60 29
D 293 33 2 50 294 61 29
D 292 29 2 45 293 63 29
D 291 25 2 37 292 65 29
D 35 39 2 36 68 291 8
D 299 3 2 5 34 7 8
D 298 1 2 9 299 3 8
D 301 3 2 5 6 7 29
D 300 1 2 9 301 3 29
D 297 5 2 298 10 300 8
D 307 37 2 59 296 57 8
D 306 35 2 55 307 60 8
D 305 33 2 50 306 61 8
D 304 29 2 45 305 63 8
D 303 25 2 37 304 65 8
D 313 57 2 92 290 90 8
D 312 55 2 88 313 93 8
D 311 53 2 83 312 94 8
D 310 49 2 78 311 96 8
D 309 45 2 70 310 98 8
D 319 77 2 125 284 123 8
D 318 75 2 121 319 126 8
D 317 73 2 116 318 127 8
D 316 69 2 111 317 129 8
D 315 65 2 103 316 131 8
D 325 97 2 158 278 156 8
D 324 95 2 154 325 159 8
D 323 93 2 149 324 160 8
D 322 89 2 144 323 162 8
D 321 85 2 136 322 164 8
L 337 158 -70
D 336 157 2 248 337 246 8
D 335 155 2 244 336 249 8
D 334 153 2 242 335 250 8
D 333 151 2 240 334 251 8
D 332 149 2 238 333 252 8
D 331 147 2 233 332 253 8
D 330 143 2 228 331 255 8
D 329 139 2 213 330 257 8
D 340 127 2 208 264 206 8
D 339 125 2 204 340 209 8
D 338 123 2 199 339 210 8
D 343 127 2 206 264 208 207
D 342 125 2 204 343 209 29
D 341 123 2 199 342 210 29
D 328 129 3 198 329 338 212 341 8
D 327 119 2 183 328 265 8
D 346 107 2 178 272 176 8
D 345 105 2 174 346 179 8
D 344 103 2 169 345 180 8
D 349 107 2 176 272 178 177
D 348 105 2 174 349 179 29
D 347 103 2 169 348 180 29
D 326 109 3 168 327 344 182 347 8
D 354 97 2 156 278 158 157
D 353 95 2 154 354 159 29
D 352 93 2 149 353 160 29
D 351 89 2 144 352 162 29
D 350 85 2 136 351 164 29
D 320 99 3 321 167 135 326 350 8
D 359 77 2 123 284 125 124
D 358 75 2 121 359 126 29
D 357 73 2 116 358 127 29
D 356 69 2 111 357 129 29
D 355 65 2 103 356 131 29
D 314 79 3 315 134 102 320 355 8
D 364 57 2 90 290 92 91
D 363 55 2 88 364 93 29
D 362 53 2 83 363 94 29
D 361 49 2 78 362 96 29
D 360 45 2 70 361 98 29
D 308 59 3 309 101 69 314 360 8
D 369 37 2 57 296 59 58
D 368 35 2 55 369 60 29
D 367 33 2 50 368 61 29
D 366 29 2 45 367 63 29
D 365 25 2 37 366 65 29
D 302 39 3 303 68 36 308 365 8
D 371 1 2 3 299 9 8
D 374 11 2 19 18 17 8
D 375 11 2 19 28 17 29
D 373 13 2 374 20 375 8
D 372 9 2 11 373 30 8
D 376 1 2 3 301 9 29
D 370 5 2 371 372 376 8
D 382 37 2 57 296 59 8
D 381 35 2 60 382 55 8
D 380 33 2 50 381 61 8
D 379 29 2 45 380 63 8
D 378 25 2 37 379 65 8
D 388 57 2 90 290 92 8
D 387 55 2 93 388 88 8
D 386 53 2 83 387 94 8
D 385 49 2 78 386 96 8
D 384 45 2 70 385 98 8
D 394 77 2 123 284 125 8
D 393 75 2 126 394 121 8
D 392 73 2 116 393 127 8
D 391 69 2 111 392 129 8
D 390 65 2 103 391 131 8
D 400 97 2 156 278 158 8
D 399 95 2 159 400 154 8
D 398 93 2 149 399 160 8
D 397 89 2 144 398 162 8
D 396 85 2 136 397 164 8
D 411 157 2 246 337 248 8
D 410 155 2 249 411 244 8
D 409 153 2 242 410 250 8
D 408 151 2 240 409 251 8
D 407 149 2 238 408 252 8
D 406 147 2 233 407 253 8
D 405 143 2 228 406 255 8
D 404 139 2 213 405 257 8
D 414 127 2 206 264 208 8
D 413 125 2 209 414 204 8
D 412 123 2 199 413 210 8
D 417 127 2 206 207 208 29
D 416 125 2 204 343 209 417
D 415 123 2 199 416 210 29
D 403 129 4 198 404 338 329 412 212 415 8
D 402 119 2 183 403 265 8
D 420 107 2 176 272 178 8
D 419 105 2 179 420 174 8
D 418 103 2 169 419 180 8
D 423 107 2 176 177 178 29
D 422 105 2 174 349 179 423
D 421 103 2 169 422 180 29
D 401 109 4 168 402 344 327 418 182 421 8
D 428 97 2 156 157 158 29
D 427 95 2 159 428 154 354
D 426 93 2 149 427 160 29
D 425 89 2 144 426 162 29
D 424 85 2 136 425 164 29
D 395 99 4 396 167 321 326 135 401 424 8
D 433 77 2 123 124 125 29
D 432 75 2 126 433 121 359
D 431 73 2 116 432 127 29
D 430 69 2 111 431 129 29
D 429 65 2 103 430 131 29
D 389 79 4 390 134 315 320 102 395 429 8
D 438 57 2 90 91 92 29
D 437 55 2 93 438 88 364
D 436 53 2 83 437 94 29
D 435 49 2 78 436 96 29
D 434 45 2 70 435 98 29
D 383 59 4 384 101 309 314 69 389 434 8
D 443 37 2 57 58 59 29
D 442 35 2 60 443 55 369
D 441 33 2 50 442 61 29
D 440 29 2 45 441 63 29
D 439 25 2 37 440 65 29
D 377 39 4 378 68 303 308 36 383 439 8
D 446 7 2 14 13 12 8
D 447 7 2 14 31 12 29
D 445 9 2 446 15 447 8
D 444 5 2 371 445 376 8
D 451 27 2 46 64 48 8
D 453 35 2 55 382 60 8
D 452 33 2 50 453 61 8
D 454 27 2 46 47 48 29
D 450 29 2 451 452 454 8
D 449 25 2 37 450 65 8
D 458 47 2 79 97 81 8
D 460 55 2 88 388 93 8
D 459 53 2 83 460 94 8
D 461 47 2 79 80 81 29
D 457 49 2 458 459 461 8
D 456 45 2 70 457 98 8
D 465 67 2 112 130 114 8
D 467 75 2 121 394 126 8
D 466 73 2 116 467 127 8
D 468 67 2 112 113 114 29
D 464 69 2 465 466 468 8
D 463 65 2 103 464 131 8
D 472 87 2 145 163 147 8
D 474 95 2 154 400 159 8
D 473 93 2 149 474 160 8
D 475 87 2 145 146 147 29
D 471 89 2 472 473 475 8
D 470 85 2 136 471 164 8
D 485 155 2 244 411 249 8
D 484 153 2 250 485 242 8
D 483 151 2 240 484 251 8
D 482 149 2 238 483 252 8
D 481 147 2 233 482 253 8
D 480 143 2 228 481 255 8
D 479 139 2 213 480 257 8
D 487 121 2 200 211 202 8
D 488 125 2 204 414 209 8
D 489 121 2 200 201 202 29
D 486 123 2 487 488 489 8
D 491 125 2 204 417 209 29
D 490 123 3 199 416 487 491 202 29
D 478 129 5 198 479 338 404 412 329 486 212 490 8
D 477 119 2 183 478 265 8
D 493 101 2 170 181 172 8
D 494 105 2 174 420 179 8
D 495 101 2 170 171 172 29
D 492 103 2 493 494 495 8
D 497 105 2 174 423 179 29
D 496 103 3 169 422 493 497 172 29
D 476 109 5 168 477 344 402 418 327 492 182 496 8
D 501 95 2 154 428 159 29
D 500 93 2 149 501 160 29
D 499 89 3 144 426 472 500 147 29
D 498 85 2 136 499 164 29
D 469 99 5 470 167 396 326 321 401 135 476 498 8
D 505 75 2 121 433 126 29
D 504 73 2 116 505 127 29
D 503 69 3 111 431 465 504 114 29
D 502 65 2 103 503 131 29
D 462 79 5 463 134 390 320 315 395 102 469 502 8
D 509 55 2 88 438 93 29
D 508 53 2 83 509 94 29
D 507 49 3 78 436 458 508 81 29
D 506 45 2 70 507 98 29
D 455 59 5 456 101 384 314 309 389 69 462 506 8
D 513 35 2 55 443 60 29
D 512 33 2 50 513 61 29
D 511 29 3 45 441 451 512 48 29
D 510 25 2 37 511 65 29
D 448 39 5 449 68 378 308 303 383 36 455 510 8
D 516 7 2 12 31 14 8
D 517 7 2 12 13 14 29
D 515 9 2 516 15 517 8
D 514 5 2 371 515 376 8
D 521 27 2 48 47 46 8
D 522 27 2 48 64 46 29
D 520 29 2 521 452 522 8
D 519 25 2 37 520 65 8
D 526 47 2 81 80 79 8
D 527 47 2 81 97 79 29
D 525 49 2 526 459 527 8
D 524 45 2 70 525 98 8
D 531 67 2 114 113 112 8
D 532 67 2 114 130 112 29
D 530 69 2 531 466 532 8
D 529 65 2 103 530 131 8
D 536 87 2 147 146 145 8
D 537 87 2 147 163 145 29
D 535 89 2 536 473 537 8
D 534 85 2 136 535 164 8
D 546 153 2 242 485 250 8
D 545 151 2 251 546 240 8
D 544 149 2 238 545 252 8
D 543 147 2 233 544 253 8
D 542 143 2 228 543 255 8
D 541 139 2 213 542 257 8
D 548 121 2 202 201 200 8
D 549 121 2 202 211 200 29
D 547 123 2 548 488 549 8
D 551 121 2 202 201 200 211
D 552 121 2 202 211 200 8
D 550 123 3 199 416 551 491 552 29
D 540 129 6 198 541 338 479 412 404 486 329 547 212 550 8
D 539 119 2 183 540 265 8
D 554 101 2 172 171 170 8
D 555 101 2 172 181 170 29
D 553 103 2 554 494 555 8
D 557 101 2 172 171 170 181
D 558 101 2 172 181 170 8
D 556 103 3 169 422 557 497 558 29
D 538 109 6 168 539 344 477 418 402 492 327 553 182 556 8
D 561 87 2 147 146 145 163
D 562 87 2 147 163 145 8
D 560 89 3 144 426 561 500 562 29
D 559 85 2 136 560 164 29
D 533 99 6 534 167 470 326 396 401 321 476 135 538 559 8
D 565 67 2 114 113 112 130
D 566 67 2 114 130 112 8
D 564 69 3 111 431 565 504 566 29
D 563 65 2 103 564 131 29
D 528 79 6 529 134 463 320 390 395 315 469 102 533 563 8
D 569 47 2 81 80 79 97
D 570 47 2 81 97 79 8
D 568 49 3 78 436 569 508 570 29
D 567 45 2 70 568 98 29
D 523 59 6 524 101 456 314 384 389 309 462 69 528 567 8
D 573 27 2 48 47 46 64
D 574 27 2 48 64 46 8
D 572 29 3 45 441 573 512 574 29
D 571 25 2 37 572 65 29
D 518 39 6 519 68 449 308 378 383 303 455 36 523 571 8
D 578 15 2 26 22 21 8
D 577 13 2 16 578 27 8
D 576 9 2 11 577 30 8
D 575 5 2 371 576 376 8
D 583 31 2 53 52 51 8
D 584 31 2 53 62 51 29
D 582 33 2 583 453 584 8
D 581 29 2 45 582 63 8
D 580 25 2 37 581 65 8
D 589 51 2 86 85 84 8
D 590 51 2 86 95 84 29
D 588 53 2 589 460 590 8
D 587 49 2 78 588 96 8
D 586 45 2 70 587 98 8
D 595 71 2 119 118 117 8
D 596 71 2 119 128 117 29
D 594 73 2 595 467 596 8
D 593 69 2 111 594 129 8
D 592 65 2 103 593 131 8
D 601 91 2 152 151 150 8
D 602 91 2 152 161 150 29
D 600 93 2 601 474 602 8
D 599 89 2 144 600 162 8
D 598 85 2 136 599 164 8
D 604 103 2 169 494 180 8
D 608 117 2 193 192 191 8
D 607 115 2 189 608 194 8
D 606 113 2 184 607 195 8
D 611 117 2 193 268 191 29
D 610 115 2 189 611 194 29
D 609 113 2 184 610 195 29
D 605 119 2 606 197 609 8
D 618 151 2 240 546 251 8
D 617 149 2 252 618 238 8
D 616 147 2 233 617 253 8
D 615 143 2 228 616 255 8
D 614 139 2 213 615 257 8
D 619 123 2 199 488 210 8
D 623 137 2 221 260 223 8
D 622 135 2 219 623 224 8
D 621 133 2 214 622 225 8
D 626 137 2 221 222 223 29
D 625 135 2 219 626 224 29
D 624 133 2 214 625 225 29
D 620 139 2 621 227 624 8
D 629 127 2 208 207 206 8
D 628 125 2 204 629 209 417
D 627 123 3 199 628 551 491 552 29
D 613 129 7 198 614 619 620 338 541 412 479 486 404 547 329 627 8
D 612 119 2 183 613 265 8
D 632 107 2 178 177 176 8
D 631 105 2 174 632 179 423
D 630 103 3 169 631 557 497 558 29
D 603 109 7 604 605 168 612 344 539 418 477 492 402 553 327 630 8
D 635 93 3 601 501 149 427 161 29
D 634 89 3 144 635 561 500 562 29
D 633 85 2 136 634 164 29
D 597 99 7 598 167 534 326 470 401 396 476 321 538 135 603 633 8
D 638 73 3 595 505 116 432 128 29
D 637 69 3 111 638 565 504 566 29
D 636 65 2 103 637 131 29
D 591 79 7 592 134 529 320 463 395 390 469 315 533 102 597 636 8
D 641 53 3 589 509 83 437 95 29
D 640 49 3 78 641 569 508 570 29
D 639 45 2 70 640 98 29
D 585 59 7 586 101 524 314 456 389 384 462 309 528 69 591 639 8
D 644 33 3 583 513 50 442 62 29
D 643 29 3 45 644 573 512 574 29
D 642 25 2 37 643 65 29
D 579 39 7 580 68 519 308 449 383 378 455 303 523 36 585 642 8
D 649 17 2 25 24 23 8
D 648 15 2 21 649 26 8
D 647 13 2 16 648 27 8
D 646 9 2 11 647 30 8
D 645 5 2 371 646 376 8
D 652 21 2 43 39 38 8
D 653 29 2 45 452 63 8
D 654 21 2 43 66 38 29
D 651 25 2 652 653 654 8
D 657 41 2 76 72 71 8
D 658 49 2 78 459 96 8
D 659 41 2 76 99 71 29
D 656 45 2 657 658 659 8
D 662 61 2 109 105 104 8
D 663 69 2 111 466 129 8
D 664 61 2 109 132 104 29
D 661 65 2 662 663 664 8
D 668 83 2 139 166 141 8
D 667 81 2 137 668 142 8
D 669 89 2 144 473 162 8
D 671 83 2 139 140 141 29
D 670 81 2 137 671 142 29
D 666 85 2 667 669 670 8
D 675 111 2 185 196 187 8
D 676 111 2 185 186 187 29
D 674 113 2 675 188 676 8
D 677 113 3 184 610 675 266 187 29
D 673 119 3 606 328 674 197 677 8
D 683 145 2 234 254 236 8
D 684 149 2 238 618 252 8
D 685 145 2 234 235 236 29
D 682 147 2 683 684 685 8
D 681 143 2 228 682 255 8
D 680 139 2 213 681 257 8
D 689 137 2 223 222 221 8
D 688 135 2 219 689 224 8
D 687 133 2 214 688 225 8
D 692 137 2 221 222 223 260
D 691 135 2 219 692 224 29
D 690 133 2 214 691 225 29
D 686 139 3 687 227 621 330 690 8
D 679 129 7 198 680 619 686 338 614 412 541 486 479 547 404 627 8
D 678 119 2 183 679 265 8
D 672 109 7 604 673 168 678 344 612 418 539 492 477 553 402 630 8
D 694 89 2 144 500 162 29
D 695 81 2 137 141 142 29
D 693 85 3 136 634 667 694 695 29
D 665 99 8 666 167 598 326 534 401 470 476 396 538 321 603 135 672 693 8
D 697 69 2 111 504 129 29
D 696 65 3 103 637 662 697 132 29
D 660 79 8 661 134 592 320 529 395 463 469 390 533 315 597 102 665 696 8
D 699 49 2 78 508 96 29
D 698 45 3 70 640 657 699 99 29
D 655 59 8 656 101 586 314 524 389 456 462 384 528 309 591 69 660 698 8
D 701 29 2 45 512 63 29
D 700 25 3 37 643 652 701 66 29
D 650 39 8 651 68 580 308 519 383 449 455 378 523 303 585 36 655 700 8
L 707 18 10
D 706 17 2 23 707 25 8
D 705 15 2 21 706 26 8
D 704 13 2 16 705 27 8
D 703 9 2 11 704 30 8
D 702 5 2 371 703 376 8
D 711 23 2 40 67 42 8
D 710 21 2 38 711 43 8
D 713 23 2 40 41 42 29
D 712 21 2 38 713 43 29
D 709 25 2 710 653 712 8
D 717 43 2 73 100 75 8
D 716 41 2 71 717 76 8
D 719 43 2 73 74 75 29
D 718 41 2 71 719 76 29
D 715 45 2 716 658 718 8
D 723 63 2 106 133 108 8
D 722 61 2 104 723 109 8
D 725 63 2 106 107 108 29
D 724 61 2 104 725 109 29
D 721 65 2 722 663 724 8
D 729 83 2 141 140 139 8
D 728 81 2 137 729 142 8
D 731 83 2 141 166 139 29
D 730 81 2 137 731 142 29
D 727 85 2 728 669 730 8
D 735 111 2 187 186 185 8
D 736 111 2 187 196 185 29
D 734 113 2 735 188 736 8
D 738 111 2 187 186 185 196
D 739 111 2 187 196 185 8
D 737 113 3 184 610 738 266 739 29
D 733 119 4 674 328 606 403 734 197 737 8
D 745 145 2 236 235 234 8
D 746 145 2 236 254 234 29
D 744 147 2 745 684 746 8
D 743 143 2 228 744 255 8
D 742 139 2 213 743 257 8
D 749 131 2 217 216 215 8
D 750 131 2 217 226 215 29
D 748 133 2 749 218 750 8
D 751 133 3 214 691 749 258 226 29
D 747 139 4 748 227 687 330 621 405 751 8
D 741 129 7 198 742 619 747 338 680 412 614 486 541 547 479 627 8
D 740 119 2 183 741 265 8
D 732 109 7 604 733 168 740 344 678 418 612 492 539 553 477 630 8
D 754 83 2 141 140 139 166
D 753 81 2 137 754 142 8
D 756 83 2 141 166 139 8
D 755 81 2 137 756 142 29
D 752 85 3 136 634 753 694 755 29
D 726 99 9 727 167 666 326 598 401 534 476 470 538 396 603 321 672 135 732 752 8
D 758 61 2 104 723 109 105
D 759 61 2 109 132 104 108
D 757 65 3 103 637 758 697 759 29
D 720 79 9 721 134 661 320 592 395 529 469 463 533 390 597 315 665 102 726 757 8
D 761 41 2 71 717 76 72
D 762 41 2 76 99 71 75
D 760 45 3 70 640 761 699 762 29
D 714 59 9 715 101 656 314 586 389 524 462 456 528 384 591 309 660 69 720 760 8
D 764 21 2 38 711 43 39
D 765 21 2 43 66 38 42
D 763 25 3 37 643 764 701 765 29
D 708 39 9 709 68 651 308 580 383 519 455 449 523 378 585 303 655 36 714 763 8
D 767 1 2 3 4 9 299
D 771 17 2 23 707 25 29
D 770 15 2 21 771 26 29
D 769 13 2 16 770 27 29
D 768 9 2 11 769 30 29
D 775 17 2 23 24 25 707
D 774 15 2 21 775 26 771
D 773 13 3 16 774 374 770 28 29
D 776 7 2 14 13 12 31
D 777 7 2 14 31 12 8
D 772 9 3 11 773 776 769 777 29
D 778 1 2 9 301 3 7
D 766 5 3 767 768 371 772 778 29
D 0 19 9 1 35 297 302 370 377 444 448 514 518 575 579 645 650 702 708 766 8
