c ids of sdd nodes start at 0
c sdd nodes appear bottom-up, children before parents
c
c file syntax:
c sdd count-of-sdd-nodes
c F id-of-false-sdd-node
c T id-of-true-sdd-node
c L id-of-literal-sdd-node id-of-vtree literal
c D id-of-decomposition-sdd-node id-of-vtree number-of-elements {id-of-prime id-of-sub}*
c
sdd 714
L 3 0 4
L 5 2 -2
L 6 4 -3
L 7 2 2
F 8
D 4 3 2 5 6 7 8
L 9 0 -4
D 2 1 2 3 4 9 8
L 12 6 -6
L 13 8 -7
L 14 6 6
D 11 7 2 12 13 14 8
L 17 10 -5
L 18 12 -1
L 19 10 5
D 16 11 2 17 18 19 8
L 21 14 -8
L 23 16 -9
L 24 18 -10
L 25 16 9
D 22 17 2 23 24 25 8
L 26 14 8
D 20 15 2 21 22 26 8
L 28 12 1
T 29
D 27 11 2 17 28 19 29
D 15 13 2 16 20 27 8
L 31 8 7
D 30 7 2 12 31 14 29
D 10 9 2 11 15 30 8
L 34 4 3
D 33 3 2 5 34 7 29
D 32 1 2 3 33 9 29
D 1 5 2 2 10 32 8
L 38 20 -14
L 40 22 -12
L 41 24 -13
L 42 22 12
D 39 23 2 40 41 42 8
L 43 20 14
D 37 21 2 38 39 43 8
L 46 26 -16
L 47 28 -17
L 48 26 16
D 45 27 2 46 47 48 8
L 51 30 -15
L 52 32 -11
L 53 30 15
D 50 31 2 51 52 53 8
L 55 34 -18
L 57 36 -19
L 58 38 20
L 59 36 19
D 56 37 2 57 58 59 8
L 60 34 18
D 54 35 2 55 56 60 8
L 62 32 11
D 61 31 2 51 62 53 29
D 49 33 2 50 54 61 8
L 64 28 17
D 63 27 2 46 64 48 29
D 44 29 2 45 49 63 8
L 67 24 13
D 66 23 2 40 67 42 29
D 65 21 2 38 66 43 29
D 36 25 2 37 44 65 8
L 71 40 -24
L 73 42 -22
L 74 44 -23
L 75 42 22
D 72 43 2 73 74 75 8
L 76 40 24
D 70 41 2 71 72 76 8
L 79 46 -26
L 80 48 -27
L 81 46 26
D 78 47 2 79 80 81 8
L 84 50 -25
L 85 52 -21
L 86 50 25
D 83 51 2 84 85 86 8
L 88 54 -28
L 90 56 -29
L 91 58 30
L 92 56 29
D 89 57 2 90 91 92 8
L 93 54 28
D 87 55 2 88 89 93 8
L 95 52 21
D 94 51 2 84 95 86 29
D 82 53 2 83 87 94 8
L 97 48 27
D 96 47 2 79 97 81 29
D 77 49 2 78 82 96 8
L 100 44 23
D 99 43 2 73 100 75 29
D 98 41 2 71 99 76 29
D 69 45 2 70 77 98 8
L 104 60 -34
L 106 62 -32
L 107 64 -33
L 108 62 32
D 105 63 2 106 107 108 8
L 109 60 34
D 103 61 2 104 105 109 8
L 112 66 -36
L 113 68 -37
L 114 66 36
D 111 67 2 112 113 114 8
L 117 70 -35
L 118 72 -31
L 119 70 35
D 116 71 2 117 118 119 8
L 121 74 -38
L 123 76 -39
L 124 78 40
L 125 76 39
D 122 77 2 123 124 125 8
L 126 74 38
D 120 75 2 121 122 126 8
L 128 72 31
D 127 71 2 117 128 119 29
D 115 73 2 116 120 127 8
L 130 68 37
D 129 67 2 112 130 114 29
D 110 69 2 111 115 129 8
L 133 64 33
D 132 63 2 106 133 108 29
D 131 61 2 104 132 109 29
D 102 65 2 103 110 131 8
L 137 80 -42
L 139 82 -43
L 140 84 -44
L 141 82 43
D 138 83 2 139 140 141 8
L 142 80 42
D 136 81 2 137 138 142 8
L 145 86 -46
L 146 88 -47
L 147 86 46
D 144 87 2 145 146 147 8
L 150 90 -45
L 151 92 -41
L 152 90 45
D 149 91 2 150 151 152 8
L 154 94 -48
L 156 96 -49
L 157 98 50
L 158 96 49
D 155 97 2 156 157 158 8
L 159 94 48
D 153 95 2 154 155 159 8
L 161 92 41
D 160 91 2 150 161 152 29
D 148 93 2 149 153 160 8
L 163 88 47
D 162 87 2 145 163 147 29
D 143 89 2 144 148 162 8
L 166 84 44
D 165 83 2 139 166 141 29
D 164 81 2 137 165 142 29
D 135 85 2 136 143 164 8
L 170 100 -56
L 171 102 -57
L 172 100 56
D 169 101 2 170 171 172 8
L 174 104 -58
L 176 106 -59
L 177 108 60
L 178 106 59
D 175 107 2 176 177 178 8
L 179 104 58
D 173 105 2 174 175 179 8
L 181 102 57
D 180 101 2 170 181 172 29
D 168 103 2 169 173 180 8
L 185 110 -53
L 186 112 -54
L 187 110 53
D 184 111 2 185 186 187 8
L 189 114 -52
L 191 116 -55
L 192 118 -51
L 193 116 55
D 190 117 2 191 192 193 8
L 194 114 52
D 188 115 2 189 190 194 8
L 196 112 54
D 195 111 2 185 196 187 29
D 183 113 2 184 188 195 8
L 200 120 -76
L 201 122 -77
L 202 120 76
D 199 121 2 200 201 202 8
L 204 124 -78
L 206 126 -79
L 207 128 80
L 208 126 79
D 205 127 2 206 207 208 8
L 209 124 78
D 203 125 2 204 205 209 8
L 211 122 77
D 210 121 2 200 211 202 29
D 198 123 2 199 203 210 8
L 215 130 -73
L 216 132 -72
L 217 130 73
D 214 131 2 215 216 217 8
L 219 134 -71
L 221 136 -74
L 222 138 -75
L 223 136 74
D 220 137 2 221 222 223 8
L 224 134 71
D 218 135 2 219 220 224 8
L 226 132 72
D 225 131 2 215 226 217 29
D 213 133 2 214 218 225 8
L 229 140 -61
L 230 142 -62
L 231 140 61
D 228 141 2 229 230 231 8
L 234 144 -63
L 235 146 -64
L 236 144 63
D 233 145 2 234 235 236 8
L 238 148 -65
L 240 150 -66
L 242 152 -67
L 244 154 -68
L 246 156 -69
L 247 158 70
L 248 156 69
D 245 157 2 246 247 248 8
L 249 154 68
D 243 155 2 244 245 249 8
L 250 152 67
D 241 153 2 242 243 250 8
L 251 150 66
D 239 151 2 240 241 251 8
L 252 148 65
D 237 149 2 238 239 252 8
L 254 146 64
D 253 145 2 234 254 236 29
D 232 147 2 233 237 253 8
L 256 142 62
D 255 141 2 229 256 231 29
D 227 143 2 228 232 255 8
L 260 138 75
D 259 137 2 221 260 223 29
D 258 135 2 219 259 224 29
D 257 133 2 214 258 225 29
D 212 139 2 213 227 257 8
L 264 128 -80
D 263 127 2 206 264 208 29
D 262 125 2 204 263 209 29
D 261 123 2 199 262 210 29
D 197 129 2 198 212 261 8
L 268 118 51
D 267 117 2 191 268 193 29
D 266 115 2 189 267 194 29
D 265 113 2 184 266 195 29
D 182 119 2 183 197 265 8
L 272 108 -60
D 271 107 2 176 272 178 29
D 270 105 2 174 271 179 29
D 269 103 2 169 270 180 29
D 167 109 2 168 182 269 8
L 278 98 -50
D 277 97 2 156 278 158 29
D 276 95 2 154 277 159 29
D 275 93 2 149 276 160 29
D 274 89 2 144 275 162 29
D 273 85 2 136 274 164 29
D 134 99 2 135 167 273 8
L 284 78 -40
D 283 77 2 123 284 125 29
D 282 75 2 121 283 126 29
D 281 73 2 116 282 127 29
D 280 69 2 111 281 129 29
D 279 65 2 103 280 131 29
D 101 79 2 102 134 279 8
L 290 58 -30
D 289 57 2 90 290 92 29
D 288 55 2 88 289 93 29
D 287 53 2 83 288 94 29
D 286 49 2 78 287 96 29
D 285 45 2 70 286 98 29
D 68 59 2 69 101 285 8
L 296 38 -20
D 295 37 2 57 296 59 29
D 294 35 2 55 295 60 29
D 293 33 2 50 294 61 29
D 292 29 2 45 293 63 29
D 291 25 2 37 292 65 29
D 35 39 2 36 68 291 8
D 298 1 2 9 4 3 8
D 301 11 2 19 18 17 8
D 302 11 2 19 28 17 29
D 300 13 2 301 20 302 8
D 299 9 2 11 300 30 8
D 303 1 2 9 33 3 29
D 297 5 2 298 299 303 8
D 309 37 2 59 296 57 8
D 308 35 2 55 309 60 8
D 307 33 2 50 308 61 8
D 306 29 2 45 307 63 8
D 305 25 2 37 306 65 8
D 315 57 2 92 290 90 8
D 314 55 2 88 315 93 8
D 313 53 2 83 314 94 8
D 312 49 2 78 313 96 8
D 311 45 2 70 312 98 8
D 321 77 2 125 284 123 8
D 320 75 2 121 321 126 8
D 319 73 2 116 320 127 8
D 318 69 2 111 319 129 8
D 317 65 2 103 318 131 8
D 327 97 2 158 278 156 8
D 326 95 2 154 327 159 8
D 325 93 2 149 326 160 8
D 324 89 2 144 325 162 8
D 323 85 2 136 324 164 8
L 339 158 -70
D 338 157 2 248 339 246 8
D 337 155 2 244 338 249 8
D 336 153 2 242 337 250 8
D 335 151 2 240 336 251 8
D 334 149 2 238 335 252 8
D 333 147 2 233 334 253 8
D 332 143 2 228 333 255 8
D 331 139 2 213 332 257 8
D 342 127 2 208 264 206 8
D 341 125 2 204 342 209 8
D 340 123 2 199 341 210 8
D 345 127 2 206 264 208 207
D 344 125 2 204 345 209 29
D 343 123 2 199 344 210 29
D 330 129 3 198 331 340 212 343 8
D 329 119 2 183 330 265 8
D 348 107 2 178 272 176 8
D 347 105 2 174 348 179 8
D 346 103 2 169 347 180 8
D 351 107 2 176 272 178 177
D 350 105 2 174 351 179 29
D 349 103 2 169 350 180 29
D 328 109 3 168 329 346 182 349 8
D 356 97 2 156 278 158 157
D 355 95 2 154 356 159 29
D 354 93 2 149 355 160 29
D 353 89 2 144 354 162 29
D 352 85 2 136 353 164 29
D 322 99 3 323 167 135 328 352 8
D 361 77 2 123 284 125 124
D 360 75 2 121 361 126 29
D 359 73 2 116 360 127 29
D 358 69 2 111 359 129 29
D 357 65 2 103 358 131 29
D 316 79 3 317 134 102 322 357 8
D 366 57 2 90 290 92 91
D 365 55 2 88 366 93 29
D 364 53 2 83 365 94 29
D 363 49 2 78 364 96 29
D 362 45 2 70 363 98 29
D 310 59 3 311 101 69 316 362 8
D 371 37 2 57 296 59 58
D 370 35 2 55 371 60 29
D 369 33 2 50 370 61 29
D 368 29 2 45 369 63 29
D 367 25 2 37 368 65 29
D 304 39 3 305 68 36 310 367 8
D 374 7 2 14 13 12 8
D 375 7 2 14 31 12 29
D 373 9 2 374 15 375 8
D 372 5 2 298 373 303 8
D 381 37 2 57 296 59 8
D 380 35 2 60 381 55 8
D 379 33 2 50 380 61 8
D 378 29 2 45 379 63 8
D 377 25 2 37 378 65 8
D 387 57 2 90 290 92 8
D 386 55 2 93 387 88 8
D 385 53 2 83 386 94 8
D 384 49 2 78 385 96 8
D 383 45 2 70 384 98 8
D 393 77 2 123 284 125 8
D 392 75 2 126 393 121 8
D 391 73 2 116 392 127 8
D 390 69 2 111 391 129 8
D 389 65 2 103 390 131 8
D 399 97 2 156 278 158 8
D 398 95 2 159 399 154 8
D 397 93 2 149 398 160 8
D 396 89 2 144 397 162 8
D 395 85 2 136 396 164 8
D 410 157 2 246 339 248 8
D 409 155 2 249 410 244 8
D 408 153 2 242 409 250 8
D 407 151 2 240 408 251 8
D 406 149 2 238 407 252 8
D 405 147 2 233 406 253 8
D 404 143 2 228 405 255 8
D 403 139 2 213 404 257 8
D 413 127 2 206 264 208 8
D 412 125 2 209 413 204 8
D 411 123 2 199 412 210 8
D 416 127 2 206 207 208 29
D 415 125 2 204 345 209 416
D 414 123 2 199 415 210 29
D 402 129 4 198 403 340 331 411 212 414 8
D 401 119 2 183 402 265 8
D 419 107 2 176 272 178 8
D 418 105 2 179 419 174 8
D 417 103 2 169 418 180 8
D 422 107 2 176 177 178 29
D 421 105 2 174 351 179 422
D 420 103 2 169 421 180 29
D 400 109 4 168 401 346 329 417 182 420 8
D 427 97 2 156 157 158 29
D 426 95 2 159 427 154 356
D 425 93 2 149 426 160 29
D 424 89 2 144 425 162 29
D 423 85 2 136 424 164 29
D 394 99 4 395 167 323 328 135 400 423 8
D 432 77 2 123 124 125 29
D 431 75 2 126 432 121 361
D 430 73 2 116 431 127 29
D 429 69 2 111 430 129 29
D 428 65 2 103 429 131 29
D 388 79 4 389 134 317 322 102 394 428 8
D 437 57 2 90 91 92 29
D 436 55 2 93 437 88 366
D 435 53 2 83 436 94 29
D 434 49 2 78 435 96 29
D 433 45 2 70 434 98 29
D 382 59 4 383 101 311 316 69 388 433 8
D 442 37 2 57 58 59 29
D 441 35 2 60 442 55 371
D 440 33 2 50 441 61 29
D 439 29 2 45 440 63 29
D 438 25 2 37 439 65 29
D 376 39 4 377 68 305 310 36 382 438 8
D 445 7 2 12 31 14 8
D 446 7 2 12 13 14 29
D 444 9 2 445 15 446 8
D 443 5 2 298 444 303 8
D 450 27 2 46 64 48 8
D 452 35 2 55 381 60 8
D 451 33 2 50 452 61 8
D 453 27 2 46 47 48 29
D 449 29 2 450 451 453 8
D 448 25 2 37 449 65 8
D 457 47 2 79 97 81 8
D 459 55 2 88 387 93 8
D 458 53 2 83 459 94 8
D 460 47 2 79 80 81 29
D 456 49 2 457 458 460 8
D 455 45 2 70 456 98 8
D 464 67 2 112 130 114 8
D 466 75 2 121 393 126 8
D 465 73 2 116 466 127 8
D 467 67 2 112 113 114 29
D 463 69 2 464 465 467 8
D 462 65 2 103 463 131 8
D 471 87 2 145 163 147 8
D 473 95 2 154 399 159 8
D 472 93 2 149 473 160 8
D 474 87 2 145 146 147 29
D 470 89 2 471 472 474 8
D 469 85 2 136 470 164 8
D 484 155 2 244 410 249 8
D 483 153 2 250 484 242 8
D 482 151 2 240 483 251 8
D 481 149 2 238 482 252 8
D 480 147 2 233 481 253 8
D 479 143 2 228 480 255 8
D 478 139 2 213 479 257 8
D 486 121 2 200 211 202 8
D 487 125 2 204 413 209 8
D 488 121 2 200 201 202 29
D 485 123 2 486 487 488 8
D 490 125 2 204 416 209 29
D 489 123 3 199 415 486 490 202 29
D 477 129 5 198 478 340 403 411 331 485 212 489 8
D 476 119 2 183 477 265 8
D 492 101 2 170 181 172 8
D 493 105 2 174 419 179 8
D 494 101 2 170 171 172 29
D 491 103 2 492 493 494 8
D 496 105 2 174 422 179 29
D 495 103 3 169 421 492 496 172 29
D 475 109 5 168 476 346 401 417 329 491 182 495 8
D 500 95 2 154 427 159 29
D 499 93 2 149 500 160 29
D 498 89 3 144 425 471 499 147 29
D 497 85 2 136 498 164 29
D 468 99 5 469 167 395 328 323 400 135 475 497 8
D 504 75 2 121 432 126 29
D 503 73 2 116 504 127 29
D 502 69 3 111 430 464 503 114 29
D 501 65 2 103 502 131 29
D 461 79 5 462 134 389 322 317 394 102 468 501 8
D 508 55 2 88 437 93 29
D 507 53 2 83 508 94 29
D 506 49 3 78 435 457 507 81 29
D 505 45 2 70 506 98 29
D 454 59 5 455 101 383 316 311 388 69 461 505 8
D 512 35 2 55 442 60 29
D 511 33 2 50 512 61 29
D 510 29 3 45 440 450 511 48 29
D 509 25 2 37 510 65 29
D 447 39 5 448 68 377 310 305 382 36 454 509 8
D 516 15 2 26 22 21 8
D 515 13 2 16 516 27 8
D 514 9 2 11 515 30 8
D 513 5 2 298 514 303 8
D 520 27 2 48 47 46 8
D 521 27 2 48 64 46 29
D 519 29 2 520 451 521 8
D 518 25 2 37 519 65 8
D 525 47 2 81 80 79 8
D 526 47 2 81 97 79 29
D 524 49 2 525 458 526 8
D 523 45 2 70 524 98 8
D 530 67 2 114 113 112 8
D 531 67 2 114 130 112 29
D 529 69 2 530 465 531 8
D 528 65 2 103 529 131 8
D 535 87 2 147 146 145 8
D 536 87 2 147 163 145 29
D 534 89 2 535 472 536 8
D 533 85 2 136 534 164 8
D 545 153 2 242 484 250 8
D 544 151 2 251 545 240 8
D 543 149 2 238 544 252 8
D 542 147 2 233 543 253 8
D 541 143 2 228 542 255 8
D 540 139 2 213 541 257 8
D 547 121 2 202 201 200 8
D 548 121 2 202 211 200 29
D 546 123 2 547 487 548 8
D 550 121 2 202 201 200 211
D 551 121 2 202 211 200 8
D 549 123 3 199 415 550 490 551 29
D 539 129 6 198 540 340 478 411 403 485 331 546 212 549 8
D 538 119 2 183 539 265 8
D 553 101 2 172 171 170 8
D 554 101 2 172 181 170 29
D 552 103 2 553 493 554 8
D 556 101 2 172 171 170 181
D 557 101 2 172 181 170 8
D 555 103 3 169 421 556 496 557 29
D 537 109 6 168 538 346 476 417 401 491 329 552 182 555 8
D 560 87 2 147 146 145 163
D 561 87 2 147 163 145 8
D 559 89 3 144 425 560 499 561 29
D 558 85 2 136 559 164 29
D 532 99 6 533 167 469 328 395 400 323 475 135 537 558 8
D 564 67 2 114 113 112 130
D 565 67 2 114 130 112 8
D 563 69 3 111 430 564 503 565 29
D 562 65 2 103 563 131 29
D 527 79 6 528 134 462 322 389 394 317 468 102 532 562 8
D 568 47 2 81 80 79 97
D 569 47 2 81 97 79 8
D 567 49 3 78 435 568 507 569 29
D 566 45 2 70 567 98 29
D 522 59 6 523 101 455 316 383 388 311 461 69 527 566 8
D 572 27 2 48 47 46 64
D 573 27 2 48 64 46 8
D 571 29 3 45 440 572 511 573 29
D 570 25 2 37 571 65 29
D 517 39 6 518 68 448 310 377 382 305 454 36 522 570 8
D 578 17 2 25 24 23 8
D 577 15 2 21 578 26 8
D 576 13 2 16 577 27 8
D 575 9 2 11 576 30 8
D 574 5 2 298 575 303 8
D 583 31 2 53 52 51 8
D 584 31 2 53 62 51 29
D 582 33 2 583 452 584 8
D 581 29 2 45 582 63 8
D 580 25 2 37 581 65 8
D 589 51 2 86 85 84 8
D 590 51 2 86 95 84 29
D 588 53 2 589 459 590 8
D 587 49 2 78 588 96 8
D 586 45 2 70 587 98 8
D 595 71 2 119 118 117 8
D 596 71 2 119 128 117 29
D 594 73 2 595 466 596 8
D 593 69 2 111 594 129 8
D 592 65 2 103 593 131 8
D 601 91 2 152 151 150 8
D 602 91 2 152 161 150 29
D 600 93 2 601 473 602 8
D 599 89 2 144 600 162 8
D 598 85 2 136 599 164 8
D 604 103 2 169 493 180 8
D 608 117 2 193 192 191 8
D 607 115 2 189 608 194 8
D 606 113 2 184 607 195 8
D 611 117 2 193 268 191 29
D 610 115 2 189 611 194 29
D 609 113 2 184 610 195 29
D 605 119 2 606 197 609 8
D 618 151 2 240 545 251 8
D 617 149 2 252 618 238 8
D 616 147 2 233 617 253 8
D 615 143 2 228 616 255 8
D 614 139 2 213 615 257 8
D 619 123 2 199 487 210 8
D 623 137 2 221 260 223 8
D 622 135 2 219 623 224 8
D 621 133 2 214 622 225 8
D 626 137 2 221 222 223 29
D 625 135 2 219 626 224 29
D 624 133 2 214 625 225 29
D 620 139 2 621 227 624 8
D 629 127 2 208 207 206 8
D 628 125 2 204 629 209 416
D 627 123 3 199 628 550 490 551 29
D 613 129 7 198 614 619 620 340 540 411 478 485 403 546 331 627 8
D 612 119 2 183 613 265 8
D 632 107 2 178 177 176 8
D 631 105 2 174 632 179 422
D 630 103 3 169 631 556 496 557 29
D 603 109 7 604 605 168 612 346 538 417 476 491 401 552 329 630 8
D 635 93 3 601 500 149 426 161 29
D 634 89 3 144 635 560 499 561 29
D 633 85 2 136 634 164 29
D 597 99 7 598 167 533 328 469 400 395 475 323 537 135 603 633 8
D 638 73 3 595 504 116 431 128 29
D 637 69 3 111 638 564 503 565 29
D 636 65 2 103 637 131 29
D 591 79 7 592 134 528 322 462 394 389 468 317 532 102 597 636 8
D 641 53 3 589 508 83 436 95 29
D 640 49 3 78 641 568 507 569 29
D 639 45 2 70 640 98 29
D 585 59 7 586 101 523 316 455 388 383 461 311 527 69 591 639 8
D 644 33 3 583 512 50 441 62 29
D 643 29 3 45 644 572 511 573 29
D 642 25 2 37 643 65 29
D 579 39 7 580 68 518 310 448 382 377 454 305 522 36 585 642 8
L 650 18 10
D 649 17 2 23 650 25 8
D 648 15 2 21 649 26 8
D 647 13 2 16 648 27 8
D 646 9 2 11 647 30 8
D 645 5 2 298 646 303 8
D 653 21 2 43 39 38 8
D 654 29 2 45 451 63 8
D 655 21 2 43 66 38 29
D 652 25 2 653 654 655 8
D 658 41 2 76 72 71 8
D 659 49 2 78 458 96 8
D 660 41 2 76 99 71 29
D 657 45 2 658 659 660 8
D 663 61 2 109 105 104 8
D 664 69 2 111 465 129 8
D 665 61 2 109 132 104 29
D 662 65 2 663 664 665 8
D 669 83 2 139 166 141 8
D 668 81 2 137 669 142 8
D 670 89 2 144 472 162 8
D 672 83 2 139 140 141 29
D 671 81 2 137 672 142 29
D 667 85 2 668 670 671 8
D 676 111 2 185 196 187 8
D 677 111 2 185 186 187 29
D 675 113 2 676 188 677 8
D 678 113 3 184 610 676 266 187 29
D 674 119 3 606 330 675 197 678 8
D 684 145 2 234 254 236 8
D 685 149 2 238 618 252 8
D 686 145 2 234 235 236 29
D 683 147 2 684 685 686 8
D 682 143 2 228 683 255 8
D 681 139 2 213 682 257 8
D 690 137 2 223 222 221 8
D 689 135 2 219 690 224 8
D 688 133 2 214 689 225 8
D 693 137 2 221 222 223 260
D 692 135 2 219 693 224 29
D 691 133 2 214 692 225 29
D 687 139 3 688 227 621 332 691 8
D 680 129 7 198 681 619 687 340 614 411 540 485 478 546 403 627 8
D 679 119 2 183 680 265 8
D 673 109 7 604 674 168 679 346 612 417 538 491 476 552 401 630 8
D 695 89 2 144 499 162 29
D 696 81 2 137 141 142 29
D 694 85 3 136 634 668 695 696 29
D 666 99 8 667 167 598 328 533 400 469 475 395 537 323 603 135 673 694 8
D 698 69 2 111 503 129 29
D 697 65 3 103 637 663 698 132 29
D 661 79 8 662 134 592 322 528 394 462 468 389 532 317 597 102 666 697 8
D 700 49 2 78 507 96 29
D 699 45 3 70 640 658 700 99 29
D 656 59 8 657 101 586 316 523 388 455 461 383 527 311 591 69 661 699 8
D 702 29 2 45 511 63 29
D 701 25 3 37 643 653 702 66 29
D 651 39 8 652 68 580 310 518 382 448 454 377 522 305 585 36 656 701 8
D 707 17 2 23 650 25 29
D 706 15 2 21 707 26 29
D 705 13 2 16 706 27 29
D 704 9 2 11 705 30 29
D 711 17 2 23 24 25 650
D 710 15 2 21 711 26 707
D 709 13 3 16 710 301 706 28 29
D 712 7 2 14 13 12 31
D 713 7 2 14 31 12 8
D 708 9 3 11 709 712 705 713 29
D 703 5 3 2 704 298 708 33 29
D 0 19 8 1 35 297 304 372 376 443 447 513 517 574 579 645 651 703 8
