c ids of sdd nodes start at 0
c sdd nodes appear bottom-up, children before parents
c
c file syntax:
c sdd count-of-sdd-nodes
c F id-of-false-sdd-node
c T id-of-true-sdd-node
c L id-of-literal-sdd-node id-of-vtree literal
c D id-of-decomposition-sdd-node id-of-vtree number-of-elements {id-of-prime id-of-sub}*
c
sdd 586
L 3 0 -4
L 5 2 -2
L 6 4 -3
L 7 2 2
F 8
D 4 3 2 5 6 7 8
L 9 0 4
D 2 1 2 3 4 9 8
L 12 6 6
L 13 8 -7
L 14 6 -6
D 11 7 2 12 13 14 8
L 17 10 -5
L 18 12 -1
L 19 10 5
D 16 11 2 17 18 19 8
L 21 14 -8
L 23 16 -9
L 24 18 -10
L 25 16 9
D 22 17 2 23 24 25 8
L 26 14 8
D 20 15 2 21 22 26 8
L 28 12 1
T 29
D 27 11 2 17 28 19 29
D 15 13 2 16 20 27 8
L 31 8 7
D 30 7 2 12 31 14 29
D 10 9 2 11 15 30 8
L 34 4 3
D 33 3 2 5 34 7 29
D 32 1 2 3 33 9 29
D 1 5 2 2 10 32 8
L 38 20 -14
L 40 22 -12
L 41 24 -13
L 42 22 12
D 39 23 2 40 41 42 8
L 43 20 14
D 37 21 2 38 39 43 8
L 46 26 -16
L 47 28 -17
L 48 26 16
D 45 27 2 46 47 48 8
L 51 30 -15
L 52 32 -11
L 53 30 15
D 50 31 2 51 52 53 8
L 55 34 -18
L 57 36 -19
L 58 38 20
L 59 36 19
D 56 37 2 57 58 59 8
L 60 34 18
D 54 35 2 55 56 60 8
L 62 32 11
D 61 31 2 51 62 53 29
D 49 33 2 50 54 61 8
L 64 28 17
D 63 27 2 46 64 48 29
D 44 29 2 45 49 63 8
L 67 24 13
D 66 23 2 40 67 42 29
D 65 21 2 38 66 43 29
D 36 25 2 37 44 65 8
L 71 40 -24
L 73 42 -22
L 74 44 -23
L 75 42 22
D 72 43 2 73 74 75 8
L 76 40 24
D 70 41 2 71 72 76 8
L 79 46 -26
L 80 48 -27
L 81 46 26
D 78 47 2 79 80 81 8
L 84 50 -25
L 85 52 -21
L 86 50 25
D 83 51 2 84 85 86 8
L 88 54 -28
L 90 56 -29
L 91 58 30
L 92 56 29
D 89 57 2 90 91 92 8
L 93 54 28
D 87 55 2 88 89 93 8
L 95 52 21
D 94 51 2 84 95 86 29
D 82 53 2 83 87 94 8
L 97 48 27
D 96 47 2 79 97 81 29
D 77 49 2 78 82 96 8
L 100 44 23
D 99 43 2 73 100 75 29
D 98 41 2 71 99 76 29
D 69 45 2 70 77 98 8
L 104 60 -34
L 106 62 -32
L 107 64 -33
L 108 62 32
D 105 63 2 106 107 108 8
L 109 60 34
D 103 61 2 104 105 109 8
L 112 66 -36
L 113 68 -37
L 114 66 36
D 111 67 2 112 113 114 8
L 117 70 -35
L 118 72 -31
L 119 70 35
D 116 71 2 117 118 119 8
L 121 74 -38
L 123 76 -39
L 124 78 40
L 125 76 39
D 122 77 2 123 124 125 8
L 126 74 38
D 120 75 2 121 122 126 8
L 128 72 31
D 127 71 2 117 128 119 29
D 115 73 2 116 120 127 8
L 130 68 37
D 129 67 2 112 130 114 29
D 110 69 2 111 115 129 8
L 133 64 33
D 132 63 2 106 133 108 29
D 131 61 2 104 132 109 29
D 102 65 2 103 110 131 8
L 137 80 -42
L 139 82 -43
L 140 84 -44
L 141 82 43
D 138 83 2 139 140 141 8
L 142 80 42
D 136 81 2 137 138 142 8
L 145 86 -46
L 146 88 -47
L 147 86 46
D 144 87 2 145 146 147 8
L 150 90 -45
L 151 92 -41
L 152 90 45
D 149 91 2 150 151 152 8
L 154 94 -48
L 156 96 -49
L 157 98 50
L 158 96 49
D 155 97 2 156 157 158 8
L 159 94 48
D 153 95 2 154 155 159 8
L 161 92 41
D 160 91 2 150 161 152 29
D 148 93 2 149 153 160 8
L 163 88 47
D 162 87 2 145 163 147 29
D 143 89 2 144 148 162 8
L 166 84 44
D 165 83 2 139 166 141 29
D 164 81 2 137 165 142 29
D 135 85 2 136 143 164 8
L 170 100 -56
L 171 102 -57
L 172 100 56
D 169 101 2 170 171 172 8
L 174 104 -58
L 176 106 -59
L 177 108 60
L 178 106 59
D 175 107 2 176 177 178 8
L 179 104 58
D 173 105 2 174 175 179 8
L 181 102 57
D 180 101 2 170 181 172 29
D 168 103 2 169 173 180 8
L 185 110 -53
L 186 112 -54
L 187 110 53
D 184 111 2 185 186 187 8
L 189 114 -52
L 191 116 -55
L 192 118 -51
L 193 116 55
D 190 117 2 191 192 193 8
L 194 114 52
D 188 115 2 189 190 194 8
L 196 112 54
D 195 111 2 185 196 187 29
D 183 113 2 184 188 195 8
L 200 120 -76
L 201 122 -77
L 202 120 76
D 199 121 2 200 201 202 8
L 204 124 -78
L 206 126 -79
L 207 128 80
L 208 126 79
D 205 127 2 206 207 208 8
L 209 124 78
D 203 125 2 204 205 209 8
L 211 122 77
D 210 121 2 200 211 202 29
D 198 123 2 199 203 210 8
L 215 130 -73
L 216 132 -72
L 217 130 73
D 214 131 2 215 216 217 8
L 219 134 -71
L 221 136 -74
L 222 138 -75
L 223 136 74
D 220 137 2 221 222 223 8
L 224 134 71
D 218 135 2 219 220 224 8
L 226 132 72
D 225 131 2 215 226 217 29
D 213 133 2 214 218 225 8
L 229 140 -61
L 230 142 -62
L 231 140 61
D 228 141 2 229 230 231 8
L 234 144 -63
L 235 146 -64
L 236 144 63
D 233 145 2 234 235 236 8
L 238 148 -65
L 240 150 -66
L 242 152 -67
L 244 154 -68
L 246 156 -69
L 247 158 70
L 248 156 69
D 245 157 2 246 247 248 8
L 249 154 68
D 243 155 2 244 245 249 8
L 250 152 67
D 241 153 2 242 243 250 8
L 251 150 66
D 239 151 2 240 241 251 8
L 252 148 65
D 237 149 2 238 239 252 8
L 254 146 64
D 253 145 2 234 254 236 29
D 232 147 2 233 237 253 8
L 256 142 62
D 255 141 2 229 256 231 29
D 227 143 2 228 232 255 8
L 260 138 75
D 259 137 2 221 260 223 29
D 258 135 2 219 259 224 29
D 257 133 2 214 258 225 29
D 212 139 2 213 227 257 8
L 264 128 -80
D 263 127 2 206 264 208 29
D 262 125 2 204 263 209 29
D 261 123 2 199 262 210 29
D 197 129 2 198 212 261 8
L 268 118 51
D 267 117 2 191 268 193 29
D 266 115 2 189 267 194 29
D 265 113 2 184 266 195 29
D 182 119 2 183 197 265 8
L 272 108 -60
D 271 107 2 176 272 178 29
D 270 105 2 174 271 179 29
D 269 103 2 169 270 180 29
D 167 109 2 168 182 269 8
L 278 98 -50
D 277 97 2 156 278 158 29
D 276 95 2 154 277 159 29
D 275 93 2 149 276 160 29
D 274 89 2 144 275 162 29
D 273 85 2 136 274 164 29
D 134 99 2 135 167 273 8
L 284 78 -40
D 283 77 2 123 284 125 29
D 282 75 2 121 283 126 29
D 281 73 2 116 282 127 29
D 280 69 2 111 281 129 29
D 279 65 2 103 280 131 29
D 101 79 2 102 134 279 8
L 290 58 -30
D 289 57 2 90 290 92 29
D 288 55 2 88 289 93 29
D 287 53 2 83 288 94 29
D 286 49 2 78 287 96 29
D 285 45 2 70 286 98 29
D 68 59 2 69 101 285 8
L 296 38 -20
D 295 37 2 57 296 59 29
D 294 35 2 55 295 60 29
D 293 33 2 50 294 61 29
D 292 29 2 45 293 63 29
D 291 25 2 37 292 65 29
D 35 39 2 36 68 291 8
D 299 7 2 14 31 12 8
D 300 7 2 14 13 12 29
D 298 9 2 299 15 300 8
D 297 5 2 2 298 32 8
D 306 37 2 59 296 57 8
D 305 35 2 55 306 60 8
D 304 33 2 50 305 61 8
D 303 29 2 45 304 63 8
D 302 25 2 37 303 65 8
D 312 57 2 92 290 90 8
D 311 55 2 88 312 93 8
D 310 53 2 83 311 94 8
D 309 49 2 78 310 96 8
D 308 45 2 70 309 98 8
D 318 77 2 125 284 123 8
D 317 75 2 121 318 126 8
D 316 73 2 116 317 127 8
D 315 69 2 111 316 129 8
D 314 65 2 103 315 131 8
D 324 97 2 158 278 156 8
D 323 95 2 154 324 159 8
D 322 93 2 149 323 160 8
D 321 89 2 144 322 162 8
D 320 85 2 136 321 164 8
L 336 158 -70
D 335 157 2 248 336 246 8
D 334 155 2 244 335 249 8
D 333 153 2 242 334 250 8
D 332 151 2 240 333 251 8
D 331 149 2 238 332 252 8
D 330 147 2 233 331 253 8
D 329 143 2 228 330 255 8
D 328 139 2 213 329 257 8
D 339 127 2 208 264 206 8
D 338 125 2 204 339 209 8
D 337 123 2 199 338 210 8
D 342 127 2 206 264 208 207
D 341 125 2 204 342 209 29
D 340 123 2 199 341 210 29
D 327 129 3 198 328 337 212 340 8
D 326 119 2 183 327 265 8
D 345 107 2 178 272 176 8
D 344 105 2 174 345 179 8
D 343 103 2 169 344 180 8
D 348 107 2 176 272 178 177
D 347 105 2 174 348 179 29
D 346 103 2 169 347 180 29
D 325 109 3 168 326 343 182 346 8
D 353 97 2 156 278 158 157
D 352 95 2 154 353 159 29
D 351 93 2 149 352 160 29
D 350 89 2 144 351 162 29
D 349 85 2 136 350 164 29
D 319 99 3 320 167 135 325 349 8
D 358 77 2 123 284 125 124
D 357 75 2 121 358 126 29
D 356 73 2 116 357 127 29
D 355 69 2 111 356 129 29
D 354 65 2 103 355 131 29
D 313 79 3 314 134 102 319 354 8
D 363 57 2 90 290 92 91
D 362 55 2 88 363 93 29
D 361 53 2 83 362 94 29
D 360 49 2 78 361 96 29
D 359 45 2 70 360 98 29
D 307 59 3 308 101 69 313 359 8
D 368 37 2 57 296 59 58
D 367 35 2 55 368 60 29
D 366 33 2 50 367 61 29
D 365 29 2 45 366 63 29
D 364 25 2 37 365 65 29
D 301 39 3 302 68 36 307 364 8
D 371 7 2 14 13 12 8
D 373 15 2 26 22 21 8
D 372 13 2 16 373 27 8
D 374 7 2 14 31 12 29
D 370 9 2 371 372 374 8
D 369 5 2 2 370 32 8
D 380 37 2 57 296 59 8
D 379 35 2 60 380 55 8
D 378 33 2 50 379 61 8
D 377 29 2 45 378 63 8
D 376 25 2 37 377 65 8
D 386 57 2 90 290 92 8
D 385 55 2 93 386 88 8
D 384 53 2 83 385 94 8
D 383 49 2 78 384 96 8
D 382 45 2 70 383 98 8
D 392 77 2 123 284 125 8
D 391 75 2 126 392 121 8
D 390 73 2 116 391 127 8
D 389 69 2 111 390 129 8
D 388 65 2 103 389 131 8
D 398 97 2 156 278 158 8
D 397 95 2 159 398 154 8
D 396 93 2 149 397 160 8
D 395 89 2 144 396 162 8
D 394 85 2 136 395 164 8
D 409 157 2 246 336 248 8
D 408 155 2 249 409 244 8
D 407 153 2 242 408 250 8
D 406 151 2 240 407 251 8
D 405 149 2 238 406 252 8
D 404 147 2 233 405 253 8
D 403 143 2 228 404 255 8
D 402 139 2 213 403 257 8
D 412 127 2 206 264 208 8
D 411 125 2 209 412 204 8
D 410 123 2 199 411 210 8
D 415 127 2 206 207 208 29
D 414 125 2 204 342 209 415
D 413 123 2 199 414 210 29
D 401 129 4 198 402 337 328 410 212 413 8
D 400 119 2 183 401 265 8
D 418 107 2 176 272 178 8
D 417 105 2 179 418 174 8
D 416 103 2 169 417 180 8
D 421 107 2 176 177 178 29
D 420 105 2 174 348 179 421
D 419 103 2 169 420 180 29
D 399 109 4 168 400 343 326 416 182 419 8
D 426 97 2 156 157 158 29
D 425 95 2 159 426 154 353
D 424 93 2 149 425 160 29
D 423 89 2 144 424 162 29
D 422 85 2 136 423 164 29
D 393 99 4 394 167 320 325 135 399 422 8
D 431 77 2 123 124 125 29
D 430 75 2 126 431 121 358
D 429 73 2 116 430 127 29
D 428 69 2 111 429 129 29
D 427 65 2 103 428 131 29
D 387 79 4 388 134 314 319 102 393 427 8
D 436 57 2 90 91 92 29
D 435 55 2 93 436 88 363
D 434 53 2 83 435 94 29
D 433 49 2 78 434 96 29
D 432 45 2 70 433 98 29
D 381 59 4 382 101 308 313 69 387 432 8
D 441 37 2 57 58 59 29
D 440 35 2 60 441 55 368
D 439 33 2 50 440 61 29
D 438 29 2 45 439 63 29
D 437 25 2 37 438 65 29
D 375 39 4 376 68 302 307 36 381 437 8
D 446 17 2 25 24 23 8
D 445 15 2 21 446 26 8
D 444 13 2 16 445 27 8
D 443 9 2 371 444 374 8
D 442 5 2 2 443 32 8
D 450 27 2 46 64 48 8
D 452 35 2 55 380 60 8
D 451 33 2 50 452 61 8
D 453 27 2 46 47 48 29
D 449 29 2 450 451 453 8
D 448 25 2 37 449 65 8
D 457 47 2 79 97 81 8
D 459 55 2 88 386 93 8
D 458 53 2 83 459 94 8
D 460 47 2 79 80 81 29
D 456 49 2 457 458 460 8
D 455 45 2 70 456 98 8
D 464 67 2 112 130 114 8
D 466 75 2 121 392 126 8
D 465 73 2 116 466 127 8
D 467 67 2 112 113 114 29
D 463 69 2 464 465 467 8
D 462 65 2 103 463 131 8
D 471 87 2 145 163 147 8
D 473 95 2 154 398 159 8
D 472 93 2 149 473 160 8
D 474 87 2 145 146 147 29
D 470 89 2 471 472 474 8
D 469 85 2 136 470 164 8
D 484 155 2 244 409 249 8
D 483 153 2 250 484 242 8
D 482 151 2 240 483 251 8
D 481 149 2 238 482 252 8
D 480 147 2 233 481 253 8
D 479 143 2 228 480 255 8
D 478 139 2 213 479 257 8
D 486 121 2 200 211 202 8
D 487 125 2 204 412 209 8
D 488 121 2 200 201 202 29
D 485 123 2 486 487 488 8
D 490 125 2 204 415 209 29
D 489 123 3 199 414 486 490 202 29
D 477 129 5 198 478 337 402 410 328 485 212 489 8
D 476 119 2 183 477 265 8
D 492 101 2 170 181 172 8
D 493 105 2 174 418 179 8
D 494 101 2 170 171 172 29
D 491 103 2 492 493 494 8
D 496 105 2 174 421 179 29
D 495 103 3 169 420 492 496 172 29
D 475 109 5 168 476 343 400 416 326 491 182 495 8
D 500 95 2 154 426 159 29
D 499 93 2 149 500 160 29
D 498 89 3 144 424 471 499 147 29
D 497 85 2 136 498 164 29
D 468 99 5 469 167 394 325 320 399 135 475 497 8
D 504 75 2 121 431 126 29
D 503 73 2 116 504 127 29
D 502 69 3 111 429 464 503 114 29
D 501 65 2 103 502 131 29
D 461 79 5 462 134 388 319 314 393 102 468 501 8
D 508 55 2 88 436 93 29
D 507 53 2 83 508 94 29
D 506 49 3 78 434 457 507 81 29
D 505 45 2 70 506 98 29
D 454 59 5 455 101 382 313 308 387 69 461 505 8
D 512 35 2 55 441 60 29
D 511 33 2 50 512 61 29
D 510 29 3 45 439 450 511 48 29
D 509 25 2 37 510 65 29
D 447 39 5 448 68 376 307 302 381 36 454 509 8
L 518 18 10
D 517 17 2 23 518 25 8
D 516 15 2 21 517 26 8
D 515 13 2 16 516 27 8
D 514 9 2 371 515 374 8
D 513 5 2 2 514 32 8
D 522 27 2 48 47 46 8
D 523 27 2 48 64 46 29
D 521 29 2 522 451 523 8
D 520 25 2 37 521 65 8
D 527 47 2 81 80 79 8
D 528 47 2 81 97 79 29
D 526 49 2 527 458 528 8
D 525 45 2 70 526 98 8
D 532 67 2 114 113 112 8
D 533 67 2 114 130 112 29
D 531 69 2 532 465 533 8
D 530 65 2 103 531 131 8
D 537 87 2 147 146 145 8
D 538 87 2 147 163 145 29
D 536 89 2 537 472 538 8
D 535 85 2 136 536 164 8
D 547 153 2 242 484 250 8
D 546 151 2 251 547 240 8
D 545 149 2 238 546 252 8
D 544 147 2 233 545 253 8
D 543 143 2 228 544 255 8
D 542 139 2 213 543 257 8
D 549 121 2 202 201 200 8
D 550 121 2 202 211 200 29
D 548 123 2 549 487 550 8
D 552 121 2 202 201 200 211
D 553 121 2 202 211 200 8
D 551 123 3 199 414 552 490 553 29
D 541 129 6 198 542 337 478 410 402 485 328 548 212 551 8
D 540 119 2 183 541 265 8
D 555 101 2 172 171 170 8
D 556 101 2 172 181 170 29
D 554 103 2 555 493 556 8
D 558 101 2 172 171 170 181
D 559 101 2 172 181 170 8
D 557 103 3 169 420 558 496 559 29
D 539 109 6 168 540 343 476 416 400 491 326 554 182 557 8
D 562 87 2 147 146 145 163
D 563 87 2 147 163 145 8
D 561 89 3 144 424 562 499 563 29
D 560 85 2 136 561 164 29
D 534 99 6 535 167 469 325 394 399 320 475 135 539 560 8
D 566 67 2 114 113 112 130
D 567 67 2 114 130 112 8
D 565 69 3 111 429 566 503 567 29
D 564 65 2 103 565 131 29
D 529 79 6 530 134 462 319 388 393 314 468 102 534 564 8
D 570 47 2 81 80 79 97
D 571 47 2 81 97 79 8
D 569 49 3 78 434 570 507 571 29
D 568 45 2 70 569 98 29
D 524 59 6 525 101 455 313 382 387 308 461 69 529 568 8
D 574 27 2 48 47 46 64
D 575 27 2 48 64 46 8
D 573 29 3 45 439 574 511 575 29
D 572 25 2 37 573 65 29
D 519 39 6 520 68 448 307 376 381 302 454 36 524 572 8
D 580 17 2 23 24 25 518
D 581 17 2 23 518 25 29
D 579 15 2 21 580 26 581
D 578 13 2 16 579 27 29
D 582 7 2 12 13 14 31
D 584 15 2 21 581 26 29
D 583 13 2 16 584 27 29
D 585 7 2 12 31 14 8
D 577 9 3 371 578 582 583 585 29
D 576 5 2 2 577 32 29
D 0 19 6 1 35 297 301 369 375 442 447 513 519 576 8
