c ids of sdd nodes start at 0
c sdd nodes appear bottom-up, children before parents
c
c file syntax:
c sdd count-of-sdd-nodes
c F id-of-false-sdd-node
c T id-of-true-sdd-node
c L id-of-literal-sdd-node id-of-vtree literal
c D id-of-decomposition-sdd-node id-of-vtree number-of-elements {id-of-prime id-of-sub}*
c
sdd 523
L 3 0 -4
L 5 2 -2
L 6 4 -3
L 7 2 2
F 8
D 4 3 2 5 6 7 8
L 9 0 4
D 2 1 2 3 4 9 8
L 12 6 -6
L 13 8 7
L 14 6 6
D 11 7 2 12 13 14 8
L 17 10 -5
L 18 12 -1
L 19 10 5
D 16 11 2 17 18 19 8
L 21 14 -8
L 23 16 -9
L 24 18 -10
L 25 16 9
D 22 17 2 23 24 25 8
L 26 14 8
D 20 15 2 21 22 26 8
L 28 12 1
T 29
D 27 11 2 17 28 19 29
D 15 13 2 16 20 27 8
L 31 8 -7
D 30 7 2 12 31 14 29
D 10 9 2 11 15 30 8
L 34 4 3
D 33 3 2 5 34 7 29
D 32 1 2 3 33 9 29
D 1 5 2 2 10 32 8
L 38 20 -14
L 40 22 -12
L 41 24 -13
L 42 22 12
D 39 23 2 40 41 42 8
L 43 20 14
D 37 21 2 38 39 43 8
L 46 26 -16
L 47 28 -17
L 48 26 16
D 45 27 2 46 47 48 8
L 51 30 -15
L 52 32 -11
L 53 30 15
D 50 31 2 51 52 53 8
L 55 34 -18
L 57 36 -19
L 58 38 20
L 59 36 19
D 56 37 2 57 58 59 8
L 60 34 18
D 54 35 2 55 56 60 8
L 62 32 11
D 61 31 2 51 62 53 29
D 49 33 2 50 54 61 8
L 64 28 17
D 63 27 2 46 64 48 29
D 44 29 2 45 49 63 8
L 67 24 13
D 66 23 2 40 67 42 29
D 65 21 2 38 66 43 29
D 36 25 2 37 44 65 8
L 71 40 -24
L 73 42 -22
L 74 44 -23
L 75 42 22
D 72 43 2 73 74 75 8
L 76 40 24
D 70 41 2 71 72 76 8
L 79 46 -26
L 80 48 -27
L 81 46 26
D 78 47 2 79 80 81 8
L 84 50 -25
L 85 52 -21
L 86 50 25
D 83 51 2 84 85 86 8
L 88 54 -28
L 90 56 -29
L 91 58 30
L 92 56 29
D 89 57 2 90 91 92 8
L 93 54 28
D 87 55 2 88 89 93 8
L 95 52 21
D 94 51 2 84 95 86 29
D 82 53 2 83 87 94 8
L 97 48 27
D 96 47 2 79 97 81 29
D 77 49 2 78 82 96 8
L 100 44 23
D 99 43 2 73 100 75 29
D 98 41 2 71 99 76 29
D 69 45 2 70 77 98 8
L 104 60 -34
L 106 62 -32
L 107 64 -33
L 108 62 32
D 105 63 2 106 107 108 8
L 109 60 34
D 103 61 2 104 105 109 8
L 112 66 -36
L 113 68 -37
L 114 66 36
D 111 67 2 112 113 114 8
L 117 70 -35
L 118 72 -31
L 119 70 35
D 116 71 2 117 118 119 8
L 121 74 -38
L 123 76 -39
L 124 78 40
L 125 76 39
D 122 77 2 123 124 125 8
L 126 74 38
D 120 75 2 121 122 126 8
L 128 72 31
D 127 71 2 117 128 119 29
D 115 73 2 116 120 127 8
L 130 68 37
D 129 67 2 112 130 114 29
D 110 69 2 111 115 129 8
L 133 64 33
D 132 63 2 106 133 108 29
D 131 61 2 104 132 109 29
D 102 65 2 103 110 131 8
L 137 80 -42
L 139 82 -43
L 140 84 -44
L 141 82 43
D 138 83 2 139 140 141 8
L 142 80 42
D 136 81 2 137 138 142 8
L 145 86 -46
L 146 88 -47
L 147 86 46
D 144 87 2 145 146 147 8
L 150 90 -45
L 151 92 -41
L 152 90 45
D 149 91 2 150 151 152 8
L 154 94 -48
L 156 96 -49
L 157 98 50
L 158 96 49
D 155 97 2 156 157 158 8
L 159 94 48
D 153 95 2 154 155 159 8
L 161 92 41
D 160 91 2 150 161 152 29
D 148 93 2 149 153 160 8
L 163 88 47
D 162 87 2 145 163 147 29
D 143 89 2 144 148 162 8
L 166 84 44
D 165 83 2 139 166 141 29
D 164 81 2 137 165 142 29
D 135 85 2 136 143 164 8
L 170 100 -56
L 171 102 -57
L 172 100 56
D 169 101 2 170 171 172 8
L 174 104 -58
L 176 106 -59
L 177 108 60
L 178 106 59
D 175 107 2 176 177 178 8
L 179 104 58
D 173 105 2 174 175 179 8
L 181 102 57
D 180 101 2 170 181 172 29
D 168 103 2 169 173 180 8
L 185 110 -53
L 186 112 -54
L 187 110 53
D 184 111 2 185 186 187 8
L 189 114 -52
L 191 116 -55
L 192 118 -51
L 193 116 55
D 190 117 2 191 192 193 8
L 194 114 52
D 188 115 2 189 190 194 8
L 196 112 54
D 195 111 2 185 196 187 29
D 183 113 2 184 188 195 8
L 200 120 -76
L 201 122 -77
L 202 120 76
D 199 121 2 200 201 202 8
L 204 124 -78
L 206 126 -79
L 207 128 80
L 208 126 79
D 205 127 2 206 207 208 8
L 209 124 78
D 203 125 2 204 205 209 8
L 211 122 77
D 210 121 2 200 211 202 29
D 198 123 2 199 203 210 8
L 215 130 -73
L 216 132 -72
L 217 130 73
D 214 131 2 215 216 217 8
L 219 134 -71
L 221 136 -74
L 222 138 -75
L 223 136 74
D 220 137 2 221 222 223 8
L 224 134 71
D 218 135 2 219 220 224 8
L 226 132 72
D 225 131 2 215 226 217 29
D 213 133 2 214 218 225 8
L 229 140 -61
L 230 142 -62
L 231 140 61
D 228 141 2 229 230 231 8
L 234 144 -63
L 235 146 -64
L 236 144 63
D 233 145 2 234 235 236 8
L 238 148 -65
L 240 150 -66
L 242 152 -67
L 244 154 -68
L 246 156 -69
L 247 158 70
L 248 156 69
D 245 157 2 246 247 248 8
L 249 154 68
D 243 155 2 244 245 249 8
L 250 152 67
D 241 153 2 242 243 250 8
L 251 150 66
D 239 151 2 240 241 251 8
L 252 148 65
D 237 149 2 238 239 252 8
L 254 146 64
D 253 145 2 234 254 236 29
D 232 147 2 233 237 253 8
L 256 142 62
D 255 141 2 229 256 231 29
D 227 143 2 228 232 255 8
L 260 138 75
D 259 137 2 221 260 223 29
D 258 135 2 219 259 224 29
D 257 133 2 214 258 225 29
D 212 139 2 213 227 257 8
L 264 128 -80
D 263 127 2 206 264 208 29
D 262 125 2 204 263 209 29
D 261 123 2 199 262 210 29
D 197 129 2 198 212 261 8
L 268 118 51
D 267 117 2 191 268 193 29
D 266 115 2 189 267 194 29
D 265 113 2 184 266 195 29
D 182 119 2 183 197 265 8
L 272 108 -60
D 271 107 2 176 272 178 29
D 270 105 2 174 271 179 29
D 269 103 2 169 270 180 29
D 167 109 2 168 182 269 8
L 278 98 -50
D 277 97 2 156 278 158 29
D 276 95 2 154 277 159 29
D 275 93 2 149 276 160 29
D 274 89 2 144 275 162 29
D 273 85 2 136 274 164 29
D 134 99 2 135 167 273 8
L 284 78 -40
D 283 77 2 123 284 125 29
D 282 75 2 121 283 126 29
D 281 73 2 116 282 127 29
D 280 69 2 111 281 129 29
D 279 65 2 103 280 131 29
D 101 79 2 102 134 279 8
L 290 58 -30
D 289 57 2 90 290 92 29
D 288 55 2 88 289 93 29
D 287 53 2 83 288 94 29
D 286 49 2 78 287 96 29
D 285 45 2 70 286 98 29
D 68 59 2 69 101 285 8
L 296 38 -20
D 295 37 2 57 296 59 29
D 294 35 2 55 295 60 29
D 293 33 2 50 294 61 29
D 292 29 2 45 293 63 29
D 291 25 2 37 292 65 29
D 35 39 2 36 68 291 8
D 299 7 2 12 31 14 8
D 301 15 2 26 22 21 8
D 300 13 2 16 301 27 8
D 302 7 2 12 13 14 29
D 298 9 2 299 300 302 8
D 297 5 2 2 298 32 8
D 308 37 2 59 296 57 8
D 307 35 2 55 308 60 8
D 306 33 2 50 307 61 8
D 305 29 2 45 306 63 8
D 304 25 2 37 305 65 8
D 314 57 2 92 290 90 8
D 313 55 2 88 314 93 8
D 312 53 2 83 313 94 8
D 311 49 2 78 312 96 8
D 310 45 2 70 311 98 8
D 320 77 2 125 284 123 8
D 319 75 2 121 320 126 8
D 318 73 2 116 319 127 8
D 317 69 2 111 318 129 8
D 316 65 2 103 317 131 8
D 326 97 2 158 278 156 8
D 325 95 2 154 326 159 8
D 324 93 2 149 325 160 8
D 323 89 2 144 324 162 8
D 322 85 2 136 323 164 8
L 338 158 -70
D 337 157 2 248 338 246 8
D 336 155 2 244 337 249 8
D 335 153 2 242 336 250 8
D 334 151 2 240 335 251 8
D 333 149 2 238 334 252 8
D 332 147 2 233 333 253 8
D 331 143 2 228 332 255 8
D 330 139 2 213 331 257 8
D 341 127 2 208 264 206 8
D 340 125 2 204 341 209 8
D 339 123 2 199 340 210 8
D 344 127 2 206 264 208 207
D 343 125 2 204 344 209 29
D 342 123 2 199 343 210 29
D 329 129 3 198 330 339 212 342 8
D 328 119 2 183 329 265 8
D 347 107 2 178 272 176 8
D 346 105 2 174 347 179 8
D 345 103 2 169 346 180 8
D 350 107 2 176 272 178 177
D 349 105 2 174 350 179 29
D 348 103 2 169 349 180 29
D 327 109 3 168 328 345 182 348 8
D 355 97 2 156 278 158 157
D 354 95 2 154 355 159 29
D 353 93 2 149 354 160 29
D 352 89 2 144 353 162 29
D 351 85 2 136 352 164 29
D 321 99 3 322 167 135 327 351 8
D 360 77 2 123 284 125 124
D 359 75 2 121 360 126 29
D 358 73 2 116 359 127 29
D 357 69 2 111 358 129 29
D 356 65 2 103 357 131 29
D 315 79 3 316 134 102 321 356 8
D 365 57 2 90 290 92 91
D 364 55 2 88 365 93 29
D 363 53 2 83 364 94 29
D 362 49 2 78 363 96 29
D 361 45 2 70 362 98 29
D 309 59 3 310 101 69 315 361 8
D 370 37 2 57 296 59 58
D 369 35 2 55 370 60 29
D 368 33 2 50 369 61 29
D 367 29 2 45 368 63 29
D 366 25 2 37 367 65 29
D 303 39 3 304 68 36 309 366 8
D 375 17 2 25 24 23 8
D 374 15 2 21 375 26 8
D 373 13 2 16 374 27 8
D 372 9 2 299 373 302 8
D 371 5 2 2 372 32 8
D 381 37 2 57 296 59 8
D 380 35 2 60 381 55 8
D 379 33 2 50 380 61 8
D 378 29 2 45 379 63 8
D 377 25 2 37 378 65 8
D 387 57 2 90 290 92 8
D 386 55 2 93 387 88 8
D 385 53 2 83 386 94 8
D 384 49 2 78 385 96 8
D 383 45 2 70 384 98 8
D 393 77 2 123 284 125 8
D 392 75 2 126 393 121 8
D 391 73 2 116 392 127 8
D 390 69 2 111 391 129 8
D 389 65 2 103 390 131 8
D 399 97 2 156 278 158 8
D 398 95 2 159 399 154 8
D 397 93 2 149 398 160 8
D 396 89 2 144 397 162 8
D 395 85 2 136 396 164 8
D 410 157 2 246 338 248 8
D 409 155 2 249 410 244 8
D 408 153 2 242 409 250 8
D 407 151 2 240 408 251 8
D 406 149 2 238 407 252 8
D 405 147 2 233 406 253 8
D 404 143 2 228 405 255 8
D 403 139 2 213 404 257 8
D 413 127 2 206 264 208 8
D 412 125 2 209 413 204 8
D 411 123 2 199 412 210 8
D 416 127 2 206 207 208 29
D 415 125 2 204 344 209 416
D 414 123 2 199 415 210 29
D 402 129 4 198 403 339 330 411 212 414 8
D 401 119 2 183 402 265 8
D 419 107 2 176 272 178 8
D 418 105 2 179 419 174 8
D 417 103 2 169 418 180 8
D 422 107 2 176 177 178 29
D 421 105 2 174 350 179 422
D 420 103 2 169 421 180 29
D 400 109 4 168 401 345 328 417 182 420 8
D 427 97 2 156 157 158 29
D 426 95 2 159 427 154 355
D 425 93 2 149 426 160 29
D 424 89 2 144 425 162 29
D 423 85 2 136 424 164 29
D 394 99 4 395 167 322 327 135 400 423 8
D 432 77 2 123 124 125 29
D 431 75 2 126 432 121 360
D 430 73 2 116 431 127 29
D 429 69 2 111 430 129 29
D 428 65 2 103 429 131 29
D 388 79 4 389 134 316 321 102 394 428 8
D 437 57 2 90 91 92 29
D 436 55 2 93 437 88 365
D 435 53 2 83 436 94 29
D 434 49 2 78 435 96 29
D 433 45 2 70 434 98 29
D 382 59 4 383 101 310 315 69 388 433 8
D 442 37 2 57 58 59 29
D 441 35 2 60 442 55 370
D 440 33 2 50 441 61 29
D 439 29 2 45 440 63 29
D 438 25 2 37 439 65 29
D 376 39 4 377 68 304 309 36 382 438 8
L 448 18 10
D 447 17 2 23 448 25 8
D 446 15 2 21 447 26 8
D 445 13 2 16 446 27 8
D 444 9 2 299 445 302 8
D 443 5 2 2 444 32 8
D 452 27 2 46 64 48 8
D 454 35 2 55 381 60 8
D 453 33 2 50 454 61 8
D 455 27 2 46 47 48 29
D 451 29 2 452 453 455 8
D 450 25 2 37 451 65 8
D 459 47 2 79 97 81 8
D 461 55 2 88 387 93 8
D 460 53 2 83 461 94 8
D 462 47 2 79 80 81 29
D 458 49 2 459 460 462 8
D 457 45 2 70 458 98 8
D 466 67 2 112 130 114 8
D 468 75 2 121 393 126 8
D 467 73 2 116 468 127 8
D 469 67 2 112 113 114 29
D 465 69 2 466 467 469 8
D 464 65 2 103 465 131 8
D 473 87 2 145 163 147 8
D 475 95 2 154 399 159 8
D 474 93 2 149 475 160 8
D 476 87 2 145 146 147 29
D 472 89 2 473 474 476 8
D 471 85 2 136 472 164 8
D 486 155 2 244 410 249 8
D 485 153 2 250 486 242 8
D 484 151 2 240 485 251 8
D 483 149 2 238 484 252 8
D 482 147 2 233 483 253 8
D 481 143 2 228 482 255 8
D 480 139 2 213 481 257 8
D 488 121 2 200 211 202 8
D 489 125 2 204 413 209 8
D 490 121 2 200 201 202 29
D 487 123 2 488 489 490 8
D 492 125 2 204 416 209 29
D 491 123 3 199 415 488 492 202 29
D 479 129 5 198 480 339 403 411 330 487 212 491 8
D 478 119 2 183 479 265 8
D 494 101 2 170 181 172 8
D 495 105 2 174 419 179 8
D 496 101 2 170 171 172 29
D 493 103 2 494 495 496 8
D 498 105 2 174 422 179 29
D 497 103 3 169 421 494 498 172 29
D 477 109 5 168 478 345 401 417 328 493 182 497 8
D 502 95 2 154 427 159 29
D 501 93 2 149 502 160 29
D 500 89 3 144 425 473 501 147 29
D 499 85 2 136 500 164 29
D 470 99 5 471 167 395 327 322 400 135 477 499 8
D 506 75 2 121 432 126 29
D 505 73 2 116 506 127 29
D 504 69 3 111 430 466 505 114 29
D 503 65 2 103 504 131 29
D 463 79 5 464 134 389 321 316 394 102 470 503 8
D 510 55 2 88 437 93 29
D 509 53 2 83 510 94 29
D 508 49 3 78 435 459 509 81 29
D 507 45 2 70 508 98 29
D 456 59 5 457 101 383 315 310 388 69 463 507 8
D 514 35 2 55 442 60 29
D 513 33 2 50 514 61 29
D 512 29 3 45 440 452 513 48 29
D 511 25 2 37 512 65 29
D 449 39 5 450 68 377 309 304 382 36 456 511 8
D 519 17 2 23 24 25 448
D 520 17 2 23 448 25 29
D 518 15 2 21 519 26 520
D 517 13 2 16 518 27 29
D 522 15 2 21 520 26 29
D 521 13 2 16 522 27 29
D 516 9 3 299 517 11 521 14 29
D 515 5 2 2 516 32 29
D 0 19 5 1 35 297 303 371 376 443 449 515 8
