c ids of sdd nodes start at 0
c sdd nodes appear bottom-up, children before parents
c
c file syntax:
c sdd count-of-sdd-nodes
c F id-of-false-sdd-node
c T id-of-true-sdd-node
c L id-of-literal-sdd-node id-of-vtree literal
c D id-of-decomposition-sdd-node id-of-vtree number-of-elements {id-of-prime id-of-sub}*
c
sdd 768
L 3 0 -4
L 5 2 -2
L 6 4 -3
L 7 2 2
F 8
D 4 3 2 5 6 7 8
L 9 0 4
D 2 1 2 3 4 9 8
L 12 6 -6
L 13 8 -7
L 14 6 6
D 11 7 2 12 13 14 8
L 17 10 -5
L 18 12 1
L 19 10 5
D 16 11 2 17 18 19 8
L 21 14 -8
L 23 16 -9
L 24 18 -10
L 25 16 9
D 22 17 2 23 24 25 8
L 26 14 8
D 20 15 2 21 22 26 8
L 28 12 -1
T 29
D 27 11 2 17 28 19 29
D 15 13 2 16 20 27 8
L 31 8 7
D 30 7 2 12 31 14 29
D 10 9 2 11 15 30 8
L 34 4 3
D 33 3 2 5 34 7 29
D 32 1 2 3 33 9 29
D 1 5 2 2 10 32 8
L 38 20 -14
L 40 22 -12
L 41 24 -13
L 42 22 12
D 39 23 2 40 41 42 8
L 43 20 14
D 37 21 2 38 39 43 8
L 46 26 -16
L 47 28 -17
L 48 26 16
D 45 27 2 46 47 48 8
L 51 30 -15
L 52 32 11
L 53 30 15
D 50 31 2 51 52 53 8
L 55 34 -18
L 57 36 -19
L 58 38 -20
L 59 36 19
D 56 37 2 57 58 59 8
L 60 34 18
D 54 35 2 55 56 60 8
L 62 32 -11
D 61 31 2 51 62 53 29
D 49 33 2 50 54 61 8
L 64 28 17
D 63 27 2 46 64 48 29
D 44 29 2 45 49 63 8
L 67 24 13
D 66 23 2 40 67 42 29
D 65 21 2 38 66 43 29
D 36 25 2 37 44 65 8
L 71 40 -24
L 73 42 -22
L 74 44 -23
L 75 42 22
D 72 43 2 73 74 75 8
L 76 40 24
D 70 41 2 71 72 76 8
L 79 46 -26
L 80 48 -27
L 81 46 26
D 78 47 2 79 80 81 8
L 84 50 -25
L 85 52 21
L 86 50 25
D 83 51 2 84 85 86 8
L 88 54 -28
L 90 56 -29
L 91 58 -30
L 92 56 29
D 89 57 2 90 91 92 8
L 93 54 28
D 87 55 2 88 89 93 8
L 95 52 -21
D 94 51 2 84 95 86 29
D 82 53 2 83 87 94 8
L 97 48 27
D 96 47 2 79 97 81 29
D 77 49 2 78 82 96 8
L 100 44 23
D 99 43 2 73 100 75 29
D 98 41 2 71 99 76 29
D 69 45 2 70 77 98 8
L 104 60 -34
L 106 62 -32
L 107 64 -33
L 108 62 32
D 105 63 2 106 107 108 8
L 109 60 34
D 103 61 2 104 105 109 8
L 112 66 -36
L 113 68 -37
L 114 66 36
D 111 67 2 112 113 114 8
L 117 70 -35
L 118 72 31
L 119 70 35
D 116 71 2 117 118 119 8
L 121 74 -38
L 123 76 -39
L 124 78 -40
L 125 76 39
D 122 77 2 123 124 125 8
L 126 74 38
D 120 75 2 121 122 126 8
L 128 72 -31
D 127 71 2 117 128 119 29
D 115 73 2 116 120 127 8
L 130 68 37
D 129 67 2 112 130 114 29
D 110 69 2 111 115 129 8
L 133 64 33
D 132 63 2 106 133 108 29
D 131 61 2 104 132 109 29
D 102 65 2 103 110 131 8
L 137 80 -42
L 139 82 -43
L 140 84 -44
L 141 82 43
D 138 83 2 139 140 141 8
L 142 80 42
D 136 81 2 137 138 142 8
L 145 86 -46
L 146 88 -47
L 147 86 46
D 144 87 2 145 146 147 8
L 150 90 -45
L 151 92 41
L 152 90 45
D 149 91 2 150 151 152 8
L 154 94 -48
L 156 96 -49
L 157 98 -50
L 158 96 49
D 155 97 2 156 157 158 8
L 159 94 48
D 153 95 2 154 155 159 8
L 161 92 -41
D 160 91 2 150 161 152 29
D 148 93 2 149 153 160 8
L 163 88 47
D 162 87 2 145 163 147 29
D 143 89 2 144 148 162 8
L 166 84 44
D 165 83 2 139 166 141 29
D 164 81 2 137 165 142 29
D 135 85 2 136 143 164 8
L 170 100 56
L 171 102 -57
L 172 100 -56
D 169 101 2 170 171 172 8
L 174 104 -58
L 176 106 -59
L 177 108 -60
L 178 106 59
D 175 107 2 176 177 178 8
L 179 104 58
D 173 105 2 174 175 179 8
L 181 102 57
D 180 101 2 170 181 172 29
D 168 103 2 169 173 180 8
L 185 110 -53
L 186 112 -54
L 187 110 53
D 184 111 2 185 186 187 8
L 189 114 -52
L 191 116 -55
L 192 118 -51
L 193 116 55
D 190 117 2 191 192 193 8
L 194 114 52
D 188 115 2 189 190 194 8
L 196 112 54
D 195 111 2 185 196 187 29
D 183 113 2 184 188 195 8
L 200 120 -76
L 201 122 -77
L 202 120 76
D 199 121 2 200 201 202 8
L 204 124 -78
L 206 126 -79
L 207 128 -80
L 208 126 79
D 205 127 2 206 207 208 8
L 209 124 78
D 203 125 2 204 205 209 8
L 211 122 77
D 210 121 2 200 211 202 29
D 198 123 2 199 203 210 8
L 215 130 -73
L 216 132 -72
L 217 130 73
D 214 131 2 215 216 217 8
L 219 134 71
L 221 136 -74
L 222 138 -75
L 223 136 74
D 220 137 2 221 222 223 8
L 224 134 -71
D 218 135 2 219 220 224 8
L 226 132 72
D 225 131 2 215 226 217 29
D 213 133 2 214 218 225 8
L 229 140 -61
L 230 142 -62
L 231 140 61
D 228 141 2 229 230 231 8
L 234 144 63
L 235 146 -64
L 236 144 -63
D 233 145 2 234 235 236 8
L 238 148 -65
L 240 150 -66
L 242 152 -67
L 244 154 -68
L 246 156 -69
L 247 158 -70
L 248 156 69
D 245 157 2 246 247 248 8
L 249 154 68
D 243 155 2 244 245 249 8
L 250 152 67
D 241 153 2 242 243 250 8
L 251 150 66
D 239 151 2 240 241 251 8
L 252 148 65
D 237 149 2 238 239 252 8
L 254 146 64
D 253 145 2 234 254 236 29
D 232 147 2 233 237 253 8
L 256 142 62
D 255 141 2 229 256 231 29
D 227 143 2 228 232 255 8
D 258 131 2 215 226 217 8
D 259 135 2 224 220 219 8
D 260 131 2 215 216 217 29
D 257 133 2 258 259 260 8
D 262 141 2 229 256 231 8
D 264 145 2 236 235 234 8
D 265 145 2 236 254 234 29
D 263 147 2 264 237 265 8
D 266 141 2 229 230 231 29
D 261 143 2 262 263 266 8
D 268 131 2 217 216 215 8
D 269 131 2 217 226 215 29
D 267 133 2 268 259 269 8
D 271 141 2 231 230 229 8
D 272 141 2 231 256 229 29
D 270 143 2 271 263 272 8
D 274 131 2 217 216 215 226
L 277 138 75
D 276 137 2 221 277 223 29
D 275 135 2 224 276 219 29
D 278 135 2 219 276 224 29
D 279 131 2 217 226 215 8
D 273 133 3 274 275 214 278 279 29
D 212 139 4 213 227 257 261 267 270 273 8
L 283 128 80
D 282 127 2 206 283 208 29
D 281 125 2 204 282 209 29
D 280 123 2 199 281 210 29
D 197 129 2 198 212 280 8
L 287 118 51
D 286 117 2 191 287 193 29
D 285 115 2 189 286 194 29
D 284 113 2 184 285 195 29
D 182 119 2 183 197 284 8
D 289 101 2 172 171 170 8
D 290 101 2 172 181 170 29
D 288 103 2 289 173 290 8
D 294 117 2 191 287 193 8
D 293 115 2 189 294 194 8
D 292 113 2 184 293 195 8
D 302 155 2 249 245 244 8
D 301 153 2 242 302 250 8
D 300 151 2 240 301 251 8
D 299 149 2 238 300 252 8
D 298 147 2 264 299 265 8
D 297 143 2 228 298 255 8
D 305 137 2 221 277 223 8
D 304 135 2 224 305 219 8
D 303 133 2 214 304 225 8
D 308 145 2 236 254 234 8
D 309 145 2 236 235 234 29
D 307 147 2 308 237 309 8
D 306 143 2 228 307 255 8
D 312 137 2 223 222 221 8
D 311 135 2 224 312 219 8
D 310 133 2 214 311 225 8
D 315 149 2 252 239 238 8
D 314 147 2 264 315 265 8
D 313 143 2 228 314 255 8
D 319 151 2 251 241 240 8
D 318 149 2 238 319 252 8
D 317 147 2 264 318 265 8
D 316 143 2 228 317 255 8
D 324 153 2 250 243 242 8
D 323 151 2 240 324 251 8
D 322 149 2 238 323 252 8
D 321 147 2 264 322 265 8
D 320 143 2 228 321 255 8
D 327 137 2 221 222 223 277
D 326 135 2 224 327 219 276
D 325 133 3 214 326 274 275 279 29
D 296 139 6 213 297 303 306 310 313 267 316 257 320 325 8
D 329 121 2 202 201 200 8
D 330 121 2 202 211 200 29
D 328 123 2 329 203 330 8
D 332 133 2 214 259 225 8
D 333 133 2 214 275 225 29
D 331 139 2 332 227 333 8
D 335 121 2 200 211 202 8
D 336 121 2 200 201 202 29
D 334 123 2 335 203 336 8
D 337 139 2 332 261 333 8
D 339 125 2 209 205 204 8
D 338 123 2 199 339 210 8
D 340 139 2 332 270 333 8
D 342 121 2 202 201 200 211
D 343 121 2 202 211 200 8
D 341 123 3 342 281 199 282 343 29
D 295 129 5 198 296 328 331 334 337 338 340 341 8
D 345 115 2 194 190 189 8
D 344 113 2 184 345 195 8
D 347 139 6 303 227 310 306 267 313 257 316 213 320 325 8
D 349 121 2 202 201 200 29
D 348 123 2 349 281 343 29
D 346 129 4 328 337 198 347 334 340 348 8
D 351 111 2 187 186 185 8
D 352 111 2 187 196 185 29
D 350 113 2 351 188 352 8
D 354 139 6 310 227 267 306 257 313 213 316 303 261 325 8
D 355 123 2 201 281 211 29
D 353 129 3 328 340 198 354 355 8
D 357 111 2 185 196 187 8
D 358 111 2 185 186 187 29
D 356 113 2 357 188 358 8
D 360 139 6 267 227 257 306 213 313 310 261 303 270 325 8
D 359 129 2 198 360 280 8
D 363 117 2 193 192 191 8
D 362 115 2 189 363 194 8
D 361 113 2 184 362 195 8
D 368 137 2 223 277 221 29
D 367 135 2 224 368 219 276
D 366 133 3 214 367 274 275 279 29
D 365 139 5 257 227 213 306 267 261 310 270 366 8
D 364 129 2 198 365 280 8
D 371 117 2 191 192 193 287
D 370 115 2 189 371 194 286
D 372 111 2 187 186 185 196
D 373 111 2 187 196 185 8
D 369 113 3 184 370 372 285 373 29
D 291 119 6 292 295 344 346 350 353 356 359 361 364 369 8
D 375 101 2 172 181 170 8
D 376 101 2 172 171 170 29
D 374 103 2 375 173 376 8
D 380 133 3 258 275 214 278 217 29
D 379 139 3 213 261 257 270 380 8
D 378 129 2 198 379 280 8
D 377 119 2 183 378 284 8
D 382 105 2 179 175 174 8
D 381 103 2 289 382 290 8
D 386 133 2 214 278 225 29
D 385 139 2 213 270 386 8
D 384 129 2 198 385 280 8
D 383 119 2 183 384 284 8
D 388 101 2 170 171 172 181
L 391 108 60
D 390 107 2 176 391 178 29
D 389 105 2 174 390 179 29
D 392 101 2 170 181 172 8
D 387 103 3 388 389 289 390 392 29
D 167 109 5 168 182 288 291 374 377 381 383 387 8
D 394 81 2 142 138 137 8
D 397 91 2 150 161 152 8
D 398 91 2 150 151 152 29
D 396 93 2 397 153 398 8
D 395 89 2 144 396 162 8
D 399 81 2 142 165 137 29
D 393 85 2 394 395 399 8
D 401 119 6 292 346 344 353 350 359 356 364 361 197 369 8
D 403 101 2 170 171 172 29
D 402 103 2 403 389 392 29
D 400 109 4 168 377 288 401 374 383 402 8
D 406 83 2 141 140 139 8
D 405 81 2 137 406 142 8
D 408 83 2 141 166 139 29
D 407 81 2 137 408 142 29
D 404 85 2 405 395 407 8
D 410 119 6 292 353 344 359 350 364 356 197 361 378 369 8
D 411 103 2 171 389 181 29
D 409 109 3 168 383 288 410 411 8
D 414 83 2 139 166 141 8
D 413 81 2 137 414 142 8
D 416 83 2 139 140 141 29
D 415 81 2 137 416 142 29
D 412 85 2 413 395 415 8
D 418 119 6 292 359 344 364 350 197 356 378 361 384 369 8
D 419 103 2 289 389 290 29
D 417 109 2 288 418 419 8
D 423 91 2 152 161 150 8
D 424 91 2 152 151 150 29
D 422 93 2 423 153 424 8
D 421 89 2 144 422 162 8
D 420 85 2 136 421 164 8
D 429 117 2 191 192 193 29
D 428 115 2 194 286 189 429
D 427 113 3 184 428 372 285 373 29
D 426 119 5 292 364 344 197 350 378 356 384 427 8
D 425 109 2 288 426 419 8
D 432 87 2 147 146 145 8
D 433 87 2 147 163 145 29
D 431 89 2 432 396 433 8
D 430 85 2 136 431 164 8
D 436 113 3 184 428 351 285 196 29
D 435 119 4 292 197 344 378 350 384 436 8
D 434 109 2 288 435 419 8
D 439 87 2 145 163 147 8
D 440 87 2 145 146 147 29
D 438 89 2 439 396 440 8
D 437 85 2 136 438 164 8
D 443 113 2 184 428 195 29
D 442 119 3 292 378 344 384 443 8
D 441 109 2 288 442 419 8
D 447 95 2 159 155 154 8
D 446 93 2 397 447 398 8
D 445 89 2 144 446 162 8
D 444 85 2 136 445 164 8
D 451 115 2 189 429 194 29
D 450 113 2 184 451 195 29
D 449 119 2 292 384 450 8
D 448 109 2 288 449 419 8
L 457 98 50
D 456 97 2 156 457 158 29
D 455 95 2 159 456 154 29
D 458 91 2 152 161 150 151
D 459 95 2 154 456 159 29
D 460 91 2 152 151 150 8
D 454 93 3 397 455 458 459 460 29
D 461 87 2 147 146 145 163
D 462 93 2 397 459 398 29
D 463 87 2 147 163 145 8
D 453 89 3 144 454 461 462 463 29
D 465 83 2 141 140 139 166
D 464 81 2 137 465 142 138
D 466 89 2 144 462 162 29
D 468 83 2 141 166 139 8
D 467 81 2 137 468 142 165
D 452 85 3 136 453 464 466 467 29
D 134 99 9 135 167 393 400 404 409 412 417 420 425 430 434 437 441 444 448 452 8
D 471 63 2 108 107 106 8
D 470 61 2 104 471 109 8
D 474 71 2 117 128 119 8
D 475 71 2 117 118 119 29
D 473 73 2 474 120 475 8
D 472 69 2 111 473 129 8
D 477 63 2 108 133 106 29
D 476 61 2 104 477 109 29
D 469 65 2 470 472 476 8
D 482 91 2 150 161 152 151
D 481 93 2 458 459 482 29
D 480 89 3 144 481 461 462 463 29
D 479 85 3 136 480 464 466 467 29
D 478 99 8 135 400 393 409 404 417 412 425 420 434 430 441 437 448 479 8
D 485 63 2 106 133 108 8
D 484 61 2 104 485 109 8
D 487 63 2 106 107 108 29
D 486 61 2 104 487 109 29
D 483 65 2 484 472 486 8
D 490 89 3 144 481 432 462 163 29
D 489 85 3 136 490 464 466 467 29
D 488 99 7 135 409 393 417 404 425 412 434 420 441 430 448 489 8
D 492 61 2 109 105 104 8
D 493 61 2 109 132 104 29
D 491 65 2 492 472 493 8
D 496 89 2 144 481 162 29
D 495 85 3 136 496 464 466 467 29
D 494 99 6 135 417 393 425 404 434 412 441 420 448 495 8
D 500 71 2 119 128 117 8
D 501 71 2 119 118 117 29
D 499 73 2 500 120 501 8
D 498 69 2 111 499 129 8
D 497 65 2 103 498 131 8
D 505 93 2 149 459 160 29
D 504 89 2 144 505 162 29
D 503 85 3 136 504 464 466 467 29
D 502 99 5 135 425 393 434 404 441 412 448 503 8
D 508 67 2 114 113 112 8
D 509 67 2 114 130 112 29
D 507 69 2 508 473 509 8
D 506 65 2 103 507 131 8
D 512 81 2 137 406 142 138
D 513 81 2 142 165 137 166
D 511 85 3 136 504 512 466 513 29
D 510 99 4 135 434 393 441 404 448 511 8
D 516 67 2 112 130 114 8
D 517 67 2 112 113 114 29
D 515 69 2 516 473 517 8
D 514 65 2 103 515 131 8
D 519 85 3 136 504 394 466 165 29
D 518 99 3 135 441 393 448 519 8
D 523 75 2 126 122 121 8
D 522 73 2 474 523 475 8
D 521 69 2 111 522 129 8
D 520 65 2 103 521 131 8
D 525 85 2 136 504 164 29
D 524 99 2 135 448 525 8
L 531 78 40
D 530 77 2 123 531 125 29
D 529 75 2 126 530 121 29
D 532 71 2 119 128 117 118
D 533 75 2 121 530 126 29
D 534 71 2 119 118 117 8
D 528 73 3 474 529 532 533 534 29
D 535 67 2 114 113 112 130
D 536 73 2 474 533 475 29
D 537 67 2 114 130 112 8
D 527 69 3 111 528 535 536 537 29
D 539 63 2 108 107 106 133
D 538 61 2 104 539 109 105
D 540 69 2 111 536 129 29
D 542 63 2 108 133 106 8
D 541 61 2 104 542 109 132
D 526 65 3 103 527 538 540 541 29
D 101 79 9 102 134 469 478 483 488 491 494 497 502 506 510 514 518 520 524 526 8
D 545 43 2 75 74 73 8
D 544 41 2 71 545 76 8
D 548 51 2 84 95 86 8
D 549 51 2 84 85 86 29
D 547 53 2 548 87 549 8
D 546 49 2 78 547 96 8
D 551 43 2 75 100 73 29
D 550 41 2 71 551 76 29
D 543 45 2 544 546 550 8
D 556 71 2 117 128 119 118
D 555 73 2 532 533 556 29
D 554 69 3 111 555 535 536 537 29
D 553 65 3 103 554 538 540 541 29
D 552 79 8 102 478 469 488 483 494 491 502 497 510 506 518 514 524 553 8
D 559 43 2 73 100 75 8
D 558 41 2 71 559 76 8
D 561 43 2 73 74 75 29
D 560 41 2 71 561 76 29
D 557 45 2 558 546 560 8
D 564 69 3 111 555 508 536 130 29
D 563 65 3 103 564 538 540 541 29
D 562 79 7 102 488 469 494 483 502 491 510 497 518 506 524 563 8
D 566 41 2 76 72 71 8
D 567 41 2 76 99 71 29
D 565 45 2 566 546 567 8
D 570 69 2 111 555 129 29
D 569 65 3 103 570 538 540 541 29
D 568 79 6 102 494 469 502 483 510 491 518 497 524 569 8
D 574 51 2 86 95 84 8
D 575 51 2 86 85 84 29
D 573 53 2 574 87 575 8
D 572 49 2 78 573 96 8
D 571 45 2 70 572 98 8
D 579 73 2 116 533 127 29
D 578 69 2 111 579 129 29
D 577 65 3 103 578 538 540 541 29
D 576 79 5 102 502 469 510 483 518 491 524 577 8
D 582 47 2 81 80 79 8
D 583 47 2 81 97 79 29
D 581 49 2 582 547 583 8
D 580 45 2 70 581 98 8
D 586 61 2 104 539 109 8
D 587 61 2 104 542 109 29
D 585 65 3 103 578 586 540 587 29
D 584 79 4 102 510 469 518 483 524 585 8
D 590 47 2 79 97 81 8
D 591 47 2 79 80 81 29
D 589 49 2 590 547 591 8
D 588 45 2 70 589 98 8
D 594 61 2 104 133 109 29
D 593 65 3 103 578 470 540 594 29
D 592 79 3 102 518 469 524 593 8
D 598 55 2 93 89 88 8
D 597 53 2 548 598 549 8
D 596 49 2 78 597 96 8
D 595 45 2 70 596 98 8
D 600 65 2 103 578 131 29
D 599 79 2 102 524 600 8
L 606 58 30
D 605 57 2 90 606 92 29
D 604 55 2 93 605 88 29
D 607 51 2 86 95 84 85
D 608 55 2 88 605 93 29
D 609 51 2 86 85 84 8
D 603 53 3 548 604 607 608 609 29
D 610 47 2 81 80 79 97
D 611 53 2 548 608 549 29
D 612 47 2 81 97 79 8
D 602 49 3 78 603 610 611 612 29
D 614 43 2 75 74 73 100
D 613 41 2 71 614 76 72
D 615 49 2 78 611 96 29
D 617 43 2 75 100 73 8
D 616 41 2 71 617 76 99
D 601 45 3 70 602 613 615 616 29
D 68 59 9 69 101 543 552 557 562 565 568 571 576 580 584 588 592 595 599 601 8
D 620 23 2 42 41 40 8
D 619 21 2 38 620 43 8
D 623 31 2 51 62 53 8
D 624 31 2 51 52 53 29
D 622 33 2 623 54 624 8
D 621 29 2 45 622 63 8
D 626 23 2 42 67 40 29
D 625 21 2 38 626 43 29
D 618 25 2 619 621 625 8
D 631 51 2 84 95 86 85
D 630 53 2 607 608 631 29
D 629 49 3 78 630 610 611 612 29
D 628 45 3 70 629 613 615 616 29
D 627 59 8 69 552 543 562 557 568 565 576 571 584 580 592 588 599 628 8
D 634 23 2 40 67 42 8
D 633 21 2 38 634 43 8
D 636 23 2 40 41 42 29
D 635 21 2 38 636 43 29
D 632 25 2 633 621 635 8
D 639 49 3 78 630 582 611 97 29
D 638 45 3 70 639 613 615 616 29
D 637 59 7 69 562 543 568 557 576 565 584 571 592 580 599 638 8
D 641 21 2 43 39 38 8
D 642 21 2 43 66 38 29
D 640 25 2 641 621 642 8
D 645 49 2 78 630 96 29
D 644 45 3 70 645 613 615 616 29
D 643 59 6 69 568 543 576 557 584 565 592 571 599 644 8
D 649 31 2 53 62 51 8
D 650 31 2 53 52 51 29
D 648 33 2 649 54 650 8
D 647 29 2 45 648 63 8
D 646 25 2 37 647 65 8
D 654 53 2 83 608 94 29
D 653 49 2 78 654 96 29
D 652 45 3 70 653 613 615 616 29
D 651 59 5 69 576 543 584 557 592 565 599 652 8
D 657 27 2 48 47 46 8
D 658 27 2 48 64 46 29
D 656 29 2 657 622 658 8
D 655 25 2 37 656 65 8
D 661 41 2 71 614 76 8
D 662 41 2 71 617 76 29
D 660 45 3 70 653 661 615 662 29
D 659 59 4 69 584 543 592 557 599 660 8
D 665 27 2 46 64 48 8
D 666 27 2 46 47 48 29
D 664 29 2 665 622 666 8
D 663 25 2 37 664 65 8
D 669 41 2 71 100 76 29
D 668 45 3 70 653 544 615 669 29
D 667 59 3 69 592 543 599 668 8
D 673 35 2 60 56 55 8
D 672 33 2 623 673 624 8
D 671 29 2 45 672 63 8
D 670 25 2 37 671 65 8
D 675 45 2 70 653 98 29
D 674 59 2 69 599 675 8
L 681 38 20
D 680 37 2 57 681 59 29
D 679 35 2 60 680 55 29
D 682 31 2 53 62 51 52
D 683 35 2 55 680 60 29
D 684 31 2 53 52 51 8
D 678 33 3 623 679 682 683 684 29
D 685 27 2 48 47 46 64
D 686 33 2 623 683 624 29
D 687 27 2 48 64 46 8
D 677 29 3 45 678 685 686 687 29
D 689 23 2 42 41 40 67
D 688 21 2 38 689 43 39
D 690 29 2 45 686 63 29
D 692 23 2 42 67 40 8
D 691 21 2 38 692 43 66
D 676 25 3 37 677 688 690 691 29
D 35 39 9 36 68 618 627 632 637 640 643 646 651 655 659 663 667 670 674 676 8
D 695 3 2 7 6 5 8
D 694 1 2 3 695 9 8
D 698 11 2 17 28 19 8
D 699 11 2 17 18 19 29
D 697 13 2 698 20 699 8
D 696 9 2 11 697 30 8
D 701 3 2 7 34 5 29
D 700 1 2 3 701 9 29
D 693 5 2 694 696 700 8
D 706 31 2 51 62 53 52
D 705 33 2 682 683 706 29
D 704 29 3 45 705 685 686 687 29
D 703 25 3 37 704 688 690 691 29
D 702 39 8 36 627 618 637 632 643 640 651 646 659 655 667 663 674 703 8
D 709 3 2 5 34 7 8
D 708 1 2 3 709 9 8
D 711 3 2 5 6 7 29
D 710 1 2 3 711 9 29
D 707 5 2 708 696 710 8
D 714 29 3 45 705 657 686 64 29
D 713 25 3 37 714 688 690 691 29
D 712 39 7 36 637 618 643 632 651 640 659 646 667 655 674 713 8
D 716 1 2 9 4 3 8
D 717 1 2 9 33 3 29
D 715 5 2 716 696 717 8
D 720 29 2 45 705 63 29
D 719 25 3 37 720 688 690 691 29
D 718 39 6 36 643 618 651 632 659 640 667 646 674 719 8
D 724 11 2 19 28 17 8
D 725 11 2 19 18 17 29
D 723 13 2 724 20 725 8
D 722 9 2 11 723 30 8
D 721 5 2 2 722 32 8
D 729 33 2 50 683 61 29
D 728 29 2 45 729 63 29
D 727 25 3 37 728 688 690 691 29
D 726 39 5 36 651 618 659 632 667 640 674 727 8
D 732 7 2 14 13 12 8
D 733 7 2 14 31 12 29
D 731 9 2 732 697 733 8
D 730 5 2 2 731 32 8
D 736 21 2 38 689 43 8
D 737 21 2 38 692 43 29
D 735 25 3 37 728 736 690 737 29
D 734 39 4 36 659 618 667 632 674 735 8
D 740 7 2 12 31 14 8
D 741 7 2 12 13 14 29
D 739 9 2 740 697 741 8
D 738 5 2 2 739 32 8
D 744 21 2 38 67 43 29
D 743 25 3 37 728 619 690 744 29
D 742 39 3 36 667 618 674 743 8
D 748 15 2 26 22 21 8
D 747 13 2 698 748 699 8
D 746 9 2 11 747 30 8
D 745 5 2 2 746 32 8
D 750 25 2 37 728 65 29
D 749 39 2 36 674 750 8
L 756 18 10
D 755 17 2 23 756 25 29
D 754 15 2 26 755 21 29
D 757 11 2 19 28 17 18
D 758 15 2 21 755 26 29
D 759 11 2 19 18 17 8
D 753 13 3 698 754 757 758 759 29
D 760 7 2 14 13 12 31
D 761 13 2 698 758 699 29
D 762 7 2 14 31 12 8
D 752 9 3 11 753 760 761 762 29
D 764 3 2 7 6 5 34
D 763 1 2 3 764 9 4
D 765 9 2 11 761 30 29
D 767 3 2 7 34 5 8
D 766 1 2 3 767 9 33
D 751 5 3 2 752 763 765 766 29
D 0 19 9 1 35 693 702 707 712 715 718 721 726 730 734 738 742 745 749 751 8
