c ids of sdd nodes start at 0
c sdd nodes appear bottom-up, children before parents
c
c file syntax:
c sdd count-of-sdd-nodes
c F id-of-false-sdd-node
c T id-of-true-sdd-node
c L id-of-literal-sdd-node id-of-vtree literal
c D id-of-decomposition-sdd-node id-of-vtree number-of-elements {id-of-prime id-of-sub}*
c
sdd 841
L 3 0 -4
L 5 2 -2
L 6 4 -3
L 7 2 2
F 8
D 4 3 2 5 6 7 8
L 9 0 4
D 2 1 2 3 4 9 8
L 12 6 -6
L 13 8 -7
L 14 6 6
D 11 7 2 12 13 14 8
L 17 10 -5
L 18 12 1
L 19 10 5
D 16 11 2 17 18 19 8
L 21 14 -8
L 23 16 -9
L 24 18 -10
L 25 16 9
D 22 17 2 23 24 25 8
L 26 14 8
D 20 15 2 21 22 26 8
L 28 12 -1
T 29
D 27 11 2 17 28 19 29
D 15 13 2 16 20 27 8
L 31 8 7
D 30 7 2 12 31 14 29
D 10 9 2 11 15 30 8
L 34 4 3
D 33 3 2 5 34 7 29
D 32 1 2 3 33 9 29
D 1 5 2 2 10 32 8
L 38 20 -14
L 40 22 -12
L 41 24 -13
L 42 22 12
D 39 23 2 40 41 42 8
L 43 20 14
D 37 21 2 38 39 43 8
L 46 26 -16
L 47 28 -17
L 48 26 16
D 45 27 2 46 47 48 8
L 51 30 -15
L 52 32 11
L 53 30 15
D 50 31 2 51 52 53 8
L 55 34 -18
L 57 36 -19
L 58 38 -20
L 59 36 19
D 56 37 2 57 58 59 8
L 60 34 18
D 54 35 2 55 56 60 8
L 62 32 -11
D 61 31 2 51 62 53 29
D 49 33 2 50 54 61 8
L 64 28 17
D 63 27 2 46 64 48 29
D 44 29 2 45 49 63 8
L 67 24 13
D 66 23 2 40 67 42 29
D 65 21 2 38 66 43 29
D 36 25 2 37 44 65 8
L 71 40 -24
L 73 42 -22
L 74 44 -23
L 75 42 22
D 72 43 2 73 74 75 8
L 76 40 24
D 70 41 2 71 72 76 8
L 79 46 -26
L 80 48 -27
L 81 46 26
D 78 47 2 79 80 81 8
L 84 50 -25
L 85 52 21
L 86 50 25
D 83 51 2 84 85 86 8
L 88 54 -28
L 90 56 -29
L 91 58 -30
L 92 56 29
D 89 57 2 90 91 92 8
L 93 54 28
D 87 55 2 88 89 93 8
L 95 52 -21
D 94 51 2 84 95 86 29
D 82 53 2 83 87 94 8
L 97 48 27
D 96 47 2 79 97 81 29
D 77 49 2 78 82 96 8
L 100 44 23
D 99 43 2 73 100 75 29
D 98 41 2 71 99 76 29
D 69 45 2 70 77 98 8
L 104 60 -34
L 106 62 -32
L 107 64 -33
L 108 62 32
D 105 63 2 106 107 108 8
L 109 60 34
D 103 61 2 104 105 109 8
L 112 66 -36
L 113 68 -37
L 114 66 36
D 111 67 2 112 113 114 8
L 117 70 -35
L 118 72 31
L 119 70 35
D 116 71 2 117 118 119 8
L 121 74 -38
L 123 76 -39
L 124 78 -40
L 125 76 39
D 122 77 2 123 124 125 8
L 126 74 38
D 120 75 2 121 122 126 8
L 128 72 -31
D 127 71 2 117 128 119 29
D 115 73 2 116 120 127 8
L 130 68 37
D 129 67 2 112 130 114 29
D 110 69 2 111 115 129 8
L 133 64 33
D 132 63 2 106 133 108 29
D 131 61 2 104 132 109 29
D 102 65 2 103 110 131 8
L 137 80 -42
L 139 82 -43
L 140 84 -44
L 141 82 43
D 138 83 2 139 140 141 8
L 142 80 42
D 136 81 2 137 138 142 8
L 145 86 -46
L 146 88 -47
L 147 86 46
D 144 87 2 145 146 147 8
L 150 90 -45
L 151 92 41
L 152 90 45
D 149 91 2 150 151 152 8
L 154 94 -48
L 156 96 -49
L 157 98 -50
L 158 96 49
D 155 97 2 156 157 158 8
L 159 94 48
D 153 95 2 154 155 159 8
L 161 92 -41
D 160 91 2 150 161 152 29
D 148 93 2 149 153 160 8
L 163 88 47
D 162 87 2 145 163 147 29
D 143 89 2 144 148 162 8
L 166 84 44
D 165 83 2 139 166 141 29
D 164 81 2 137 165 142 29
D 135 85 2 136 143 164 8
L 170 100 56
L 171 102 -57
L 172 100 -56
D 169 101 2 170 171 172 8
L 174 104 -58
L 176 106 -59
L 177 108 -60
L 178 106 59
D 175 107 2 176 177 178 8
L 179 104 58
D 173 105 2 174 175 179 8
L 181 102 57
D 180 101 2 170 181 172 29
D 168 103 2 169 173 180 8
L 185 110 -53
L 186 112 -54
L 187 110 53
D 184 111 2 185 186 187 8
L 189 114 -52
L 191 116 -55
L 192 118 -51
L 193 116 55
D 190 117 2 191 192 193 8
L 194 114 52
D 188 115 2 189 190 194 8
L 196 112 54
D 195 111 2 185 196 187 29
D 183 113 2 184 188 195 8
L 200 120 -76
L 201 122 -77
L 202 120 76
D 199 121 2 200 201 202 8
L 204 124 -78
L 206 126 -79
L 207 128 -80
L 208 126 79
D 205 127 2 206 207 208 8
L 209 124 78
D 203 125 2 204 205 209 8
L 211 122 77
D 210 121 2 200 211 202 29
D 198 123 2 199 203 210 8
L 215 130 -73
L 216 132 72
L 217 130 73
D 214 131 2 215 216 217 8
L 219 134 -71
L 221 136 -74
L 222 138 -75
L 223 136 74
D 220 137 2 221 222 223 8
L 224 134 71
D 218 135 2 219 220 224 8
L 226 132 -72
D 225 131 2 215 226 217 29
D 213 133 2 214 218 225 8
L 229 140 -61
L 230 142 -62
L 231 140 61
D 228 141 2 229 230 231 8
L 234 144 63
L 235 146 -64
L 236 144 -63
D 233 145 2 234 235 236 8
L 238 148 -65
L 240 150 -66
L 242 152 -67
L 244 154 -68
L 246 156 -69
L 247 158 -70
L 248 156 69
D 245 157 2 246 247 248 8
L 249 154 68
D 243 155 2 244 245 249 8
L 250 152 67
D 241 153 2 242 243 250 8
L 251 150 66
D 239 151 2 240 241 251 8
L 252 148 65
D 237 149 2 238 239 252 8
L 254 146 64
D 253 145 2 234 254 236 29
D 232 147 2 233 237 253 8
L 256 142 62
D 255 141 2 229 256 231 29
D 227 143 2 228 232 255 8
D 258 131 2 215 226 217 8
D 259 135 2 224 220 219 8
D 260 131 2 215 216 217 29
D 257 133 2 258 259 260 8
D 263 145 2 236 254 234 8
D 264 145 2 236 235 234 29
D 262 147 2 263 237 264 8
D 261 143 2 228 262 255 8
D 266 131 2 217 226 215 8
D 267 131 2 217 216 215 29
D 265 133 2 266 218 267 8
D 269 141 2 229 256 231 8
D 271 145 2 236 235 234 8
D 272 145 2 236 254 234 29
D 270 147 2 271 237 272 8
D 273 141 2 229 230 231 29
D 268 143 2 269 270 273 8
D 276 137 2 223 222 221 8
D 275 135 2 219 276 224 8
D 274 133 2 258 275 260 8
D 278 141 2 231 230 229 8
D 279 141 2 231 256 229 29
D 277 143 2 278 270 279 8
L 283 138 75
D 282 137 2 223 283 221 29
D 284 137 2 221 283 223 29
D 281 135 2 219 282 224 284
D 285 131 2 217 226 215 216
D 286 135 2 219 284 224 29
D 287 131 2 217 216 215 8
D 280 133 3 258 281 285 286 287 29
D 212 139 5 213 227 257 261 265 268 274 277 280 8
L 291 128 80
D 290 127 2 206 291 208 29
D 289 125 2 204 290 209 29
D 288 123 2 199 289 210 29
D 197 129 2 198 212 288 8
L 295 118 51
D 294 117 2 191 295 193 29
D 293 115 2 189 294 194 29
D 292 113 2 184 293 195 29
D 182 119 2 183 197 292 8
D 297 101 2 172 171 170 8
D 298 101 2 172 181 170 29
D 296 103 2 297 173 298 8
D 302 117 2 191 295 193 8
D 301 115 2 189 302 194 8
D 300 113 2 184 301 195 8
D 311 157 2 248 247 246 8
D 310 155 2 244 311 249 8
D 309 153 2 242 310 250 8
D 308 151 2 240 309 251 8
D 307 149 2 238 308 252 8
D 306 147 2 271 307 272 8
D 305 143 2 228 306 255 8
D 317 155 2 249 245 244 8
D 316 153 2 242 317 250 8
D 315 151 2 240 316 251 8
D 314 149 2 238 315 252 8
D 313 147 2 271 314 272 8
D 312 143 2 228 313 255 8
D 320 137 2 221 283 223 8
D 319 135 2 219 320 224 8
D 318 133 2 258 319 260 8
D 323 149 2 252 239 238 8
D 322 147 2 271 323 272 8
D 321 143 2 228 322 255 8
D 327 151 2 251 241 240 8
D 326 149 2 238 327 252 8
D 325 147 2 271 326 272 8
D 324 143 2 228 325 255 8
D 332 153 2 250 243 242 8
D 331 151 2 240 332 251 8
D 330 149 2 238 331 252 8
D 329 147 2 271 330 272 8
D 328 143 2 228 329 255 8
D 335 137 2 221 222 223 283
D 334 135 2 219 335 224 284
D 333 133 3 258 334 285 286 287 29
D 304 139 6 257 305 213 312 318 321 274 324 265 328 333 8
D 337 121 2 200 211 202 8
D 338 121 2 200 201 202 29
D 336 123 2 337 203 338 8
D 340 133 2 258 218 260 8
D 341 133 2 258 286 260 29
D 339 139 2 340 227 341 8
D 343 125 2 209 205 204 8
D 342 123 2 199 343 210 8
D 344 139 2 340 268 341 8
D 346 121 2 202 201 200 8
D 347 121 2 202 211 200 29
D 345 123 2 346 203 347 8
D 348 139 2 340 261 341 8
D 351 127 2 208 207 206 8
D 350 125 2 204 351 209 8
D 349 123 2 199 350 210 8
D 352 139 2 340 277 341 8
D 354 125 2 209 290 204 291
D 355 121 2 202 201 200 211
D 356 121 2 202 211 200 8
D 353 123 3 199 354 355 289 356 29
D 303 129 6 198 304 336 339 342 344 345 348 349 352 353 8
D 358 115 2 194 190 189 8
D 357 113 2 184 358 195 8
D 360 139 6 257 312 318 261 274 321 265 324 213 328 333 8
D 361 123 3 355 289 199 290 356 29
D 359 129 5 198 360 345 339 336 344 342 352 361 8
D 363 111 2 187 186 185 8
D 364 111 2 187 196 185 29
D 362 113 2 363 188 364 8
D 366 139 6 318 227 274 261 265 321 213 324 257 328 333 8
D 368 121 2 202 201 200 29
D 367 123 2 368 289 356 29
D 365 129 4 345 344 198 366 336 352 367 8
D 370 111 2 185 196 187 8
D 371 111 2 185 186 187 29
D 369 113 2 370 188 371 8
D 373 139 6 274 227 265 261 213 321 257 324 318 268 333 8
D 374 123 2 201 289 211 29
D 372 129 3 345 352 198 373 374 8
D 377 117 2 193 192 191 8
D 376 115 2 189 377 194 8
D 375 113 2 184 376 195 8
D 379 139 6 265 227 213 261 257 321 274 268 318 277 333 8
D 378 129 2 198 379 288 8
D 382 117 2 191 192 193 295
D 381 115 2 189 382 194 294
D 383 111 2 187 186 185 196
D 384 111 2 187 196 185 8
D 380 113 3 184 381 383 293 384 29
D 299 119 6 300 303 357 359 362 365 369 372 375 378 380 8
D 386 101 2 172 181 170 8
D 387 101 2 172 171 170 29
D 385 103 2 386 173 387 8
D 392 135 2 224 284 219 29
D 391 133 3 285 286 258 392 287 29
D 390 139 4 257 227 213 268 265 277 391 8
D 389 129 2 198 390 288 8
D 388 119 2 183 389 292 8
D 394 105 2 179 175 174 8
D 393 103 2 297 394 298 8
D 398 133 3 214 286 258 392 217 29
D 397 139 3 257 268 213 277 398 8
D 396 129 2 198 397 288 8
D 395 119 2 183 396 292 8
D 401 107 2 178 177 176 8
D 400 105 2 174 401 179 8
D 399 103 2 297 400 298 8
D 405 133 2 258 392 260 29
D 404 139 2 257 277 405 8
D 403 129 2 198 404 288 8
D 402 119 2 183 403 292 8
L 409 108 60
D 408 107 2 176 409 178 29
D 407 105 2 179 408 174 409
D 410 101 2 170 171 172 181
D 411 105 2 174 408 179 29
D 412 101 2 170 181 172 8
D 406 103 3 297 407 410 411 412 29
D 167 109 6 168 182 296 299 385 388 393 395 399 402 406 8
D 414 81 2 142 138 137 8
D 417 91 2 150 161 152 8
D 418 91 2 150 151 152 29
D 416 93 2 417 153 418 8
D 415 89 2 144 416 162 8
D 419 81 2 142 165 137 29
D 413 85 2 414 415 419 8
D 421 119 6 300 359 357 365 362 372 369 378 375 197 380 8
D 422 103 3 410 411 297 408 412 29
D 420 109 5 168 388 296 421 385 395 393 402 422 8
D 425 83 2 141 140 139 8
D 424 81 2 137 425 142 8
D 427 83 2 141 166 139 29
D 426 81 2 137 427 142 29
D 423 85 2 424 415 426 8
D 429 119 6 300 365 357 372 362 378 369 197 375 389 380 8
D 431 101 2 170 171 172 29
D 430 103 2 431 411 412 29
D 428 109 4 168 395 296 429 385 402 430 8
D 434 83 2 139 166 141 8
D 433 81 2 137 434 142 8
D 436 83 2 139 140 141 29
D 435 81 2 137 436 142 29
D 432 85 2 433 415 435 8
D 438 119 6 300 372 357 378 362 197 369 389 375 396 380 8
D 439 103 2 171 411 181 29
D 437 109 3 168 402 296 438 439 8
D 443 91 2 152 161 150 8
D 444 91 2 152 151 150 29
D 442 93 2 443 153 444 8
D 441 89 2 144 442 162 8
D 440 85 2 136 441 164 8
D 446 119 6 300 378 357 197 362 389 369 396 375 403 380 8
D 447 103 2 297 411 298 29
D 445 109 2 296 446 447 8
D 450 87 2 147 146 145 8
D 451 87 2 147 163 145 29
D 449 89 2 450 416 451 8
D 448 85 2 136 449 164 8
D 456 117 2 191 192 193 29
D 455 115 2 194 294 189 456
D 454 113 3 184 455 383 293 384 29
D 453 119 5 300 197 357 389 362 396 369 403 454 8
D 452 109 2 296 453 447 8
D 459 87 2 145 163 147 8
D 460 87 2 145 146 147 29
D 458 89 2 459 416 460 8
D 457 85 2 136 458 164 8
D 463 113 3 184 455 363 293 196 29
D 462 119 4 300 389 357 396 362 403 463 8
D 461 109 2 296 462 447 8
D 467 95 2 159 155 154 8
D 466 93 2 417 467 418 8
D 465 89 2 144 466 162 8
D 464 85 2 136 465 164 8
D 470 113 2 184 455 195 29
D 469 119 3 300 396 357 403 470 8
D 468 109 2 296 469 447 8
D 475 97 2 158 157 156 8
D 474 95 2 154 475 159 8
D 473 93 2 417 474 418 8
D 472 89 2 144 473 162 8
D 471 85 2 136 472 164 8
D 479 115 2 189 456 194 29
D 478 113 2 184 479 195 29
D 477 119 2 300 403 478 8
D 476 109 2 296 477 447 8
L 485 98 50
D 484 97 2 158 485 156 29
D 486 97 2 156 485 158 29
D 483 95 2 154 484 159 486
D 487 91 2 152 161 150 151
D 488 95 2 154 486 159 29
D 489 91 2 152 151 150 8
D 482 93 3 417 483 487 488 489 29
D 490 87 2 147 146 145 163
D 491 93 2 417 488 418 29
D 492 87 2 147 163 145 8
D 481 89 3 144 482 490 491 492 29
D 494 83 2 141 140 139 166
D 493 81 2 137 494 142 138
D 495 89 2 144 491 162 29
D 497 83 2 141 166 139 8
D 496 81 2 137 497 142 165
D 480 85 3 136 481 493 495 496 29
D 134 99 10 135 167 413 420 423 428 432 437 440 445 448 452 457 461 464 468 471 476 480 8
D 500 63 2 108 107 106 8
D 499 61 2 104 500 109 8
D 503 71 2 117 128 119 8
D 504 71 2 117 118 119 29
D 502 73 2 503 120 504 8
D 501 69 2 111 502 129 8
D 506 63 2 108 133 106 29
D 505 61 2 104 506 109 29
D 498 65 2 499 501 505 8
D 511 95 2 159 486 154 29
D 510 93 3 417 511 487 488 489 29
D 509 89 3 144 510 490 491 492 29
D 508 85 3 136 509 493 495 496 29
D 507 99 9 135 420 413 428 423 437 432 445 440 452 448 461 457 468 464 476 508 8
D 514 63 2 106 133 108 8
D 513 61 2 104 514 109 8
D 516 63 2 106 107 108 29
D 515 61 2 104 516 109 29
D 512 65 2 513 501 515 8
D 521 91 2 150 161 152 151
D 520 93 2 487 488 521 29
D 519 89 3 144 520 490 491 492 29
D 518 85 3 136 519 493 495 496 29
D 517 99 8 135 428 413 437 423 445 432 452 440 461 448 468 457 476 518 8
D 523 61 2 109 105 104 8
D 524 61 2 109 132 104 29
D 522 65 2 523 501 524 8
D 527 89 3 144 520 450 491 163 29
D 526 85 3 136 527 493 495 496 29
D 525 99 7 135 437 413 445 423 452 432 461 440 468 448 476 526 8
D 531 71 2 119 128 117 8
D 532 71 2 119 118 117 29
D 530 73 2 531 120 532 8
D 529 69 2 111 530 129 8
D 528 65 2 103 529 131 8
D 535 89 2 144 520 162 29
D 534 85 3 136 535 493 495 496 29
D 533 99 6 135 445 413 452 423 461 432 468 440 476 534 8
D 538 67 2 114 113 112 8
D 539 67 2 114 130 112 29
D 537 69 2 538 502 539 8
D 536 65 2 103 537 131 8
D 543 93 2 149 488 160 29
D 542 89 2 144 543 162 29
D 541 85 3 136 542 493 495 496 29
D 540 99 5 135 452 413 461 423 468 432 476 541 8
D 546 67 2 112 130 114 8
D 547 67 2 112 113 114 29
D 545 69 2 546 502 547 8
D 544 65 2 103 545 131 8
D 550 81 2 137 425 142 138
D 551 81 2 142 165 137 166
D 549 85 3 136 542 550 495 551 29
D 548 99 4 135 461 413 468 423 476 549 8
D 555 75 2 126 122 121 8
D 554 73 2 503 555 504 8
D 553 69 2 111 554 129 8
D 552 65 2 103 553 131 8
D 557 85 3 136 542 414 495 165 29
D 556 99 3 135 468 413 476 557 8
D 562 77 2 125 124 123 8
D 561 75 2 121 562 126 8
D 560 73 2 503 561 504 8
D 559 69 2 111 560 129 8
D 558 65 2 103 559 131 8
D 564 85 2 136 542 164 29
D 563 99 2 135 476 564 8
L 570 78 40
D 569 77 2 125 570 123 29
D 571 77 2 123 570 125 29
D 568 75 2 121 569 126 571
D 572 71 2 119 128 117 118
D 573 75 2 121 571 126 29
D 574 71 2 119 118 117 8
D 567 73 3 503 568 572 573 574 29
D 575 67 2 114 113 112 130
D 576 73 2 503 573 504 29
D 577 67 2 114 130 112 8
D 566 69 3 111 567 575 576 577 29
D 579 63 2 108 107 106 133
D 578 61 2 104 579 109 105
D 580 69 2 111 576 129 29
D 582 63 2 108 133 106 8
D 581 61 2 104 582 109 132
D 565 65 3 103 566 578 580 581 29
D 101 79 10 102 134 498 507 512 517 522 525 528 533 536 540 544 548 552 556 558 563 565 8
D 585 43 2 75 74 73 8
D 584 41 2 71 585 76 8
D 588 51 2 84 95 86 8
D 589 51 2 84 85 86 29
D 587 53 2 588 87 589 8
D 586 49 2 78 587 96 8
D 591 43 2 75 100 73 29
D 590 41 2 71 591 76 29
D 583 45 2 584 586 590 8
D 596 75 2 126 571 121 29
D 595 73 3 503 596 572 573 574 29
D 594 69 3 111 595 575 576 577 29
D 593 65 3 103 594 578 580 581 29
D 592 79 9 102 507 498 517 512 525 522 533 528 540 536 548 544 556 552 563 593 8
D 599 43 2 73 100 75 8
D 598 41 2 71 599 76 8
D 601 43 2 73 74 75 29
D 600 41 2 71 601 76 29
D 597 45 2 598 586 600 8
D 606 71 2 117 128 119 118
D 605 73 2 572 573 606 29
D 604 69 3 111 605 575 576 577 29
D 603 65 3 103 604 578 580 581 29
D 602 79 8 102 517 498 525 512 533 522 540 528 548 536 556 544 563 603 8
D 608 41 2 76 72 71 8
D 609 41 2 76 99 71 29
D 607 45 2 608 586 609 8
D 612 69 3 111 605 538 576 130 29
D 611 65 3 103 612 578 580 581 29
D 610 79 7 102 525 498 533 512 540 522 548 528 556 536 563 611 8
D 616 51 2 86 95 84 8
D 617 51 2 86 85 84 29
D 615 53 2 616 87 617 8
D 614 49 2 78 615 96 8
D 613 45 2 70 614 98 8
D 620 69 2 111 605 129 29
D 619 65 3 103 620 578 580 581 29
D 618 79 6 102 533 498 540 512 548 522 556 528 563 619 8
D 623 47 2 81 80 79 8
D 624 47 2 81 97 79 29
D 622 49 2 623 587 624 8
D 621 45 2 70 622 98 8
D 628 73 2 116 573 127 29
D 627 69 2 111 628 129 29
D 626 65 3 103 627 578 580 581 29
D 625 79 5 102 540 498 548 512 556 522 563 626 8
D 631 47 2 79 97 81 8
D 632 47 2 79 80 81 29
D 630 49 2 631 587 632 8
D 629 45 2 70 630 98 8
D 635 61 2 104 579 109 8
D 636 61 2 104 582 109 29
D 634 65 3 103 627 635 580 636 29
D 633 79 4 102 548 498 556 512 563 634 8
D 640 55 2 93 89 88 8
D 639 53 2 588 640 589 8
D 638 49 2 78 639 96 8
D 637 45 2 70 638 98 8
D 643 61 2 104 133 109 29
D 642 65 3 103 627 499 580 643 29
D 641 79 3 102 556 498 563 642 8
D 648 57 2 92 91 90 8
D 647 55 2 88 648 93 8
D 646 53 2 588 647 589 8
D 645 49 2 78 646 96 8
D 644 45 2 70 645 98 8
D 650 65 2 103 627 131 29
D 649 79 2 102 563 650 8
L 656 58 30
D 655 57 2 92 656 90 29
D 657 57 2 90 656 92 29
D 654 55 2 88 655 93 657
D 658 51 2 86 95 84 85
D 659 55 2 88 657 93 29
D 660 51 2 86 85 84 8
D 653 53 3 588 654 658 659 660 29
D 661 47 2 81 80 79 97
D 662 53 2 588 659 589 29
D 663 47 2 81 97 79 8
D 652 49 3 78 653 661 662 663 29
D 665 43 2 75 74 73 100
D 664 41 2 71 665 76 72
D 666 49 2 78 662 96 29
D 668 43 2 75 100 73 8
D 667 41 2 71 668 76 99
D 651 45 3 70 652 664 666 667 29
D 68 59 10 69 101 583 592 597 602 607 610 613 618 621 625 629 633 637 641 644 649 651 8
D 671 23 2 42 41 40 8
D 670 21 2 38 671 43 8
D 674 31 2 51 62 53 8
D 675 31 2 51 52 53 29
D 673 33 2 674 54 675 8
D 672 29 2 45 673 63 8
D 677 23 2 42 67 40 29
D 676 21 2 38 677 43 29
D 669 25 2 670 672 676 8
D 682 55 2 93 657 88 29
D 681 53 3 588 682 658 659 660 29
D 680 49 3 78 681 661 662 663 29
D 679 45 3 70 680 664 666 667 29
D 678 59 9 69 592 583 602 597 610 607 618 613 625 621 633 629 641 637 649 679 8
D 685 23 2 40 67 42 8
D 684 21 2 38 685 43 8
D 687 23 2 40 41 42 29
D 686 21 2 38 687 43 29
D 683 25 2 684 672 686 8
D 692 51 2 84 95 86 85
D 691 53 2 658 659 692 29
D 690 49 3 78 691 661 662 663 29
D 689 45 3 70 690 664 666 667 29
D 688 59 8 69 602 583 610 597 618 607 625 613 633 621 641 629 649 689 8
D 694 21 2 43 39 38 8
D 695 21 2 43 66 38 29
D 693 25 2 694 672 695 8
D 698 49 3 78 691 623 662 97 29
D 697 45 3 70 698 664 666 667 29
D 696 59 7 69 610 583 618 597 625 607 633 613 641 621 649 697 8
D 702 31 2 53 62 51 8
D 703 31 2 53 52 51 29
D 701 33 2 702 54 703 8
D 700 29 2 45 701 63 8
D 699 25 2 37 700 65 8
D 706 49 2 78 691 96 29
D 705 45 3 70 706 664 666 667 29
D 704 59 6 69 618 583 625 597 633 607 641 613 649 705 8
D 709 27 2 48 47 46 8
D 710 27 2 48 64 46 29
D 708 29 2 709 673 710 8
D 707 25 2 37 708 65 8
D 714 53 2 83 659 94 29
D 713 49 2 78 714 96 29
D 712 45 3 70 713 664 666 667 29
D 711 59 5 69 625 583 633 597 641 607 649 712 8
D 717 27 2 46 64 48 8
D 718 27 2 46 47 48 29
D 716 29 2 717 673 718 8
D 715 25 2 37 716 65 8
D 721 41 2 71 665 76 8
D 722 41 2 71 668 76 29
D 720 45 3 70 713 721 666 722 29
D 719 59 4 69 633 583 641 597 649 720 8
D 726 35 2 60 56 55 8
D 725 33 2 674 726 675 8
D 724 29 2 45 725 63 8
D 723 25 2 37 724 65 8
D 729 41 2 71 100 76 29
D 728 45 3 70 713 584 666 729 29
D 727 59 3 69 641 583 649 728 8
D 734 37 2 59 58 57 8
D 733 35 2 55 734 60 8
D 732 33 2 674 733 675 8
D 731 29 2 45 732 63 8
D 730 25 2 37 731 65 8
D 736 45 2 70 713 98 29
D 735 59 2 69 649 736 8
L 742 38 20
D 741 37 2 59 742 57 29
D 743 37 2 57 742 59 29
D 740 35 2 55 741 60 743
D 744 31 2 53 62 51 52
D 745 35 2 55 743 60 29
D 746 31 2 53 52 51 8
D 739 33 3 674 740 744 745 746 29
D 747 27 2 48 47 46 64
D 748 33 2 674 745 675 29
D 749 27 2 48 64 46 8
D 738 29 3 45 739 747 748 749 29
D 751 23 2 42 41 40 67
D 750 21 2 38 751 43 39
D 752 29 2 45 748 63 29
D 754 23 2 42 67 40 8
D 753 21 2 38 754 43 66
D 737 25 3 37 738 750 752 753 29
D 35 39 10 36 68 669 678 683 688 693 696 699 704 707 711 715 719 723 727 730 735 737 8
D 757 3 2 7 6 5 8
D 756 1 2 3 757 9 8
D 760 11 2 17 28 19 8
D 761 11 2 17 18 19 29
D 759 13 2 760 20 761 8
D 758 9 2 11 759 30 8
D 763 3 2 7 34 5 29
D 762 1 2 3 763 9 29
D 755 5 2 756 758 762 8
D 768 35 2 60 743 55 29
D 767 33 3 674 768 744 745 746 29
D 766 29 3 45 767 747 748 749 29
D 765 25 3 37 766 750 752 753 29
D 764 39 9 36 678 669 688 683 696 693 704 699 711 707 719 715 727 723 735 765 8
D 771 3 2 5 34 7 8
D 770 1 2 3 771 9 8
D 773 3 2 5 6 7 29
D 772 1 2 3 773 9 29
D 769 5 2 770 758 772 8
D 778 31 2 51 62 53 52
D 777 33 2 744 745 778 29
D 776 29 3 45 777 747 748 749 29
D 775 25 3 37 776 750 752 753 29
D 774 39 8 36 688 669 696 683 704 693 711 699 719 707 727 715 735 775 8
D 780 1 2 9 4 3 8
D 781 1 2 9 33 3 29
D 779 5 2 780 758 781 8
D 784 29 3 45 777 709 748 64 29
D 783 25 3 37 784 750 752 753 29
D 782 39 7 36 696 669 704 683 711 693 719 699 727 707 735 783 8
D 788 11 2 19 28 17 8
D 789 11 2 19 18 17 29
D 787 13 2 788 20 789 8
D 786 9 2 11 787 30 8
D 785 5 2 2 786 32 8
D 792 29 2 45 777 63 29
D 791 25 3 37 792 750 752 753 29
D 790 39 6 36 704 669 711 683 719 693 727 699 735 791 8
D 795 7 2 14 13 12 8
D 796 7 2 14 31 12 29
D 794 9 2 795 759 796 8
D 793 5 2 2 794 32 8
D 800 33 2 50 745 61 29
D 799 29 2 45 800 63 29
D 798 25 3 37 799 750 752 753 29
D 797 39 5 36 711 669 719 683 727 693 735 798 8
D 803 7 2 12 31 14 8
D 804 7 2 12 13 14 29
D 802 9 2 803 759 804 8
D 801 5 2 2 802 32 8
D 807 21 2 38 751 43 8
D 808 21 2 38 754 43 29
D 806 25 3 37 799 807 752 808 29
D 805 39 4 36 719 669 727 683 735 806 8
D 812 15 2 26 22 21 8
D 811 13 2 760 812 761 8
D 810 9 2 11 811 30 8
D 809 5 2 2 810 32 8
D 815 21 2 38 67 43 29
D 814 25 3 37 799 670 752 815 29
D 813 39 3 36 727 669 735 814 8
D 820 17 2 25 24 23 8
D 819 15 2 21 820 26 8
D 818 13 2 760 819 761 8
D 817 9 2 11 818 30 8
D 816 5 2 2 817 32 8
D 822 25 2 37 799 65 29
D 821 39 2 36 735 822 8
L 828 18 10
D 827 17 2 25 828 23 29
D 829 17 2 23 828 25 29
D 826 15 2 21 827 26 829
D 830 11 2 19 28 17 18
D 831 15 2 21 829 26 29
D 832 11 2 19 18 17 8
D 825 13 3 760 826 830 831 832 29
D 833 7 2 14 13 12 31
D 834 13 2 760 831 761 29
D 835 7 2 14 31 12 8
D 824 9 3 11 825 833 834 835 29
D 837 3 2 7 6 5 34
D 836 1 2 3 837 9 4
D 838 9 2 11 834 30 29
D 840 3 2 7 34 5 8
D 839 1 2 3 840 9 33
D 823 5 3 2 824 836 838 839 29
D 0 19 10 1 35 755 764 769 774 779 782 785 790 793 797 801 805 809 813 816 821 823 8
