c ids of sdd nodes start at 0
c sdd nodes appear bottom-up, children before parents
c
c file syntax:
c sdd count-of-sdd-nodes
c F id-of-false-sdd-node
c T id-of-true-sdd-node
c L id-of-literal-sdd-node id-of-vtree literal
c D id-of-decomposition-sdd-node id-of-vtree number-of-elements {id-of-prime id-of-sub}*
c
sdd 916
L 3 0 -4
L 5 2 -2
L 6 4 -3
L 7 2 2
F 8
D 4 3 2 5 6 7 8
L 9 0 4
D 2 1 2 3 4 9 8
L 12 6 -6
L 13 8 -7
L 14 6 6
D 11 7 2 12 13 14 8
L 17 10 -5
L 18 12 1
L 19 10 5
D 16 11 2 17 18 19 8
L 21 14 -8
L 23 16 -9
L 24 18 -10
L 25 16 9
D 22 17 2 23 24 25 8
L 26 14 8
D 20 15 2 21 22 26 8
L 28 12 -1
T 29
D 27 11 2 17 28 19 29
D 15 13 2 16 20 27 8
L 31 8 7
D 30 7 2 12 31 14 29
D 10 9 2 11 15 30 8
L 34 4 3
D 33 3 2 5 34 7 29
D 32 1 2 3 33 9 29
D 1 5 2 2 10 32 8
L 38 20 -14
L 40 22 -12
L 41 24 -13
L 42 22 12
D 39 23 2 40 41 42 8
L 43 20 14
D 37 21 2 38 39 43 8
L 46 26 -16
L 47 28 -17
L 48 26 16
D 45 27 2 46 47 48 8
L 51 30 -15
L 52 32 11
L 53 30 15
D 50 31 2 51 52 53 8
L 55 34 -18
L 57 36 -19
L 58 38 -20
L 59 36 19
D 56 37 2 57 58 59 8
L 60 34 18
D 54 35 2 55 56 60 8
L 62 32 -11
D 61 31 2 51 62 53 29
D 49 33 2 50 54 61 8
L 64 28 17
D 63 27 2 46 64 48 29
D 44 29 2 45 49 63 8
L 67 24 13
D 66 23 2 40 67 42 29
D 65 21 2 38 66 43 29
D 36 25 2 37 44 65 8
L 71 40 -24
L 73 42 -22
L 74 44 -23
L 75 42 22
D 72 43 2 73 74 75 8
L 76 40 24
D 70 41 2 71 72 76 8
L 79 46 -26
L 80 48 -27
L 81 46 26
D 78 47 2 79 80 81 8
L 84 50 -25
L 85 52 21
L 86 50 25
D 83 51 2 84 85 86 8
L 88 54 -28
L 90 56 -29
L 91 58 -30
L 92 56 29
D 89 57 2 90 91 92 8
L 93 54 28
D 87 55 2 88 89 93 8
L 95 52 -21
D 94 51 2 84 95 86 29
D 82 53 2 83 87 94 8
L 97 48 27
D 96 47 2 79 97 81 29
D 77 49 2 78 82 96 8
L 100 44 23
D 99 43 2 73 100 75 29
D 98 41 2 71 99 76 29
D 69 45 2 70 77 98 8
L 104 60 -34
L 106 62 -32
L 107 64 -33
L 108 62 32
D 105 63 2 106 107 108 8
L 109 60 34
D 103 61 2 104 105 109 8
L 112 66 -36
L 113 68 -37
L 114 66 36
D 111 67 2 112 113 114 8
L 117 70 -35
L 118 72 31
L 119 70 35
D 116 71 2 117 118 119 8
L 121 74 -38
L 123 76 -39
L 124 78 -40
L 125 76 39
D 122 77 2 123 124 125 8
L 126 74 38
D 120 75 2 121 122 126 8
L 128 72 -31
D 127 71 2 117 128 119 29
D 115 73 2 116 120 127 8
L 130 68 37
D 129 67 2 112 130 114 29
D 110 69 2 111 115 129 8
L 133 64 33
D 132 63 2 106 133 108 29
D 131 61 2 104 132 109 29
D 102 65 2 103 110 131 8
L 137 80 -42
L 139 82 -43
L 140 84 -44
L 141 82 43
D 138 83 2 139 140 141 8
L 142 80 42
D 136 81 2 137 138 142 8
L 145 86 -46
L 146 88 -47
L 147 86 46
D 144 87 2 145 146 147 8
L 150 90 -45
L 151 92 41
L 152 90 45
D 149 91 2 150 151 152 8
L 154 94 -48
L 156 96 -49
L 157 98 -50
L 158 96 49
D 155 97 2 156 157 158 8
L 159 94 48
D 153 95 2 154 155 159 8
L 161 92 -41
D 160 91 2 150 161 152 29
D 148 93 2 149 153 160 8
L 163 88 47
D 162 87 2 145 163 147 29
D 143 89 2 144 148 162 8
L 166 84 44
D 165 83 2 139 166 141 29
D 164 81 2 137 165 142 29
D 135 85 2 136 143 164 8
L 170 100 56
L 171 102 -57
L 172 100 -56
D 169 101 2 170 171 172 8
L 174 104 -58
L 176 106 -59
L 177 108 -60
L 178 106 59
D 175 107 2 176 177 178 8
L 179 104 58
D 173 105 2 174 175 179 8
L 181 102 57
D 180 101 2 170 181 172 29
D 168 103 2 169 173 180 8
L 185 110 -53
L 186 112 -54
L 187 110 53
D 184 111 2 185 186 187 8
L 189 114 -52
L 191 116 -55
L 192 118 -51
L 193 116 55
D 190 117 2 191 192 193 8
L 194 114 52
D 188 115 2 189 190 194 8
L 196 112 54
D 195 111 2 185 196 187 29
D 183 113 2 184 188 195 8
L 200 120 -76
L 201 122 -77
L 202 120 76
D 199 121 2 200 201 202 8
L 204 124 -78
L 206 126 -79
L 207 128 -80
L 208 126 79
D 205 127 2 206 207 208 8
L 209 124 78
D 203 125 2 204 205 209 8
L 211 122 77
D 210 121 2 200 211 202 29
D 198 123 2 199 203 210 8
L 215 130 73
L 216 132 -72
L 217 130 -73
D 214 131 2 215 216 217 8
L 219 134 -71
L 221 136 -74
L 222 138 -75
L 223 136 74
D 220 137 2 221 222 223 8
L 224 134 71
D 218 135 2 219 220 224 8
L 226 132 72
D 225 131 2 215 226 217 29
D 213 133 2 214 218 225 8
L 229 140 -61
L 230 142 -62
L 231 140 61
D 228 141 2 229 230 231 8
L 234 144 63
L 235 146 -64
L 236 144 -63
D 233 145 2 234 235 236 8
L 238 148 -65
L 240 150 -66
L 242 152 -67
L 244 154 -68
L 246 156 -69
L 247 158 -70
L 248 156 69
D 245 157 2 246 247 248 8
L 249 154 68
D 243 155 2 244 245 249 8
L 250 152 67
D 241 153 2 242 243 250 8
L 251 150 66
D 239 151 2 240 241 251 8
L 252 148 65
D 237 149 2 238 239 252 8
L 254 146 64
D 253 145 2 234 254 236 29
D 232 147 2 233 237 253 8
L 256 142 62
D 255 141 2 229 256 231 29
D 227 143 2 228 232 255 8
D 258 131 2 217 226 215 8
D 259 131 2 217 216 215 29
D 257 133 2 258 218 259 8
D 262 145 2 236 254 234 8
D 263 145 2 236 235 234 29
D 261 147 2 262 237 263 8
D 260 143 2 228 261 255 8
D 265 131 2 217 216 215 8
D 266 135 2 224 220 219 8
D 267 131 2 217 226 215 29
D 264 133 2 265 266 267 8
D 270 145 2 236 235 234 8
D 271 149 2 252 239 238 8
D 272 145 2 236 254 234 29
D 269 147 2 270 271 272 8
D 268 143 2 228 269 255 8
D 275 137 2 223 222 221 8
D 274 135 2 219 275 224 8
D 273 133 2 265 274 267 8
D 277 141 2 229 256 231 8
D 278 147 2 270 237 272 8
D 279 141 2 229 230 231 29
D 276 143 2 277 278 279 8
L 283 138 75
D 282 137 2 221 283 223 8
D 281 135 2 219 282 224 8
D 280 133 2 265 281 267 8
D 285 141 2 231 230 229 8
D 286 141 2 231 256 229 29
D 284 143 2 285 278 286 8
D 289 137 2 221 222 223 283
D 290 137 2 221 283 223 29
D 288 135 2 219 289 224 290
D 291 131 2 215 216 217 226
D 292 135 2 219 290 224 29
D 293 131 2 215 226 217 8
D 287 133 3 265 288 291 292 293 29
D 212 139 6 213 227 257 260 264 268 273 276 280 284 287 8
L 297 128 80
D 296 127 2 206 297 208 29
D 295 125 2 204 296 209 29
D 294 123 2 199 295 210 29
D 197 129 2 198 212 294 8
L 301 118 51
D 300 117 2 191 301 193 29
D 299 115 2 189 300 194 29
D 298 113 2 184 299 195 29
D 182 119 2 183 197 298 8
D 303 101 2 172 171 170 8
D 304 101 2 172 181 170 29
D 302 103 2 303 173 304 8
D 308 117 2 191 301 193 8
D 307 115 2 189 308 194 8
D 306 113 2 184 307 195 8
L 318 158 70
D 317 157 2 246 318 248 8
D 316 155 2 244 317 249 8
D 315 153 2 242 316 250 8
D 314 151 2 240 315 251 8
D 313 149 2 238 314 252 8
D 312 147 2 270 313 272 8
D 311 143 2 228 312 255 8
D 325 157 2 248 247 246 8
D 324 155 2 244 325 249 8
D 323 153 2 242 324 250 8
D 322 151 2 240 323 251 8
D 321 149 2 238 322 252 8
D 320 147 2 270 321 272 8
D 319 143 2 228 320 255 8
D 331 155 2 249 245 244 8
D 330 153 2 242 331 250 8
D 329 151 2 240 330 251 8
D 328 149 2 238 329 252 8
D 327 147 2 270 328 272 8
D 326 143 2 228 327 255 8
D 335 151 2 251 241 240 8
D 334 149 2 238 335 252 8
D 333 147 2 270 334 272 8
D 332 143 2 228 333 255 8
D 340 153 2 250 243 242 8
D 339 151 2 240 340 251 8
D 338 149 2 238 339 252 8
D 337 147 2 270 338 272 8
D 336 143 2 228 337 255 8
D 310 139 6 264 311 257 319 213 326 280 332 273 336 287 8
D 342 125 2 209 205 204 8
D 341 123 2 199 342 210 8
D 344 133 2 265 218 267 8
D 345 133 2 265 292 267 29
D 343 139 2 344 227 345 8
D 348 127 2 208 207 206 8
D 347 125 2 204 348 209 8
D 346 123 2 199 347 210 8
D 349 139 2 344 276 345 8
D 351 121 2 200 211 202 8
D 352 121 2 200 201 202 29
D 350 123 2 351 203 352 8
D 353 139 2 344 260 345 8
D 356 127 2 206 297 208 8
D 355 125 2 204 356 209 8
D 354 123 2 199 355 210 8
D 357 139 2 344 284 345 8
D 359 121 2 202 201 200 8
D 360 121 2 202 211 200 29
D 358 123 2 359 203 360 8
D 361 139 2 344 268 345 8
D 364 127 2 208 297 206 8
D 363 125 2 204 364 209 296
D 365 121 2 202 201 200 211
D 366 121 2 202 211 200 8
D 362 123 3 199 363 365 295 366 29
D 309 129 7 198 310 341 343 346 349 350 353 354 357 358 361 362 8
D 368 115 2 194 190 189 8
D 367 113 2 184 368 195 8
D 370 139 6 264 319 257 326 280 268 273 332 213 336 287 8
D 372 125 2 209 296 204 297
D 371 123 3 199 372 365 295 366 29
D 369 129 6 198 370 350 343 341 349 358 353 346 357 371 8
D 374 111 2 187 186 185 8
D 375 111 2 187 196 185 29
D 373 113 2 374 188 375 8
D 377 139 6 264 326 280 260 273 268 213 332 257 336 287 8
D 378 123 3 365 295 199 296 366 29
D 376 129 5 198 377 358 343 350 349 341 357 378 8
D 380 111 2 185 196 187 8
D 381 111 2 185 186 187 29
D 379 113 2 380 188 381 8
D 383 139 6 280 227 273 260 213 268 257 332 264 336 287 8
D 385 121 2 202 201 200 29
D 384 123 2 385 295 366 29
D 382 129 4 358 349 198 383 350 357 384 8
D 388 117 2 193 192 191 8
D 387 115 2 189 388 194 8
D 386 113 2 184 387 195 8
D 390 139 6 273 227 213 260 257 268 264 332 280 276 287 8
D 391 123 2 201 295 211 29
D 389 129 3 358 357 198 390 391 8
D 394 117 2 191 192 193 301
D 393 115 2 189 394 194 300
D 395 111 2 187 186 185 196
D 396 111 2 187 196 185 8
D 392 113 3 184 393 395 299 396 29
D 305 119 6 306 309 367 369 373 376 379 382 386 389 392 8
D 398 101 2 172 181 170 8
D 399 101 2 172 171 170 29
D 397 103 2 398 173 399 8
D 405 137 2 223 283 221 29
D 404 135 2 219 405 224 290
D 403 133 3 265 404 291 292 293 29
D 402 139 5 257 227 264 260 213 276 273 284 403 8
D 401 129 2 198 402 294 8
D 400 119 2 183 401 298 8
D 407 105 2 179 175 174 8
D 406 103 2 303 407 304 8
D 412 135 2 224 290 219 29
D 411 133 3 291 292 265 412 293 29
D 410 139 4 264 227 257 276 213 284 411 8
D 409 129 2 198 410 294 8
D 408 119 2 183 409 298 8
D 415 107 2 178 177 176 8
D 414 105 2 174 415 179 8
D 413 103 2 303 414 304 8
D 419 133 3 258 292 265 412 215 29
D 418 139 3 264 276 257 284 419 8
D 417 129 2 198 418 294 8
D 416 119 2 183 417 298 8
L 423 108 60
D 422 107 2 176 423 178 8
D 421 105 2 174 422 179 8
D 420 103 2 303 421 304 8
D 427 133 2 265 412 267 29
D 426 139 2 264 284 427 8
D 425 129 2 198 426 294 8
D 424 119 2 183 425 298 8
D 430 107 2 178 423 176 8
D 431 107 2 176 423 178 29
D 429 105 2 174 430 179 431
D 432 101 2 170 171 172 181
D 433 105 2 174 431 179 29
D 434 101 2 170 181 172 8
D 428 103 3 303 429 432 433 434 29
D 167 109 7 168 182 302 305 397 400 406 408 413 416 420 424 428 8
D 436 81 2 142 138 137 8
D 439 91 2 150 161 152 8
D 440 91 2 150 151 152 29
D 438 93 2 439 153 440 8
D 437 89 2 144 438 162 8
D 441 81 2 142 165 137 29
D 435 85 2 436 437 441 8
D 443 119 6 306 369 367 376 373 382 379 389 386 197 392 8
D 445 105 2 179 431 174 423
D 444 103 3 303 445 432 433 434 29
D 442 109 6 168 400 302 443 397 408 406 416 413 424 444 8
D 448 83 2 141 140 139 8
D 447 81 2 137 448 142 8
D 450 83 2 141 166 139 29
D 449 81 2 137 450 142 29
D 446 85 2 447 437 449 8
D 452 119 6 306 376 367 382 373 389 379 197 386 401 392 8
D 453 103 3 432 433 303 431 434 29
D 451 109 5 168 408 302 452 397 416 406 424 453 8
D 456 83 2 139 166 141 8
D 455 81 2 137 456 142 8
D 458 83 2 139 140 141 29
D 457 81 2 137 458 142 29
D 454 85 2 455 437 457 8
D 460 119 6 306 382 367 389 373 197 379 401 386 409 392 8
D 462 101 2 170 171 172 29
D 461 103 2 462 433 434 29
D 459 109 4 168 416 302 460 397 424 461 8
D 466 91 2 152 161 150 8
D 467 91 2 152 151 150 29
D 465 93 2 466 153 467 8
D 464 89 2 144 465 162 8
D 463 85 2 136 464 164 8
D 469 119 6 306 389 367 197 373 401 379 409 386 417 392 8
D 470 103 2 171 433 181 29
D 468 109 3 168 424 302 469 470 8
D 473 87 2 147 146 145 8
D 474 87 2 147 163 145 29
D 472 89 2 473 438 474 8
D 471 85 2 136 472 164 8
D 476 119 6 306 197 367 401 373 409 379 417 386 425 392 8
D 477 103 2 303 433 304 29
D 475 109 2 302 476 477 8
D 480 87 2 145 163 147 8
D 481 87 2 145 146 147 29
D 479 89 2 480 438 481 8
D 478 85 2 136 479 164 8
D 486 117 2 191 192 193 29
D 485 115 2 194 300 189 486
D 484 113 3 184 485 395 299 396 29
D 483 119 5 306 401 367 409 373 417 379 425 484 8
D 482 109 2 302 483 477 8
D 490 95 2 159 155 154 8
D 489 93 2 439 490 440 8
D 488 89 2 144 489 162 8
D 487 85 2 136 488 164 8
D 493 113 3 184 485 374 299 196 29
D 492 119 4 306 409 367 417 373 425 493 8
D 491 109 2 302 492 477 8
D 498 97 2 158 157 156 8
D 497 95 2 154 498 159 8
D 496 93 2 439 497 440 8
D 495 89 2 144 496 162 8
D 494 85 2 136 495 164 8
D 501 113 2 184 485 195 29
D 500 119 3 306 417 367 425 501 8
D 499 109 2 302 500 477 8
L 507 98 50
D 506 97 2 156 507 158 8
D 505 95 2 154 506 159 8
D 504 93 2 439 505 440 8
D 503 89 2 144 504 162 8
D 502 85 2 136 503 164 8
D 511 115 2 189 486 194 29
D 510 113 2 184 511 195 29
D 509 119 2 306 425 510 8
D 508 109 2 302 509 477 8
D 514 83 2 141 140 139 166
D 513 81 2 137 514 142 138
D 518 97 2 156 507 158 29
D 517 95 2 154 518 159 29
D 516 93 2 439 517 440 29
D 515 89 2 144 516 162 29
D 520 87 2 147 146 145 163
D 522 91 2 152 161 150 151
D 524 97 2 156 157 158 507
D 523 95 2 159 518 154 524
D 525 91 2 152 151 150 8
D 521 93 3 522 517 439 523 525 29
D 526 87 2 147 163 145 8
D 519 89 3 520 516 144 521 526 29
D 528 83 2 141 166 139 8
D 527 81 2 137 528 142 165
D 512 85 3 513 515 136 519 527 29
D 134 99 11 135 167 435 442 446 451 454 459 463 468 471 475 478 482 487 491 494 499 502 508 512 8
D 531 63 2 108 107 106 8
D 530 61 2 104 531 109 8
D 534 71 2 117 128 119 8
D 535 71 2 117 118 119 29
D 533 73 2 534 120 535 8
D 532 69 2 111 533 129 8
D 537 63 2 108 133 106 29
D 536 61 2 104 537 109 29
D 529 65 2 530 532 536 8
D 543 97 2 158 507 156 29
D 542 95 2 154 543 159 518
D 541 93 3 439 542 522 517 525 29
D 540 89 3 144 541 520 516 526 29
D 539 85 3 136 540 513 515 527 29
D 538 99 10 135 442 435 451 446 459 454 468 463 475 471 482 478 491 487 499 494 508 539 8
D 546 63 2 106 133 108 8
D 545 61 2 104 546 109 8
D 548 63 2 106 107 108 29
D 547 61 2 104 548 109 29
D 544 65 2 545 532 547 8
D 553 95 2 159 518 154 29
D 552 93 3 439 553 522 517 525 29
D 551 89 3 144 552 520 516 526 29
D 550 85 3 136 551 513 515 527 29
D 549 99 9 135 451 435 459 446 468 454 475 463 482 471 491 478 499 487 508 550 8
D 555 61 2 109 105 104 8
D 556 61 2 109 132 104 29
D 554 65 2 555 532 556 8
D 561 91 2 150 161 152 151
D 560 93 2 522 517 561 29
D 559 89 3 144 560 520 516 526 29
D 558 85 3 136 559 513 515 527 29
D 557 99 8 135 459 435 468 446 475 454 482 463 491 471 499 478 508 558 8
D 565 71 2 119 128 117 8
D 566 71 2 119 118 117 29
D 564 73 2 565 120 566 8
D 563 69 2 111 564 129 8
D 562 65 2 103 563 131 8
D 569 89 3 144 560 473 516 163 29
D 568 85 3 136 569 513 515 527 29
D 567 99 7 135 468 435 475 446 482 454 491 463 499 471 508 568 8
D 572 67 2 114 113 112 8
D 573 67 2 114 130 112 29
D 571 69 2 572 533 573 8
D 570 65 2 103 571 131 8
D 576 89 2 144 560 162 29
D 575 85 3 136 576 513 515 527 29
D 574 99 6 135 475 435 482 446 491 454 499 463 508 575 8
D 579 67 2 112 130 114 8
D 580 67 2 112 113 114 29
D 578 69 2 579 533 580 8
D 577 65 2 103 578 131 8
D 584 93 2 149 517 160 29
D 583 89 2 144 584 162 29
D 582 85 3 136 583 513 515 527 29
D 581 99 5 135 482 435 491 446 499 454 508 582 8
D 588 75 2 126 122 121 8
D 587 73 2 534 588 535 8
D 586 69 2 111 587 129 8
D 585 65 2 103 586 131 8
D 591 81 2 137 448 142 138
D 592 81 2 142 165 137 166
D 590 85 3 136 583 591 515 592 29
D 589 99 4 135 491 435 499 446 508 590 8
D 597 77 2 125 124 123 8
D 596 75 2 121 597 126 8
D 595 73 2 534 596 535 8
D 594 69 2 111 595 129 8
D 593 65 2 103 594 131 8
D 599 85 3 136 583 436 515 165 29
D 598 99 3 135 499 435 508 599 8
L 605 78 40
D 604 77 2 123 605 125 8
D 603 75 2 121 604 126 8
D 602 73 2 534 603 535 8
D 601 69 2 111 602 129 8
D 600 65 2 103 601 131 8
D 607 85 2 136 583 164 29
D 606 99 2 135 508 607 8
D 610 63 2 108 107 106 133
D 609 61 2 104 610 109 105
D 614 77 2 123 605 125 29
D 613 75 2 121 614 126 29
D 612 73 2 534 613 535 29
D 611 69 2 111 612 129 29
D 616 67 2 114 113 112 130
D 618 71 2 119 128 117 118
D 620 77 2 123 124 125 605
D 619 75 2 126 614 121 620
D 621 71 2 119 118 117 8
D 617 73 3 618 613 534 619 621 29
D 622 67 2 114 130 112 8
D 615 69 3 616 612 111 617 622 29
D 624 63 2 108 133 106 8
D 623 61 2 104 624 109 132
D 608 65 3 609 611 103 615 623 29
D 101 79 11 102 134 529 538 544 549 554 557 562 567 570 574 577 581 585 589 593 598 600 606 608 8
D 627 43 2 75 74 73 8
D 626 41 2 71 627 76 8
D 630 51 2 84 95 86 8
D 631 51 2 84 85 86 29
D 629 53 2 630 87 631 8
D 628 49 2 78 629 96 8
D 633 43 2 75 100 73 29
D 632 41 2 71 633 76 29
D 625 45 2 626 628 632 8
D 639 77 2 125 605 123 29
D 638 75 2 121 639 126 614
D 637 73 3 534 638 618 613 621 29
D 636 69 3 111 637 616 612 622 29
D 635 65 3 103 636 609 611 623 29
D 634 79 10 102 538 529 549 544 557 554 567 562 574 570 581 577 589 585 598 593 606 635 8
D 642 43 2 73 100 75 8
D 641 41 2 71 642 76 8
D 644 43 2 73 74 75 29
D 643 41 2 71 644 76 29
D 640 45 2 641 628 643 8
D 649 75 2 126 614 121 29
D 648 73 3 534 649 618 613 621 29
D 647 69 3 111 648 616 612 622 29
D 646 65 3 103 647 609 611 623 29
D 645 79 9 102 549 529 557 544 567 554 574 562 581 570 589 577 598 585 606 646 8
D 651 41 2 76 72 71 8
D 652 41 2 76 99 71 29
D 650 45 2 651 628 652 8
D 657 71 2 117 128 119 118
D 656 73 2 618 613 657 29
D 655 69 3 111 656 616 612 622 29
D 654 65 3 103 655 609 611 623 29
D 653 79 8 102 557 529 567 544 574 554 581 562 589 570 598 577 606 654 8
D 661 51 2 86 95 84 8
D 662 51 2 86 85 84 29
D 660 53 2 661 87 662 8
D 659 49 2 78 660 96 8
D 658 45 2 70 659 98 8
D 665 69 3 111 656 572 612 130 29
D 664 65 3 103 665 609 611 623 29
D 663 79 7 102 567 529 574 544 581 554 589 562 598 570 606 664 8
D 668 47 2 81 80 79 8
D 669 47 2 81 97 79 29
D 667 49 2 668 629 669 8
D 666 45 2 70 667 98 8
D 672 69 2 111 656 129 29
D 671 65 3 103 672 609 611 623 29
D 670 79 6 102 574 529 581 544 589 554 598 562 606 671 8
D 675 47 2 79 97 81 8
D 676 47 2 79 80 81 29
D 674 49 2 675 629 676 8
D 673 45 2 70 674 98 8
D 680 73 2 116 613 127 29
D 679 69 2 111 680 129 29
D 678 65 3 103 679 609 611 623 29
D 677 79 5 102 581 529 589 544 598 554 606 678 8
D 684 55 2 93 89 88 8
D 683 53 2 630 684 631 8
D 682 49 2 78 683 96 8
D 681 45 2 70 682 98 8
D 687 61 2 104 610 109 8
D 688 61 2 104 624 109 29
D 686 65 3 103 679 687 611 688 29
D 685 79 4 102 589 529 598 544 606 686 8
D 693 57 2 92 91 90 8
D 692 55 2 88 693 93 8
D 691 53 2 630 692 631 8
D 690 49 2 78 691 96 8
D 689 45 2 70 690 98 8
D 696 61 2 104 133 109 29
D 695 65 3 103 679 530 611 696 29
D 694 79 3 102 598 529 606 695 8
L 702 58 30
D 701 57 2 90 702 92 8
D 700 55 2 88 701 93 8
D 699 53 2 630 700 631 8
D 698 49 2 78 699 96 8
D 697 45 2 70 698 98 8
D 704 65 2 103 679 131 29
D 703 79 2 102 606 704 8
D 707 43 2 75 74 73 100
D 706 41 2 71 707 76 72
D 711 57 2 90 702 92 29
D 710 55 2 88 711 93 29
D 709 53 2 630 710 631 29
D 708 49 2 78 709 96 29
D 713 47 2 81 80 79 97
D 715 51 2 86 95 84 85
D 717 57 2 90 91 92 702
D 716 55 2 93 711 88 717
D 718 51 2 86 85 84 8
D 714 53 3 715 710 630 716 718 29
D 719 47 2 81 97 79 8
D 712 49 3 713 709 78 714 719 29
D 721 43 2 75 100 73 8
D 720 41 2 71 721 76 99
D 705 45 3 706 708 70 712 720 29
D 68 59 11 69 101 625 634 640 645 650 653 658 663 666 670 673 677 681 685 689 694 697 703 705 8
D 724 23 2 42 41 40 8
D 723 21 2 38 724 43 8
D 727 31 2 51 62 53 8
D 728 31 2 51 52 53 29
D 726 33 2 727 54 728 8
D 725 29 2 45 726 63 8
D 730 23 2 42 67 40 29
D 729 21 2 38 730 43 29
D 722 25 2 723 725 729 8
D 736 57 2 92 702 90 29
D 735 55 2 88 736 93 711
D 734 53 3 630 735 715 710 718 29
D 733 49 3 78 734 713 709 719 29
D 732 45 3 70 733 706 708 720 29
D 731 59 10 69 634 625 645 640 653 650 663 658 670 666 677 673 685 681 694 689 703 732 8
D 739 23 2 40 67 42 8
D 738 21 2 38 739 43 8
D 741 23 2 40 41 42 29
D 740 21 2 38 741 43 29
D 737 25 2 738 725 740 8
D 746 55 2 93 711 88 29
D 745 53 3 630 746 715 710 718 29
D 744 49 3 78 745 713 709 719 29
D 743 45 3 70 744 706 708 720 29
D 742 59 9 69 645 625 653 640 663 650 670 658 677 666 685 673 694 681 703 743 8
D 748 21 2 43 39 38 8
D 749 21 2 43 66 38 29
D 747 25 2 748 725 749 8
D 754 51 2 84 95 86 85
D 753 53 2 715 710 754 29
D 752 49 3 78 753 713 709 719 29
D 751 45 3 70 752 706 708 720 29
D 750 59 8 69 653 625 663 640 670 650 677 658 685 666 694 673 703 751 8
D 758 31 2 53 62 51 8
D 759 31 2 53 52 51 29
D 757 33 2 758 54 759 8
D 756 29 2 45 757 63 8
D 755 25 2 37 756 65 8
D 762 49 3 78 753 668 709 97 29
D 761 45 3 70 762 706 708 720 29
D 760 59 7 69 663 625 670 640 677 650 685 658 694 666 703 761 8
D 765 27 2 48 47 46 8
D 766 27 2 48 64 46 29
D 764 29 2 765 726 766 8
D 763 25 2 37 764 65 8
D 769 49 2 78 753 96 29
D 768 45 3 70 769 706 708 720 29
D 767 59 6 69 670 625 677 640 685 650 694 658 703 768 8
D 772 27 2 46 64 48 8
D 773 27 2 46 47 48 29
D 771 29 2 772 726 773 8
D 770 25 2 37 771 65 8
D 777 53 2 83 710 94 29
D 776 49 2 78 777 96 29
D 775 45 3 70 776 706 708 720 29
D 774 59 5 69 677 625 685 640 694 650 703 775 8
D 781 35 2 60 56 55 8
D 780 33 2 727 781 728 8
D 779 29 2 45 780 63 8
D 778 25 2 37 779 65 8
D 784 41 2 71 707 76 8
D 785 41 2 71 721 76 29
D 783 45 3 70 776 784 708 785 29
D 782 59 4 69 685 625 694 640 703 783 8
D 790 37 2 59 58 57 8
D 789 35 2 55 790 60 8
D 788 33 2 727 789 728 8
D 787 29 2 45 788 63 8
D 786 25 2 37 787 65 8
D 793 41 2 71 100 76 29
D 792 45 3 70 776 626 708 793 29
D 791 59 3 69 694 625 703 792 8
L 799 38 20
D 798 37 2 57 799 59 8
D 797 35 2 55 798 60 8
D 796 33 2 727 797 728 8
D 795 29 2 45 796 63 8
D 794 25 2 37 795 65 8
D 801 45 2 70 776 98 29
D 800 59 2 69 703 801 8
D 804 23 2 42 41 40 67
D 803 21 2 38 804 43 39
D 808 37 2 57 799 59 29
D 807 35 2 55 808 60 29
D 806 33 2 727 807 728 29
D 805 29 2 45 806 63 29
D 810 27 2 48 47 46 64
D 812 31 2 53 62 51 52
D 814 37 2 57 58 59 799
D 813 35 2 60 808 55 814
D 815 31 2 53 52 51 8
D 811 33 3 812 807 727 813 815 29
D 816 27 2 48 64 46 8
D 809 29 3 810 806 45 811 816 29
D 818 23 2 42 67 40 8
D 817 21 2 38 818 43 66
D 802 25 3 803 805 37 809 817 29
D 35 39 11 36 68 722 731 737 742 747 750 755 760 763 767 770 774 778 782 786 791 794 800 802 8
D 821 3 2 7 6 5 8
D 820 1 2 3 821 9 8
D 824 11 2 17 28 19 8
D 825 11 2 17 18 19 29
D 823 13 2 824 20 825 8
D 822 9 2 11 823 30 8
D 827 3 2 7 34 5 29
D 826 1 2 3 827 9 29
D 819 5 2 820 822 826 8
D 833 37 2 59 799 57 29
D 832 35 2 55 833 60 808
D 831 33 3 727 832 812 807 815 29
D 830 29 3 45 831 810 806 816 29
D 829 25 3 37 830 803 805 817 29
D 828 39 10 36 731 722 742 737 750 747 760 755 767 763 774 770 782 778 791 786 800 829 8
D 836 3 2 5 34 7 8
D 835 1 2 3 836 9 8
D 838 3 2 5 6 7 29
D 837 1 2 3 838 9 29
D 834 5 2 835 822 837 8
D 843 35 2 60 808 55 29
D 842 33 3 727 843 812 807 815 29
D 841 29 3 45 842 810 806 816 29
D 840 25 3 37 841 803 805 817 29
D 839 39 9 36 742 722 750 737 760 747 767 755 774 763 782 770 791 778 800 840 8
D 845 1 2 9 4 3 8
D 846 1 2 9 33 3 29
D 844 5 2 845 822 846 8
D 851 31 2 51 62 53 52
D 850 33 2 812 807 851 29
D 849 29 3 45 850 810 806 816 29
D 848 25 3 37 849 803 805 817 29
D 847 39 8 36 750 722 760 737 767 747 774 755 782 763 791 770 800 848 8
D 855 11 2 19 28 17 8
D 856 11 2 19 18 17 29
D 854 13 2 855 20 856 8
D 853 9 2 11 854 30 8
D 852 5 2 2 853 32 8
D 859 29 3 45 850 765 806 64 29
D 858 25 3 37 859 803 805 817 29
D 857 39 7 36 760 722 767 737 774 747 782 755 791 763 800 858 8
D 862 7 2 14 13 12 8
D 863 7 2 14 31 12 29
D 861 9 2 862 823 863 8
D 860 5 2 2 861 32 8
D 866 29 2 45 850 63 29
D 865 25 3 37 866 803 805 817 29
D 864 39 6 36 767 722 774 737 782 747 791 755 800 865 8
D 869 7 2 12 31 14 8
D 870 7 2 12 13 14 29
D 868 9 2 869 823 870 8
D 867 5 2 2 868 32 8
D 874 33 2 50 807 61 29
D 873 29 2 45 874 63 29
D 872 25 3 37 873 803 805 817 29
D 871 39 5 36 774 722 782 737 791 747 800 872 8
D 878 15 2 26 22 21 8
D 877 13 2 824 878 825 8
D 876 9 2 11 877 30 8
D 875 5 2 2 876 32 8
D 881 21 2 38 804 43 8
D 882 21 2 38 818 43 29
D 880 25 3 37 873 881 805 882 29
D 879 39 4 36 782 722 791 737 800 880 8
D 887 17 2 25 24 23 8
D 886 15 2 21 887 26 8
D 885 13 2 824 886 825 8
D 884 9 2 11 885 30 8
D 883 5 2 2 884 32 8
D 890 21 2 38 67 43 29
D 889 25 3 37 873 723 805 890 29
D 888 39 3 36 791 722 800 889 8
L 896 18 10
D 895 17 2 23 896 25 8
D 894 15 2 21 895 26 8
D 893 13 2 824 894 825 8
D 892 9 2 11 893 30 8
D 891 5 2 2 892 32 8
D 898 25 2 37 873 65 29
D 897 39 2 36 800 898 8
D 903 17 2 23 24 25 896
D 904 17 2 23 896 25 29
D 902 15 2 21 903 26 904
D 905 11 2 19 28 17 18
D 906 15 2 21 904 26 29
D 907 11 2 19 18 17 8
D 901 13 3 824 902 905 906 907 29
D 908 7 2 14 13 12 31
D 909 13 2 824 906 825 29
D 910 7 2 14 31 12 8
D 900 9 3 11 901 908 909 910 29
D 912 3 2 7 6 5 34
D 911 1 2 3 912 9 4
D 913 9 2 11 909 30 29
D 915 3 2 7 34 5 8
D 914 1 2 3 915 9 33
D 899 5 3 2 900 911 913 914 29
D 0 19 11 1 35 819 828 834 839 844 847 852 857 860 864 867 871 875 879 883 888 891 897 899 8
