c ids of sdd nodes start at 0
c sdd nodes appear bottom-up, children before parents
c
c file syntax:
c sdd count-of-sdd-nodes
c F id-of-false-sdd-node
c T id-of-true-sdd-node
c L id-of-literal-sdd-node id-of-vtree literal
c D id-of-decomposition-sdd-node id-of-vtree number-of-elements {id-of-prime id-of-sub}*
c
sdd 181
L 1 0 1
L 6 2 -2
L 7 4 -3
L 8 2 2
F 9
D 5 3 2 6 7 8 9
L 11 6 -4
L 13 8 -5
L 14 10 -6
L 15 8 5
D 12 9 2 13 14 15 9
L 16 6 4
D 10 7 2 11 12 16 9
L 18 4 3
T 19
D 17 3 2 6 18 8 19
D 4 5 2 5 10 17 9
L 21 12 -10
L 23 14 -7
L 25 16 -8
L 26 18 -9
L 27 16 8
D 24 17 2 25 26 27 9
L 28 14 7
D 22 15 2 23 24 28 9
L 29 12 10
D 20 13 2 21 22 29 9
L 33 10 6
D 32 9 2 13 33 15 19
D 31 7 2 11 32 16 19
D 30 5 2 5 31 17 19
D 3 11 2 4 20 30 9
L 36 20 11
L 37 22 -12
L 38 20 -11
D 35 21 2 36 37 38 9
L 41 24 -19
L 43 26 -20
L 46 28 -13
L 48 30 -14
L 49 32 -15
L 50 30 14
D 47 31 2 48 49 50 9
L 51 28 13
D 45 29 2 46 47 51 9
L 53 34 -16
L 55 36 -17
L 56 38 -18
L 57 36 17
D 54 37 2 55 56 57 9
L 58 34 16
D 52 35 2 53 54 58 9
L 61 32 15
D 60 31 2 48 61 50 19
D 59 29 2 46 60 51 19
D 44 33 2 45 52 59 9
L 62 26 20
D 42 27 2 43 44 62 9
L 63 24 19
D 40 25 2 41 42 63 9
L 66 40 -24
L 68 42 -25
L 70 44 -22
L 71 46 -23
L 72 44 22
D 69 45 2 70 71 72 9
L 73 42 25
D 67 43 2 68 69 73 9
L 74 40 24
D 65 41 2 66 67 74 9
L 76 48 21
L 78 50 -29
L 80 52 -30
L 83 54 -26
L 85 56 -27
L 86 58 -28
L 87 56 27
D 84 57 2 85 86 87 9
L 88 54 26
D 82 55 2 83 84 88 9
L 92 60 -32
L 94 62 -33
L 95 64 -34
L 96 62 33
D 93 63 2 94 95 96 9
L 97 60 32
D 91 61 2 92 93 97 9
L 99 66 -35
L 101 68 -36
L 102 70 -37
L 103 68 36
D 100 69 2 101 102 103 9
L 104 66 35
D 98 67 2 99 100 104 9
L 107 64 34
D 106 63 2 94 107 96 19
D 105 61 2 92 106 97 19
D 90 65 2 91 98 105 9
L 109 72 31
L 112 74 -38
L 114 76 -39
L 115 78 -40
L 116 76 39
D 113 77 2 114 115 116 9
L 117 74 38
D 111 75 2 112 113 117 9
L 120 80 41
L 122 82 -42
L 123 84 -43
L 124 82 42
D 121 83 2 122 123 124 9
L 125 80 -41
D 119 81 2 120 121 125 9
L 128 86 -45
L 129 88 -46
L 130 86 45
D 127 87 2 128 129 130 9
L 132 90 -44
L 134 92 -49
L 136 94 -50
L 138 96 -47
L 139 98 -48
L 140 96 47
D 137 97 2 138 139 140 9
L 141 94 50
D 135 95 2 136 137 141 9
L 142 92 49
D 133 93 2 134 135 142 9
L 143 90 44
D 131 91 2 132 133 143 9
L 145 88 46
D 144 87 2 128 145 130 19
D 126 89 2 127 131 144 9
L 148 84 43
D 147 83 2 122 148 124 19
D 146 81 2 120 147 125 19
D 118 85 2 119 126 146 9
L 151 78 40
D 150 77 2 114 151 116 19
D 149 75 2 112 150 117 19
D 110 79 2 111 118 149 9
L 152 72 -31
D 108 73 2 109 110 152 9
L 156 70 37
D 155 69 2 101 156 103 19
D 154 67 2 99 155 104 19
D 153 65 2 91 154 105 19
D 89 71 2 90 108 153 9
L 159 58 28
D 158 57 2 85 159 87 19
D 157 55 2 83 158 88 19
D 81 59 2 82 89 157 9
L 160 52 30
D 79 53 2 80 81 160 9
L 161 50 29
D 77 51 2 78 79 161 9
L 162 48 -21
D 75 49 2 76 77 162 9
L 166 46 23
D 165 45 2 70 166 72 19
D 164 43 2 68 165 73 19
D 163 41 2 66 164 74 19
D 64 47 2 65 75 163 9
L 172 38 18
D 171 37 2 55 172 57 19
D 170 35 2 53 171 58 19
D 169 33 2 45 170 59 19
D 168 27 2 43 169 62 19
D 167 25 2 41 168 63 19
D 39 39 2 40 64 167 9
L 174 22 12
D 173 21 2 36 174 38 19
D 34 23 2 35 39 173 9
L 179 18 9
D 178 17 2 25 179 27 19
D 177 15 2 23 178 28 19
D 176 13 2 21 177 29 19
D 175 11 2 4 176 30 19
D 2 19 2 3 34 175 9
L 180 0 -1
D 0 1 2 1 2 180 9
