c ids of sdd nodes start at 0
c sdd nodes appear bottom-up, children before parents
c
c file syntax:
c sdd count-of-sdd-nodes
c F id-of-false-sdd-node
c T id-of-true-sdd-node
c L id-of-literal-sdd-node id-of-vtree literal
c D id-of-decomposition-sdd-node id-of-vtree number-of-elements {id-of-prime id-of-sub}*
c
sdd 538
L 3 0 -3
L 5 2 -4
L 6 4 -2
L 7 2 4
F 8
D 4 3 2 5 6 7 8
L 9 0 3
D 2 1 2 3 4 9 8
L 12 6 -6
L 13 8 -7
L 14 6 6
D 11 7 2 12 13 14 8
L 17 10 -5
L 18 12 1
L 19 10 5
D 16 11 2 17 18 19 8
L 21 14 -8
L 23 16 -10
L 24 18 -9
L 25 16 10
D 22 17 2 23 24 25 8
L 26 14 8
D 20 15 2 21 22 26 8
L 28 12 -1
T 29
D 27 11 2 17 28 19 29
D 15 13 2 16 20 27 8
L 31 8 7
D 30 7 2 12 31 14 29
D 10 9 2 11 15 30 8
L 34 4 2
D 33 3 2 5 34 7 29
D 32 1 2 3 33 9 29
D 1 5 2 2 10 32 8
L 38 20 -13
L 40 22 -14
L 41 24 -12
L 42 22 14
D 39 23 2 40 41 42 8
L 43 20 13
D 37 21 2 38 39 43 8
L 46 26 -16
L 47 28 -17
L 48 26 16
D 45 27 2 46 47 48 8
L 51 30 -15
L 52 32 11
L 53 30 15
D 50 31 2 51 52 53 8
L 55 34 -18
L 57 36 -19
L 58 38 -20
L 59 36 19
D 56 37 2 57 58 59 8
L 60 34 18
D 54 35 2 55 56 60 8
L 62 32 -11
D 61 31 2 51 62 53 29
D 49 33 2 50 54 61 8
L 64 28 17
D 63 27 2 46 64 48 29
D 44 29 2 45 49 63 8
L 67 24 12
D 66 23 2 40 67 42 29
D 65 21 2 38 66 43 29
D 36 25 2 37 44 65 8
L 71 40 26
L 72 42 -27
L 73 40 -26
D 70 41 2 71 72 73 8
L 75 44 -28
L 77 46 -30
L 78 48 -29
L 79 46 30
D 76 47 2 77 78 79 8
L 80 44 28
D 74 45 2 75 76 80 8
L 82 42 27
D 81 41 2 71 82 73 29
D 69 43 2 70 74 81 8
L 86 50 -21
L 87 52 -22
L 88 50 21
D 85 51 2 86 87 88 8
L 90 54 -23
L 92 56 -25
L 93 58 -24
L 94 56 25
D 91 57 2 92 93 94 8
L 95 54 23
D 89 55 2 90 91 95 8
L 97 52 22
D 96 51 2 86 97 88 29
D 84 53 2 85 89 96 8
L 101 60 -33
L 102 62 -32
L 103 60 33
D 100 61 2 101 102 103 8
L 105 64 -31
L 107 66 -38
L 109 68 -39
L 110 70 -40
L 111 68 39
D 108 69 2 109 110 111 8
L 112 66 38
D 106 67 2 107 108 112 8
L 113 64 31
D 104 65 2 105 106 113 8
L 115 62 32
D 114 61 2 101 115 103 29
D 99 63 2 100 104 114 8
L 119 72 34
L 120 74 -35
L 121 72 -34
D 118 73 2 119 120 121 8
L 123 76 -36
L 124 78 -37
L 125 76 36
D 122 77 2 123 124 125 8
L 127 74 35
D 126 73 2 119 127 121 29
D 117 75 2 118 122 126 8
L 130 80 -42
L 131 82 43
L 132 80 42
D 129 81 2 130 131 132 8
L 135 84 -41
L 136 86 -44
L 137 84 41
D 134 85 2 135 136 137 8
L 139 88 -45
L 141 90 -46
L 143 92 -47
L 145 94 -48
L 147 96 -50
L 148 98 -49
L 149 96 50
D 146 97 2 147 148 149 8
L 150 94 48
D 144 95 2 145 146 150 8
L 151 92 47
D 142 93 2 143 144 151 8
L 152 90 46
D 140 91 2 141 142 152 8
L 153 88 45
D 138 89 2 139 140 153 8
L 155 86 44
D 154 85 2 135 155 137 29
D 133 87 2 134 138 154 8
L 157 82 -43
D 156 81 2 130 157 132 29
D 128 83 2 129 133 156 8
D 159 73 2 121 127 119 8
D 160 73 2 121 120 119 29
D 158 75 2 159 122 160 8
D 162 81 2 132 157 130 8
D 163 81 2 132 131 130 29
D 161 83 2 162 133 163 8
D 165 73 2 121 120 119 8
D 166 77 2 125 124 123 8
D 167 73 2 121 127 119 29
D 164 75 2 165 166 167 8
D 169 81 2 130 157 132 8
D 171 85 2 137 136 135 8
D 172 85 2 137 155 135 29
D 170 87 2 171 138 172 8
D 173 81 2 130 131 132 29
D 168 83 2 169 170 173 8
L 176 78 37
D 175 77 2 125 176 123 29
D 177 73 2 119 120 121 127
D 178 77 2 123 176 125 29
D 179 73 2 119 127 121 8
D 174 75 3 165 175 177 178 179 29
D 116 79 4 117 128 158 161 164 168 174 8
D 181 65 2 113 106 105 8
D 180 63 2 100 181 114 8
D 183 75 2 165 122 167 8
D 187 91 2 152 142 141 8
D 186 89 2 139 187 153 8
D 185 87 2 134 186 154 8
D 184 83 2 169 185 173 8
D 188 75 2 165 178 167 29
D 182 79 2 183 184 188 8
D 190 61 2 101 115 103 8
D 191 61 2 101 102 103 29
D 189 63 2 190 104 191 8
D 195 89 2 153 140 139 8
D 194 87 2 134 195 154 8
D 193 83 2 169 194 173 8
D 192 79 2 183 193 188 8
D 197 61 2 103 102 101 8
D 198 61 2 103 115 101 29
D 196 63 2 197 104 198 8
D 202 85 2 135 155 137 8
D 203 85 2 135 136 137 29
D 201 87 2 202 138 203 8
D 200 83 2 169 201 173 8
D 199 79 2 183 200 188 8
D 205 61 2 103 102 101 115
L 209 70 40
D 208 69 2 109 209 111 29
D 207 67 2 107 208 112 29
D 206 65 2 105 207 113 29
D 210 61 2 103 115 101 8
D 204 63 3 205 206 100 207 210 29
D 98 71 5 99 116 180 182 189 192 196 199 204 8
L 214 58 24
D 213 57 2 92 214 94 29
D 212 55 2 90 213 95 29
D 211 53 2 85 212 96 29
D 83 59 2 84 98 211 8
D 216 41 2 73 72 71 8
D 217 41 2 73 82 71 29
D 215 43 2 216 74 217 8
D 220 51 2 86 97 88 8
D 221 51 2 86 87 88 29
D 219 53 2 220 89 221 8
D 228 93 2 151 144 143 8
D 227 91 2 141 228 152 8
D 226 89 2 139 227 153 8
D 225 87 2 134 226 154 8
D 224 83 2 169 225 173 8
D 230 77 2 123 176 125 8
D 229 75 2 165 230 167 8
D 232 77 2 123 124 125 176
D 231 75 3 165 232 177 178 179 29
D 223 79 5 117 224 158 184 164 193 229 200 231 8
D 240 97 2 149 148 147 8
D 239 95 2 145 240 150 8
D 238 93 2 143 239 151 8
D 237 91 2 141 238 152 8
D 236 89 2 139 237 153 8
D 235 87 2 134 236 154 8
D 234 83 2 169 235 173 8
D 233 79 2 183 234 188 8
D 247 95 2 150 146 145 8
D 246 93 2 143 247 151 8
D 245 91 2 141 246 152 8
D 244 89 2 139 245 153 8
D 243 87 2 134 244 154 8
D 242 83 2 169 243 173 8
D 241 79 2 183 242 188 8
L 256 98 49
D 255 97 2 147 256 149 8
D 254 95 2 145 255 150 8
D 253 93 2 143 254 151 8
D 252 91 2 141 253 152 8
D 251 89 2 139 252 153 8
D 250 87 2 134 251 154 8
D 249 83 2 169 250 173 8
D 248 79 2 183 249 188 8
D 259 67 2 112 108 107 8
D 258 65 2 105 259 113 8
D 257 63 2 100 258 114 8
D 260 79 2 183 128 188 8
D 264 69 2 111 110 109 8
D 263 67 2 107 264 112 8
D 262 65 2 105 263 113 8
D 261 63 2 100 262 114 8
D 265 79 2 183 161 188 8
D 269 69 2 109 209 111 8
D 268 67 2 107 269 112 8
D 267 65 2 105 268 113 8
D 266 63 2 100 267 114 8
D 270 79 2 183 168 188 8
D 274 69 2 111 209 109 8
D 273 67 2 107 274 112 208
D 272 65 2 105 273 113 207
D 271 63 3 100 272 205 206 210 29
D 222 71 8 99 223 180 233 196 241 189 248 257 260 261 265 266 270 271 8
D 276 51 2 88 87 86 8
D 277 51 2 88 97 86 29
D 275 53 2 276 89 277 8
D 279 79 5 117 242 158 224 164 184 229 193 231 8
D 281 65 2 105 273 113 29
D 280 63 3 100 281 205 206 210 29
D 278 71 7 99 279 189 233 196 248 257 199 261 260 266 265 280 8
D 283 55 2 95 91 90 8
D 282 53 2 85 283 96 8
D 285 79 5 117 184 158 193 164 200 229 128 231 8
D 286 79 2 183 224 188 8
D 289 67 2 112 208 107 209
D 288 65 2 105 289 113 207
D 287 63 3 100 288 205 206 210 29
D 284 71 7 99 285 196 286 189 241 180 248 257 265 261 270 287 8
D 292 57 2 92 214 94 8
D 291 55 2 90 292 95 8
D 290 53 2 85 291 96 8
D 294 79 5 117 193 158 200 164 128 229 161 231 8
D 296 65 2 113 207 105 208
D 295 63 3 100 296 205 206 210 29
D 293 71 6 99 294 196 182 189 286 180 241 257 270 295 8
D 299 57 2 94 93 92 8
D 298 55 2 90 299 95 8
D 297 53 2 85 298 96 8
D 301 79 5 117 200 158 128 164 161 229 168 231 8
D 300 71 5 99 301 189 182 196 192 180 286 204 8
D 304 57 2 92 93 94 214
D 303 55 2 90 304 95 213
D 305 51 2 88 87 86 97
D 306 51 2 88 97 86 8
D 302 53 3 85 303 305 212 306 29
D 218 59 6 219 222 275 278 282 284 290 293 297 300 302 8
D 308 41 2 73 82 71 8
D 309 41 2 73 72 71 29
D 307 43 2 308 74 309 8
D 314 73 2 121 120 119 127
D 313 75 2 177 178 314 29
D 312 79 3 117 161 158 168 313 8
D 311 71 5 180 192 99 312 189 199 196 260 204 8
D 310 59 2 84 311 211 8
D 316 45 2 80 76 75 8
D 315 43 2 216 316 217 8
D 320 75 2 118 178 126 29
D 319 79 2 117 168 320 8
D 318 71 5 180 199 99 319 189 260 196 265 204 8
D 317 59 2 84 318 211 8
L 324 48 29
D 323 47 2 77 324 79 8
D 322 45 2 75 323 80 8
D 321 43 2 216 322 217 8
D 328 65 2 113 207 105 29
D 327 63 3 205 206 100 328 210 29
D 326 71 4 180 260 189 265 196 270 327 8
D 325 59 2 84 326 211 8
D 331 47 2 79 78 77 8
D 330 45 2 75 331 80 8
D 329 43 2 216 330 217 8
D 334 63 3 190 206 100 328 103 29
D 333 71 3 180 265 189 270 334 8
D 332 59 2 84 333 211 8
D 337 47 2 79 324 77 8
D 338 47 2 77 324 79 29
D 336 45 2 75 337 80 338
D 339 41 2 71 72 73 82
D 340 45 2 75 338 80 29
D 341 41 2 71 82 73 8
D 335 43 3 216 336 339 340 341 29
D 68 49 7 69 83 215 218 307 310 315 317 321 325 329 332 335 8
D 344 23 2 40 67 42 8
D 343 21 2 38 344 43 8
D 347 31 2 51 62 53 8
D 348 31 2 51 52 53 29
D 346 33 2 347 54 348 8
D 345 29 2 45 346 63 8
D 350 23 2 40 41 42 29
D 349 21 2 38 350 43 29
D 342 25 2 343 345 349 8
D 352 59 6 275 222 219 284 282 293 290 300 297 98 302 8
D 355 63 2 100 328 114 29
D 354 71 2 180 270 355 8
D 353 59 2 84 354 211 8
D 351 49 7 69 310 215 352 307 317 315 325 321 332 329 353 335 8
D 357 21 2 43 39 38 8
D 358 21 2 43 66 38 29
D 356 25 2 357 345 358 8
D 360 59 6 275 284 219 293 282 300 290 98 297 311 302 8
D 362 45 2 80 338 75 79
D 361 43 3 216 362 339 340 341 29
D 359 49 6 69 317 215 360 307 325 315 332 321 353 361 8
D 365 23 2 42 41 40 8
D 364 21 2 38 365 43 8
D 367 23 2 42 67 40 29
D 366 21 2 38 367 43 29
D 363 25 2 364 345 366 8
D 369 59 6 275 293 219 300 282 98 290 311 297 318 302 8
D 370 43 3 339 340 216 338 341 29
D 368 49 5 69 325 215 369 307 332 315 353 370 8
D 374 31 2 53 62 51 8
D 375 31 2 53 52 51 29
D 373 33 2 374 54 375 8
D 372 29 2 45 373 63 8
D 371 25 2 37 372 65 8
D 377 59 6 275 300 219 98 282 311 290 318 297 326 302 8
D 379 41 2 71 72 73 29
D 378 43 2 379 340 341 29
D 376 49 4 69 332 215 377 307 353 378 8
D 382 27 2 48 47 46 8
D 383 27 2 48 64 46 29
D 381 29 2 382 346 383 8
D 380 25 2 37 381 65 8
D 385 59 6 275 98 219 311 282 318 290 326 297 333 302 8
D 386 43 2 72 340 82 29
D 384 49 3 69 353 215 385 386 8
D 389 27 2 46 64 48 8
D 390 27 2 46 47 48 29
D 388 29 2 389 346 390 8
D 387 25 2 37 388 65 8
D 392 59 6 275 311 219 318 282 326 290 333 297 354 302 8
D 393 43 2 216 340 217 29
D 391 49 2 215 392 393 8
D 397 35 2 60 56 55 8
D 396 33 2 347 397 348 8
D 395 29 2 45 396 63 8
D 394 25 2 37 395 65 8
D 402 57 2 92 93 94 29
D 401 55 2 90 402 95 213
D 400 53 3 85 401 305 212 306 29
D 399 59 5 275 318 219 326 282 333 290 354 400 8
D 398 49 2 215 399 393 8
D 407 37 2 59 58 57 8
D 406 35 2 55 407 60 8
D 405 33 2 347 406 348 8
D 404 29 2 45 405 63 8
D 403 25 2 37 404 65 8
D 411 55 2 95 213 90 29
D 410 53 3 85 411 305 212 306 29
D 409 59 4 275 326 219 333 282 354 410 8
D 408 49 2 215 409 393 8
L 417 38 20
D 416 37 2 57 417 59 8
D 415 35 2 55 416 60 8
D 414 33 2 347 415 348 8
D 413 29 2 45 414 63 8
D 412 25 2 37 413 65 8
D 421 51 2 86 87 88 97
D 420 53 2 305 212 421 29
D 419 59 3 275 333 219 354 420 8
D 418 49 2 215 419 393 8
D 424 23 2 42 41 40 67
D 423 21 2 38 424 43 39
D 428 37 2 57 417 59 29
D 427 35 2 55 428 60 29
D 426 33 2 347 427 348 29
D 425 29 2 45 426 63 29
D 430 27 2 48 47 46 64
D 432 31 2 53 62 51 52
D 434 37 2 57 58 59 417
D 433 35 2 60 428 55 434
D 435 31 2 53 52 51 8
D 431 33 3 432 427 347 433 435 29
D 436 27 2 48 64 46 8
D 429 29 3 430 426 45 431 436 29
D 438 23 2 42 67 40 8
D 437 21 2 38 438 43 66
D 422 25 3 423 425 37 429 437 29
D 35 39 11 36 68 342 351 356 359 363 368 371 376 380 384 387 391 394 398 403 408 412 418 422 8
D 441 3 2 5 34 7 8
D 440 1 2 3 441 9 8
D 444 11 2 17 28 19 8
D 445 11 2 17 18 19 29
D 443 13 2 444 20 445 8
D 442 9 2 11 443 30 8
D 447 3 2 5 6 7 29
D 446 1 2 3 447 9 29
D 439 5 2 440 442 446 8
D 451 53 2 276 212 277 29
D 450 59 2 275 354 451 8
D 449 49 2 215 450 393 8
D 448 39 11 36 351 342 359 356 368 363 376 371 384 380 391 387 398 394 408 403 418 412 449 422 8
D 453 1 2 9 4 3 8
D 454 1 2 9 33 3 29
D 452 5 2 453 442 454 8
D 460 37 2 59 417 57 29
D 459 35 2 55 460 60 428
D 458 33 3 347 459 432 427 435 29
D 457 29 3 45 458 430 426 436 29
D 456 25 3 37 457 423 425 437 29
D 455 39 10 36 359 342 368 356 376 363 384 371 391 380 398 387 408 394 418 403 449 456 8
D 463 3 2 7 6 5 8
D 462 1 2 3 463 9 8
D 465 3 2 7 34 5 29
D 464 1 2 3 465 9 29
D 461 5 2 462 442 464 8
D 470 35 2 60 428 55 29
D 469 33 3 347 470 432 427 435 29
D 468 29 3 45 469 430 426 436 29
D 467 25 3 37 468 423 425 437 29
D 466 39 9 36 368 342 376 356 384 363 391 371 398 380 408 387 418 394 449 467 8
D 474 11 2 19 28 17 8
D 475 11 2 19 18 17 29
D 473 13 2 474 20 475 8
D 472 9 2 11 473 30 8
D 471 5 2 2 472 32 8
D 480 31 2 51 62 53 52
D 479 33 2 432 427 480 29
D 478 29 3 45 479 430 426 436 29
D 477 25 3 37 478 423 425 437 29
D 476 39 8 36 376 342 384 356 391 363 398 371 408 380 418 387 449 477 8
D 483 7 2 14 13 12 8
D 484 7 2 14 31 12 29
D 482 9 2 483 443 484 8
D 481 5 2 2 482 32 8
D 487 29 3 45 479 382 426 64 29
D 486 25 3 37 487 423 425 437 29
D 485 39 7 36 384 342 391 356 398 363 408 371 418 380 449 486 8
D 490 7 2 12 31 14 8
D 491 7 2 12 13 14 29
D 489 9 2 490 443 491 8
D 488 5 2 2 489 32 8
D 494 29 2 45 479 63 29
D 493 25 3 37 494 423 425 437 29
D 492 39 6 36 391 342 398 356 408 363 418 371 449 493 8
D 498 15 2 26 22 21 8
D 497 13 2 444 498 445 8
D 496 9 2 11 497 30 8
D 495 5 2 2 496 32 8
D 502 33 2 50 427 61 29
D 501 29 2 45 502 63 29
D 500 25 3 37 501 423 425 437 29
D 499 39 5 36 398 342 408 356 418 363 449 500 8
L 508 18 9
D 507 17 2 23 508 25 8
D 506 15 2 21 507 26 8
D 505 13 2 444 506 445 8
D 504 9 2 11 505 30 8
D 503 5 2 2 504 32 8
D 511 21 2 38 344 43 39
D 512 21 2 43 66 38 42
D 510 25 3 37 501 511 425 512 29
D 509 39 4 36 408 342 418 356 449 510 8
D 517 17 2 25 24 23 8
D 516 15 2 21 517 26 8
D 515 13 2 444 516 445 8
D 514 9 2 11 515 30 8
D 513 5 2 2 514 32 8
D 520 21 2 38 42 43 29
D 519 25 3 37 501 343 425 520 29
D 518 39 3 36 418 342 449 519 8
D 525 17 2 23 24 25 508
D 526 17 2 23 508 25 29
D 524 15 2 21 525 26 526
D 527 11 2 19 28 17 18
D 528 15 2 21 526 26 29
D 529 11 2 19 18 17 8
D 523 13 3 444 524 527 528 529 29
D 530 7 2 14 13 12 31
D 531 13 2 444 528 445 29
D 532 7 2 14 31 12 8
D 522 9 3 11 523 530 531 532 29
D 534 3 2 7 6 5 34
D 533 1 2 3 534 9 4
D 535 9 2 11 531 30 29
D 537 3 2 7 34 5 8
D 536 1 2 3 537 9 33
D 521 5 3 2 522 533 535 536 29
D 0 19 11 1 35 439 448 452 455 461 466 471 476 481 485 488 492 495 499 503 509 513 518 521 8
