c ids of sdd nodes start at 0
c sdd nodes appear bottom-up, children before parents
c
c file syntax:
c sdd count-of-sdd-nodes
c F id-of-false-sdd-node
c T id-of-true-sdd-node
c L id-of-literal-sdd-node id-of-vtree literal
c D id-of-decomposition-sdd-node id-of-vtree number-of-elements {id-of-prime id-of-sub}*
c
sdd 545
L 3 0 -3
L 5 2 -4
L 6 4 -2
L 7 2 4
F 8
D 4 3 2 5 6 7 8
L 9 0 3
D 2 1 2 3 4 9 8
L 12 6 -6
L 13 8 -7
L 14 6 6
D 11 7 2 12 13 14 8
L 17 10 -5
L 18 12 1
L 19 10 5
D 16 11 2 17 18 19 8
L 21 14 -8
L 23 16 -10
L 24 18 -9
L 25 16 10
D 22 17 2 23 24 25 8
L 26 14 8
D 20 15 2 21 22 26 8
L 28 12 -1
T 29
D 27 11 2 17 28 19 29
D 15 13 2 16 20 27 8
L 31 8 7
D 30 7 2 12 31 14 29
D 10 9 2 11 15 30 8
L 34 4 2
D 33 3 2 5 34 7 29
D 32 1 2 3 33 9 29
D 1 5 2 2 10 32 8
L 38 20 -13
L 40 22 -14
L 41 24 -12
L 42 22 14
D 39 23 2 40 41 42 8
L 43 20 13
D 37 21 2 38 39 43 8
L 46 26 -16
L 47 28 -17
L 48 26 16
D 45 27 2 46 47 48 8
L 51 30 -15
L 52 32 11
L 53 30 15
D 50 31 2 51 52 53 8
L 55 34 -18
L 57 36 -19
L 58 38 -20
L 59 36 19
D 56 37 2 57 58 59 8
L 60 34 18
D 54 35 2 55 56 60 8
L 62 32 -11
D 61 31 2 51 62 53 29
D 49 33 2 50 54 61 8
L 64 28 17
D 63 27 2 46 64 48 29
D 44 29 2 45 49 63 8
L 67 24 12
D 66 23 2 40 67 42 29
D 65 21 2 38 66 43 29
D 36 25 2 37 44 65 8
L 71 40 -26
L 72 42 -27
L 73 40 26
D 70 41 2 71 72 73 8
L 75 44 -28
L 77 46 -30
L 78 48 -29
L 79 46 30
D 76 47 2 77 78 79 8
L 80 44 28
D 74 45 2 75 76 80 8
L 82 42 27
D 81 41 2 71 82 73 29
D 69 43 2 70 74 81 8
L 86 50 -21
L 87 52 -22
L 88 50 21
D 85 51 2 86 87 88 8
L 90 54 -23
L 92 56 -25
L 93 58 24
L 94 56 25
D 91 57 2 92 93 94 8
L 95 54 23
D 89 55 2 90 91 95 8
L 97 52 22
D 96 51 2 86 97 88 29
D 84 53 2 85 89 96 8
L 101 60 -33
L 102 62 -32
L 103 60 33
D 100 61 2 101 102 103 8
L 105 64 -31
L 107 66 -38
L 109 68 -39
L 110 70 -40
L 111 68 39
D 108 69 2 109 110 111 8
L 112 66 38
D 106 67 2 107 108 112 8
L 113 64 31
D 104 65 2 105 106 113 8
L 115 62 32
D 114 61 2 101 115 103 29
D 99 63 2 100 104 114 8
L 119 72 34
L 120 74 -35
L 121 72 -34
D 118 73 2 119 120 121 8
L 123 76 -36
L 124 78 -37
L 125 76 36
D 122 77 2 123 124 125 8
L 127 74 35
D 126 73 2 119 127 121 29
D 117 75 2 118 122 126 8
L 130 80 -42
L 131 82 -43
L 132 80 42
D 129 81 2 130 131 132 8
L 135 84 -41
L 136 86 -44
L 137 84 41
D 134 85 2 135 136 137 8
L 139 88 -45
L 141 90 -46
L 143 92 47
L 145 94 -48
L 147 96 -50
L 148 98 -49
L 149 96 50
D 146 97 2 147 148 149 8
L 150 94 48
D 144 95 2 145 146 150 8
L 151 92 -47
D 142 93 2 143 144 151 8
L 152 90 46
D 140 91 2 141 142 152 8
L 153 88 45
D 138 89 2 139 140 153 8
L 155 86 44
D 154 85 2 135 155 137 29
D 133 87 2 134 138 154 8
L 157 82 43
D 156 81 2 130 157 132 29
D 128 83 2 129 133 156 8
D 159 73 2 121 127 119 8
D 160 73 2 121 120 119 29
D 158 75 2 159 122 160 8
D 165 93 2 151 144 143 8
D 164 91 2 152 165 141 8
D 163 89 2 139 164 153 8
D 162 87 2 134 163 154 8
D 161 83 2 129 162 156 8
D 167 73 2 121 120 119 8
D 168 77 2 125 124 123 8
D 169 73 2 121 127 119 29
D 166 75 2 167 168 169 8
D 173 91 2 141 165 152 8
D 172 89 2 153 173 139 8
D 171 87 2 134 172 154 8
D 170 83 2 129 171 156 8
L 176 78 37
D 175 77 2 123 176 125 8
D 174 75 2 167 175 169 8
D 179 85 2 135 155 137 8
D 180 89 2 139 173 153 8
D 181 85 2 135 136 137 29
D 178 87 2 179 180 181 8
D 177 83 2 129 178 156 8
D 183 77 2 123 124 125 176
D 184 73 2 119 120 121 127
D 185 77 2 123 176 125 29
D 186 73 2 119 127 121 8
D 182 75 3 167 183 184 185 186 29
D 116 79 5 117 128 158 161 166 170 174 177 182 8
D 188 65 2 113 106 105 8
D 187 63 2 100 188 114 8
D 190 75 2 167 122 169 8
D 197 97 2 149 148 147 8
D 196 95 2 145 197 150 8
D 195 93 2 151 196 143 8
D 194 91 2 141 195 152 8
D 193 89 2 139 194 153 8
D 192 87 2 134 193 154 8
D 191 83 2 129 192 156 8
D 198 75 2 167 185 169 29
D 189 79 2 190 191 198 8
D 200 61 2 103 102 101 8
D 201 61 2 103 115 101 29
D 199 63 2 200 104 201 8
D 208 95 2 150 146 145 8
D 207 93 2 151 208 143 8
D 206 91 2 141 207 152 8
D 205 89 2 139 206 153 8
D 204 87 2 134 205 154 8
D 203 83 2 129 204 156 8
D 202 79 2 190 203 198 8
D 210 61 2 101 115 103 8
D 211 61 2 101 102 103 29
D 209 63 2 210 104 211 8
L 220 98 49
D 219 97 2 147 220 149 8
D 218 95 2 145 219 150 8
D 217 93 2 151 218 143 8
D 216 91 2 141 217 152 8
D 215 89 2 139 216 153 8
D 214 87 2 134 215 154 8
D 213 83 2 129 214 156 8
D 212 79 2 190 213 198 8
D 223 67 2 112 108 107 8
D 222 65 2 105 223 113 8
D 221 63 2 100 222 114 8
D 226 81 2 130 157 132 8
D 227 87 2 134 180 154 8
D 228 81 2 130 131 132 29
D 225 83 2 226 227 228 8
D 224 79 2 190 225 198 8
D 232 69 2 111 110 109 8
D 231 67 2 107 232 112 8
D 230 65 2 105 231 113 8
D 229 63 2 100 230 114 8
D 235 81 2 132 131 130 8
D 236 81 2 132 157 130 29
D 234 83 2 235 227 236 8
D 233 79 2 190 234 198 8
L 241 70 40
D 240 69 2 109 241 111 8
D 239 67 2 107 240 112 8
D 238 65 2 105 239 113 8
D 237 63 2 100 238 114 8
D 245 85 2 137 136 135 8
D 246 85 2 137 155 135 29
D 244 87 2 245 180 246 8
D 243 83 2 129 244 156 8
D 242 79 2 190 243 198 8
D 250 69 2 111 241 109 8
D 251 69 2 109 241 111 29
D 249 67 2 107 250 112 251
D 252 67 2 107 251 112 29
D 248 65 2 105 249 113 252
D 253 61 2 103 102 101 115
D 254 65 2 105 252 113 29
D 255 61 2 103 115 101 8
D 247 63 3 100 248 253 254 255 29
D 98 71 8 99 116 187 189 199 202 209 212 221 224 229 233 237 242 247 8
L 259 58 -24
D 258 57 2 92 259 94 8
D 257 55 2 95 258 90 8
D 256 53 2 85 257 96 8
D 261 79 5 117 203 158 128 166 161 174 170 182 8
D 262 79 2 190 177 198 8
D 264 65 2 105 249 113 29
D 263 63 3 100 264 253 254 255 29
D 260 71 7 99 261 209 189 199 212 221 262 229 224 237 233 263 8
D 267 57 2 94 259 92 8
D 266 55 2 90 267 95 8
D 265 53 2 85 266 96 8
D 269 79 5 117 161 158 170 166 177 174 225 182 8
D 270 79 2 190 128 198 8
D 273 67 2 112 251 107 241
D 272 65 2 105 273 113 252
D 271 63 3 100 272 253 254 255 29
D 268 71 7 99 269 199 270 209 202 187 212 221 233 229 242 271 8
D 275 51 2 86 97 88 8
D 276 55 2 90 258 95 8
D 277 51 2 86 87 88 29
D 274 53 2 275 276 277 8
D 279 79 5 117 213 158 203 166 128 174 161 182 8
D 280 79 2 190 170 198 8
D 281 63 3 100 264 200 254 115 29
D 278 71 6 199 189 99 279 221 280 229 262 237 224 281 8
D 283 51 2 88 87 86 8
D 284 51 2 88 97 86 29
D 282 53 2 283 276 284 8
D 286 79 5 117 191 158 213 166 203 174 128 182 8
D 287 79 2 190 161 198 8
D 288 63 2 100 264 114 29
D 285 71 5 99 286 221 287 229 280 237 262 288 8
D 291 57 2 92 259 94 93
D 292 57 2 92 93 94 29
D 290 55 2 90 291 95 292
D 293 51 2 88 87 86 97
D 294 55 2 90 292 95 29
D 295 51 2 88 97 86 8
D 289 53 3 85 290 293 294 295 29
D 83 59 6 84 98 256 260 265 268 274 278 282 285 289 8
D 297 41 2 73 72 71 8
D 298 41 2 73 82 71 29
D 296 43 2 297 74 298 8
D 300 53 2 85 276 96 8
D 302 79 5 117 170 158 177 166 225 174 234 182 8
D 304 65 2 113 252 105 251
D 303 63 3 100 304 253 254 255 29
D 301 71 6 99 302 199 287 209 270 187 202 221 242 303 8
D 305 53 2 85 294 96 29
D 299 59 2 300 301 305 8
D 307 41 2 71 82 73 8
D 308 41 2 71 72 73 29
D 306 43 2 307 74 308 8
D 311 79 5 117 177 158 225 166 234 174 243 182 8
D 312 63 3 253 254 100 252 255 29
D 310 71 5 99 311 209 287 199 280 187 270 312 8
D 309 59 2 300 310 305 8
D 314 45 2 80 76 75 8
D 313 43 2 70 314 81 8
D 319 77 2 125 176 123 29
D 318 75 3 167 319 184 185 186 29
D 317 79 4 117 225 158 234 166 243 318 8
D 316 71 5 99 317 187 287 209 280 199 262 312 8
D 315 59 2 300 316 305 8
L 323 48 29
D 322 47 2 77 323 79 8
D 321 45 2 75 322 80 8
D 320 43 2 70 321 81 8
D 328 73 2 121 120 119 127
D 327 75 2 184 185 328 29
D 326 79 3 117 234 158 243 327 8
D 325 71 5 187 280 99 326 209 262 199 224 312 8
D 324 59 2 300 325 305 8
D 331 47 2 79 78 77 8
D 330 45 2 75 331 80 8
D 329 43 2 70 330 81 8
D 335 75 2 118 185 126 29
D 334 79 2 117 243 335 8
D 333 71 5 187 262 99 334 209 224 199 233 312 8
D 332 59 2 300 333 305 8
D 338 47 2 79 323 77 8
D 339 47 2 77 323 79 29
D 337 45 2 75 338 80 339
D 340 41 2 73 72 71 82
D 341 45 2 75 339 80 29
D 342 41 2 73 82 71 8
D 336 43 3 70 337 340 341 342 29
D 68 49 7 69 83 296 299 306 309 313 315 320 324 329 332 336 8
D 345 23 2 40 67 42 8
D 344 21 2 38 345 43 8
D 348 31 2 51 62 53 8
D 349 31 2 51 52 53 29
D 347 33 2 348 54 349 8
D 346 29 2 45 347 63 8
D 351 23 2 40 41 42 29
D 350 21 2 38 351 43 29
D 343 25 2 344 346 350 8
D 353 59 6 256 98 274 260 84 268 282 278 265 301 289 8
D 357 65 2 113 252 105 29
D 356 63 3 253 254 100 357 255 29
D 355 71 4 187 224 209 233 199 242 356 8
D 354 59 2 300 355 305 8
D 352 49 7 296 309 69 353 306 315 313 324 320 332 329 354 336 8
D 359 21 2 43 39 38 8
D 360 21 2 43 66 38 29
D 358 25 2 359 346 360 8
D 362 59 6 274 98 282 260 256 268 84 301 265 310 289 8
D 365 63 3 210 254 100 357 103 29
D 364 71 3 187 233 209 242 365 8
D 363 59 2 300 364 305 8
D 361 49 7 296 315 69 362 306 324 313 332 320 354 329 363 336 8
D 368 23 2 42 41 40 8
D 367 21 2 38 368 43 8
D 370 23 2 42 67 40 29
D 369 21 2 38 370 43 29
D 366 25 2 367 346 369 8
D 372 59 6 282 98 274 268 256 301 84 310 265 316 289 8
D 375 63 2 100 357 114 29
D 374 71 2 187 242 375 8
D 373 59 2 300 374 305 8
D 371 49 7 296 324 69 372 306 332 313 354 320 363 329 373 336 8
D 379 31 2 53 62 51 8
D 380 31 2 53 52 51 29
D 378 33 2 379 54 380 8
D 377 29 2 45 378 63 8
D 376 25 2 37 377 65 8
D 382 59 6 282 268 274 301 256 310 84 316 265 325 289 8
D 384 45 2 80 339 75 79
D 383 43 3 70 384 340 341 342 29
D 381 49 6 296 332 69 382 306 354 313 363 320 373 383 8
D 387 27 2 48 47 46 8
D 388 27 2 48 64 46 29
D 386 29 2 387 347 388 8
D 385 25 2 37 386 65 8
D 390 59 6 282 301 274 310 256 316 84 325 265 333 289 8
D 391 43 3 340 341 70 339 342 29
D 389 49 5 296 354 69 390 306 363 313 373 391 8
D 394 27 2 46 64 48 8
D 395 27 2 46 47 48 29
D 393 29 2 394 347 395 8
D 392 25 2 37 393 65 8
D 397 59 6 282 310 274 316 256 325 84 333 265 355 289 8
D 399 41 2 73 72 71 29
D 398 43 2 399 341 342 29
D 396 49 4 296 363 69 397 306 373 398 8
D 403 35 2 60 56 55 8
D 402 33 2 348 403 349 8
D 401 29 2 45 402 63 8
D 400 25 2 37 401 65 8
D 405 59 6 282 316 274 325 256 333 84 355 265 364 289 8
D 406 43 2 72 341 82 29
D 404 49 3 296 373 69 405 406 8
D 411 37 2 59 58 57 8
D 410 35 2 55 411 60 8
D 409 33 2 348 410 349 8
D 408 29 2 45 409 63 8
D 407 25 2 37 408 65 8
D 413 59 6 282 325 274 333 256 355 84 364 265 374 289 8
D 414 43 2 70 341 81 29
D 412 49 2 69 413 414 8
L 420 38 20
D 419 37 2 57 420 59 8
D 418 35 2 55 419 60 8
D 417 33 2 348 418 349 8
D 416 29 2 45 417 63 8
D 415 25 2 37 416 65 8
D 425 57 2 92 259 94 29
D 424 55 2 90 425 95 292
D 423 53 3 85 424 293 294 295 29
D 422 59 5 282 333 274 355 256 364 84 374 423 8
D 421 49 2 69 422 414 8
D 428 23 2 42 41 40 67
D 427 21 2 38 428 43 39
D 432 37 2 57 420 59 29
D 431 35 2 55 432 60 29
D 430 33 2 348 431 349 29
D 429 29 2 45 430 63 29
D 434 27 2 48 47 46 64
D 436 31 2 53 62 51 52
D 438 37 2 57 58 59 420
D 437 35 2 60 432 55 438
D 439 31 2 53 52 51 8
D 435 33 3 436 431 348 437 439 29
D 440 27 2 48 64 46 8
D 433 29 3 434 430 45 435 440 29
D 442 23 2 42 67 40 8
D 441 21 2 38 442 43 66
D 426 25 3 427 429 37 433 441 29
D 35 39 11 36 68 343 352 358 361 366 371 376 381 385 389 392 396 400 404 407 412 415 421 426 8
D 445 3 2 5 34 7 8
D 444 1 2 3 445 9 8
D 448 11 2 17 28 19 8
D 449 11 2 17 18 19 29
D 447 13 2 448 20 449 8
D 446 9 2 11 447 30 8
D 451 3 2 5 6 7 29
D 450 1 2 3 451 9 29
D 443 5 2 444 446 450 8
D 456 55 2 95 292 90 29
D 455 53 3 85 456 293 294 295 29
D 454 59 4 282 355 274 364 256 374 455 8
D 453 49 2 69 454 414 8
D 452 39 11 36 352 343 361 358 371 366 381 376 389 385 396 392 404 400 412 407 421 415 453 426 8
D 458 1 2 9 4 3 8
D 459 1 2 9 33 3 29
D 457 5 2 458 446 459 8
D 464 51 2 86 87 88 97
D 463 53 2 293 294 464 29
D 462 59 3 282 364 274 374 463 8
D 461 49 2 69 462 414 8
D 460 39 11 36 361 343 371 358 381 366 389 376 396 385 404 392 412 400 421 407 453 415 461 426 8
D 467 3 2 7 6 5 8
D 466 1 2 3 467 9 8
D 469 3 2 7 34 5 29
D 468 1 2 3 469 9 29
D 465 5 2 466 446 468 8
D 473 53 2 283 294 284 29
D 472 59 2 282 374 473 8
D 471 49 2 69 472 414 8
D 470 39 11 36 371 343 381 358 389 366 396 376 404 385 412 392 421 400 453 407 461 415 471 426 8
D 477 11 2 19 28 17 8
D 478 11 2 19 18 17 29
D 476 13 2 477 20 478 8
D 475 9 2 11 476 30 8
D 474 5 2 2 475 32 8
D 484 37 2 59 420 57 29
D 483 35 2 55 484 60 432
D 482 33 3 348 483 436 431 439 29
D 481 29 3 45 482 434 430 440 29
D 480 25 3 37 481 427 429 441 29
D 479 39 10 36 381 343 389 358 396 366 404 376 412 385 421 392 453 400 461 407 471 480 8
D 487 7 2 14 13 12 8
D 488 7 2 14 31 12 29
D 486 9 2 487 447 488 8
D 485 5 2 2 486 32 8
D 493 35 2 60 432 55 29
D 492 33 3 348 493 436 431 439 29
D 491 29 3 45 492 434 430 440 29
D 490 25 3 37 491 427 429 441 29
D 489 39 9 36 389 343 396 358 404 366 412 376 421 385 453 392 461 400 471 490 8
D 496 7 2 12 31 14 8
D 497 7 2 12 13 14 29
D 495 9 2 496 447 497 8
D 494 5 2 2 495 32 8
D 502 31 2 51 62 53 52
D 501 33 2 436 431 502 29
D 500 29 3 45 501 434 430 440 29
D 499 25 3 37 500 427 429 441 29
D 498 39 8 36 396 343 404 358 412 366 421 376 453 385 461 392 471 499 8
D 506 15 2 26 22 21 8
D 505 13 2 448 506 449 8
D 504 9 2 11 505 30 8
D 503 5 2 2 504 32 8
D 509 29 3 45 501 387 430 64 29
D 508 25 3 37 509 427 429 441 29
D 507 39 7 36 404 343 412 358 421 366 453 376 461 385 471 508 8
L 515 18 9
D 514 17 2 23 515 25 8
D 513 15 2 21 514 26 8
D 512 13 2 448 513 449 8
D 511 9 2 11 512 30 8
D 510 5 2 2 511 32 8
D 518 29 2 45 501 63 29
D 517 25 3 37 518 427 429 441 29
D 516 39 6 36 412 343 421 358 453 366 461 376 471 517 8
D 523 17 2 25 24 23 8
D 522 15 2 21 523 26 8
D 521 13 2 448 522 449 8
D 520 9 2 11 521 30 8
D 519 5 2 2 520 32 8
D 527 33 2 50 431 61 29
D 526 29 2 45 527 63 29
D 525 25 3 37 526 427 429 441 29
D 524 39 5 36 421 343 453 358 461 366 471 525 8
D 532 17 2 23 24 25 515
D 533 17 2 23 515 25 29
D 531 15 2 21 532 26 533
D 534 11 2 19 28 17 18
D 535 15 2 21 533 26 29
D 536 11 2 19 18 17 8
D 530 13 3 448 531 534 535 536 29
D 537 7 2 14 13 12 31
D 538 13 2 448 535 449 29
D 539 7 2 14 31 12 8
D 529 9 3 11 530 537 538 539 29
D 541 3 2 7 6 5 34
D 540 1 2 3 541 9 4
D 542 9 2 11 538 30 29
D 544 3 2 7 34 5 8
D 543 1 2 3 544 9 33
D 528 5 3 2 529 540 542 543 29
D 0 19 11 1 35 443 452 457 460 465 470 474 479 485 489 494 498 503 507 510 516 519 524 528 8
