c ids of sdd nodes start at 0
c sdd nodes appear bottom-up, children before parents
c
c file syntax:
c sdd count-of-sdd-nodes
c F id-of-false-sdd-node
c T id-of-true-sdd-node
c L id-of-literal-sdd-node id-of-vtree literal
c D id-of-decomposition-sdd-node id-of-vtree number-of-elements {id-of-prime id-of-sub}*
c
sdd 548
L 3 0 -3
L 5 2 -4
L 6 4 -2
L 7 2 4
F 8
D 4 3 2 5 6 7 8
L 9 0 3
D 2 1 2 3 4 9 8
L 12 6 -6
L 13 8 -7
L 14 6 6
D 11 7 2 12 13 14 8
L 17 10 -5
L 18 12 1
L 19 10 5
D 16 11 2 17 18 19 8
L 21 14 -8
L 23 16 -10
L 24 18 -9
L 25 16 10
D 22 17 2 23 24 25 8
L 26 14 8
D 20 15 2 21 22 26 8
L 28 12 -1
T 29
D 27 11 2 17 28 19 29
D 15 13 2 16 20 27 8
L 31 8 7
D 30 7 2 12 31 14 29
D 10 9 2 11 15 30 8
L 34 4 2
D 33 3 2 5 34 7 29
D 32 1 2 3 33 9 29
D 1 5 2 2 10 32 8
L 38 20 -13
L 40 22 -14
L 41 24 -12
L 42 22 14
D 39 23 2 40 41 42 8
L 43 20 13
D 37 21 2 38 39 43 8
L 46 26 -16
L 47 28 -17
L 48 26 16
D 45 27 2 46 47 48 8
L 51 30 -15
L 52 32 11
L 53 30 15
D 50 31 2 51 52 53 8
L 55 34 -18
L 57 36 -19
L 58 38 -20
L 59 36 19
D 56 37 2 57 58 59 8
L 60 34 18
D 54 35 2 55 56 60 8
L 62 32 -11
D 61 31 2 51 62 53 29
D 49 33 2 50 54 61 8
L 64 28 17
D 63 27 2 46 64 48 29
D 44 29 2 45 49 63 8
L 67 24 12
D 66 23 2 40 67 42 29
D 65 21 2 38 66 43 29
D 36 25 2 37 44 65 8
L 71 40 -26
L 72 42 -27
L 73 40 26
D 70 41 2 71 72 73 8
L 75 44 -28
L 77 46 -30
L 78 48 -29
L 79 46 30
D 76 47 2 77 78 79 8
L 80 44 28
D 74 45 2 75 76 80 8
L 82 42 27
D 81 41 2 71 82 73 29
D 69 43 2 70 74 81 8
L 86 50 -21
L 87 52 -22
L 88 50 21
D 85 51 2 86 87 88 8
L 90 54 -23
L 92 56 25
L 93 58 -24
L 94 56 -25
D 91 57 2 92 93 94 8
L 95 54 23
D 89 55 2 90 91 95 8
L 97 52 22
D 96 51 2 86 97 88 29
D 84 53 2 85 89 96 8
L 101 60 -33
L 102 62 -32
L 103 60 33
D 100 61 2 101 102 103 8
L 105 64 -31
L 107 66 -38
L 109 68 -39
L 110 70 -40
L 111 68 39
D 108 69 2 109 110 111 8
L 112 66 38
D 106 67 2 107 108 112 8
L 113 64 31
D 104 65 2 105 106 113 8
L 115 62 32
D 114 61 2 101 115 103 29
D 99 63 2 100 104 114 8
L 119 72 34
L 120 74 -35
L 121 72 -34
D 118 73 2 119 120 121 8
L 123 76 -36
L 124 78 -37
L 125 76 36
D 122 77 2 123 124 125 8
L 127 74 35
D 126 73 2 119 127 121 29
D 117 75 2 118 122 126 8
L 130 80 -42
L 131 82 -43
L 132 80 42
D 129 81 2 130 131 132 8
L 135 84 -41
L 136 86 -44
L 137 84 41
D 134 85 2 135 136 137 8
L 139 88 -45
L 141 90 -46
L 143 92 47
L 145 94 -48
L 147 96 -50
L 148 98 -49
L 149 96 50
D 146 97 2 147 148 149 8
L 150 94 48
D 144 95 2 145 146 150 8
L 151 92 -47
D 142 93 2 143 144 151 8
L 152 90 46
D 140 91 2 141 142 152 8
L 153 88 45
D 138 89 2 139 140 153 8
L 155 86 44
D 154 85 2 135 155 137 29
D 133 87 2 134 138 154 8
L 157 82 43
D 156 81 2 130 157 132 29
D 128 83 2 129 133 156 8
D 159 73 2 121 127 119 8
D 160 73 2 121 120 119 29
D 158 75 2 159 122 160 8
D 165 93 2 151 144 143 8
D 164 91 2 152 165 141 8
D 163 89 2 139 164 153 8
D 162 87 2 134 163 154 8
D 161 83 2 129 162 156 8
D 167 73 2 121 120 119 8
D 168 77 2 125 124 123 8
D 169 73 2 121 127 119 29
D 166 75 2 167 168 169 8
D 173 91 2 141 165 152 8
D 172 89 2 153 173 139 8
D 171 87 2 134 172 154 8
D 170 83 2 129 171 156 8
L 176 78 37
D 175 77 2 123 176 125 8
D 174 75 2 167 175 169 8
D 179 85 2 135 155 137 8
D 180 89 2 139 173 153 8
D 181 85 2 135 136 137 29
D 178 87 2 179 180 181 8
D 177 83 2 129 178 156 8
D 183 77 2 123 124 125 176
D 184 73 2 119 120 121 127
D 185 77 2 123 176 125 29
D 186 73 2 119 127 121 8
D 182 75 3 167 183 184 185 186 29
D 116 79 5 117 128 158 161 166 170 174 177 182 8
D 188 65 2 113 106 105 8
D 187 63 2 100 188 114 8
D 190 75 2 167 122 169 8
D 197 97 2 149 148 147 8
D 196 95 2 145 197 150 8
D 195 93 2 151 196 143 8
D 194 91 2 141 195 152 8
D 193 89 2 139 194 153 8
D 192 87 2 134 193 154 8
D 191 83 2 129 192 156 8
D 198 75 2 167 185 169 29
D 189 79 2 190 191 198 8
D 200 61 2 103 102 101 8
D 201 61 2 103 115 101 29
D 199 63 2 200 104 201 8
D 208 95 2 150 146 145 8
D 207 93 2 151 208 143 8
D 206 91 2 141 207 152 8
D 205 89 2 139 206 153 8
D 204 87 2 134 205 154 8
D 203 83 2 129 204 156 8
D 202 79 2 190 203 198 8
D 210 61 2 101 115 103 8
D 211 61 2 101 102 103 29
D 209 63 2 210 104 211 8
L 220 98 49
D 219 97 2 147 220 149 8
D 218 95 2 145 219 150 8
D 217 93 2 151 218 143 8
D 216 91 2 141 217 152 8
D 215 89 2 139 216 153 8
D 214 87 2 134 215 154 8
D 213 83 2 129 214 156 8
D 212 79 2 190 213 198 8
D 223 67 2 112 108 107 8
D 222 65 2 105 223 113 8
D 221 63 2 100 222 114 8
D 226 81 2 130 157 132 8
D 227 87 2 134 180 154 8
D 228 81 2 130 131 132 29
D 225 83 2 226 227 228 8
D 224 79 2 190 225 198 8
D 232 69 2 111 110 109 8
D 231 67 2 107 232 112 8
D 230 65 2 105 231 113 8
D 229 63 2 100 230 114 8
D 235 81 2 132 131 130 8
D 236 81 2 132 157 130 29
D 234 83 2 235 227 236 8
D 233 79 2 190 234 198 8
L 241 70 40
D 240 69 2 109 241 111 8
D 239 67 2 107 240 112 8
D 238 65 2 105 239 113 8
D 237 63 2 100 238 114 8
D 245 85 2 137 136 135 8
D 246 85 2 137 155 135 29
D 244 87 2 245 180 246 8
D 243 83 2 129 244 156 8
D 242 79 2 190 243 198 8
D 250 69 2 111 241 109 8
D 251 69 2 109 241 111 29
D 249 67 2 107 250 112 251
D 252 67 2 107 251 112 29
D 248 65 2 105 249 113 252
D 253 61 2 103 102 101 115
D 254 65 2 105 252 113 29
D 255 61 2 103 115 101 8
D 247 63 3 100 248 253 254 255 29
D 98 71 8 99 116 187 189 199 202 209 212 221 224 229 233 237 242 247 8
L 259 58 24
D 258 57 2 94 259 92 8
D 257 55 2 90 258 95 8
D 256 53 2 85 257 96 8
D 261 79 5 117 203 158 128 166 161 174 170 182 8
D 262 79 2 190 177 198 8
D 264 65 2 105 249 113 29
D 263 63 3 100 264 253 254 255 29
D 260 71 7 99 261 209 189 199 212 221 262 229 224 237 233 263 8
D 267 57 2 94 93 92 8
D 266 55 2 95 267 90 8
D 265 53 2 85 266 96 8
D 269 79 5 117 213 158 203 166 128 174 161 182 8
D 270 79 2 190 170 198 8
D 271 63 3 100 264 200 254 115 29
D 268 71 6 199 189 99 269 221 270 229 262 237 224 271 8
D 273 51 2 86 97 88 8
D 274 55 2 90 267 95 8
D 275 51 2 86 87 88 29
D 272 53 2 273 274 275 8
D 277 79 5 117 191 158 213 166 203 174 128 182 8
D 278 79 2 190 161 198 8
D 279 63 2 100 264 114 29
D 276 71 5 99 277 221 278 229 270 237 262 279 8
D 281 51 2 88 87 86 8
D 282 51 2 88 97 86 29
D 280 53 2 281 274 282 8
D 285 75 3 167 183 159 185 119 29
D 284 79 4 158 191 166 213 174 203 285 8
D 286 79 2 190 128 198 8
D 283 71 5 99 284 229 278 237 270 221 286 279 8
D 289 57 2 94 93 92 259
D 290 57 2 94 259 92 29
D 288 55 2 90 289 95 290
D 291 51 2 88 87 86 97
D 292 55 2 90 290 95 29
D 293 51 2 88 97 86 8
D 287 53 3 85 288 291 292 293 29
D 83 59 6 84 98 256 260 265 268 272 276 280 283 287 8
D 295 41 2 73 72 71 8
D 296 41 2 73 82 71 29
D 294 43 2 295 74 296 8
D 298 53 2 85 274 96 8
D 300 79 5 117 161 158 170 166 177 174 225 182 8
D 303 67 2 112 251 107 241
D 302 65 2 105 303 113 252
D 301 63 3 100 302 253 254 255 29
D 299 71 7 99 300 199 286 209 202 187 212 221 233 229 242 301 8
D 304 53 2 85 292 96 29
D 297 59 2 298 299 304 8
D 306 41 2 71 82 73 8
D 307 41 2 71 72 73 29
D 305 43 2 306 74 307 8
D 310 79 5 117 170 158 177 166 225 174 234 182 8
D 312 65 2 113 252 105 251
D 311 63 3 100 312 253 254 255 29
D 309 71 6 99 310 199 278 209 286 187 202 221 242 311 8
D 308 59 2 298 309 304 8
D 314 45 2 80 76 75 8
D 313 43 2 70 314 81 8
D 317 79 5 117 177 158 225 166 234 174 243 182 8
D 318 63 3 253 254 100 252 255 29
D 316 71 5 99 317 209 278 199 270 187 286 318 8
D 315 59 2 298 316 304 8
L 322 48 29
D 321 47 2 77 322 79 8
D 320 45 2 75 321 80 8
D 319 43 2 70 320 81 8
D 327 77 2 125 176 123 29
D 326 75 3 167 327 184 185 186 29
D 325 79 4 117 225 158 234 166 243 326 8
D 324 71 5 99 325 187 278 209 270 199 262 318 8
D 323 59 2 298 324 304 8
D 330 47 2 79 78 77 8
D 329 45 2 75 330 80 8
D 328 43 2 70 329 81 8
D 335 73 2 121 120 119 127
D 334 75 2 184 185 335 29
D 333 79 3 117 234 158 243 334 8
D 332 71 5 187 270 99 333 209 262 199 224 318 8
D 331 59 2 298 332 304 8
D 338 47 2 79 322 77 8
D 339 47 2 77 322 79 29
D 337 45 2 75 338 80 339
D 340 41 2 73 72 71 82
D 341 45 2 75 339 80 29
D 342 41 2 73 82 71 8
D 336 43 3 70 337 340 341 342 29
D 68 49 7 69 83 294 297 305 308 313 315 319 323 328 331 336 8
D 345 23 2 40 67 42 8
D 344 21 2 38 345 43 8
D 348 31 2 51 62 53 8
D 349 31 2 51 52 53 29
D 347 33 2 348 54 349 8
D 346 29 2 45 347 63 8
D 351 23 2 40 41 42 29
D 350 21 2 38 351 43 29
D 343 25 2 344 346 350 8
D 353 59 6 256 98 265 260 84 299 272 268 280 276 287 8
D 357 75 2 118 185 126 29
D 356 79 2 117 243 357 8
D 355 71 5 187 262 99 356 209 224 199 233 318 8
D 354 59 2 298 355 304 8
D 352 49 7 69 353 294 308 305 315 313 323 319 331 328 354 336 8
D 359 21 2 43 39 38 8
D 360 21 2 43 66 38 29
D 358 25 2 359 346 360 8
D 362 59 6 265 98 272 260 256 299 280 268 84 309 287 8
D 366 65 2 113 252 105 29
D 365 63 3 253 254 100 366 255 29
D 364 71 4 187 224 209 233 199 242 365 8
D 363 59 2 298 364 304 8
D 361 49 7 294 315 69 362 305 323 313 331 319 354 328 363 336 8
D 369 23 2 42 41 40 8
D 368 21 2 38 369 43 8
D 371 23 2 42 67 40 29
D 370 21 2 38 371 43 29
D 367 25 2 368 346 370 8
D 373 59 6 272 98 280 260 265 299 256 309 84 316 287 8
D 376 63 3 210 254 100 366 103 29
D 375 71 3 187 233 209 242 376 8
D 374 59 2 298 375 304 8
D 372 49 7 294 323 69 373 305 331 313 354 319 363 328 374 336 8
D 380 31 2 53 62 51 8
D 381 31 2 53 52 51 29
D 379 33 2 380 54 381 8
D 378 29 2 45 379 63 8
D 377 25 2 37 378 65 8
D 383 59 6 280 98 272 299 265 309 256 316 84 324 287 8
D 386 63 2 100 366 114 29
D 385 71 2 187 242 386 8
D 384 59 2 298 385 304 8
D 382 49 7 294 331 69 383 305 354 313 363 319 374 328 384 336 8
D 389 27 2 48 47 46 8
D 390 27 2 48 64 46 29
D 388 29 2 389 347 390 8
D 387 25 2 37 388 65 8
D 392 59 6 280 299 272 309 265 316 256 324 84 332 287 8
D 394 45 2 80 339 75 79
D 393 43 3 70 394 340 341 342 29
D 391 49 6 294 354 69 392 305 363 313 374 319 384 393 8
D 397 27 2 46 64 48 8
D 398 27 2 46 47 48 29
D 396 29 2 397 347 398 8
D 395 25 2 37 396 65 8
D 400 59 6 280 309 272 316 265 324 256 332 84 355 287 8
D 401 43 3 340 341 70 339 342 29
D 399 49 5 294 363 69 400 305 374 313 384 401 8
D 405 35 2 60 56 55 8
D 404 33 2 348 405 349 8
D 403 29 2 45 404 63 8
D 402 25 2 37 403 65 8
D 407 59 6 280 316 272 324 265 332 256 355 84 364 287 8
D 409 41 2 73 72 71 29
D 408 43 2 409 341 342 29
D 406 49 4 294 374 69 407 305 384 408 8
D 414 37 2 59 58 57 8
D 413 35 2 55 414 60 8
D 412 33 2 348 413 349 8
D 411 29 2 45 412 63 8
D 410 25 2 37 411 65 8
D 416 59 6 280 324 272 332 265 355 256 364 84 375 287 8
D 417 43 2 72 341 82 29
D 415 49 3 294 384 69 416 417 8
L 423 38 20
D 422 37 2 57 423 59 8
D 421 35 2 55 422 60 8
D 420 33 2 348 421 349 8
D 419 29 2 45 420 63 8
D 418 25 2 37 419 65 8
D 425 59 6 280 332 272 355 265 364 256 375 84 385 287 8
D 426 43 2 70 341 81 29
D 424 49 2 69 425 426 8
D 429 23 2 42 41 40 67
D 428 21 2 38 429 43 39
D 433 37 2 57 423 59 29
D 432 35 2 55 433 60 29
D 431 33 2 348 432 349 29
D 430 29 2 45 431 63 29
D 435 27 2 48 47 46 64
D 437 31 2 53 62 51 52
D 439 37 2 57 58 59 423
D 438 35 2 60 433 55 439
D 440 31 2 53 52 51 8
D 436 33 3 437 432 348 438 440 29
D 441 27 2 48 64 46 8
D 434 29 3 435 431 45 436 441 29
D 443 23 2 42 67 40 8
D 442 21 2 38 443 43 66
D 427 25 3 428 430 37 434 442 29
D 35 39 11 36 68 343 352 358 361 367 372 377 382 387 391 395 399 402 406 410 415 418 424 427 8
D 446 3 2 5 34 7 8
D 445 1 2 3 446 9 8
D 449 11 2 17 28 19 8
D 450 11 2 17 18 19 29
D 448 13 2 449 20 450 8
D 447 9 2 11 448 30 8
D 452 3 2 5 6 7 29
D 451 1 2 3 452 9 29
D 444 5 2 445 447 451 8
D 458 57 2 94 93 92 29
D 457 55 2 90 458 95 290
D 456 53 3 85 457 291 292 293 29
D 455 59 5 280 355 272 364 265 375 256 385 456 8
D 454 49 2 69 455 426 8
D 453 39 11 36 352 343 361 358 372 367 382 377 391 387 399 395 406 402 415 410 424 418 454 427 8
D 460 1 2 9 4 3 8
D 461 1 2 9 33 3 29
D 459 5 2 460 447 461 8
D 466 55 2 95 290 90 29
D 465 53 3 85 466 291 292 293 29
D 464 59 4 280 364 272 375 265 385 465 8
D 463 49 2 69 464 426 8
D 462 39 11 36 361 343 372 358 382 367 391 377 399 387 406 395 415 402 424 410 454 418 463 427 8
D 469 3 2 7 6 5 8
D 468 1 2 3 469 9 8
D 471 3 2 7 34 5 29
D 470 1 2 3 471 9 29
D 467 5 2 468 447 470 8
D 476 51 2 86 87 88 97
D 475 53 2 291 292 476 29
D 474 59 3 280 375 272 385 475 8
D 473 49 2 69 474 426 8
D 472 39 11 36 372 343 382 358 391 367 399 377 406 387 415 395 424 402 454 410 463 418 473 427 8
D 480 11 2 19 28 17 8
D 481 11 2 19 18 17 29
D 479 13 2 480 20 481 8
D 478 9 2 11 479 30 8
D 477 5 2 2 478 32 8
D 485 53 2 281 292 282 29
D 484 59 2 280 385 485 8
D 483 49 2 69 484 426 8
D 482 39 11 36 382 343 391 358 399 367 406 377 415 387 424 395 454 402 463 410 473 418 483 427 8
D 488 7 2 14 13 12 8
D 489 7 2 14 31 12 29
D 487 9 2 488 448 489 8
D 486 5 2 2 487 32 8
D 495 37 2 59 423 57 29
D 494 35 2 55 495 60 433
D 493 33 3 348 494 437 432 440 29
D 492 29 3 45 493 435 431 441 29
D 491 25 3 37 492 428 430 442 29
D 490 39 10 36 391 343 399 358 406 367 415 377 424 387 454 395 463 402 473 410 483 491 8
D 498 7 2 12 31 14 8
D 499 7 2 12 13 14 29
D 497 9 2 498 448 499 8
D 496 5 2 2 497 32 8
D 504 35 2 60 433 55 29
D 503 33 3 348 504 437 432 440 29
D 502 29 3 45 503 435 431 441 29
D 501 25 3 37 502 428 430 442 29
D 500 39 9 36 399 343 406 358 415 367 424 377 454 387 463 395 473 402 483 501 8
D 508 15 2 26 22 21 8
D 507 13 2 449 508 450 8
D 506 9 2 11 507 30 8
D 505 5 2 2 506 32 8
D 513 31 2 51 62 53 52
D 512 33 2 437 432 513 29
D 511 29 3 45 512 435 431 441 29
D 510 25 3 37 511 428 430 442 29
D 509 39 8 36 406 343 415 358 424 367 454 377 463 387 473 395 483 510 8
L 519 18 9
D 518 17 2 23 519 25 8
D 517 15 2 21 518 26 8
D 516 13 2 449 517 450 8
D 515 9 2 11 516 30 8
D 514 5 2 2 515 32 8
D 522 29 3 45 512 389 431 64 29
D 521 25 3 37 522 428 430 442 29
D 520 39 7 36 415 343 424 358 454 367 463 377 473 387 483 521 8
D 527 17 2 25 24 23 8
D 526 15 2 21 527 26 8
D 525 13 2 449 526 450 8
D 524 9 2 11 525 30 8
D 523 5 2 2 524 32 8
D 530 29 2 45 512 63 29
D 529 25 3 37 530 428 430 442 29
D 528 39 6 36 424 343 454 358 463 367 473 377 483 529 8
D 535 17 2 23 24 25 519
D 536 17 2 23 519 25 29
D 534 15 2 21 535 26 536
D 537 11 2 19 28 17 18
D 538 15 2 21 536 26 29
D 539 11 2 19 18 17 8
D 533 13 3 449 534 537 538 539 29
D 540 7 2 14 13 12 31
D 541 13 2 449 538 450 29
D 542 7 2 14 31 12 8
D 532 9 3 11 533 540 541 542 29
D 544 3 2 7 6 5 34
D 543 1 2 3 544 9 4
D 545 9 2 11 541 30 29
D 547 3 2 7 34 5 8
D 546 1 2 3 547 9 33
D 531 5 3 2 532 543 545 546 29
D 0 19 11 1 35 444 453 459 462 467 472 477 482 486 490 496 500 505 509 514 520 523 528 531 8
