c ids of sdd nodes start at 0
c sdd nodes appear bottom-up, children before parents
c
c file syntax:
c sdd count-of-sdd-nodes
c F id-of-false-sdd-node
c T id-of-true-sdd-node
c L id-of-literal-sdd-node id-of-vtree literal
c D id-of-decomposition-sdd-node id-of-vtree number-of-elements {id-of-prime id-of-sub}*
c
sdd 552
L 3 0 -3
L 5 2 -4
L 6 4 -2
L 7 2 4
F 8
D 4 3 2 5 6 7 8
L 9 0 3
D 2 1 2 3 4 9 8
L 12 6 -6
L 13 8 -7
L 14 6 6
D 11 7 2 12 13 14 8
L 17 10 -5
L 18 12 1
L 19 10 5
D 16 11 2 17 18 19 8
L 21 14 -8
L 23 16 -10
L 24 18 -9
L 25 16 10
D 22 17 2 23 24 25 8
L 26 14 8
D 20 15 2 21 22 26 8
L 28 12 -1
T 29
D 27 11 2 17 28 19 29
D 15 13 2 16 20 27 8
L 31 8 7
D 30 7 2 12 31 14 29
D 10 9 2 11 15 30 8
L 34 4 2
D 33 3 2 5 34 7 29
D 32 1 2 3 33 9 29
D 1 5 2 2 10 32 8
L 38 20 -13
L 40 22 -14
L 41 24 -12
L 42 22 14
D 39 23 2 40 41 42 8
L 43 20 13
D 37 21 2 38 39 43 8
L 46 26 -16
L 47 28 -17
L 48 26 16
D 45 27 2 46 47 48 8
L 51 30 -15
L 52 32 11
L 53 30 15
D 50 31 2 51 52 53 8
L 55 34 -18
L 57 36 -19
L 58 38 -20
L 59 36 19
D 56 37 2 57 58 59 8
L 60 34 18
D 54 35 2 55 56 60 8
L 62 32 -11
D 61 31 2 51 62 53 29
D 49 33 2 50 54 61 8
L 64 28 17
D 63 27 2 46 64 48 29
D 44 29 2 45 49 63 8
L 67 24 12
D 66 23 2 40 67 42 29
D 65 21 2 38 66 43 29
D 36 25 2 37 44 65 8
L 71 40 -26
L 72 42 -27
L 73 40 26
D 70 41 2 71 72 73 8
L 75 44 -28
L 77 46 -30
L 78 48 -29
L 79 46 30
D 76 47 2 77 78 79 8
L 80 44 28
D 74 45 2 75 76 80 8
L 82 42 27
D 81 41 2 71 82 73 29
D 69 43 2 70 74 81 8
L 86 50 -21
L 87 52 -22
L 88 50 21
D 85 51 2 86 87 88 8
L 90 54 -23
L 92 56 25
L 93 58 -24
L 94 56 -25
D 91 57 2 92 93 94 8
L 95 54 23
D 89 55 2 90 91 95 8
L 97 52 22
D 96 51 2 86 97 88 29
D 84 53 2 85 89 96 8
L 101 60 -33
L 102 62 -32
L 103 60 33
D 100 61 2 101 102 103 8
L 105 64 -31
L 107 66 -38
L 109 68 -39
L 110 70 -40
L 111 68 39
D 108 69 2 109 110 111 8
L 112 66 38
D 106 67 2 107 108 112 8
L 113 64 31
D 104 65 2 105 106 113 8
L 115 62 32
D 114 61 2 101 115 103 29
D 99 63 2 100 104 114 8
L 119 72 34
L 120 74 -35
L 121 72 -34
D 118 73 2 119 120 121 8
L 123 76 -36
L 124 78 -37
L 125 76 36
D 122 77 2 123 124 125 8
L 127 74 35
D 126 73 2 119 127 121 29
D 117 75 2 118 122 126 8
L 130 80 -42
L 131 82 -43
L 132 80 42
D 129 81 2 130 131 132 8
L 135 84 -41
L 136 86 -44
L 137 84 41
D 134 85 2 135 136 137 8
L 139 88 -45
L 141 90 -46
L 143 92 -47
L 145 94 48
L 147 96 -50
L 148 98 -49
L 149 96 50
D 146 97 2 147 148 149 8
L 150 94 -48
D 144 95 2 145 146 150 8
L 151 92 47
D 142 93 2 143 144 151 8
L 152 90 46
D 140 91 2 141 142 152 8
L 153 88 45
D 138 89 2 139 140 153 8
L 155 86 44
D 154 85 2 135 155 137 29
D 133 87 2 134 138 154 8
L 157 82 43
D 156 81 2 130 157 132 29
D 128 83 2 129 133 156 8
D 159 73 2 121 127 119 8
D 160 73 2 121 120 119 29
D 158 75 2 159 122 160 8
D 166 95 2 150 146 145 8
D 165 93 2 151 166 143 8
D 164 91 2 141 165 152 8
D 163 89 2 139 164 153 8
D 162 87 2 134 163 154 8
D 161 83 2 129 162 156 8
D 168 73 2 121 120 119 8
D 169 77 2 125 124 123 8
D 170 73 2 121 127 119 29
D 167 75 2 168 169 170 8
D 175 93 2 143 166 151 8
D 174 91 2 152 175 141 8
D 173 89 2 139 174 153 8
D 172 87 2 134 173 154 8
D 171 83 2 129 172 156 8
L 178 78 37
D 177 77 2 123 178 125 8
D 176 75 2 168 177 170 8
D 182 91 2 141 175 152 8
D 181 89 2 153 182 139 8
D 180 87 2 134 181 154 8
D 179 83 2 129 180 156 8
D 184 77 2 123 124 125 178
D 185 73 2 119 120 121 127
D 186 77 2 123 178 125 29
D 187 73 2 119 127 121 8
D 183 75 3 168 184 185 186 187 29
D 116 79 5 117 128 158 161 167 171 176 179 183 8
D 189 61 2 101 115 103 8
D 190 61 2 101 102 103 29
D 188 63 2 189 104 190 8
D 192 75 2 168 122 170 8
D 199 97 2 149 148 147 8
D 198 95 2 150 199 145 8
D 197 93 2 143 198 151 8
D 196 91 2 141 197 152 8
D 195 89 2 139 196 153 8
D 194 87 2 134 195 154 8
D 193 83 2 129 194 156 8
D 200 75 2 168 186 170 29
D 191 79 2 192 193 200 8
D 202 61 2 103 102 101 8
D 203 61 2 103 115 101 29
D 201 63 2 202 104 203 8
L 212 98 49
D 211 97 2 147 212 149 8
D 210 95 2 150 211 145 8
D 209 93 2 143 210 151 8
D 208 91 2 141 209 152 8
D 207 89 2 139 208 153 8
D 206 87 2 134 207 154 8
D 205 83 2 129 206 156 8
D 204 79 2 192 205 200 8
D 215 67 2 112 108 107 8
D 214 65 2 105 215 113 8
D 213 63 2 100 214 114 8
D 219 85 2 135 155 137 8
D 220 89 2 139 182 153 8
D 221 85 2 135 136 137 29
D 218 87 2 219 220 221 8
D 217 83 2 129 218 156 8
D 216 79 2 192 217 200 8
D 225 69 2 111 110 109 8
D 224 67 2 107 225 112 8
D 223 65 2 105 224 113 8
D 222 63 2 100 223 114 8
D 228 81 2 130 157 132 8
D 229 87 2 134 220 154 8
D 230 81 2 130 131 132 29
D 227 83 2 228 229 230 8
D 226 79 2 192 227 200 8
L 235 70 40
D 234 69 2 109 235 111 8
D 233 67 2 107 234 112 8
D 232 65 2 105 233 113 8
D 231 63 2 100 232 114 8
D 238 81 2 132 131 130 8
D 239 81 2 132 157 130 29
D 237 83 2 238 229 239 8
D 236 79 2 192 237 200 8
D 243 69 2 111 235 109 8
D 244 69 2 109 235 111 29
D 242 67 2 107 243 112 244
D 241 65 2 105 242 113 29
D 245 61 2 103 102 101 115
D 247 67 2 107 244 112 29
D 246 65 2 105 247 113 29
D 248 61 2 103 115 101 8
D 240 63 3 100 241 245 246 248 29
D 98 71 7 99 116 188 191 201 204 213 216 222 226 231 236 240 8
L 252 58 24
D 251 57 2 94 252 92 8
D 250 55 2 90 251 95 8
D 249 53 2 85 250 96 8
D 254 79 5 117 205 158 128 167 161 176 171 183 8
D 255 79 2 192 179 200 8
D 256 63 3 100 241 202 246 115 29
D 253 71 6 201 191 99 254 213 255 222 216 231 226 256 8
D 259 57 2 94 93 92 8
D 258 55 2 95 259 90 8
D 257 53 2 85 258 96 8
D 261 79 5 117 193 158 205 167 128 176 161 183 8
D 262 79 2 192 171 200 8
D 263 63 2 100 241 114 29
D 260 71 5 99 261 213 262 222 255 231 216 263 8
D 265 51 2 86 97 88 8
D 266 55 2 90 259 95 8
D 267 51 2 86 87 88 29
D 264 53 2 265 266 267 8
D 270 75 3 168 184 159 186 119 29
D 269 79 4 158 193 167 205 176 128 270 8
D 271 79 2 192 161 200 8
D 268 71 5 99 269 222 262 231 255 213 271 263 8
D 273 51 2 88 87 86 8
D 274 51 2 88 97 86 29
D 272 53 2 273 266 274 8
D 277 75 2 168 184 170 29
D 276 79 3 167 193 176 205 277 8
D 278 79 2 192 128 200 8
D 275 71 5 231 262 99 276 222 271 213 278 263 8
D 281 57 2 94 93 92 252
D 282 57 2 94 252 92 29
D 280 55 2 90 281 95 282
D 283 51 2 88 87 86 97
D 284 55 2 90 282 95 29
D 285 51 2 88 97 86 8
D 279 53 3 85 280 283 284 285 29
D 83 59 6 84 98 249 253 257 260 264 268 272 275 279 8
D 287 41 2 73 72 71 8
D 288 41 2 73 82 71 29
D 286 43 2 287 74 288 8
D 290 53 2 85 266 96 8
D 292 79 5 117 161 158 171 167 179 176 217 183 8
D 294 65 2 113 106 105 8
D 293 63 2 100 294 114 8
D 298 85 2 137 136 135 8
D 299 85 2 137 155 135 29
D 297 87 2 298 220 299 8
D 296 83 2 129 297 156 8
D 295 79 2 192 296 200 8
D 301 65 2 105 242 113 247
D 300 63 3 100 301 245 246 248 29
D 291 71 8 99 292 293 191 201 278 188 204 213 226 222 236 231 295 300 8
D 302 53 2 85 284 96 29
D 289 59 2 290 291 302 8
D 304 41 2 71 82 73 8
D 305 41 2 71 72 73 29
D 303 43 2 304 74 305 8
D 308 79 5 117 171 158 179 167 217 176 227 183 8
D 311 67 2 112 244 107 235
D 310 65 2 105 311 113 247
D 309 63 3 100 310 245 246 248 29
D 307 71 7 99 308 201 271 188 278 293 204 213 236 222 295 309 8
D 306 59 2 290 307 302 8
D 313 45 2 80 76 75 8
D 312 43 2 70 313 81 8
D 316 79 5 117 179 158 217 167 227 176 237 183 8
D 318 65 2 113 247 105 244
D 317 63 3 100 318 245 246 248 29
D 315 71 6 99 316 201 262 188 271 293 278 213 295 317 8
D 314 59 2 290 315 302 8
L 322 48 29
D 321 47 2 77 322 79 8
D 320 45 2 75 321 80 8
D 319 43 2 70 320 81 8
D 325 79 5 117 217 158 227 167 237 176 296 183 8
D 326 63 3 245 246 100 247 248 29
D 324 71 5 99 325 188 262 201 255 293 271 326 8
D 323 59 2 290 324 302 8
D 329 47 2 79 78 77 8
D 328 45 2 75 329 80 8
D 327 43 2 70 328 81 8
D 334 77 2 125 178 123 29
D 333 75 3 168 334 185 186 187 29
D 332 79 4 117 227 158 237 167 296 333 8
D 331 71 5 99 332 293 262 188 255 201 216 326 8
D 330 59 2 290 331 302 8
D 337 47 2 79 322 77 8
D 338 47 2 77 322 79 29
D 336 45 2 75 337 80 338
D 339 41 2 73 72 71 82
D 340 45 2 75 338 80 29
D 341 41 2 73 82 71 8
D 335 43 3 70 336 339 340 341 29
D 68 49 7 69 83 286 289 303 306 312 314 319 323 327 330 335 8
D 344 23 2 40 67 42 8
D 343 21 2 38 344 43 8
D 347 31 2 51 62 53 8
D 348 31 2 51 52 53 29
D 346 33 2 347 54 348 8
D 345 29 2 45 346 63 8
D 350 23 2 40 41 42 29
D 349 21 2 38 350 43 29
D 342 25 2 343 345 349 8
D 352 59 6 84 291 249 98 257 253 264 260 272 268 279 8
D 357 73 2 121 120 119 127
D 356 75 2 185 186 357 29
D 355 79 3 117 237 158 296 356 8
D 354 71 5 293 255 99 355 188 216 201 226 326 8
D 353 59 2 290 354 302 8
D 351 49 7 69 352 286 306 303 314 312 323 319 330 327 353 335 8
D 359 21 2 43 39 38 8
D 360 21 2 43 66 38 29
D 358 25 2 359 345 360 8
D 362 59 6 249 291 257 98 84 307 264 253 272 260 279 8
D 366 75 2 118 186 126 29
D 365 79 2 117 296 366 8
D 364 71 5 293 216 99 365 188 226 201 236 326 8
D 363 59 2 290 364 302 8
D 361 49 7 69 362 286 314 303 323 312 330 319 353 327 363 335 8
D 369 23 2 42 41 40 8
D 368 21 2 38 369 43 8
D 371 23 2 42 67 40 29
D 370 21 2 38 371 43 29
D 367 25 2 368 345 370 8
D 373 59 6 257 291 264 98 249 307 272 253 84 315 279 8
D 377 65 2 113 247 105 29
D 376 63 3 245 246 100 377 248 29
D 375 71 4 293 226 188 236 201 295 376 8
D 374 59 2 290 375 302 8
D 372 49 7 286 323 69 373 303 330 312 353 319 363 327 374 335 8
D 381 31 2 53 62 51 8
D 382 31 2 53 52 51 29
D 380 33 2 381 54 382 8
D 379 29 2 45 380 63 8
D 378 25 2 37 379 65 8
D 384 59 6 264 291 272 98 257 307 249 315 84 324 279 8
D 387 63 3 189 246 100 377 103 29
D 386 71 3 293 236 188 295 387 8
D 385 59 2 290 386 302 8
D 383 49 7 286 330 69 384 303 353 312 363 319 374 327 385 335 8
D 390 27 2 48 47 46 8
D 391 27 2 48 64 46 29
D 389 29 2 390 346 391 8
D 388 25 2 37 389 65 8
D 393 59 6 272 291 264 307 257 315 249 324 84 331 279 8
D 396 63 2 100 377 114 29
D 395 71 2 293 295 396 8
D 394 59 2 290 395 302 8
D 392 49 7 286 353 69 393 303 363 312 374 319 385 327 394 335 8
D 399 27 2 46 64 48 8
D 400 27 2 46 47 48 29
D 398 29 2 399 346 400 8
D 397 25 2 37 398 65 8
D 402 59 6 272 307 264 315 257 324 249 331 84 354 279 8
D 404 45 2 80 338 75 79
D 403 43 3 70 404 339 340 341 29
D 401 49 6 286 363 69 402 303 374 312 385 319 394 403 8
D 408 35 2 60 56 55 8
D 407 33 2 347 408 348 8
D 406 29 2 45 407 63 8
D 405 25 2 37 406 65 8
D 410 59 6 272 315 264 324 257 331 249 354 84 364 279 8
D 411 43 3 339 340 70 338 341 29
D 409 49 5 286 374 69 410 303 385 312 394 411 8
D 416 37 2 59 58 57 8
D 415 35 2 55 416 60 8
D 414 33 2 347 415 348 8
D 413 29 2 45 414 63 8
D 412 25 2 37 413 65 8
D 418 59 6 272 324 264 331 257 354 249 364 84 375 279 8
D 420 41 2 73 72 71 29
D 419 43 2 420 340 341 29
D 417 49 4 286 385 69 418 303 394 419 8
L 426 38 20
D 425 37 2 57 426 59 8
D 424 35 2 55 425 60 8
D 423 33 2 347 424 348 8
D 422 29 2 45 423 63 8
D 421 25 2 37 422 65 8
D 428 59 6 272 331 264 354 257 364 249 375 84 386 279 8
D 429 43 2 72 340 82 29
D 427 49 3 286 394 69 428 429 8
D 432 23 2 42 41 40 67
D 431 21 2 38 432 43 39
D 436 37 2 57 426 59 29
D 435 35 2 55 436 60 29
D 434 33 2 347 435 348 29
D 433 29 2 45 434 63 29
D 438 27 2 48 47 46 64
D 440 31 2 53 62 51 52
D 442 37 2 57 58 59 426
D 441 35 2 60 436 55 442
D 443 31 2 53 52 51 8
D 439 33 3 440 435 347 441 443 29
D 444 27 2 48 64 46 8
D 437 29 3 438 434 45 439 444 29
D 446 23 2 42 67 40 8
D 445 21 2 38 446 43 66
D 430 25 3 431 433 37 437 445 29
D 35 39 11 36 68 342 351 358 361 367 372 378 383 388 392 397 401 405 409 412 417 421 427 430 8
D 449 3 2 5 34 7 8
D 448 1 2 3 449 9 8
D 452 11 2 17 28 19 8
D 453 11 2 17 18 19 29
D 451 13 2 452 20 453 8
D 450 9 2 11 451 30 8
D 455 3 2 5 6 7 29
D 454 1 2 3 455 9 29
D 447 5 2 448 450 454 8
D 458 59 6 272 354 264 364 257 375 249 386 84 395 279 8
D 459 43 2 70 340 81 29
D 457 49 2 69 458 459 8
D 456 39 11 36 351 342 361 358 372 367 383 378 392 388 401 397 409 405 417 412 427 421 457 430 8
D 461 1 2 9 4 3 8
D 462 1 2 9 33 3 29
D 460 5 2 461 450 462 8
D 468 57 2 94 93 92 29
D 467 55 2 90 468 95 282
D 466 53 3 85 467 283 284 285 29
D 465 59 5 272 364 264 375 257 386 249 395 466 8
D 464 49 2 69 465 459 8
D 463 39 11 36 361 342 372 358 383 367 392 378 401 388 409 397 417 405 427 412 457 421 464 430 8
D 471 3 2 7 6 5 8
D 470 1 2 3 471 9 8
D 473 3 2 7 34 5 29
D 472 1 2 3 473 9 29
D 469 5 2 470 450 472 8
D 478 55 2 95 282 90 29
D 477 53 3 85 478 283 284 285 29
D 476 59 4 272 375 264 386 257 395 477 8
D 475 49 2 69 476 459 8
D 474 39 11 36 372 342 383 358 392 367 401 378 409 388 417 397 427 405 457 412 464 421 475 430 8
D 482 11 2 19 28 17 8
D 483 11 2 19 18 17 29
D 481 13 2 482 20 483 8
D 480 9 2 11 481 30 8
D 479 5 2 2 480 32 8
D 488 51 2 86 87 88 97
D 487 53 2 283 284 488 29
D 486 59 3 272 386 264 395 487 8
D 485 49 2 69 486 459 8
D 484 39 11 36 383 342 392 358 401 367 409 378 417 388 427 397 457 405 464 412 475 421 485 430 8
D 491 7 2 14 13 12 8
D 492 7 2 14 31 12 29
D 490 9 2 491 451 492 8
D 489 5 2 2 490 32 8
D 496 53 2 273 284 274 29
D 495 59 2 272 395 496 8
D 494 49 2 69 495 459 8
D 493 39 11 36 392 342 401 358 409 367 417 378 427 388 457 397 464 405 475 412 485 421 494 430 8
D 499 7 2 12 31 14 8
D 500 7 2 12 13 14 29
D 498 9 2 499 451 500 8
D 497 5 2 2 498 32 8
D 506 37 2 59 426 57 29
D 505 35 2 55 506 60 436
D 504 33 3 347 505 440 435 443 29
D 503 29 3 45 504 438 434 444 29
D 502 25 3 37 503 431 433 445 29
D 501 39 10 36 401 342 409 358 417 367 427 378 457 388 464 397 475 405 485 412 494 502 8
D 510 15 2 26 22 21 8
D 509 13 2 452 510 453 8
D 508 9 2 11 509 30 8
D 507 5 2 2 508 32 8
D 515 35 2 60 436 55 29
D 514 33 3 347 515 440 435 443 29
D 513 29 3 45 514 438 434 444 29
D 512 25 3 37 513 431 433 445 29
D 511 39 9 36 409 342 417 358 427 367 457 378 464 388 475 397 485 405 494 512 8
L 521 18 9
D 520 17 2 23 521 25 8
D 519 15 2 21 520 26 8
D 518 13 2 452 519 453 8
D 517 9 2 11 518 30 8
D 516 5 2 2 517 32 8
D 526 31 2 51 62 53 52
D 525 33 2 440 435 526 29
D 524 29 3 45 525 438 434 444 29
D 523 25 3 37 524 431 433 445 29
D 522 39 8 36 417 342 427 358 457 367 464 378 475 388 485 397 494 523 8
D 531 17 2 25 24 23 8
D 530 15 2 21 531 26 8
D 529 13 2 452 530 453 8
D 528 9 2 11 529 30 8
D 527 5 2 2 528 32 8
D 534 29 3 45 525 390 434 64 29
D 533 25 3 37 534 431 433 445 29
D 532 39 7 36 427 342 457 358 464 367 475 378 485 388 494 533 8
D 539 17 2 23 24 25 521
D 540 17 2 23 521 25 29
D 538 15 2 21 539 26 540
D 541 11 2 19 28 17 18
D 542 15 2 21 540 26 29
D 543 11 2 19 18 17 8
D 537 13 3 452 538 541 542 543 29
D 544 7 2 14 13 12 31
D 545 13 2 452 542 453 29
D 546 7 2 14 31 12 8
D 536 9 3 11 537 544 545 546 29
D 548 3 2 7 6 5 34
D 547 1 2 3 548 9 4
D 549 9 2 11 545 30 29
D 551 3 2 7 34 5 8
D 550 1 2 3 551 9 33
D 535 5 3 2 536 547 549 550 29
D 0 19 11 1 35 447 456 460 463 469 474 479 484 489 493 497 501 507 511 516 522 527 532 535 8
