c ids of sdd nodes start at 0
c sdd nodes appear bottom-up, children before parents
c
c file syntax:
c sdd count-of-sdd-nodes
c F id-of-false-sdd-node
c T id-of-true-sdd-node
c L id-of-literal-sdd-node id-of-vtree literal
c D id-of-decomposition-sdd-node id-of-vtree number-of-elements {id-of-prime id-of-sub}*
c
sdd 557
L 3 0 -3
L 5 2 -4
L 6 4 -2
L 7 2 4
F 8
D 4 3 2 5 6 7 8
L 9 0 3
D 2 1 2 3 4 9 8
L 12 6 -6
L 13 8 -7
L 14 6 6
D 11 7 2 12 13 14 8
L 17 10 -5
L 18 12 1
L 19 10 5
D 16 11 2 17 18 19 8
L 21 14 -8
L 23 16 -10
L 24 18 -9
L 25 16 10
D 22 17 2 23 24 25 8
L 26 14 8
D 20 15 2 21 22 26 8
L 28 12 -1
T 29
D 27 11 2 17 28 19 29
D 15 13 2 16 20 27 8
L 31 8 7
D 30 7 2 12 31 14 29
D 10 9 2 11 15 30 8
L 34 4 2
D 33 3 2 5 34 7 29
D 32 1 2 3 33 9 29
D 1 5 2 2 10 32 8
L 38 20 -13
L 40 22 -14
L 41 24 -12
L 42 22 14
D 39 23 2 40 41 42 8
L 43 20 13
D 37 21 2 38 39 43 8
L 46 26 -16
L 47 28 -17
L 48 26 16
D 45 27 2 46 47 48 8
L 51 30 -15
L 52 32 11
L 53 30 15
D 50 31 2 51 52 53 8
L 55 34 -18
L 57 36 -19
L 58 38 -20
L 59 36 19
D 56 37 2 57 58 59 8
L 60 34 18
D 54 35 2 55 56 60 8
L 62 32 -11
D 61 31 2 51 62 53 29
D 49 33 2 50 54 61 8
L 64 28 17
D 63 27 2 46 64 48 29
D 44 29 2 45 49 63 8
L 67 24 12
D 66 23 2 40 67 42 29
D 65 21 2 38 66 43 29
D 36 25 2 37 44 65 8
L 71 40 -26
L 72 42 -27
L 73 40 26
D 70 41 2 71 72 73 8
L 75 44 -28
L 77 46 -30
L 78 48 -29
L 79 46 30
D 76 47 2 77 78 79 8
L 80 44 28
D 74 45 2 75 76 80 8
L 82 42 27
D 81 41 2 71 82 73 29
D 69 43 2 70 74 81 8
L 86 50 -21
L 87 52 -22
L 88 50 21
D 85 51 2 86 87 88 8
L 90 54 -23
L 92 56 25
L 93 58 -24
L 94 56 -25
D 91 57 2 92 93 94 8
L 95 54 23
D 89 55 2 90 91 95 8
L 97 52 22
D 96 51 2 86 97 88 29
D 84 53 2 85 89 96 8
L 101 60 33
L 102 62 -32
L 103 60 -33
D 100 61 2 101 102 103 8
L 105 64 -31
L 107 66 -38
L 109 68 -39
L 110 70 -40
L 111 68 39
D 108 69 2 109 110 111 8
L 112 66 38
D 106 67 2 107 108 112 8
L 113 64 31
D 104 65 2 105 106 113 8
L 115 62 32
D 114 61 2 101 115 103 29
D 99 63 2 100 104 114 8
L 119 72 -34
L 120 74 -35
L 121 72 34
D 118 73 2 119 120 121 8
L 123 76 -36
L 124 78 -37
L 125 76 36
D 122 77 2 123 124 125 8
L 127 74 35
D 126 73 2 119 127 121 29
D 117 75 2 118 122 126 8
L 130 80 -42
L 131 82 -43
L 132 80 42
D 129 81 2 130 131 132 8
L 135 84 -41
L 136 86 -44
L 137 84 41
D 134 85 2 135 136 137 8
L 139 88 -45
L 141 90 -46
L 143 92 -47
L 145 94 -48
L 147 96 50
L 148 98 -49
L 149 96 -50
D 146 97 2 147 148 149 8
L 150 94 48
D 144 95 2 145 146 150 8
L 151 92 47
D 142 93 2 143 144 151 8
L 152 90 46
D 140 91 2 141 142 152 8
L 153 88 45
D 138 89 2 139 140 153 8
L 155 86 44
D 154 85 2 135 155 137 29
D 133 87 2 134 138 154 8
L 157 82 43
D 156 81 2 130 157 132 29
D 128 83 2 129 133 156 8
L 160 78 37
D 159 77 2 123 160 125 29
D 158 75 2 118 159 126 29
D 116 79 2 117 128 158 8
D 162 61 2 103 102 101 8
D 163 61 2 103 115 101 29
D 161 63 2 162 104 163 8
D 166 73 2 121 120 119 8
D 167 73 2 121 127 119 29
D 165 75 2 166 122 167 8
L 175 98 49
D 174 97 2 149 175 147 8
D 173 95 2 145 174 150 8
D 172 93 2 143 173 151 8
D 171 91 2 141 172 152 8
D 170 89 2 139 171 153 8
D 169 87 2 134 170 154 8
D 168 83 2 129 169 156 8
D 177 73 2 119 127 121 8
D 178 73 2 119 120 121 29
D 176 75 2 177 122 178 8
D 185 97 2 149 148 147 8
D 184 95 2 150 185 145 8
D 183 93 2 143 184 151 8
D 182 91 2 141 183 152 8
D 181 89 2 139 182 153 8
D 180 87 2 134 181 154 8
D 179 83 2 129 180 156 8
D 187 77 2 125 124 123 8
D 186 75 2 118 187 126 8
D 193 95 2 145 185 150 8
D 192 93 2 151 193 143 8
D 191 91 2 141 192 152 8
D 190 89 2 139 191 153 8
D 189 87 2 134 190 154 8
D 188 83 2 129 189 156 8
D 195 77 2 123 160 125 8
D 194 75 2 118 195 126 8
D 200 93 2 143 193 151 8
D 199 91 2 152 200 141 8
D 198 89 2 139 199 153 8
D 197 87 2 134 198 154 8
D 196 83 2 129 197 156 8
D 202 77 2 123 124 125 160
D 203 73 2 121 120 119 127
D 204 73 2 121 127 119 8
D 201 75 3 118 202 203 159 204 29
D 164 79 5 165 168 176 179 186 188 194 196 201 8
D 207 67 2 112 108 107 8
D 206 65 2 105 207 113 8
D 205 63 2 162 206 163 8
D 212 91 2 141 200 152 8
D 211 89 2 153 212 139 8
D 210 87 2 134 211 154 8
D 209 83 2 129 210 156 8
D 208 79 2 117 209 158 8
D 216 69 2 111 110 109 8
D 215 67 2 107 216 112 8
D 214 65 2 105 215 113 8
D 213 63 2 162 214 163 8
D 220 85 2 135 155 137 8
D 221 89 2 139 212 153 8
D 222 85 2 135 136 137 29
D 219 87 2 220 221 222 8
D 218 83 2 129 219 156 8
D 217 79 2 117 218 158 8
L 227 70 40
D 226 69 2 109 227 111 8
D 225 67 2 107 226 112 8
D 224 65 2 105 225 113 8
D 223 63 2 162 224 163 8
D 230 81 2 130 157 132 8
D 231 87 2 134 221 154 8
D 232 81 2 130 131 132 29
D 229 83 2 230 231 232 8
D 228 79 2 117 229 158 8
D 236 69 2 111 227 109 8
D 237 69 2 109 227 111 29
D 235 67 2 107 236 112 237
D 234 65 2 105 235 113 29
D 239 67 2 107 237 112 29
D 238 65 2 105 239 113 29
D 233 63 3 162 234 100 238 115 29
D 98 71 6 99 116 161 164 205 208 213 217 223 228 233 8
L 243 58 24
D 242 57 2 94 243 92 8
D 241 55 2 90 242 95 8
D 240 53 2 85 241 96 8
D 245 79 5 165 128 176 168 186 179 194 188 201 8
D 246 79 2 117 196 158 8
D 247 63 2 162 234 163 29
D 244 71 5 161 245 205 246 213 208 223 217 247 8
D 250 57 2 94 93 92 8
D 249 55 2 95 250 90 8
D 248 53 2 85 249 96 8
D 253 75 3 118 202 177 159 121 29
D 252 79 4 176 128 186 168 194 179 253 8
D 254 79 2 117 188 158 8
D 251 71 5 161 252 213 246 223 208 205 254 247 8
D 256 51 2 86 97 88 8
D 257 55 2 90 250 95 8
D 258 51 2 86 87 88 29
D 255 53 2 256 257 258 8
D 261 75 2 118 202 126 29
D 260 79 3 186 128 194 168 261 8
D 262 79 2 117 179 158 8
D 259 71 5 223 246 161 260 213 254 205 262 247 8
D 264 51 2 88 87 86 8
D 265 51 2 88 97 86 29
D 263 53 2 264 257 265 8
D 267 79 2 117 168 158 8
D 270 77 2 123 124 125 29
D 269 75 2 118 270 126 29
D 268 79 2 194 128 269 8
D 266 71 5 223 254 213 262 205 267 161 268 247 8
D 273 57 2 94 93 92 243
D 274 57 2 94 243 92 29
D 272 55 2 90 273 95 274
D 275 51 2 88 87 86 97
D 276 55 2 90 274 95 29
D 277 51 2 88 97 86 8
D 271 53 3 85 272 275 276 277 29
D 83 59 6 84 98 240 244 248 251 255 259 263 266 271 8
D 279 41 2 71 82 73 8
D 280 41 2 71 72 73 29
D 278 43 2 279 74 280 8
D 282 53 2 85 257 96 8
D 284 79 5 165 188 176 196 186 209 194 218 201 8
D 286 65 2 113 106 105 8
D 285 63 2 162 286 163 8
D 288 61 2 103 115 101 8
D 289 61 2 103 102 101 29
D 287 63 2 288 104 289 8
D 292 81 2 132 131 130 8
D 293 81 2 132 157 130 29
D 291 83 2 292 231 293 8
D 290 79 2 117 291 158 8
D 297 85 2 137 136 135 8
D 298 85 2 137 155 135 29
D 296 87 2 297 221 298 8
D 295 83 2 129 296 156 8
D 294 79 2 117 295 158 8
D 300 65 2 105 235 113 239
D 301 61 2 101 102 103 115
D 302 61 2 101 115 103 8
D 299 63 3 162 300 301 238 302 29
D 283 71 8 161 284 285 116 99 262 287 267 205 228 213 290 223 294 299 8
D 303 53 2 85 276 96 29
D 281 59 2 282 283 303 8
D 305 45 2 80 76 75 8
D 304 43 2 70 305 81 8
D 308 79 5 165 196 176 209 186 218 194 229 201 8
D 311 67 2 112 237 107 227
D 310 65 2 105 311 113 239
D 309 63 3 162 310 301 238 302 29
D 307 71 7 161 308 99 254 287 262 285 267 205 290 213 294 309 8
D 306 59 2 282 307 303 8
L 315 48 29
D 314 47 2 77 315 79 8
D 313 45 2 75 314 80 8
D 312 43 2 70 313 81 8
D 318 79 5 165 209 176 218 186 229 194 291 201 8
D 320 65 2 113 239 105 237
D 319 63 3 162 320 301 238 302 29
D 317 71 6 161 318 99 246 287 254 285 262 205 294 319 8
D 316 59 2 282 317 303 8
D 323 47 2 79 78 77 8
D 322 45 2 75 323 80 8
D 321 43 2 70 322 81 8
D 326 79 5 165 218 176 229 186 291 194 295 201 8
D 327 63 3 301 238 162 239 302 29
D 325 71 5 161 326 287 246 99 208 285 254 327 8
D 324 59 2 282 325 303 8
D 329 41 2 73 72 71 8
D 330 41 2 73 82 71 29
D 328 43 2 329 74 330 8
D 333 79 5 165 179 176 188 186 196 194 209 201 8
D 334 63 3 162 234 301 238 302 29
D 332 71 7 161 333 287 116 99 267 205 217 213 228 223 290 334 8
D 331 59 2 282 332 303 8
D 337 47 2 79 315 77 8
D 338 47 2 77 315 79 29
D 336 45 2 75 337 80 338
D 339 41 2 73 72 71 82
D 340 45 2 75 338 80 29
D 341 41 2 73 82 71 8
D 335 43 3 70 336 339 340 341 29
D 68 49 7 69 83 278 281 304 306 312 316 321 324 328 331 335 8
D 344 23 2 40 67 42 8
D 343 21 2 38 344 43 8
D 347 31 2 51 62 53 8
D 348 31 2 51 52 53 29
D 346 33 2 347 54 348 8
D 345 29 2 45 346 63 8
D 350 23 2 40 41 42 29
D 349 21 2 38 350 43 29
D 342 25 2 343 345 349 8
D 352 59 6 84 332 240 98 248 244 255 251 263 259 271 8
D 357 77 2 125 160 123 29
D 356 75 3 118 357 203 159 204 29
D 355 79 4 165 229 176 291 186 295 356 8
D 354 71 5 161 355 285 246 287 208 99 217 327 8
D 353 59 2 282 354 303 8
D 351 49 7 69 352 328 281 278 306 304 316 312 324 321 353 335 8
D 359 21 2 43 39 38 8
D 360 21 2 43 66 38 29
D 358 25 2 359 345 360 8
D 362 59 6 84 283 240 332 248 98 255 244 263 251 271 8
D 367 73 2 119 120 121 127
D 366 75 2 203 159 367 29
D 365 79 3 165 291 176 295 366 8
D 364 71 5 285 208 161 365 287 217 99 228 327 8
D 363 59 2 282 364 303 8
D 361 49 7 69 362 328 306 278 316 304 324 312 353 321 363 335 8
D 370 23 2 42 41 40 8
D 369 21 2 38 370 43 8
D 372 23 2 42 67 40 29
D 371 21 2 38 372 43 29
D 368 25 2 369 345 371 8
D 374 59 6 240 283 248 332 84 307 255 98 263 244 271 8
D 378 75 2 166 159 167 29
D 377 79 2 165 295 378 8
D 376 71 5 285 217 161 377 287 228 99 290 327 8
D 375 59 2 282 376 303 8
D 373 49 7 69 374 328 316 278 324 304 353 312 363 321 375 335 8
D 382 31 2 53 62 51 8
D 383 31 2 53 52 51 29
D 381 33 2 382 54 383 8
D 380 29 2 45 381 63 8
D 379 25 2 37 380 65 8
D 385 59 6 248 283 255 332 240 307 263 98 84 317 271 8
D 389 65 2 113 239 105 29
D 388 63 3 301 238 162 389 302 29
D 387 71 4 285 228 287 290 99 294 388 8
D 386 59 2 282 387 303 8
D 384 49 7 328 324 69 385 278 353 304 363 312 375 321 386 335 8
D 392 27 2 48 47 46 8
D 393 27 2 48 64 46 29
D 391 29 2 392 346 393 8
D 390 25 2 37 391 65 8
D 395 59 6 255 283 263 332 248 307 240 317 84 325 271 8
D 398 63 3 288 238 162 389 101 29
D 397 71 3 285 290 287 294 398 8
D 396 59 2 282 397 303 8
D 394 49 7 328 353 69 395 278 363 304 375 312 386 321 396 335 8
D 401 27 2 46 64 48 8
D 402 27 2 46 47 48 29
D 400 29 2 401 346 402 8
D 399 25 2 37 400 65 8
D 404 59 6 263 283 255 307 248 317 240 325 84 354 271 8
D 407 63 2 162 389 163 29
D 406 71 2 285 294 407 8
D 405 59 2 282 406 303 8
D 403 49 7 328 363 69 404 278 375 304 386 312 396 321 405 335 8
D 411 35 2 60 56 55 8
D 410 33 2 347 411 348 8
D 409 29 2 45 410 63 8
D 408 25 2 37 409 65 8
D 413 59 6 263 307 255 317 248 325 240 354 84 364 271 8
D 415 45 2 80 338 75 79
D 414 43 3 70 415 339 340 341 29
D 412 49 6 328 375 69 413 278 386 304 396 312 405 414 8
D 420 37 2 59 58 57 8
D 419 35 2 55 420 60 8
D 418 33 2 347 419 348 8
D 417 29 2 45 418 63 8
D 416 25 2 37 417 65 8
D 422 59 6 263 317 255 325 248 354 240 364 84 376 271 8
D 423 43 3 339 340 70 338 341 29
D 421 49 5 328 386 69 422 278 396 304 405 423 8
L 429 38 20
D 428 37 2 57 429 59 8
D 427 35 2 55 428 60 8
D 426 33 2 347 427 348 8
D 425 29 2 45 426 63 8
D 424 25 2 37 425 65 8
D 431 59 6 263 325 255 354 248 364 240 376 84 387 271 8
D 433 41 2 73 72 71 29
D 432 43 2 433 340 341 29
D 430 49 4 328 396 69 431 278 405 432 8
D 436 23 2 42 41 40 67
D 435 21 2 38 436 43 39
D 440 37 2 57 429 59 29
D 439 35 2 55 440 60 29
D 438 33 2 347 439 348 29
D 437 29 2 45 438 63 29
D 442 27 2 48 47 46 64
D 444 31 2 53 62 51 52
D 446 37 2 57 58 59 429
D 445 35 2 60 440 55 446
D 447 31 2 53 52 51 8
D 443 33 3 444 439 347 445 447 29
D 448 27 2 48 64 46 8
D 441 29 3 442 438 45 443 448 29
D 450 23 2 42 67 40 8
D 449 21 2 38 450 43 66
D 434 25 3 435 437 37 441 449 29
D 35 39 11 36 68 342 351 358 361 368 373 379 384 390 394 399 403 408 412 416 421 424 430 434 8
D 453 3 2 5 34 7 8
D 452 1 2 3 453 9 8
D 456 11 2 17 28 19 8
D 457 11 2 17 18 19 29
D 455 13 2 456 20 457 8
D 454 9 2 11 455 30 8
D 459 3 2 5 6 7 29
D 458 1 2 3 459 9 29
D 451 5 2 452 454 458 8
D 462 59 6 263 354 255 364 248 376 240 387 84 397 271 8
D 463 43 2 72 340 82 29
D 461 49 3 328 405 69 462 463 8
D 460 39 11 36 351 342 361 358 373 368 384 379 394 390 403 399 412 408 421 416 430 424 461 434 8
D 465 1 2 9 4 3 8
D 466 1 2 9 33 3 29
D 464 5 2 465 454 466 8
D 469 59 6 263 364 255 376 248 387 240 397 84 406 271 8
D 470 43 2 70 340 81 29
D 468 49 2 69 469 470 8
D 467 39 11 36 361 342 373 358 384 368 394 379 403 390 412 399 421 408 430 416 461 424 468 434 8
D 473 3 2 7 6 5 8
D 472 1 2 3 473 9 8
D 475 3 2 7 34 5 29
D 474 1 2 3 475 9 29
D 471 5 2 472 454 474 8
D 481 57 2 94 93 92 29
D 480 55 2 90 481 95 274
D 479 53 3 85 480 275 276 277 29
D 478 59 5 263 376 255 387 248 397 240 406 479 8
D 477 49 2 69 478 470 8
D 476 39 11 36 373 342 384 358 394 368 403 379 412 390 421 399 430 408 461 416 468 424 477 434 8
D 485 11 2 19 28 17 8
D 486 11 2 19 18 17 29
D 484 13 2 485 20 486 8
D 483 9 2 11 484 30 8
D 482 5 2 2 483 32 8
D 491 55 2 95 274 90 29
D 490 53 3 85 491 275 276 277 29
D 489 59 4 263 387 255 397 248 406 490 8
D 488 49 2 69 489 470 8
D 487 39 11 36 384 342 394 358 403 368 412 379 421 390 430 399 461 408 468 416 477 424 488 434 8
D 494 7 2 14 13 12 8
D 495 7 2 14 31 12 29
D 493 9 2 494 455 495 8
D 492 5 2 2 493 32 8
D 500 51 2 86 87 88 97
D 499 53 2 275 276 500 29
D 498 59 3 263 397 255 406 499 8
D 497 49 2 69 498 470 8
D 496 39 11 36 394 342 403 358 412 368 421 379 430 390 461 399 468 408 477 416 488 424 497 434 8
D 503 7 2 12 31 14 8
D 504 7 2 12 13 14 29
D 502 9 2 503 455 504 8
D 501 5 2 2 502 32 8
D 508 53 2 264 276 265 29
D 507 59 2 263 406 508 8
D 506 49 2 69 507 470 8
D 505 39 11 36 403 342 412 358 421 368 430 379 461 390 468 399 477 408 488 416 497 424 506 434 8
D 512 15 2 26 22 21 8
D 511 13 2 456 512 457 8
D 510 9 2 11 511 30 8
D 509 5 2 2 510 32 8
D 518 37 2 59 429 57 29
D 517 35 2 55 518 60 440
D 516 33 3 347 517 444 439 447 29
D 515 29 3 45 516 442 438 448 29
D 514 25 3 37 515 435 437 449 29
D 513 39 10 36 412 342 421 358 430 368 461 379 468 390 477 399 488 408 497 416 506 514 8
L 524 18 9
D 523 17 2 23 524 25 8
D 522 15 2 21 523 26 8
D 521 13 2 456 522 457 8
D 520 9 2 11 521 30 8
D 519 5 2 2 520 32 8
D 529 35 2 60 440 55 29
D 528 33 3 347 529 444 439 447 29
D 527 29 3 45 528 442 438 448 29
D 526 25 3 37 527 435 437 449 29
D 525 39 9 36 421 342 430 358 461 368 468 379 477 390 488 399 497 408 506 526 8
D 534 17 2 25 24 23 8
D 533 15 2 21 534 26 8
D 532 13 2 456 533 457 8
D 531 9 2 11 532 30 8
D 530 5 2 2 531 32 8
D 539 31 2 51 62 53 52
D 538 33 2 444 439 539 29
D 537 29 3 45 538 442 438 448 29
D 536 25 3 37 537 435 437 449 29
D 535 39 8 36 430 342 461 358 468 368 477 379 488 390 497 399 506 536 8
D 544 17 2 23 24 25 524
D 545 17 2 23 524 25 29
D 543 15 2 21 544 26 545
D 546 11 2 19 28 17 18
D 547 15 2 21 545 26 29
D 548 11 2 19 18 17 8
D 542 13 3 456 543 546 547 548 29
D 549 7 2 14 13 12 31
D 550 13 2 456 547 457 29
D 551 7 2 14 31 12 8
D 541 9 3 11 542 549 550 551 29
D 553 3 2 7 6 5 34
D 552 1 2 3 553 9 4
D 554 9 2 11 550 30 29
D 556 3 2 7 34 5 8
D 555 1 2 3 556 9 33
D 540 5 3 2 541 552 554 555 29
D 0 19 11 1 35 451 460 464 467 471 476 482 487 492 496 501 505 509 513 519 525 530 535 540 8
