c ids of sdd nodes start at 0
c sdd nodes appear bottom-up, children before parents
c
c file syntax:
c sdd count-of-sdd-nodes
c F id-of-false-sdd-node
c T id-of-true-sdd-node
c L id-of-literal-sdd-node id-of-vtree literal
c D id-of-decomposition-sdd-node id-of-vtree number-of-elements {id-of-prime id-of-sub}*
c
sdd 561
L 3 0 -3
L 5 2 -4
L 6 4 -2
L 7 2 4
F 8
D 4 3 2 5 6 7 8
L 9 0 3
D 2 1 2 3 4 9 8
L 12 6 -6
L 13 8 -7
L 14 6 6
D 11 7 2 12 13 14 8
L 17 10 -5
L 18 12 1
L 19 10 5
D 16 11 2 17 18 19 8
L 21 14 -8
L 23 16 -10
L 24 18 -9
L 25 16 10
D 22 17 2 23 24 25 8
L 26 14 8
D 20 15 2 21 22 26 8
L 28 12 -1
T 29
D 27 11 2 17 28 19 29
D 15 13 2 16 20 27 8
L 31 8 7
D 30 7 2 12 31 14 29
D 10 9 2 11 15 30 8
L 34 4 2
D 33 3 2 5 34 7 29
D 32 1 2 3 33 9 29
D 1 5 2 2 10 32 8
L 38 20 -13
L 40 22 -14
L 41 24 -12
L 42 22 14
D 39 23 2 40 41 42 8
L 43 20 13
D 37 21 2 38 39 43 8
L 46 26 -16
L 47 28 -17
L 48 26 16
D 45 27 2 46 47 48 8
L 51 30 -15
L 52 32 11
L 53 30 15
D 50 31 2 51 52 53 8
L 55 34 -18
L 57 36 -19
L 58 38 -20
L 59 36 19
D 56 37 2 57 58 59 8
L 60 34 18
D 54 35 2 55 56 60 8
L 62 32 -11
D 61 31 2 51 62 53 29
D 49 33 2 50 54 61 8
L 64 28 17
D 63 27 2 46 64 48 29
D 44 29 2 45 49 63 8
L 67 24 12
D 66 23 2 40 67 42 29
D 65 21 2 38 66 43 29
D 36 25 2 37 44 65 8
L 71 40 -26
L 72 42 -27
L 73 40 26
D 70 41 2 71 72 73 8
L 75 44 -28
L 77 46 -30
L 78 48 -29
L 79 46 30
D 76 47 2 77 78 79 8
L 80 44 28
D 74 45 2 75 76 80 8
L 82 42 27
D 81 41 2 71 82 73 29
D 69 43 2 70 74 81 8
L 86 50 21
L 87 52 -22
L 88 50 -21
D 85 51 2 86 87 88 8
L 90 54 -23
L 92 56 -25
L 93 58 -24
L 94 56 25
D 91 57 2 92 93 94 8
L 95 54 23
D 89 55 2 90 91 95 8
L 97 52 22
D 96 51 2 86 97 88 29
D 84 53 2 85 89 96 8
L 101 60 -33
L 102 62 -32
L 103 60 33
D 100 61 2 101 102 103 8
L 105 64 -31
L 107 66 38
L 109 68 -39
L 110 70 -40
L 111 68 39
D 108 69 2 109 110 111 8
L 112 66 -38
D 106 67 2 107 108 112 8
L 113 64 31
D 104 65 2 105 106 113 8
L 115 62 32
D 114 61 2 101 115 103 29
D 99 63 2 100 104 114 8
L 119 72 -34
L 120 74 -35
L 121 72 34
D 118 73 2 119 120 121 8
L 123 76 -36
L 124 78 -37
L 125 76 36
D 122 77 2 123 124 125 8
L 127 74 35
D 126 73 2 119 127 121 29
D 117 75 2 118 122 126 8
L 130 80 -42
L 131 82 -43
L 132 80 42
D 129 81 2 130 131 132 8
L 135 84 -41
L 136 86 -44
L 137 84 41
D 134 85 2 135 136 137 8
L 139 88 -45
L 141 90 -46
L 143 92 -47
L 145 94 -48
L 147 96 50
L 148 98 -49
L 149 96 -50
D 146 97 2 147 148 149 8
L 150 94 48
D 144 95 2 145 146 150 8
L 151 92 47
D 142 93 2 143 144 151 8
L 152 90 46
D 140 91 2 141 142 152 8
L 153 88 45
D 138 89 2 139 140 153 8
L 155 86 44
D 154 85 2 135 155 137 29
D 133 87 2 134 138 154 8
L 157 82 43
D 156 81 2 130 157 132 29
D 128 83 2 129 133 156 8
L 160 78 37
D 159 77 2 123 160 125 29
D 158 75 2 118 159 126 29
D 116 79 2 117 128 158 8
L 165 70 40
D 164 69 2 109 165 111 8
D 163 67 2 112 164 107 8
D 162 65 2 105 163 113 8
D 161 63 2 100 162 114 8
D 173 97 2 149 148 147 8
D 172 95 2 150 173 145 8
D 171 93 2 143 172 151 8
D 170 91 2 141 171 152 8
D 169 89 2 139 170 153 8
D 168 87 2 134 169 154 8
D 167 83 2 129 168 156 8
D 166 79 2 117 167 158 8
D 177 69 2 111 110 109 8
D 176 67 2 112 177 107 8
D 175 65 2 105 176 113 8
D 174 63 2 100 175 114 8
L 186 98 49
D 185 97 2 149 186 147 8
D 184 95 2 145 185 150 8
D 183 93 2 143 184 151 8
D 182 91 2 141 183 152 8
D 181 89 2 139 182 153 8
D 180 87 2 134 181 154 8
D 179 83 2 129 180 156 8
D 178 79 2 117 179 158 8
D 190 69 2 109 110 111 165
D 191 69 2 109 165 111 29
D 189 67 2 112 190 107 191
D 188 65 2 105 189 113 29
D 187 63 2 100 188 114 29
D 98 71 4 99 116 161 166 174 178 187 8
D 193 51 2 88 87 86 8
D 195 57 2 94 93 92 8
D 194 55 2 90 195 95 8
D 196 51 2 88 97 86 29
D 192 53 2 193 194 196 8
D 200 67 2 112 108 107 8
D 199 65 2 105 200 113 8
D 198 63 2 100 199 114 8
D 203 73 2 121 120 119 8
D 204 73 2 121 127 119 29
D 202 75 2 203 122 204 8
D 206 73 2 119 127 121 8
D 207 73 2 119 120 121 29
D 205 75 2 206 122 207 8
D 209 77 2 125 124 123 8
D 208 75 2 118 209 126 8
D 211 77 2 123 160 125 8
D 210 75 2 118 211 126 8
D 217 95 2 145 173 150 8
D 216 93 2 151 217 143 8
D 215 91 2 141 216 152 8
D 214 89 2 139 215 153 8
D 213 87 2 134 214 154 8
D 212 83 2 129 213 156 8
D 219 77 2 123 124 125 160
D 220 73 2 121 120 119 127
D 221 73 2 121 127 119 8
D 218 75 3 118 219 220 159 221 29
D 201 79 5 202 128 205 179 208 167 210 212 218 8
D 227 93 2 143 217 151 8
D 226 91 2 152 227 141 8
D 225 89 2 139 226 153 8
D 224 87 2 134 225 154 8
D 223 83 2 129 224 156 8
D 222 79 2 117 223 158 8
D 232 91 2 141 227 152 8
D 231 89 2 153 232 139 8
D 230 87 2 134 231 154 8
D 229 83 2 129 230 156 8
D 228 79 2 117 229 158 8
D 236 85 2 135 155 137 8
D 237 89 2 139 232 153 8
D 238 85 2 135 136 137 29
D 235 87 2 236 237 238 8
D 234 83 2 129 235 156 8
D 233 79 2 117 234 158 8
D 242 69 2 111 165 109 8
D 241 67 2 112 242 107 191
D 240 65 2 105 241 113 29
D 239 63 2 100 240 114 29
D 197 71 5 198 201 99 222 174 228 161 233 239 8
L 246 58 24
D 245 57 2 92 246 94 8
D 244 55 2 90 245 95 8
D 243 53 2 193 244 196 8
D 249 75 3 118 219 206 159 121 29
D 248 79 4 205 128 208 179 210 167 249 8
D 250 79 2 117 212 158 8
D 247 71 5 198 248 174 222 161 228 99 250 239 8
D 252 55 2 95 91 90 8
D 251 53 2 193 252 196 8
D 255 75 2 118 219 126 29
D 254 79 3 208 128 210 179 255 8
D 253 71 5 161 222 198 254 174 250 99 166 239 8
D 257 51 2 88 97 86 8
D 258 51 2 88 87 86 29
D 256 53 2 257 89 258 8
D 262 77 2 123 124 125 29
D 261 75 2 118 262 126 29
D 260 79 2 210 128 261 8
D 259 71 5 161 250 174 166 99 178 198 260 239 8
D 265 57 2 92 93 94 246
D 266 57 2 92 246 94 29
D 264 55 2 90 265 95 266
D 267 51 2 86 87 88 97
D 268 55 2 90 266 95 29
D 269 51 2 86 97 88 8
D 263 53 3 193 264 267 268 269 29
D 83 59 6 84 98 192 197 243 247 251 253 256 259 263 8
D 271 45 2 80 76 75 8
D 270 43 2 70 271 81 8
D 273 53 2 193 89 196 8
D 275 79 5 202 212 205 223 208 229 210 234 218 8
D 277 65 2 113 200 105 8
D 276 63 2 100 277 114 8
D 279 61 2 103 102 101 8
D 280 61 2 103 115 101 29
D 278 63 2 279 199 280 8
D 282 61 2 101 115 103 8
D 283 61 2 101 102 103 29
D 281 63 2 282 199 283 8
D 286 81 2 130 157 132 8
D 287 87 2 134 237 154 8
D 288 81 2 130 131 132 29
D 285 83 2 286 287 288 8
D 284 79 2 117 285 158 8
D 291 81 2 132 131 130 8
D 292 81 2 132 157 130 29
D 290 83 2 291 287 292 8
D 289 79 2 117 290 158 8
D 296 85 2 137 136 135 8
D 297 85 2 137 155 135 29
D 295 87 2 296 237 297 8
D 294 83 2 129 295 156 8
D 293 79 2 117 294 158 8
D 300 67 2 112 191 107 29
D 299 65 2 105 241 113 300
D 301 61 2 103 102 101 115
D 302 65 2 105 300 113 29
D 303 61 2 103 115 101 8
D 298 63 3 100 299 301 302 303 29
D 274 71 8 198 275 276 116 278 166 281 178 99 284 174 289 161 293 298 8
D 304 53 2 193 268 196 29
D 272 59 2 273 274 304 8
L 308 48 29
D 307 47 2 77 308 79 8
D 306 45 2 75 307 80 8
D 305 43 2 70 306 81 8
D 311 79 5 202 223 205 229 208 234 210 285 218 8
D 314 67 2 107 191 112 165
D 313 65 2 105 314 113 300
D 312 63 3 100 313 301 302 303 29
D 310 71 7 198 311 278 250 281 166 276 178 99 289 174 293 312 8
D 309 59 2 273 310 304 8
D 317 47 2 79 78 77 8
D 316 45 2 75 317 80 8
D 315 43 2 70 316 81 8
D 320 79 5 202 229 205 234 208 285 210 290 218 8
D 322 65 2 113 300 105 191
D 321 63 3 100 322 301 302 303 29
D 319 71 6 198 320 278 222 281 250 276 166 99 293 321 8
D 318 59 2 273 319 304 8
D 324 41 2 71 82 73 8
D 325 41 2 71 72 73 29
D 323 43 2 324 74 325 8
D 328 79 5 202 167 205 212 208 223 210 229 218 8
D 329 63 3 100 240 301 302 303 29
D 327 71 7 198 328 281 116 278 178 99 233 174 284 161 289 329 8
D 326 59 2 273 327 304 8
D 331 41 2 73 72 71 8
D 332 41 2 73 82 71 29
D 330 43 2 331 74 332 8
D 335 79 5 202 179 205 167 208 212 210 223 218 8
D 336 63 3 100 240 279 302 115 29
D 334 71 6 278 116 198 335 99 228 174 233 161 284 336 8
D 333 59 2 273 334 304 8
D 339 47 2 79 308 77 8
D 340 47 2 77 308 79 29
D 338 45 2 75 339 80 340
D 341 41 2 73 72 71 82
D 342 45 2 75 340 80 29
D 343 41 2 73 82 71 8
D 337 43 3 70 338 341 342 343 29
D 68 49 7 69 83 270 272 305 309 315 318 323 326 330 333 337 8
D 346 23 2 40 67 42 8
D 345 21 2 38 346 43 8
D 349 31 2 51 62 53 8
D 350 31 2 51 52 53 29
D 348 33 2 349 54 350 8
D 347 29 2 45 348 63 8
D 352 23 2 40 41 42 29
D 351 21 2 38 352 43 29
D 344 25 2 345 347 351 8
D 354 59 6 192 334 243 197 251 247 256 253 84 259 263 8
D 357 79 5 202 234 205 285 208 290 210 294 218 8
D 358 63 3 301 302 100 300 303 29
D 356 71 5 198 357 281 222 278 228 276 250 358 8
D 355 59 2 273 356 304 8
D 353 49 7 69 354 323 272 270 309 305 318 315 355 330 326 337 8
D 360 21 2 43 39 38 8
D 361 21 2 43 66 38 29
D 359 25 2 360 347 361 8
D 363 59 6 192 327 243 334 251 197 256 247 84 253 263 8
D 368 77 2 125 160 123 29
D 367 75 3 118 368 220 159 221 29
D 366 79 4 202 285 205 290 208 294 367 8
D 365 71 5 198 366 276 222 281 228 278 233 358 8
D 364 59 2 273 365 304 8
D 362 49 7 69 363 330 272 323 309 270 318 305 355 315 364 337 8
D 371 23 2 42 41 40 8
D 370 21 2 38 371 43 8
D 373 23 2 42 67 40 29
D 372 21 2 38 373 43 29
D 369 25 2 370 347 372 8
D 375 59 6 192 274 243 327 251 334 256 197 84 247 263 8
D 380 73 2 119 120 121 127
D 379 75 2 220 159 380 29
D 378 79 3 202 290 205 294 379 8
D 377 71 5 276 228 198 378 281 233 278 284 358 8
D 376 59 2 273 377 304 8
D 374 49 7 69 375 330 309 323 318 270 355 305 364 315 376 337 8
D 384 31 2 53 62 51 8
D 385 31 2 53 52 51 29
D 383 33 2 384 54 385 8
D 382 29 2 45 383 63 8
D 381 25 2 37 382 65 8
D 387 59 6 243 274 251 327 192 310 256 334 84 197 263 8
D 391 75 2 203 159 204 29
D 390 79 2 202 294 391 8
D 389 71 5 276 233 198 390 281 284 278 289 358 8
D 388 59 2 273 389 304 8
D 386 49 7 69 387 330 318 323 355 270 364 305 376 315 388 337 8
D 394 27 2 48 47 46 8
D 395 27 2 48 64 46 29
D 393 29 2 394 348 395 8
D 392 25 2 37 393 65 8
D 397 59 6 251 274 256 327 243 310 84 334 192 319 263 8
D 401 65 2 113 300 105 29
D 400 63 3 301 302 100 401 303 29
D 399 71 4 276 284 281 289 278 293 400 8
D 398 59 2 273 399 304 8
D 396 49 7 330 355 69 397 323 364 270 376 305 388 315 398 337 8
D 404 27 2 46 64 48 8
D 405 27 2 46 47 48 29
D 403 29 2 404 348 405 8
D 402 25 2 37 403 65 8
D 407 59 6 256 274 84 327 251 310 243 319 192 356 263 8
D 410 63 3 282 302 100 401 103 29
D 409 71 3 276 289 281 293 410 8
D 408 59 2 273 409 304 8
D 406 49 7 330 364 69 407 323 376 270 388 305 398 315 408 337 8
D 414 35 2 60 56 55 8
D 413 33 2 349 414 350 8
D 412 29 2 45 413 63 8
D 411 25 2 37 412 65 8
D 416 59 6 84 274 256 310 251 319 243 356 192 365 263 8
D 419 63 2 100 401 114 29
D 418 71 2 276 293 419 8
D 417 59 2 273 418 304 8
D 415 49 7 330 376 69 416 323 388 270 398 305 408 315 417 337 8
D 424 37 2 59 58 57 8
D 423 35 2 55 424 60 8
D 422 33 2 349 423 350 8
D 421 29 2 45 422 63 8
D 420 25 2 37 421 65 8
D 426 59 6 84 310 256 319 251 356 243 365 192 377 263 8
D 428 45 2 80 340 75 79
D 427 43 3 70 428 341 342 343 29
D 425 49 6 330 388 69 426 323 398 270 408 305 417 427 8
L 434 38 20
D 433 37 2 57 434 59 8
D 432 35 2 55 433 60 8
D 431 33 2 349 432 350 8
D 430 29 2 45 431 63 8
D 429 25 2 37 430 65 8
D 436 59 6 84 319 256 356 251 365 243 377 192 389 263 8
D 437 43 3 341 342 70 340 343 29
D 435 49 5 330 398 69 436 323 408 270 417 437 8
D 440 23 2 42 41 40 67
D 439 21 2 38 440 43 39
D 444 37 2 57 434 59 29
D 443 35 2 55 444 60 29
D 442 33 2 349 443 350 29
D 441 29 2 45 442 63 29
D 446 27 2 48 47 46 64
D 448 31 2 53 62 51 52
D 450 37 2 57 58 59 434
D 449 35 2 60 444 55 450
D 451 31 2 53 52 51 8
D 447 33 3 448 443 349 449 451 29
D 452 27 2 48 64 46 8
D 445 29 3 446 442 45 447 452 29
D 454 23 2 42 67 40 8
D 453 21 2 38 454 43 66
D 438 25 3 439 441 37 445 453 29
D 35 39 11 36 68 344 353 359 362 369 374 381 386 392 396 402 406 411 415 420 425 429 435 438 8
D 457 3 2 5 34 7 8
D 456 1 2 3 457 9 8
D 460 11 2 17 28 19 8
D 461 11 2 17 18 19 29
D 459 13 2 460 20 461 8
D 458 9 2 11 459 30 8
D 463 3 2 5 6 7 29
D 462 1 2 3 463 9 29
D 455 5 2 456 458 462 8
D 466 59 6 84 356 256 365 251 377 243 389 192 399 263 8
D 468 41 2 73 72 71 29
D 467 43 2 468 342 343 29
D 465 49 4 330 408 69 466 323 417 467 8
D 464 39 11 36 353 344 362 359 374 369 386 381 396 392 406 402 415 411 425 420 435 429 465 438 8
D 470 1 2 9 4 3 8
D 471 1 2 9 33 3 29
D 469 5 2 470 458 471 8
D 474 59 6 84 365 256 377 251 389 243 399 192 409 263 8
D 475 43 2 72 342 82 29
D 473 49 3 330 417 69 474 475 8
D 472 39 11 36 362 344 374 359 386 369 396 381 406 392 415 402 425 411 435 420 465 429 473 438 8
D 478 3 2 7 6 5 8
D 477 1 2 3 478 9 8
D 480 3 2 7 34 5 29
D 479 1 2 3 480 9 29
D 476 5 2 477 458 479 8
D 483 59 6 84 377 256 389 251 399 243 409 192 418 263 8
D 484 43 2 70 342 81 29
D 482 49 2 69 483 484 8
D 481 39 11 36 374 344 386 359 396 369 406 381 415 392 425 402 435 411 465 420 473 429 482 438 8
D 488 11 2 19 28 17 8
D 489 11 2 19 18 17 29
D 487 13 2 488 20 489 8
D 486 9 2 11 487 30 8
D 485 5 2 2 486 32 8
D 495 57 2 92 93 94 29
D 494 55 2 90 495 95 266
D 493 53 3 193 494 267 268 269 29
D 492 59 5 84 389 256 399 251 409 243 418 493 8
D 491 49 2 69 492 484 8
D 490 39 11 36 386 344 396 359 406 369 415 381 425 392 435 402 465 411 473 420 482 429 491 438 8
D 498 7 2 14 13 12 8
D 499 7 2 14 31 12 29
D 497 9 2 498 459 499 8
D 496 5 2 2 497 32 8
D 504 55 2 95 266 90 29
D 503 53 3 193 504 267 268 269 29
D 502 59 4 84 399 256 409 251 418 503 8
D 501 49 2 69 502 484 8
D 500 39 11 36 396 344 406 359 415 369 425 381 435 392 465 402 473 411 482 420 491 429 501 438 8
D 507 7 2 12 31 14 8
D 508 7 2 12 13 14 29
D 506 9 2 507 459 508 8
D 505 5 2 2 506 32 8
D 513 51 2 88 87 86 97
D 512 53 2 267 268 513 29
D 511 59 3 84 409 256 418 512 8
D 510 49 2 69 511 484 8
D 509 39 11 36 406 344 415 359 425 369 435 381 465 392 473 402 482 411 491 420 501 429 510 438 8
D 517 15 2 26 22 21 8
D 516 13 2 460 517 461 8
D 515 9 2 11 516 30 8
D 514 5 2 2 515 32 8
D 521 53 2 85 268 96 29
D 520 59 2 84 418 521 8
D 519 49 2 69 520 484 8
D 518 39 11 36 415 344 425 359 435 369 465 381 473 392 482 402 491 411 501 420 510 429 519 438 8
L 527 18 9
D 526 17 2 23 527 25 8
D 525 15 2 21 526 26 8
D 524 13 2 460 525 461 8
D 523 9 2 11 524 30 8
D 522 5 2 2 523 32 8
D 533 37 2 59 434 57 29
D 532 35 2 55 533 60 444
D 531 33 3 349 532 448 443 451 29
D 530 29 3 45 531 446 442 452 29
D 529 25 3 37 530 439 441 453 29
D 528 39 10 36 425 344 435 359 465 369 473 381 482 392 491 402 501 411 510 420 519 529 8
D 538 17 2 25 24 23 8
D 537 15 2 21 538 26 8
D 536 13 2 460 537 461 8
D 535 9 2 11 536 30 8
D 534 5 2 2 535 32 8
D 543 35 2 60 444 55 29
D 542 33 3 349 543 448 443 451 29
D 541 29 3 45 542 446 442 452 29
D 540 25 3 37 541 439 441 453 29
D 539 39 9 36 435 344 465 359 473 369 482 381 491 392 501 402 510 411 519 540 8
D 548 17 2 23 24 25 527
D 549 17 2 23 527 25 29
D 547 15 2 21 548 26 549
D 550 11 2 19 28 17 18
D 551 15 2 21 549 26 29
D 552 11 2 19 18 17 8
D 546 13 3 460 547 550 551 552 29
D 553 7 2 14 13 12 31
D 554 13 2 460 551 461 29
D 555 7 2 14 31 12 8
D 545 9 3 11 546 553 554 555 29
D 557 3 2 7 6 5 34
D 556 1 2 3 557 9 4
D 558 9 2 11 554 30 29
D 560 3 2 7 34 5 8
D 559 1 2 3 560 9 33
D 544 5 3 2 545 556 558 559 29
D 0 19 11 1 35 455 464 469 472 476 481 485 490 496 500 505 509 514 518 522 528 534 539 544 8
