c ids of sdd nodes start at 0
c sdd nodes appear bottom-up, children before parents
c
c file syntax:
c sdd count-of-sdd-nodes
c F id-of-false-sdd-node
c T id-of-true-sdd-node
c L id-of-literal-sdd-node id-of-vtree literal
c D id-of-decomposition-sdd-node id-of-vtree number-of-elements {id-of-prime id-of-sub}*
c
sdd 564
L 3 0 -3
L 5 2 -4
L 6 4 -2
L 7 2 4
F 8
D 4 3 2 5 6 7 8
L 9 0 3
D 2 1 2 3 4 9 8
L 12 6 -6
L 13 8 -7
L 14 6 6
D 11 7 2 12 13 14 8
L 17 10 -5
L 18 12 1
L 19 10 5
D 16 11 2 17 18 19 8
L 21 14 -8
L 23 16 -10
L 24 18 -9
L 25 16 10
D 22 17 2 23 24 25 8
L 26 14 8
D 20 15 2 21 22 26 8
L 28 12 -1
T 29
D 27 11 2 17 28 19 29
D 15 13 2 16 20 27 8
L 31 8 7
D 30 7 2 12 31 14 29
D 10 9 2 11 15 30 8
L 34 4 2
D 33 3 2 5 34 7 29
D 32 1 2 3 33 9 29
D 1 5 2 2 10 32 8
L 38 20 -13
L 40 22 -14
L 41 24 -12
L 42 22 14
D 39 23 2 40 41 42 8
L 43 20 13
D 37 21 2 38 39 43 8
L 46 26 -16
L 47 28 -17
L 48 26 16
D 45 27 2 46 47 48 8
L 51 30 -15
L 52 32 11
L 53 30 15
D 50 31 2 51 52 53 8
L 55 34 -18
L 57 36 -19
L 58 38 -20
L 59 36 19
D 56 37 2 57 58 59 8
L 60 34 18
D 54 35 2 55 56 60 8
L 62 32 -11
D 61 31 2 51 62 53 29
D 49 33 2 50 54 61 8
L 64 28 17
D 63 27 2 46 64 48 29
D 44 29 2 45 49 63 8
L 67 24 12
D 66 23 2 40 67 42 29
D 65 21 2 38 66 43 29
D 36 25 2 37 44 65 8
L 71 40 -26
L 72 42 -27
L 73 40 26
D 70 41 2 71 72 73 8
L 75 44 -28
L 77 46 -30
L 78 48 -29
L 79 46 30
D 76 47 2 77 78 79 8
L 80 44 28
D 74 45 2 75 76 80 8
L 82 42 27
D 81 41 2 71 82 73 29
D 69 43 2 70 74 81 8
L 86 50 21
L 87 52 -22
L 88 50 -21
D 85 51 2 86 87 88 8
L 90 54 -23
L 92 56 -25
L 93 58 -24
L 94 56 25
D 91 57 2 92 93 94 8
L 95 54 23
D 89 55 2 90 91 95 8
L 97 52 22
D 96 51 2 86 97 88 29
D 84 53 2 85 89 96 8
L 101 60 -33
L 102 62 -32
L 103 60 33
D 100 61 2 101 102 103 8
L 105 64 -31
L 107 66 -38
L 109 68 39
L 110 70 -40
L 111 68 -39
D 108 69 2 109 110 111 8
L 112 66 38
D 106 67 2 107 108 112 8
L 113 64 31
D 104 65 2 105 106 113 8
L 115 62 32
D 114 61 2 101 115 103 29
D 99 63 2 100 104 114 8
L 119 72 -34
L 120 74 -35
L 121 72 34
D 118 73 2 119 120 121 8
L 123 76 -36
L 124 78 -37
L 125 76 36
D 122 77 2 123 124 125 8
L 127 74 35
D 126 73 2 119 127 121 29
D 117 75 2 118 122 126 8
L 130 80 -42
L 131 82 -43
L 132 80 42
D 129 81 2 130 131 132 8
L 135 84 -41
L 136 86 -44
L 137 84 41
D 134 85 2 135 136 137 8
L 139 88 -45
L 141 90 -46
L 143 92 -47
L 145 94 -48
L 147 96 50
L 148 98 -49
L 149 96 -50
D 146 97 2 147 148 149 8
L 150 94 48
D 144 95 2 145 146 150 8
L 151 92 47
D 142 93 2 143 144 151 8
L 152 90 46
D 140 91 2 141 142 152 8
L 153 88 45
D 138 89 2 139 140 153 8
L 155 86 44
D 154 85 2 135 155 137 29
D 133 87 2 134 138 154 8
L 157 82 43
D 156 81 2 130 157 132 29
D 128 83 2 129 133 156 8
L 160 78 37
D 159 77 2 123 160 125 29
D 158 75 2 118 159 126 29
D 116 79 2 117 128 158 8
L 165 70 40
D 164 69 2 111 165 109 8
D 163 67 2 107 164 112 8
D 162 65 2 105 163 113 8
D 161 63 2 100 162 114 8
L 174 98 49
D 173 97 2 149 174 147 8
D 172 95 2 145 173 150 8
D 171 93 2 143 172 151 8
D 170 91 2 141 171 152 8
D 169 89 2 139 170 153 8
D 168 87 2 134 169 154 8
D 167 83 2 129 168 156 8
D 166 79 2 117 167 158 8
D 178 69 2 111 110 109 165
D 177 67 2 107 178 112 29
D 176 65 2 105 177 113 29
D 175 63 2 100 176 114 29
D 98 71 3 99 116 161 166 175 8
D 180 51 2 88 97 86 8
D 181 51 2 88 87 86 29
D 179 53 2 180 89 181 8
D 186 69 2 111 110 109 8
D 185 67 2 112 186 107 8
D 184 65 2 105 185 113 8
D 183 63 2 100 184 114 8
D 194 97 2 149 148 147 8
D 193 95 2 150 194 145 8
D 192 93 2 143 193 151 8
D 191 91 2 141 192 152 8
D 190 89 2 139 191 153 8
D 189 87 2 134 190 154 8
D 188 83 2 129 189 156 8
D 187 79 2 117 188 158 8
D 198 69 2 111 165 109 29
D 197 67 2 107 178 112 198
D 196 65 2 105 197 113 29
D 195 63 2 100 196 114 29
D 182 71 4 183 116 161 187 99 166 195 8
D 200 51 2 88 87 86 8
D 202 57 2 94 93 92 8
D 201 55 2 90 202 95 8
D 203 51 2 88 97 86 29
D 199 53 2 200 201 203 8
D 207 67 2 107 186 112 8
D 206 65 2 105 207 113 8
D 205 63 2 100 206 114 8
D 210 73 2 119 127 121 8
D 211 73 2 119 120 121 29
D 209 75 2 210 122 211 8
D 213 77 2 125 124 123 8
D 212 75 2 118 213 126 8
D 215 77 2 123 160 125 8
D 214 75 2 118 215 126 8
D 217 77 2 123 124 125 160
D 216 75 3 118 217 210 159 121 29
D 208 79 4 209 128 212 167 214 188 216 8
D 224 95 2 145 194 150 8
D 223 93 2 143 224 151 8
D 222 91 2 152 223 141 8
D 221 89 2 139 222 153 8
D 220 87 2 134 221 154 8
D 219 83 2 129 220 156 8
D 218 79 2 117 219 158 8
D 229 91 2 141 223 152 8
D 228 89 2 153 229 139 8
D 227 87 2 134 228 154 8
D 226 83 2 129 227 156 8
D 225 79 2 117 226 158 8
D 235 93 2 151 224 143 8
D 234 91 2 141 235 152 8
D 233 89 2 139 234 153 8
D 232 87 2 134 233 154 8
D 231 83 2 129 232 156 8
D 230 79 2 117 231 158 8
D 239 69 2 109 165 111 8
D 238 67 2 107 239 112 198
D 237 65 2 105 238 113 29
D 236 63 2 100 237 114 29
D 204 71 5 205 208 99 218 161 225 183 230 236 8
L 243 58 24
D 242 57 2 92 243 94 8
D 241 55 2 90 242 95 8
D 240 53 2 200 241 203 8
D 246 75 2 118 217 126 29
D 245 79 3 212 128 214 167 246 8
D 244 71 5 161 218 205 245 99 230 183 187 236 8
D 248 55 2 95 91 90 8
D 247 53 2 200 248 203 8
D 252 77 2 123 124 125 29
D 251 75 2 118 252 126 29
D 250 79 2 214 128 251 8
D 249 71 5 161 230 99 187 183 166 205 250 236 8
D 255 57 2 92 93 94 243
D 256 57 2 92 243 94 29
D 254 55 2 90 255 95 256
D 257 51 2 86 87 88 97
D 258 55 2 90 256 95 29
D 259 51 2 86 97 88 8
D 253 53 3 200 254 257 258 259 29
D 83 59 6 84 98 179 182 199 204 240 244 247 249 253 8
L 263 48 29
D 262 47 2 77 263 79 8
D 261 45 2 75 262 80 8
D 260 43 2 70 261 81 8
D 265 53 2 200 89 203 8
D 269 73 2 121 120 119 8
D 270 73 2 121 127 119 29
D 268 75 2 269 122 270 8
D 273 85 2 135 155 137 8
D 274 89 2 139 229 153 8
D 275 85 2 135 136 137 29
D 272 87 2 273 274 275 8
D 271 83 2 129 272 156 8
D 277 73 2 121 120 119 127
D 278 73 2 121 127 119 8
D 276 75 3 118 217 277 159 278 29
D 267 79 5 268 231 209 219 212 226 214 271 276 8
D 280 65 2 113 207 105 8
D 279 63 2 100 280 114 8
D 282 61 2 103 102 101 8
D 283 61 2 103 115 101 29
D 281 63 2 282 206 283 8
D 285 61 2 101 115 103 8
D 286 61 2 101 102 103 29
D 284 63 2 285 206 286 8
D 289 81 2 130 157 132 8
D 290 87 2 134 274 154 8
D 291 81 2 130 131 132 29
D 288 83 2 289 290 291 8
D 287 79 2 117 288 158 8
D 294 81 2 132 131 130 8
D 295 81 2 132 157 130 29
D 293 83 2 294 290 295 8
D 292 79 2 117 293 158 8
D 299 85 2 137 136 135 8
D 300 85 2 137 155 135 29
D 298 87 2 299 274 300 8
D 297 83 2 129 298 156 8
D 296 79 2 117 297 158 8
D 303 67 2 107 198 112 29
D 302 65 2 105 238 113 303
D 304 61 2 103 102 101 115
D 305 65 2 105 303 113 29
D 306 61 2 103 115 101 8
D 301 63 3 100 302 304 305 306 29
D 266 71 8 205 267 279 116 281 187 284 166 183 287 99 292 161 296 301 8
D 307 53 2 200 258 203 29
D 264 59 2 265 266 307 8
D 310 47 2 79 78 77 8
D 309 45 2 75 310 80 8
D 308 43 2 70 309 81 8
D 313 79 5 268 219 209 226 212 271 214 288 276 8
D 316 67 2 112 198 107 165
D 315 65 2 105 316 113 303
D 314 63 3 100 315 304 305 306 29
D 312 71 7 205 313 281 230 284 187 279 166 183 292 99 296 314 8
D 311 59 2 265 312 307 8
D 318 45 2 80 76 75 8
D 317 43 2 70 318 81 8
D 321 79 5 268 188 209 231 212 219 214 226 276 8
D 322 79 2 117 271 158 8
D 323 63 3 100 237 304 305 306 29
D 320 71 7 205 321 284 116 281 166 183 322 99 287 161 292 323 8
D 319 59 2 265 320 307 8
D 325 41 2 71 82 73 8
D 326 41 2 71 72 73 29
D 324 43 2 325 74 326 8
D 329 79 5 268 167 209 188 212 231 214 219 276 8
D 330 63 3 100 237 282 305 115 29
D 328 71 6 281 116 205 329 183 225 99 322 161 287 330 8
D 327 59 2 265 328 307 8
D 332 41 2 73 72 71 8
D 333 41 2 73 82 71 29
D 331 43 2 332 74 333 8
D 336 79 5 268 128 209 167 212 188 214 231 276 8
D 335 71 5 205 336 183 218 99 225 161 322 236 8
D 334 59 2 265 335 307 8
D 339 47 2 79 263 77 8
D 340 47 2 77 263 79 29
D 338 45 2 75 339 80 340
D 341 41 2 73 72 71 82
D 342 45 2 75 340 80 29
D 343 41 2 73 82 71 8
D 337 43 3 70 338 341 342 343 29
D 68 49 7 69 83 260 264 308 311 317 319 324 327 331 334 337 8
D 346 23 2 40 67 42 8
D 345 21 2 38 346 43 8
D 349 31 2 51 62 53 8
D 350 31 2 51 52 53 29
D 348 33 2 349 54 350 8
D 347 29 2 45 348 63 8
D 352 23 2 40 41 42 29
D 351 21 2 38 352 43 29
D 344 25 2 345 347 351 8
D 354 59 6 84 182 199 335 240 204 247 244 179 249 253 8
D 357 79 5 268 226 209 271 212 288 214 293 276 8
D 359 65 2 113 303 105 198
D 358 63 3 100 359 304 305 306 29
D 356 71 6 205 357 281 218 284 230 279 187 183 296 358 8
D 355 59 2 265 356 307 8
D 353 49 7 69 354 317 264 260 311 308 355 324 319 331 327 337 8
D 361 21 2 43 39 38 8
D 362 21 2 43 66 38 29
D 360 25 2 361 347 362 8
D 364 59 6 199 328 240 335 247 204 179 244 84 249 253 8
D 367 79 5 268 271 209 288 212 293 214 297 276 8
D 368 63 3 304 305 100 303 306 29
D 366 71 5 205 367 284 218 281 225 279 230 368 8
D 365 59 2 265 366 307 8
D 363 49 7 69 364 324 264 317 311 260 355 308 365 331 319 337 8
D 371 23 2 42 41 40 8
D 370 21 2 38 371 43 8
D 373 23 2 42 67 40 29
D 372 21 2 38 373 43 29
D 369 25 2 370 347 372 8
D 375 59 6 199 320 240 328 247 335 179 204 84 244 253 8
D 380 77 2 125 160 123 29
D 379 75 3 118 380 277 159 278 29
D 378 79 4 268 288 209 293 212 297 379 8
D 377 71 5 205 378 279 218 284 225 281 322 368 8
D 376 59 2 265 377 307 8
D 374 49 7 69 375 331 264 324 311 317 355 260 365 308 376 337 8
D 384 31 2 53 62 51 8
D 385 31 2 53 52 51 29
D 383 33 2 384 54 385 8
D 382 29 2 45 383 63 8
D 381 25 2 37 382 65 8
D 387 59 6 199 266 240 320 247 328 179 335 84 204 253 8
D 392 73 2 119 120 121 127
D 391 75 2 277 159 392 29
D 390 79 3 268 293 209 297 391 8
D 389 71 5 279 225 205 390 284 322 281 287 368 8
D 388 59 2 265 389 307 8
D 386 49 7 69 387 331 311 324 355 317 365 260 376 308 388 337 8
D 395 27 2 48 47 46 8
D 396 27 2 48 64 46 29
D 394 29 2 395 348 396 8
D 393 25 2 37 394 65 8
D 398 59 6 240 266 247 320 199 312 179 328 84 335 253 8
D 402 75 2 269 159 270 29
D 401 79 2 268 297 402 8
D 400 71 5 279 322 205 401 284 287 281 292 368 8
D 399 59 2 265 400 307 8
D 397 49 7 69 398 331 355 324 365 317 376 260 388 308 399 337 8
D 405 27 2 46 64 48 8
D 406 27 2 46 47 48 29
D 404 29 2 405 348 406 8
D 403 25 2 37 404 65 8
D 408 59 6 247 266 179 320 240 312 84 328 199 356 253 8
D 412 65 2 113 303 105 29
D 411 63 3 304 305 100 412 306 29
D 410 71 4 279 287 284 292 281 296 411 8
D 409 59 2 265 410 307 8
D 407 49 7 331 365 69 408 324 376 317 388 260 399 308 409 337 8
D 416 35 2 60 56 55 8
D 415 33 2 349 416 350 8
D 414 29 2 45 415 63 8
D 413 25 2 37 414 65 8
D 418 59 6 179 266 84 320 247 312 240 356 199 366 253 8
D 421 63 3 285 305 100 412 103 29
D 420 71 3 279 292 284 296 421 8
D 419 59 2 265 420 307 8
D 417 49 7 331 376 69 418 324 388 317 399 260 409 308 419 337 8
D 426 37 2 59 58 57 8
D 425 35 2 55 426 60 8
D 424 33 2 349 425 350 8
D 423 29 2 45 424 63 8
D 422 25 2 37 423 65 8
D 428 59 6 84 266 179 312 247 356 240 366 199 377 253 8
D 431 63 2 100 412 114 29
D 430 71 2 279 296 431 8
D 429 59 2 265 430 307 8
D 427 49 7 331 388 69 428 324 399 317 409 260 419 308 429 337 8
L 437 38 20
D 436 37 2 57 437 59 8
D 435 35 2 55 436 60 8
D 434 33 2 349 435 350 8
D 433 29 2 45 434 63 8
D 432 25 2 37 433 65 8
D 439 59 6 84 312 179 356 247 366 240 377 199 389 253 8
D 441 45 2 80 340 75 79
D 440 43 3 70 441 341 342 343 29
D 438 49 6 331 399 69 439 324 409 317 419 260 429 440 8
D 444 23 2 42 41 40 67
D 443 21 2 38 444 43 39
D 448 37 2 57 437 59 29
D 447 35 2 55 448 60 29
D 446 33 2 349 447 350 29
D 445 29 2 45 446 63 29
D 450 27 2 48 47 46 64
D 452 31 2 53 62 51 52
D 454 37 2 57 58 59 437
D 453 35 2 60 448 55 454
D 455 31 2 53 52 51 8
D 451 33 3 452 447 349 453 455 29
D 456 27 2 48 64 46 8
D 449 29 3 450 446 45 451 456 29
D 458 23 2 42 67 40 8
D 457 21 2 38 458 43 66
D 442 25 3 443 445 37 449 457 29
D 35 39 11 36 68 344 353 360 363 369 374 381 386 393 397 403 407 413 417 422 427 432 438 442 8
D 461 3 2 5 34 7 8
D 460 1 2 3 461 9 8
D 464 11 2 17 28 19 8
D 465 11 2 17 18 19 29
D 463 13 2 464 20 465 8
D 462 9 2 11 463 30 8
D 467 3 2 5 6 7 29
D 466 1 2 3 467 9 29
D 459 5 2 460 462 466 8
D 470 59 6 84 356 179 366 247 377 240 389 199 400 253 8
D 471 43 3 341 342 70 340 343 29
D 469 49 5 331 409 69 470 324 419 317 429 471 8
D 468 39 11 36 353 344 363 360 374 369 386 381 397 393 407 403 417 413 427 422 438 432 469 442 8
D 473 1 2 9 4 3 8
D 474 1 2 9 33 3 29
D 472 5 2 473 462 474 8
D 477 59 6 84 366 179 377 247 389 240 400 199 410 253 8
D 479 41 2 73 72 71 29
D 478 43 2 479 342 343 29
D 476 49 4 331 419 69 477 324 429 478 8
D 475 39 11 36 363 344 374 360 386 369 397 381 407 393 417 403 427 413 438 422 469 432 476 442 8
D 482 3 2 7 6 5 8
D 481 1 2 3 482 9 8
D 484 3 2 7 34 5 29
D 483 1 2 3 484 9 29
D 480 5 2 481 462 483 8
D 487 59 6 84 377 179 389 247 400 240 410 199 420 253 8
D 488 43 2 72 342 82 29
D 486 49 3 331 429 69 487 488 8
D 485 39 11 36 374 344 386 360 397 369 407 381 417 393 427 403 438 413 469 422 476 432 486 442 8
D 492 11 2 19 28 17 8
D 493 11 2 19 18 17 29
D 491 13 2 492 20 493 8
D 490 9 2 11 491 30 8
D 489 5 2 2 490 32 8
D 496 59 6 84 389 179 400 247 410 240 420 199 430 253 8
D 497 43 2 70 342 81 29
D 495 49 2 69 496 497 8
D 494 39 11 36 386 344 397 360 407 369 417 381 427 393 438 403 469 413 476 422 486 432 495 442 8
D 500 7 2 14 13 12 8
D 501 7 2 14 31 12 29
D 499 9 2 500 463 501 8
D 498 5 2 2 499 32 8
D 507 57 2 92 93 94 29
D 506 55 2 90 507 95 256
D 505 53 3 200 506 257 258 259 29
D 504 59 5 84 400 179 410 247 420 240 430 505 8
D 503 49 2 69 504 497 8
D 502 39 11 36 397 344 407 360 417 369 427 381 438 393 469 403 476 413 486 422 495 432 503 442 8
D 510 7 2 12 31 14 8
D 511 7 2 12 13 14 29
D 509 9 2 510 463 511 8
D 508 5 2 2 509 32 8
D 516 55 2 95 256 90 29
D 515 53 3 200 516 257 258 259 29
D 514 59 4 84 410 179 420 247 430 515 8
D 513 49 2 69 514 497 8
D 512 39 11 36 407 344 417 360 427 369 438 381 469 393 476 403 486 413 495 422 503 432 513 442 8
D 520 15 2 26 22 21 8
D 519 13 2 464 520 465 8
D 518 9 2 11 519 30 8
D 517 5 2 2 518 32 8
D 525 51 2 88 87 86 97
D 524 53 2 257 258 525 29
D 523 59 3 84 420 179 430 524 8
D 522 49 2 69 523 497 8
D 521 39 11 36 417 344 427 360 438 369 469 381 476 393 486 403 495 413 503 422 513 432 522 442 8
L 531 18 9
D 530 17 2 23 531 25 8
D 529 15 2 21 530 26 8
D 528 13 2 464 529 465 8
D 527 9 2 11 528 30 8
D 526 5 2 2 527 32 8
D 535 53 2 85 258 96 29
D 534 59 2 84 430 535 8
D 533 49 2 69 534 497 8
D 532 39 11 36 427 344 438 360 469 369 476 381 486 393 495 403 503 413 513 422 522 432 533 442 8
D 540 17 2 25 24 23 8
D 539 15 2 21 540 26 8
D 538 13 2 464 539 465 8
D 537 9 2 11 538 30 8
D 536 5 2 2 537 32 8
D 546 37 2 59 437 57 29
D 545 35 2 55 546 60 448
D 544 33 3 349 545 452 447 455 29
D 543 29 3 45 544 450 446 456 29
D 542 25 3 37 543 443 445 457 29
D 541 39 10 36 438 344 469 360 476 369 486 381 495 393 503 403 513 413 522 422 533 542 8
D 551 17 2 23 24 25 531
D 552 17 2 23 531 25 29
D 550 15 2 21 551 26 552
D 553 11 2 19 28 17 18
D 554 15 2 21 552 26 29
D 555 11 2 19 18 17 8
D 549 13 3 464 550 553 554 555 29
D 556 7 2 14 13 12 31
D 557 13 2 464 554 465 29
D 558 7 2 14 31 12 8
D 548 9 3 11 549 556 557 558 29
D 560 3 2 7 6 5 34
D 559 1 2 3 560 9 4
D 561 9 2 11 557 30 29
D 563 3 2 7 34 5 8
D 562 1 2 3 563 9 33
D 547 5 3 2 548 559 561 562 29
D 0 19 11 1 35 459 468 472 475 480 485 489 494 498 502 508 512 517 521 526 532 536 541 547 8
