c ids of sdd nodes start at 0
c sdd nodes appear bottom-up, children before parents
c
c file syntax:
c sdd count-of-sdd-nodes
c F id-of-false-sdd-node
c T id-of-true-sdd-node
c L id-of-literal-sdd-node id-of-vtree literal
c D id-of-decomposition-sdd-node id-of-vtree number-of-elements {id-of-prime id-of-sub}*
c
sdd 568
L 3 0 -3
L 5 2 -4
L 6 4 -2
L 7 2 4
F 8
D 4 3 2 5 6 7 8
L 9 0 3
D 2 1 2 3 4 9 8
L 12 6 -6
L 13 8 -7
L 14 6 6
D 11 7 2 12 13 14 8
L 17 10 -5
L 18 12 1
L 19 10 5
D 16 11 2 17 18 19 8
L 21 14 -8
L 23 16 -10
L 24 18 -9
L 25 16 10
D 22 17 2 23 24 25 8
L 26 14 8
D 20 15 2 21 22 26 8
L 28 12 -1
T 29
D 27 11 2 17 28 19 29
D 15 13 2 16 20 27 8
L 31 8 7
D 30 7 2 12 31 14 29
D 10 9 2 11 15 30 8
L 34 4 2
D 33 3 2 5 34 7 29
D 32 1 2 3 33 9 29
D 1 5 2 2 10 32 8
L 38 20 -13
L 40 22 -14
L 41 24 -12
L 42 22 14
D 39 23 2 40 41 42 8
L 43 20 13
D 37 21 2 38 39 43 8
L 46 26 -16
L 47 28 -17
L 48 26 16
D 45 27 2 46 47 48 8
L 51 30 -15
L 52 32 11
L 53 30 15
D 50 31 2 51 52 53 8
L 55 34 -18
L 57 36 -19
L 58 38 -20
L 59 36 19
D 56 37 2 57 58 59 8
L 60 34 18
D 54 35 2 55 56 60 8
L 62 32 -11
D 61 31 2 51 62 53 29
D 49 33 2 50 54 61 8
L 64 28 17
D 63 27 2 46 64 48 29
D 44 29 2 45 49 63 8
L 67 24 12
D 66 23 2 40 67 42 29
D 65 21 2 38 66 43 29
D 36 25 2 37 44 65 8
L 71 40 -26
L 72 42 -27
L 73 40 26
D 70 41 2 71 72 73 8
L 75 44 -28
L 77 46 -30
L 78 48 -29
L 79 46 30
D 76 47 2 77 78 79 8
L 80 44 28
D 74 45 2 75 76 80 8
L 82 42 27
D 81 41 2 71 82 73 29
D 69 43 2 70 74 81 8
L 86 50 -21
L 87 52 22
L 88 50 21
D 85 51 2 86 87 88 8
L 90 54 -23
L 92 56 -25
L 93 58 -24
L 94 56 25
D 91 57 2 92 93 94 8
L 95 54 23
D 89 55 2 90 91 95 8
L 97 52 -22
D 96 51 2 86 97 88 29
D 84 53 2 85 89 96 8
L 101 60 -33
L 102 62 -32
L 103 60 33
D 100 61 2 101 102 103 8
L 105 64 -31
L 107 66 -38
L 109 68 -39
L 110 70 40
L 111 68 39
D 108 69 2 109 110 111 8
L 112 66 38
D 106 67 2 107 108 112 8
L 113 64 31
D 104 65 2 105 106 113 8
L 115 62 32
D 114 61 2 101 115 103 29
D 99 63 2 100 104 114 8
L 119 72 -34
L 120 74 -35
L 121 72 34
D 118 73 2 119 120 121 8
L 123 76 -36
L 124 78 -37
L 125 76 36
D 122 77 2 123 124 125 8
L 127 74 35
D 126 73 2 119 127 121 29
D 117 75 2 118 122 126 8
L 130 80 -42
L 131 82 -43
L 132 80 42
D 129 81 2 130 131 132 8
L 135 84 -41
L 136 86 -44
L 137 84 41
D 134 85 2 135 136 137 8
L 139 88 -45
L 141 90 -46
L 143 92 -47
L 145 94 -48
L 147 96 50
L 148 98 -49
L 149 96 -50
D 146 97 2 147 148 149 8
L 150 94 48
D 144 95 2 145 146 150 8
L 151 92 47
D 142 93 2 143 144 151 8
L 152 90 46
D 140 91 2 141 142 152 8
L 153 88 45
D 138 89 2 139 140 153 8
L 155 86 44
D 154 85 2 135 155 137 29
D 133 87 2 134 138 154 8
L 157 82 43
D 156 81 2 130 157 132 29
D 128 83 2 129 133 156 8
L 160 78 37
D 159 77 2 123 160 125 29
D 158 75 2 118 159 126 29
D 116 79 2 117 128 158 8
L 165 70 -40
D 164 69 2 109 165 111 29
D 163 67 2 107 164 112 29
D 162 65 2 105 163 113 29
D 161 63 2 100 162 114 29
D 98 71 2 99 116 161 8
D 167 51 2 86 97 88 8
D 168 55 2 95 91 90 8
D 169 51 2 86 87 88 29
D 166 53 2 167 168 169 8
D 174 69 2 111 165 109 8
D 173 67 2 107 174 112 8
D 172 65 2 105 173 113 8
D 171 63 2 100 172 114 8
L 183 98 49
D 182 97 2 149 183 147 8
D 181 95 2 145 182 150 8
D 180 93 2 143 181 151 8
D 179 91 2 141 180 152 8
D 178 89 2 139 179 153 8
D 177 87 2 134 178 154 8
D 176 83 2 129 177 156 8
D 175 79 2 117 176 158 8
D 187 69 2 109 165 111 110
D 186 67 2 107 187 112 29
D 185 65 2 105 186 113 29
D 184 63 2 100 185 114 29
D 170 71 3 171 116 99 175 184 8
L 191 58 24
D 190 57 2 92 191 94 8
D 189 55 2 90 190 95 8
D 188 53 2 167 189 169 8
D 196 69 2 109 165 111 8
D 195 67 2 112 196 107 8
D 194 65 2 105 195 113 8
D 193 63 2 100 194 114 8
D 204 97 2 149 148 147 8
D 203 95 2 150 204 145 8
D 202 93 2 143 203 151 8
D 201 91 2 141 202 152 8
D 200 89 2 139 201 153 8
D 199 87 2 134 200 154 8
D 198 83 2 129 199 156 8
D 197 79 2 117 198 158 8
D 208 69 2 109 110 111 29
D 207 67 2 107 187 112 208
D 206 65 2 105 207 113 29
D 205 63 2 100 206 114 29
D 192 71 4 193 116 99 197 171 175 205 8
D 211 57 2 94 93 92 8
D 210 55 2 90 211 95 8
D 209 53 2 167 210 169 8
D 219 95 2 145 204 150 8
D 218 93 2 151 219 143 8
D 217 91 2 141 218 152 8
D 216 89 2 139 217 153 8
D 215 87 2 134 216 154 8
D 214 83 2 129 215 156 8
D 213 79 2 117 214 158 8
D 222 67 2 107 196 112 8
D 221 65 2 105 222 113 8
D 220 63 2 100 221 114 8
D 225 77 2 123 160 125 8
D 224 75 2 118 225 126 8
D 227 77 2 123 124 125 29
D 226 75 2 118 227 126 29
D 223 79 2 224 128 226 8
D 231 69 2 111 110 109 8
D 230 67 2 107 231 112 208
D 229 65 2 105 230 113 29
D 228 63 2 100 229 114 29
D 212 71 5 99 213 171 197 193 175 220 223 228 8
D 234 57 2 92 93 94 191
D 235 57 2 92 191 94 29
D 233 55 2 90 234 95 235
D 236 55 2 90 235 95 29
D 232 53 3 167 233 85 236 88 29
D 83 59 5 84 98 166 170 188 192 209 212 232 8
D 239 47 2 79 78 77 8
D 238 45 2 75 239 80 8
D 237 43 2 70 238 81 8
D 241 53 2 167 89 169 8
D 245 73 2 121 120 119 8
D 246 73 2 121 127 119 29
D 244 75 2 245 122 246 8
D 248 73 2 119 127 121 8
D 249 73 2 119 120 121 29
D 247 75 2 248 122 249 8
D 251 77 2 125 124 123 8
D 250 75 2 118 251 126 8
D 256 93 2 143 219 151 8
D 255 91 2 152 256 141 8
D 254 89 2 139 255 153 8
D 253 87 2 134 254 154 8
D 252 83 2 129 253 156 8
D 260 91 2 141 256 152 8
D 259 89 2 153 260 139 8
D 258 87 2 134 259 154 8
D 257 83 2 129 258 156 8
D 262 77 2 123 124 125 160
D 263 73 2 121 120 119 127
D 264 73 2 121 127 119 8
D 261 75 3 118 262 263 159 264 29
D 243 79 5 244 198 247 214 250 252 224 257 261 8
D 266 61 2 101 115 103 8
D 267 61 2 101 102 103 29
D 265 63 2 266 221 267 8
D 269 61 2 103 102 101 8
D 270 61 2 103 115 101 29
D 268 63 2 269 221 270 8
D 274 85 2 135 155 137 8
D 275 89 2 139 260 153 8
D 276 85 2 135 136 137 29
D 273 87 2 274 275 276 8
D 272 83 2 129 273 156 8
D 271 79 2 117 272 158 8
D 279 81 2 130 157 132 8
D 280 87 2 134 275 154 8
D 281 81 2 130 131 132 29
D 278 83 2 279 280 281 8
D 277 79 2 117 278 158 8
D 284 81 2 132 131 130 8
D 285 81 2 132 157 130 29
D 283 83 2 284 280 285 8
D 282 79 2 117 283 158 8
D 287 61 2 103 102 101 115
D 289 67 2 107 208 112 29
D 288 65 2 105 289 113 29
D 290 61 2 103 115 101 8
D 286 63 3 100 229 287 288 290 29
D 242 71 7 220 243 265 116 268 175 193 271 171 277 99 282 286 8
D 291 53 2 167 236 169 29
D 240 59 2 241 242 291 8
L 295 48 29
D 294 47 2 77 295 79 8
D 293 45 2 75 294 80 8
D 292 43 2 70 293 81 8
D 298 79 5 244 176 247 198 250 214 224 252 261 8
D 299 79 2 117 257 158 8
D 300 63 3 100 229 269 288 115 29
D 297 71 6 268 116 220 298 193 299 171 271 99 277 300 8
D 296 59 2 241 297 291 8
D 302 45 2 80 76 75 8
D 301 43 2 70 302 81 8
D 305 79 5 244 128 247 176 250 198 224 214 261 8
D 306 79 2 117 252 158 8
D 304 71 5 220 305 193 306 171 299 99 271 228 8
D 303 59 2 241 304 291 8
D 308 41 2 71 82 73 8
D 309 41 2 71 72 73 29
D 307 43 2 308 74 309 8
D 313 75 3 118 262 248 159 121 29
D 312 79 4 247 128 250 176 224 198 313 8
D 311 71 5 220 312 171 306 99 299 193 213 228 8
D 310 59 2 241 311 291 8
D 315 41 2 73 72 71 8
D 316 41 2 73 82 71 29
D 314 43 2 315 74 316 8
D 320 75 2 118 262 126 29
D 319 79 3 250 128 224 176 320 8
D 318 71 5 99 306 220 319 171 213 193 197 228 8
D 317 59 2 241 318 291 8
D 323 47 2 79 295 77 8
D 324 47 2 77 295 79 29
D 322 45 2 75 323 80 324
D 325 41 2 73 72 71 82
D 326 45 2 75 324 80 29
D 327 41 2 73 82 71 8
D 321 43 3 70 322 325 326 327 29
D 68 49 7 69 83 237 240 292 296 301 303 307 310 314 317 321 8
D 330 23 2 40 67 42 8
D 329 21 2 38 330 43 8
D 333 31 2 51 62 53 8
D 334 31 2 51 52 53 29
D 332 33 2 333 54 334 8
D 331 29 2 45 332 63 8
D 336 23 2 40 41 42 29
D 335 21 2 38 336 43 29
D 328 25 2 329 331 335 8
D 340 51 2 88 97 86 8
D 341 51 2 88 87 86 29
D 339 53 2 340 89 341 8
D 343 51 2 88 97 86 87
D 344 51 2 88 87 86 8
D 342 53 3 167 233 343 236 344 29
D 338 59 6 339 98 84 170 166 192 209 318 188 212 342 8
D 347 79 5 244 214 247 252 250 257 224 272 261 8
D 349 65 2 113 222 105 8
D 348 63 2 100 349 114 8
D 353 85 2 137 136 135 8
D 354 85 2 137 155 135 29
D 352 87 2 353 275 354 8
D 351 83 2 129 352 156 8
D 350 79 2 117 351 158 8
D 356 65 2 105 230 113 289
D 355 63 3 100 356 287 288 290 29
D 346 71 8 220 347 348 116 268 197 265 175 193 277 171 282 99 350 355 8
D 345 59 2 241 346 291 8
D 337 49 7 69 338 237 345 292 240 301 296 307 303 314 310 321 8
D 358 21 2 43 39 38 8
D 359 21 2 43 66 38 29
D 357 25 2 358 331 359 8
D 361 59 6 339 170 84 192 209 311 188 318 166 212 342 8
D 364 79 5 244 252 247 257 250 272 224 278 261 8
D 367 67 2 112 208 107 110
D 366 65 2 105 367 113 289
D 365 63 3 100 366 287 288 290 29
D 363 71 7 220 364 268 213 265 197 348 175 193 282 171 350 365 8
D 362 59 2 241 363 291 8
D 360 49 7 69 361 292 345 237 362 301 240 307 296 314 303 321 8
D 370 23 2 42 41 40 8
D 369 21 2 38 370 43 8
D 372 23 2 42 67 40 29
D 371 21 2 38 372 43 29
D 368 25 2 369 331 371 8
D 374 59 6 339 192 209 304 188 311 166 318 84 212 342 8
D 377 79 5 244 257 247 272 250 278 224 283 261 8
D 379 65 2 113 289 105 208
D 378 63 3 100 379 287 288 290 29
D 376 71 6 220 377 268 306 265 213 348 197 193 350 378 8
D 375 59 2 241 376 291 8
D 373 49 7 69 374 301 345 292 362 237 375 307 240 314 296 321 8
D 383 31 2 53 62 51 8
D 384 31 2 53 52 51 29
D 382 33 2 383 54 384 8
D 381 29 2 45 382 63 8
D 380 25 2 37 381 65 8
D 386 59 6 209 297 188 304 166 311 84 318 339 212 342 8
D 389 79 5 244 272 247 278 250 283 224 351 261 8
D 390 63 3 287 288 100 289 290 29
D 388 71 5 220 389 265 306 268 299 348 213 390 8
D 387 59 2 241 388 291 8
D 385 49 7 69 386 307 345 301 362 292 375 237 387 314 240 321 8
D 393 27 2 48 47 46 8
D 394 27 2 48 64 46 29
D 392 29 2 393 332 394 8
D 391 25 2 37 392 65 8
D 396 59 6 209 242 188 297 166 304 84 311 339 318 342 8
D 401 77 2 125 160 123 29
D 400 75 3 118 401 263 159 264 29
D 399 79 4 244 278 247 283 250 351 400 8
D 398 71 5 220 399 348 306 265 299 268 271 390 8
D 397 59 2 241 398 291 8
D 395 49 7 69 396 314 345 307 362 301 375 292 387 237 397 321 8
D 404 27 2 46 64 48 8
D 405 27 2 46 47 48 29
D 403 29 2 404 332 405 8
D 402 25 2 37 403 65 8
D 407 59 6 209 346 188 242 166 297 84 304 339 311 342 8
D 412 73 2 119 120 121 127
D 411 75 2 263 159 412 29
D 410 79 3 244 283 247 351 411 8
D 409 71 5 348 299 220 410 265 271 268 277 390 8
D 408 59 2 241 409 291 8
D 406 49 7 69 407 314 362 307 375 301 387 292 397 237 408 321 8
D 416 35 2 60 56 55 8
D 415 33 2 333 416 334 8
D 414 29 2 45 415 63 8
D 413 25 2 37 414 65 8
D 418 59 6 188 346 166 242 209 363 84 297 339 304 342 8
D 422 75 2 245 159 246 29
D 421 79 2 244 351 422 8
D 420 71 5 348 271 220 421 265 277 268 282 390 8
D 419 59 2 241 420 291 8
D 417 49 7 69 418 314 375 307 387 301 397 292 408 237 419 321 8
D 427 37 2 59 58 57 8
D 426 35 2 55 427 60 8
D 425 33 2 333 426 334 8
D 424 29 2 45 425 63 8
D 423 25 2 37 424 65 8
D 429 59 6 166 346 84 242 188 363 339 297 209 376 342 8
D 433 65 2 113 289 105 29
D 432 63 3 287 288 100 433 290 29
D 431 71 4 348 277 265 282 268 350 432 8
D 430 59 2 241 431 291 8
D 428 49 7 314 387 69 429 307 397 301 408 292 419 237 430 321 8
L 439 38 20
D 438 37 2 57 439 59 8
D 437 35 2 55 438 60 8
D 436 33 2 333 437 334 8
D 435 29 2 45 436 63 8
D 434 25 2 37 435 65 8
D 441 59 6 84 346 339 242 166 363 188 376 209 388 342 8
D 444 63 3 266 288 100 433 103 29
D 443 71 3 348 282 265 350 444 8
D 442 59 2 241 443 291 8
D 440 49 7 314 397 69 441 307 408 301 419 292 430 237 442 321 8
D 447 23 2 42 41 40 67
D 446 21 2 38 447 43 39
D 451 37 2 57 439 59 29
D 450 35 2 55 451 60 29
D 449 33 2 333 450 334 29
D 448 29 2 45 449 63 29
D 453 27 2 48 47 46 64
D 455 31 2 53 62 51 52
D 457 37 2 57 58 59 439
D 456 35 2 60 451 55 457
D 458 31 2 53 52 51 8
D 454 33 3 455 450 333 456 458 29
D 459 27 2 48 64 46 8
D 452 29 3 453 449 45 454 459 29
D 461 23 2 42 67 40 8
D 460 21 2 38 461 43 66
D 445 25 3 446 448 37 452 460 29
D 35 39 11 36 68 328 337 357 360 368 373 380 385 391 395 402 406 413 417 423 428 434 440 445 8
D 464 3 2 5 34 7 8
D 463 1 2 3 464 9 8
D 467 11 2 17 28 19 8
D 468 11 2 17 18 19 29
D 466 13 2 467 20 468 8
D 465 9 2 11 466 30 8
D 470 3 2 5 6 7 29
D 469 1 2 3 470 9 29
D 462 5 2 463 465 469 8
D 473 59 6 339 346 84 363 166 376 188 388 209 398 342 8
D 476 63 2 100 433 114 29
D 475 71 2 348 350 476 8
D 474 59 2 241 475 291 8
D 472 49 7 314 408 69 473 307 419 301 430 292 442 237 474 321 8
D 471 39 11 36 337 328 360 357 373 368 385 380 395 391 406 402 417 413 428 423 440 434 472 445 8
D 478 1 2 9 4 3 8
D 479 1 2 9 33 3 29
D 477 5 2 478 465 479 8
D 482 59 6 339 363 84 376 166 388 188 398 209 409 342 8
D 484 45 2 80 324 75 79
D 483 43 3 70 484 325 326 327 29
D 481 49 6 314 419 69 482 307 430 301 442 292 474 483 8
D 480 39 11 36 360 328 373 357 385 368 395 380 406 391 417 402 428 413 440 423 472 434 481 445 8
D 487 3 2 7 6 5 8
D 486 1 2 3 487 9 8
D 489 3 2 7 34 5 29
D 488 1 2 3 489 9 29
D 485 5 2 486 465 488 8
D 492 59 6 339 376 84 388 166 398 188 409 209 420 342 8
D 493 43 3 325 326 70 324 327 29
D 491 49 5 314 430 69 492 307 442 301 474 493 8
D 490 39 11 36 373 328 385 357 395 368 406 380 417 391 428 402 440 413 472 423 481 434 491 445 8
D 497 11 2 19 28 17 8
D 498 11 2 19 18 17 29
D 496 13 2 497 20 498 8
D 495 9 2 11 496 30 8
D 494 5 2 2 495 32 8
D 501 59 6 339 388 84 398 166 409 188 420 209 431 342 8
D 503 41 2 73 72 71 29
D 502 43 2 503 326 327 29
D 500 49 4 314 442 69 501 307 474 502 8
D 499 39 11 36 385 328 395 357 406 368 417 380 428 391 440 402 472 413 481 423 491 434 500 445 8
D 506 7 2 14 13 12 8
D 507 7 2 14 31 12 29
D 505 9 2 506 466 507 8
D 504 5 2 2 505 32 8
D 510 59 6 339 398 84 409 166 420 188 431 209 443 342 8
D 511 43 2 72 326 82 29
D 509 49 3 314 474 69 510 511 8
D 508 39 11 36 395 328 406 357 417 368 428 380 440 391 472 402 481 413 491 423 500 434 509 445 8
D 514 7 2 12 31 14 8
D 515 7 2 12 13 14 29
D 513 9 2 514 466 515 8
D 512 5 2 2 513 32 8
D 518 59 6 339 409 84 420 166 431 188 443 209 475 342 8
D 519 43 2 70 326 81 29
D 517 49 2 69 518 519 8
D 516 39 11 36 406 328 417 357 428 368 440 380 472 391 481 402 491 413 500 423 509 434 517 445 8
D 523 15 2 26 22 21 8
D 522 13 2 467 523 468 8
D 521 9 2 11 522 30 8
D 520 5 2 2 521 32 8
D 529 57 2 92 93 94 29
D 528 55 2 90 529 95 235
D 527 53 3 167 528 343 236 344 29
D 526 59 5 339 420 84 431 166 443 188 475 527 8
D 525 49 2 69 526 519 8
D 524 39 11 36 417 328 428 357 440 368 472 380 481 391 491 402 500 413 509 423 517 434 525 445 8
L 535 18 9
D 534 17 2 23 535 25 8
D 533 15 2 21 534 26 8
D 532 13 2 467 533 468 8
D 531 9 2 11 532 30 8
D 530 5 2 2 531 32 8
D 540 55 2 95 235 90 29
D 539 53 3 167 540 343 236 344 29
D 538 59 4 339 431 84 443 166 475 539 8
D 537 49 2 69 538 519 8
D 536 39 11 36 428 328 440 357 472 368 481 380 491 391 500 402 509 413 517 423 525 434 537 445 8
D 545 17 2 25 24 23 8
D 544 15 2 21 545 26 8
D 543 13 2 467 544 468 8
D 542 9 2 11 543 30 8
D 541 5 2 2 542 32 8
D 550 51 2 86 97 88 87
D 549 53 2 343 236 550 29
D 548 59 3 339 443 84 475 549 8
D 547 49 2 69 548 519 8
D 546 39 11 36 440 328 472 357 481 368 491 380 500 391 509 402 517 413 525 423 537 434 547 445 8
D 555 17 2 23 24 25 535
D 556 17 2 23 535 25 29
D 554 15 2 21 555 26 556
D 557 11 2 19 28 17 18
D 558 15 2 21 556 26 29
D 559 11 2 19 18 17 8
D 553 13 3 467 554 557 558 559 29
D 560 7 2 14 13 12 31
D 561 13 2 467 558 468 29
D 562 7 2 14 31 12 8
D 552 9 3 11 553 560 561 562 29
D 564 3 2 7 6 5 34
D 563 1 2 3 564 9 4
D 565 9 2 11 561 30 29
D 567 3 2 7 34 5 8
D 566 1 2 3 567 9 33
D 551 5 3 2 552 563 565 566 29
D 0 19 11 1 35 462 471 477 480 485 490 494 499 504 508 512 516 520 524 530 536 541 546 551 8
