c ids of sdd nodes start at 0
c sdd nodes appear bottom-up, children before parents
c
c file syntax:
c sdd count-of-sdd-nodes
c F id-of-false-sdd-node
c T id-of-true-sdd-node
c L id-of-literal-sdd-node id-of-vtree literal
c D id-of-decomposition-sdd-node id-of-vtree number-of-elements {id-of-prime id-of-sub}*
c
sdd 265
L 3 0 -3
L 5 2 -4
L 6 4 -2
L 7 2 4
F 8
D 4 3 2 5 6 7 8
L 9 0 3
D 2 1 2 3 4 9 8
L 12 6 -6
L 13 8 -7
L 14 6 6
D 11 7 2 12 13 14 8
L 17 10 -5
L 18 12 1
L 19 10 5
D 16 11 2 17 18 19 8
L 21 14 -8
L 23 16 -10
L 24 18 -9
L 25 16 10
D 22 17 2 23 24 25 8
L 26 14 8
D 20 15 2 21 22 26 8
L 28 12 -1
T 29
D 27 11 2 17 28 19 29
D 15 13 2 16 20 27 8
L 31 8 7
D 30 7 2 12 31 14 29
D 10 9 2 11 15 30 8
L 34 4 2
D 33 3 2 5 34 7 29
D 32 1 2 3 33 9 29
D 1 5 2 2 10 32 8
L 38 20 -13
L 40 22 -14
L 41 24 -12
L 42 22 14
D 39 23 2 40 41 42 8
L 43 20 13
D 37 21 2 38 39 43 8
L 46 26 -16
L 47 28 -17
L 48 26 16
D 45 27 2 46 47 48 8
L 51 30 -15
L 52 32 11
L 53 30 15
D 50 31 2 51 52 53 8
L 55 34 -18
L 57 36 -19
L 58 38 -20
L 59 36 19
D 56 37 2 57 58 59 8
L 60 34 18
D 54 35 2 55 56 60 8
L 62 32 -11
D 61 31 2 51 62 53 29
D 49 33 2 50 54 61 8
L 64 28 17
D 63 27 2 46 64 48 29
D 44 29 2 45 49 63 8
L 67 24 12
D 66 23 2 40 67 42 29
D 65 21 2 38 66 43 29
D 36 25 2 37 44 65 8
L 71 40 -26
L 72 42 -27
L 73 40 26
D 70 41 2 71 72 73 8
L 75 44 -28
L 77 46 -30
L 78 48 -29
L 79 46 30
D 76 47 2 77 78 79 8
L 80 44 28
D 74 45 2 75 76 80 8
L 82 42 27
D 81 41 2 71 82 73 29
D 69 43 2 70 74 81 8
L 86 50 21
L 87 52 -22
L 88 50 -21
D 85 51 2 86 87 88 8
L 90 54 -23
L 92 56 -25
L 93 58 -24
L 94 56 25
D 91 57 2 92 93 94 8
L 95 54 23
D 89 55 2 90 91 95 8
L 97 52 22
D 96 51 2 86 97 88 29
D 84 53 2 85 89 96 8
L 101 60 -33
L 102 62 -32
L 103 60 33
D 100 61 2 101 102 103 8
L 105 64 31
L 107 66 -38
L 109 68 -39
L 110 70 -40
L 111 68 39
D 108 69 2 109 110 111 8
L 112 66 38
D 106 67 2 107 108 112 8
L 113 64 -31
D 104 65 2 105 106 113 8
L 115 62 32
D 114 61 2 101 115 103 29
D 99 63 2 100 104 114 8
L 119 72 -34
L 120 74 -35
L 121 72 34
D 118 73 2 119 120 121 8
L 123 76 -36
L 124 78 -37
L 125 76 36
D 122 77 2 123 124 125 8
L 127 74 35
D 126 73 2 119 127 121 29
D 117 75 2 118 122 126 8
L 130 80 -42
L 131 82 43
L 132 80 42
D 129 81 2 130 131 132 8
L 135 84 -41
L 136 86 -44
L 137 84 41
D 134 85 2 135 136 137 8
L 139 88 -45
L 141 90 -46
L 143 92 -47
L 145 94 -48
L 147 96 -50
L 148 98 -49
L 149 96 50
D 146 97 2 147 148 149 8
L 150 94 48
D 144 95 2 145 146 150 8
L 151 92 47
D 142 93 2 143 144 151 8
L 152 90 46
D 140 91 2 141 142 152 8
L 153 88 45
D 138 89 2 139 140 153 8
L 155 86 44
D 154 85 2 135 155 137 29
D 133 87 2 134 138 154 8
L 157 82 -43
D 156 81 2 130 157 132 29
D 128 83 2 129 133 156 8
L 160 78 37
D 159 77 2 123 160 125 29
D 158 75 2 118 159 126 29
D 116 79 2 117 128 158 8
D 162 61 2 101 115 103 8
D 163 65 2 113 106 105 8
D 164 61 2 101 102 103 29
D 161 63 2 162 163 164 8
D 167 81 2 132 157 130 8
D 168 81 2 132 131 130 29
D 166 83 2 167 133 168 8
D 165 79 2 117 166 158 8
D 170 61 2 103 102 101 8
D 171 61 2 103 115 101 29
D 169 63 2 170 163 171 8
D 174 81 2 130 157 132 8
D 176 85 2 137 136 135 8
D 177 85 2 137 155 135 29
D 175 87 2 176 138 177 8
D 178 81 2 130 131 132 29
D 173 83 2 174 175 178 8
D 172 79 2 117 173 158 8
D 180 61 2 103 102 101 115
L 184 70 40
D 183 69 2 109 184 111 29
D 182 67 2 107 183 112 29
D 181 65 2 113 182 105 29
D 185 65 2 105 182 113 29
D 186 61 2 103 115 101 8
D 179 63 3 180 181 100 185 186 29
D 98 71 4 99 116 161 165 169 172 179 8
D 188 51 2 88 97 86 8
D 189 51 2 88 87 86 29
D 187 53 2 188 89 189 8
D 191 63 3 162 181 100 185 103 29
D 190 71 3 99 165 161 172 191 8
D 193 51 2 88 87 86 8
D 194 55 2 95 91 90 8
D 195 51 2 88 97 86 29
D 192 53 2 193 194 195 8
D 197 63 2 100 185 114 29
D 196 71 2 99 172 197 8
L 201 58 24
D 200 57 2 92 201 94 29
D 199 55 2 95 200 90 29
D 202 51 2 86 87 88 97
D 203 55 2 90 200 95 29
D 204 51 2 86 97 88 8
D 198 53 3 193 199 202 203 204 29
D 83 59 4 84 98 187 190 192 196 198 8
L 208 48 29
D 207 47 2 77 208 79 29
D 206 45 2 75 207 80 29
D 205 43 2 70 206 81 29
D 68 49 2 69 83 205 8
D 211 23 2 40 67 42 8
D 210 21 2 38 211 43 8
D 214 31 2 51 62 53 8
D 215 31 2 51 52 53 29
D 213 33 2 214 54 215 8
D 212 29 2 45 213 63 8
D 217 23 2 40 41 42 29
D 216 21 2 38 217 43 29
D 209 25 2 210 212 216 8
D 221 51 2 88 87 86 97
D 220 53 2 202 203 221 29
D 219 59 3 84 190 187 196 220 8
D 218 49 2 69 219 205 8
D 223 21 2 43 39 38 8
D 224 21 2 43 66 38 29
D 222 25 2 223 212 224 8
D 227 53 2 85 203 96 29
D 226 59 2 84 196 227 8
D 225 49 2 69 226 205 8
L 233 38 20
D 232 37 2 57 233 59 29
D 231 35 2 55 232 60 29
D 230 33 2 50 231 61 29
D 229 29 2 45 230 63 29
D 234 21 2 38 211 43 39
D 236 33 2 214 231 215 29
D 235 29 2 45 236 63 29
D 237 21 2 43 66 38 42
D 228 25 3 37 229 234 235 237 29
D 35 39 4 36 68 209 218 222 225 228 8
D 240 3 2 5 34 7 8
D 239 1 2 3 240 9 8
D 243 11 2 17 28 19 8
D 244 11 2 17 18 19 29
D 242 13 2 243 20 244 8
D 241 9 2 11 242 30 8
D 246 3 2 5 6 7 29
D 245 1 2 3 246 9 29
D 238 5 2 239 241 245 8
D 249 21 2 38 42 43 29
D 248 25 3 37 229 210 235 249 29
D 247 39 3 36 218 209 225 248 8
D 251 1 2 9 4 3 8
D 252 1 2 9 33 3 29
D 250 5 2 251 241 252 8
D 254 25 2 37 229 65 29
D 253 39 2 36 225 254 8
D 256 1 2 3 240 9 4
L 261 18 9
D 260 17 2 23 261 25 29
D 259 15 2 21 260 26 29
D 258 13 2 243 259 244 29
D 257 9 2 11 258 30 29
D 263 13 2 16 259 27 29
D 262 9 2 11 263 30 29
D 264 1 2 9 33 3 7
D 255 5 3 256 257 2 262 264 29
D 0 19 4 1 35 238 247 250 253 255 8
