c ids of sdd nodes start at 0
c sdd nodes appear bottom-up, children before parents
c
c file syntax:
c sdd count-of-sdd-nodes
c F id-of-false-sdd-node
c T id-of-true-sdd-node
c L id-of-literal-sdd-node id-of-vtree literal
c D id-of-decomposition-sdd-node id-of-vtree number-of-elements {id-of-prime id-of-sub}*
c
sdd 568
L 3 0 -3
L 5 2 -4
L 6 4 -2
L 7 2 4
F 8
D 4 3 2 5 6 7 8
L 9 0 3
D 2 1 2 3 4 9 8
L 12 6 -6
L 13 8 -7
L 14 6 6
D 11 7 2 12 13 14 8
L 17 10 -5
L 18 12 1
L 19 10 5
D 16 11 2 17 18 19 8
L 21 14 -8
L 23 16 -10
L 24 18 -9
L 25 16 10
D 22 17 2 23 24 25 8
L 26 14 8
D 20 15 2 21 22 26 8
L 28 12 -1
T 29
D 27 11 2 17 28 19 29
D 15 13 2 16 20 27 8
L 31 8 7
D 30 7 2 12 31 14 29
D 10 9 2 11 15 30 8
L 34 4 2
D 33 3 2 5 34 7 29
D 32 1 2 3 33 9 29
D 1 5 2 2 10 32 8
L 38 20 -13
L 40 22 -14
L 41 24 -12
L 42 22 14
D 39 23 2 40 41 42 8
L 43 20 13
D 37 21 2 38 39 43 8
L 46 26 -16
L 47 28 -17
L 48 26 16
D 45 27 2 46 47 48 8
L 51 30 -15
L 52 32 11
L 53 30 15
D 50 31 2 51 52 53 8
L 55 34 -18
L 57 36 -19
L 58 38 -20
L 59 36 19
D 56 37 2 57 58 59 8
L 60 34 18
D 54 35 2 55 56 60 8
L 62 32 -11
D 61 31 2 51 62 53 29
D 49 33 2 50 54 61 8
L 64 28 17
D 63 27 2 46 64 48 29
D 44 29 2 45 49 63 8
L 67 24 12
D 66 23 2 40 67 42 29
D 65 21 2 38 66 43 29
D 36 25 2 37 44 65 8
L 71 40 -26
L 72 42 -27
L 73 40 26
D 70 41 2 71 72 73 8
L 75 44 -28
L 77 46 -30
L 78 48 -29
L 79 46 30
D 76 47 2 77 78 79 8
L 80 44 28
D 74 45 2 75 76 80 8
L 82 42 27
D 81 41 2 71 82 73 29
D 69 43 2 70 74 81 8
L 86 50 -21
L 87 52 -22
L 88 50 21
D 85 51 2 86 87 88 8
L 90 54 23
L 92 56 -25
L 93 58 -24
L 94 56 25
D 91 57 2 92 93 94 8
L 95 54 -23
D 89 55 2 90 91 95 8
L 97 52 22
D 96 51 2 86 97 88 29
D 84 53 2 85 89 96 8
L 101 60 -33
L 102 62 -32
L 103 60 33
D 100 61 2 101 102 103 8
L 105 64 -31
L 107 66 -38
L 109 68 -39
L 110 70 40
L 111 68 39
D 108 69 2 109 110 111 8
L 112 66 38
D 106 67 2 107 108 112 8
L 113 64 31
D 104 65 2 105 106 113 8
L 115 62 32
D 114 61 2 101 115 103 29
D 99 63 2 100 104 114 8
L 119 72 -34
L 120 74 -35
L 121 72 34
D 118 73 2 119 120 121 8
L 123 76 -36
L 124 78 -37
L 125 76 36
D 122 77 2 123 124 125 8
L 127 74 35
D 126 73 2 119 127 121 29
D 117 75 2 118 122 126 8
L 130 80 -42
L 131 82 -43
L 132 80 42
D 129 81 2 130 131 132 8
L 135 84 -41
L 136 86 -44
L 137 84 41
D 134 85 2 135 136 137 8
L 139 88 -45
L 141 90 -46
L 143 92 -47
L 145 94 -48
L 147 96 50
L 148 98 -49
L 149 96 -50
D 146 97 2 147 148 149 8
L 150 94 48
D 144 95 2 145 146 150 8
L 151 92 47
D 142 93 2 143 144 151 8
L 152 90 46
D 140 91 2 141 142 152 8
L 153 88 45
D 138 89 2 139 140 153 8
L 155 86 44
D 154 85 2 135 155 137 29
D 133 87 2 134 138 154 8
L 157 82 43
D 156 81 2 130 157 132 29
D 128 83 2 129 133 156 8
L 160 78 37
D 159 77 2 123 160 125 29
D 158 75 2 118 159 126 29
D 116 79 2 117 128 158 8
L 165 70 -40
D 164 69 2 109 165 111 29
D 163 67 2 107 164 112 29
D 162 65 2 105 163 113 29
D 161 63 2 100 162 114 29
D 98 71 2 99 116 161 8
L 169 58 24
D 168 57 2 92 169 94 8
D 167 55 2 95 168 90 8
D 166 53 2 85 167 96 8
D 174 69 2 111 165 109 8
D 173 67 2 107 174 112 8
D 172 65 2 105 173 113 8
D 171 63 2 100 172 114 8
L 183 98 49
D 182 97 2 149 183 147 8
D 181 95 2 145 182 150 8
D 180 93 2 143 181 151 8
D 179 91 2 141 180 152 8
D 178 89 2 139 179 153 8
D 177 87 2 134 178 154 8
D 176 83 2 129 177 156 8
D 175 79 2 117 176 158 8
D 187 69 2 109 165 111 110
D 186 67 2 107 187 112 29
D 185 65 2 105 186 113 29
D 184 63 2 100 185 114 29
D 170 71 3 171 116 99 175 184 8
D 190 57 2 94 93 92 8
D 189 55 2 95 190 90 8
D 188 53 2 85 189 96 8
D 195 69 2 109 165 111 8
D 194 67 2 112 195 107 8
D 193 65 2 105 194 113 8
D 192 63 2 100 193 114 8
D 203 97 2 149 148 147 8
D 202 95 2 150 203 145 8
D 201 93 2 143 202 151 8
D 200 91 2 141 201 152 8
D 199 89 2 139 200 153 8
D 198 87 2 134 199 154 8
D 197 83 2 129 198 156 8
D 196 79 2 117 197 158 8
D 207 69 2 109 110 111 29
D 206 67 2 107 187 112 207
D 205 65 2 105 206 113 29
D 204 63 2 100 205 114 29
D 191 71 4 192 116 99 196 171 175 204 8
D 210 57 2 92 93 94 169
D 211 57 2 92 169 94 29
D 209 55 2 95 210 90 211
D 208 53 2 85 209 96 29
D 83 59 4 84 98 166 170 188 191 208 8
D 214 47 2 79 78 77 8
D 213 45 2 75 214 80 8
D 212 43 2 70 213 81 8
D 217 55 2 95 91 90 8
D 216 53 2 85 217 96 8
D 220 61 2 103 102 101 8
D 222 67 2 107 195 112 8
D 221 65 2 105 222 113 8
D 223 61 2 103 115 101 29
D 219 63 2 220 221 223 8
D 224 63 2 100 221 114 8
D 227 73 2 121 120 119 8
D 228 73 2 121 127 119 29
D 226 75 2 227 122 228 8
D 230 73 2 119 127 121 8
D 231 73 2 119 120 121 29
D 229 75 2 230 122 231 8
D 233 77 2 125 124 123 8
D 232 75 2 118 233 126 8
D 239 95 2 145 203 150 8
D 238 93 2 151 239 143 8
D 237 91 2 141 238 152 8
D 236 89 2 139 237 153 8
D 235 87 2 134 236 154 8
D 234 83 2 129 235 156 8
D 241 77 2 123 160 125 8
D 240 75 2 118 241 126 8
D 246 93 2 143 239 151 8
D 245 91 2 152 246 141 8
D 244 89 2 139 245 153 8
D 243 87 2 134 244 154 8
D 242 83 2 129 243 156 8
D 248 77 2 123 124 125 160
D 249 73 2 121 120 119 127
D 250 73 2 121 127 119 8
D 247 75 3 118 248 249 159 250 29
D 225 79 5 226 176 229 197 232 234 240 242 247 8
D 255 91 2 141 246 152 8
D 254 89 2 153 255 139 8
D 253 87 2 134 254 154 8
D 252 83 2 129 253 156 8
D 251 79 2 117 252 158 8
D 259 85 2 135 155 137 8
D 260 89 2 139 255 153 8
D 261 85 2 135 136 137 29
D 258 87 2 259 260 261 8
D 257 83 2 129 258 156 8
D 256 79 2 117 257 158 8
D 264 81 2 130 157 132 8
D 265 87 2 134 260 154 8
D 266 81 2 130 131 132 29
D 263 83 2 264 265 266 8
D 262 79 2 117 263 158 8
D 270 69 2 111 110 109 8
D 269 67 2 107 270 112 207
D 268 65 2 105 269 113 29
D 272 67 2 107 207 112 29
D 271 65 2 105 272 113 29
D 267 63 3 100 268 220 271 115 29
D 218 71 6 219 116 224 225 192 251 171 256 99 262 267 8
D 274 55 2 95 211 90 29
D 273 53 2 85 274 96 29
D 215 59 2 216 218 273 8
L 278 48 29
D 277 47 2 77 278 79 8
D 276 45 2 75 277 80 8
D 275 43 2 70 276 81 8
D 281 79 5 226 128 229 176 232 197 240 234 247 8
D 282 79 2 117 242 158 8
D 283 63 2 100 268 114 29
D 280 71 5 224 281 192 282 171 251 99 256 283 8
D 279 59 2 216 280 273 8
D 285 45 2 80 76 75 8
D 284 43 2 70 285 81 8
D 289 75 3 118 248 230 159 121 29
D 288 79 4 229 128 232 176 240 197 289 8
D 290 79 2 117 234 158 8
D 287 71 5 224 288 171 282 99 251 192 290 283 8
D 286 59 2 216 287 273 8
D 292 41 2 71 82 73 8
D 293 41 2 71 72 73 29
D 291 43 2 292 74 293 8
D 297 75 2 118 248 126 29
D 296 79 3 232 128 240 176 297 8
D 295 71 5 99 282 224 296 171 290 192 196 283 8
D 294 59 2 216 295 273 8
D 299 41 2 73 72 71 8
D 300 41 2 73 82 71 29
D 298 43 2 299 74 300 8
D 305 77 2 123 124 125 29
D 304 75 2 118 305 126 29
D 303 79 2 240 128 304 8
D 302 71 5 99 290 171 196 192 175 224 303 283 8
D 301 59 2 216 302 273 8
D 308 47 2 79 278 77 8
D 309 47 2 77 278 79 29
D 307 45 2 75 308 80 309
D 310 41 2 73 72 71 82
D 311 45 2 75 309 80 29
D 312 41 2 73 82 71 8
D 306 43 3 70 307 310 311 312 29
D 68 49 7 69 83 212 215 275 279 284 286 291 294 298 301 306 8
D 315 23 2 40 67 42 8
D 314 21 2 38 315 43 8
D 318 31 2 51 62 53 8
D 319 31 2 51 52 53 29
D 317 33 2 318 54 319 8
D 316 29 2 45 317 63 8
D 321 23 2 40 41 42 29
D 320 21 2 38 321 43 29
D 313 25 2 314 316 320 8
D 325 51 2 86 97 88 8
D 326 51 2 86 87 88 29
D 324 53 2 325 217 326 8
D 327 53 3 85 209 325 274 88 29
D 323 59 5 324 98 84 170 166 191 188 302 327 8
D 330 79 5 226 197 229 234 232 242 240 252 247 8
D 332 61 2 101 115 103 8
D 333 61 2 101 102 103 29
D 331 63 2 332 221 333 8
D 336 81 2 132 131 130 8
D 337 81 2 132 157 130 29
D 335 83 2 336 265 337 8
D 334 79 2 117 335 158 8
D 339 61 2 103 102 101 115
D 340 61 2 103 115 101 8
D 338 63 3 100 268 339 271 340 29
D 329 71 7 224 330 331 116 219 175 192 256 171 262 99 334 338 8
D 328 59 2 216 329 273 8
D 322 49 7 69 323 212 328 275 215 284 279 291 286 298 294 306 8
D 342 21 2 43 39 38 8
D 343 21 2 43 66 38 29
D 341 25 2 342 316 343 8
D 347 51 2 88 87 86 8
D 348 51 2 88 97 86 29
D 346 53 2 347 217 348 8
D 350 51 2 88 87 86 97
D 351 51 2 88 97 86 8
D 349 53 3 85 209 350 274 351 29
D 345 59 6 346 98 324 170 84 191 188 295 166 302 349 8
D 354 79 5 226 234 229 242 232 252 240 257 247 8
D 356 65 2 113 222 105 8
D 355 63 2 100 356 114 8
D 360 85 2 137 136 135 8
D 361 85 2 137 155 135 29
D 359 87 2 360 260 361 8
D 358 83 2 129 359 156 8
D 357 79 2 117 358 158 8
D 363 65 2 105 269 113 272
D 362 63 3 100 363 339 271 340 29
D 353 71 8 224 354 355 116 219 196 331 175 192 262 171 334 99 357 362 8
D 352 59 2 216 353 273 8
D 344 49 7 69 345 212 352 275 328 284 215 291 279 298 286 306 8
D 366 23 2 42 41 40 8
D 365 21 2 38 366 43 8
D 368 23 2 42 67 40 29
D 367 21 2 38 368 43 29
D 364 25 2 365 316 367 8
D 370 59 6 346 170 324 191 188 287 166 295 84 302 349 8
D 373 79 5 226 242 229 252 232 257 240 263 247 8
D 376 67 2 112 207 107 110
D 375 65 2 105 376 113 272
D 374 63 3 100 375 339 271 340 29
D 372 71 7 224 373 219 290 331 196 355 175 192 334 171 357 374 8
D 371 59 2 216 372 273 8
D 369 49 7 69 370 275 352 212 371 284 328 291 215 298 279 306 8
D 380 31 2 53 62 51 8
D 381 31 2 53 52 51 29
D 379 33 2 380 54 381 8
D 378 29 2 45 379 63 8
D 377 25 2 37 378 65 8
D 383 59 6 346 191 188 280 166 287 84 295 324 302 349 8
D 386 79 5 226 252 229 257 232 263 240 335 247 8
D 388 65 2 113 272 105 207
D 387 63 3 100 388 339 271 340 29
D 385 71 6 224 386 219 282 331 290 355 196 192 357 387 8
D 384 59 2 216 385 273 8
D 382 49 7 69 383 284 352 275 371 212 384 291 328 298 215 306 8
D 391 27 2 48 47 46 8
D 392 27 2 48 64 46 29
D 390 29 2 391 317 392 8
D 389 25 2 37 390 65 8
D 394 59 6 188 218 166 280 84 287 324 295 346 302 349 8
D 397 79 5 226 257 229 263 232 335 240 358 247 8
D 398 63 3 339 271 100 272 340 29
D 396 71 5 224 397 331 282 219 251 355 290 398 8
D 395 59 2 216 396 273 8
D 393 49 7 69 394 291 352 284 371 275 384 212 395 298 328 306 8
D 401 27 2 46 64 48 8
D 402 27 2 46 47 48 29
D 400 29 2 401 317 402 8
D 399 25 2 37 400 65 8
D 404 59 6 188 329 166 218 84 280 324 287 346 295 349 8
D 409 77 2 125 160 123 29
D 408 75 3 118 409 249 159 250 29
D 407 79 4 226 263 229 335 232 358 408 8
D 406 71 5 224 407 355 282 331 251 219 256 398 8
D 405 59 2 216 406 273 8
D 403 49 7 69 404 298 352 291 371 284 384 275 395 212 405 306 8
D 413 35 2 60 56 55 8
D 412 33 2 318 413 319 8
D 411 29 2 45 412 63 8
D 410 25 2 37 411 65 8
D 415 59 6 188 353 166 329 84 218 324 280 346 287 349 8
D 420 73 2 119 120 121 127
D 419 75 2 249 159 420 29
D 418 79 3 226 335 229 358 419 8
D 417 71 5 355 251 224 418 331 256 219 262 398 8
D 416 59 2 216 417 273 8
D 414 49 7 69 415 298 371 291 384 284 395 275 405 212 416 306 8
D 425 37 2 59 58 57 8
D 424 35 2 55 425 60 8
D 423 33 2 318 424 319 8
D 422 29 2 45 423 63 8
D 421 25 2 37 422 65 8
D 427 59 6 166 353 84 329 188 372 324 218 346 280 349 8
D 431 75 2 227 159 228 29
D 430 79 2 226 358 431 8
D 429 71 5 355 256 224 430 331 262 219 334 398 8
D 428 59 2 216 429 273 8
D 426 49 7 69 427 298 384 291 395 284 405 275 416 212 428 306 8
L 437 38 20
D 436 37 2 57 437 59 8
D 435 35 2 55 436 60 8
D 434 33 2 318 435 319 8
D 433 29 2 45 434 63 8
D 432 25 2 37 433 65 8
D 439 59 6 84 353 324 329 166 372 346 218 188 385 349 8
D 443 65 2 113 272 105 29
D 442 63 3 339 271 100 443 340 29
D 441 71 4 355 262 331 334 219 357 442 8
D 440 59 2 216 441 273 8
D 438 49 7 298 395 69 439 291 405 284 416 275 428 212 440 306 8
D 446 23 2 42 41 40 67
D 445 21 2 38 446 43 39
D 450 37 2 57 437 59 29
D 449 35 2 55 450 60 29
D 448 33 2 318 449 319 29
D 447 29 2 45 448 63 29
D 452 27 2 48 47 46 64
D 454 31 2 53 62 51 52
D 456 37 2 57 58 59 437
D 455 35 2 60 450 55 456
D 457 31 2 53 52 51 8
D 453 33 3 454 449 318 455 457 29
D 458 27 2 48 64 46 8
D 451 29 3 452 448 45 453 458 29
D 460 23 2 42 67 40 8
D 459 21 2 38 460 43 66
D 444 25 3 445 447 37 451 459 29
D 35 39 11 36 68 313 322 341 344 364 369 377 382 389 393 399 403 410 414 421 426 432 438 444 8
D 463 3 2 5 34 7 8
D 462 1 2 3 463 9 8
D 466 11 2 17 28 19 8
D 467 11 2 17 18 19 29
D 465 13 2 466 20 467 8
D 464 9 2 11 465 30 8
D 469 3 2 5 6 7 29
D 468 1 2 3 469 9 29
D 461 5 2 462 464 468 8
D 472 59 6 324 353 346 329 84 372 166 385 188 396 349 8
D 475 63 3 332 271 100 443 103 29
D 474 71 3 355 334 331 357 475 8
D 473 59 2 216 474 273 8
D 471 49 7 298 405 69 472 291 416 284 428 275 440 212 473 306 8
D 470 39 11 36 322 313 344 341 369 364 382 377 393 389 403 399 414 410 426 421 438 432 471 444 8
D 477 1 2 9 4 3 8
D 478 1 2 9 33 3 29
D 476 5 2 477 464 478 8
D 481 59 6 346 353 324 372 84 385 166 396 188 406 349 8
D 484 63 2 100 443 114 29
D 483 71 2 355 357 484 8
D 482 59 2 216 483 273 8
D 480 49 7 298 416 69 481 291 428 284 440 275 473 212 482 306 8
D 479 39 11 36 344 313 369 341 382 364 393 377 403 389 414 399 426 410 438 421 471 432 480 444 8
D 487 3 2 7 6 5 8
D 486 1 2 3 487 9 8
D 489 3 2 7 34 5 29
D 488 1 2 3 489 9 29
D 485 5 2 486 464 488 8
D 492 59 6 346 372 324 385 84 396 166 406 188 417 349 8
D 494 45 2 80 309 75 79
D 493 43 3 70 494 310 311 312 29
D 491 49 6 298 428 69 492 291 440 284 473 275 482 493 8
D 490 39 11 36 369 313 382 341 393 364 403 377 414 389 426 399 438 410 471 421 480 432 491 444 8
D 498 11 2 19 28 17 8
D 499 11 2 19 18 17 29
D 497 13 2 498 20 499 8
D 496 9 2 11 497 30 8
D 495 5 2 2 496 32 8
D 502 59 6 346 385 324 396 84 406 166 417 188 429 349 8
D 503 43 3 310 311 70 309 312 29
D 501 49 5 298 440 69 502 291 473 284 482 503 8
D 500 39 11 36 382 313 393 341 403 364 414 377 426 389 438 399 471 410 480 421 491 432 501 444 8
D 506 7 2 14 13 12 8
D 507 7 2 14 31 12 29
D 505 9 2 506 465 507 8
D 504 5 2 2 505 32 8
D 510 59 6 346 396 324 406 84 417 166 429 188 441 349 8
D 512 41 2 73 72 71 29
D 511 43 2 512 311 312 29
D 509 49 4 298 473 69 510 291 482 511 8
D 508 39 11 36 393 313 403 341 414 364 426 377 438 389 471 399 480 410 491 421 501 432 509 444 8
D 515 7 2 12 31 14 8
D 516 7 2 12 13 14 29
D 514 9 2 515 465 516 8
D 513 5 2 2 514 32 8
D 519 59 6 346 406 324 417 84 429 166 441 188 474 349 8
D 520 43 2 72 311 82 29
D 518 49 3 298 482 69 519 520 8
D 517 39 11 36 403 313 414 341 426 364 438 377 471 389 480 399 491 410 501 421 509 432 518 444 8
D 524 15 2 26 22 21 8
D 523 13 2 466 524 467 8
D 522 9 2 11 523 30 8
D 521 5 2 2 522 32 8
D 527 59 6 346 417 324 429 84 441 166 474 188 483 349 8
D 528 43 2 70 311 81 29
D 526 49 2 69 527 528 8
D 525 39 11 36 414 313 426 341 438 364 471 377 480 389 491 399 501 410 509 421 518 432 526 444 8
L 534 18 9
D 533 17 2 23 534 25 8
D 532 15 2 21 533 26 8
D 531 13 2 466 532 467 8
D 530 9 2 11 531 30 8
D 529 5 2 2 530 32 8
D 540 57 2 92 93 94 29
D 539 55 2 95 540 90 211
D 538 53 3 85 539 350 274 351 29
D 537 59 5 346 429 324 441 84 474 166 483 538 8
D 536 49 2 69 537 528 8
D 535 39 11 36 426 313 438 341 471 364 480 377 491 389 501 399 509 410 518 421 526 432 536 444 8
D 545 17 2 25 24 23 8
D 544 15 2 21 545 26 8
D 543 13 2 466 544 467 8
D 542 9 2 11 543 30 8
D 541 5 2 2 542 32 8
D 550 55 2 90 211 95 29
D 549 53 3 85 550 350 274 351 29
D 548 59 4 346 441 324 474 84 483 549 8
D 547 49 2 69 548 528 8
D 546 39 11 36 438 313 471 341 480 364 491 377 501 389 509 399 518 410 526 421 536 432 547 444 8
D 555 17 2 23 24 25 534
D 556 17 2 23 534 25 29
D 554 15 2 21 555 26 556
D 557 11 2 19 28 17 18
D 558 15 2 21 556 26 29
D 559 11 2 19 18 17 8
D 553 13 3 466 554 557 558 559 29
D 560 7 2 14 13 12 31
D 561 13 2 466 558 467 29
D 562 7 2 14 31 12 8
D 552 9 3 11 553 560 561 562 29
D 564 3 2 7 6 5 34
D 563 1 2 3 564 9 4
D 565 9 2 11 561 30 29
D 567 3 2 7 34 5 8
D 566 1 2 3 567 9 33
D 551 5 3 2 552 563 565 566 29
D 0 19 11 1 35 461 470 476 479 485 490 495 500 504 508 513 517 521 525 529 535 541 546 551 8
