c ids of sdd nodes start at 0
c sdd nodes appear bottom-up, children before parents
c
c file syntax:
c sdd count-of-sdd-nodes
c F id-of-false-sdd-node
c T id-of-true-sdd-node
c L id-of-literal-sdd-node id-of-vtree literal
c D id-of-decomposition-sdd-node id-of-vtree number-of-elements {id-of-prime id-of-sub}*
c
sdd 569
L 3 0 -3
L 5 2 -4
L 6 4 -2
L 7 2 4
F 8
D 4 3 2 5 6 7 8
L 9 0 3
D 2 1 2 3 4 9 8
L 12 6 -6
L 13 8 -7
L 14 6 6
D 11 7 2 12 13 14 8
L 17 10 -5
L 18 12 1
L 19 10 5
D 16 11 2 17 18 19 8
L 21 14 -8
L 23 16 -10
L 24 18 -9
L 25 16 10
D 22 17 2 23 24 25 8
L 26 14 8
D 20 15 2 21 22 26 8
L 28 12 -1
T 29
D 27 11 2 17 28 19 29
D 15 13 2 16 20 27 8
L 31 8 7
D 30 7 2 12 31 14 29
D 10 9 2 11 15 30 8
L 34 4 2
D 33 3 2 5 34 7 29
D 32 1 2 3 33 9 29
D 1 5 2 2 10 32 8
L 38 20 -13
L 40 22 -14
L 41 24 -12
L 42 22 14
D 39 23 2 40 41 42 8
L 43 20 13
D 37 21 2 38 39 43 8
L 46 26 -16
L 47 28 -17
L 48 26 16
D 45 27 2 46 47 48 8
L 51 30 -15
L 52 32 11
L 53 30 15
D 50 31 2 51 52 53 8
L 55 34 -18
L 57 36 -19
L 58 38 -20
L 59 36 19
D 56 37 2 57 58 59 8
L 60 34 18
D 54 35 2 55 56 60 8
L 62 32 -11
D 61 31 2 51 62 53 29
D 49 33 2 50 54 61 8
L 64 28 17
D 63 27 2 46 64 48 29
D 44 29 2 45 49 63 8
L 67 24 12
D 66 23 2 40 67 42 29
D 65 21 2 38 66 43 29
D 36 25 2 37 44 65 8
L 71 40 -26
L 72 42 -27
L 73 40 26
D 70 41 2 71 72 73 8
L 75 44 -28
L 77 46 30
L 78 48 -29
L 79 46 -30
D 76 47 2 77 78 79 8
L 80 44 28
D 74 45 2 75 76 80 8
L 82 42 27
D 81 41 2 71 82 73 29
D 69 43 2 70 74 81 8
L 86 50 -21
L 87 52 -22
L 88 50 21
D 85 51 2 86 87 88 8
L 90 54 -23
L 92 56 -25
L 93 58 -24
L 94 56 25
D 91 57 2 92 93 94 8
L 95 54 23
D 89 55 2 90 91 95 8
L 97 52 22
D 96 51 2 86 97 88 29
D 84 53 2 85 89 96 8
L 101 60 -33
L 102 62 -32
L 103 60 33
D 100 61 2 101 102 103 8
L 105 64 -31
L 107 66 -38
L 109 68 -39
L 110 70 -40
L 111 68 39
D 108 69 2 109 110 111 8
L 112 66 38
D 106 67 2 107 108 112 8
L 113 64 31
D 104 65 2 105 106 113 8
L 115 62 32
D 114 61 2 101 115 103 29
D 99 63 2 100 104 114 8
L 119 72 34
L 120 74 -35
L 121 72 -34
D 118 73 2 119 120 121 8
L 123 76 -36
L 124 78 -37
L 125 76 36
D 122 77 2 123 124 125 8
L 127 74 35
D 126 73 2 119 127 121 29
D 117 75 2 118 122 126 8
L 130 80 -42
L 131 82 -43
L 132 80 42
D 129 81 2 130 131 132 8
L 135 84 -41
L 136 86 -44
L 137 84 41
D 134 85 2 135 136 137 8
L 139 88 -45
L 141 90 -46
L 143 92 -47
L 145 94 -48
L 147 96 50
L 148 98 -49
L 149 96 -50
D 146 97 2 147 148 149 8
L 150 94 48
D 144 95 2 145 146 150 8
L 151 92 47
D 142 93 2 143 144 151 8
L 152 90 46
D 140 91 2 141 142 152 8
L 153 88 45
D 138 89 2 139 140 153 8
L 155 86 44
D 154 85 2 135 155 137 29
D 133 87 2 134 138 154 8
L 157 82 43
D 156 81 2 130 157 132 29
D 128 83 2 129 133 156 8
D 159 73 2 121 127 119 8
D 160 73 2 121 120 119 29
D 158 75 2 159 122 160 8
L 168 98 49
D 167 97 2 149 168 147 8
D 166 95 2 145 167 150 8
D 165 93 2 143 166 151 8
D 164 91 2 141 165 152 8
D 163 89 2 139 164 153 8
D 162 87 2 134 163 154 8
D 161 83 2 129 162 156 8
D 170 73 2 121 120 119 8
D 171 77 2 125 124 123 8
D 172 73 2 121 127 119 29
D 169 75 2 170 171 172 8
D 179 97 2 149 148 147 8
D 178 95 2 150 179 145 8
D 177 93 2 143 178 151 8
D 176 91 2 141 177 152 8
D 175 89 2 139 176 153 8
D 174 87 2 134 175 154 8
D 173 83 2 129 174 156 8
L 182 78 37
D 181 77 2 123 182 125 8
D 180 75 2 170 181 172 8
D 188 95 2 145 179 150 8
D 187 93 2 151 188 143 8
D 186 91 2 141 187 152 8
D 185 89 2 139 186 153 8
D 184 87 2 134 185 154 8
D 183 83 2 129 184 156 8
D 190 77 2 123 124 125 182
D 191 73 2 119 120 121 127
D 192 77 2 123 182 125 29
D 193 73 2 119 127 121 8
D 189 75 3 170 190 191 192 193 29
D 116 79 5 117 128 158 161 169 173 180 183 189 8
D 196 67 2 112 108 107 8
D 195 65 2 105 196 113 8
D 194 63 2 100 195 114 8
D 198 75 2 170 122 172 8
D 203 93 2 143 188 151 8
D 202 91 2 152 203 141 8
D 201 89 2 139 202 153 8
D 200 87 2 134 201 154 8
D 199 83 2 129 200 156 8
D 204 75 2 170 192 172 29
D 197 79 2 198 199 204 8
D 208 69 2 111 110 109 8
D 207 67 2 107 208 112 8
D 206 65 2 105 207 113 8
D 205 63 2 100 206 114 8
D 213 91 2 141 203 152 8
D 212 89 2 153 213 139 8
D 211 87 2 134 212 154 8
D 210 83 2 129 211 156 8
D 209 79 2 198 210 204 8
L 218 70 40
D 217 69 2 109 218 111 8
D 216 67 2 107 217 112 8
D 215 65 2 105 216 113 8
D 214 63 2 100 215 114 8
D 222 85 2 135 155 137 8
D 223 89 2 139 213 153 8
D 224 85 2 135 136 137 29
D 221 87 2 222 223 224 8
D 220 83 2 129 221 156 8
D 219 79 2 198 220 204 8
D 228 69 2 111 218 109 8
D 229 69 2 109 218 111 29
D 227 67 2 107 228 112 229
D 226 65 2 105 227 113 29
D 225 63 2 100 226 114 29
D 98 71 5 99 116 194 197 205 209 214 219 225 8
L 233 58 24
D 232 57 2 92 233 94 29
D 231 55 2 90 232 95 29
D 230 53 2 85 231 96 29
D 83 59 2 84 98 230 8
D 236 47 2 79 78 77 8
D 235 45 2 75 236 80 8
D 234 43 2 70 235 81 8
D 240 57 2 92 233 94 8
D 239 55 2 90 240 95 8
D 238 53 2 85 239 96 8
D 242 79 2 198 128 204 8
D 246 69 2 109 110 111 29
D 245 67 2 107 246 112 29
D 244 65 2 105 245 113 29
D 243 63 2 100 244 114 29
D 241 71 2 214 242 243 8
D 249 57 2 94 93 92 8
D 248 55 2 90 249 95 8
D 247 53 2 85 248 96 8
D 251 79 2 198 161 204 8
D 255 69 2 109 110 111 218
D 254 67 2 107 255 112 29
D 253 65 2 105 254 113 29
D 252 63 2 100 253 114 29
D 250 71 3 205 242 214 251 252 8
D 258 57 2 92 93 94 233
D 257 55 2 90 258 95 29
D 256 53 2 85 257 96 29
D 237 59 3 238 241 247 250 256 8
L 262 48 29
D 261 47 2 79 262 77 8
D 260 45 2 75 261 80 8
D 259 43 2 70 260 81 8
D 266 75 3 170 190 159 192 119 29
D 265 79 4 158 128 169 161 180 173 266 8
D 267 79 2 198 183 204 8
D 264 71 5 99 265 205 197 214 209 194 267 225 8
D 263 59 2 84 264 230 8
D 269 45 2 80 236 75 8
D 268 43 2 70 269 81 8
D 273 75 2 170 190 172 29
D 272 79 3 169 128 180 161 273 8
D 274 79 2 198 173 204 8
D 271 71 5 214 197 99 272 205 267 194 274 225 8
D 270 59 2 84 271 230 8
D 276 41 2 71 82 73 8
D 277 41 2 71 72 73 29
D 275 43 2 276 235 277 8
D 282 77 2 123 124 125 29
D 281 75 2 170 282 172 29
D 280 79 2 180 128 281 8
D 279 71 5 214 267 205 274 194 251 99 280 225 8
D 278 59 2 84 279 230 8
D 284 41 2 73 72 71 8
D 285 41 2 73 82 71 29
D 283 43 2 284 235 285 8
D 290 67 2 107 255 112 229
D 289 65 2 105 290 113 29
D 288 63 2 100 289 114 29
D 287 71 4 194 242 214 274 205 251 288 8
D 286 59 2 84 287 230 8
D 293 47 2 77 262 79 8
D 294 47 2 79 262 77 29
D 292 45 2 75 293 80 294
D 295 41 2 73 72 71 82
D 296 45 2 75 294 80 29
D 297 41 2 73 82 71 8
D 291 43 3 70 292 295 296 297 29
D 68 49 7 69 83 234 237 259 263 268 270 275 278 283 286 291 8
D 300 23 2 40 67 42 8
D 299 21 2 38 300 43 8
D 303 31 2 51 62 53 8
D 304 31 2 51 52 53 29
D 302 33 2 303 54 304 8
D 301 29 2 45 302 63 8
D 306 23 2 40 41 42 29
D 305 21 2 38 306 43 29
D 298 25 2 299 301 305 8
D 310 55 2 95 91 90 8
D 309 53 2 85 310 96 8
D 312 55 2 90 258 95 232
D 311 53 2 85 312 96 29
D 308 59 4 309 241 238 250 247 287 311 8
D 316 61 2 103 102 101 8
D 317 61 2 103 115 101 29
D 315 63 2 316 104 317 8
D 318 79 5 117 161 158 173 169 183 180 199 189 8
D 321 81 2 130 157 132 8
D 322 87 2 134 223 154 8
D 323 81 2 130 131 132 29
D 320 83 2 321 322 323 8
D 319 79 2 198 320 204 8
D 326 67 2 107 229 112 29
D 325 65 2 105 326 113 29
D 324 63 3 100 226 316 325 115 29
D 314 71 6 315 242 99 318 194 209 205 219 214 319 324 8
D 313 59 2 84 314 230 8
D 307 49 7 234 308 69 313 259 83 268 263 275 270 283 278 291 8
D 328 21 2 43 39 38 8
D 329 21 2 43 66 38 29
D 327 25 2 328 301 329 8
D 333 51 2 86 97 88 8
D 334 51 2 86 87 88 29
D 332 53 2 333 89 334 8
D 335 53 3 85 312 333 231 88 29
D 331 59 5 332 241 309 250 238 287 247 279 335 8
D 338 79 5 117 173 158 183 169 199 180 210 189 8
D 340 61 2 101 115 103 8
D 341 61 2 101 102 103 29
D 339 63 2 340 104 341 8
D 344 81 2 132 131 130 8
D 345 81 2 132 157 130 29
D 343 83 2 344 322 345 8
D 342 79 2 198 343 204 8
D 347 61 2 103 102 101 115
D 348 61 2 103 115 101 8
D 346 63 3 100 226 347 325 348 29
D 337 71 7 99 338 339 242 315 251 194 219 205 319 214 342 346 8
D 336 59 2 84 337 230 8
D 330 49 7 234 331 69 336 259 313 268 83 275 263 283 270 291 8
D 351 23 2 42 41 40 8
D 350 21 2 38 351 43 8
D 353 23 2 42 67 40 29
D 352 21 2 38 353 43 29
D 349 25 2 350 301 352 8
D 357 51 2 88 87 86 8
D 358 51 2 88 97 86 29
D 356 53 2 357 89 358 8
D 360 51 2 88 87 86 97
D 361 51 2 88 97 86 8
D 359 53 3 85 312 360 231 361 29
D 355 59 6 356 241 332 250 309 287 247 271 238 279 359 8
D 364 79 5 117 183 158 199 169 210 180 220 189 8
D 366 65 2 113 106 105 8
D 365 63 2 100 366 114 8
D 370 85 2 137 136 135 8
D 371 85 2 137 155 135 29
D 369 87 2 370 223 371 8
D 368 83 2 129 369 156 8
D 367 79 2 198 368 204 8
D 373 65 2 105 227 113 326
D 372 63 3 100 373 347 325 348 29
D 363 71 8 99 364 365 242 315 274 339 251 194 319 205 342 214 367 372 8
D 362 59 2 84 363 230 8
D 354 49 7 234 355 69 362 259 336 268 313 275 83 283 263 291 8
D 377 31 2 53 62 51 8
D 378 31 2 53 52 51 29
D 376 33 2 377 54 378 8
D 375 29 2 45 376 63 8
D 374 25 2 37 375 65 8
D 380 59 6 356 250 332 287 247 264 238 271 309 279 359 8
D 383 79 5 117 199 158 210 169 220 180 320 189 8
D 386 67 2 112 229 107 218
D 385 65 2 105 386 113 326
D 384 63 3 100 385 347 325 348 29
D 382 71 7 99 383 315 267 339 274 365 251 194 342 205 367 384 8
D 381 59 2 84 382 230 8
D 379 49 7 234 380 259 362 69 381 268 336 275 313 283 83 291 8
D 389 27 2 48 47 46 8
D 390 27 2 48 64 46 29
D 388 29 2 389 302 390 8
D 387 25 2 37 388 65 8
D 392 59 6 356 287 247 98 238 264 309 271 332 279 359 8
D 395 79 5 117 210 158 220 169 320 180 343 189 8
D 397 65 2 113 326 105 229
D 396 63 3 100 397 347 325 348 29
D 394 71 6 99 395 315 197 339 267 365 274 194 367 396 8
D 393 59 2 84 394 230 8
D 391 49 7 234 392 268 362 259 381 69 393 275 336 283 313 291 8
D 400 27 2 46 64 48 8
D 401 27 2 46 47 48 29
D 399 29 2 400 302 401 8
D 398 25 2 37 399 65 8
D 403 59 6 247 314 238 98 309 264 332 271 356 279 359 8
D 406 79 5 117 220 158 320 169 343 180 368 189 8
D 407 63 3 347 325 100 326 348 29
D 405 71 5 99 406 339 197 315 209 365 267 407 8
D 404 59 2 84 405 230 8
D 402 49 7 234 403 275 362 268 381 259 393 69 404 283 336 291 8
D 411 35 2 60 56 55 8
D 410 33 2 303 411 304 8
D 409 29 2 45 410 63 8
D 408 25 2 37 409 65 8
D 413 59 6 247 337 238 314 309 98 332 264 356 271 359 8
D 418 77 2 125 182 123 29
D 417 75 3 170 418 191 192 193 29
D 416 79 4 117 320 158 343 169 368 417 8
D 415 71 5 99 416 365 197 339 209 315 219 407 8
D 414 59 2 84 415 230 8
D 412 49 7 234 413 283 362 275 381 268 393 259 404 69 414 291 8
D 423 37 2 59 58 57 8
D 422 35 2 55 423 60 8
D 421 33 2 303 422 304 8
D 420 29 2 45 421 63 8
D 419 25 2 37 420 65 8
D 425 59 6 247 363 238 337 309 314 332 98 356 264 359 8
D 430 73 2 121 120 119 127
D 429 75 2 191 192 430 29
D 428 79 3 117 343 158 368 429 8
D 427 71 5 365 209 99 428 339 219 315 319 407 8
D 426 59 2 84 427 230 8
D 424 49 7 234 425 283 381 275 393 268 404 259 414 69 426 291 8
L 436 38 20
D 435 37 2 57 436 59 8
D 434 35 2 55 435 60 8
D 433 33 2 303 434 304 8
D 432 29 2 45 433 63 8
D 431 25 2 37 432 65 8
D 438 59 6 238 363 309 337 247 382 332 314 356 98 359 8
D 442 75 2 118 192 126 29
D 441 79 2 117 368 442 8
D 440 71 5 365 219 99 441 339 319 315 342 407 8
D 439 59 2 84 440 230 8
D 437 49 7 234 438 283 393 275 404 268 414 259 426 69 439 291 8
D 445 23 2 42 41 40 67
D 444 21 2 38 445 43 39
D 449 37 2 57 436 59 29
D 448 35 2 55 449 60 29
D 447 33 2 303 448 304 29
D 446 29 2 45 447 63 29
D 451 27 2 48 47 46 64
D 453 31 2 53 62 51 52
D 455 37 2 57 58 59 436
D 454 35 2 60 449 55 455
D 456 31 2 53 52 51 8
D 452 33 3 453 448 303 454 456 29
D 457 27 2 48 64 46 8
D 450 29 3 451 447 45 452 457 29
D 459 23 2 42 67 40 8
D 458 21 2 38 459 43 66
D 443 25 3 444 446 37 450 458 29
D 35 39 11 36 68 298 307 327 330 349 354 374 379 387 391 398 402 408 412 419 424 431 437 443 8
D 462 3 2 5 34 7 8
D 461 1 2 3 462 9 8
D 465 11 2 17 28 19 8
D 466 11 2 17 18 19 29
D 464 13 2 465 20 466 8
D 463 9 2 11 464 30 8
D 468 3 2 5 6 7 29
D 467 1 2 3 468 9 29
D 460 5 2 461 463 467 8
D 471 59 6 309 363 332 337 238 382 356 314 247 394 359 8
D 475 65 2 113 326 105 29
D 474 63 3 347 325 100 475 348 29
D 473 71 4 365 319 339 342 315 367 474 8
D 472 59 2 84 473 230 8
D 470 49 7 283 404 234 471 275 414 268 426 259 439 69 472 291 8
D 469 39 11 36 307 298 330 327 354 349 379 374 391 387 402 398 412 408 424 419 437 431 470 443 8
D 477 1 2 9 4 3 8
D 478 1 2 9 33 3 29
D 476 5 2 477 463 478 8
D 481 59 6 332 363 356 337 309 382 238 394 247 405 359 8
D 484 63 3 340 325 100 475 103 29
D 483 71 3 365 342 339 367 484 8
D 482 59 2 84 483 230 8
D 480 49 7 283 414 234 481 275 426 268 439 259 472 69 482 291 8
D 479 39 11 36 330 298 354 327 379 349 391 374 402 387 412 398 424 408 437 419 470 431 480 443 8
D 487 3 2 7 6 5 8
D 486 1 2 3 487 9 8
D 489 3 2 7 34 5 29
D 488 1 2 3 489 9 29
D 485 5 2 486 463 488 8
D 492 59 6 356 363 332 382 309 394 238 405 247 415 359 8
D 495 63 2 100 475 114 29
D 494 71 2 365 367 495 8
D 493 59 2 84 494 230 8
D 491 49 7 283 426 234 492 275 439 268 472 259 482 69 493 291 8
D 490 39 11 36 354 298 379 327 391 349 402 374 412 387 424 398 437 408 470 419 480 431 491 443 8
D 499 11 2 19 28 17 8
D 500 11 2 19 18 17 29
D 498 13 2 499 20 500 8
D 497 9 2 11 498 30 8
D 496 5 2 2 497 32 8
D 503 59 6 356 382 332 394 309 405 238 415 247 427 359 8
D 505 45 2 80 294 75 77
D 504 43 3 70 505 295 296 297 29
D 502 49 6 283 439 234 503 275 472 268 482 259 493 504 8
D 501 39 11 36 379 298 391 327 402 349 412 374 424 387 437 398 470 408 480 419 491 431 502 443 8
D 508 7 2 14 13 12 8
D 509 7 2 14 31 12 29
D 507 9 2 508 464 509 8
D 506 5 2 2 507 32 8
D 512 59 6 356 394 332 405 309 415 238 427 247 440 359 8
D 513 43 3 295 296 70 294 297 29
D 511 49 5 283 472 234 512 275 482 268 493 513 8
D 510 39 11 36 391 298 402 327 412 349 424 374 437 387 470 398 480 408 491 419 502 431 511 443 8
D 516 7 2 12 31 14 8
D 517 7 2 12 13 14 29
D 515 9 2 516 464 517 8
D 514 5 2 2 515 32 8
D 520 59 6 356 405 332 415 309 427 238 440 247 473 359 8
D 522 41 2 73 72 71 29
D 521 43 2 522 296 297 29
D 519 49 4 283 482 234 520 275 493 521 8
D 518 39 11 36 402 298 412 327 424 349 437 374 470 387 480 398 491 408 502 419 511 431 519 443 8
D 526 15 2 26 22 21 8
D 525 13 2 465 526 466 8
D 524 9 2 11 525 30 8
D 523 5 2 2 524 32 8
D 529 59 6 356 415 332 427 309 440 238 473 247 483 359 8
D 530 43 2 72 296 82 29
D 528 49 3 283 493 234 529 530 8
D 527 39 11 36 412 298 424 327 437 349 470 374 480 387 491 398 502 408 511 419 519 431 528 443 8
L 536 18 9
D 535 17 2 23 536 25 8
D 534 15 2 21 535 26 8
D 533 13 2 465 534 466 8
D 532 9 2 11 533 30 8
D 531 5 2 2 532 32 8
D 539 59 6 356 427 332 440 309 473 238 483 247 494 359 8
D 540 43 2 70 296 81 29
D 538 49 2 234 539 540 8
D 537 39 11 36 424 298 437 327 470 349 480 374 491 387 502 398 511 408 519 419 528 431 538 443 8
D 545 17 2 25 24 23 8
D 544 15 2 21 545 26 8
D 543 13 2 465 544 466 8
D 542 9 2 11 543 30 8
D 541 5 2 2 542 32 8
D 551 57 2 92 93 94 29
D 550 55 2 90 551 95 232
D 549 53 3 85 550 360 231 361 29
D 548 59 5 356 440 332 473 309 483 238 494 549 8
D 547 49 2 234 548 540 8
D 546 39 11 36 437 298 470 327 480 349 491 374 502 387 511 398 519 408 528 419 538 431 547 443 8
D 556 17 2 23 24 25 536
D 557 17 2 23 536 25 29
D 555 15 2 21 556 26 557
D 558 11 2 19 28 17 18
D 559 15 2 21 557 26 29
D 560 11 2 19 18 17 8
D 554 13 3 465 555 558 559 560 29
D 561 7 2 14 13 12 31
D 562 13 2 465 559 466 29
D 563 7 2 14 31 12 8
D 553 9 3 11 554 561 562 563 29
D 565 3 2 7 6 5 34
D 564 1 2 3 565 9 4
D 566 9 2 11 562 30 29
D 568 3 2 7 34 5 8
D 567 1 2 3 568 9 33
D 552 5 3 2 553 564 566 567 29
D 0 19 11 1 35 460 469 476 479 485 490 496 501 506 510 514 518 523 527 531 537 541 546 552 8
