c ids of sdd nodes start at 0
c sdd nodes appear bottom-up, children before parents
c
c file syntax:
c sdd count-of-sdd-nodes
c F id-of-false-sdd-node
c T id-of-true-sdd-node
c L id-of-literal-sdd-node id-of-vtree literal
c D id-of-decomposition-sdd-node id-of-vtree number-of-elements {id-of-prime id-of-sub}*
c
sdd 572
L 3 0 -3
L 5 2 -4
L 6 4 -2
L 7 2 4
F 8
D 4 3 2 5 6 7 8
L 9 0 3
D 2 1 2 3 4 9 8
L 12 6 -6
L 13 8 -7
L 14 6 6
D 11 7 2 12 13 14 8
L 17 10 -5
L 18 12 1
L 19 10 5
D 16 11 2 17 18 19 8
L 21 14 -8
L 23 16 -10
L 24 18 -9
L 25 16 10
D 22 17 2 23 24 25 8
L 26 14 8
D 20 15 2 21 22 26 8
L 28 12 -1
T 29
D 27 11 2 17 28 19 29
D 15 13 2 16 20 27 8
L 31 8 7
D 30 7 2 12 31 14 29
D 10 9 2 11 15 30 8
L 34 4 2
D 33 3 2 5 34 7 29
D 32 1 2 3 33 9 29
D 1 5 2 2 10 32 8
L 38 20 -13
L 40 22 -14
L 41 24 -12
L 42 22 14
D 39 23 2 40 41 42 8
L 43 20 13
D 37 21 2 38 39 43 8
L 46 26 -16
L 47 28 -17
L 48 26 16
D 45 27 2 46 47 48 8
L 51 30 -15
L 52 32 11
L 53 30 15
D 50 31 2 51 52 53 8
L 55 34 -18
L 57 36 -19
L 58 38 -20
L 59 36 19
D 56 37 2 57 58 59 8
L 60 34 18
D 54 35 2 55 56 60 8
L 62 32 -11
D 61 31 2 51 62 53 29
D 49 33 2 50 54 61 8
L 64 28 17
D 63 27 2 46 64 48 29
D 44 29 2 45 49 63 8
L 67 24 12
D 66 23 2 40 67 42 29
D 65 21 2 38 66 43 29
D 36 25 2 37 44 65 8
L 71 40 -26
L 72 42 -27
L 73 40 26
D 70 41 2 71 72 73 8
L 75 44 -28
L 77 46 30
L 78 48 -29
L 79 46 -30
D 76 47 2 77 78 79 8
L 80 44 28
D 74 45 2 75 76 80 8
L 82 42 27
D 81 41 2 71 82 73 29
D 69 43 2 70 74 81 8
L 86 50 -21
L 87 52 -22
L 88 50 21
D 85 51 2 86 87 88 8
L 90 54 -23
L 92 56 -25
L 93 58 -24
L 94 56 25
D 91 57 2 92 93 94 8
L 95 54 23
D 89 55 2 90 91 95 8
L 97 52 22
D 96 51 2 86 97 88 29
D 84 53 2 85 89 96 8
L 101 60 -33
L 102 62 -32
L 103 60 33
D 100 61 2 101 102 103 8
L 105 64 -31
L 107 66 -38
L 109 68 -39
L 110 70 40
L 111 68 39
D 108 69 2 109 110 111 8
L 112 66 38
D 106 67 2 107 108 112 8
L 113 64 31
D 104 65 2 105 106 113 8
L 115 62 32
D 114 61 2 101 115 103 29
D 99 63 2 100 104 114 8
L 119 72 -34
L 120 74 -35
L 121 72 34
D 118 73 2 119 120 121 8
L 123 76 -36
L 124 78 -37
L 125 76 36
D 122 77 2 123 124 125 8
L 127 74 35
D 126 73 2 119 127 121 29
D 117 75 2 118 122 126 8
L 130 80 -42
L 131 82 -43
L 132 80 42
D 129 81 2 130 131 132 8
L 135 84 -41
L 136 86 -44
L 137 84 41
D 134 85 2 135 136 137 8
L 139 88 -45
L 141 90 46
L 143 92 -47
L 145 94 -48
L 147 96 -50
L 148 98 -49
L 149 96 50
D 146 97 2 147 148 149 8
L 150 94 48
D 144 95 2 145 146 150 8
L 151 92 47
D 142 93 2 143 144 151 8
L 152 90 -46
D 140 91 2 141 142 152 8
L 153 88 45
D 138 89 2 139 140 153 8
L 155 86 44
D 154 85 2 135 155 137 29
D 133 87 2 134 138 154 8
L 157 82 43
D 156 81 2 130 157 132 29
D 128 83 2 129 133 156 8
L 160 78 37
D 159 77 2 123 160 125 29
D 158 75 2 118 159 126 29
D 116 79 2 117 128 158 8
L 165 70 -40
D 164 69 2 109 165 111 8
D 163 67 2 107 164 112 8
D 162 65 2 105 163 113 8
D 161 63 2 100 162 114 8
D 168 77 2 125 124 123 8
D 167 75 2 118 168 126 8
D 175 97 2 149 148 147 8
D 174 95 2 145 175 150 8
D 173 93 2 143 174 151 8
D 172 91 2 152 173 141 8
D 171 89 2 139 172 153 8
D 170 87 2 134 171 154 8
D 169 83 2 129 170 156 8
D 177 77 2 123 160 125 8
D 176 75 2 118 177 126 8
L 185 98 49
D 184 97 2 147 185 149 8
D 183 95 2 145 184 150 8
D 182 93 2 143 183 151 8
D 181 91 2 152 182 141 8
D 180 89 2 139 181 153 8
D 179 87 2 134 180 154 8
D 178 83 2 129 179 156 8
D 187 77 2 123 124 125 160
D 186 75 2 118 187 126 29
D 166 79 3 167 169 176 178 186 8
D 191 69 2 111 165 109 8
D 190 67 2 107 191 112 8
D 189 65 2 105 190 113 8
D 188 63 2 100 189 114 8
D 197 93 2 151 144 143 8
D 196 91 2 152 197 141 8
D 195 89 2 139 196 153 8
D 194 87 2 134 195 154 8
D 193 83 2 129 194 156 8
D 192 79 2 117 193 158 8
D 200 67 2 112 164 107 8
D 199 65 2 105 200 113 8
D 198 63 2 100 199 114 8
D 207 95 2 150 146 145 8
D 206 93 2 143 207 151 8
D 205 91 2 152 206 141 8
D 204 89 2 139 205 153 8
D 203 87 2 134 204 154 8
D 202 83 2 129 203 156 8
D 201 79 2 117 202 158 8
D 211 69 2 111 110 109 8
D 212 69 2 109 110 111 29
D 210 67 2 107 211 112 212
D 209 65 2 105 210 113 29
D 208 63 2 100 209 114 29
D 98 71 5 99 116 161 166 188 192 198 201 208 8
L 216 58 24
D 215 57 2 92 216 94 29
D 214 55 2 90 215 95 29
D 213 53 2 85 214 96 29
D 83 59 2 84 98 213 8
L 220 48 29
D 219 47 2 79 220 77 8
D 218 45 2 75 219 80 8
D 217 43 2 70 218 81 8
D 223 79 2 117 178 158 8
D 226 77 2 123 124 125 29
D 225 75 2 118 226 126 29
D 224 79 2 176 169 225 8
D 222 71 5 99 192 188 201 198 223 161 224 208 8
D 221 59 2 84 222 213 8
D 229 47 2 79 78 77 8
D 228 45 2 80 229 75 8
D 227 43 2 70 228 81 8
D 232 79 2 117 169 158 8
D 236 69 2 109 165 111 110
D 235 67 2 107 236 112 212
D 234 65 2 105 235 113 29
D 233 63 2 100 234 114 29
D 231 71 4 198 232 99 201 188 223 233 8
D 230 59 2 84 231 213 8
D 238 41 2 71 82 73 8
D 239 45 2 75 229 80 8
D 240 41 2 71 72 73 29
D 237 43 2 238 239 240 8
D 245 67 2 107 236 112 29
D 244 65 2 105 245 113 29
D 243 63 2 100 244 114 29
D 242 71 3 188 232 99 223 243 8
D 241 59 2 84 242 213 8
D 247 41 2 73 72 71 8
D 248 41 2 73 82 71 29
D 246 43 2 247 239 248 8
D 254 69 2 109 165 111 29
D 253 67 2 107 254 112 29
D 252 65 2 105 253 113 29
D 251 63 2 100 252 114 29
D 250 71 2 99 232 251 8
D 249 59 2 84 250 213 8
D 257 47 2 79 78 77 220
D 258 47 2 79 220 77 29
D 256 45 2 75 257 80 258
D 259 41 2 73 72 71 82
D 260 45 2 75 258 80 29
D 261 41 2 73 82 71 8
D 255 43 3 70 256 259 260 261 29
D 68 49 6 69 83 217 221 227 230 237 241 246 249 255 8
D 264 23 2 40 67 42 8
D 263 21 2 38 264 43 8
D 267 31 2 51 62 53 8
D 268 31 2 51 52 53 29
D 266 33 2 267 54 268 8
D 265 29 2 45 266 63 8
D 270 23 2 40 41 42 29
D 269 21 2 38 270 43 29
D 262 25 2 263 265 269 8
D 276 73 2 119 127 121 8
D 277 73 2 119 120 121 29
D 275 75 2 276 122 277 8
D 278 75 3 118 187 276 159 121 29
D 274 79 4 275 169 167 178 176 202 278 8
D 283 91 2 152 142 141 8
D 282 89 2 153 283 139 8
D 281 87 2 134 282 154 8
D 280 83 2 129 281 156 8
D 279 79 2 117 280 158 8
D 273 71 5 161 274 188 116 99 279 198 192 208 8
D 272 59 2 84 273 213 8
D 284 43 2 70 239 81 8
D 288 57 2 94 93 92 8
D 287 55 2 90 288 95 8
D 286 53 2 85 287 96 8
D 291 57 2 94 216 92 29
D 290 55 2 90 291 95 29
D 289 53 2 85 290 96 29
D 285 59 2 286 250 289 8
D 294 47 2 77 220 79 8
D 293 45 2 75 294 80 258
D 292 43 3 70 293 259 260 261 29
D 271 49 7 69 272 284 285 217 83 227 221 237 230 246 241 292 8
D 296 21 2 43 39 38 8
D 297 21 2 43 66 38 29
D 295 25 2 296 265 297 8
D 303 73 2 121 120 119 8
D 304 73 2 121 127 119 29
D 302 75 2 303 122 304 8
D 306 73 2 121 120 119 127
D 307 73 2 121 127 119 8
D 305 75 3 118 187 306 159 307 29
D 301 79 5 302 169 275 178 167 202 176 193 305 8
D 311 85 2 135 155 137 8
D 312 89 2 139 283 153 8
D 313 85 2 135 136 137 29
D 310 87 2 311 312 313 8
D 309 83 2 129 310 156 8
D 308 79 2 117 309 158 8
D 300 71 5 161 301 198 116 188 279 99 308 208 8
D 299 59 2 84 300 213 8
D 317 57 2 92 216 94 8
D 316 55 2 90 317 95 8
D 315 53 2 85 316 96 8
D 320 57 2 92 93 94 216
D 319 55 2 90 320 95 29
D 318 53 2 85 319 96 29
D 314 59 3 315 250 286 242 318 8
D 298 49 7 69 299 284 314 217 272 227 83 237 221 246 230 292 8
D 323 23 2 42 41 40 8
D 322 21 2 38 323 43 8
D 325 23 2 42 67 40 29
D 324 21 2 38 325 43 29
D 321 25 2 322 265 324 8
D 329 55 2 95 91 90 8
D 328 53 2 85 329 96 8
D 331 55 2 90 320 95 215
D 330 53 2 85 331 96 29
D 327 59 4 328 250 315 242 286 231 330 8
D 335 61 2 103 102 101 8
D 336 61 2 103 115 101 29
D 334 63 2 335 162 336 8
D 337 79 5 302 178 275 202 167 193 176 128 305 8
D 340 81 2 130 157 132 8
D 341 87 2 134 312 154 8
D 342 81 2 130 131 132 29
D 339 83 2 340 341 342 8
D 338 79 2 117 339 158 8
D 345 67 2 107 212 112 29
D 344 65 2 105 345 113 29
D 343 63 3 100 209 335 344 115 29
D 333 71 6 334 232 161 337 198 279 188 308 99 338 343 8
D 332 59 2 84 333 213 8
D 326 49 7 284 327 69 332 217 299 227 272 237 83 246 221 292 8
D 349 31 2 53 62 51 8
D 350 31 2 53 52 51 29
D 348 33 2 349 54 350 8
D 347 29 2 45 348 63 8
D 346 25 2 37 347 65 8
D 354 51 2 86 97 88 8
D 355 51 2 86 87 88 29
D 353 53 2 354 89 355 8
D 356 53 3 85 331 354 214 88 29
D 352 59 5 353 250 328 242 315 231 286 222 356 8
D 359 79 5 302 202 275 193 167 128 176 280 305 8
D 361 61 2 101 115 103 8
D 362 61 2 101 102 103 29
D 360 63 2 361 162 362 8
D 365 81 2 132 131 130 8
D 366 81 2 132 157 130 29
D 364 83 2 365 341 366 8
D 363 79 2 117 364 158 8
D 368 61 2 103 102 101 115
D 369 61 2 103 115 101 8
D 367 63 3 100 209 368 344 369 29
D 358 71 7 161 359 360 232 334 223 198 308 188 338 99 363 367 8
D 357 59 2 84 358 213 8
D 351 49 7 284 352 69 357 217 332 227 299 237 272 246 83 292 8
D 372 27 2 48 47 46 8
D 373 27 2 48 64 46 29
D 371 29 2 372 266 373 8
D 370 25 2 37 371 65 8
D 377 51 2 88 87 86 8
D 378 51 2 88 97 86 29
D 376 53 2 377 89 378 8
D 380 51 2 88 87 86 97
D 381 51 2 88 97 86 8
D 379 53 3 85 331 380 214 381 29
D 375 59 6 376 250 353 242 328 231 286 98 315 222 379 8
D 384 79 5 302 193 275 128 167 280 176 309 305 8
D 386 65 2 113 163 105 8
D 385 63 2 100 386 114 8
D 390 85 2 137 136 135 8
D 391 85 2 137 155 135 29
D 389 87 2 390 312 391 8
D 388 83 2 129 389 156 8
D 387 79 2 117 388 158 8
D 393 65 2 105 210 113 345
D 392 63 3 100 393 368 344 369 29
D 383 71 8 161 384 385 232 334 201 360 223 198 338 188 363 99 387 392 8
D 382 59 2 84 383 213 8
D 374 49 7 284 375 69 382 217 357 227 332 237 299 246 272 292 8
D 396 27 2 46 64 48 8
D 397 27 2 46 47 48 29
D 395 29 2 396 266 397 8
D 394 25 2 37 395 65 8
D 399 59 6 376 242 353 231 286 273 315 98 328 222 379 8
D 402 79 5 302 128 275 280 167 309 176 339 305 8
D 405 67 2 112 212 107 110
D 404 65 2 105 405 113 345
D 403 63 3 100 404 368 344 369 29
D 401 71 7 161 402 334 192 360 201 385 223 198 363 188 387 403 8
D 400 59 2 84 401 213 8
D 398 49 7 284 399 217 382 69 400 227 357 237 332 246 299 292 8
D 409 35 2 60 56 55 8
D 408 33 2 267 409 268 8
D 407 29 2 45 408 63 8
D 406 25 2 37 407 65 8
D 411 59 6 376 231 286 300 315 273 328 98 353 222 379 8
D 414 79 5 302 280 275 309 167 339 176 364 305 8
D 416 65 2 113 345 105 212
D 415 63 3 100 416 368 344 369 29
D 413 71 6 161 414 334 116 360 192 385 201 198 387 415 8
D 412 59 2 84 413 213 8
D 410 49 7 284 411 227 382 217 400 69 412 237 357 246 332 292 8
D 421 37 2 59 58 57 8
D 420 35 2 55 421 60 8
D 419 33 2 267 420 268 8
D 418 29 2 45 419 63 8
D 417 25 2 37 418 65 8
D 423 59 6 286 333 315 300 328 273 353 98 376 222 379 8
D 426 79 5 302 309 275 339 167 364 176 388 305 8
D 427 63 3 368 344 100 345 369 29
D 425 71 5 161 426 360 116 334 279 385 192 427 8
D 424 59 2 84 425 213 8
D 422 49 7 284 423 237 382 227 400 217 412 69 424 246 357 292 8
L 433 38 20
D 432 37 2 57 433 59 8
D 431 35 2 55 432 60 8
D 430 33 2 267 431 268 8
D 429 29 2 45 430 63 8
D 428 25 2 37 429 65 8
D 435 59 6 286 358 315 333 328 300 353 273 376 98 379 8
D 440 77 2 125 160 123 29
D 439 75 3 118 440 306 159 307 29
D 438 79 4 302 339 275 364 167 388 439 8
D 437 71 5 161 438 385 116 360 279 334 308 427 8
D 436 59 2 84 437 213 8
D 434 49 7 284 435 246 382 237 400 227 412 217 424 69 436 292 8
D 443 23 2 42 41 40 67
D 442 21 2 38 443 43 39
D 447 37 2 57 433 59 29
D 446 35 2 55 447 60 29
D 445 33 2 267 446 268 29
D 444 29 2 45 445 63 29
D 449 27 2 48 47 46 64
D 451 31 2 53 62 51 52
D 453 37 2 57 58 59 433
D 452 35 2 60 447 55 453
D 454 31 2 53 52 51 8
D 450 33 3 451 446 267 452 454 29
D 455 27 2 48 64 46 8
D 448 29 3 449 445 45 450 455 29
D 457 23 2 42 67 40 8
D 456 21 2 38 457 43 66
D 441 25 3 442 444 37 448 456 29
D 35 39 11 36 68 262 271 295 298 321 326 346 351 370 374 394 398 406 410 417 422 428 434 441 8
D 460 3 2 5 34 7 8
D 459 1 2 3 460 9 8
D 463 11 2 17 28 19 8
D 464 11 2 17 18 19 29
D 462 13 2 463 20 464 8
D 461 9 2 11 462 30 8
D 466 3 2 5 6 7 29
D 465 1 2 3 466 9 29
D 458 5 2 459 461 465 8
D 469 59 6 286 383 315 358 328 333 353 300 376 273 379 8
D 474 73 2 119 120 121 127
D 473 75 2 306 159 474 29
D 472 79 3 302 364 275 388 473 8
D 471 71 5 385 279 161 472 360 308 334 338 427 8
D 470 59 2 84 471 213 8
D 468 49 7 284 469 246 400 237 412 227 424 217 436 69 470 292 8
D 467 39 11 36 271 262 298 295 326 321 351 346 374 370 398 394 410 406 422 417 434 428 468 441 8
D 476 1 2 9 4 3 8
D 477 1 2 9 33 3 29
D 475 5 2 476 461 477 8
D 480 59 6 315 383 328 358 286 401 353 333 376 300 379 8
D 484 75 2 303 159 304 29
D 483 79 2 302 388 484 8
D 482 71 5 385 308 161 483 360 338 334 363 427 8
D 481 59 2 84 482 213 8
D 479 49 7 284 480 246 412 237 424 227 436 217 470 69 481 292 8
D 478 39 11 36 298 262 326 295 351 321 374 346 398 370 410 394 422 406 434 417 468 428 479 441 8
D 487 3 2 7 6 5 8
D 486 1 2 3 487 9 8
D 489 3 2 7 34 5 29
D 488 1 2 3 489 9 29
D 485 5 2 486 461 488 8
D 492 59 6 328 383 353 358 315 401 376 333 286 413 379 8
D 496 65 2 113 345 105 29
D 495 63 3 368 344 100 496 369 29
D 494 71 4 385 338 360 363 334 387 495 8
D 493 59 2 84 494 213 8
D 491 49 7 246 424 284 492 237 436 227 470 217 481 69 493 292 8
D 490 39 11 36 326 262 351 295 374 321 398 346 410 370 422 394 434 406 468 417 479 428 491 441 8
D 500 11 2 19 28 17 8
D 501 11 2 19 18 17 29
D 499 13 2 500 20 501 8
D 498 9 2 11 499 30 8
D 497 5 2 2 498 32 8
D 504 59 6 353 383 376 358 328 401 315 413 286 425 379 8
D 507 63 3 361 344 100 496 103 29
D 506 71 3 385 363 360 387 507 8
D 505 59 2 84 506 213 8
D 503 49 7 246 436 284 504 237 470 227 481 217 493 69 505 292 8
D 502 39 11 36 351 262 374 295 398 321 410 346 422 370 434 394 468 406 479 417 491 428 503 441 8
D 510 7 2 14 13 12 8
D 511 7 2 14 31 12 29
D 509 9 2 510 462 511 8
D 508 5 2 2 509 32 8
D 514 59 6 376 383 353 401 328 413 315 425 286 437 379 8
D 517 63 2 100 496 114 29
D 516 71 2 385 387 517 8
D 515 59 2 84 516 213 8
D 513 49 7 246 470 284 514 237 481 227 493 217 505 69 515 292 8
D 512 39 11 36 374 262 398 295 410 321 422 346 434 370 468 394 479 406 491 417 503 428 513 441 8
D 520 7 2 12 31 14 8
D 521 7 2 12 13 14 29
D 519 9 2 520 462 521 8
D 518 5 2 2 519 32 8
D 524 59 6 376 401 353 413 328 425 315 437 286 471 379 8
D 526 45 2 80 258 75 77
D 525 43 3 70 526 259 260 261 29
D 523 49 6 246 481 284 524 237 493 227 505 217 515 525 8
D 522 39 11 36 398 262 410 295 422 321 434 346 468 370 479 394 491 406 503 417 513 428 523 441 8
D 530 15 2 26 22 21 8
D 529 13 2 463 530 464 8
D 528 9 2 11 529 30 8
D 527 5 2 2 528 32 8
D 533 59 6 376 413 353 425 328 437 315 471 286 482 379 8
D 534 43 3 259 260 70 258 261 29
D 532 49 5 246 493 284 533 237 505 227 515 534 8
D 531 39 11 36 410 262 422 295 434 321 468 346 479 370 491 394 503 406 513 417 523 428 532 441 8
L 540 18 9
D 539 17 2 23 540 25 8
D 538 15 2 21 539 26 8
D 537 13 2 463 538 464 8
D 536 9 2 11 537 30 8
D 535 5 2 2 536 32 8
D 543 59 6 376 425 353 437 328 471 315 482 286 494 379 8
D 545 41 2 73 72 71 29
D 544 43 2 545 260 261 29
D 542 49 4 246 505 284 543 237 515 544 8
D 541 39 11 36 422 262 434 295 468 321 479 346 491 370 503 394 513 406 523 417 532 428 542 441 8
D 550 17 2 25 24 23 8
D 549 15 2 21 550 26 8
D 548 13 2 463 549 464 8
D 547 9 2 11 548 30 8
D 546 5 2 2 547 32 8
D 553 59 6 376 437 353 471 328 482 315 494 286 506 379 8
D 554 43 2 72 260 82 29
D 552 49 3 246 515 284 553 554 8
D 551 39 11 36 434 262 468 295 479 321 491 346 503 370 513 394 523 406 532 417 542 428 552 441 8
D 559 17 2 23 24 25 540
D 560 17 2 23 540 25 29
D 558 15 2 21 559 26 560
D 561 11 2 19 28 17 18
D 562 15 2 21 560 26 29
D 563 11 2 19 18 17 8
D 557 13 3 463 558 561 562 563 29
D 564 7 2 14 13 12 31
D 565 13 2 463 562 464 29
D 566 7 2 14 31 12 8
D 556 9 3 11 557 564 565 566 29
D 568 3 2 7 6 5 34
D 567 1 2 3 568 9 4
D 569 9 2 11 565 30 29
D 571 3 2 7 34 5 8
D 570 1 2 3 571 9 33
D 555 5 3 2 556 567 569 570 29
D 0 19 11 1 35 458 467 475 478 485 490 497 502 508 512 518 522 527 531 535 541 546 551 555 8
