c ids of sdd nodes start at 0
c sdd nodes appear bottom-up, children before parents
c
c file syntax:
c sdd count-of-sdd-nodes
c F id-of-false-sdd-node
c T id-of-true-sdd-node
c L id-of-literal-sdd-node id-of-vtree literal
c D id-of-decomposition-sdd-node id-of-vtree number-of-elements {id-of-prime id-of-sub}*
c
sdd 571
L 3 0 -3
L 5 2 -4
L 6 4 -2
L 7 2 4
F 8
D 4 3 2 5 6 7 8
L 9 0 3
D 2 1 2 3 4 9 8
L 12 6 -6
L 13 8 -7
L 14 6 6
D 11 7 2 12 13 14 8
L 17 10 -5
L 18 12 1
L 19 10 5
D 16 11 2 17 18 19 8
L 21 14 -8
L 23 16 -10
L 24 18 -9
L 25 16 10
D 22 17 2 23 24 25 8
L 26 14 8
D 20 15 2 21 22 26 8
L 28 12 -1
T 29
D 27 11 2 17 28 19 29
D 15 13 2 16 20 27 8
L 31 8 7
D 30 7 2 12 31 14 29
D 10 9 2 11 15 30 8
L 34 4 2
D 33 3 2 5 34 7 29
D 32 1 2 3 33 9 29
D 1 5 2 2 10 32 8
L 38 20 -13
L 40 22 -14
L 41 24 -12
L 42 22 14
D 39 23 2 40 41 42 8
L 43 20 13
D 37 21 2 38 39 43 8
L 46 26 -16
L 47 28 -17
L 48 26 16
D 45 27 2 46 47 48 8
L 51 30 -15
L 52 32 11
L 53 30 15
D 50 31 2 51 52 53 8
L 55 34 -18
L 57 36 -19
L 58 38 -20
L 59 36 19
D 56 37 2 57 58 59 8
L 60 34 18
D 54 35 2 55 56 60 8
L 62 32 -11
D 61 31 2 51 62 53 29
D 49 33 2 50 54 61 8
L 64 28 17
D 63 27 2 46 64 48 29
D 44 29 2 45 49 63 8
L 67 24 12
D 66 23 2 40 67 42 29
D 65 21 2 38 66 43 29
D 36 25 2 37 44 65 8
L 71 40 -26
L 72 42 -27
L 73 40 26
D 70 41 2 71 72 73 8
L 75 44 -28
L 77 46 30
L 78 48 -29
L 79 46 -30
D 76 47 2 77 78 79 8
L 80 44 28
D 74 45 2 75 76 80 8
L 82 42 27
D 81 41 2 71 82 73 29
D 69 43 2 70 74 81 8
L 86 50 -21
L 87 52 -22
L 88 50 21
D 85 51 2 86 87 88 8
L 90 54 -23
L 92 56 -25
L 93 58 -24
L 94 56 25
D 91 57 2 92 93 94 8
L 95 54 23
D 89 55 2 90 91 95 8
L 97 52 22
D 96 51 2 86 97 88 29
D 84 53 2 85 89 96 8
L 101 60 -33
L 102 62 -32
L 103 60 33
D 100 61 2 101 102 103 8
L 105 64 -31
L 107 66 -38
L 109 68 -39
L 110 70 40
L 111 68 39
D 108 69 2 109 110 111 8
L 112 66 38
D 106 67 2 107 108 112 8
L 113 64 31
D 104 65 2 105 106 113 8
L 115 62 32
D 114 61 2 101 115 103 29
D 99 63 2 100 104 114 8
L 119 72 -34
L 120 74 -35
L 121 72 34
D 118 73 2 119 120 121 8
L 123 76 -36
L 124 78 -37
L 125 76 36
D 122 77 2 123 124 125 8
L 127 74 35
D 126 73 2 119 127 121 29
D 117 75 2 118 122 126 8
L 130 80 -42
L 131 82 -43
L 132 80 42
D 129 81 2 130 131 132 8
L 135 84 -41
L 136 86 -44
L 137 84 41
D 134 85 2 135 136 137 8
L 139 88 -45
L 141 90 -46
L 143 92 47
L 145 94 -48
L 147 96 -50
L 148 98 -49
L 149 96 50
D 146 97 2 147 148 149 8
L 150 94 48
D 144 95 2 145 146 150 8
L 151 92 -47
D 142 93 2 143 144 151 8
L 152 90 46
D 140 91 2 141 142 152 8
L 153 88 45
D 138 89 2 139 140 153 8
L 155 86 44
D 154 85 2 135 155 137 29
D 133 87 2 134 138 154 8
L 157 82 43
D 156 81 2 130 157 132 29
D 128 83 2 129 133 156 8
L 160 78 37
D 159 77 2 123 160 125 29
D 158 75 2 118 159 126 29
D 116 79 2 117 128 158 8
L 165 70 -40
D 164 69 2 111 165 109 8
D 163 67 2 107 164 112 8
D 162 65 2 105 163 113 8
D 161 63 2 100 162 114 8
D 172 95 2 150 146 145 8
D 171 93 2 151 172 143 8
D 170 91 2 141 171 152 8
D 169 89 2 139 170 153 8
D 168 87 2 134 169 154 8
D 167 83 2 129 168 156 8
D 166 79 2 117 167 158 8
D 176 69 2 109 165 111 8
D 175 67 2 112 176 107 8
D 174 65 2 105 175 113 8
D 173 63 2 100 174 114 8
L 185 98 49
D 184 97 2 147 185 149 8
D 183 95 2 145 184 150 8
D 182 93 2 151 183 143 8
D 181 91 2 141 182 152 8
D 180 89 2 139 181 153 8
D 179 87 2 134 180 154 8
D 178 83 2 129 179 156 8
D 177 79 2 117 178 158 8
D 188 67 2 107 176 112 8
D 187 65 2 105 188 113 8
D 186 63 2 100 187 114 8
D 191 77 2 123 160 125 8
D 190 75 2 118 191 126 8
D 198 97 2 149 148 147 8
D 197 95 2 145 198 150 8
D 196 93 2 151 197 143 8
D 195 91 2 141 196 152 8
D 194 89 2 139 195 153 8
D 193 87 2 134 194 154 8
D 192 83 2 129 193 156 8
D 200 77 2 123 124 125 29
D 199 75 2 118 200 126 29
D 189 79 2 190 192 199 8
D 204 69 2 111 110 109 8
D 205 69 2 109 110 111 29
D 203 67 2 107 204 112 205
D 202 65 2 105 203 113 29
D 201 63 2 100 202 114 29
D 98 71 5 99 116 161 166 173 177 186 189 201 8
L 209 58 24
D 208 57 2 92 209 94 29
D 207 55 2 90 208 95 29
D 206 53 2 85 207 96 29
D 83 59 2 84 98 206 8
L 213 48 29
D 212 47 2 79 213 77 8
D 211 45 2 75 212 80 8
D 210 43 2 70 211 81 8
D 216 79 2 117 192 158 8
D 220 69 2 109 165 111 110
D 219 67 2 107 220 112 205
D 218 65 2 105 219 113 29
D 217 63 2 100 218 114 29
D 215 71 4 173 216 99 166 161 177 217 8
D 214 59 2 84 215 206 8
D 223 47 2 79 78 77 8
D 222 45 2 80 223 75 8
D 221 43 2 70 222 81 8
D 228 67 2 107 220 112 29
D 227 65 2 105 228 113 29
D 226 63 2 100 227 114 29
D 225 71 3 161 216 99 177 226 8
D 224 59 2 84 225 206 8
D 230 41 2 71 82 73 8
D 231 45 2 75 223 80 8
D 232 41 2 71 72 73 29
D 229 43 2 230 231 232 8
D 238 69 2 109 165 111 29
D 237 67 2 107 238 112 29
D 236 65 2 105 237 113 29
D 235 63 2 100 236 114 29
D 234 71 2 99 216 235 8
D 233 59 2 84 234 206 8
D 241 47 2 79 78 77 213
D 242 47 2 79 213 77 29
D 240 45 2 75 241 80 242
D 243 45 2 75 242 80 29
D 239 43 3 70 240 230 243 73 29
D 68 49 5 69 83 210 214 221 224 229 233 239 8
D 246 23 2 40 67 42 8
D 245 21 2 38 246 43 8
D 249 31 2 51 62 53 8
D 250 31 2 51 52 53 29
D 248 33 2 249 54 250 8
D 247 29 2 45 248 63 8
D 252 23 2 40 41 42 29
D 251 21 2 38 252 43 29
D 244 25 2 245 247 251 8
D 261 93 2 151 144 143 8
D 260 91 2 152 261 141 8
D 259 89 2 139 260 153 8
D 258 87 2 134 259 154 8
D 257 83 2 129 258 156 8
D 256 79 2 117 257 158 8
D 264 77 2 125 124 123 8
D 263 75 2 118 264 126 8
D 266 77 2 123 124 125 160
D 265 75 2 118 266 126 29
D 262 79 3 263 192 190 178 265 8
D 255 71 5 99 256 186 262 161 116 173 166 201 8
D 254 59 2 84 255 206 8
D 268 41 2 73 72 71 8
D 269 41 2 73 82 71 29
D 267 43 2 268 231 269 8
D 271 41 2 73 72 71 82
D 272 41 2 73 82 71 8
D 270 43 3 70 240 271 243 272 29
D 253 49 6 69 254 210 83 221 214 229 224 267 233 270 8
D 274 21 2 43 39 38 8
D 275 21 2 43 66 38 29
D 273 25 2 274 247 275 8
D 281 73 2 119 127 121 8
D 282 73 2 119 120 121 29
D 280 75 2 281 122 282 8
D 283 75 3 118 266 281 159 121 29
D 279 79 4 280 192 263 178 190 167 283 8
D 288 91 2 141 261 152 8
D 287 89 2 153 288 139 8
D 286 87 2 134 287 154 8
D 285 83 2 129 286 156 8
D 284 79 2 117 285 158 8
D 278 71 5 186 279 161 256 99 284 173 116 201 8
D 277 59 2 84 278 206 8
D 289 43 2 70 231 81 8
D 293 57 2 94 93 92 8
D 292 55 2 90 293 95 8
D 291 53 2 85 292 96 8
D 296 57 2 94 209 92 29
D 295 55 2 90 296 95 29
D 294 53 2 85 295 96 29
D 290 59 2 291 234 294 8
D 299 47 2 77 213 79 8
D 298 45 2 75 299 80 242
D 297 43 3 70 298 271 243 272 29
D 276 49 7 69 277 289 290 210 254 221 83 229 214 267 224 297 8
D 302 23 2 42 41 40 8
D 301 21 2 38 302 43 8
D 304 23 2 42 67 40 29
D 303 21 2 38 304 43 29
D 300 25 2 301 247 303 8
D 310 73 2 121 120 119 8
D 311 73 2 121 127 119 29
D 309 75 2 310 122 311 8
D 313 73 2 121 120 119 127
D 314 73 2 121 127 119 8
D 312 75 3 118 266 313 159 314 29
D 308 79 5 309 192 280 178 263 167 190 128 312 8
D 318 85 2 135 155 137 8
D 319 89 2 139 288 153 8
D 320 85 2 135 136 137 29
D 317 87 2 318 319 320 8
D 316 83 2 129 317 156 8
D 315 79 2 117 316 158 8
D 307 71 5 186 308 173 256 161 284 99 315 201 8
D 306 59 2 84 307 206 8
D 324 57 2 92 209 94 8
D 323 55 2 90 324 95 8
D 322 53 2 85 323 96 8
D 327 57 2 92 93 94 209
D 326 55 2 90 327 95 29
D 325 53 2 85 326 96 29
D 321 59 3 322 234 291 225 325 8
D 305 49 7 69 306 289 321 210 277 221 254 229 83 267 214 297 8
D 331 31 2 53 62 51 8
D 332 31 2 53 52 51 29
D 330 33 2 331 54 332 8
D 329 29 2 45 330 63 8
D 328 25 2 37 329 65 8
D 336 55 2 95 91 90 8
D 335 53 2 85 336 96 8
D 338 55 2 90 327 95 208
D 337 53 2 85 338 96 29
D 334 59 4 335 234 322 225 291 215 337 8
D 342 61 2 103 102 101 8
D 343 61 2 103 115 101 29
D 341 63 2 342 187 343 8
D 344 79 5 309 178 280 167 263 128 190 257 312 8
D 347 81 2 130 157 132 8
D 348 87 2 134 319 154 8
D 349 81 2 130 131 132 29
D 346 83 2 347 348 349 8
D 345 79 2 117 346 158 8
D 352 67 2 107 205 112 29
D 351 65 2 105 352 113 29
D 350 63 3 100 202 342 351 115 29
D 340 71 6 341 216 186 344 173 284 161 315 99 345 350 8
D 339 59 2 84 340 206 8
D 333 49 7 289 334 69 339 210 306 221 277 229 254 267 83 297 8
D 355 27 2 48 47 46 8
D 356 27 2 48 64 46 29
D 354 29 2 355 248 356 8
D 353 25 2 37 354 65 8
D 360 51 2 86 97 88 8
D 361 51 2 86 87 88 29
D 359 53 2 360 89 361 8
D 362 53 3 85 338 360 207 88 29
D 358 59 5 359 234 335 225 322 215 291 98 362 8
D 365 79 5 309 167 280 128 263 257 190 285 312 8
D 367 61 2 101 115 103 8
D 368 61 2 101 102 103 29
D 366 63 2 367 187 368 8
D 371 81 2 132 131 130 8
D 372 81 2 132 157 130 29
D 370 83 2 371 348 372 8
D 369 79 2 117 370 158 8
D 374 61 2 103 102 101 115
D 375 61 2 103 115 101 8
D 373 63 3 100 202 374 351 375 29
D 364 71 7 186 365 366 216 341 177 173 315 161 345 99 369 373 8
D 363 59 2 84 364 206 8
D 357 49 7 289 358 69 363 210 339 221 306 229 277 267 254 297 8
D 378 27 2 46 64 48 8
D 379 27 2 46 47 48 29
D 377 29 2 378 248 379 8
D 376 25 2 37 377 65 8
D 383 51 2 88 87 86 8
D 384 51 2 88 97 86 29
D 382 53 2 383 89 384 8
D 386 51 2 88 87 86 97
D 387 51 2 88 97 86 8
D 385 53 3 85 338 386 207 387 29
D 381 59 6 382 234 359 225 335 215 291 255 322 98 385 8
D 390 79 5 309 128 280 257 263 285 190 316 312 8
D 392 65 2 113 188 105 8
D 391 63 2 100 392 114 8
D 396 85 2 137 136 135 8
D 397 85 2 137 155 135 29
D 395 87 2 396 319 397 8
D 394 83 2 129 395 156 8
D 393 79 2 117 394 158 8
D 399 65 2 105 203 113 352
D 398 63 3 100 399 374 351 375 29
D 389 71 8 186 390 391 216 341 166 366 177 173 345 161 369 99 393 398 8
D 388 59 2 84 389 206 8
D 380 49 7 289 381 69 388 210 363 221 339 229 306 267 277 297 8
D 403 35 2 60 56 55 8
D 402 33 2 249 403 250 8
D 401 29 2 45 402 63 8
D 400 25 2 37 401 65 8
D 405 59 6 382 225 359 215 291 278 322 255 335 98 385 8
D 408 79 5 309 257 280 285 263 316 190 346 312 8
D 411 67 2 112 205 107 110
D 410 65 2 105 411 113 352
D 409 63 3 100 410 374 351 375 29
D 407 71 7 186 408 341 116 366 166 391 177 173 369 161 393 409 8
D 406 59 2 84 407 206 8
D 404 49 7 289 405 210 388 69 406 221 363 229 339 267 306 297 8
D 416 37 2 59 58 57 8
D 415 35 2 55 416 60 8
D 414 33 2 249 415 250 8
D 413 29 2 45 414 63 8
D 412 25 2 37 413 65 8
D 418 59 6 382 215 291 307 322 278 335 255 359 98 385 8
D 421 79 5 309 285 280 316 263 346 190 370 312 8
D 423 65 2 113 352 105 205
D 422 63 3 100 423 374 351 375 29
D 420 71 6 186 421 341 256 366 116 391 166 173 393 422 8
D 419 59 2 84 420 206 8
D 417 49 7 289 418 221 388 210 406 69 419 229 363 267 339 297 8
L 429 38 20
D 428 37 2 57 429 59 8
D 427 35 2 55 428 60 8
D 426 33 2 249 427 250 8
D 425 29 2 45 426 63 8
D 424 25 2 37 425 65 8
D 431 59 6 291 340 322 307 335 278 359 255 382 98 385 8
D 434 79 5 309 316 280 346 263 370 190 394 312 8
D 435 63 3 374 351 100 352 375 29
D 433 71 5 186 434 366 256 341 284 391 116 435 8
D 432 59 2 84 433 206 8
D 430 49 7 289 431 229 388 221 406 210 419 69 432 267 363 297 8
D 438 23 2 42 41 40 67
D 437 21 2 38 438 43 39
D 442 37 2 57 429 59 29
D 441 35 2 55 442 60 29
D 440 33 2 249 441 250 29
D 439 29 2 45 440 63 29
D 444 27 2 48 47 46 64
D 446 31 2 53 62 51 52
D 448 37 2 57 58 59 429
D 447 35 2 60 442 55 448
D 449 31 2 53 52 51 8
D 445 33 3 446 441 249 447 449 29
D 450 27 2 48 64 46 8
D 443 29 3 444 440 45 445 450 29
D 452 23 2 42 67 40 8
D 451 21 2 38 452 43 66
D 436 25 3 437 439 37 443 451 29
D 35 39 11 36 68 244 253 273 276 300 305 328 333 353 357 376 380 400 404 412 417 424 430 436 8
D 455 3 2 5 34 7 8
D 454 1 2 3 455 9 8
D 458 11 2 17 28 19 8
D 459 11 2 17 18 19 29
D 457 13 2 458 20 459 8
D 456 9 2 11 457 30 8
D 461 3 2 5 6 7 29
D 460 1 2 3 461 9 29
D 453 5 2 454 456 460 8
D 464 59 6 291 364 322 340 335 307 359 278 382 255 385 8
D 469 77 2 125 160 123 29
D 468 75 3 118 469 313 159 314 29
D 467 79 4 309 346 280 370 263 394 468 8
D 466 71 5 186 467 391 256 366 284 341 315 435 8
D 465 59 2 84 466 206 8
D 463 49 7 289 464 267 388 229 406 221 419 210 432 69 465 297 8
D 462 39 11 36 253 244 276 273 305 300 333 328 357 353 380 376 404 400 417 412 430 424 463 436 8
D 471 1 2 9 4 3 8
D 472 1 2 9 33 3 29
D 470 5 2 471 456 472 8
D 475 59 6 291 389 322 364 335 340 359 307 382 278 385 8
D 480 73 2 119 120 121 127
D 479 75 2 313 159 480 29
D 478 79 3 309 370 280 394 479 8
D 477 71 5 391 284 186 478 366 315 341 345 435 8
D 476 59 2 84 477 206 8
D 474 49 7 289 475 267 406 229 419 221 432 210 465 69 476 297 8
D 473 39 11 36 276 244 305 273 333 300 357 328 380 353 404 376 417 400 430 412 463 424 474 436 8
D 483 3 2 7 6 5 8
D 482 1 2 3 483 9 8
D 485 3 2 7 34 5 29
D 484 1 2 3 485 9 29
D 481 5 2 482 456 484 8
D 488 59 6 322 389 335 364 291 407 359 340 382 307 385 8
D 492 75 2 310 159 311 29
D 491 79 2 309 394 492 8
D 490 71 5 391 315 186 491 366 345 341 369 435 8
D 489 59 2 84 490 206 8
D 487 49 7 289 488 267 419 229 432 221 465 210 476 69 489 297 8
D 486 39 11 36 305 244 333 273 357 300 380 328 404 353 417 376 430 400 463 412 474 424 487 436 8
D 496 11 2 19 28 17 8
D 497 11 2 19 18 17 29
D 495 13 2 496 20 497 8
D 494 9 2 11 495 30 8
D 493 5 2 2 494 32 8
D 500 59 6 335 389 359 364 322 407 382 340 291 420 385 8
D 504 65 2 113 352 105 29
D 503 63 3 374 351 100 504 375 29
D 502 71 4 391 345 366 369 341 393 503 8
D 501 59 2 84 502 206 8
D 499 49 7 267 432 289 500 229 465 221 476 210 489 69 501 297 8
D 498 39 11 36 333 244 357 273 380 300 404 328 417 353 430 376 463 400 474 412 487 424 499 436 8
D 507 7 2 14 13 12 8
D 508 7 2 14 31 12 29
D 506 9 2 507 457 508 8
D 505 5 2 2 506 32 8
D 511 59 6 359 389 382 364 335 407 322 420 291 433 385 8
D 514 63 3 367 351 100 504 103 29
D 513 71 3 391 369 366 393 514 8
D 512 59 2 84 513 206 8
D 510 49 7 267 465 289 511 229 476 221 489 210 501 69 512 297 8
D 509 39 11 36 357 244 380 273 404 300 417 328 430 353 463 376 474 400 487 412 499 424 510 436 8
D 517 7 2 12 31 14 8
D 518 7 2 12 13 14 29
D 516 9 2 517 457 518 8
D 515 5 2 2 516 32 8
D 521 59 6 382 389 359 407 335 420 322 433 291 466 385 8
D 524 63 2 100 504 114 29
D 523 71 2 391 393 524 8
D 522 59 2 84 523 206 8
D 520 49 7 267 476 289 521 229 489 221 501 210 512 69 522 297 8
D 519 39 11 36 380 244 404 273 417 300 430 328 463 353 474 376 487 400 499 412 510 424 520 436 8
D 528 15 2 26 22 21 8
D 527 13 2 458 528 459 8
D 526 9 2 11 527 30 8
D 525 5 2 2 526 32 8
D 531 59 6 382 407 359 420 335 433 322 466 291 477 385 8
D 533 45 2 80 242 75 77
D 532 43 3 70 533 271 243 272 29
D 530 49 6 267 489 289 531 229 501 221 512 210 522 532 8
D 529 39 11 36 404 244 417 273 430 300 463 328 474 353 487 376 499 400 510 412 520 424 530 436 8
L 539 18 9
D 538 17 2 23 539 25 8
D 537 15 2 21 538 26 8
D 536 13 2 458 537 459 8
D 535 9 2 11 536 30 8
D 534 5 2 2 535 32 8
D 542 59 6 382 420 359 433 335 466 322 477 291 490 385 8
D 543 43 3 271 243 70 242 272 29
D 541 49 5 267 501 289 542 229 512 221 522 543 8
D 540 39 11 36 417 244 430 273 463 300 474 328 487 353 499 376 510 400 520 412 530 424 541 436 8
D 548 17 2 25 24 23 8
D 547 15 2 21 548 26 8
D 546 13 2 458 547 459 8
D 545 9 2 11 546 30 8
D 544 5 2 2 545 32 8
D 551 59 6 382 433 359 466 335 477 322 490 291 502 385 8
D 553 41 2 73 72 71 29
D 552 43 2 553 243 272 29
D 550 49 4 267 512 289 551 229 522 552 8
D 549 39 11 36 430 244 463 273 474 300 487 328 499 353 510 376 520 400 530 412 541 424 550 436 8
D 558 17 2 23 24 25 539
D 559 17 2 23 539 25 29
D 557 15 2 21 558 26 559
D 560 11 2 19 28 17 18
D 561 15 2 21 559 26 29
D 562 11 2 19 18 17 8
D 556 13 3 458 557 560 561 562 29
D 563 7 2 14 13 12 31
D 564 13 2 458 561 459 29
D 565 7 2 14 31 12 8
D 555 9 3 11 556 563 564 565 29
D 567 3 2 7 6 5 34
D 566 1 2 3 567 9 4
D 568 9 2 11 564 30 29
D 570 3 2 7 34 5 8
D 569 1 2 3 570 9 33
D 554 5 3 2 555 566 568 569 29
D 0 19 11 1 35 453 462 470 473 481 486 493 498 505 509 515 519 525 529 534 540 544 549 554 8
