c ids of sdd nodes start at 0
c sdd nodes appear bottom-up, children before parents
c
c file syntax:
c sdd count-of-sdd-nodes
c F id-of-false-sdd-node
c T id-of-true-sdd-node
c L id-of-literal-sdd-node id-of-vtree literal
c D id-of-decomposition-sdd-node id-of-vtree number-of-elements {id-of-prime id-of-sub}*
c
sdd 569
L 3 0 -3
L 5 2 -4
L 6 4 -2
L 7 2 4
F 8
D 4 3 2 5 6 7 8
L 9 0 3
D 2 1 2 3 4 9 8
L 12 6 -6
L 13 8 -7
L 14 6 6
D 11 7 2 12 13 14 8
L 17 10 -5
L 18 12 1
L 19 10 5
D 16 11 2 17 18 19 8
L 21 14 -8
L 23 16 -10
L 24 18 -9
L 25 16 10
D 22 17 2 23 24 25 8
L 26 14 8
D 20 15 2 21 22 26 8
L 28 12 -1
T 29
D 27 11 2 17 28 19 29
D 15 13 2 16 20 27 8
L 31 8 7
D 30 7 2 12 31 14 29
D 10 9 2 11 15 30 8
L 34 4 2
D 33 3 2 5 34 7 29
D 32 1 2 3 33 9 29
D 1 5 2 2 10 32 8
L 38 20 -13
L 40 22 -14
L 41 24 -12
L 42 22 14
D 39 23 2 40 41 42 8
L 43 20 13
D 37 21 2 38 39 43 8
L 46 26 -16
L 47 28 -17
L 48 26 16
D 45 27 2 46 47 48 8
L 51 30 -15
L 52 32 11
L 53 30 15
D 50 31 2 51 52 53 8
L 55 34 -18
L 57 36 -19
L 58 38 -20
L 59 36 19
D 56 37 2 57 58 59 8
L 60 34 18
D 54 35 2 55 56 60 8
L 62 32 -11
D 61 31 2 51 62 53 29
D 49 33 2 50 54 61 8
L 64 28 17
D 63 27 2 46 64 48 29
D 44 29 2 45 49 63 8
L 67 24 12
D 66 23 2 40 67 42 29
D 65 21 2 38 66 43 29
D 36 25 2 37 44 65 8
L 71 40 -26
L 72 42 -27
L 73 40 26
D 70 41 2 71 72 73 8
L 75 44 -28
L 77 46 30
L 78 48 -29
L 79 46 -30
D 76 47 2 77 78 79 8
L 80 44 28
D 74 45 2 75 76 80 8
L 82 42 27
D 81 41 2 71 82 73 29
D 69 43 2 70 74 81 8
L 86 50 -21
L 87 52 -22
L 88 50 21
D 85 51 2 86 87 88 8
L 90 54 -23
L 92 56 -25
L 93 58 -24
L 94 56 25
D 91 57 2 92 93 94 8
L 95 54 23
D 89 55 2 90 91 95 8
L 97 52 22
D 96 51 2 86 97 88 29
D 84 53 2 85 89 96 8
L 101 60 -33
L 102 62 -32
L 103 60 33
D 100 61 2 101 102 103 8
L 105 64 -31
L 107 66 38
L 109 68 -39
L 110 70 -40
L 111 68 39
D 108 69 2 109 110 111 8
L 112 66 -38
D 106 67 2 107 108 112 8
L 113 64 31
D 104 65 2 105 106 113 8
L 115 62 32
D 114 61 2 101 115 103 29
D 99 63 2 100 104 114 8
L 119 72 -34
L 120 74 -35
L 121 72 34
D 118 73 2 119 120 121 8
L 123 76 -36
L 124 78 -37
L 125 76 36
D 122 77 2 123 124 125 8
L 127 74 35
D 126 73 2 119 127 121 29
D 117 75 2 118 122 126 8
L 130 80 -42
L 131 82 -43
L 132 80 42
D 129 81 2 130 131 132 8
L 135 84 -41
L 136 86 -44
L 137 84 41
D 134 85 2 135 136 137 8
L 139 88 -45
L 141 90 -46
L 143 92 -47
L 145 94 -48
L 147 96 50
L 148 98 -49
L 149 96 -50
D 146 97 2 147 148 149 8
L 150 94 48
D 144 95 2 145 146 150 8
L 151 92 47
D 142 93 2 143 144 151 8
L 152 90 46
D 140 91 2 141 142 152 8
L 153 88 45
D 138 89 2 139 140 153 8
L 155 86 44
D 154 85 2 135 155 137 29
D 133 87 2 134 138 154 8
L 157 82 43
D 156 81 2 130 157 132 29
D 128 83 2 129 133 156 8
L 160 78 37
D 159 77 2 123 160 125 29
D 158 75 2 118 159 126 29
D 116 79 2 117 128 158 8
L 165 70 40
D 164 69 2 109 165 111 8
D 163 67 2 112 164 107 8
D 162 65 2 105 163 113 8
D 161 63 2 100 162 114 8
D 173 97 2 149 148 147 8
D 172 95 2 150 173 145 8
D 171 93 2 143 172 151 8
D 170 91 2 141 171 152 8
D 169 89 2 139 170 153 8
D 168 87 2 134 169 154 8
D 167 83 2 129 168 156 8
D 166 79 2 117 167 158 8
D 177 69 2 111 110 109 8
D 176 67 2 112 177 107 8
D 175 65 2 105 176 113 8
D 174 63 2 100 175 114 8
L 186 98 49
D 185 97 2 149 186 147 8
D 184 95 2 145 185 150 8
D 183 93 2 143 184 151 8
D 182 91 2 141 183 152 8
D 181 89 2 139 182 153 8
D 180 87 2 134 181 154 8
D 179 83 2 129 180 156 8
D 178 79 2 117 179 158 8
D 190 69 2 109 110 111 165
D 191 69 2 109 165 111 29
D 189 67 2 112 190 107 191
D 188 65 2 105 189 113 29
D 187 63 2 100 188 114 29
D 98 71 4 99 116 161 166 174 178 187 8
L 195 58 24
D 194 57 2 92 195 94 29
D 193 55 2 90 194 95 29
D 192 53 2 85 193 96 29
D 83 59 2 84 98 192 8
L 199 48 29
D 198 47 2 79 199 77 8
D 197 45 2 75 198 80 8
D 196 43 2 70 197 81 8
D 204 67 2 112 190 107 29
D 203 65 2 105 204 113 29
D 202 63 2 100 203 114 29
D 201 71 3 174 116 161 178 202 8
D 200 59 2 84 201 192 8
D 207 47 2 79 78 77 8
D 206 45 2 80 207 75 8
D 205 43 2 70 206 81 8
D 213 69 2 109 110 111 29
D 212 67 2 112 213 107 29
D 211 65 2 105 212 113 29
D 210 63 2 100 211 114 29
D 209 71 2 161 116 210 8
D 208 59 2 84 209 192 8
D 216 47 2 79 78 77 199
D 217 47 2 79 199 77 29
D 215 45 2 75 216 80 217
D 214 43 2 70 215 81 29
D 68 49 4 69 83 196 200 205 208 214 8
D 220 23 2 40 67 42 8
D 219 21 2 38 220 43 8
D 223 31 2 51 62 53 8
D 224 31 2 51 52 53 29
D 222 33 2 223 54 224 8
D 221 29 2 45 222 63 8
D 226 23 2 40 41 42 29
D 225 21 2 38 226 43 29
D 218 25 2 219 221 225 8
D 236 95 2 145 173 150 8
D 235 93 2 151 236 143 8
D 234 91 2 141 235 152 8
D 233 89 2 139 234 153 8
D 232 87 2 134 233 154 8
D 231 83 2 129 232 156 8
D 230 79 2 117 231 158 8
D 239 67 2 112 108 107 8
D 238 65 2 105 239 113 8
D 237 63 2 100 238 114 8
D 242 77 2 123 160 125 8
D 241 75 2 118 242 126 8
D 244 77 2 123 124 125 29
D 243 75 2 118 244 126 29
D 240 79 2 241 128 243 8
D 248 69 2 111 165 109 8
D 247 67 2 112 248 107 191
D 246 65 2 105 247 113 29
D 245 63 2 100 246 114 29
D 229 71 5 161 230 174 166 99 178 237 240 245 8
D 228 59 2 84 229 192 8
D 250 41 2 71 82 73 8
D 251 45 2 75 207 80 8
D 252 41 2 71 72 73 29
D 249 43 2 250 251 252 8
D 254 45 2 75 217 80 29
D 253 43 3 70 215 250 254 73 29
D 227 49 5 69 228 196 83 205 200 249 208 253 8
D 256 21 2 43 39 38 8
D 257 21 2 43 66 38 29
D 255 25 2 256 221 257 8
D 266 93 2 143 236 151 8
D 265 91 2 152 266 141 8
D 264 89 2 139 265 153 8
D 263 87 2 134 264 154 8
D 262 83 2 129 263 156 8
D 261 79 2 117 262 158 8
D 269 77 2 125 124 123 8
D 268 75 2 118 269 126 8
D 271 77 2 123 124 125 160
D 270 75 2 118 271 126 29
D 267 79 3 268 128 241 179 270 8
D 260 71 5 161 261 237 267 174 230 99 166 245 8
D 259 59 2 84 260 192 8
D 273 41 2 73 72 71 8
D 274 41 2 73 82 71 29
D 272 43 2 273 251 274 8
D 276 41 2 73 72 71 82
D 277 41 2 73 82 71 8
D 275 43 3 70 215 276 254 277 29
D 258 49 6 69 259 196 228 205 83 249 200 272 208 275 8
D 280 23 2 42 41 40 8
D 279 21 2 38 280 43 8
D 282 23 2 42 67 40 29
D 281 21 2 38 282 43 29
D 278 25 2 279 221 281 8
D 288 73 2 119 127 121 8
D 289 73 2 119 120 121 29
D 287 75 2 288 122 289 8
D 290 75 3 118 271 288 159 121 29
D 286 79 4 287 128 268 179 241 167 290 8
D 295 91 2 141 266 152 8
D 294 89 2 153 295 139 8
D 293 87 2 134 294 154 8
D 292 83 2 129 293 156 8
D 291 79 2 117 292 158 8
D 285 71 5 237 286 174 261 161 291 99 230 245 8
D 284 59 2 84 285 192 8
D 296 43 2 70 251 81 8
D 300 57 2 94 93 92 8
D 299 55 2 90 300 95 8
D 298 53 2 85 299 96 8
D 303 57 2 94 195 92 29
D 302 55 2 90 303 95 29
D 301 53 2 85 302 96 29
D 297 59 2 298 209 301 8
D 306 47 2 77 199 79 8
D 305 45 2 75 306 80 217
D 304 43 3 70 305 276 254 277 29
D 283 49 7 69 284 296 297 196 259 205 228 249 83 272 200 304 8
D 310 31 2 53 62 51 8
D 311 31 2 53 52 51 29
D 309 33 2 310 54 311 8
D 308 29 2 45 309 63 8
D 307 25 2 37 308 65 8
D 317 73 2 121 120 119 8
D 318 73 2 121 127 119 29
D 316 75 2 317 122 318 8
D 320 73 2 121 120 119 127
D 321 73 2 121 127 119 8
D 319 75 3 118 271 320 159 321 29
D 315 79 5 316 128 287 179 268 167 241 231 319 8
D 325 85 2 135 155 137 8
D 326 89 2 139 295 153 8
D 327 85 2 135 136 137 29
D 324 87 2 325 326 327 8
D 323 83 2 129 324 156 8
D 322 79 2 117 323 158 8
D 314 71 5 237 315 99 261 174 291 161 322 245 8
D 313 59 2 84 314 192 8
D 331 57 2 92 195 94 8
D 330 55 2 90 331 95 8
D 329 53 2 85 330 96 8
D 334 57 2 92 93 94 195
D 333 55 2 90 334 95 29
D 332 53 2 85 333 96 29
D 328 59 3 329 209 298 201 332 8
D 312 49 7 69 313 296 328 196 284 205 259 249 228 272 83 304 8
D 337 27 2 48 47 46 8
D 338 27 2 48 64 46 29
D 336 29 2 337 222 338 8
D 335 25 2 37 336 65 8
D 342 55 2 95 91 90 8
D 341 53 2 85 342 96 8
D 344 55 2 90 334 95 194
D 343 53 2 85 344 96 29
D 340 59 4 341 209 329 201 298 98 343 8
D 348 61 2 103 102 101 8
D 349 61 2 103 115 101 29
D 347 63 2 348 238 349 8
D 350 79 5 316 179 287 167 268 231 241 262 319 8
D 353 81 2 130 157 132 8
D 354 87 2 134 326 154 8
D 355 81 2 130 131 132 29
D 352 83 2 353 354 355 8
D 351 79 2 117 352 158 8
D 358 67 2 112 191 107 29
D 357 65 2 105 358 113 29
D 356 63 3 100 246 348 357 115 29
D 346 71 6 347 116 237 350 99 291 174 322 161 351 356 8
D 345 59 2 84 346 192 8
D 339 49 7 296 340 69 345 196 313 205 284 249 259 272 228 304 8
D 361 27 2 46 64 48 8
D 362 27 2 46 47 48 29
D 360 29 2 361 222 362 8
D 359 25 2 37 360 65 8
D 366 51 2 86 97 88 8
D 367 51 2 86 87 88 29
D 365 53 2 366 89 367 8
D 368 53 3 85 344 366 193 88 29
D 364 59 5 365 209 341 201 329 98 298 229 368 8
D 371 79 5 316 167 287 231 268 262 241 292 319 8
D 373 61 2 101 115 103 8
D 374 61 2 101 102 103 29
D 372 63 2 373 238 374 8
D 377 81 2 132 131 130 8
D 378 81 2 132 157 130 29
D 376 83 2 377 354 378 8
D 375 79 2 117 376 158 8
D 380 61 2 103 102 101 115
D 381 61 2 103 115 101 8
D 379 63 3 100 246 380 357 381 29
D 370 71 7 237 371 372 116 347 178 99 322 174 351 161 375 379 8
D 369 59 2 84 370 192 8
D 363 49 7 296 364 69 369 196 345 205 313 249 284 272 259 304 8
D 385 35 2 60 56 55 8
D 384 33 2 223 385 224 8
D 383 29 2 45 384 63 8
D 382 25 2 37 383 65 8
D 389 51 2 88 87 86 8
D 390 51 2 88 97 86 29
D 388 53 2 389 89 390 8
D 392 51 2 88 87 86 97
D 393 51 2 88 97 86 8
D 391 53 3 85 344 392 193 393 29
D 387 59 6 388 209 365 201 341 98 298 260 329 229 391 8
D 396 79 5 316 231 287 262 268 292 241 323 319 8
D 398 65 2 113 239 105 8
D 397 63 2 100 398 114 8
D 402 85 2 137 136 135 8
D 403 85 2 137 155 135 29
D 401 87 2 402 326 403 8
D 400 83 2 129 401 156 8
D 399 79 2 117 400 158 8
D 405 65 2 105 247 113 358
D 404 63 3 100 405 380 357 381 29
D 395 71 8 237 396 397 116 347 166 372 178 99 351 174 375 161 399 404 8
D 394 59 2 84 395 192 8
D 386 49 7 296 387 69 394 196 369 205 345 249 313 272 284 304 8
D 410 37 2 59 58 57 8
D 409 35 2 55 410 60 8
D 408 33 2 223 409 224 8
D 407 29 2 45 408 63 8
D 406 25 2 37 407 65 8
D 412 59 6 388 201 365 98 298 285 329 260 341 229 391 8
D 415 79 5 316 262 287 292 268 323 241 352 319 8
D 418 67 2 107 191 112 165
D 417 65 2 105 418 113 358
D 416 63 3 100 417 380 357 381 29
D 414 71 7 237 415 347 230 372 166 397 178 99 375 174 399 416 8
D 413 59 2 84 414 192 8
D 411 49 7 296 412 196 394 69 413 205 369 249 345 272 313 304 8
L 424 38 20
D 423 37 2 57 424 59 8
D 422 35 2 55 423 60 8
D 421 33 2 223 422 224 8
D 420 29 2 45 421 63 8
D 419 25 2 37 420 65 8
D 426 59 6 388 98 298 314 329 285 341 260 365 229 391 8
D 429 79 5 316 292 287 323 268 352 241 376 319 8
D 431 65 2 113 358 105 191
D 430 63 3 100 431 380 357 381 29
D 428 71 6 237 429 347 261 372 230 397 166 99 399 430 8
D 427 59 2 84 428 192 8
D 425 49 7 296 426 205 394 196 413 69 427 249 369 272 345 304 8
D 434 23 2 42 41 40 67
D 433 21 2 38 434 43 39
D 438 37 2 57 424 59 29
D 437 35 2 55 438 60 29
D 436 33 2 223 437 224 29
D 435 29 2 45 436 63 29
D 440 27 2 48 47 46 64
D 442 31 2 53 62 51 52
D 444 37 2 57 58 59 424
D 443 35 2 60 438 55 444
D 445 31 2 53 52 51 8
D 441 33 3 442 437 223 443 445 29
D 446 27 2 48 64 46 8
D 439 29 3 440 436 45 441 446 29
D 448 23 2 42 67 40 8
D 447 21 2 38 448 43 66
D 432 25 3 433 435 37 439 447 29
D 35 39 11 36 68 218 227 255 258 278 283 307 312 335 339 359 363 382 386 406 411 419 425 432 8
D 451 3 2 5 34 7 8
D 450 1 2 3 451 9 8
D 454 11 2 17 28 19 8
D 455 11 2 17 18 19 29
D 453 13 2 454 20 455 8
D 452 9 2 11 453 30 8
D 457 3 2 5 6 7 29
D 456 1 2 3 457 9 29
D 449 5 2 450 452 456 8
D 460 59 6 298 346 329 314 341 285 365 260 388 229 391 8
D 463 79 5 316 323 287 352 268 376 241 400 319 8
D 464 63 3 380 357 100 358 381 29
D 462 71 5 237 463 372 261 347 291 397 230 464 8
D 461 59 2 84 462 192 8
D 459 49 7 296 460 249 394 205 413 196 427 69 461 272 369 304 8
D 458 39 11 36 227 218 258 255 283 278 312 307 339 335 363 359 386 382 411 406 425 419 459 432 8
D 466 1 2 9 4 3 8
D 467 1 2 9 33 3 29
D 465 5 2 466 452 467 8
D 470 59 6 298 370 329 346 341 314 365 285 388 260 391 8
D 475 77 2 125 160 123 29
D 474 75 3 118 475 320 159 321 29
D 473 79 4 316 352 287 376 268 400 474 8
D 472 71 5 237 473 397 261 372 291 347 322 464 8
D 471 59 2 84 472 192 8
D 469 49 7 296 470 272 394 249 413 205 427 196 461 69 471 304 8
D 468 39 11 36 258 218 283 255 312 278 339 307 363 335 386 359 411 382 425 406 459 419 469 432 8
D 478 3 2 7 6 5 8
D 477 1 2 3 478 9 8
D 480 3 2 7 34 5 29
D 479 1 2 3 480 9 29
D 476 5 2 477 452 479 8
D 483 59 6 298 395 329 370 341 346 365 314 388 285 391 8
D 488 73 2 119 120 121 127
D 487 75 2 320 159 488 29
D 486 79 3 316 376 287 400 487 8
D 485 71 5 397 291 237 486 372 322 347 351 464 8
D 484 59 2 84 485 192 8
D 482 49 7 296 483 272 413 249 427 205 461 196 471 69 484 304 8
D 481 39 11 36 283 218 312 255 339 278 363 307 386 335 411 359 425 382 459 406 469 419 482 432 8
D 492 11 2 19 28 17 8
D 493 11 2 19 18 17 29
D 491 13 2 492 20 493 8
D 490 9 2 11 491 30 8
D 489 5 2 2 490 32 8
D 496 59 6 329 395 341 370 298 414 365 346 388 314 391 8
D 500 75 2 317 159 318 29
D 499 79 2 316 400 500 8
D 498 71 5 397 322 237 499 372 351 347 375 464 8
D 497 59 2 84 498 192 8
D 495 49 7 296 496 272 427 249 461 205 471 196 484 69 497 304 8
D 494 39 11 36 312 218 339 255 363 278 386 307 411 335 425 359 459 382 469 406 482 419 495 432 8
D 503 7 2 14 13 12 8
D 504 7 2 14 31 12 29
D 502 9 2 503 453 504 8
D 501 5 2 2 502 32 8
D 507 59 6 341 395 365 370 329 414 388 346 298 428 391 8
D 511 65 2 113 358 105 29
D 510 63 3 380 357 100 511 381 29
D 509 71 4 397 351 372 375 347 399 510 8
D 508 59 2 84 509 192 8
D 506 49 7 272 461 296 507 249 471 205 484 196 497 69 508 304 8
D 505 39 11 36 339 218 363 255 386 278 411 307 425 335 459 359 469 382 482 406 495 419 506 432 8
D 514 7 2 12 31 14 8
D 515 7 2 12 13 14 29
D 513 9 2 514 453 515 8
D 512 5 2 2 513 32 8
D 518 59 6 365 395 388 370 341 414 329 428 298 462 391 8
D 521 63 3 373 357 100 511 103 29
D 520 71 3 397 375 372 399 521 8
D 519 59 2 84 520 192 8
D 517 49 7 272 471 296 518 249 484 205 497 196 508 69 519 304 8
D 516 39 11 36 363 218 386 255 411 278 425 307 459 335 469 359 482 382 495 406 506 419 517 432 8
D 525 15 2 26 22 21 8
D 524 13 2 454 525 455 8
D 523 9 2 11 524 30 8
D 522 5 2 2 523 32 8
D 528 59 6 388 395 365 414 341 428 329 462 298 472 391 8
D 531 63 2 100 511 114 29
D 530 71 2 397 399 531 8
D 529 59 2 84 530 192 8
D 527 49 7 272 484 296 528 249 497 205 508 196 519 69 529 304 8
D 526 39 11 36 386 218 411 255 425 278 459 307 469 335 482 359 495 382 506 406 517 419 527 432 8
L 537 18 9
D 536 17 2 23 537 25 8
D 535 15 2 21 536 26 8
D 534 13 2 454 535 455 8
D 533 9 2 11 534 30 8
D 532 5 2 2 533 32 8
D 540 59 6 388 414 365 428 341 462 329 472 298 485 391 8
D 542 45 2 80 217 75 77
D 541 43 3 70 542 276 254 277 29
D 539 49 6 272 497 296 540 249 508 205 519 196 529 541 8
D 538 39 11 36 411 218 425 255 459 278 469 307 482 335 495 359 506 382 517 406 527 419 539 432 8
D 547 17 2 25 24 23 8
D 546 15 2 21 547 26 8
D 545 13 2 454 546 455 8
D 544 9 2 11 545 30 8
D 543 5 2 2 544 32 8
D 550 59 6 388 428 365 462 341 472 329 485 298 498 391 8
D 551 43 3 276 254 70 217 277 29
D 549 49 5 272 508 296 550 249 519 205 529 551 8
D 548 39 11 36 425 218 459 255 469 278 482 307 495 335 506 359 517 382 527 406 539 419 549 432 8
D 556 17 2 23 24 25 537
D 557 17 2 23 537 25 29
D 555 15 2 21 556 26 557
D 558 11 2 19 28 17 18
D 559 15 2 21 557 26 29
D 560 11 2 19 18 17 8
D 554 13 3 454 555 558 559 560 29
D 561 7 2 14 13 12 31
D 562 13 2 454 559 455 29
D 563 7 2 14 31 12 8
D 553 9 3 11 554 561 562 563 29
D 565 3 2 7 6 5 34
D 564 1 2 3 565 9 4
D 566 9 2 11 562 30 29
D 568 3 2 7 34 5 8
D 567 1 2 3 568 9 33
D 552 5 3 2 553 564 566 567 29
D 0 19 11 1 35 449 458 465 468 476 481 489 494 501 505 512 516 522 526 532 538 543 548 552 8
