c ids of sdd nodes start at 0
c sdd nodes appear bottom-up, children before parents
c
c file syntax:
c sdd count-of-sdd-nodes
c F id-of-false-sdd-node
c T id-of-true-sdd-node
c L id-of-literal-sdd-node id-of-vtree literal
c D id-of-decomposition-sdd-node id-of-vtree number-of-elements {id-of-prime id-of-sub}*
c
sdd 569
L 3 0 -3
L 5 2 -4
L 6 4 -2
L 7 2 4
F 8
D 4 3 2 5 6 7 8
L 9 0 3
D 2 1 2 3 4 9 8
L 12 6 -6
L 13 8 -7
L 14 6 6
D 11 7 2 12 13 14 8
L 17 10 -5
L 18 12 1
L 19 10 5
D 16 11 2 17 18 19 8
L 21 14 -8
L 23 16 -10
L 24 18 -9
L 25 16 10
D 22 17 2 23 24 25 8
L 26 14 8
D 20 15 2 21 22 26 8
L 28 12 -1
T 29
D 27 11 2 17 28 19 29
D 15 13 2 16 20 27 8
L 31 8 7
D 30 7 2 12 31 14 29
D 10 9 2 11 15 30 8
L 34 4 2
D 33 3 2 5 34 7 29
D 32 1 2 3 33 9 29
D 1 5 2 2 10 32 8
L 38 20 -13
L 40 22 -14
L 41 24 -12
L 42 22 14
D 39 23 2 40 41 42 8
L 43 20 13
D 37 21 2 38 39 43 8
L 46 26 -16
L 47 28 -17
L 48 26 16
D 45 27 2 46 47 48 8
L 51 30 -15
L 52 32 11
L 53 30 15
D 50 31 2 51 52 53 8
L 55 34 -18
L 57 36 -19
L 58 38 -20
L 59 36 19
D 56 37 2 57 58 59 8
L 60 34 18
D 54 35 2 55 56 60 8
L 62 32 -11
D 61 31 2 51 62 53 29
D 49 33 2 50 54 61 8
L 64 28 17
D 63 27 2 46 64 48 29
D 44 29 2 45 49 63 8
L 67 24 12
D 66 23 2 40 67 42 29
D 65 21 2 38 66 43 29
D 36 25 2 37 44 65 8
L 71 40 -26
L 72 42 -27
L 73 40 26
D 70 41 2 71 72 73 8
L 75 44 -28
L 77 46 30
L 78 48 -29
L 79 46 -30
D 76 47 2 77 78 79 8
L 80 44 28
D 74 45 2 75 76 80 8
L 82 42 27
D 81 41 2 71 82 73 29
D 69 43 2 70 74 81 8
L 86 50 -21
L 87 52 -22
L 88 50 21
D 85 51 2 86 87 88 8
L 90 54 -23
L 92 56 -25
L 93 58 -24
L 94 56 25
D 91 57 2 92 93 94 8
L 95 54 23
D 89 55 2 90 91 95 8
L 97 52 22
D 96 51 2 86 97 88 29
D 84 53 2 85 89 96 8
L 101 60 -33
L 102 62 -32
L 103 60 33
D 100 61 2 101 102 103 8
L 105 64 -31
L 107 66 -38
L 109 68 39
L 110 70 -40
L 111 68 -39
D 108 69 2 109 110 111 8
L 112 66 38
D 106 67 2 107 108 112 8
L 113 64 31
D 104 65 2 105 106 113 8
L 115 62 32
D 114 61 2 101 115 103 29
D 99 63 2 100 104 114 8
L 119 72 -34
L 120 74 -35
L 121 72 34
D 118 73 2 119 120 121 8
L 123 76 -36
L 124 78 -37
L 125 76 36
D 122 77 2 123 124 125 8
L 127 74 35
D 126 73 2 119 127 121 29
D 117 75 2 118 122 126 8
L 130 80 -42
L 131 82 -43
L 132 80 42
D 129 81 2 130 131 132 8
L 135 84 -41
L 136 86 -44
L 137 84 41
D 134 85 2 135 136 137 8
L 139 88 -45
L 141 90 -46
L 143 92 -47
L 145 94 -48
L 147 96 50
L 148 98 -49
L 149 96 -50
D 146 97 2 147 148 149 8
L 150 94 48
D 144 95 2 145 146 150 8
L 151 92 47
D 142 93 2 143 144 151 8
L 152 90 46
D 140 91 2 141 142 152 8
L 153 88 45
D 138 89 2 139 140 153 8
L 155 86 44
D 154 85 2 135 155 137 29
D 133 87 2 134 138 154 8
L 157 82 43
D 156 81 2 130 157 132 29
D 128 83 2 129 133 156 8
L 160 78 37
D 159 77 2 123 160 125 29
D 158 75 2 118 159 126 29
D 116 79 2 117 128 158 8
L 165 70 40
D 164 69 2 111 165 109 8
D 163 67 2 107 164 112 8
D 162 65 2 105 163 113 8
D 161 63 2 100 162 114 8
L 174 98 49
D 173 97 2 149 174 147 8
D 172 95 2 145 173 150 8
D 171 93 2 143 172 151 8
D 170 91 2 141 171 152 8
D 169 89 2 139 170 153 8
D 168 87 2 134 169 154 8
D 167 83 2 129 168 156 8
D 166 79 2 117 167 158 8
D 178 69 2 111 110 109 165
D 177 67 2 107 178 112 29
D 176 65 2 105 177 113 29
D 175 63 2 100 176 114 29
D 98 71 3 99 116 161 166 175 8
L 182 58 24
D 181 57 2 92 182 94 29
D 180 55 2 90 181 95 29
D 179 53 2 85 180 96 29
D 83 59 2 84 98 179 8
L 186 48 29
D 185 47 2 79 186 77 8
D 184 45 2 75 185 80 8
D 183 43 2 70 184 81 8
D 192 69 2 111 110 109 29
D 191 67 2 107 192 112 29
D 190 65 2 105 191 113 29
D 189 63 2 100 190 114 29
D 188 71 2 161 116 189 8
D 187 59 2 84 188 179 8
D 195 47 2 79 78 77 186
D 194 45 2 75 195 80 29
D 193 43 2 70 194 81 29
D 68 49 3 69 83 183 187 193 8
D 198 23 2 40 67 42 8
D 197 21 2 38 198 43 8
D 201 31 2 51 62 53 8
D 202 31 2 51 52 53 29
D 200 33 2 201 54 202 8
D 199 29 2 45 200 63 8
D 204 23 2 40 41 42 29
D 203 21 2 38 204 43 29
D 196 25 2 197 199 203 8
D 211 69 2 111 110 109 8
D 210 67 2 112 211 107 8
D 209 65 2 105 210 113 8
D 208 63 2 100 209 114 8
D 219 97 2 149 148 147 8
D 218 95 2 150 219 145 8
D 217 93 2 143 218 151 8
D 216 91 2 141 217 152 8
D 215 89 2 139 216 153 8
D 214 87 2 134 215 154 8
D 213 83 2 129 214 156 8
D 212 79 2 117 213 158 8
D 223 69 2 111 165 109 29
D 222 67 2 107 178 112 223
D 221 65 2 105 222 113 29
D 220 63 2 100 221 114 29
D 207 71 4 208 116 161 212 99 166 220 8
D 206 59 2 84 207 179 8
D 226 47 2 79 78 77 8
D 225 45 2 80 226 75 8
D 224 43 2 70 225 81 8
D 229 47 2 79 186 77 29
D 228 45 2 75 195 80 229
D 227 43 2 70 228 81 29
D 205 49 4 69 206 183 83 224 187 227 8
D 231 21 2 43 39 38 8
D 232 21 2 43 66 38 29
D 230 25 2 231 199 232 8
D 242 95 2 145 219 150 8
D 241 93 2 151 242 143 8
D 240 91 2 141 241 152 8
D 239 89 2 139 240 153 8
D 238 87 2 134 239 154 8
D 237 83 2 129 238 156 8
D 236 79 2 117 237 158 8
D 245 67 2 107 211 112 8
D 244 65 2 105 245 113 8
D 243 63 2 100 244 114 8
D 248 77 2 123 160 125 8
D 247 75 2 118 248 126 8
D 250 77 2 123 124 125 29
D 249 75 2 118 250 126 29
D 246 79 2 247 128 249 8
D 254 69 2 109 165 111 8
D 253 67 2 107 254 112 223
D 252 65 2 105 253 113 29
D 251 63 2 100 252 114 29
D 235 71 5 161 236 99 212 208 166 243 246 251 8
D 234 59 2 84 235 179 8
D 256 41 2 71 82 73 8
D 257 45 2 75 226 80 8
D 258 41 2 71 72 73 29
D 255 43 2 256 257 258 8
D 260 45 2 75 229 80 29
D 259 43 3 70 228 256 260 73 29
D 233 49 5 69 234 183 206 224 83 255 187 259 8
D 263 23 2 42 41 40 8
D 262 21 2 38 263 43 8
D 265 23 2 42 67 40 29
D 264 21 2 38 265 43 29
D 261 25 2 262 199 264 8
D 274 93 2 143 242 151 8
D 273 91 2 152 274 141 8
D 272 89 2 139 273 153 8
D 271 87 2 134 272 154 8
D 270 83 2 129 271 156 8
D 269 79 2 117 270 158 8
D 277 77 2 125 124 123 8
D 276 75 2 118 277 126 8
D 279 77 2 123 124 125 160
D 278 75 2 118 279 126 29
D 275 79 3 276 128 247 167 278 8
D 268 71 5 161 269 243 275 99 236 208 212 251 8
D 267 59 2 84 268 179 8
D 281 41 2 73 72 71 8
D 282 41 2 73 82 71 29
D 280 43 2 281 257 282 8
D 284 41 2 73 72 71 82
D 285 41 2 73 82 71 8
D 283 43 3 70 228 284 260 285 29
D 266 49 6 69 267 183 234 224 206 255 83 280 187 283 8
D 289 31 2 53 62 51 8
D 290 31 2 53 52 51 29
D 288 33 2 289 54 290 8
D 287 29 2 45 288 63 8
D 286 25 2 37 287 65 8
D 296 73 2 119 127 121 8
D 297 73 2 119 120 121 29
D 295 75 2 296 122 297 8
D 298 75 3 118 279 296 159 121 29
D 294 79 4 295 128 276 167 247 213 298 8
D 303 91 2 141 274 152 8
D 302 89 2 153 303 139 8
D 301 87 2 134 302 154 8
D 300 83 2 129 301 156 8
D 299 79 2 117 300 158 8
D 293 71 5 243 294 99 269 161 299 208 236 251 8
D 292 59 2 84 293 179 8
D 304 43 2 70 257 81 8
D 308 57 2 94 93 92 8
D 307 55 2 90 308 95 8
D 306 53 2 85 307 96 8
D 311 57 2 94 182 92 29
D 310 55 2 90 311 95 29
D 309 53 2 85 310 96 29
D 305 59 2 306 188 309 8
D 314 47 2 77 186 79 8
D 313 45 2 75 314 80 229
D 312 43 3 70 313 284 260 285 29
D 291 49 7 69 292 304 305 183 267 224 234 255 206 280 83 312 8
D 317 27 2 48 47 46 8
D 318 27 2 48 64 46 29
D 316 29 2 317 200 318 8
D 315 25 2 37 316 65 8
D 324 73 2 121 120 119 8
D 325 73 2 121 127 119 29
D 323 75 2 324 122 325 8
D 327 73 2 121 120 119 127
D 328 73 2 121 127 119 8
D 326 75 3 118 279 327 159 328 29
D 322 79 5 323 128 295 167 276 213 247 237 326 8
D 332 85 2 135 155 137 8
D 333 89 2 139 303 153 8
D 334 85 2 135 136 137 29
D 331 87 2 332 333 334 8
D 330 83 2 129 331 156 8
D 329 79 2 117 330 158 8
D 321 71 5 243 322 208 269 99 299 161 329 251 8
D 320 59 2 84 321 179 8
D 338 57 2 92 182 94 8
D 337 55 2 90 338 95 8
D 336 53 2 85 337 96 8
D 341 57 2 92 93 94 182
D 340 55 2 90 341 95 29
D 339 53 2 85 340 96 29
D 335 59 3 336 188 306 98 339 8
D 319 49 7 69 320 304 335 183 292 224 267 255 234 280 206 312 8
D 344 27 2 46 64 48 8
D 345 27 2 46 47 48 29
D 343 29 2 344 200 345 8
D 342 25 2 37 343 65 8
D 349 55 2 95 91 90 8
D 348 53 2 85 349 96 8
D 351 55 2 90 341 95 181
D 350 53 2 85 351 96 29
D 347 59 4 348 188 336 98 306 207 350 8
D 355 61 2 103 102 101 8
D 356 61 2 103 115 101 29
D 354 63 2 355 244 356 8
D 357 79 5 323 167 295 213 276 237 247 270 326 8
D 360 81 2 130 157 132 8
D 361 87 2 134 333 154 8
D 362 81 2 130 131 132 29
D 359 83 2 360 361 362 8
D 358 79 2 117 359 158 8
D 365 67 2 107 223 112 29
D 364 65 2 105 365 113 29
D 363 63 3 100 252 355 364 115 29
D 353 71 6 354 116 243 357 208 299 99 329 161 358 363 8
D 352 59 2 84 353 179 8
D 346 49 7 304 347 69 352 183 320 224 292 255 267 280 234 312 8
D 369 35 2 60 56 55 8
D 368 33 2 201 369 202 8
D 367 29 2 45 368 63 8
D 366 25 2 37 367 65 8
D 373 51 2 86 97 88 8
D 374 51 2 86 87 88 29
D 372 53 2 373 89 374 8
D 375 53 3 85 351 373 180 88 29
D 371 59 5 372 188 348 98 336 207 306 235 375 8
D 378 79 5 323 213 295 237 276 270 247 300 326 8
D 380 61 2 101 115 103 8
D 381 61 2 101 102 103 29
D 379 63 2 380 244 381 8
D 384 81 2 132 131 130 8
D 385 81 2 132 157 130 29
D 383 83 2 384 361 385 8
D 382 79 2 117 383 158 8
D 387 61 2 103 102 101 115
D 388 61 2 103 115 101 8
D 386 63 3 100 252 387 364 388 29
D 377 71 7 243 378 379 116 354 166 208 329 99 358 161 382 386 8
D 376 59 2 84 377 179 8
D 370 49 7 304 371 69 376 183 352 224 320 255 292 280 267 312 8
D 393 37 2 59 58 57 8
D 392 35 2 55 393 60 8
D 391 33 2 201 392 202 8
D 390 29 2 45 391 63 8
D 389 25 2 37 390 65 8
D 397 51 2 88 87 86 8
D 398 51 2 88 97 86 29
D 396 53 2 397 89 398 8
D 400 51 2 88 87 86 97
D 401 51 2 88 97 86 8
D 399 53 3 85 351 400 180 401 29
D 395 59 6 396 188 372 98 348 207 306 268 336 235 399 8
D 404 79 5 323 237 295 270 276 300 247 330 326 8
D 406 65 2 113 245 105 8
D 405 63 2 100 406 114 8
D 410 85 2 137 136 135 8
D 411 85 2 137 155 135 29
D 409 87 2 410 333 411 8
D 408 83 2 129 409 156 8
D 407 79 2 117 408 158 8
D 413 65 2 105 253 113 365
D 412 63 3 100 413 387 364 388 29
D 403 71 8 243 404 405 116 354 212 379 166 208 358 99 382 161 407 412 8
D 402 59 2 84 403 179 8
D 394 49 7 304 395 69 402 183 376 224 352 255 320 280 292 312 8
L 419 38 20
D 418 37 2 57 419 59 8
D 417 35 2 55 418 60 8
D 416 33 2 201 417 202 8
D 415 29 2 45 416 63 8
D 414 25 2 37 415 65 8
D 421 59 6 396 98 372 207 306 293 336 268 348 235 399 8
D 424 79 5 323 270 295 300 276 330 247 359 326 8
D 427 67 2 112 223 107 165
D 426 65 2 105 427 113 365
D 425 63 3 100 426 387 364 388 29
D 423 71 7 243 424 354 236 379 212 405 166 208 382 99 407 425 8
D 422 59 2 84 423 179 8
D 420 49 7 304 421 183 402 69 422 224 376 255 352 280 320 312 8
D 430 23 2 42 41 40 67
D 429 21 2 38 430 43 39
D 434 37 2 57 419 59 29
D 433 35 2 55 434 60 29
D 432 33 2 201 433 202 29
D 431 29 2 45 432 63 29
D 436 27 2 48 47 46 64
D 438 31 2 53 62 51 52
D 440 37 2 57 58 59 419
D 439 35 2 60 434 55 440
D 441 31 2 53 52 51 8
D 437 33 3 438 433 201 439 441 29
D 442 27 2 48 64 46 8
D 435 29 3 436 432 45 437 442 29
D 444 23 2 42 67 40 8
D 443 21 2 38 444 43 66
D 428 25 3 429 431 37 435 443 29
D 35 39 11 36 68 196 205 230 233 261 266 286 291 315 319 342 346 366 370 389 394 414 420 428 8
D 447 3 2 5 34 7 8
D 446 1 2 3 447 9 8
D 450 11 2 17 28 19 8
D 451 11 2 17 18 19 29
D 449 13 2 450 20 451 8
D 448 9 2 11 449 30 8
D 453 3 2 5 6 7 29
D 452 1 2 3 453 9 29
D 445 5 2 446 448 452 8
D 456 59 6 396 207 306 321 336 293 348 268 372 235 399 8
D 459 79 5 323 300 295 330 276 359 247 383 326 8
D 461 65 2 113 365 105 223
D 460 63 3 100 461 387 364 388 29
D 458 71 6 243 459 354 269 379 236 405 212 208 407 460 8
D 457 59 2 84 458 179 8
D 455 49 7 304 456 224 402 183 422 69 457 255 376 280 352 312 8
D 454 39 11 36 205 196 233 230 266 261 291 286 319 315 346 342 370 366 394 389 420 414 455 428 8
D 463 1 2 9 4 3 8
D 464 1 2 9 33 3 29
D 462 5 2 463 448 464 8
D 467 59 6 306 353 336 321 348 293 372 268 396 235 399 8
D 470 79 5 323 330 295 359 276 383 247 408 326 8
D 471 63 3 387 364 100 365 388 29
D 469 71 5 243 470 379 269 354 299 405 236 471 8
D 468 59 2 84 469 179 8
D 466 49 7 304 467 255 402 224 422 183 457 69 468 280 376 312 8
D 465 39 11 36 233 196 266 230 291 261 319 286 346 315 370 342 394 366 420 389 455 414 466 428 8
D 474 3 2 7 6 5 8
D 473 1 2 3 474 9 8
D 476 3 2 7 34 5 29
D 475 1 2 3 476 9 29
D 472 5 2 473 448 475 8
D 479 59 6 306 377 336 353 348 321 372 293 396 268 399 8
D 484 77 2 125 160 123 29
D 483 75 3 118 484 327 159 328 29
D 482 79 4 323 359 295 383 276 408 483 8
D 481 71 5 243 482 405 269 379 299 354 329 471 8
D 480 59 2 84 481 179 8
D 478 49 7 304 479 280 402 255 422 224 457 183 468 69 480 312 8
D 477 39 11 36 266 196 291 230 319 261 346 286 370 315 394 342 420 366 455 389 466 414 478 428 8
D 488 11 2 19 28 17 8
D 489 11 2 19 18 17 29
D 487 13 2 488 20 489 8
D 486 9 2 11 487 30 8
D 485 5 2 2 486 32 8
D 492 59 6 306 403 336 377 348 353 372 321 396 293 399 8
D 497 73 2 119 120 121 127
D 496 75 2 327 159 497 29
D 495 79 3 323 383 295 408 496 8
D 494 71 5 405 299 243 495 379 329 354 358 471 8
D 493 59 2 84 494 179 8
D 491 49 7 304 492 280 422 255 457 224 468 183 480 69 493 312 8
D 490 39 11 36 291 196 319 230 346 261 370 286 394 315 420 342 455 366 466 389 478 414 491 428 8
D 500 7 2 14 13 12 8
D 501 7 2 14 31 12 29
D 499 9 2 500 449 501 8
D 498 5 2 2 499 32 8
D 504 59 6 336 403 348 377 306 423 372 353 396 321 399 8
D 508 75 2 324 159 325 29
D 507 79 2 323 408 508 8
D 506 71 5 405 329 243 507 379 358 354 382 471 8
D 505 59 2 84 506 179 8
D 503 49 7 304 504 280 457 255 468 224 480 183 493 69 505 312 8
D 502 39 11 36 319 196 346 230 370 261 394 286 420 315 455 342 466 366 478 389 491 414 503 428 8
D 511 7 2 12 31 14 8
D 512 7 2 12 13 14 29
D 510 9 2 511 449 512 8
D 509 5 2 2 510 32 8
D 515 59 6 348 403 372 377 336 423 396 353 306 458 399 8
D 519 65 2 113 365 105 29
D 518 63 3 387 364 100 519 388 29
D 517 71 4 405 358 379 382 354 407 518 8
D 516 59 2 84 517 179 8
D 514 49 7 280 468 304 515 255 480 224 493 183 505 69 516 312 8
D 513 39 11 36 346 196 370 230 394 261 420 286 455 315 466 342 478 366 491 389 503 414 514 428 8
D 523 15 2 26 22 21 8
D 522 13 2 450 523 451 8
D 521 9 2 11 522 30 8
D 520 5 2 2 521 32 8
D 526 59 6 372 403 396 377 348 423 336 458 306 469 399 8
D 529 63 3 380 364 100 519 103 29
D 528 71 3 405 382 379 407 529 8
D 527 59 2 84 528 179 8
D 525 49 7 280 480 304 526 255 493 224 505 183 516 69 527 312 8
D 524 39 11 36 370 196 394 230 420 261 455 286 466 315 478 342 491 366 503 389 514 414 525 428 8
L 535 18 9
D 534 17 2 23 535 25 8
D 533 15 2 21 534 26 8
D 532 13 2 450 533 451 8
D 531 9 2 11 532 30 8
D 530 5 2 2 531 32 8
D 538 59 6 396 403 372 423 348 458 336 469 306 481 399 8
D 541 63 2 100 519 114 29
D 540 71 2 405 407 541 8
D 539 59 2 84 540 179 8
D 537 49 7 280 493 304 538 255 505 224 516 183 527 69 539 312 8
D 536 39 11 36 394 196 420 230 455 261 466 286 478 315 491 342 503 366 514 389 525 414 537 428 8
D 546 17 2 25 24 23 8
D 545 15 2 21 546 26 8
D 544 13 2 450 545 451 8
D 543 9 2 11 544 30 8
D 542 5 2 2 543 32 8
D 549 59 6 396 423 372 458 348 469 336 481 306 494 399 8
D 551 45 2 80 229 75 77
D 550 43 3 70 551 284 260 285 29
D 548 49 6 280 505 304 549 255 516 224 527 183 539 550 8
D 547 39 11 36 420 196 455 230 466 261 478 286 491 315 503 342 514 366 525 389 537 414 548 428 8
D 556 17 2 23 24 25 535
D 557 17 2 23 535 25 29
D 555 15 2 21 556 26 557
D 558 11 2 19 28 17 18
D 559 15 2 21 557 26 29
D 560 11 2 19 18 17 8
D 554 13 3 450 555 558 559 560 29
D 561 7 2 14 13 12 31
D 562 13 2 450 559 451 29
D 563 7 2 14 31 12 8
D 553 9 3 11 554 561 562 563 29
D 565 3 2 7 6 5 34
D 564 1 2 3 565 9 4
D 566 9 2 11 562 30 29
D 568 3 2 7 34 5 8
D 567 1 2 3 568 9 33
D 552 5 3 2 553 564 566 567 29
D 0 19 11 1 35 445 454 462 465 472 477 485 490 498 502 509 513 520 524 530 536 542 547 552 8
