c ids of sdd nodes start at 0
c sdd nodes appear bottom-up, children before parents
c
c file syntax:
c sdd count-of-sdd-nodes
c F id-of-false-sdd-node
c T id-of-true-sdd-node
c L id-of-literal-sdd-node id-of-vtree literal
c D id-of-decomposition-sdd-node id-of-vtree number-of-elements {id-of-prime id-of-sub}*
c
sdd 567
L 3 0 -3
L 5 2 -4
L 6 4 -2
L 7 2 4
F 8
D 4 3 2 5 6 7 8
L 9 0 3
D 2 1 2 3 4 9 8
L 12 6 -6
L 13 8 -7
L 14 6 6
D 11 7 2 12 13 14 8
L 17 10 -5
L 18 12 1
L 19 10 5
D 16 11 2 17 18 19 8
L 21 14 -8
L 23 16 -10
L 24 18 -9
L 25 16 10
D 22 17 2 23 24 25 8
L 26 14 8
D 20 15 2 21 22 26 8
L 28 12 -1
T 29
D 27 11 2 17 28 19 29
D 15 13 2 16 20 27 8
L 31 8 7
D 30 7 2 12 31 14 29
D 10 9 2 11 15 30 8
L 34 4 2
D 33 3 2 5 34 7 29
D 32 1 2 3 33 9 29
D 1 5 2 2 10 32 8
L 38 20 -13
L 40 22 -14
L 41 24 12
L 42 22 14
D 39 23 2 40 41 42 8
L 43 20 13
D 37 21 2 38 39 43 8
L 46 26 -16
L 47 28 -17
L 48 26 16
D 45 27 2 46 47 48 8
L 51 30 -15
L 52 32 -11
L 53 30 15
D 50 31 2 51 52 53 8
L 55 34 -18
L 57 36 -19
L 58 38 -20
L 59 36 19
D 56 37 2 57 58 59 8
L 60 34 18
D 54 35 2 55 56 60 8
L 62 32 11
D 61 31 2 51 62 53 29
D 49 33 2 50 54 61 8
L 64 28 17
D 63 27 2 46 64 48 29
D 44 29 2 45 49 63 8
L 67 24 -12
D 66 23 2 40 67 42 29
D 65 21 2 38 66 43 29
D 36 25 2 37 44 65 8
L 71 40 -26
L 72 42 -27
L 73 40 26
D 70 41 2 71 72 73 8
L 75 44 -28
L 77 46 30
L 78 48 -29
L 79 46 -30
D 76 47 2 77 78 79 8
L 80 44 28
D 74 45 2 75 76 80 8
L 82 42 27
D 81 41 2 71 82 73 29
D 69 43 2 70 74 81 8
L 86 50 -21
L 87 52 -22
L 88 50 21
D 85 51 2 86 87 88 8
L 90 54 -23
L 92 56 -25
L 93 58 -24
L 94 56 25
D 91 57 2 92 93 94 8
L 95 54 23
D 89 55 2 90 91 95 8
L 97 52 22
D 96 51 2 86 97 88 29
D 84 53 2 85 89 96 8
L 101 60 -33
L 102 62 -32
L 103 60 33
D 100 61 2 101 102 103 8
L 105 64 -31
L 107 66 -38
L 109 68 -39
L 110 70 40
L 111 68 39
D 108 69 2 109 110 111 8
L 112 66 38
D 106 67 2 107 108 112 8
L 113 64 31
D 104 65 2 105 106 113 8
L 115 62 32
D 114 61 2 101 115 103 29
D 99 63 2 100 104 114 8
L 119 72 -34
L 120 74 -35
L 121 72 34
D 118 73 2 119 120 121 8
L 123 76 -36
L 124 78 -37
L 125 76 36
D 122 77 2 123 124 125 8
L 127 74 35
D 126 73 2 119 127 121 29
D 117 75 2 118 122 126 8
L 130 80 -42
L 131 82 -43
L 132 80 42
D 129 81 2 130 131 132 8
L 135 84 -41
L 136 86 -44
L 137 84 41
D 134 85 2 135 136 137 8
L 139 88 -45
L 141 90 -46
L 143 92 -47
L 145 94 -48
L 147 96 50
L 148 98 -49
L 149 96 -50
D 146 97 2 147 148 149 8
L 150 94 48
D 144 95 2 145 146 150 8
L 151 92 47
D 142 93 2 143 144 151 8
L 152 90 46
D 140 91 2 141 142 152 8
L 153 88 45
D 138 89 2 139 140 153 8
L 155 86 44
D 154 85 2 135 155 137 29
D 133 87 2 134 138 154 8
L 157 82 43
D 156 81 2 130 157 132 29
D 128 83 2 129 133 156 8
L 160 78 37
D 159 77 2 123 160 125 29
D 158 75 2 118 159 126 29
D 116 79 2 117 128 158 8
L 165 70 -40
D 164 69 2 109 165 111 29
D 163 67 2 107 164 112 29
D 162 65 2 105 163 113 29
D 161 63 2 100 162 114 29
D 98 71 2 99 116 161 8
L 169 58 24
D 168 57 2 92 169 94 29
D 167 55 2 90 168 95 29
D 166 53 2 85 167 96 29
D 83 59 2 84 98 166 8
L 173 48 29
D 172 47 2 77 173 79 29
D 171 45 2 75 172 80 29
D 170 43 2 70 171 81 29
D 68 49 2 69 83 170 8
D 176 23 2 40 67 42 8
D 175 21 2 43 176 38 8
D 178 23 2 40 41 42 29
D 177 21 2 43 178 38 29
D 174 25 2 175 44 177 8
D 185 69 2 111 165 109 8
D 184 67 2 107 185 112 8
D 183 65 2 105 184 113 8
D 182 63 2 100 183 114 8
L 194 98 49
D 193 97 2 149 194 147 8
D 192 95 2 145 193 150 8
D 191 93 2 143 192 151 8
D 190 91 2 141 191 152 8
D 189 89 2 139 190 153 8
D 188 87 2 134 189 154 8
D 187 83 2 129 188 156 8
D 186 79 2 117 187 158 8
D 198 69 2 109 165 111 110
D 197 67 2 107 198 112 29
D 196 65 2 105 197 113 29
D 195 63 2 100 196 114 29
D 181 71 3 182 116 99 186 195 8
D 180 59 2 84 181 166 8
D 201 47 2 79 173 77 8
D 200 45 2 75 201 80 8
D 199 43 2 70 200 81 8
D 204 47 2 79 78 77 173
D 203 45 2 75 204 80 29
D 202 43 2 70 203 81 29
D 179 49 3 69 180 199 83 202 8
D 207 23 2 42 67 40 8
D 206 21 2 38 207 43 8
D 209 23 2 42 41 40 29
D 208 21 2 38 209 43 29
D 205 25 2 206 44 208 8
D 216 69 2 109 165 111 8
D 215 67 2 112 216 107 8
D 214 65 2 105 215 113 8
D 213 63 2 100 214 114 8
D 224 97 2 149 148 147 8
D 223 95 2 150 224 145 8
D 222 93 2 143 223 151 8
D 221 91 2 141 222 152 8
D 220 89 2 139 221 153 8
D 219 87 2 134 220 154 8
D 218 83 2 129 219 156 8
D 217 79 2 117 218 158 8
D 228 69 2 109 110 111 29
D 227 67 2 107 198 112 228
D 226 65 2 105 227 113 29
D 225 63 2 100 226 114 29
D 212 71 4 213 116 99 217 182 186 225 8
D 211 59 2 84 212 166 8
D 231 47 2 79 78 77 8
D 230 45 2 80 231 75 8
D 229 43 2 70 230 81 8
D 234 47 2 79 173 77 29
D 233 45 2 75 204 80 234
D 232 43 2 70 233 81 29
D 210 49 4 69 211 199 180 229 83 232 8
D 236 21 2 38 176 43 8
D 239 31 2 53 52 51 8
D 240 31 2 53 62 51 29
D 238 33 2 239 54 240 8
D 237 29 2 45 238 63 8
D 241 21 2 38 178 43 29
D 235 25 2 236 237 241 8
D 251 95 2 145 224 150 8
D 250 93 2 151 251 143 8
D 249 91 2 141 250 152 8
D 248 89 2 139 249 153 8
D 247 87 2 134 248 154 8
D 246 83 2 129 247 156 8
D 245 79 2 117 246 158 8
D 254 67 2 107 216 112 8
D 253 65 2 105 254 113 8
D 252 63 2 100 253 114 8
D 257 77 2 123 160 125 8
D 256 75 2 118 257 126 8
D 259 77 2 123 124 125 29
D 258 75 2 118 259 126 29
D 255 79 2 256 128 258 8
D 263 69 2 111 110 109 8
D 262 67 2 107 263 112 228
D 261 65 2 105 262 113 29
D 260 63 2 100 261 114 29
D 244 71 5 99 245 182 217 213 186 252 255 260 8
D 243 59 2 84 244 166 8
D 265 41 2 71 82 73 8
D 266 45 2 75 231 80 8
D 267 41 2 71 72 73 29
D 264 43 2 265 266 267 8
D 269 45 2 75 234 80 29
D 268 43 3 70 233 265 269 73 29
D 242 49 5 69 243 199 211 229 180 264 83 268 8
D 272 27 2 48 47 46 8
D 273 27 2 48 64 46 29
D 271 29 2 272 49 273 8
D 270 25 2 236 271 241 8
D 282 93 2 143 251 151 8
D 281 91 2 152 282 141 8
D 280 89 2 139 281 153 8
D 279 87 2 134 280 154 8
D 278 83 2 129 279 156 8
D 277 79 2 117 278 158 8
D 285 77 2 125 124 123 8
D 284 75 2 118 285 126 8
D 287 77 2 123 124 125 160
D 286 75 2 118 287 126 29
D 283 79 3 284 128 256 187 286 8
D 276 71 5 99 277 252 283 182 245 213 217 260 8
D 275 59 2 84 276 166 8
D 289 41 2 73 72 71 8
D 290 41 2 73 82 71 29
D 288 43 2 289 266 290 8
D 292 41 2 73 72 71 82
D 293 41 2 73 82 71 8
D 291 43 3 70 233 292 269 293 29
D 274 49 6 69 275 199 243 229 211 264 180 288 83 291 8
D 296 27 2 46 64 48 8
D 297 27 2 46 47 48 29
D 295 29 2 296 49 297 8
D 294 25 2 236 295 241 8
D 303 73 2 119 127 121 8
D 304 73 2 119 120 121 29
D 302 75 2 303 122 304 8
D 305 75 3 118 287 303 159 121 29
D 301 79 4 302 128 284 187 256 218 305 8
D 310 91 2 141 282 152 8
D 309 89 2 153 310 139 8
D 308 87 2 134 309 154 8
D 307 83 2 129 308 156 8
D 306 79 2 117 307 158 8
D 300 71 5 252 301 182 277 99 306 213 245 260 8
D 299 59 2 84 300 166 8
D 311 43 2 70 266 81 8
D 315 57 2 94 93 92 8
D 314 55 2 90 315 95 8
D 313 53 2 85 314 96 8
D 318 57 2 94 169 92 29
D 317 55 2 90 318 95 29
D 316 53 2 85 317 96 29
D 312 59 2 313 98 316 8
D 321 47 2 77 173 79 8
D 320 45 2 75 321 80 234
D 319 43 3 70 320 292 269 293 29
D 298 49 7 69 299 311 312 199 275 229 243 264 211 288 180 319 8
D 325 35 2 60 56 55 8
D 324 33 2 50 325 61 8
D 323 29 2 45 324 63 8
D 322 25 2 236 323 241 8
D 331 73 2 121 120 119 8
D 332 73 2 121 127 119 29
D 330 75 2 331 122 332 8
D 334 73 2 121 120 119 127
D 335 73 2 121 127 119 8
D 333 75 3 118 287 334 159 335 29
D 329 79 5 330 128 302 187 284 218 256 246 333 8
D 339 85 2 135 155 137 8
D 340 89 2 139 310 153 8
D 341 85 2 135 136 137 29
D 338 87 2 339 340 341 8
D 337 83 2 129 338 156 8
D 336 79 2 117 337 158 8
D 328 71 5 252 329 213 277 182 306 99 336 260 8
D 327 59 2 84 328 166 8
D 345 57 2 92 169 94 8
D 344 55 2 90 345 95 8
D 343 53 2 85 344 96 8
D 348 57 2 92 93 94 169
D 347 55 2 90 348 95 29
D 346 53 2 85 347 96 29
D 342 59 3 343 98 313 181 346 8
D 326 49 7 69 327 311 342 199 299 229 275 264 243 288 211 319 8
D 353 37 2 59 58 57 8
D 352 35 2 55 353 60 8
D 351 33 2 50 352 61 8
D 350 29 2 45 351 63 8
D 349 25 2 236 350 241 8
D 357 55 2 95 91 90 8
D 356 53 2 85 357 96 8
D 359 55 2 90 348 95 168
D 358 53 2 85 359 96 29
D 355 59 4 356 98 343 181 313 212 358 8
D 363 61 2 103 102 101 8
D 364 61 2 103 115 101 29
D 362 63 2 363 253 364 8
D 365 79 5 330 187 302 218 284 246 256 278 333 8
D 368 81 2 130 157 132 8
D 369 87 2 134 340 154 8
D 370 81 2 130 131 132 29
D 367 83 2 368 369 370 8
D 366 79 2 117 367 158 8
D 373 67 2 107 228 112 29
D 372 65 2 105 373 113 29
D 371 63 3 100 261 363 372 115 29
D 361 71 6 362 116 252 365 213 306 182 336 99 366 371 8
D 360 59 2 84 361 166 8
D 354 49 7 311 355 69 360 199 327 229 299 264 275 288 243 319 8
L 379 38 20
D 378 37 2 57 379 59 8
D 377 35 2 55 378 60 8
D 376 33 2 50 377 61 8
D 375 29 2 45 376 63 8
D 374 25 2 236 375 241 8
D 383 51 2 86 97 88 8
D 384 51 2 86 87 88 29
D 382 53 2 383 89 384 8
D 385 53 3 85 359 383 167 88 29
D 381 59 5 382 98 356 181 343 212 313 244 385 8
D 388 79 5 330 218 302 246 284 278 256 307 333 8
D 390 61 2 101 115 103 8
D 391 61 2 101 102 103 29
D 389 63 2 390 253 391 8
D 394 81 2 132 131 130 8
D 395 81 2 132 157 130 29
D 393 83 2 394 369 395 8
D 392 79 2 117 393 158 8
D 397 61 2 103 102 101 115
D 398 61 2 103 115 101 8
D 396 63 3 100 261 397 372 398 29
D 387 71 7 252 388 389 116 362 186 213 336 182 366 99 392 396 8
D 386 59 2 84 387 166 8
D 380 49 7 311 381 69 386 199 360 229 327 264 299 288 275 319 8
D 403 37 2 57 379 59 29
D 402 35 2 55 403 60 29
D 405 37 2 57 58 59 379
D 404 35 2 60 403 55 405
D 401 33 3 239 402 50 404 62 29
D 406 27 2 48 47 46 64
D 407 33 2 50 402 61 29
D 408 27 2 48 64 46 8
D 400 29 3 45 401 406 407 408 29
D 410 23 2 42 67 40 41
D 409 21 2 38 410 43 176
D 411 29 2 45 407 63 29
D 413 23 2 42 41 40 8
D 412 21 2 38 413 43 178
D 399 25 3 236 400 409 411 412 29
D 35 39 10 36 68 174 179 205 210 235 242 270 274 294 298 322 326 349 354 374 380 399 8
D 416 3 2 5 34 7 8
D 415 1 2 3 416 9 8
D 419 11 2 17 28 19 8
D 420 11 2 17 18 19 29
D 418 13 2 419 20 420 8
D 417 9 2 11 418 30 8
D 422 3 2 5 6 7 29
D 421 1 2 3 422 9 29
D 414 5 2 415 417 421 8
D 427 31 2 51 62 53 8
D 428 31 2 51 52 53 29
D 426 33 2 427 54 428 8
D 425 29 2 45 426 63 8
D 424 25 2 236 425 241 8
D 432 51 2 88 87 86 8
D 433 51 2 88 97 86 29
D 431 53 2 432 89 433 8
D 435 51 2 88 87 86 97
D 436 51 2 88 97 86 8
D 434 53 3 85 359 435 167 436 29
D 430 59 6 431 98 382 181 356 212 313 276 343 244 434 8
D 439 79 5 330 246 302 278 284 307 256 337 333 8
D 441 65 2 113 254 105 8
D 440 63 2 100 441 114 8
D 445 85 2 137 136 135 8
D 446 85 2 137 155 135 29
D 444 87 2 445 340 446 8
D 443 83 2 129 444 156 8
D 442 79 2 117 443 158 8
D 448 65 2 105 262 113 373
D 447 63 3 100 448 397 372 398 29
D 438 71 8 252 439 440 116 362 217 389 186 213 366 182 392 99 442 447 8
D 437 59 2 84 438 166 8
D 429 49 7 311 430 69 437 199 386 229 360 264 327 288 299 319 8
D 452 31 2 53 52 51 62
D 453 31 2 53 62 51 8
D 451 33 3 452 402 50 404 453 29
D 450 29 3 406 407 45 451 408 29
D 449 25 3 409 411 236 450 412 29
D 423 39 11 424 68 36 179 174 210 205 242 235 274 270 298 294 326 322 354 349 380 374 429 449 8
D 455 1 2 9 4 3 8
D 456 1 2 9 33 3 29
D 454 5 2 455 417 456 8
D 459 59 6 431 181 382 212 313 300 343 276 356 244 434 8
D 462 79 5 330 278 302 307 284 337 256 367 333 8
D 465 67 2 112 228 107 110
D 464 65 2 105 465 113 373
D 463 63 3 100 464 397 372 398 29
D 461 71 7 252 462 362 245 389 217 440 186 213 392 182 442 463 8
D 460 59 2 84 461 166 8
D 458 49 7 311 459 199 437 69 460 229 386 264 360 288 327 319 8
D 457 39 11 424 179 36 210 174 242 205 274 235 298 270 326 294 354 322 380 349 429 374 458 449 8
D 468 3 2 7 6 5 8
D 467 1 2 3 468 9 8
D 470 3 2 7 34 5 29
D 469 1 2 3 470 9 29
D 466 5 2 467 417 469 8
D 473 59 6 431 212 313 328 343 300 356 276 382 244 434 8
D 476 79 5 330 307 302 337 284 367 256 393 333 8
D 478 65 2 113 373 105 228
D 477 63 3 100 478 397 372 398 29
D 475 71 6 252 476 362 277 389 245 440 217 213 442 477 8
D 474 59 2 84 475 166 8
D 472 49 7 311 473 229 437 199 460 69 474 264 386 288 360 319 8
D 471 39 11 424 210 36 242 174 274 205 298 235 326 270 354 294 380 322 429 349 458 374 472 449 8
D 482 11 2 19 28 17 8
D 483 11 2 19 18 17 29
D 481 13 2 482 20 483 8
D 480 9 2 11 481 30 8
D 479 5 2 2 480 32 8
D 486 59 6 313 361 343 328 356 300 382 276 431 244 434 8
D 489 79 5 330 337 302 367 284 393 256 443 333 8
D 490 63 3 397 372 100 373 398 29
D 488 71 5 252 489 389 277 362 306 440 245 490 8
D 487 59 2 84 488 166 8
D 485 49 7 311 486 264 437 229 460 199 474 69 487 288 386 319 8
D 484 39 11 424 242 36 274 174 298 205 326 235 354 270 380 294 429 322 458 349 472 374 485 449 8
D 493 7 2 14 13 12 8
D 494 7 2 14 31 12 29
D 492 9 2 493 418 494 8
D 491 5 2 2 492 32 8
D 497 59 6 313 387 343 361 356 328 382 300 431 276 434 8
D 502 77 2 125 160 123 29
D 501 75 3 118 502 334 159 335 29
D 500 79 4 330 367 302 393 284 443 501 8
D 499 71 5 252 500 440 277 389 306 362 336 490 8
D 498 59 2 84 499 166 8
D 496 49 7 311 497 288 437 264 460 229 474 199 487 69 498 319 8
D 495 39 11 424 274 36 298 174 326 205 354 235 380 270 429 294 458 322 472 349 485 374 496 449 8
D 505 7 2 12 31 14 8
D 506 7 2 12 13 14 29
D 504 9 2 505 418 506 8
D 503 5 2 2 504 32 8
D 509 59 6 313 438 343 387 356 361 382 328 431 300 434 8
D 514 73 2 119 120 121 127
D 513 75 2 334 159 514 29
D 512 79 3 330 393 302 443 513 8
D 511 71 5 440 306 252 512 389 336 362 366 490 8
D 510 59 2 84 511 166 8
D 508 49 7 311 509 288 460 264 474 229 487 199 498 69 510 319 8
D 507 39 11 424 298 36 326 174 354 205 380 235 429 270 458 294 472 322 485 349 496 374 508 449 8
D 518 15 2 26 22 21 8
D 517 13 2 419 518 420 8
D 516 9 2 11 517 30 8
D 515 5 2 2 516 32 8
D 521 59 6 343 438 356 387 313 461 382 361 431 328 434 8
D 525 75 2 331 159 332 29
D 524 79 2 330 443 525 8
D 523 71 5 440 336 252 524 389 366 362 392 490 8
D 522 59 2 84 523 166 8
D 520 49 7 311 521 288 474 264 487 229 498 199 510 69 522 319 8
D 519 39 11 424 326 36 354 174 380 205 429 235 458 270 472 294 485 322 496 349 508 374 520 449 8
L 531 18 9
D 530 17 2 23 531 25 8
D 529 15 2 21 530 26 8
D 528 13 2 419 529 420 8
D 527 9 2 11 528 30 8
D 526 5 2 2 527 32 8
D 534 59 6 356 438 382 387 343 461 431 361 313 475 434 8
D 538 65 2 113 373 105 29
D 537 63 3 397 372 100 538 398 29
D 536 71 4 440 366 389 392 362 442 537 8
D 535 59 2 84 536 166 8
D 533 49 7 288 487 311 534 264 498 229 510 199 522 69 535 319 8
D 532 39 11 424 354 36 380 174 429 205 458 235 472 270 485 294 496 322 508 349 520 374 533 449 8
D 543 17 2 25 24 23 8
D 542 15 2 21 543 26 8
D 541 13 2 419 542 420 8
D 540 9 2 11 541 30 8
D 539 5 2 2 540 32 8
D 546 59 6 382 438 431 387 356 461 343 475 313 488 434 8
D 549 63 3 390 372 100 538 103 29
D 548 71 3 440 392 389 442 549 8
D 547 59 2 84 548 166 8
D 545 49 7 288 498 311 546 264 510 229 522 199 535 69 547 319 8
D 544 39 11 424 380 36 429 174 458 205 472 235 485 270 496 294 508 322 520 349 533 374 545 449 8
D 554 17 2 23 24 25 531
D 555 17 2 23 531 25 29
D 553 15 2 21 554 26 555
D 556 11 2 19 28 17 18
D 557 15 2 21 555 26 29
D 558 11 2 19 18 17 8
D 552 13 3 419 553 556 557 558 29
D 559 7 2 14 13 12 31
D 560 13 2 419 557 420 29
D 561 7 2 14 31 12 8
D 551 9 3 11 552 559 560 561 29
D 563 3 2 7 6 5 34
D 562 1 2 3 563 9 4
D 564 9 2 11 560 30 29
D 566 3 2 7 34 5 8
D 565 1 2 3 566 9 33
D 550 5 3 2 551 562 564 565 29
D 0 19 11 1 35 414 423 454 457 466 471 479 484 491 495 503 507 515 519 526 532 539 544 550 8
