c ids of sdd nodes start at 0
c sdd nodes appear bottom-up, children before parents
c
c file syntax:
c sdd count-of-sdd-nodes
c F id-of-false-sdd-node
c T id-of-true-sdd-node
c L id-of-literal-sdd-node id-of-vtree literal
c D id-of-decomposition-sdd-node id-of-vtree number-of-elements {id-of-prime id-of-sub}*
c
sdd 565
L 3 0 -3
L 5 2 -4
L 6 4 -2
L 7 2 4
F 8
D 4 3 2 5 6 7 8
L 9 0 3
D 2 1 2 3 4 9 8
L 12 6 -6
L 13 8 -7
L 14 6 6
D 11 7 2 12 13 14 8
L 17 10 -5
L 18 12 1
L 19 10 5
D 16 11 2 17 18 19 8
L 21 14 -8
L 23 16 -10
L 24 18 -9
L 25 16 10
D 22 17 2 23 24 25 8
L 26 14 8
D 20 15 2 21 22 26 8
L 28 12 -1
T 29
D 27 11 2 17 28 19 29
D 15 13 2 16 20 27 8
L 31 8 7
D 30 7 2 12 31 14 29
D 10 9 2 11 15 30 8
L 34 4 2
D 33 3 2 5 34 7 29
D 32 1 2 3 33 9 29
D 1 5 2 2 10 32 8
L 38 20 13
L 40 22 -14
L 41 24 -12
L 42 22 14
D 39 23 2 40 41 42 8
L 43 20 -13
D 37 21 2 38 39 43 8
L 46 26 -16
L 47 28 -17
L 48 26 16
D 45 27 2 46 47 48 8
L 51 30 -15
L 52 32 -11
L 53 30 15
D 50 31 2 51 52 53 8
L 55 34 -18
L 57 36 -19
L 58 38 -20
L 59 36 19
D 56 37 2 57 58 59 8
L 60 34 18
D 54 35 2 55 56 60 8
L 62 32 11
D 61 31 2 51 62 53 29
D 49 33 2 50 54 61 8
L 64 28 17
D 63 27 2 46 64 48 29
D 44 29 2 45 49 63 8
L 67 24 12
D 66 23 2 40 67 42 29
D 65 21 2 38 66 43 29
D 36 25 2 37 44 65 8
L 71 40 -26
L 72 42 -27
L 73 40 26
D 70 41 2 71 72 73 8
L 75 44 -28
L 77 46 30
L 78 48 -29
L 79 46 -30
D 76 47 2 77 78 79 8
L 80 44 28
D 74 45 2 75 76 80 8
L 82 42 27
D 81 41 2 71 82 73 29
D 69 43 2 70 74 81 8
L 86 50 -21
L 87 52 -22
L 88 50 21
D 85 51 2 86 87 88 8
L 90 54 -23
L 92 56 -25
L 93 58 -24
L 94 56 25
D 91 57 2 92 93 94 8
L 95 54 23
D 89 55 2 90 91 95 8
L 97 52 22
D 96 51 2 86 97 88 29
D 84 53 2 85 89 96 8
L 101 60 -33
L 102 62 -32
L 103 60 33
D 100 61 2 101 102 103 8
L 105 64 -31
L 107 66 -38
L 109 68 -39
L 110 70 40
L 111 68 39
D 108 69 2 109 110 111 8
L 112 66 38
D 106 67 2 107 108 112 8
L 113 64 31
D 104 65 2 105 106 113 8
L 115 62 32
D 114 61 2 101 115 103 29
D 99 63 2 100 104 114 8
L 119 72 -34
L 120 74 -35
L 121 72 34
D 118 73 2 119 120 121 8
L 123 76 -36
L 124 78 -37
L 125 76 36
D 122 77 2 123 124 125 8
L 127 74 35
D 126 73 2 119 127 121 29
D 117 75 2 118 122 126 8
L 130 80 -42
L 131 82 -43
L 132 80 42
D 129 81 2 130 131 132 8
L 135 84 -41
L 136 86 -44
L 137 84 41
D 134 85 2 135 136 137 8
L 139 88 -45
L 141 90 -46
L 143 92 -47
L 145 94 -48
L 147 96 50
L 148 98 -49
L 149 96 -50
D 146 97 2 147 148 149 8
L 150 94 48
D 144 95 2 145 146 150 8
L 151 92 47
D 142 93 2 143 144 151 8
L 152 90 46
D 140 91 2 141 142 152 8
L 153 88 45
D 138 89 2 139 140 153 8
L 155 86 44
D 154 85 2 135 155 137 29
D 133 87 2 134 138 154 8
L 157 82 43
D 156 81 2 130 157 132 29
D 128 83 2 129 133 156 8
L 160 78 37
D 159 77 2 123 160 125 29
D 158 75 2 118 159 126 29
D 116 79 2 117 128 158 8
L 165 70 -40
D 164 69 2 109 165 111 29
D 163 67 2 107 164 112 29
D 162 65 2 105 163 113 29
D 161 63 2 100 162 114 29
D 98 71 2 99 116 161 8
L 169 58 24
D 168 57 2 92 169 94 29
D 167 55 2 90 168 95 29
D 166 53 2 85 167 96 29
D 83 59 2 84 98 166 8
L 173 48 29
D 172 47 2 77 173 79 29
D 171 45 2 75 172 80 29
D 170 43 2 70 171 81 29
D 68 49 2 69 83 170 8
D 176 23 2 42 41 40 8
D 175 21 2 43 176 38 8
D 178 23 2 42 67 40 29
D 177 21 2 43 178 38 29
D 174 25 2 175 44 177 8
D 185 69 2 111 165 109 8
D 184 67 2 107 185 112 8
D 183 65 2 105 184 113 8
D 182 63 2 100 183 114 8
L 194 98 49
D 193 97 2 149 194 147 8
D 192 95 2 145 193 150 8
D 191 93 2 143 192 151 8
D 190 91 2 141 191 152 8
D 189 89 2 139 190 153 8
D 188 87 2 134 189 154 8
D 187 83 2 129 188 156 8
D 186 79 2 117 187 158 8
D 198 69 2 109 165 111 110
D 197 67 2 107 198 112 29
D 196 65 2 105 197 113 29
D 195 63 2 100 196 114 29
D 181 71 3 182 116 99 186 195 8
D 180 59 2 84 181 166 8
D 201 47 2 79 173 77 8
D 200 45 2 75 201 80 8
D 199 43 2 70 200 81 8
D 204 47 2 79 78 77 173
D 203 45 2 75 204 80 29
D 202 43 2 70 203 81 29
D 179 49 3 69 180 199 83 202 8
D 206 21 2 43 39 38 8
D 209 31 2 53 52 51 8
D 210 31 2 53 62 51 29
D 208 33 2 209 54 210 8
D 207 29 2 45 208 63 8
D 211 21 2 43 66 38 29
D 205 25 2 206 207 211 8
D 218 69 2 109 165 111 8
D 217 67 2 112 218 107 8
D 216 65 2 105 217 113 8
D 215 63 2 100 216 114 8
D 226 97 2 149 148 147 8
D 225 95 2 150 226 145 8
D 224 93 2 143 225 151 8
D 223 91 2 141 224 152 8
D 222 89 2 139 223 153 8
D 221 87 2 134 222 154 8
D 220 83 2 129 221 156 8
D 219 79 2 117 220 158 8
D 230 69 2 109 110 111 29
D 229 67 2 107 198 112 230
D 228 65 2 105 229 113 29
D 227 63 2 100 228 114 29
D 214 71 4 215 116 99 219 182 186 227 8
D 213 59 2 84 214 166 8
D 233 47 2 79 78 77 8
D 232 45 2 80 233 75 8
D 231 43 2 70 232 81 8
D 236 47 2 79 173 77 29
D 235 45 2 75 204 80 236
D 234 43 2 70 235 81 29
D 212 49 4 69 213 199 180 231 83 234 8
D 239 27 2 48 47 46 8
D 240 27 2 48 64 46 29
D 238 29 2 239 49 240 8
D 237 25 2 206 238 211 8
D 250 95 2 145 226 150 8
D 249 93 2 151 250 143 8
D 248 91 2 141 249 152 8
D 247 89 2 139 248 153 8
D 246 87 2 134 247 154 8
D 245 83 2 129 246 156 8
D 244 79 2 117 245 158 8
D 253 67 2 107 218 112 8
D 252 65 2 105 253 113 8
D 251 63 2 100 252 114 8
D 256 77 2 123 160 125 8
D 255 75 2 118 256 126 8
D 258 77 2 123 124 125 29
D 257 75 2 118 258 126 29
D 254 79 2 255 128 257 8
D 262 69 2 111 110 109 8
D 261 67 2 107 262 112 230
D 260 65 2 105 261 113 29
D 259 63 2 100 260 114 29
D 243 71 5 99 244 182 219 215 186 251 254 259 8
D 242 59 2 84 243 166 8
D 264 41 2 71 82 73 8
D 265 45 2 75 233 80 8
D 266 41 2 71 72 73 29
D 263 43 2 264 265 266 8
D 268 45 2 75 236 80 29
D 267 43 3 70 235 264 268 73 29
D 241 49 5 69 242 199 213 231 180 263 83 267 8
D 271 27 2 46 64 48 8
D 272 27 2 46 47 48 29
D 270 29 2 271 49 272 8
D 269 25 2 206 270 211 8
D 281 93 2 143 250 151 8
D 280 91 2 152 281 141 8
D 279 89 2 139 280 153 8
D 278 87 2 134 279 154 8
D 277 83 2 129 278 156 8
D 276 79 2 117 277 158 8
D 284 77 2 125 124 123 8
D 283 75 2 118 284 126 8
D 286 77 2 123 124 125 160
D 285 75 2 118 286 126 29
D 282 79 3 283 128 255 187 285 8
D 275 71 5 99 276 251 282 182 244 215 219 259 8
D 274 59 2 84 275 166 8
D 288 41 2 73 72 71 8
D 289 41 2 73 82 71 29
D 287 43 2 288 265 289 8
D 291 41 2 73 72 71 82
D 292 41 2 73 82 71 8
D 290 43 3 70 235 291 268 292 29
D 273 49 6 69 274 199 242 231 213 263 180 287 83 290 8
D 296 35 2 60 56 55 8
D 295 33 2 50 296 61 8
D 294 29 2 45 295 63 8
D 293 25 2 206 294 211 8
D 302 73 2 119 127 121 8
D 303 73 2 119 120 121 29
D 301 75 2 302 122 303 8
D 304 75 3 118 286 302 159 121 29
D 300 79 4 301 128 283 187 255 220 304 8
D 309 91 2 141 281 152 8
D 308 89 2 153 309 139 8
D 307 87 2 134 308 154 8
D 306 83 2 129 307 156 8
D 305 79 2 117 306 158 8
D 299 71 5 251 300 182 276 99 305 215 244 259 8
D 298 59 2 84 299 166 8
D 310 43 2 70 265 81 8
D 314 57 2 94 93 92 8
D 313 55 2 90 314 95 8
D 312 53 2 85 313 96 8
D 317 57 2 94 169 92 29
D 316 55 2 90 317 95 29
D 315 53 2 85 316 96 29
D 311 59 2 312 98 315 8
D 320 47 2 77 173 79 8
D 319 45 2 75 320 80 236
D 318 43 3 70 319 291 268 292 29
D 297 49 7 69 298 310 311 199 274 231 242 263 213 287 180 318 8
D 325 37 2 59 58 57 8
D 324 35 2 55 325 60 8
D 323 33 2 50 324 61 8
D 322 29 2 45 323 63 8
D 321 25 2 206 322 211 8
D 331 73 2 121 120 119 8
D 332 73 2 121 127 119 29
D 330 75 2 331 122 332 8
D 334 73 2 121 120 119 127
D 335 73 2 121 127 119 8
D 333 75 3 118 286 334 159 335 29
D 329 79 5 330 128 301 187 283 220 255 245 333 8
D 339 85 2 135 155 137 8
D 340 89 2 139 309 153 8
D 341 85 2 135 136 137 29
D 338 87 2 339 340 341 8
D 337 83 2 129 338 156 8
D 336 79 2 117 337 158 8
D 328 71 5 251 329 215 276 182 305 99 336 259 8
D 327 59 2 84 328 166 8
D 345 57 2 92 169 94 8
D 344 55 2 90 345 95 8
D 343 53 2 85 344 96 8
D 348 57 2 92 93 94 169
D 347 55 2 90 348 95 29
D 346 53 2 85 347 96 29
D 342 59 3 343 98 312 181 346 8
D 326 49 7 69 327 310 342 199 298 231 274 263 242 287 213 318 8
L 354 38 20
D 353 37 2 57 354 59 8
D 352 35 2 55 353 60 8
D 351 33 2 50 352 61 8
D 350 29 2 45 351 63 8
D 349 25 2 206 350 211 8
D 358 55 2 95 91 90 8
D 357 53 2 85 358 96 8
D 360 55 2 90 348 95 168
D 359 53 2 85 360 96 29
D 356 59 4 357 98 343 181 312 214 359 8
D 364 61 2 103 102 101 8
D 365 61 2 103 115 101 29
D 363 63 2 364 252 365 8
D 366 79 5 330 187 301 220 283 245 255 277 333 8
D 369 81 2 130 157 132 8
D 370 87 2 134 340 154 8
D 371 81 2 130 131 132 29
D 368 83 2 369 370 371 8
D 367 79 2 117 368 158 8
D 374 67 2 107 230 112 29
D 373 65 2 105 374 113 29
D 372 63 3 100 260 364 373 115 29
D 362 71 6 363 116 251 366 215 305 182 336 99 367 372 8
D 361 59 2 84 362 166 8
D 355 49 7 310 356 69 361 199 327 231 298 263 274 287 242 318 8
D 379 37 2 57 354 59 29
D 378 35 2 55 379 60 29
D 381 37 2 57 58 59 354
D 380 35 2 60 379 55 381
D 377 33 3 209 378 50 380 62 29
D 382 27 2 48 47 46 64
D 383 33 2 50 378 61 29
D 384 27 2 48 64 46 8
D 376 29 3 45 377 382 383 384 29
D 385 21 2 43 176 38 39
D 386 29 2 45 383 63 29
D 387 21 2 38 66 43 67
D 375 25 3 206 376 385 386 387 29
D 35 39 9 36 68 174 179 205 212 237 241 269 273 293 297 321 326 349 355 375 8
D 390 3 2 5 34 7 8
D 389 1 2 3 390 9 8
D 393 11 2 17 28 19 8
D 394 11 2 17 18 19 29
D 392 13 2 393 20 394 8
D 391 9 2 11 392 30 8
D 396 3 2 5 6 7 29
D 395 1 2 3 396 9 29
D 388 5 2 389 391 395 8
D 400 23 2 40 67 42 8
D 399 21 2 43 400 38 8
D 402 23 2 40 41 42 29
D 401 21 2 43 402 38 29
D 398 25 2 399 44 401 8
D 406 51 2 86 97 88 8
D 407 51 2 86 87 88 29
D 405 53 2 406 89 407 8
D 408 53 3 85 360 406 167 88 29
D 404 59 5 405 98 357 181 343 214 312 243 408 8
D 411 79 5 330 220 301 245 283 277 255 306 333 8
D 413 61 2 101 115 103 8
D 414 61 2 101 102 103 29
D 412 63 2 413 252 414 8
D 417 81 2 132 131 130 8
D 418 81 2 132 157 130 29
D 416 83 2 417 370 418 8
D 415 79 2 117 416 158 8
D 420 61 2 103 102 101 115
D 421 61 2 103 115 101 8
D 419 63 3 100 260 420 373 421 29
D 410 71 7 251 411 412 116 363 186 215 336 182 367 99 415 419 8
D 409 59 2 84 410 166 8
D 403 49 7 310 404 69 409 199 361 231 327 263 298 287 274 318 8
D 424 23 2 42 41 40 67
D 423 21 2 43 424 38 39
D 426 23 2 42 67 40 8
D 425 21 2 43 426 38 66
D 422 25 3 206 376 423 386 425 29
D 397 39 10 398 68 36 179 174 212 205 241 237 273 269 297 293 326 321 355 349 403 422 8
D 428 1 2 9 4 3 8
D 429 1 2 9 33 3 29
D 427 5 2 428 391 429 8
D 434 31 2 51 62 53 8
D 435 31 2 51 52 53 29
D 433 33 2 434 54 435 8
D 432 29 2 45 433 63 8
D 431 25 2 206 432 211 8
D 439 51 2 88 87 86 8
D 440 51 2 88 97 86 29
D 438 53 2 439 89 440 8
D 442 51 2 88 87 86 97
D 443 51 2 88 97 86 8
D 441 53 3 85 360 442 167 443 29
D 437 59 6 438 98 405 181 357 214 312 275 343 243 441 8
D 446 79 5 330 245 301 277 283 306 255 337 333 8
D 448 65 2 113 253 105 8
D 447 63 2 100 448 114 8
D 452 85 2 137 136 135 8
D 453 85 2 137 155 135 29
D 451 87 2 452 340 453 8
D 450 83 2 129 451 156 8
D 449 79 2 117 450 158 8
D 455 65 2 105 261 113 374
D 454 63 3 100 455 420 373 421 29
D 445 71 8 251 446 447 116 363 219 412 186 215 367 182 415 99 449 454 8
D 444 59 2 84 445 166 8
D 436 49 7 310 437 69 444 199 409 231 361 263 327 287 298 318 8
D 459 31 2 53 52 51 62
D 460 31 2 53 62 51 8
D 458 33 3 459 378 50 380 460 29
D 457 29 3 382 383 45 458 384 29
D 456 25 3 423 386 206 457 425 29
D 430 39 11 431 68 398 179 36 212 174 241 205 273 237 297 269 326 293 355 321 403 349 436 456 8
D 463 3 2 7 6 5 8
D 462 1 2 3 463 9 8
D 465 3 2 7 34 5 29
D 464 1 2 3 465 9 29
D 461 5 2 462 391 464 8
D 468 59 6 438 181 405 214 312 299 343 275 357 243 441 8
D 471 79 5 330 277 301 306 283 337 255 368 333 8
D 474 67 2 112 230 107 110
D 473 65 2 105 474 113 374
D 472 63 3 100 473 420 373 421 29
D 470 71 7 251 471 363 244 412 219 447 186 215 415 182 449 472 8
D 469 59 2 84 470 166 8
D 467 49 7 310 468 199 444 69 469 231 409 263 361 287 327 318 8
D 466 39 11 431 179 398 212 36 241 174 273 205 297 237 326 269 355 293 403 321 436 349 467 456 8
D 478 11 2 19 28 17 8
D 479 11 2 19 18 17 29
D 477 13 2 478 20 479 8
D 476 9 2 11 477 30 8
D 475 5 2 2 476 32 8
D 482 59 6 438 214 312 328 343 299 357 275 405 243 441 8
D 485 79 5 330 306 301 337 283 368 255 416 333 8
D 487 65 2 113 374 105 230
D 486 63 3 100 487 420 373 421 29
D 484 71 6 251 485 363 276 412 244 447 219 215 449 486 8
D 483 59 2 84 484 166 8
D 481 49 7 310 482 231 444 199 469 69 483 263 409 287 361 318 8
D 480 39 11 431 212 398 241 36 273 174 297 205 326 237 355 269 403 293 436 321 467 349 481 456 8
D 490 7 2 14 13 12 8
D 491 7 2 14 31 12 29
D 489 9 2 490 392 491 8
D 488 5 2 2 489 32 8
D 494 59 6 312 362 343 328 357 299 405 275 438 243 441 8
D 497 79 5 330 337 301 368 283 416 255 450 333 8
D 498 63 3 420 373 100 374 421 29
D 496 71 5 251 497 412 276 363 305 447 244 498 8
D 495 59 2 84 496 166 8
D 493 49 7 310 494 263 444 231 469 199 483 69 495 287 409 318 8
D 492 39 11 431 241 398 273 36 297 174 326 205 355 237 403 269 436 293 467 321 481 349 493 456 8
D 501 7 2 12 31 14 8
D 502 7 2 12 13 14 29
D 500 9 2 501 392 502 8
D 499 5 2 2 500 32 8
D 505 59 6 312 410 343 362 357 328 405 299 438 275 441 8
D 510 77 2 125 160 123 29
D 509 75 3 118 510 334 159 335 29
D 508 79 4 330 368 301 416 283 450 509 8
D 507 71 5 251 508 447 276 412 305 363 336 498 8
D 506 59 2 84 507 166 8
D 504 49 7 310 505 287 444 263 469 231 483 199 495 69 506 318 8
D 503 39 11 431 273 398 297 36 326 174 355 205 403 237 436 269 467 293 481 321 493 349 504 456 8
D 514 15 2 26 22 21 8
D 513 13 2 393 514 394 8
D 512 9 2 11 513 30 8
D 511 5 2 2 512 32 8
D 517 59 6 312 445 343 410 357 362 405 328 438 299 441 8
D 522 73 2 119 120 121 127
D 521 75 2 334 159 522 29
D 520 79 3 330 416 301 450 521 8
D 519 71 5 447 305 251 520 412 336 363 367 498 8
D 518 59 2 84 519 166 8
D 516 49 7 310 517 287 469 263 483 231 495 199 506 69 518 318 8
D 515 39 11 431 297 398 326 36 355 174 403 205 436 237 467 269 481 293 493 321 504 349 516 456 8
L 528 18 9
D 527 17 2 23 528 25 8
D 526 15 2 21 527 26 8
D 525 13 2 393 526 394 8
D 524 9 2 11 525 30 8
D 523 5 2 2 524 32 8
D 531 59 6 343 445 357 410 312 470 405 362 438 328 441 8
D 535 75 2 331 159 332 29
D 534 79 2 330 450 535 8
D 533 71 5 447 336 251 534 412 367 363 415 498 8
D 532 59 2 84 533 166 8
D 530 49 7 310 531 287 483 263 495 231 506 199 518 69 532 318 8
D 529 39 11 431 326 398 355 36 403 174 436 205 467 237 481 269 493 293 504 321 516 349 530 456 8
D 540 17 2 25 24 23 8
D 539 15 2 21 540 26 8
D 538 13 2 393 539 394 8
D 537 9 2 11 538 30 8
D 536 5 2 2 537 32 8
D 543 59 6 357 445 405 410 343 470 438 362 312 484 441 8
D 547 65 2 113 374 105 29
D 546 63 3 420 373 100 547 421 29
D 545 71 4 447 367 412 415 363 449 546 8
D 544 59 2 84 545 166 8
D 542 49 7 287 495 310 543 263 506 231 518 199 532 69 544 318 8
D 541 39 11 431 355 398 403 36 436 174 467 205 481 237 493 269 504 293 516 321 530 349 542 456 8
D 552 17 2 23 24 25 528
D 553 17 2 23 528 25 29
D 551 15 2 21 552 26 553
D 554 11 2 19 28 17 18
D 555 15 2 21 553 26 29
D 556 11 2 19 18 17 8
D 550 13 3 393 551 554 555 556 29
D 557 7 2 14 13 12 31
D 558 13 2 393 555 394 29
D 559 7 2 14 31 12 8
D 549 9 3 11 550 557 558 559 29
D 561 3 2 7 6 5 34
D 560 1 2 3 561 9 4
D 562 9 2 11 558 30 29
D 564 3 2 7 34 5 8
D 563 1 2 3 564 9 33
D 548 5 3 2 549 560 562 563 29
D 0 19 11 1 35 388 397 427 430 461 466 475 480 488 492 499 503 511 515 523 529 536 541 548 8
