c ids of sdd nodes start at 0
c sdd nodes appear bottom-up, children before parents
c
c file syntax:
c sdd count-of-sdd-nodes
c F id-of-false-sdd-node
c T id-of-true-sdd-node
c L id-of-literal-sdd-node id-of-vtree literal
c D id-of-decomposition-sdd-node id-of-vtree number-of-elements {id-of-prime id-of-sub}*
c
sdd 561
L 3 0 -3
L 5 2 -4
L 6 4 -2
L 7 2 4
F 8
D 4 3 2 5 6 7 8
L 9 0 3
D 2 1 2 3 4 9 8
L 12 6 -6
L 13 8 -7
L 14 6 6
D 11 7 2 12 13 14 8
L 17 10 -5
L 18 12 1
L 19 10 5
D 16 11 2 17 18 19 8
L 21 14 -8
L 23 16 -10
L 24 18 -9
L 25 16 10
D 22 17 2 23 24 25 8
L 26 14 8
D 20 15 2 21 22 26 8
L 28 12 -1
T 29
D 27 11 2 17 28 19 29
D 15 13 2 16 20 27 8
L 31 8 7
D 30 7 2 12 31 14 29
D 10 9 2 11 15 30 8
L 34 4 2
D 33 3 2 5 34 7 29
D 32 1 2 3 33 9 29
D 1 5 2 2 10 32 8
L 38 20 -13
L 40 22 14
L 41 24 -12
L 42 22 -14
D 39 23 2 40 41 42 8
L 43 20 13
D 37 21 2 38 39 43 8
L 46 26 -16
L 47 28 -17
L 48 26 16
D 45 27 2 46 47 48 8
L 51 30 -15
L 52 32 -11
L 53 30 15
D 50 31 2 51 52 53 8
L 55 34 -18
L 57 36 -19
L 58 38 -20
L 59 36 19
D 56 37 2 57 58 59 8
L 60 34 18
D 54 35 2 55 56 60 8
L 62 32 11
D 61 31 2 51 62 53 29
D 49 33 2 50 54 61 8
L 64 28 17
D 63 27 2 46 64 48 29
D 44 29 2 45 49 63 8
L 67 24 12
D 66 23 2 40 67 42 29
D 65 21 2 38 66 43 29
D 36 25 2 37 44 65 8
L 71 40 -26
L 72 42 -27
L 73 40 26
D 70 41 2 71 72 73 8
L 75 44 -28
L 77 46 30
L 78 48 -29
L 79 46 -30
D 76 47 2 77 78 79 8
L 80 44 28
D 74 45 2 75 76 80 8
L 82 42 27
D 81 41 2 71 82 73 29
D 69 43 2 70 74 81 8
L 86 50 -21
L 87 52 -22
L 88 50 21
D 85 51 2 86 87 88 8
L 90 54 -23
L 92 56 -25
L 93 58 -24
L 94 56 25
D 91 57 2 92 93 94 8
L 95 54 23
D 89 55 2 90 91 95 8
L 97 52 22
D 96 51 2 86 97 88 29
D 84 53 2 85 89 96 8
L 101 60 -33
L 102 62 -32
L 103 60 33
D 100 61 2 101 102 103 8
L 105 64 -31
L 107 66 -38
L 109 68 -39
L 110 70 40
L 111 68 39
D 108 69 2 109 110 111 8
L 112 66 38
D 106 67 2 107 108 112 8
L 113 64 31
D 104 65 2 105 106 113 8
L 115 62 32
D 114 61 2 101 115 103 29
D 99 63 2 100 104 114 8
L 119 72 -34
L 120 74 -35
L 121 72 34
D 118 73 2 119 120 121 8
L 123 76 -36
L 124 78 -37
L 125 76 36
D 122 77 2 123 124 125 8
L 127 74 35
D 126 73 2 119 127 121 29
D 117 75 2 118 122 126 8
L 130 80 -42
L 131 82 -43
L 132 80 42
D 129 81 2 130 131 132 8
L 135 84 -41
L 136 86 -44
L 137 84 41
D 134 85 2 135 136 137 8
L 139 88 -45
L 141 90 -46
L 143 92 -47
L 145 94 -48
L 147 96 50
L 148 98 -49
L 149 96 -50
D 146 97 2 147 148 149 8
L 150 94 48
D 144 95 2 145 146 150 8
L 151 92 47
D 142 93 2 143 144 151 8
L 152 90 46
D 140 91 2 141 142 152 8
L 153 88 45
D 138 89 2 139 140 153 8
L 155 86 44
D 154 85 2 135 155 137 29
D 133 87 2 134 138 154 8
L 157 82 43
D 156 81 2 130 157 132 29
D 128 83 2 129 133 156 8
L 160 78 37
D 159 77 2 123 160 125 29
D 158 75 2 118 159 126 29
D 116 79 2 117 128 158 8
L 165 70 -40
D 164 69 2 109 165 111 29
D 163 67 2 107 164 112 29
D 162 65 2 105 163 113 29
D 161 63 2 100 162 114 29
D 98 71 2 99 116 161 8
L 169 58 24
D 168 57 2 92 169 94 29
D 167 55 2 90 168 95 29
D 166 53 2 85 167 96 29
D 83 59 2 84 98 166 8
L 173 48 29
D 172 47 2 77 173 79 29
D 171 45 2 75 172 80 29
D 170 43 2 70 171 81 29
D 68 49 2 69 83 170 8
D 176 23 2 42 41 40 8
D 175 21 2 38 176 43 8
D 179 31 2 53 52 51 8
D 180 31 2 53 62 51 29
D 178 33 2 179 54 180 8
D 177 29 2 45 178 63 8
D 182 23 2 42 67 40 29
D 181 21 2 38 182 43 29
D 174 25 2 175 177 181 8
D 189 69 2 111 165 109 8
D 188 67 2 107 189 112 8
D 187 65 2 105 188 113 8
D 186 63 2 100 187 114 8
L 198 98 49
D 197 97 2 149 198 147 8
D 196 95 2 145 197 150 8
D 195 93 2 143 196 151 8
D 194 91 2 141 195 152 8
D 193 89 2 139 194 153 8
D 192 87 2 134 193 154 8
D 191 83 2 129 192 156 8
D 190 79 2 117 191 158 8
D 202 69 2 109 165 111 110
D 201 67 2 107 202 112 29
D 200 65 2 105 201 113 29
D 199 63 2 100 200 114 29
D 185 71 3 186 116 99 190 199 8
D 184 59 2 84 185 166 8
D 205 47 2 79 173 77 8
D 204 45 2 75 205 80 8
D 203 43 2 70 204 81 8
D 208 47 2 79 78 77 173
D 207 45 2 75 208 80 29
D 206 43 2 70 207 81 29
D 183 49 3 69 184 203 83 206 8
D 211 27 2 48 47 46 8
D 212 27 2 48 64 46 29
D 210 29 2 211 49 212 8
D 209 25 2 175 210 181 8
D 219 69 2 109 165 111 8
D 218 67 2 112 219 107 8
D 217 65 2 105 218 113 8
D 216 63 2 100 217 114 8
D 227 97 2 149 148 147 8
D 226 95 2 150 227 145 8
D 225 93 2 143 226 151 8
D 224 91 2 141 225 152 8
D 223 89 2 139 224 153 8
D 222 87 2 134 223 154 8
D 221 83 2 129 222 156 8
D 220 79 2 117 221 158 8
D 231 69 2 109 110 111 29
D 230 67 2 107 202 112 231
D 229 65 2 105 230 113 29
D 228 63 2 100 229 114 29
D 215 71 4 216 116 99 220 186 190 228 8
D 214 59 2 84 215 166 8
D 234 47 2 79 78 77 8
D 233 45 2 80 234 75 8
D 232 43 2 70 233 81 8
D 237 47 2 79 173 77 29
D 236 45 2 75 208 80 237
D 235 43 2 70 236 81 29
D 213 49 4 69 214 203 184 232 83 235 8
D 240 27 2 46 64 48 8
D 241 27 2 46 47 48 29
D 239 29 2 240 49 241 8
D 238 25 2 175 239 181 8
D 251 95 2 145 227 150 8
D 250 93 2 151 251 143 8
D 249 91 2 141 250 152 8
D 248 89 2 139 249 153 8
D 247 87 2 134 248 154 8
D 246 83 2 129 247 156 8
D 245 79 2 117 246 158 8
D 254 67 2 107 219 112 8
D 253 65 2 105 254 113 8
D 252 63 2 100 253 114 8
D 257 77 2 123 160 125 8
D 256 75 2 118 257 126 8
D 259 77 2 123 124 125 29
D 258 75 2 118 259 126 29
D 255 79 2 256 128 258 8
D 263 69 2 111 110 109 8
D 262 67 2 107 263 112 231
D 261 65 2 105 262 113 29
D 260 63 2 100 261 114 29
D 244 71 5 99 245 186 220 216 190 252 255 260 8
D 243 59 2 84 244 166 8
D 265 41 2 71 82 73 8
D 266 45 2 75 234 80 8
D 267 41 2 71 72 73 29
D 264 43 2 265 266 267 8
D 269 45 2 75 237 80 29
D 268 43 3 70 236 265 269 73 29
D 242 49 5 69 243 203 214 232 184 264 83 268 8
D 273 35 2 60 56 55 8
D 272 33 2 50 273 61 8
D 271 29 2 45 272 63 8
D 270 25 2 175 271 181 8
D 282 93 2 143 251 151 8
D 281 91 2 152 282 141 8
D 280 89 2 139 281 153 8
D 279 87 2 134 280 154 8
D 278 83 2 129 279 156 8
D 277 79 2 117 278 158 8
D 285 77 2 125 124 123 8
D 284 75 2 118 285 126 8
D 287 77 2 123 124 125 160
D 286 75 2 118 287 126 29
D 283 79 3 284 128 256 191 286 8
D 276 71 5 99 277 252 283 186 245 216 220 260 8
D 275 59 2 84 276 166 8
D 289 41 2 73 72 71 8
D 290 41 2 73 82 71 29
D 288 43 2 289 266 290 8
D 292 41 2 73 72 71 82
D 293 41 2 73 82 71 8
D 291 43 3 70 236 292 269 293 29
D 274 49 6 69 275 203 243 232 214 264 184 288 83 291 8
D 298 37 2 59 58 57 8
D 297 35 2 55 298 60 8
D 296 33 2 50 297 61 8
D 295 29 2 45 296 63 8
D 294 25 2 175 295 181 8
D 304 73 2 119 127 121 8
D 305 73 2 119 120 121 29
D 303 75 2 304 122 305 8
D 306 75 3 118 287 304 159 121 29
D 302 79 4 303 128 284 191 256 221 306 8
D 311 91 2 141 282 152 8
D 310 89 2 153 311 139 8
D 309 87 2 134 310 154 8
D 308 83 2 129 309 156 8
D 307 79 2 117 308 158 8
D 301 71 5 252 302 186 277 99 307 216 245 260 8
D 300 59 2 84 301 166 8
D 312 43 2 70 266 81 8
D 316 57 2 94 93 92 8
D 315 55 2 90 316 95 8
D 314 53 2 85 315 96 8
D 319 57 2 94 169 92 29
D 318 55 2 90 319 95 29
D 317 53 2 85 318 96 29
D 313 59 2 314 98 317 8
D 322 47 2 77 173 79 8
D 321 45 2 75 322 80 237
D 320 43 3 70 321 292 269 293 29
D 299 49 7 69 300 312 313 203 275 232 243 264 214 288 184 320 8
L 328 38 20
D 327 37 2 57 328 59 8
D 326 35 2 55 327 60 8
D 325 33 2 50 326 61 8
D 324 29 2 45 325 63 8
D 323 25 2 175 324 181 8
D 334 73 2 121 120 119 8
D 335 73 2 121 127 119 29
D 333 75 2 334 122 335 8
D 337 73 2 121 120 119 127
D 338 73 2 121 127 119 8
D 336 75 3 118 287 337 159 338 29
D 332 79 5 333 128 303 191 284 221 256 246 336 8
D 342 85 2 135 155 137 8
D 343 89 2 139 311 153 8
D 344 85 2 135 136 137 29
D 341 87 2 342 343 344 8
D 340 83 2 129 341 156 8
D 339 79 2 117 340 158 8
D 331 71 5 252 332 216 277 186 307 99 339 260 8
D 330 59 2 84 331 166 8
D 348 57 2 92 169 94 8
D 347 55 2 90 348 95 8
D 346 53 2 85 347 96 8
D 351 57 2 92 93 94 169
D 350 55 2 90 351 95 29
D 349 53 2 85 350 96 29
D 345 59 3 346 98 314 185 349 8
D 329 49 7 69 330 312 345 203 300 232 275 264 243 288 214 320 8
D 356 37 2 57 328 59 29
D 355 35 2 55 356 60 29
D 358 37 2 57 58 59 328
D 357 35 2 60 356 55 358
D 354 33 3 179 355 50 357 62 29
D 359 27 2 48 47 46 64
D 360 33 2 50 355 61 29
D 361 27 2 48 64 46 8
D 353 29 3 45 354 359 360 361 29
D 362 29 2 45 360 63 29
D 363 21 2 38 67 43 29
D 352 25 3 175 353 37 362 363 29
D 35 39 8 36 68 174 183 209 213 238 242 270 274 294 299 323 329 352 8
D 366 3 2 5 34 7 8
D 365 1 2 3 366 9 8
D 369 11 2 17 28 19 8
D 370 11 2 17 18 19 29
D 368 13 2 369 20 370 8
D 367 9 2 11 368 30 8
D 372 3 2 5 6 7 29
D 371 1 2 3 372 9 29
D 364 5 2 365 367 371 8
D 375 21 2 43 176 38 8
D 376 21 2 43 182 38 29
D 374 25 2 375 44 376 8
D 380 55 2 95 91 90 8
D 379 53 2 85 380 96 8
D 382 55 2 90 351 95 168
D 381 53 2 85 382 96 29
D 378 59 4 379 98 346 185 314 215 381 8
D 386 61 2 103 102 101 8
D 387 61 2 103 115 101 29
D 385 63 2 386 253 387 8
D 388 79 5 333 191 303 221 284 246 256 278 336 8
D 391 81 2 130 157 132 8
D 392 87 2 134 343 154 8
D 393 81 2 130 131 132 29
D 390 83 2 391 392 393 8
D 389 79 2 117 390 158 8
D 396 67 2 107 231 112 29
D 395 65 2 105 396 113 29
D 394 63 3 100 261 386 395 115 29
D 384 71 6 385 116 252 388 216 307 186 339 99 389 394 8
D 383 59 2 84 384 166 8
D 377 49 7 312 378 69 383 203 330 232 300 264 275 288 243 320 8
D 398 21 2 38 39 43 176
D 399 21 2 43 182 38 67
D 397 25 3 175 353 398 362 399 29
D 373 39 9 374 68 36 183 174 213 209 242 238 274 270 299 294 329 323 377 397 8
D 401 1 2 9 4 3 8
D 402 1 2 9 33 3 29
D 400 5 2 401 367 402 8
D 406 23 2 42 67 40 8
D 405 21 2 38 406 43 8
D 408 23 2 42 41 40 29
D 407 21 2 38 408 43 29
D 404 25 2 405 44 407 8
D 412 51 2 86 97 88 8
D 413 51 2 86 87 88 29
D 411 53 2 412 89 413 8
D 414 53 3 85 382 412 167 88 29
D 410 59 5 411 98 379 185 346 215 314 244 414 8
D 417 79 5 333 221 303 246 284 278 256 308 336 8
D 419 61 2 101 115 103 8
D 420 61 2 101 102 103 29
D 418 63 2 419 253 420 8
D 423 81 2 132 131 130 8
D 424 81 2 132 157 130 29
D 422 83 2 423 392 424 8
D 421 79 2 117 422 158 8
D 426 61 2 103 102 101 115
D 427 61 2 103 115 101 8
D 425 63 3 100 261 426 395 427 29
D 416 71 7 252 417 418 116 385 190 216 339 186 389 99 421 425 8
D 415 59 2 84 416 166 8
D 409 49 7 312 410 69 415 203 383 232 330 264 300 288 275 320 8
D 430 23 2 40 41 42 67
D 429 21 2 38 430 43 176
D 432 23 2 40 67 42 8
D 431 21 2 38 432 43 182
D 428 25 3 175 353 429 362 431 29
D 403 39 10 404 68 374 183 36 213 174 242 209 274 238 299 270 329 294 377 323 409 428 8
D 435 3 2 7 6 5 8
D 434 1 2 3 435 9 8
D 437 3 2 7 34 5 29
D 436 1 2 3 437 9 29
D 433 5 2 434 367 436 8
D 442 31 2 51 62 53 8
D 443 31 2 51 52 53 29
D 441 33 2 442 54 443 8
D 440 29 2 45 441 63 8
D 439 25 2 175 440 181 8
D 447 51 2 88 87 86 8
D 448 51 2 88 97 86 29
D 446 53 2 447 89 448 8
D 450 51 2 88 87 86 97
D 451 51 2 88 97 86 8
D 449 53 3 85 382 450 167 451 29
D 445 59 6 446 98 411 185 379 215 314 276 346 244 449 8
D 454 79 5 333 246 303 278 284 308 256 340 336 8
D 456 65 2 113 254 105 8
D 455 63 2 100 456 114 8
D 460 85 2 137 136 135 8
D 461 85 2 137 155 135 29
D 459 87 2 460 343 461 8
D 458 83 2 129 459 156 8
D 457 79 2 117 458 158 8
D 463 65 2 105 262 113 396
D 462 63 3 100 463 426 395 427 29
D 453 71 8 252 454 455 116 385 220 418 190 216 389 186 421 99 457 462 8
D 452 59 2 84 453 166 8
D 444 49 7 312 445 69 452 203 415 232 383 264 330 288 300 320 8
D 467 31 2 53 52 51 62
D 468 31 2 53 62 51 8
D 466 33 3 467 355 50 357 468 29
D 465 29 3 359 360 45 466 361 29
D 464 25 3 429 362 175 465 431 29
D 438 39 11 439 68 404 183 374 213 36 242 174 274 209 299 238 329 270 377 294 409 323 444 464 8
D 472 11 2 19 28 17 8
D 473 11 2 19 18 17 29
D 471 13 2 472 20 473 8
D 470 9 2 11 471 30 8
D 469 5 2 2 470 32 8
D 476 59 6 446 185 411 215 314 301 346 276 379 244 449 8
D 479 79 5 333 278 303 308 284 340 256 390 336 8
D 482 67 2 112 231 107 110
D 481 65 2 105 482 113 396
D 480 63 3 100 481 426 395 427 29
D 478 71 7 252 479 385 245 418 220 455 190 216 421 186 457 480 8
D 477 59 2 84 478 166 8
D 475 49 7 312 476 203 452 69 477 232 415 264 383 288 330 320 8
D 474 39 11 439 183 404 213 374 242 36 274 174 299 209 329 238 377 270 409 294 444 323 475 464 8
D 485 7 2 14 13 12 8
D 486 7 2 14 31 12 29
D 484 9 2 485 368 486 8
D 483 5 2 2 484 32 8
D 489 59 6 446 215 314 331 346 301 379 276 411 244 449 8
D 492 79 5 333 308 303 340 284 390 256 422 336 8
D 494 65 2 113 396 105 231
D 493 63 3 100 494 426 395 427 29
D 491 71 6 252 492 385 277 418 245 455 220 216 457 493 8
D 490 59 2 84 491 166 8
D 488 49 7 312 489 232 452 203 477 69 490 264 415 288 383 320 8
D 487 39 11 439 213 404 242 374 274 36 299 174 329 209 377 238 409 270 444 294 475 323 488 464 8
D 497 7 2 12 31 14 8
D 498 7 2 12 13 14 29
D 496 9 2 497 368 498 8
D 495 5 2 2 496 32 8
D 501 59 6 314 384 346 331 379 301 411 276 446 244 449 8
D 504 79 5 333 340 303 390 284 422 256 458 336 8
D 505 63 3 426 395 100 396 427 29
D 503 71 5 252 504 418 277 385 307 455 245 505 8
D 502 59 2 84 503 166 8
D 500 49 7 312 501 264 452 232 477 203 490 69 502 288 415 320 8
D 499 39 11 439 242 404 274 374 299 36 329 174 377 209 409 238 444 270 475 294 488 323 500 464 8
D 509 15 2 26 22 21 8
D 508 13 2 369 509 370 8
D 507 9 2 11 508 30 8
D 506 5 2 2 507 32 8
D 512 59 6 314 416 346 384 379 331 411 301 446 276 449 8
D 517 77 2 125 160 123 29
D 516 75 3 118 517 337 159 338 29
D 515 79 4 333 390 303 422 284 458 516 8
D 514 71 5 252 515 455 277 418 307 385 339 505 8
D 513 59 2 84 514 166 8
D 511 49 7 312 512 288 452 264 477 232 490 203 502 69 513 320 8
D 510 39 11 439 274 404 299 374 329 36 377 174 409 209 444 238 475 270 488 294 500 323 511 464 8
L 523 18 9
D 522 17 2 23 523 25 8
D 521 15 2 21 522 26 8
D 520 13 2 369 521 370 8
D 519 9 2 11 520 30 8
D 518 5 2 2 519 32 8
D 526 59 6 314 453 346 416 379 384 411 331 446 301 449 8
D 531 73 2 119 120 121 127
D 530 75 2 337 159 531 29
D 529 79 3 333 422 303 458 530 8
D 528 71 5 455 307 252 529 418 339 385 389 505 8
D 527 59 2 84 528 166 8
D 525 49 7 312 526 288 477 264 490 232 502 203 513 69 527 320 8
D 524 39 11 439 299 404 329 374 377 36 409 174 444 209 475 238 488 270 500 294 511 323 525 464 8
D 536 17 2 25 24 23 8
D 535 15 2 21 536 26 8
D 534 13 2 369 535 370 8
D 533 9 2 11 534 30 8
D 532 5 2 2 533 32 8
D 539 59 6 346 453 379 416 314 478 411 384 446 331 449 8
D 543 75 2 334 159 335 29
D 542 79 2 333 458 543 8
D 541 71 5 455 339 252 542 418 389 385 421 505 8
D 540 59 2 84 541 166 8
D 538 49 7 312 539 288 490 264 502 232 513 203 527 69 540 320 8
D 537 39 11 439 329 404 377 374 409 36 444 174 475 209 488 238 500 270 511 294 525 323 538 464 8
D 548 17 2 23 24 25 523
D 549 17 2 23 523 25 29
D 547 15 2 21 548 26 549
D 550 11 2 19 28 17 18
D 551 15 2 21 549 26 29
D 552 11 2 19 18 17 8
D 546 13 3 369 547 550 551 552 29
D 553 7 2 14 13 12 31
D 554 13 2 369 551 370 29
D 555 7 2 14 31 12 8
D 545 9 3 11 546 553 554 555 29
D 557 3 2 7 6 5 34
D 556 1 2 3 557 9 4
D 558 9 2 11 554 30 29
D 560 3 2 7 34 5 8
D 559 1 2 3 560 9 33
D 544 5 3 2 545 556 558 559 29
D 0 19 11 1 35 364 373 400 403 433 438 469 474 483 487 495 499 506 510 518 524 532 537 544 8
