c ids of sdd nodes start at 0
c sdd nodes appear bottom-up, children before parents
c
c file syntax:
c sdd count-of-sdd-nodes
c F id-of-false-sdd-node
c T id-of-true-sdd-node
c L id-of-literal-sdd-node id-of-vtree literal
c D id-of-decomposition-sdd-node id-of-vtree number-of-elements {id-of-prime id-of-sub}*
c
sdd 556
L 3 0 -3
L 5 2 -4
L 6 4 -2
L 7 2 4
F 8
D 4 3 2 5 6 7 8
L 9 0 3
D 2 1 2 3 4 9 8
L 12 6 -6
L 13 8 -7
L 14 6 6
D 11 7 2 12 13 14 8
L 17 10 -5
L 18 12 1
L 19 10 5
D 16 11 2 17 18 19 8
L 21 14 -8
L 23 16 -10
L 24 18 -9
L 25 16 10
D 22 17 2 23 24 25 8
L 26 14 8
D 20 15 2 21 22 26 8
L 28 12 -1
T 29
D 27 11 2 17 28 19 29
D 15 13 2 16 20 27 8
L 31 8 7
D 30 7 2 12 31 14 29
D 10 9 2 11 15 30 8
L 34 4 2
D 33 3 2 5 34 7 29
D 32 1 2 3 33 9 29
D 1 5 2 2 10 32 8
L 38 20 -13
L 40 22 -14
L 41 24 -12
L 42 22 14
D 39 23 2 40 41 42 8
L 43 20 13
D 37 21 2 38 39 43 8
L 46 26 -16
L 47 28 -17
L 48 26 16
D 45 27 2 46 47 48 8
L 51 30 15
L 52 32 -11
L 53 30 -15
D 50 31 2 51 52 53 8
L 55 34 -18
L 57 36 -19
L 58 38 -20
L 59 36 19
D 56 37 2 57 58 59 8
L 60 34 18
D 54 35 2 55 56 60 8
L 62 32 11
D 61 31 2 51 62 53 29
D 49 33 2 50 54 61 8
L 64 28 17
D 63 27 2 46 64 48 29
D 44 29 2 45 49 63 8
L 67 24 12
D 66 23 2 40 67 42 29
D 65 21 2 38 66 43 29
D 36 25 2 37 44 65 8
L 71 40 -26
L 72 42 -27
L 73 40 26
D 70 41 2 71 72 73 8
L 75 44 -28
L 77 46 30
L 78 48 -29
L 79 46 -30
D 76 47 2 77 78 79 8
L 80 44 28
D 74 45 2 75 76 80 8
L 82 42 27
D 81 41 2 71 82 73 29
D 69 43 2 70 74 81 8
L 86 50 -21
L 87 52 -22
L 88 50 21
D 85 51 2 86 87 88 8
L 90 54 -23
L 92 56 -25
L 93 58 -24
L 94 56 25
D 91 57 2 92 93 94 8
L 95 54 23
D 89 55 2 90 91 95 8
L 97 52 22
D 96 51 2 86 97 88 29
D 84 53 2 85 89 96 8
L 101 60 -33
L 102 62 -32
L 103 60 33
D 100 61 2 101 102 103 8
L 105 64 -31
L 107 66 -38
L 109 68 -39
L 110 70 40
L 111 68 39
D 108 69 2 109 110 111 8
L 112 66 38
D 106 67 2 107 108 112 8
L 113 64 31
D 104 65 2 105 106 113 8
L 115 62 32
D 114 61 2 101 115 103 29
D 99 63 2 100 104 114 8
L 119 72 -34
L 120 74 -35
L 121 72 34
D 118 73 2 119 120 121 8
L 123 76 -36
L 124 78 -37
L 125 76 36
D 122 77 2 123 124 125 8
L 127 74 35
D 126 73 2 119 127 121 29
D 117 75 2 118 122 126 8
L 130 80 -42
L 131 82 -43
L 132 80 42
D 129 81 2 130 131 132 8
L 135 84 -41
L 136 86 -44
L 137 84 41
D 134 85 2 135 136 137 8
L 139 88 -45
L 141 90 -46
L 143 92 -47
L 145 94 -48
L 147 96 50
L 148 98 -49
L 149 96 -50
D 146 97 2 147 148 149 8
L 150 94 48
D 144 95 2 145 146 150 8
L 151 92 47
D 142 93 2 143 144 151 8
L 152 90 46
D 140 91 2 141 142 152 8
L 153 88 45
D 138 89 2 139 140 153 8
L 155 86 44
D 154 85 2 135 155 137 29
D 133 87 2 134 138 154 8
L 157 82 43
D 156 81 2 130 157 132 29
D 128 83 2 129 133 156 8
L 160 78 37
D 159 77 2 123 160 125 29
D 158 75 2 118 159 126 29
D 116 79 2 117 128 158 8
L 165 70 -40
D 164 69 2 109 165 111 29
D 163 67 2 107 164 112 29
D 162 65 2 105 163 113 29
D 161 63 2 100 162 114 29
D 98 71 2 99 116 161 8
L 169 58 24
D 168 57 2 92 169 94 29
D 167 55 2 90 168 95 29
D 166 53 2 85 167 96 29
D 83 59 2 84 98 166 8
L 173 48 29
D 172 47 2 77 173 79 29
D 171 45 2 75 172 80 29
D 170 43 2 70 171 81 29
D 68 49 2 69 83 170 8
D 176 27 2 48 47 46 8
D 178 31 2 53 52 51 8
D 179 31 2 53 62 51 29
D 177 33 2 178 54 179 8
D 180 27 2 48 64 46 29
D 175 29 2 176 177 180 8
D 174 25 2 37 175 65 8
D 187 69 2 111 165 109 8
D 186 67 2 107 187 112 8
D 185 65 2 105 186 113 8
D 184 63 2 100 185 114 8
L 196 98 49
D 195 97 2 149 196 147 8
D 194 95 2 145 195 150 8
D 193 93 2 143 194 151 8
D 192 91 2 141 193 152 8
D 191 89 2 139 192 153 8
D 190 87 2 134 191 154 8
D 189 83 2 129 190 156 8
D 188 79 2 117 189 158 8
D 200 69 2 109 165 111 110
D 199 67 2 107 200 112 29
D 198 65 2 105 199 113 29
D 197 63 2 100 198 114 29
D 183 71 3 184 116 99 188 197 8
D 182 59 2 84 183 166 8
D 203 47 2 79 173 77 8
D 202 45 2 75 203 80 8
D 201 43 2 70 202 81 8
D 206 47 2 79 78 77 173
D 205 45 2 75 206 80 29
D 204 43 2 70 205 81 29
D 181 49 3 69 182 201 83 204 8
D 209 27 2 46 64 48 8
D 210 27 2 46 47 48 29
D 208 29 2 209 177 210 8
D 207 25 2 37 208 65 8
D 217 69 2 109 165 111 8
D 216 67 2 112 217 107 8
D 215 65 2 105 216 113 8
D 214 63 2 100 215 114 8
D 225 97 2 149 148 147 8
D 224 95 2 150 225 145 8
D 223 93 2 143 224 151 8
D 222 91 2 141 223 152 8
D 221 89 2 139 222 153 8
D 220 87 2 134 221 154 8
D 219 83 2 129 220 156 8
D 218 79 2 117 219 158 8
D 229 69 2 109 110 111 29
D 228 67 2 107 200 112 229
D 227 65 2 105 228 113 29
D 226 63 2 100 227 114 29
D 213 71 4 214 116 99 218 184 188 226 8
D 212 59 2 84 213 166 8
D 232 47 2 79 78 77 8
D 231 45 2 80 232 75 8
D 230 43 2 70 231 81 8
D 235 47 2 79 173 77 29
D 234 45 2 75 206 80 235
D 233 43 2 70 234 81 29
D 211 49 4 69 212 201 182 230 83 233 8
D 239 35 2 60 56 55 8
D 238 33 2 178 239 179 8
D 237 29 2 45 238 63 8
D 236 25 2 37 237 65 8
D 249 95 2 145 225 150 8
D 248 93 2 151 249 143 8
D 247 91 2 141 248 152 8
D 246 89 2 139 247 153 8
D 245 87 2 134 246 154 8
D 244 83 2 129 245 156 8
D 243 79 2 117 244 158 8
D 252 67 2 107 217 112 8
D 251 65 2 105 252 113 8
D 250 63 2 100 251 114 8
D 255 77 2 123 160 125 8
D 254 75 2 118 255 126 8
D 257 77 2 123 124 125 29
D 256 75 2 118 257 126 29
D 253 79 2 254 128 256 8
D 261 69 2 111 110 109 8
D 260 67 2 107 261 112 229
D 259 65 2 105 260 113 29
D 258 63 2 100 259 114 29
D 242 71 5 99 243 184 218 214 188 250 253 258 8
D 241 59 2 84 242 166 8
D 263 41 2 71 82 73 8
D 264 45 2 75 232 80 8
D 265 41 2 71 72 73 29
D 262 43 2 263 264 265 8
D 267 45 2 75 235 80 29
D 266 43 3 70 234 263 267 73 29
D 240 49 5 69 241 201 212 230 182 262 83 266 8
D 272 37 2 59 58 57 8
D 271 35 2 55 272 60 8
D 270 33 2 178 271 179 8
D 269 29 2 45 270 63 8
D 268 25 2 37 269 65 8
D 281 93 2 143 249 151 8
D 280 91 2 152 281 141 8
D 279 89 2 139 280 153 8
D 278 87 2 134 279 154 8
D 277 83 2 129 278 156 8
D 276 79 2 117 277 158 8
D 284 77 2 125 124 123 8
D 283 75 2 118 284 126 8
D 286 77 2 123 124 125 160
D 285 75 2 118 286 126 29
D 282 79 3 283 128 254 189 285 8
D 275 71 5 99 276 250 282 184 243 214 218 258 8
D 274 59 2 84 275 166 8
D 288 41 2 73 72 71 8
D 289 41 2 73 82 71 29
D 287 43 2 288 264 289 8
D 291 41 2 73 72 71 82
D 292 41 2 73 82 71 8
D 290 43 3 70 234 291 267 292 29
D 273 49 6 69 274 201 241 230 212 262 182 287 83 290 8
L 298 38 20
D 297 37 2 57 298 59 8
D 296 35 2 55 297 60 8
D 295 33 2 178 296 179 8
D 294 29 2 45 295 63 8
D 293 25 2 37 294 65 8
D 304 73 2 119 127 121 8
D 305 73 2 119 120 121 29
D 303 75 2 304 122 305 8
D 306 75 3 118 286 304 159 121 29
D 302 79 4 303 128 283 189 254 219 306 8
D 311 91 2 141 281 152 8
D 310 89 2 153 311 139 8
D 309 87 2 134 310 154 8
D 308 83 2 129 309 156 8
D 307 79 2 117 308 158 8
D 301 71 5 250 302 184 276 99 307 214 243 258 8
D 300 59 2 84 301 166 8
D 312 43 2 70 264 81 8
D 316 57 2 94 93 92 8
D 315 55 2 90 316 95 8
D 314 53 2 85 315 96 8
D 319 57 2 94 169 92 29
D 318 55 2 90 319 95 29
D 317 53 2 85 318 96 29
D 313 59 2 314 98 317 8
D 322 47 2 77 173 79 8
D 321 45 2 75 322 80 235
D 320 43 3 70 321 291 267 292 29
D 299 49 7 69 300 312 313 201 274 230 241 262 212 287 182 320 8
D 327 37 2 57 298 59 29
D 326 35 2 55 327 60 29
D 329 37 2 57 58 59 298
D 328 35 2 60 327 55 329
D 325 33 3 50 326 178 328 62 29
D 330 27 2 48 47 46 64
D 331 33 2 178 326 179 29
D 332 27 2 48 64 46 8
D 324 29 3 45 325 330 331 332 29
D 323 25 2 37 324 65 29
D 35 39 7 36 68 174 181 207 211 236 240 268 273 293 299 323 8
D 335 3 2 5 34 7 8
D 334 1 2 3 335 9 8
D 338 11 2 17 28 19 8
D 339 11 2 17 18 19 29
D 337 13 2 338 20 339 8
D 336 9 2 11 337 30 8
D 341 3 2 5 6 7 29
D 340 1 2 3 341 9 29
D 333 5 2 334 336 340 8
D 345 23 2 42 41 40 8
D 344 21 2 38 345 43 8
D 346 29 2 45 177 63 8
D 348 23 2 42 67 40 29
D 347 21 2 38 348 43 29
D 343 25 2 344 346 347 8
D 354 73 2 121 120 119 8
D 355 73 2 121 127 119 29
D 353 75 2 354 122 355 8
D 357 73 2 121 120 119 127
D 358 73 2 121 127 119 8
D 356 75 3 118 286 357 159 358 29
D 352 79 5 353 128 303 189 283 219 254 244 356 8
D 362 85 2 135 155 137 8
D 363 89 2 139 311 153 8
D 364 85 2 135 136 137 29
D 361 87 2 362 363 364 8
D 360 83 2 129 361 156 8
D 359 79 2 117 360 158 8
D 351 71 5 250 352 214 276 184 307 99 359 258 8
D 350 59 2 84 351 166 8
D 368 57 2 92 169 94 8
D 367 55 2 90 368 95 8
D 366 53 2 85 367 96 8
D 371 57 2 92 93 94 169
D 370 55 2 90 371 95 29
D 369 53 2 85 370 96 29
D 365 59 3 366 98 314 183 369 8
D 349 49 7 69 350 312 365 201 300 230 274 262 241 287 212 320 8
D 373 29 2 45 331 63 29
D 374 21 2 38 67 43 29
D 372 25 3 37 324 344 373 374 29
D 342 39 8 343 68 36 181 174 211 207 240 236 273 268 299 293 349 372 8
D 376 1 2 9 4 3 8
D 377 1 2 9 33 3 29
D 375 5 2 376 336 377 8
D 380 21 2 43 39 38 8
D 381 21 2 43 66 38 29
D 379 25 2 380 346 381 8
D 385 55 2 95 91 90 8
D 384 53 2 85 385 96 8
D 387 55 2 90 371 95 168
D 386 53 2 85 387 96 29
D 383 59 4 384 98 366 183 314 213 386 8
D 391 61 2 103 102 101 8
D 392 61 2 103 115 101 29
D 390 63 2 391 251 392 8
D 393 79 5 353 189 303 219 283 244 254 277 356 8
D 396 81 2 130 157 132 8
D 397 87 2 134 363 154 8
D 398 81 2 130 131 132 29
D 395 83 2 396 397 398 8
D 394 79 2 117 395 158 8
D 401 67 2 107 229 112 29
D 400 65 2 105 401 113 29
D 399 63 3 100 259 391 400 115 29
D 389 71 6 390 116 250 393 214 307 184 359 99 394 399 8
D 388 59 2 84 389 166 8
D 382 49 7 312 383 69 388 201 350 230 300 262 274 287 241 320 8
D 403 21 2 38 345 43 39
D 404 21 2 43 66 38 67
D 402 25 3 37 324 403 373 404 29
D 378 39 9 379 68 343 181 36 211 174 240 207 273 236 299 268 349 293 382 402 8
D 407 3 2 7 6 5 8
D 406 1 2 3 407 9 8
D 409 3 2 7 34 5 29
D 408 1 2 3 409 9 29
D 405 5 2 406 336 408 8
D 413 23 2 40 67 42 8
D 412 21 2 38 413 43 8
D 415 23 2 40 41 42 29
D 414 21 2 38 415 43 29
D 411 25 2 412 346 414 8
D 419 51 2 86 97 88 8
D 420 51 2 86 87 88 29
D 418 53 2 419 89 420 8
D 421 53 3 85 387 419 167 88 29
D 417 59 5 418 98 384 183 366 213 314 242 421 8
D 424 79 5 353 219 303 244 283 277 254 308 356 8
D 426 61 2 101 115 103 8
D 427 61 2 101 102 103 29
D 425 63 2 426 251 427 8
D 430 81 2 132 131 130 8
D 431 81 2 132 157 130 29
D 429 83 2 430 397 431 8
D 428 79 2 117 429 158 8
D 433 61 2 103 102 101 115
D 434 61 2 103 115 101 8
D 432 63 3 100 259 433 400 434 29
D 423 71 7 250 424 425 116 390 188 214 359 184 394 99 428 432 8
D 422 59 2 84 423 166 8
D 416 49 7 312 417 69 422 201 388 230 350 262 300 287 274 320 8
D 437 23 2 42 41 40 67
D 436 21 2 38 437 43 39
D 439 23 2 42 67 40 8
D 438 21 2 38 439 43 66
D 435 25 3 37 324 436 373 438 29
D 410 39 10 411 68 379 181 343 211 36 240 174 273 207 299 236 349 268 382 293 416 435 8
D 443 11 2 19 28 17 8
D 444 11 2 19 18 17 29
D 442 13 2 443 20 444 8
D 441 9 2 11 442 30 8
D 440 5 2 2 441 32 8
D 449 31 2 53 62 51 8
D 450 31 2 53 52 51 29
D 448 33 2 449 54 450 8
D 447 29 2 45 448 63 8
D 446 25 2 37 447 65 8
D 454 51 2 88 87 86 8
D 455 51 2 88 97 86 29
D 453 53 2 454 89 455 8
D 457 51 2 88 87 86 97
D 458 51 2 88 97 86 8
D 456 53 3 85 387 457 167 458 29
D 452 59 6 453 98 418 183 384 213 314 275 366 242 456 8
D 461 79 5 353 244 303 277 283 308 254 360 356 8
D 463 65 2 113 252 105 8
D 462 63 2 100 463 114 8
D 467 85 2 137 136 135 8
D 468 85 2 137 155 135 29
D 466 87 2 467 363 468 8
D 465 83 2 129 466 156 8
D 464 79 2 117 465 158 8
D 470 65 2 105 260 113 401
D 469 63 3 100 470 433 400 434 29
D 460 71 8 250 461 462 116 390 218 425 188 214 394 184 428 99 464 469 8
D 459 59 2 84 460 166 8
D 451 49 7 312 452 69 459 201 422 230 388 262 350 287 300 320 8
D 474 31 2 51 52 53 62
D 475 31 2 51 62 53 8
D 473 33 3 474 326 178 328 475 29
D 472 29 3 330 331 45 473 332 29
D 471 25 3 436 373 37 472 438 29
D 445 39 11 446 68 411 181 379 211 343 240 36 273 174 299 207 349 236 382 268 416 293 451 471 8
D 478 7 2 14 13 12 8
D 479 7 2 14 31 12 29
D 477 9 2 478 337 479 8
D 476 5 2 2 477 32 8
D 482 59 6 453 183 418 213 314 301 366 275 384 242 456 8
D 485 79 5 353 277 303 308 283 360 254 395 356 8
D 488 67 2 112 229 107 110
D 487 65 2 105 488 113 401
D 486 63 3 100 487 433 400 434 29
D 484 71 7 250 485 390 243 425 218 462 188 214 428 184 464 486 8
D 483 59 2 84 484 166 8
D 481 49 7 312 482 201 459 69 483 230 422 262 388 287 350 320 8
D 480 39 11 446 181 411 211 379 240 343 273 36 299 174 349 207 382 236 416 268 451 293 481 471 8
D 491 7 2 12 31 14 8
D 492 7 2 12 13 14 29
D 490 9 2 491 337 492 8
D 489 5 2 2 490 32 8
D 495 59 6 453 213 314 351 366 301 384 275 418 242 456 8
D 498 79 5 353 308 303 360 283 395 254 429 356 8
D 500 65 2 113 401 105 229
D 499 63 3 100 500 433 400 434 29
D 497 71 6 250 498 390 276 425 243 462 218 214 464 499 8
D 496 59 2 84 497 166 8
D 494 49 7 312 495 230 459 201 483 69 496 262 422 287 388 320 8
D 493 39 11 446 211 411 240 379 273 343 299 36 349 174 382 207 416 236 451 268 481 293 494 471 8
D 504 15 2 26 22 21 8
D 503 13 2 338 504 339 8
D 502 9 2 11 503 30 8
D 501 5 2 2 502 32 8
D 507 59 6 314 389 366 351 384 301 418 275 453 242 456 8
D 510 79 5 353 360 303 395 283 429 254 465 356 8
D 511 63 3 433 400 100 401 434 29
D 509 71 5 250 510 425 276 390 307 462 243 511 8
D 508 59 2 84 509 166 8
D 506 49 7 312 507 262 459 230 483 201 496 69 508 287 422 320 8
D 505 39 11 446 240 411 273 379 299 343 349 36 382 174 416 207 451 236 481 268 494 293 506 471 8
L 517 18 9
D 516 17 2 23 517 25 8
D 515 15 2 21 516 26 8
D 514 13 2 338 515 339 8
D 513 9 2 11 514 30 8
D 512 5 2 2 513 32 8
D 520 59 6 314 423 366 389 384 351 418 301 453 275 456 8
D 525 77 2 125 160 123 29
D 524 75 3 118 525 357 159 358 29
D 523 79 4 353 395 303 429 283 465 524 8
D 522 71 5 250 523 462 276 425 307 390 359 511 8
D 521 59 2 84 522 166 8
D 519 49 7 312 520 287 459 262 483 230 496 201 508 69 521 320 8
D 518 39 11 446 273 411 299 379 349 343 382 36 416 174 451 207 481 236 494 268 506 293 519 471 8
D 530 17 2 25 24 23 8
D 529 15 2 21 530 26 8
D 528 13 2 338 529 339 8
D 527 9 2 11 528 30 8
D 526 5 2 2 527 32 8
D 533 59 6 314 460 366 423 384 389 418 351 453 301 456 8
D 538 73 2 119 120 121 127
D 537 75 2 357 159 538 29
D 536 79 3 353 429 303 465 537 8
D 535 71 5 462 307 250 536 425 359 390 394 511 8
D 534 59 2 84 535 166 8
D 532 49 7 312 533 287 483 262 496 230 508 201 521 69 534 320 8
D 531 39 11 446 299 411 349 379 382 343 416 36 451 174 481 207 494 236 506 268 519 293 532 471 8
D 543 17 2 23 24 25 517
D 544 17 2 23 517 25 29
D 542 15 2 21 543 26 544
D 545 11 2 19 28 17 18
D 546 15 2 21 544 26 29
D 547 11 2 19 18 17 8
D 541 13 3 338 542 545 546 547 29
D 548 7 2 14 13 12 31
D 549 13 2 338 546 339 29
D 550 7 2 14 31 12 8
D 540 9 3 11 541 548 549 550 29
D 552 3 2 7 6 5 34
D 551 1 2 3 552 9 4
D 553 9 2 11 549 30 29
D 555 3 2 7 34 5 8
D 554 1 2 3 555 9 33
D 539 5 3 2 540 551 553 554 29
D 0 19 11 1 35 333 342 375 378 405 410 440 445 476 480 489 493 501 505 512 518 526 531 539 8
