c ids of sdd nodes start at 0
c sdd nodes appear bottom-up, children before parents
c
c file syntax:
c sdd count-of-sdd-nodes
c F id-of-false-sdd-node
c T id-of-true-sdd-node
c L id-of-literal-sdd-node id-of-vtree literal
c D id-of-decomposition-sdd-node id-of-vtree number-of-elements {id-of-prime id-of-sub}*
c
sdd 552
L 3 0 -3
L 5 2 -4
L 6 4 -2
L 7 2 4
F 8
D 4 3 2 5 6 7 8
L 9 0 3
D 2 1 2 3 4 9 8
L 12 6 -6
L 13 8 -7
L 14 6 6
D 11 7 2 12 13 14 8
L 17 10 -5
L 18 12 1
L 19 10 5
D 16 11 2 17 18 19 8
L 21 14 -8
L 23 16 -10
L 24 18 -9
L 25 16 10
D 22 17 2 23 24 25 8
L 26 14 8
D 20 15 2 21 22 26 8
L 28 12 -1
T 29
D 27 11 2 17 28 19 29
D 15 13 2 16 20 27 8
L 31 8 7
D 30 7 2 12 31 14 29
D 10 9 2 11 15 30 8
L 34 4 2
D 33 3 2 5 34 7 29
D 32 1 2 3 33 9 29
D 1 5 2 2 10 32 8
L 38 20 -13
L 40 22 -14
L 41 24 -12
L 42 22 14
D 39 23 2 40 41 42 8
L 43 20 13
D 37 21 2 38 39 43 8
L 46 26 16
L 47 28 -17
L 48 26 -16
D 45 27 2 46 47 48 8
L 51 30 -15
L 52 32 -11
L 53 30 15
D 50 31 2 51 52 53 8
L 55 34 -18
L 57 36 -19
L 58 38 -20
L 59 36 19
D 56 37 2 57 58 59 8
L 60 34 18
D 54 35 2 55 56 60 8
L 62 32 11
D 61 31 2 51 62 53 29
D 49 33 2 50 54 61 8
L 64 28 17
D 63 27 2 46 64 48 29
D 44 29 2 45 49 63 8
L 67 24 12
D 66 23 2 40 67 42 29
D 65 21 2 38 66 43 29
D 36 25 2 37 44 65 8
L 71 40 -26
L 72 42 -27
L 73 40 26
D 70 41 2 71 72 73 8
L 75 44 -28
L 77 46 30
L 78 48 -29
L 79 46 -30
D 76 47 2 77 78 79 8
L 80 44 28
D 74 45 2 75 76 80 8
L 82 42 27
D 81 41 2 71 82 73 29
D 69 43 2 70 74 81 8
L 86 50 -21
L 87 52 -22
L 88 50 21
D 85 51 2 86 87 88 8
L 90 54 -23
L 92 56 -25
L 93 58 -24
L 94 56 25
D 91 57 2 92 93 94 8
L 95 54 23
D 89 55 2 90 91 95 8
L 97 52 22
D 96 51 2 86 97 88 29
D 84 53 2 85 89 96 8
L 101 60 -33
L 102 62 -32
L 103 60 33
D 100 61 2 101 102 103 8
L 105 64 -31
L 107 66 -38
L 109 68 -39
L 110 70 40
L 111 68 39
D 108 69 2 109 110 111 8
L 112 66 38
D 106 67 2 107 108 112 8
L 113 64 31
D 104 65 2 105 106 113 8
L 115 62 32
D 114 61 2 101 115 103 29
D 99 63 2 100 104 114 8
L 119 72 -34
L 120 74 -35
L 121 72 34
D 118 73 2 119 120 121 8
L 123 76 -36
L 124 78 -37
L 125 76 36
D 122 77 2 123 124 125 8
L 127 74 35
D 126 73 2 119 127 121 29
D 117 75 2 118 122 126 8
L 130 80 -42
L 131 82 -43
L 132 80 42
D 129 81 2 130 131 132 8
L 135 84 -41
L 136 86 -44
L 137 84 41
D 134 85 2 135 136 137 8
L 139 88 -45
L 141 90 -46
L 143 92 -47
L 145 94 -48
L 147 96 50
L 148 98 -49
L 149 96 -50
D 146 97 2 147 148 149 8
L 150 94 48
D 144 95 2 145 146 150 8
L 151 92 47
D 142 93 2 143 144 151 8
L 152 90 46
D 140 91 2 141 142 152 8
L 153 88 45
D 138 89 2 139 140 153 8
L 155 86 44
D 154 85 2 135 155 137 29
D 133 87 2 134 138 154 8
L 157 82 43
D 156 81 2 130 157 132 29
D 128 83 2 129 133 156 8
L 160 78 37
D 159 77 2 123 160 125 29
D 158 75 2 118 159 126 29
D 116 79 2 117 128 158 8
L 165 70 -40
D 164 69 2 109 165 111 29
D 163 67 2 107 164 112 29
D 162 65 2 105 163 113 29
D 161 63 2 100 162 114 29
D 98 71 2 99 116 161 8
L 169 58 24
D 168 57 2 92 169 94 29
D 167 55 2 90 168 95 29
D 166 53 2 85 167 96 29
D 83 59 2 84 98 166 8
L 173 48 29
D 172 47 2 77 173 79 29
D 171 45 2 75 172 80 29
D 170 43 2 70 171 81 29
D 68 49 2 69 83 170 8
D 176 27 2 48 64 46 8
D 177 27 2 48 47 46 29
D 175 29 2 176 49 177 8
D 174 25 2 37 175 65 8
D 184 69 2 111 165 109 8
D 183 67 2 107 184 112 8
D 182 65 2 105 183 113 8
D 181 63 2 100 182 114 8
L 193 98 49
D 192 97 2 149 193 147 8
D 191 95 2 145 192 150 8
D 190 93 2 143 191 151 8
D 189 91 2 141 190 152 8
D 188 89 2 139 189 153 8
D 187 87 2 134 188 154 8
D 186 83 2 129 187 156 8
D 185 79 2 117 186 158 8
D 197 69 2 109 165 111 110
D 196 67 2 107 197 112 29
D 195 65 2 105 196 113 29
D 194 63 2 100 195 114 29
D 180 71 3 181 116 99 185 194 8
D 179 59 2 84 180 166 8
D 200 47 2 79 173 77 8
D 199 45 2 75 200 80 8
D 198 43 2 70 199 81 8
D 203 47 2 79 78 77 173
D 202 45 2 75 203 80 29
D 201 43 2 70 202 81 29
D 178 49 3 69 179 198 83 201 8
D 206 27 2 48 47 46 8
D 208 35 2 60 56 55 8
D 207 33 2 50 208 61 8
D 209 27 2 48 64 46 29
D 205 29 2 206 207 209 8
D 204 25 2 37 205 65 8
D 216 69 2 109 165 111 8
D 215 67 2 112 216 107 8
D 214 65 2 105 215 113 8
D 213 63 2 100 214 114 8
D 224 97 2 149 148 147 8
D 223 95 2 150 224 145 8
D 222 93 2 143 223 151 8
D 221 91 2 141 222 152 8
D 220 89 2 139 221 153 8
D 219 87 2 134 220 154 8
D 218 83 2 129 219 156 8
D 217 79 2 117 218 158 8
D 228 69 2 109 110 111 29
D 227 67 2 107 197 112 228
D 226 65 2 105 227 113 29
D 225 63 2 100 226 114 29
D 212 71 4 213 116 99 217 181 185 225 8
D 211 59 2 84 212 166 8
D 231 47 2 79 78 77 8
D 230 45 2 80 231 75 8
D 229 43 2 70 230 81 8
D 234 47 2 79 173 77 29
D 233 45 2 75 203 80 234
D 232 43 2 70 233 81 29
D 210 49 4 69 211 198 179 229 83 232 8
D 239 37 2 59 58 57 8
D 238 35 2 55 239 60 8
D 237 33 2 50 238 61 8
D 236 29 2 206 237 209 8
D 235 25 2 37 236 65 8
D 249 95 2 145 224 150 8
D 248 93 2 151 249 143 8
D 247 91 2 141 248 152 8
D 246 89 2 139 247 153 8
D 245 87 2 134 246 154 8
D 244 83 2 129 245 156 8
D 243 79 2 117 244 158 8
D 252 67 2 107 216 112 8
D 251 65 2 105 252 113 8
D 250 63 2 100 251 114 8
D 255 77 2 123 160 125 8
D 254 75 2 118 255 126 8
D 257 77 2 123 124 125 29
D 256 75 2 118 257 126 29
D 253 79 2 254 128 256 8
D 261 69 2 111 110 109 8
D 260 67 2 107 261 112 228
D 259 65 2 105 260 113 29
D 258 63 2 100 259 114 29
D 242 71 5 99 243 181 217 213 185 250 253 258 8
D 241 59 2 84 242 166 8
D 263 41 2 71 82 73 8
D 264 45 2 75 231 80 8
D 265 41 2 71 72 73 29
D 262 43 2 263 264 265 8
D 267 45 2 75 234 80 29
D 266 43 3 70 233 263 267 73 29
D 240 49 5 69 241 198 211 229 179 262 83 266 8
L 273 38 20
D 272 37 2 57 273 59 8
D 271 35 2 55 272 60 8
D 270 33 2 50 271 61 8
D 269 29 2 206 270 209 8
D 268 25 2 37 269 65 8
D 282 93 2 143 249 151 8
D 281 91 2 152 282 141 8
D 280 89 2 139 281 153 8
D 279 87 2 134 280 154 8
D 278 83 2 129 279 156 8
D 277 79 2 117 278 158 8
D 285 77 2 125 124 123 8
D 284 75 2 118 285 126 8
D 287 77 2 123 124 125 160
D 286 75 2 118 287 126 29
D 283 79 3 284 128 254 186 286 8
D 276 71 5 99 277 250 283 181 243 213 217 258 8
D 275 59 2 84 276 166 8
D 289 41 2 73 72 71 8
D 290 41 2 73 82 71 29
D 288 43 2 289 264 290 8
D 292 41 2 73 72 71 82
D 293 41 2 73 82 71 8
D 291 43 3 70 233 292 267 293 29
D 274 49 6 69 275 198 241 229 211 262 179 288 83 291 8
D 298 37 2 57 273 59 29
D 299 37 2 57 58 59 273
D 297 35 2 60 298 55 299
D 296 33 2 50 297 61 29
D 300 27 2 46 47 48 64
D 302 35 2 55 298 60 29
D 301 33 2 50 302 61 29
D 303 27 2 46 64 48 8
D 295 29 3 206 296 300 301 303 29
D 294 25 2 37 295 65 29
D 35 39 6 36 68 174 178 204 210 235 240 268 274 294 8
D 306 3 2 5 34 7 8
D 305 1 2 3 306 9 8
D 309 11 2 17 28 19 8
D 310 11 2 17 18 19 29
D 308 13 2 309 20 310 8
D 307 9 2 11 308 30 8
D 312 3 2 5 6 7 29
D 311 1 2 3 312 9 29
D 304 5 2 305 307 311 8
D 317 31 2 53 52 51 8
D 318 31 2 53 62 51 29
D 316 33 2 317 54 318 8
D 315 29 2 206 316 209 8
D 314 25 2 37 315 65 8
D 324 73 2 119 127 121 8
D 325 73 2 119 120 121 29
D 323 75 2 324 122 325 8
D 326 75 3 118 287 324 159 121 29
D 322 79 4 323 128 284 186 254 218 326 8
D 331 91 2 141 282 152 8
D 330 89 2 153 331 139 8
D 329 87 2 134 330 154 8
D 328 83 2 129 329 156 8
D 327 79 2 117 328 158 8
D 321 71 5 250 322 181 277 99 327 213 243 258 8
D 320 59 2 84 321 166 8
D 332 43 2 70 264 81 8
D 336 57 2 94 93 92 8
D 335 55 2 90 336 95 8
D 334 53 2 85 335 96 8
D 339 57 2 94 169 92 29
D 338 55 2 90 339 95 29
D 337 53 2 85 338 96 29
D 333 59 2 334 98 337 8
D 342 47 2 77 173 79 8
D 341 45 2 75 342 80 234
D 340 43 3 70 341 292 267 293 29
D 319 49 7 69 320 332 333 198 275 229 241 262 211 288 179 340 8
D 345 33 3 317 302 50 297 62 29
D 344 29 3 206 345 300 301 303 29
D 343 25 2 37 344 65 29
D 313 39 7 314 68 36 178 174 210 204 240 235 274 268 319 343 8
D 347 1 2 9 4 3 8
D 348 1 2 9 33 3 29
D 346 5 2 347 307 348 8
D 352 23 2 42 41 40 8
D 351 21 2 38 352 43 8
D 353 29 2 206 49 209 8
D 355 23 2 42 67 40 29
D 354 21 2 38 355 43 29
D 350 25 2 351 353 354 8
D 361 73 2 121 120 119 8
D 362 73 2 121 127 119 29
D 360 75 2 361 122 362 8
D 364 73 2 121 120 119 127
D 365 73 2 121 127 119 8
D 363 75 3 118 287 364 159 365 29
D 359 79 5 360 128 323 186 284 218 254 244 363 8
D 369 85 2 135 155 137 8
D 370 89 2 139 331 153 8
D 371 85 2 135 136 137 29
D 368 87 2 369 370 371 8
D 367 83 2 129 368 156 8
D 366 79 2 117 367 158 8
D 358 71 5 250 359 213 277 181 327 99 366 258 8
D 357 59 2 84 358 166 8
D 375 57 2 92 169 94 8
D 374 55 2 90 375 95 8
D 373 53 2 85 374 96 8
D 378 57 2 92 93 94 169
D 377 55 2 90 378 95 29
D 376 53 2 85 377 96 29
D 372 59 3 373 98 334 180 376 8
D 356 49 7 69 357 332 372 198 320 229 275 262 241 288 211 340 8
D 380 29 2 206 301 209 29
D 381 21 2 38 67 43 29
D 379 25 3 37 344 351 380 381 29
D 349 39 8 350 68 314 178 36 210 174 240 204 274 235 319 268 356 379 8
D 384 3 2 7 6 5 8
D 383 1 2 3 384 9 8
D 386 3 2 7 34 5 29
D 385 1 2 3 386 9 29
D 382 5 2 383 307 385 8
D 389 21 2 43 39 38 8
D 390 21 2 43 66 38 29
D 388 25 2 389 353 390 8
D 394 55 2 95 91 90 8
D 393 53 2 85 394 96 8
D 396 55 2 90 378 95 168
D 395 53 2 85 396 96 29
D 392 59 4 393 98 373 180 334 212 395 8
D 400 61 2 103 102 101 8
D 401 61 2 103 115 101 29
D 399 63 2 400 251 401 8
D 402 79 5 360 186 323 218 284 244 254 278 363 8
D 405 81 2 130 157 132 8
D 406 87 2 134 370 154 8
D 407 81 2 130 131 132 29
D 404 83 2 405 406 407 8
D 403 79 2 117 404 158 8
D 410 67 2 107 228 112 29
D 409 65 2 105 410 113 29
D 408 63 3 100 259 400 409 115 29
D 398 71 6 399 116 250 402 213 327 181 366 99 403 408 8
D 397 59 2 84 398 166 8
D 391 49 7 332 392 69 397 198 357 229 320 262 275 288 241 340 8
D 412 21 2 38 352 43 39
D 413 21 2 43 66 38 67
D 411 25 3 37 344 412 380 413 29
D 387 39 9 388 68 350 178 314 210 36 240 174 274 204 319 235 356 268 391 411 8
D 417 11 2 19 28 17 8
D 418 11 2 19 18 17 29
D 416 13 2 417 20 418 8
D 415 9 2 11 416 30 8
D 414 5 2 2 415 32 8
D 422 23 2 40 67 42 8
D 421 21 2 38 422 43 8
D 424 23 2 40 41 42 29
D 423 21 2 38 424 43 29
D 420 25 2 421 353 423 8
D 428 51 2 86 97 88 8
D 429 51 2 86 87 88 29
D 427 53 2 428 89 429 8
D 430 53 3 85 396 428 167 88 29
D 426 59 5 427 98 393 180 373 212 334 242 430 8
D 433 79 5 360 218 323 244 284 278 254 328 363 8
D 435 61 2 101 115 103 8
D 436 61 2 101 102 103 29
D 434 63 2 435 251 436 8
D 439 81 2 132 131 130 8
D 440 81 2 132 157 130 29
D 438 83 2 439 406 440 8
D 437 79 2 117 438 158 8
D 442 61 2 103 102 101 115
D 443 61 2 103 115 101 8
D 441 63 3 100 259 442 409 443 29
D 432 71 7 250 433 434 116 399 185 213 366 181 403 99 437 441 8
D 431 59 2 84 432 166 8
D 425 49 7 332 426 69 431 198 397 229 357 262 320 288 275 340 8
D 446 23 2 42 41 40 67
D 445 21 2 38 446 43 39
D 448 23 2 42 67 40 8
D 447 21 2 38 448 43 66
D 444 25 3 37 344 445 380 447 29
D 419 39 10 420 68 388 178 350 210 314 240 36 274 174 319 204 356 235 391 268 425 444 8
D 451 7 2 14 13 12 8
D 452 7 2 14 31 12 29
D 450 9 2 451 308 452 8
D 449 5 2 2 450 32 8
D 457 31 2 51 62 53 8
D 458 31 2 51 52 53 29
D 456 33 2 457 54 458 8
D 455 29 2 206 456 209 8
D 454 25 2 37 455 65 8
D 462 51 2 88 87 86 8
D 463 51 2 88 97 86 29
D 461 53 2 462 89 463 8
D 465 51 2 88 87 86 97
D 466 51 2 88 97 86 8
D 464 53 3 85 396 465 167 466 29
D 460 59 6 461 98 427 180 393 212 334 276 373 242 464 8
D 469 79 5 360 244 323 278 284 328 254 367 363 8
D 471 65 2 113 252 105 8
D 470 63 2 100 471 114 8
D 475 85 2 137 136 135 8
D 476 85 2 137 155 135 29
D 474 87 2 475 370 476 8
D 473 83 2 129 474 156 8
D 472 79 2 117 473 158 8
D 478 65 2 105 260 113 410
D 477 63 3 100 478 442 409 443 29
D 468 71 8 250 469 470 116 399 217 434 185 213 403 181 437 99 472 477 8
D 467 59 2 84 468 166 8
D 459 49 7 332 460 69 467 198 431 229 397 262 357 288 320 340 8
D 482 31 2 53 52 51 62
D 483 31 2 53 62 51 8
D 481 33 3 482 302 50 297 483 29
D 480 29 3 300 301 206 481 303 29
D 479 25 3 445 380 37 480 447 29
D 453 39 11 454 68 420 178 388 210 350 240 314 274 36 319 174 356 204 391 235 425 268 459 479 8
D 486 7 2 12 31 14 8
D 487 7 2 12 13 14 29
D 485 9 2 486 308 487 8
D 484 5 2 2 485 32 8
D 490 59 6 461 180 427 212 334 321 373 276 393 242 464 8
D 493 79 5 360 278 323 328 284 367 254 404 363 8
D 496 67 2 112 228 107 110
D 495 65 2 105 496 113 410
D 494 63 3 100 495 442 409 443 29
D 492 71 7 250 493 399 243 434 217 470 185 213 437 181 472 494 8
D 491 59 2 84 492 166 8
D 489 49 7 332 490 198 467 69 491 229 431 262 397 288 357 340 8
D 488 39 11 454 178 420 210 388 240 350 274 314 319 36 356 174 391 204 425 235 459 268 489 479 8
D 500 15 2 26 22 21 8
D 499 13 2 309 500 310 8
D 498 9 2 11 499 30 8
D 497 5 2 2 498 32 8
D 503 59 6 461 212 334 358 373 321 393 276 427 242 464 8
D 506 79 5 360 328 323 367 284 404 254 438 363 8
D 508 65 2 113 410 105 228
D 507 63 3 100 508 442 409 443 29
D 505 71 6 250 506 399 277 434 243 470 217 213 472 507 8
D 504 59 2 84 505 166 8
D 502 49 7 332 503 229 467 198 491 69 504 262 431 288 397 340 8
D 501 39 11 454 210 420 240 388 274 350 319 314 356 36 391 174 425 204 459 235 489 268 502 479 8
L 514 18 9
D 513 17 2 23 514 25 8
D 512 15 2 21 513 26 8
D 511 13 2 309 512 310 8
D 510 9 2 11 511 30 8
D 509 5 2 2 510 32 8
D 517 59 6 334 398 373 358 393 321 427 276 461 242 464 8
D 520 79 5 360 367 323 404 284 438 254 473 363 8
D 521 63 3 442 409 100 410 443 29
D 519 71 5 250 520 434 277 399 327 470 243 521 8
D 518 59 2 84 519 166 8
D 516 49 7 332 517 262 467 229 491 198 504 69 518 288 431 340 8
D 515 39 11 454 240 420 274 388 319 350 356 314 391 36 425 174 459 204 489 235 502 268 516 479 8
D 526 17 2 25 24 23 8
D 525 15 2 21 526 26 8
D 524 13 2 309 525 310 8
D 523 9 2 11 524 30 8
D 522 5 2 2 523 32 8
D 529 59 6 334 432 373 398 393 358 427 321 461 276 464 8
D 534 77 2 125 160 123 29
D 533 75 3 118 534 364 159 365 29
D 532 79 4 360 404 323 438 284 473 533 8
D 531 71 5 250 532 470 277 434 327 399 366 521 8
D 530 59 2 84 531 166 8
D 528 49 7 332 529 288 467 262 491 229 504 198 518 69 530 340 8
D 527 39 11 454 274 420 319 388 356 350 391 314 425 36 459 174 489 204 502 235 516 268 528 479 8
D 539 17 2 23 24 25 514
D 540 17 2 23 514 25 29
D 538 15 2 21 539 26 540
D 541 11 2 19 28 17 18
D 542 15 2 21 540 26 29
D 543 11 2 19 18 17 8
D 537 13 3 309 538 541 542 543 29
D 544 7 2 14 13 12 31
D 545 13 2 309 542 310 29
D 546 7 2 14 31 12 8
D 536 9 3 11 537 544 545 546 29
D 548 3 2 7 6 5 34
D 547 1 2 3 548 9 4
D 549 9 2 11 545 30 29
D 551 3 2 7 34 5 8
D 550 1 2 3 551 9 33
D 535 5 3 2 536 547 549 550 29
D 0 19 11 1 35 304 313 346 349 382 387 414 419 449 453 484 488 497 501 509 515 522 527 535 8
