c ids of sdd nodes start at 0
c sdd nodes appear bottom-up, children before parents
c
c file syntax:
c sdd count-of-sdd-nodes
c F id-of-false-sdd-node
c T id-of-true-sdd-node
c L id-of-literal-sdd-node id-of-vtree literal
c D id-of-decomposition-sdd-node id-of-vtree number-of-elements {id-of-prime id-of-sub}*
c
sdd 547
L 3 0 -3
L 5 2 -4
L 6 4 -2
L 7 2 4
F 8
D 4 3 2 5 6 7 8
L 9 0 3
D 2 1 2 3 4 9 8
L 12 6 -6
L 13 8 -7
L 14 6 6
D 11 7 2 12 13 14 8
L 17 10 -5
L 18 12 1
L 19 10 5
D 16 11 2 17 18 19 8
L 21 14 -8
L 23 16 -10
L 24 18 -9
L 25 16 10
D 22 17 2 23 24 25 8
L 26 14 8
D 20 15 2 21 22 26 8
L 28 12 -1
T 29
D 27 11 2 17 28 19 29
D 15 13 2 16 20 27 8
L 31 8 7
D 30 7 2 12 31 14 29
D 10 9 2 11 15 30 8
L 34 4 2
D 33 3 2 5 34 7 29
D 32 1 2 3 33 9 29
D 1 5 2 2 10 32 8
L 38 20 -13
L 40 22 -14
L 41 24 -12
L 42 22 14
D 39 23 2 40 41 42 8
L 43 20 13
D 37 21 2 38 39 43 8
L 46 26 -16
L 47 28 17
L 48 26 16
D 45 27 2 46 47 48 8
L 51 30 -15
L 52 32 -11
L 53 30 15
D 50 31 2 51 52 53 8
L 55 34 -18
L 57 36 -19
L 58 38 -20
L 59 36 19
D 56 37 2 57 58 59 8
L 60 34 18
D 54 35 2 55 56 60 8
L 62 32 11
D 61 31 2 51 62 53 29
D 49 33 2 50 54 61 8
L 64 28 -17
D 63 27 2 46 64 48 29
D 44 29 2 45 49 63 8
L 67 24 12
D 66 23 2 40 67 42 29
D 65 21 2 38 66 43 29
D 36 25 2 37 44 65 8
L 71 40 -26
L 72 42 -27
L 73 40 26
D 70 41 2 71 72 73 8
L 75 44 -28
L 77 46 30
L 78 48 -29
L 79 46 -30
D 76 47 2 77 78 79 8
L 80 44 28
D 74 45 2 75 76 80 8
L 82 42 27
D 81 41 2 71 82 73 29
D 69 43 2 70 74 81 8
L 86 50 -21
L 87 52 -22
L 88 50 21
D 85 51 2 86 87 88 8
L 90 54 -23
L 92 56 -25
L 93 58 -24
L 94 56 25
D 91 57 2 92 93 94 8
L 95 54 23
D 89 55 2 90 91 95 8
L 97 52 22
D 96 51 2 86 97 88 29
D 84 53 2 85 89 96 8
L 101 60 -33
L 102 62 -32
L 103 60 33
D 100 61 2 101 102 103 8
L 105 64 -31
L 107 66 -38
L 109 68 -39
L 110 70 40
L 111 68 39
D 108 69 2 109 110 111 8
L 112 66 38
D 106 67 2 107 108 112 8
L 113 64 31
D 104 65 2 105 106 113 8
L 115 62 32
D 114 61 2 101 115 103 29
D 99 63 2 100 104 114 8
L 119 72 -34
L 120 74 -35
L 121 72 34
D 118 73 2 119 120 121 8
L 123 76 -36
L 124 78 -37
L 125 76 36
D 122 77 2 123 124 125 8
L 127 74 35
D 126 73 2 119 127 121 29
D 117 75 2 118 122 126 8
L 130 80 -42
L 131 82 -43
L 132 80 42
D 129 81 2 130 131 132 8
L 135 84 -41
L 136 86 -44
L 137 84 41
D 134 85 2 135 136 137 8
L 139 88 -45
L 141 90 -46
L 143 92 -47
L 145 94 -48
L 147 96 50
L 148 98 -49
L 149 96 -50
D 146 97 2 147 148 149 8
L 150 94 48
D 144 95 2 145 146 150 8
L 151 92 47
D 142 93 2 143 144 151 8
L 152 90 46
D 140 91 2 141 142 152 8
L 153 88 45
D 138 89 2 139 140 153 8
L 155 86 44
D 154 85 2 135 155 137 29
D 133 87 2 134 138 154 8
L 157 82 43
D 156 81 2 130 157 132 29
D 128 83 2 129 133 156 8
L 160 78 37
D 159 77 2 123 160 125 29
D 158 75 2 118 159 126 29
D 116 79 2 117 128 158 8
L 165 70 -40
D 164 69 2 109 165 111 29
D 163 67 2 107 164 112 29
D 162 65 2 105 163 113 29
D 161 63 2 100 162 114 29
D 98 71 2 99 116 161 8
L 169 58 24
D 168 57 2 92 169 94 29
D 167 55 2 90 168 95 29
D 166 53 2 85 167 96 29
D 83 59 2 84 98 166 8
L 173 48 29
D 172 47 2 77 173 79 29
D 171 45 2 75 172 80 29
D 170 43 2 70 171 81 29
D 68 49 2 69 83 170 8
D 176 27 2 46 64 48 8
D 178 35 2 60 56 55 8
D 177 33 2 50 178 61 8
D 179 27 2 46 47 48 29
D 175 29 2 176 177 179 8
D 174 25 2 37 175 65 8
D 186 69 2 111 165 109 8
D 185 67 2 107 186 112 8
D 184 65 2 105 185 113 8
D 183 63 2 100 184 114 8
L 195 98 49
D 194 97 2 149 195 147 8
D 193 95 2 145 194 150 8
D 192 93 2 143 193 151 8
D 191 91 2 141 192 152 8
D 190 89 2 139 191 153 8
D 189 87 2 134 190 154 8
D 188 83 2 129 189 156 8
D 187 79 2 117 188 158 8
D 199 69 2 109 165 111 110
D 198 67 2 107 199 112 29
D 197 65 2 105 198 113 29
D 196 63 2 100 197 114 29
D 182 71 3 183 116 99 187 196 8
D 181 59 2 84 182 166 8
D 202 47 2 79 173 77 8
D 201 45 2 75 202 80 8
D 200 43 2 70 201 81 8
D 205 47 2 79 78 77 173
D 204 45 2 75 205 80 29
D 203 43 2 70 204 81 29
D 180 49 3 69 181 200 83 203 8
D 210 37 2 59 58 57 8
D 209 35 2 55 210 60 8
D 208 33 2 50 209 61 8
D 207 29 2 176 208 179 8
D 206 25 2 37 207 65 8
D 217 69 2 109 165 111 8
D 216 67 2 112 217 107 8
D 215 65 2 105 216 113 8
D 214 63 2 100 215 114 8
D 225 97 2 149 148 147 8
D 224 95 2 150 225 145 8
D 223 93 2 143 224 151 8
D 222 91 2 141 223 152 8
D 221 89 2 139 222 153 8
D 220 87 2 134 221 154 8
D 219 83 2 129 220 156 8
D 218 79 2 117 219 158 8
D 229 69 2 109 110 111 29
D 228 67 2 107 199 112 229
D 227 65 2 105 228 113 29
D 226 63 2 100 227 114 29
D 213 71 4 214 116 99 218 183 187 226 8
D 212 59 2 84 213 166 8
D 232 47 2 79 78 77 8
D 231 45 2 80 232 75 8
D 230 43 2 70 231 81 8
D 235 47 2 79 173 77 29
D 234 45 2 75 205 80 235
D 233 43 2 70 234 81 29
D 211 49 4 69 212 200 181 230 83 233 8
L 241 38 20
D 240 37 2 57 241 59 8
D 239 35 2 55 240 60 8
D 238 33 2 50 239 61 8
D 237 29 2 176 238 179 8
D 236 25 2 37 237 65 8
D 251 95 2 145 225 150 8
D 250 93 2 151 251 143 8
D 249 91 2 141 250 152 8
D 248 89 2 139 249 153 8
D 247 87 2 134 248 154 8
D 246 83 2 129 247 156 8
D 245 79 2 117 246 158 8
D 254 67 2 107 217 112 8
D 253 65 2 105 254 113 8
D 252 63 2 100 253 114 8
D 257 77 2 123 160 125 8
D 256 75 2 118 257 126 8
D 259 77 2 123 124 125 29
D 258 75 2 118 259 126 29
D 255 79 2 256 128 258 8
D 263 69 2 111 110 109 8
D 262 67 2 107 263 112 229
D 261 65 2 105 262 113 29
D 260 63 2 100 261 114 29
D 244 71 5 99 245 183 218 214 187 252 255 260 8
D 243 59 2 84 244 166 8
D 265 41 2 71 82 73 8
D 266 45 2 75 232 80 8
D 267 41 2 71 72 73 29
D 264 43 2 265 266 267 8
D 269 45 2 75 235 80 29
D 268 43 3 70 234 265 269 73 29
D 242 49 5 69 243 200 212 230 181 264 83 268 8
D 274 37 2 57 241 59 29
D 275 37 2 57 58 59 241
D 273 35 2 60 274 55 275
D 272 33 2 50 273 61 29
D 277 35 2 55 274 60 29
D 276 33 2 50 277 61 29
D 271 29 3 176 272 45 276 48 29
D 270 25 2 37 271 65 29
D 35 39 5 36 68 174 180 206 211 236 242 270 8
D 280 3 2 5 34 7 8
D 279 1 2 3 280 9 8
D 283 11 2 17 28 19 8
D 284 11 2 17 18 19 29
D 282 13 2 283 20 284 8
D 281 9 2 11 282 30 8
D 286 3 2 5 6 7 29
D 285 1 2 3 286 9 29
D 278 5 2 279 281 285 8
D 290 27 2 48 64 46 8
D 291 27 2 48 47 46 29
D 289 29 2 290 49 291 8
D 288 25 2 37 289 65 8
D 300 93 2 143 251 151 8
D 299 91 2 152 300 141 8
D 298 89 2 139 299 153 8
D 297 87 2 134 298 154 8
D 296 83 2 129 297 156 8
D 295 79 2 117 296 158 8
D 303 77 2 125 124 123 8
D 302 75 2 118 303 126 8
D 305 77 2 123 124 125 160
D 304 75 2 118 305 126 29
D 301 79 3 302 128 256 188 304 8
D 294 71 5 99 295 252 301 183 245 214 218 260 8
D 293 59 2 84 294 166 8
D 307 41 2 73 72 71 8
D 308 41 2 73 82 71 29
D 306 43 2 307 266 308 8
D 310 41 2 73 72 71 82
D 311 41 2 73 82 71 8
D 309 43 3 70 234 310 269 311 29
D 292 49 6 69 293 200 243 230 212 264 181 306 83 309 8
D 314 27 2 48 64 46 47
D 315 27 2 48 47 46 8
D 313 29 3 176 272 314 276 315 29
D 312 25 2 37 313 65 29
D 287 39 6 288 68 36 180 174 211 206 242 236 292 312 8
D 317 1 2 9 4 3 8
D 318 1 2 9 33 3 29
D 316 5 2 317 281 318 8
D 323 31 2 53 52 51 8
D 324 31 2 53 62 51 29
D 322 33 2 323 54 324 8
D 321 29 2 176 322 179 8
D 320 25 2 37 321 65 8
D 330 73 2 119 127 121 8
D 331 73 2 119 120 121 29
D 329 75 2 330 122 331 8
D 332 75 3 118 305 330 159 121 29
D 328 79 4 329 128 302 188 256 219 332 8
D 337 91 2 141 300 152 8
D 336 89 2 153 337 139 8
D 335 87 2 134 336 154 8
D 334 83 2 129 335 156 8
D 333 79 2 117 334 158 8
D 327 71 5 252 328 183 295 99 333 214 245 260 8
D 326 59 2 84 327 166 8
D 338 43 2 70 266 81 8
D 342 57 2 94 93 92 8
D 341 55 2 90 342 95 8
D 340 53 2 85 341 96 8
D 345 57 2 94 169 92 29
D 344 55 2 90 345 95 29
D 343 53 2 85 344 96 29
D 339 59 2 340 98 343 8
D 348 47 2 77 173 79 8
D 347 45 2 75 348 80 235
D 346 43 3 70 347 310 269 311 29
D 325 49 7 69 326 338 339 200 293 230 243 264 212 306 181 346 8
D 351 33 3 323 277 50 273 62 29
D 350 29 3 176 351 314 276 315 29
D 349 25 2 37 350 65 29
D 319 39 7 320 68 288 180 36 211 174 242 206 292 236 325 349 8
D 354 3 2 7 6 5 8
D 353 1 2 3 354 9 8
D 356 3 2 7 34 5 29
D 355 1 2 3 356 9 29
D 352 5 2 353 281 355 8
D 360 23 2 42 41 40 8
D 359 21 2 38 360 43 8
D 361 29 2 176 49 179 8
D 363 23 2 42 67 40 29
D 362 21 2 38 363 43 29
D 358 25 2 359 361 362 8
D 369 73 2 121 120 119 8
D 370 73 2 121 127 119 29
D 368 75 2 369 122 370 8
D 372 73 2 121 120 119 127
D 373 73 2 121 127 119 8
D 371 75 3 118 305 372 159 373 29
D 367 79 5 368 128 329 188 302 219 256 246 371 8
D 377 85 2 135 155 137 8
D 378 89 2 139 337 153 8
D 379 85 2 135 136 137 29
D 376 87 2 377 378 379 8
D 375 83 2 129 376 156 8
D 374 79 2 117 375 158 8
D 366 71 5 252 367 214 295 183 333 99 374 260 8
D 365 59 2 84 366 166 8
D 383 57 2 92 169 94 8
D 382 55 2 90 383 95 8
D 381 53 2 85 382 96 8
D 386 57 2 92 93 94 169
D 385 55 2 90 386 95 29
D 384 53 2 85 385 96 29
D 380 59 3 381 98 340 182 384 8
D 364 49 7 69 365 338 380 200 326 230 293 264 243 306 212 346 8
D 388 29 2 176 276 179 29
D 389 21 2 38 67 43 29
D 387 25 3 37 350 359 388 389 29
D 357 39 8 358 68 320 180 288 211 36 242 174 292 206 325 236 364 387 8
D 393 11 2 19 28 17 8
D 394 11 2 19 18 17 29
D 392 13 2 393 20 394 8
D 391 9 2 11 392 30 8
D 390 5 2 2 391 32 8
D 397 21 2 43 39 38 8
D 398 21 2 43 66 38 29
D 396 25 2 397 361 398 8
D 402 55 2 95 91 90 8
D 401 53 2 85 402 96 8
D 404 55 2 90 386 95 168
D 403 53 2 85 404 96 29
D 400 59 4 401 98 381 182 340 213 403 8
D 408 61 2 103 102 101 8
D 409 61 2 103 115 101 29
D 407 63 2 408 253 409 8
D 410 79 5 368 188 329 219 302 246 256 296 371 8
D 413 81 2 130 157 132 8
D 414 87 2 134 378 154 8
D 415 81 2 130 131 132 29
D 412 83 2 413 414 415 8
D 411 79 2 117 412 158 8
D 418 67 2 107 229 112 29
D 417 65 2 105 418 113 29
D 416 63 3 100 261 408 417 115 29
D 406 71 6 407 116 252 410 214 333 183 374 99 411 416 8
D 405 59 2 84 406 166 8
D 399 49 7 338 400 69 405 200 365 230 326 264 293 306 243 346 8
D 420 21 2 38 360 43 39
D 421 21 2 43 66 38 67
D 419 25 3 37 350 420 388 421 29
D 395 39 9 396 68 358 180 320 211 288 242 36 292 174 325 206 364 236 399 419 8
D 424 7 2 14 13 12 8
D 425 7 2 14 31 12 29
D 423 9 2 424 282 425 8
D 422 5 2 2 423 32 8
D 429 23 2 40 67 42 8
D 428 21 2 38 429 43 8
D 431 23 2 40 41 42 29
D 430 21 2 38 431 43 29
D 427 25 2 428 361 430 8
D 435 51 2 86 97 88 8
D 436 51 2 86 87 88 29
D 434 53 2 435 89 436 8
D 437 53 3 85 404 435 167 88 29
D 433 59 5 434 98 401 182 381 213 340 244 437 8
D 440 79 5 368 219 329 246 302 296 256 334 371 8
D 442 61 2 101 115 103 8
D 443 61 2 101 102 103 29
D 441 63 2 442 253 443 8
D 446 81 2 132 131 130 8
D 447 81 2 132 157 130 29
D 445 83 2 446 414 447 8
D 444 79 2 117 445 158 8
D 449 61 2 103 102 101 115
D 450 61 2 103 115 101 8
D 448 63 3 100 261 449 417 450 29
D 439 71 7 252 440 441 116 407 187 214 374 183 411 99 444 448 8
D 438 59 2 84 439 166 8
D 432 49 7 338 433 69 438 200 405 230 365 264 326 306 293 346 8
D 453 23 2 42 41 40 67
D 452 21 2 38 453 43 39
D 455 23 2 42 67 40 8
D 454 21 2 38 455 43 66
D 451 25 3 37 350 452 388 454 29
D 426 39 10 427 68 396 180 358 211 320 242 288 292 36 325 174 364 206 399 236 432 451 8
D 458 7 2 12 31 14 8
D 459 7 2 12 13 14 29
D 457 9 2 458 282 459 8
D 456 5 2 2 457 32 8
D 464 31 2 51 62 53 8
D 465 31 2 51 52 53 29
D 463 33 2 464 54 465 8
D 462 29 2 176 463 179 8
D 461 25 2 37 462 65 8
D 469 51 2 88 87 86 8
D 470 51 2 88 97 86 29
D 468 53 2 469 89 470 8
D 472 51 2 88 87 86 97
D 473 51 2 88 97 86 8
D 471 53 3 85 404 472 167 473 29
D 467 59 6 468 98 434 182 401 213 340 294 381 244 471 8
D 476 79 5 368 246 329 296 302 334 256 375 371 8
D 478 65 2 113 254 105 8
D 477 63 2 100 478 114 8
D 482 85 2 137 136 135 8
D 483 85 2 137 155 135 29
D 481 87 2 482 378 483 8
D 480 83 2 129 481 156 8
D 479 79 2 117 480 158 8
D 485 65 2 105 262 113 418
D 484 63 3 100 485 449 417 450 29
D 475 71 8 252 476 477 116 407 218 441 187 214 411 183 444 99 479 484 8
D 474 59 2 84 475 166 8
D 466 49 7 338 467 69 474 200 438 230 405 264 365 306 326 346 8
D 489 31 2 53 52 51 62
D 490 31 2 53 62 51 8
D 488 33 3 489 277 50 273 490 29
D 487 29 3 314 276 176 488 315 29
D 486 25 3 452 388 37 487 454 29
D 460 39 11 461 68 427 180 396 211 358 242 320 292 288 325 36 364 174 399 206 432 236 466 486 8
D 494 15 2 26 22 21 8
D 493 13 2 283 494 284 8
D 492 9 2 11 493 30 8
D 491 5 2 2 492 32 8
D 497 59 6 468 182 434 213 340 327 381 294 401 244 471 8
D 500 79 5 368 296 329 334 302 375 256 412 371 8
D 503 67 2 112 229 107 110
D 502 65 2 105 503 113 418
D 501 63 3 100 502 449 417 450 29
D 499 71 7 252 500 407 245 441 218 477 187 214 444 183 479 501 8
D 498 59 2 84 499 166 8
D 496 49 7 338 497 200 474 69 498 230 438 264 405 306 365 346 8
D 495 39 11 461 180 427 211 396 242 358 292 320 325 288 364 36 399 174 432 206 466 236 496 486 8
L 509 18 9
D 508 17 2 23 509 25 8
D 507 15 2 21 508 26 8
D 506 13 2 283 507 284 8
D 505 9 2 11 506 30 8
D 504 5 2 2 505 32 8
D 512 59 6 468 213 340 366 381 327 401 294 434 244 471 8
D 515 79 5 368 334 329 375 302 412 256 445 371 8
D 517 65 2 113 418 105 229
D 516 63 3 100 517 449 417 450 29
D 514 71 6 252 515 407 295 441 245 477 218 214 479 516 8
D 513 59 2 84 514 166 8
D 511 49 7 338 512 230 474 200 498 69 513 264 438 306 405 346 8
D 510 39 11 461 211 427 242 396 292 358 325 320 364 288 399 36 432 174 466 206 496 236 511 486 8
D 522 17 2 25 24 23 8
D 521 15 2 21 522 26 8
D 520 13 2 283 521 284 8
D 519 9 2 11 520 30 8
D 518 5 2 2 519 32 8
D 525 59 6 340 406 381 366 401 327 434 294 468 244 471 8
D 528 79 5 368 375 329 412 302 445 256 480 371 8
D 529 63 3 449 417 100 418 450 29
D 527 71 5 252 528 441 295 407 333 477 245 529 8
D 526 59 2 84 527 166 8
D 524 49 7 338 525 264 474 230 498 200 513 69 526 306 438 346 8
D 523 39 11 461 242 427 292 396 325 358 364 320 399 288 432 36 466 174 496 206 511 236 524 486 8
D 534 17 2 23 24 25 509
D 535 17 2 23 509 25 29
D 533 15 2 21 534 26 535
D 536 11 2 19 28 17 18
D 537 15 2 21 535 26 29
D 538 11 2 19 18 17 8
D 532 13 3 283 533 536 537 538 29
D 539 7 2 14 13 12 31
D 540 13 2 283 537 284 29
D 541 7 2 14 31 12 8
D 531 9 3 11 532 539 540 541 29
D 543 3 2 7 6 5 34
D 542 1 2 3 543 9 4
D 544 9 2 11 540 30 29
D 546 3 2 7 34 5 8
D 545 1 2 3 546 9 33
D 530 5 3 2 531 542 544 545 29
D 0 19 11 1 35 278 287 316 319 352 357 390 395 422 426 456 460 491 495 504 510 518 523 530 8
