c ids of sdd nodes start at 0
c sdd nodes appear bottom-up, children before parents
c
c file syntax:
c sdd count-of-sdd-nodes
c F id-of-false-sdd-node
c T id-of-true-sdd-node
c L id-of-literal-sdd-node id-of-vtree literal
c D id-of-decomposition-sdd-node id-of-vtree number-of-elements {id-of-prime id-of-sub}*
c
sdd 543
L 3 0 -3
L 5 2 -4
L 6 4 -2
L 7 2 4
F 8
D 4 3 2 5 6 7 8
L 9 0 3
D 2 1 2 3 4 9 8
L 12 6 -6
L 13 8 -7
L 14 6 6
D 11 7 2 12 13 14 8
L 17 10 -5
L 18 12 1
L 19 10 5
D 16 11 2 17 18 19 8
L 21 14 -8
L 23 16 -10
L 24 18 -9
L 25 16 10
D 22 17 2 23 24 25 8
L 26 14 8
D 20 15 2 21 22 26 8
L 28 12 -1
T 29
D 27 11 2 17 28 19 29
D 15 13 2 16 20 27 8
L 31 8 7
D 30 7 2 12 31 14 29
D 10 9 2 11 15 30 8
L 34 4 2
D 33 3 2 5 34 7 29
D 32 1 2 3 33 9 29
D 1 5 2 2 10 32 8
L 38 20 -13
L 40 22 -14
L 41 24 -12
L 42 22 14
D 39 23 2 40 41 42 8
L 43 20 13
D 37 21 2 38 39 43 8
L 46 26 -16
L 47 28 -17
L 48 26 16
D 45 27 2 46 47 48 8
L 51 30 -15
L 52 32 -11
L 53 30 15
D 50 31 2 51 52 53 8
L 55 34 18
L 57 36 -19
L 58 38 -20
L 59 36 19
D 56 37 2 57 58 59 8
L 60 34 -18
D 54 35 2 55 56 60 8
L 62 32 11
D 61 31 2 51 62 53 29
D 49 33 2 50 54 61 8
L 64 28 17
D 63 27 2 46 64 48 29
D 44 29 2 45 49 63 8
L 67 24 12
D 66 23 2 40 67 42 29
D 65 21 2 38 66 43 29
D 36 25 2 37 44 65 8
L 71 40 -26
L 72 42 -27
L 73 40 26
D 70 41 2 71 72 73 8
L 75 44 -28
L 77 46 30
L 78 48 -29
L 79 46 -30
D 76 47 2 77 78 79 8
L 80 44 28
D 74 45 2 75 76 80 8
L 82 42 27
D 81 41 2 71 82 73 29
D 69 43 2 70 74 81 8
L 86 50 -21
L 87 52 -22
L 88 50 21
D 85 51 2 86 87 88 8
L 90 54 -23
L 92 56 -25
L 93 58 -24
L 94 56 25
D 91 57 2 92 93 94 8
L 95 54 23
D 89 55 2 90 91 95 8
L 97 52 22
D 96 51 2 86 97 88 29
D 84 53 2 85 89 96 8
L 101 60 -33
L 102 62 -32
L 103 60 33
D 100 61 2 101 102 103 8
L 105 64 -31
L 107 66 -38
L 109 68 -39
L 110 70 40
L 111 68 39
D 108 69 2 109 110 111 8
L 112 66 38
D 106 67 2 107 108 112 8
L 113 64 31
D 104 65 2 105 106 113 8
L 115 62 32
D 114 61 2 101 115 103 29
D 99 63 2 100 104 114 8
L 119 72 -34
L 120 74 -35
L 121 72 34
D 118 73 2 119 120 121 8
L 123 76 -36
L 124 78 -37
L 125 76 36
D 122 77 2 123 124 125 8
L 127 74 35
D 126 73 2 119 127 121 29
D 117 75 2 118 122 126 8
L 130 80 -42
L 131 82 -43
L 132 80 42
D 129 81 2 130 131 132 8
L 135 84 -41
L 136 86 -44
L 137 84 41
D 134 85 2 135 136 137 8
L 139 88 -45
L 141 90 -46
L 143 92 -47
L 145 94 -48
L 147 96 50
L 148 98 -49
L 149 96 -50
D 146 97 2 147 148 149 8
L 150 94 48
D 144 95 2 145 146 150 8
L 151 92 47
D 142 93 2 143 144 151 8
L 152 90 46
D 140 91 2 141 142 152 8
L 153 88 45
D 138 89 2 139 140 153 8
L 155 86 44
D 154 85 2 135 155 137 29
D 133 87 2 134 138 154 8
L 157 82 43
D 156 81 2 130 157 132 29
D 128 83 2 129 133 156 8
L 160 78 37
D 159 77 2 123 160 125 29
D 158 75 2 118 159 126 29
D 116 79 2 117 128 158 8
L 165 70 -40
D 164 69 2 109 165 111 29
D 163 67 2 107 164 112 29
D 162 65 2 105 163 113 29
D 161 63 2 100 162 114 29
D 98 71 2 99 116 161 8
L 169 58 24
D 168 57 2 92 169 94 29
D 167 55 2 90 168 95 29
D 166 53 2 85 167 96 29
D 83 59 2 84 98 166 8
L 173 48 29
D 172 47 2 77 173 79 29
D 171 45 2 75 172 80 29
D 170 43 2 70 171 81 29
D 68 49 2 69 83 170 8
D 178 37 2 59 58 57 8
D 177 35 2 60 178 55 8
D 176 33 2 50 177 61 8
D 175 29 2 45 176 63 8
D 174 25 2 37 175 65 8
D 185 69 2 111 165 109 8
D 184 67 2 107 185 112 8
D 183 65 2 105 184 113 8
D 182 63 2 100 183 114 8
L 194 98 49
D 193 97 2 149 194 147 8
D 192 95 2 145 193 150 8
D 191 93 2 143 192 151 8
D 190 91 2 141 191 152 8
D 189 89 2 139 190 153 8
D 188 87 2 134 189 154 8
D 187 83 2 129 188 156 8
D 186 79 2 117 187 158 8
D 198 69 2 109 165 111 110
D 197 67 2 107 198 112 29
D 196 65 2 105 197 113 29
D 195 63 2 100 196 114 29
D 181 71 3 182 116 99 186 195 8
D 180 59 2 84 181 166 8
D 201 47 2 79 173 77 8
D 200 45 2 75 201 80 8
D 199 43 2 70 200 81 8
D 204 47 2 79 78 77 173
D 203 45 2 75 204 80 29
D 202 43 2 70 203 81 29
D 179 49 3 69 180 199 83 202 8
L 210 38 20
D 209 37 2 57 210 59 8
D 208 35 2 60 209 55 8
D 207 33 2 50 208 61 8
D 206 29 2 45 207 63 8
D 205 25 2 37 206 65 8
D 217 69 2 109 165 111 8
D 216 67 2 112 217 107 8
D 215 65 2 105 216 113 8
D 214 63 2 100 215 114 8
D 225 97 2 149 148 147 8
D 224 95 2 150 225 145 8
D 223 93 2 143 224 151 8
D 222 91 2 141 223 152 8
D 221 89 2 139 222 153 8
D 220 87 2 134 221 154 8
D 219 83 2 129 220 156 8
D 218 79 2 117 219 158 8
D 229 69 2 109 110 111 29
D 228 67 2 107 198 112 229
D 227 65 2 105 228 113 29
D 226 63 2 100 227 114 29
D 213 71 4 214 116 99 218 182 186 226 8
D 212 59 2 84 213 166 8
D 232 47 2 79 78 77 8
D 231 45 2 80 232 75 8
D 230 43 2 70 231 81 8
D 235 47 2 79 173 77 29
D 234 45 2 75 204 80 235
D 233 43 2 70 234 81 29
D 211 49 4 69 212 199 180 230 83 233 8
D 240 37 2 57 210 59 29
D 241 37 2 57 58 59 210
D 239 35 2 55 240 60 241
D 238 33 2 50 239 61 29
D 237 29 2 45 238 63 29
D 236 25 2 37 237 65 29
D 35 39 4 36 68 174 179 205 211 236 8
D 244 3 2 5 34 7 8
D 243 1 2 3 244 9 8
D 247 11 2 17 28 19 8
D 248 11 2 17 18 19 29
D 246 13 2 247 20 248 8
D 245 9 2 11 246 30 8
D 250 3 2 5 6 7 29
D 249 1 2 3 250 9 29
D 242 5 2 243 245 249 8
D 254 27 2 46 64 48 8
D 256 35 2 60 56 55 8
D 255 33 2 50 256 61 8
D 257 27 2 46 47 48 29
D 253 29 2 254 255 257 8
D 252 25 2 37 253 65 8
D 267 95 2 145 225 150 8
D 266 93 2 151 267 143 8
D 265 91 2 141 266 152 8
D 264 89 2 139 265 153 8
D 263 87 2 134 264 154 8
D 262 83 2 129 263 156 8
D 261 79 2 117 262 158 8
D 270 67 2 107 217 112 8
D 269 65 2 105 270 113 8
D 268 63 2 100 269 114 8
D 273 77 2 123 160 125 8
D 272 75 2 118 273 126 8
D 275 77 2 123 124 125 29
D 274 75 2 118 275 126 29
D 271 79 2 272 128 274 8
D 279 69 2 111 110 109 8
D 278 67 2 107 279 112 229
D 277 65 2 105 278 113 29
D 276 63 2 100 277 114 29
D 260 71 5 99 261 182 218 214 186 268 271 276 8
D 259 59 2 84 260 166 8
D 281 41 2 71 82 73 8
D 282 45 2 75 232 80 8
D 283 41 2 71 72 73 29
D 280 43 2 281 282 283 8
D 285 45 2 75 235 80 29
D 284 43 3 70 234 281 285 73 29
D 258 49 5 69 259 199 212 230 180 280 83 284 8
D 289 35 2 60 240 55 29
D 288 33 2 50 289 61 29
D 287 29 3 45 238 254 288 48 29
D 286 25 2 37 287 65 29
D 251 39 5 252 68 36 179 174 211 205 258 286 8
D 291 1 2 9 4 3 8
D 292 1 2 9 33 3 29
D 290 5 2 291 245 292 8
D 296 27 2 48 47 46 8
D 297 27 2 48 64 46 29
D 295 29 2 296 255 297 8
D 294 25 2 37 295 65 8
D 306 93 2 143 267 151 8
D 305 91 2 152 306 141 8
D 304 89 2 139 305 153 8
D 303 87 2 134 304 154 8
D 302 83 2 129 303 156 8
D 301 79 2 117 302 158 8
D 309 77 2 125 124 123 8
D 308 75 2 118 309 126 8
D 311 77 2 123 124 125 160
D 310 75 2 118 311 126 29
D 307 79 3 308 128 272 187 310 8
D 300 71 5 99 301 268 307 182 261 214 218 276 8
D 299 59 2 84 300 166 8
D 313 41 2 73 72 71 8
D 314 41 2 73 82 71 29
D 312 43 2 313 282 314 8
D 316 41 2 73 72 71 82
D 317 41 2 73 82 71 8
D 315 43 3 70 234 316 285 317 29
D 298 49 6 69 299 199 259 230 212 280 180 312 83 315 8
D 320 27 2 48 47 46 64
D 321 27 2 48 64 46 8
D 319 29 3 45 238 320 288 321 29
D 318 25 2 37 319 65 29
D 293 39 6 294 68 252 179 36 211 174 258 205 298 318 8
D 324 3 2 7 6 5 8
D 323 1 2 3 324 9 8
D 326 3 2 7 34 5 29
D 325 1 2 3 326 9 29
D 322 5 2 323 245 325 8
D 331 31 2 53 52 51 8
D 332 31 2 53 62 51 29
D 330 33 2 331 256 332 8
D 329 29 2 45 330 63 8
D 328 25 2 37 329 65 8
D 338 73 2 119 127 121 8
D 339 73 2 119 120 121 29
D 337 75 2 338 122 339 8
D 340 75 3 118 311 338 159 121 29
D 336 79 4 337 128 308 187 272 219 340 8
D 345 91 2 141 306 152 8
D 344 89 2 153 345 139 8
D 343 87 2 134 344 154 8
D 342 83 2 129 343 156 8
D 341 79 2 117 342 158 8
D 335 71 5 268 336 182 301 99 341 214 261 276 8
D 334 59 2 84 335 166 8
D 346 43 2 70 282 81 8
D 350 57 2 94 93 92 8
D 349 55 2 90 350 95 8
D 348 53 2 85 349 96 8
D 353 57 2 94 169 92 29
D 352 55 2 90 353 95 29
D 351 53 2 85 352 96 29
D 347 59 2 348 98 351 8
D 356 47 2 77 173 79 8
D 355 45 2 75 356 80 235
D 354 43 3 70 355 316 285 317 29
D 333 49 7 69 334 346 347 199 299 230 259 280 212 312 180 354 8
D 359 33 3 331 289 50 239 62 29
D 358 29 3 45 359 320 288 321 29
D 357 25 2 37 358 65 29
D 327 39 7 328 68 294 179 252 211 36 258 174 298 205 333 357 8
D 363 11 2 19 28 17 8
D 364 11 2 19 18 17 29
D 362 13 2 363 20 364 8
D 361 9 2 11 362 30 8
D 360 5 2 2 361 32 8
D 368 23 2 42 41 40 8
D 367 21 2 38 368 43 8
D 369 29 2 45 255 63 8
D 371 23 2 42 67 40 29
D 370 21 2 38 371 43 29
D 366 25 2 367 369 370 8
D 377 73 2 121 120 119 8
D 378 73 2 121 127 119 29
D 376 75 2 377 122 378 8
D 380 73 2 121 120 119 127
D 381 73 2 121 127 119 8
D 379 75 3 118 311 380 159 381 29
D 375 79 5 376 128 337 187 308 219 272 262 379 8
D 385 85 2 135 155 137 8
D 386 89 2 139 345 153 8
D 387 85 2 135 136 137 29
D 384 87 2 385 386 387 8
D 383 83 2 129 384 156 8
D 382 79 2 117 383 158 8
D 374 71 5 268 375 214 301 182 341 99 382 276 8
D 373 59 2 84 374 166 8
D 391 57 2 92 169 94 8
D 390 55 2 90 391 95 8
D 389 53 2 85 390 96 8
D 394 57 2 92 93 94 169
D 393 55 2 90 394 95 29
D 392 53 2 85 393 96 29
D 388 59 3 389 98 348 181 392 8
D 372 49 7 69 373 346 388 199 334 230 299 280 259 312 212 354 8
D 396 29 2 45 288 63 29
D 397 21 2 38 67 43 29
D 395 25 3 37 358 367 396 397 29
D 365 39 8 366 68 328 179 294 211 252 258 36 298 174 333 205 372 395 8
D 400 7 2 14 13 12 8
D 401 7 2 14 31 12 29
D 399 9 2 400 246 401 8
D 398 5 2 2 399 32 8
D 404 21 2 43 39 38 8
D 405 21 2 43 66 38 29
D 403 25 2 404 369 405 8
D 409 55 2 95 91 90 8
D 408 53 2 85 409 96 8
D 411 55 2 90 394 95 168
D 410 53 2 85 411 96 29
D 407 59 4 408 98 389 181 348 213 410 8
D 415 61 2 103 102 101 8
D 416 61 2 103 115 101 29
D 414 63 2 415 269 416 8
D 417 79 5 376 187 337 219 308 262 272 302 379 8
D 420 81 2 130 157 132 8
D 421 87 2 134 386 154 8
D 422 81 2 130 131 132 29
D 419 83 2 420 421 422 8
D 418 79 2 117 419 158 8
D 425 67 2 107 229 112 29
D 424 65 2 105 425 113 29
D 423 63 3 100 277 415 424 115 29
D 413 71 6 414 116 268 417 214 341 182 382 99 418 423 8
D 412 59 2 84 413 166 8
D 406 49 7 346 407 69 412 199 373 230 334 280 299 312 259 354 8
D 427 21 2 38 368 43 39
D 428 21 2 43 66 38 67
D 426 25 3 37 358 427 396 428 29
D 402 39 9 403 68 366 179 328 211 294 258 252 298 36 333 174 372 205 406 426 8
D 431 7 2 12 31 14 8
D 432 7 2 12 13 14 29
D 430 9 2 431 246 432 8
D 429 5 2 2 430 32 8
D 436 23 2 40 67 42 8
D 435 21 2 38 436 43 8
D 438 23 2 40 41 42 29
D 437 21 2 38 438 43 29
D 434 25 2 435 369 437 8
D 442 51 2 86 97 88 8
D 443 51 2 86 87 88 29
D 441 53 2 442 89 443 8
D 444 53 3 85 411 442 167 88 29
D 440 59 5 441 98 408 181 389 213 348 260 444 8
D 447 79 5 376 219 337 262 308 302 272 342 379 8
D 449 61 2 101 115 103 8
D 450 61 2 101 102 103 29
D 448 63 2 449 269 450 8
D 453 81 2 132 131 130 8
D 454 81 2 132 157 130 29
D 452 83 2 453 421 454 8
D 451 79 2 117 452 158 8
D 456 61 2 103 102 101 115
D 457 61 2 103 115 101 8
D 455 63 3 100 277 456 424 457 29
D 446 71 7 268 447 448 116 414 186 214 382 182 418 99 451 455 8
D 445 59 2 84 446 166 8
D 439 49 7 346 440 69 445 199 412 230 373 280 334 312 299 354 8
D 460 23 2 42 41 40 67
D 459 21 2 38 460 43 39
D 462 23 2 42 67 40 8
D 461 21 2 38 462 43 66
D 458 25 3 37 358 459 396 461 29
D 433 39 10 434 68 403 179 366 211 328 258 294 298 252 333 36 372 174 406 205 439 458 8
D 466 15 2 26 22 21 8
D 465 13 2 247 466 248 8
D 464 9 2 11 465 30 8
D 463 5 2 2 464 32 8
D 471 31 2 51 62 53 8
D 472 31 2 51 52 53 29
D 470 33 2 471 256 472 8
D 469 29 2 45 470 63 8
D 468 25 2 37 469 65 8
D 476 51 2 88 87 86 8
D 477 51 2 88 97 86 29
D 475 53 2 476 89 477 8
D 479 51 2 88 87 86 97
D 480 51 2 88 97 86 8
D 478 53 3 85 411 479 167 480 29
D 474 59 6 475 98 441 181 408 213 348 300 389 260 478 8
D 483 79 5 376 262 337 302 308 342 272 383 379 8
D 485 65 2 113 270 105 8
D 484 63 2 100 485 114 8
D 489 85 2 137 136 135 8
D 490 85 2 137 155 135 29
D 488 87 2 489 386 490 8
D 487 83 2 129 488 156 8
D 486 79 2 117 487 158 8
D 492 65 2 105 278 113 425
D 491 63 3 100 492 456 424 457 29
D 482 71 8 268 483 484 116 414 218 448 186 214 418 182 451 99 486 491 8
D 481 59 2 84 482 166 8
D 473 49 7 346 474 69 481 199 445 230 412 280 373 312 334 354 8
D 496 31 2 53 52 51 62
D 497 31 2 53 62 51 8
D 495 33 3 496 289 50 239 497 29
D 494 29 3 320 288 45 495 321 29
D 493 25 3 459 396 37 494 461 29
D 467 39 11 468 68 434 179 403 211 366 258 328 298 294 333 252 372 36 406 174 439 205 473 493 8
L 503 18 9
D 502 17 2 23 503 25 8
D 501 15 2 21 502 26 8
D 500 13 2 247 501 248 8
D 499 9 2 11 500 30 8
D 498 5 2 2 499 32 8
D 506 59 6 475 181 441 213 348 335 389 300 408 260 478 8
D 509 79 5 376 302 337 342 308 383 272 419 379 8
D 512 67 2 112 229 107 110
D 511 65 2 105 512 113 425
D 510 63 3 100 511 456 424 457 29
D 508 71 7 268 509 414 261 448 218 484 186 214 451 182 486 510 8
D 507 59 2 84 508 166 8
D 505 49 7 346 506 199 481 69 507 230 445 280 412 312 373 354 8
D 504 39 11 468 179 434 211 403 258 366 298 328 333 294 372 252 406 36 439 174 473 205 505 493 8
D 517 17 2 25 24 23 8
D 516 15 2 21 517 26 8
D 515 13 2 247 516 248 8
D 514 9 2 11 515 30 8
D 513 5 2 2 514 32 8
D 520 59 6 475 213 348 374 389 335 408 300 441 260 478 8
D 523 79 5 376 342 337 383 308 419 272 452 379 8
D 525 65 2 113 425 105 229
D 524 63 3 100 525 456 424 457 29
D 522 71 6 268 523 414 301 448 261 484 218 214 486 524 8
D 521 59 2 84 522 166 8
D 519 49 7 346 520 230 481 199 507 69 521 280 445 312 412 354 8
D 518 39 11 468 211 434 258 403 298 366 333 328 372 294 406 252 439 36 473 174 505 205 519 493 8
D 530 17 2 23 24 25 503
D 531 17 2 23 503 25 29
D 529 15 2 21 530 26 531
D 532 11 2 19 28 17 18
D 533 15 2 21 531 26 29
D 534 11 2 19 18 17 8
D 528 13 3 247 529 532 533 534 29
D 535 7 2 14 13 12 31
D 536 13 2 247 533 248 29
D 537 7 2 14 31 12 8
D 527 9 3 11 528 535 536 537 29
D 539 3 2 7 6 5 34
D 538 1 2 3 539 9 4
D 540 9 2 11 536 30 29
D 542 3 2 7 34 5 8
D 541 1 2 3 542 9 33
D 526 5 3 2 527 538 540 541 29
D 0 19 11 1 35 242 251 290 293 322 327 360 365 398 402 429 433 463 467 498 504 513 518 526 8
