c ids of sdd nodes start at 0
c sdd nodes appear bottom-up, children before parents
c
c file syntax:
c sdd count-of-sdd-nodes
c F id-of-false-sdd-node
c T id-of-true-sdd-node
c L id-of-literal-sdd-node id-of-vtree literal
c D id-of-decomposition-sdd-node id-of-vtree number-of-elements {id-of-prime id-of-sub}*
c
sdd 540
L 3 0 -3
L 5 2 -4
L 6 4 -2
L 7 2 4
F 8
D 4 3 2 5 6 7 8
L 9 0 3
D 2 1 2 3 4 9 8
L 12 6 -6
L 13 8 -7
L 14 6 6
D 11 7 2 12 13 14 8
L 17 10 -5
L 18 12 1
L 19 10 5
D 16 11 2 17 18 19 8
L 21 14 -8
L 23 16 -10
L 24 18 -9
L 25 16 10
D 22 17 2 23 24 25 8
L 26 14 8
D 20 15 2 21 22 26 8
L 28 12 -1
T 29
D 27 11 2 17 28 19 29
D 15 13 2 16 20 27 8
L 31 8 7
D 30 7 2 12 31 14 29
D 10 9 2 11 15 30 8
L 34 4 2
D 33 3 2 5 34 7 29
D 32 1 2 3 33 9 29
D 1 5 2 2 10 32 8
L 38 20 -13
L 40 22 -14
L 41 24 -12
L 42 22 14
D 39 23 2 40 41 42 8
L 43 20 13
D 37 21 2 38 39 43 8
L 46 26 -16
L 47 28 -17
L 48 26 16
D 45 27 2 46 47 48 8
L 51 30 -15
L 52 32 -11
L 53 30 15
D 50 31 2 51 52 53 8
L 55 34 -18
L 57 36 19
L 58 38 -20
L 59 36 -19
D 56 37 2 57 58 59 8
L 60 34 18
D 54 35 2 55 56 60 8
L 62 32 11
D 61 31 2 51 62 53 29
D 49 33 2 50 54 61 8
L 64 28 17
D 63 27 2 46 64 48 29
D 44 29 2 45 49 63 8
L 67 24 12
D 66 23 2 40 67 42 29
D 65 21 2 38 66 43 29
D 36 25 2 37 44 65 8
L 71 40 -26
L 72 42 -27
L 73 40 26
D 70 41 2 71 72 73 8
L 75 44 -28
L 77 46 30
L 78 48 -29
L 79 46 -30
D 76 47 2 77 78 79 8
L 80 44 28
D 74 45 2 75 76 80 8
L 82 42 27
D 81 41 2 71 82 73 29
D 69 43 2 70 74 81 8
L 86 50 -21
L 87 52 -22
L 88 50 21
D 85 51 2 86 87 88 8
L 90 54 -23
L 92 56 -25
L 93 58 -24
L 94 56 25
D 91 57 2 92 93 94 8
L 95 54 23
D 89 55 2 90 91 95 8
L 97 52 22
D 96 51 2 86 97 88 29
D 84 53 2 85 89 96 8
L 101 60 -33
L 102 62 -32
L 103 60 33
D 100 61 2 101 102 103 8
L 105 64 -31
L 107 66 -38
L 109 68 -39
L 110 70 40
L 111 68 39
D 108 69 2 109 110 111 8
L 112 66 38
D 106 67 2 107 108 112 8
L 113 64 31
D 104 65 2 105 106 113 8
L 115 62 32
D 114 61 2 101 115 103 29
D 99 63 2 100 104 114 8
L 119 72 -34
L 120 74 -35
L 121 72 34
D 118 73 2 119 120 121 8
L 123 76 -36
L 124 78 -37
L 125 76 36
D 122 77 2 123 124 125 8
L 127 74 35
D 126 73 2 119 127 121 29
D 117 75 2 118 122 126 8
L 130 80 -42
L 131 82 -43
L 132 80 42
D 129 81 2 130 131 132 8
L 135 84 -41
L 136 86 -44
L 137 84 41
D 134 85 2 135 136 137 8
L 139 88 -45
L 141 90 -46
L 143 92 -47
L 145 94 -48
L 147 96 50
L 148 98 -49
L 149 96 -50
D 146 97 2 147 148 149 8
L 150 94 48
D 144 95 2 145 146 150 8
L 151 92 47
D 142 93 2 143 144 151 8
L 152 90 46
D 140 91 2 141 142 152 8
L 153 88 45
D 138 89 2 139 140 153 8
L 155 86 44
D 154 85 2 135 155 137 29
D 133 87 2 134 138 154 8
L 157 82 43
D 156 81 2 130 157 132 29
D 128 83 2 129 133 156 8
L 160 78 37
D 159 77 2 123 160 125 29
D 158 75 2 118 159 126 29
D 116 79 2 117 128 158 8
L 165 70 -40
D 164 69 2 109 165 111 29
D 163 67 2 107 164 112 29
D 162 65 2 105 163 113 29
D 161 63 2 100 162 114 29
D 98 71 2 99 116 161 8
L 169 58 24
D 168 57 2 92 169 94 29
D 167 55 2 90 168 95 29
D 166 53 2 85 167 96 29
D 83 59 2 84 98 166 8
L 173 48 29
D 172 47 2 77 173 79 29
D 171 45 2 75 172 80 29
D 170 43 2 70 171 81 29
D 68 49 2 69 83 170 8
L 179 38 20
D 178 37 2 59 179 57 8
D 177 35 2 55 178 60 8
D 176 33 2 50 177 61 8
D 175 29 2 45 176 63 8
D 174 25 2 37 175 65 8
D 186 69 2 111 165 109 8
D 185 67 2 107 186 112 8
D 184 65 2 105 185 113 8
D 183 63 2 100 184 114 8
L 195 98 49
D 194 97 2 149 195 147 8
D 193 95 2 145 194 150 8
D 192 93 2 143 193 151 8
D 191 91 2 141 192 152 8
D 190 89 2 139 191 153 8
D 189 87 2 134 190 154 8
D 188 83 2 129 189 156 8
D 187 79 2 117 188 158 8
D 199 69 2 109 165 111 110
D 198 67 2 107 199 112 29
D 197 65 2 105 198 113 29
D 196 63 2 100 197 114 29
D 182 71 3 183 116 99 187 196 8
D 181 59 2 84 182 166 8
D 202 47 2 79 173 77 8
D 201 45 2 75 202 80 8
D 200 43 2 70 201 81 8
D 205 47 2 79 78 77 173
D 204 45 2 75 205 80 29
D 203 43 2 70 204 81 29
D 180 49 3 69 181 200 83 203 8
D 210 37 2 59 58 57 179
D 209 35 2 55 210 60 29
D 208 33 2 50 209 61 29
D 207 29 2 45 208 63 29
D 206 25 2 37 207 65 29
D 35 39 3 36 68 174 180 206 8
D 213 3 2 5 34 7 8
D 212 1 2 3 213 9 8
D 216 11 2 17 28 19 8
D 217 11 2 17 18 19 29
D 215 13 2 216 20 217 8
D 214 9 2 11 215 30 8
D 219 3 2 5 6 7 29
D 218 1 2 3 219 9 29
D 211 5 2 212 214 218 8
D 225 37 2 59 58 57 8
D 224 35 2 60 225 55 8
D 223 33 2 50 224 61 8
D 222 29 2 45 223 63 8
D 221 25 2 37 222 65 8
D 232 69 2 109 165 111 8
D 231 67 2 112 232 107 8
D 230 65 2 105 231 113 8
D 229 63 2 100 230 114 8
D 240 97 2 149 148 147 8
D 239 95 2 150 240 145 8
D 238 93 2 143 239 151 8
D 237 91 2 141 238 152 8
D 236 89 2 139 237 153 8
D 235 87 2 134 236 154 8
D 234 83 2 129 235 156 8
D 233 79 2 117 234 158 8
D 244 69 2 109 110 111 29
D 243 67 2 107 199 112 244
D 242 65 2 105 243 113 29
D 241 63 2 100 242 114 29
D 228 71 4 229 116 99 233 183 187 241 8
D 227 59 2 84 228 166 8
D 247 47 2 79 78 77 8
D 246 45 2 80 247 75 8
D 245 43 2 70 246 81 8
D 250 47 2 79 173 77 29
D 249 45 2 75 205 80 250
D 248 43 2 70 249 81 29
D 226 49 4 69 227 200 181 245 83 248 8
D 255 37 2 59 179 57 29
D 254 35 2 60 255 55 210
D 253 33 2 50 254 61 29
D 252 29 2 45 253 63 29
D 251 25 2 37 252 65 29
D 220 39 4 221 68 36 180 174 226 251 8
D 257 1 2 9 4 3 8
D 258 1 2 9 33 3 29
D 256 5 2 257 214 258 8
D 262 27 2 46 64 48 8
D 264 35 2 55 225 60 8
D 263 33 2 50 264 61 8
D 265 27 2 46 47 48 29
D 261 29 2 262 263 265 8
D 260 25 2 37 261 65 8
D 275 95 2 145 240 150 8
D 274 93 2 151 275 143 8
D 273 91 2 141 274 152 8
D 272 89 2 139 273 153 8
D 271 87 2 134 272 154 8
D 270 83 2 129 271 156 8
D 269 79 2 117 270 158 8
D 278 67 2 107 232 112 8
D 277 65 2 105 278 113 8
D 276 63 2 100 277 114 8
D 281 77 2 123 160 125 8
D 280 75 2 118 281 126 8
D 283 77 2 123 124 125 29
D 282 75 2 118 283 126 29
D 279 79 2 280 128 282 8
D 287 69 2 111 110 109 8
D 286 67 2 107 287 112 244
D 285 65 2 105 286 113 29
D 284 63 2 100 285 114 29
D 268 71 5 99 269 183 233 229 187 276 279 284 8
D 267 59 2 84 268 166 8
D 289 41 2 71 82 73 8
D 290 45 2 75 247 80 8
D 291 41 2 71 72 73 29
D 288 43 2 289 290 291 8
D 293 45 2 75 250 80 29
D 292 43 3 70 249 289 293 73 29
D 266 49 5 69 267 200 227 245 181 288 83 292 8
D 297 35 2 55 255 60 29
D 296 33 2 50 297 61 29
D 295 29 3 45 253 262 296 48 29
D 294 25 2 37 295 65 29
D 259 39 5 260 68 221 180 36 226 174 266 294 8
D 300 3 2 7 6 5 8
D 299 1 2 3 300 9 8
D 302 3 2 7 34 5 29
D 301 1 2 3 302 9 29
D 298 5 2 299 214 301 8
D 306 27 2 48 47 46 8
D 307 27 2 48 64 46 29
D 305 29 2 306 263 307 8
D 304 25 2 37 305 65 8
D 316 93 2 143 275 151 8
D 315 91 2 152 316 141 8
D 314 89 2 139 315 153 8
D 313 87 2 134 314 154 8
D 312 83 2 129 313 156 8
D 311 79 2 117 312 158 8
D 319 77 2 125 124 123 8
D 318 75 2 118 319 126 8
D 321 77 2 123 124 125 160
D 320 75 2 118 321 126 29
D 317 79 3 318 128 280 188 320 8
D 310 71 5 99 311 276 317 183 269 229 233 284 8
D 309 59 2 84 310 166 8
D 323 41 2 73 72 71 8
D 324 41 2 73 82 71 29
D 322 43 2 323 290 324 8
D 326 41 2 73 72 71 82
D 327 41 2 73 82 71 8
D 325 43 3 70 249 326 293 327 29
D 308 49 6 69 309 200 267 245 227 288 181 322 83 325 8
D 330 27 2 48 47 46 64
D 331 27 2 48 64 46 8
D 329 29 3 45 253 330 296 331 29
D 328 25 2 37 329 65 29
D 303 39 6 304 68 260 180 221 226 36 266 174 308 328 8
D 335 11 2 19 28 17 8
D 336 11 2 19 18 17 29
D 334 13 2 335 20 336 8
D 333 9 2 11 334 30 8
D 332 5 2 2 333 32 8
D 341 31 2 53 52 51 8
D 342 31 2 53 62 51 29
D 340 33 2 341 264 342 8
D 339 29 2 45 340 63 8
D 338 25 2 37 339 65 8
D 348 73 2 119 127 121 8
D 349 73 2 119 120 121 29
D 347 75 2 348 122 349 8
D 350 75 3 118 321 348 159 121 29
D 346 79 4 347 128 318 188 280 234 350 8
D 355 91 2 141 316 152 8
D 354 89 2 153 355 139 8
D 353 87 2 134 354 154 8
D 352 83 2 129 353 156 8
D 351 79 2 117 352 158 8
D 345 71 5 276 346 183 311 99 351 229 269 284 8
D 344 59 2 84 345 166 8
D 356 43 2 70 290 81 8
D 360 57 2 94 93 92 8
D 359 55 2 90 360 95 8
D 358 53 2 85 359 96 8
D 363 57 2 94 169 92 29
D 362 55 2 90 363 95 29
D 361 53 2 85 362 96 29
D 357 59 2 358 98 361 8
D 366 47 2 77 173 79 8
D 365 45 2 75 366 80 250
D 364 43 3 70 365 326 293 327 29
D 343 49 7 69 344 356 357 200 309 245 267 288 227 322 181 364 8
D 369 33 3 341 297 50 254 62 29
D 368 29 3 45 369 330 296 331 29
D 367 25 2 37 368 65 29
D 337 39 7 338 68 304 180 260 226 221 266 36 308 174 343 367 8
D 372 7 2 14 13 12 8
D 373 7 2 14 31 12 29
D 371 9 2 372 215 373 8
D 370 5 2 2 371 32 8
D 377 23 2 42 41 40 8
D 376 21 2 38 377 43 8
D 378 29 2 45 263 63 8
D 380 23 2 42 67 40 29
D 379 21 2 38 380 43 29
D 375 25 2 376 378 379 8
D 386 73 2 121 120 119 8
D 387 73 2 121 127 119 29
D 385 75 2 386 122 387 8
D 389 73 2 121 120 119 127
D 390 73 2 121 127 119 8
D 388 75 3 118 321 389 159 390 29
D 384 79 5 385 128 347 188 318 234 280 270 388 8
D 394 85 2 135 155 137 8
D 395 89 2 139 355 153 8
D 396 85 2 135 136 137 29
D 393 87 2 394 395 396 8
D 392 83 2 129 393 156 8
D 391 79 2 117 392 158 8
D 383 71 5 276 384 229 311 183 351 99 391 284 8
D 382 59 2 84 383 166 8
D 400 57 2 92 169 94 8
D 399 55 2 90 400 95 8
D 398 53 2 85 399 96 8
D 403 57 2 92 93 94 169
D 402 55 2 90 403 95 29
D 401 53 2 85 402 96 29
D 397 59 3 398 98 358 182 401 8
D 381 49 7 69 382 356 397 200 344 245 309 288 267 322 227 364 8
D 405 29 2 45 296 63 29
D 406 21 2 38 67 43 29
D 404 25 3 37 368 376 405 406 29
D 374 39 8 375 68 338 180 304 226 260 266 221 308 36 343 174 381 404 8
D 409 7 2 12 31 14 8
D 410 7 2 12 13 14 29
D 408 9 2 409 215 410 8
D 407 5 2 2 408 32 8
D 413 21 2 43 39 38 8
D 414 21 2 43 66 38 29
D 412 25 2 413 378 414 8
D 418 55 2 95 91 90 8
D 417 53 2 85 418 96 8
D 420 55 2 90 403 95 168
D 419 53 2 85 420 96 29
D 416 59 4 417 98 398 182 358 228 419 8
D 424 61 2 103 102 101 8
D 425 61 2 103 115 101 29
D 423 63 2 424 277 425 8
D 426 79 5 385 188 347 234 318 270 280 312 388 8
D 429 81 2 130 157 132 8
D 430 87 2 134 395 154 8
D 431 81 2 130 131 132 29
D 428 83 2 429 430 431 8
D 427 79 2 117 428 158 8
D 434 67 2 107 244 112 29
D 433 65 2 105 434 113 29
D 432 63 3 100 285 424 433 115 29
D 422 71 6 423 116 276 426 229 351 183 391 99 427 432 8
D 421 59 2 84 422 166 8
D 415 49 7 356 416 69 421 200 382 245 344 288 309 322 267 364 8
D 436 21 2 38 377 43 39
D 437 21 2 43 66 38 67
D 435 25 3 37 368 436 405 437 29
D 411 39 9 412 68 375 180 338 226 304 266 260 308 221 343 36 381 174 415 435 8
D 441 15 2 26 22 21 8
D 440 13 2 216 441 217 8
D 439 9 2 11 440 30 8
D 438 5 2 2 439 32 8
D 445 23 2 40 67 42 8
D 444 21 2 38 445 43 8
D 447 23 2 40 41 42 29
D 446 21 2 38 447 43 29
D 443 25 2 444 378 446 8
D 451 51 2 86 97 88 8
D 452 51 2 86 87 88 29
D 450 53 2 451 89 452 8
D 453 53 3 85 420 451 167 88 29
D 449 59 5 450 98 417 182 398 228 358 268 453 8
D 456 79 5 385 234 347 270 318 312 280 352 388 8
D 458 61 2 101 115 103 8
D 459 61 2 101 102 103 29
D 457 63 2 458 277 459 8
D 462 81 2 132 131 130 8
D 463 81 2 132 157 130 29
D 461 83 2 462 430 463 8
D 460 79 2 117 461 158 8
D 465 61 2 103 102 101 115
D 466 61 2 103 115 101 8
D 464 63 3 100 285 465 433 466 29
D 455 71 7 276 456 457 116 423 187 229 391 183 427 99 460 464 8
D 454 59 2 84 455 166 8
D 448 49 7 356 449 69 454 200 421 245 382 288 344 322 309 364 8
D 469 23 2 42 41 40 67
D 468 21 2 38 469 43 39
D 471 23 2 42 67 40 8
D 470 21 2 38 471 43 66
D 467 25 3 37 368 468 405 470 29
D 442 39 10 443 68 412 180 375 226 338 266 304 308 260 343 221 381 36 415 174 448 467 8
L 477 18 9
D 476 17 2 23 477 25 8
D 475 15 2 21 476 26 8
D 474 13 2 216 475 217 8
D 473 9 2 11 474 30 8
D 472 5 2 2 473 32 8
D 482 31 2 51 62 53 8
D 483 31 2 51 52 53 29
D 481 33 2 482 264 483 8
D 480 29 2 45 481 63 8
D 479 25 2 37 480 65 8
D 487 51 2 88 87 86 8
D 488 51 2 88 97 86 29
D 486 53 2 487 89 488 8
D 490 51 2 88 87 86 97
D 491 51 2 88 97 86 8
D 489 53 3 85 420 490 167 491 29
D 485 59 6 486 98 450 182 417 228 358 310 398 268 489 8
D 494 79 5 385 270 347 312 318 352 280 392 388 8
D 496 65 2 113 278 105 8
D 495 63 2 100 496 114 8
D 500 85 2 137 136 135 8
D 501 85 2 137 155 135 29
D 499 87 2 500 395 501 8
D 498 83 2 129 499 156 8
D 497 79 2 117 498 158 8
D 503 65 2 105 286 113 434
D 502 63 3 100 503 465 433 466 29
D 493 71 8 276 494 495 116 423 233 457 187 229 427 183 460 99 497 502 8
D 492 59 2 84 493 166 8
D 484 49 7 356 485 69 492 200 454 245 421 288 382 322 344 364 8
D 507 31 2 53 52 51 62
D 508 31 2 53 62 51 8
D 506 33 3 507 297 50 254 508 29
D 505 29 3 330 296 45 506 331 29
D 504 25 3 468 405 37 505 470 29
D 478 39 11 479 68 443 180 412 226 375 266 338 308 304 343 260 381 221 415 36 448 174 484 504 8
D 513 17 2 25 24 23 8
D 512 15 2 21 513 26 8
D 511 13 2 216 512 217 8
D 510 9 2 11 511 30 8
D 509 5 2 2 510 32 8
D 516 59 6 486 182 450 228 358 345 398 310 417 268 489 8
D 519 79 5 385 312 347 352 318 392 280 428 388 8
D 522 67 2 112 244 107 110
D 521 65 2 105 522 113 434
D 520 63 3 100 521 465 433 466 29
D 518 71 7 276 519 423 269 457 233 495 187 229 460 183 497 520 8
D 517 59 2 84 518 166 8
D 515 49 7 356 516 200 492 69 517 245 454 288 421 322 382 364 8
D 514 39 11 479 180 443 226 412 266 375 308 338 343 304 381 260 415 221 448 36 484 174 515 504 8
D 527 17 2 23 24 25 477
D 528 17 2 23 477 25 29
D 526 15 2 21 527 26 528
D 529 11 2 19 28 17 18
D 530 15 2 21 528 26 29
D 531 11 2 19 18 17 8
D 525 13 3 216 526 529 530 531 29
D 532 7 2 14 13 12 31
D 533 13 2 216 530 217 29
D 534 7 2 14 31 12 8
D 524 9 3 11 525 532 533 534 29
D 536 3 2 7 6 5 34
D 535 1 2 3 536 9 4
D 537 9 2 11 533 30 29
D 539 3 2 7 34 5 8
D 538 1 2 3 539 9 33
D 523 5 3 2 524 535 537 538 29
D 0 19 11 1 35 211 220 256 259 298 303 332 337 370 374 407 411 438 442 472 478 509 514 523 8
