c ids of sdd nodes start at 0
c sdd nodes appear bottom-up, children before parents
c
c file syntax:
c sdd count-of-sdd-nodes
c F id-of-false-sdd-node
c T id-of-true-sdd-node
c L id-of-literal-sdd-node id-of-vtree literal
c D id-of-decomposition-sdd-node id-of-vtree number-of-elements {id-of-prime id-of-sub}*
c
sdd 537
L 3 0 -3
L 5 2 -4
L 6 4 -2
L 7 2 4
F 8
D 4 3 2 5 6 7 8
L 9 0 3
D 2 1 2 3 4 9 8
L 12 6 -6
L 13 8 -7
L 14 6 6
D 11 7 2 12 13 14 8
L 17 10 -5
L 18 12 1
L 19 10 5
D 16 11 2 17 18 19 8
L 21 14 -8
L 23 16 -10
L 24 18 -9
L 25 16 10
D 22 17 2 23 24 25 8
L 26 14 8
D 20 15 2 21 22 26 8
L 28 12 -1
T 29
D 27 11 2 17 28 19 29
D 15 13 2 16 20 27 8
L 31 8 7
D 30 7 2 12 31 14 29
D 10 9 2 11 15 30 8
L 34 4 2
D 33 3 2 5 34 7 29
D 32 1 2 3 33 9 29
D 1 5 2 2 10 32 8
L 38 20 -13
L 40 22 -14
L 41 24 -12
L 42 22 14
D 39 23 2 40 41 42 8
L 43 20 13
D 37 21 2 38 39 43 8
L 46 26 -16
L 47 28 -17
L 48 26 16
D 45 27 2 46 47 48 8
L 51 30 -15
L 52 32 -11
L 53 30 15
D 50 31 2 51 52 53 8
L 55 34 -18
L 57 36 -19
L 58 38 20
L 59 36 19
D 56 37 2 57 58 59 8
L 60 34 18
D 54 35 2 55 56 60 8
L 62 32 11
D 61 31 2 51 62 53 29
D 49 33 2 50 54 61 8
L 64 28 17
D 63 27 2 46 64 48 29
D 44 29 2 45 49 63 8
L 67 24 12
D 66 23 2 40 67 42 29
D 65 21 2 38 66 43 29
D 36 25 2 37 44 65 8
L 71 40 -26
L 72 42 -27
L 73 40 26
D 70 41 2 71 72 73 8
L 75 44 -28
L 77 46 30
L 78 48 -29
L 79 46 -30
D 76 47 2 77 78 79 8
L 80 44 28
D 74 45 2 75 76 80 8
L 82 42 27
D 81 41 2 71 82 73 29
D 69 43 2 70 74 81 8
L 86 50 -21
L 87 52 -22
L 88 50 21
D 85 51 2 86 87 88 8
L 90 54 -23
L 92 56 -25
L 93 58 -24
L 94 56 25
D 91 57 2 92 93 94 8
L 95 54 23
D 89 55 2 90 91 95 8
L 97 52 22
D 96 51 2 86 97 88 29
D 84 53 2 85 89 96 8
L 101 60 -33
L 102 62 -32
L 103 60 33
D 100 61 2 101 102 103 8
L 105 64 -31
L 107 66 -38
L 109 68 -39
L 110 70 40
L 111 68 39
D 108 69 2 109 110 111 8
L 112 66 38
D 106 67 2 107 108 112 8
L 113 64 31
D 104 65 2 105 106 113 8
L 115 62 32
D 114 61 2 101 115 103 29
D 99 63 2 100 104 114 8
L 119 72 -34
L 120 74 -35
L 121 72 34
D 118 73 2 119 120 121 8
L 123 76 -36
L 124 78 -37
L 125 76 36
D 122 77 2 123 124 125 8
L 127 74 35
D 126 73 2 119 127 121 29
D 117 75 2 118 122 126 8
L 130 80 -42
L 131 82 -43
L 132 80 42
D 129 81 2 130 131 132 8
L 135 84 -41
L 136 86 -44
L 137 84 41
D 134 85 2 135 136 137 8
L 139 88 -45
L 141 90 -46
L 143 92 -47
L 145 94 -48
L 147 96 50
L 148 98 -49
L 149 96 -50
D 146 97 2 147 148 149 8
L 150 94 48
D 144 95 2 145 146 150 8
L 151 92 47
D 142 93 2 143 144 151 8
L 152 90 46
D 140 91 2 141 142 152 8
L 153 88 45
D 138 89 2 139 140 153 8
L 155 86 44
D 154 85 2 135 155 137 29
D 133 87 2 134 138 154 8
L 157 82 43
D 156 81 2 130 157 132 29
D 128 83 2 129 133 156 8
L 160 78 37
D 159 77 2 123 160 125 29
D 158 75 2 118 159 126 29
D 116 79 2 117 128 158 8
L 165 70 -40
D 164 69 2 109 165 111 29
D 163 67 2 107 164 112 29
D 162 65 2 105 163 113 29
D 161 63 2 100 162 114 29
D 98 71 2 99 116 161 8
L 169 58 24
D 168 57 2 92 169 94 29
D 167 55 2 90 168 95 29
D 166 53 2 85 167 96 29
D 83 59 2 84 98 166 8
L 173 48 29
D 172 47 2 77 173 79 29
D 171 45 2 75 172 80 29
D 170 43 2 70 171 81 29
D 68 49 2 69 83 170 8
L 179 38 -20
D 178 37 2 57 179 59 29
D 177 35 2 55 178 60 29
D 176 33 2 50 177 61 29
D 175 29 2 45 176 63 29
D 174 25 2 37 175 65 29
D 35 39 2 36 68 174 8
D 182 3 2 5 34 7 8
D 181 1 2 3 182 9 8
D 185 11 2 17 28 19 8
D 186 11 2 17 18 19 29
D 184 13 2 185 20 186 8
D 183 9 2 11 184 30 8
D 188 3 2 5 6 7 29
D 187 1 2 3 188 9 29
D 180 5 2 181 183 187 8
D 194 37 2 59 179 57 8
D 193 35 2 55 194 60 8
D 192 33 2 50 193 61 8
D 191 29 2 45 192 63 8
D 190 25 2 37 191 65 8
D 201 69 2 111 165 109 8
D 200 67 2 107 201 112 8
D 199 65 2 105 200 113 8
D 198 63 2 100 199 114 8
L 210 98 49
D 209 97 2 149 210 147 8
D 208 95 2 145 209 150 8
D 207 93 2 143 208 151 8
D 206 91 2 141 207 152 8
D 205 89 2 139 206 153 8
D 204 87 2 134 205 154 8
D 203 83 2 129 204 156 8
D 202 79 2 117 203 158 8
D 214 69 2 109 165 111 110
D 213 67 2 107 214 112 29
D 212 65 2 105 213 113 29
D 211 63 2 100 212 114 29
D 197 71 3 198 116 99 202 211 8
D 196 59 2 84 197 166 8
D 217 47 2 79 173 77 8
D 216 45 2 75 217 80 8
D 215 43 2 70 216 81 8
D 220 47 2 79 78 77 173
D 219 45 2 75 220 80 29
D 218 43 2 70 219 81 29
D 195 49 3 69 196 215 83 218 8
D 225 37 2 57 179 59 58
D 224 35 2 55 225 60 29
D 223 33 2 50 224 61 29
D 222 29 2 45 223 63 29
D 221 25 2 37 222 65 29
D 189 39 3 190 68 36 195 221 8
D 227 1 2 9 4 3 8
D 228 1 2 9 33 3 29
D 226 5 2 227 183 228 8
D 234 37 2 57 179 59 8
D 233 35 2 60 234 55 8
D 232 33 2 50 233 61 8
D 231 29 2 45 232 63 8
D 230 25 2 37 231 65 8
D 241 69 2 109 165 111 8
D 240 67 2 112 241 107 8
D 239 65 2 105 240 113 8
D 238 63 2 100 239 114 8
D 249 97 2 149 148 147 8
D 248 95 2 150 249 145 8
D 247 93 2 143 248 151 8
D 246 91 2 141 247 152 8
D 245 89 2 139 246 153 8
D 244 87 2 134 245 154 8
D 243 83 2 129 244 156 8
D 242 79 2 117 243 158 8
D 253 69 2 109 110 111 29
D 252 67 2 107 214 112 253
D 251 65 2 105 252 113 29
D 250 63 2 100 251 114 29
D 237 71 4 238 116 99 242 198 202 250 8
D 236 59 2 84 237 166 8
D 256 47 2 79 78 77 8
D 255 45 2 80 256 75 8
D 254 43 2 70 255 81 8
D 259 47 2 79 173 77 29
D 258 45 2 75 220 80 259
D 257 43 2 70 258 81 29
D 235 49 4 69 236 215 196 254 83 257 8
D 264 37 2 57 58 59 29
D 263 35 2 60 264 55 225
D 262 33 2 50 263 61 29
D 261 29 2 45 262 63 29
D 260 25 2 37 261 65 29
D 229 39 4 230 68 190 195 36 235 260 8
D 267 3 2 7 6 5 8
D 266 1 2 3 267 9 8
D 269 3 2 7 34 5 29
D 268 1 2 3 269 9 29
D 265 5 2 266 183 268 8
D 273 27 2 46 64 48 8
D 275 35 2 55 234 60 8
D 274 33 2 50 275 61 8
D 276 27 2 46 47 48 29
D 272 29 2 273 274 276 8
D 271 25 2 37 272 65 8
D 286 95 2 145 249 150 8
D 285 93 2 151 286 143 8
D 284 91 2 141 285 152 8
D 283 89 2 139 284 153 8
D 282 87 2 134 283 154 8
D 281 83 2 129 282 156 8
D 280 79 2 117 281 158 8
D 289 67 2 107 241 112 8
D 288 65 2 105 289 113 8
D 287 63 2 100 288 114 8
D 292 77 2 123 160 125 8
D 291 75 2 118 292 126 8
D 294 77 2 123 124 125 29
D 293 75 2 118 294 126 29
D 290 79 2 291 128 293 8
D 298 69 2 111 110 109 8
D 297 67 2 107 298 112 253
D 296 65 2 105 297 113 29
D 295 63 2 100 296 114 29
D 279 71 5 99 280 198 242 238 202 287 290 295 8
D 278 59 2 84 279 166 8
D 300 41 2 71 82 73 8
D 301 45 2 75 256 80 8
D 302 41 2 71 72 73 29
D 299 43 2 300 301 302 8
D 304 45 2 75 259 80 29
D 303 43 3 70 258 300 304 73 29
D 277 49 5 69 278 215 236 254 196 299 83 303 8
D 308 35 2 55 264 60 29
D 307 33 2 50 308 61 29
D 306 29 3 45 262 273 307 48 29
D 305 25 2 37 306 65 29
D 270 39 5 271 68 230 195 190 235 36 277 305 8
D 312 11 2 19 28 17 8
D 313 11 2 19 18 17 29
D 311 13 2 312 20 313 8
D 310 9 2 11 311 30 8
D 309 5 2 2 310 32 8
D 317 27 2 48 47 46 8
D 318 27 2 48 64 46 29
D 316 29 2 317 274 318 8
D 315 25 2 37 316 65 8
D 327 93 2 143 286 151 8
D 326 91 2 152 327 141 8
D 325 89 2 139 326 153 8
D 324 87 2 134 325 154 8
D 323 83 2 129 324 156 8
D 322 79 2 117 323 158 8
D 330 77 2 125 124 123 8
D 329 75 2 118 330 126 8
D 332 77 2 123 124 125 160
D 331 75 2 118 332 126 29
D 328 79 3 329 128 291 203 331 8
D 321 71 5 99 322 287 328 198 280 238 242 295 8
D 320 59 2 84 321 166 8
D 334 41 2 73 72 71 8
D 335 41 2 73 82 71 29
D 333 43 2 334 301 335 8
D 337 41 2 73 72 71 82
D 338 41 2 73 82 71 8
D 336 43 3 70 258 337 304 338 29
D 319 49 6 69 320 215 278 254 236 299 196 333 83 336 8
D 341 27 2 48 47 46 64
D 342 27 2 48 64 46 8
D 340 29 3 45 262 341 307 342 29
D 339 25 2 37 340 65 29
D 314 39 6 315 68 271 195 230 235 190 277 36 319 339 8
D 345 7 2 14 13 12 8
D 346 7 2 14 31 12 29
D 344 9 2 345 184 346 8
D 343 5 2 2 344 32 8
D 351 31 2 53 52 51 8
D 352 31 2 53 62 51 29
D 350 33 2 351 275 352 8
D 349 29 2 45 350 63 8
D 348 25 2 37 349 65 8
D 358 73 2 119 127 121 8
D 359 73 2 119 120 121 29
D 357 75 2 358 122 359 8
D 360 75 3 118 332 358 159 121 29
D 356 79 4 357 128 329 203 291 243 360 8
D 365 91 2 141 327 152 8
D 364 89 2 153 365 139 8
D 363 87 2 134 364 154 8
D 362 83 2 129 363 156 8
D 361 79 2 117 362 158 8
D 355 71 5 287 356 198 322 99 361 238 280 295 8
D 354 59 2 84 355 166 8
D 366 43 2 70 301 81 8
D 370 57 2 94 93 92 8
D 369 55 2 90 370 95 8
D 368 53 2 85 369 96 8
D 373 57 2 94 169 92 29
D 372 55 2 90 373 95 29
D 371 53 2 85 372 96 29
D 367 59 2 368 98 371 8
D 376 47 2 77 173 79 8
D 375 45 2 75 376 80 259
D 374 43 3 70 375 337 304 338 29
D 353 49 7 69 354 366 367 215 320 254 278 299 236 333 196 374 8
D 379 33 3 351 308 50 263 62 29
D 378 29 3 45 379 341 307 342 29
D 377 25 2 37 378 65 29
D 347 39 7 348 68 315 195 271 235 230 277 190 319 36 353 377 8
D 382 7 2 12 31 14 8
D 383 7 2 12 13 14 29
D 381 9 2 382 184 383 8
D 380 5 2 2 381 32 8
D 387 23 2 42 41 40 8
D 386 21 2 38 387 43 8
D 388 29 2 45 274 63 8
D 390 23 2 42 67 40 29
D 389 21 2 38 390 43 29
D 385 25 2 386 388 389 8
D 396 73 2 121 120 119 8
D 397 73 2 121 127 119 29
D 395 75 2 396 122 397 8
D 399 73 2 121 120 119 127
D 400 73 2 121 127 119 8
D 398 75 3 118 332 399 159 400 29
D 394 79 5 395 128 357 203 329 243 291 281 398 8
D 404 85 2 135 155 137 8
D 405 89 2 139 365 153 8
D 406 85 2 135 136 137 29
D 403 87 2 404 405 406 8
D 402 83 2 129 403 156 8
D 401 79 2 117 402 158 8
D 393 71 5 287 394 238 322 198 361 99 401 295 8
D 392 59 2 84 393 166 8
D 410 57 2 92 169 94 8
D 409 55 2 90 410 95 8
D 408 53 2 85 409 96 8
D 413 57 2 92 93 94 169
D 412 55 2 90 413 95 29
D 411 53 2 85 412 96 29
D 407 59 3 408 98 368 197 411 8
D 391 49 7 69 392 366 407 215 354 254 320 299 278 333 236 374 8
D 415 29 2 45 307 63 29
D 416 21 2 38 67 43 29
D 414 25 3 37 378 386 415 416 29
D 384 39 8 385 68 348 195 315 235 271 277 230 319 190 353 36 391 414 8
D 420 15 2 26 22 21 8
D 419 13 2 185 420 186 8
D 418 9 2 11 419 30 8
D 417 5 2 2 418 32 8
D 423 21 2 43 39 38 8
D 424 21 2 43 66 38 29
D 422 25 2 423 388 424 8
D 428 55 2 95 91 90 8
D 427 53 2 85 428 96 8
D 430 55 2 90 413 95 168
D 429 53 2 85 430 96 29
D 426 59 4 427 98 408 197 368 237 429 8
D 434 61 2 103 102 101 8
D 435 61 2 103 115 101 29
D 433 63 2 434 288 435 8
D 436 79 5 395 203 357 243 329 281 291 323 398 8
D 439 81 2 130 157 132 8
D 440 87 2 134 405 154 8
D 441 81 2 130 131 132 29
D 438 83 2 439 440 441 8
D 437 79 2 117 438 158 8
D 444 67 2 107 253 112 29
D 443 65 2 105 444 113 29
D 442 63 3 100 296 434 443 115 29
D 432 71 6 433 116 287 436 238 361 198 401 99 437 442 8
D 431 59 2 84 432 166 8
D 425 49 7 366 426 69 431 215 392 254 354 299 320 333 278 374 8
D 446 21 2 38 387 43 39
D 447 21 2 43 66 38 67
D 445 25 3 37 378 446 415 447 29
D 421 39 9 422 68 385 195 348 235 315 277 271 319 230 353 190 391 36 425 445 8
L 453 18 9
D 452 17 2 23 453 25 8
D 451 15 2 21 452 26 8
D 450 13 2 185 451 186 8
D 449 9 2 11 450 30 8
D 448 5 2 2 449 32 8
D 457 23 2 40 67 42 8
D 456 21 2 38 457 43 8
D 459 23 2 40 41 42 29
D 458 21 2 38 459 43 29
D 455 25 2 456 388 458 8
D 463 51 2 86 97 88 8
D 464 51 2 86 87 88 29
D 462 53 2 463 89 464 8
D 465 53 3 85 430 463 167 88 29
D 461 59 5 462 98 427 197 408 237 368 279 465 8
D 468 79 5 395 243 357 281 329 323 291 362 398 8
D 470 61 2 101 115 103 8
D 471 61 2 101 102 103 29
D 469 63 2 470 288 471 8
D 474 81 2 132 131 130 8
D 475 81 2 132 157 130 29
D 473 83 2 474 440 475 8
D 472 79 2 117 473 158 8
D 477 61 2 103 102 101 115
D 478 61 2 103 115 101 8
D 476 63 3 100 296 477 443 478 29
D 467 71 7 287 468 469 116 433 202 238 401 198 437 99 472 476 8
D 466 59 2 84 467 166 8
D 460 49 7 366 461 69 466 215 431 254 392 299 354 333 320 374 8
D 481 23 2 42 41 40 67
D 480 21 2 38 481 43 39
D 483 23 2 42 67 40 8
D 482 21 2 38 483 43 66
D 479 25 3 37 378 480 415 482 29
D 454 39 10 455 68 422 195 385 235 348 277 315 319 271 353 230 391 190 425 36 460 479 8
D 488 17 2 25 24 23 8
D 487 15 2 21 488 26 8
D 486 13 2 185 487 186 8
D 485 9 2 11 486 30 8
D 484 5 2 2 485 32 8
D 493 31 2 51 62 53 8
D 494 31 2 51 52 53 29
D 492 33 2 493 275 494 8
D 491 29 2 45 492 63 8
D 490 25 2 37 491 65 8
D 498 51 2 88 87 86 8
D 499 51 2 88 97 86 29
D 497 53 2 498 89 499 8
D 501 51 2 88 87 86 97
D 502 51 2 88 97 86 8
D 500 53 3 85 430 501 167 502 29
D 496 59 6 497 98 462 197 427 237 368 321 408 279 500 8
D 505 79 5 395 281 357 323 329 362 291 402 398 8
D 507 65 2 113 289 105 8
D 506 63 2 100 507 114 8
D 511 85 2 137 136 135 8
D 512 85 2 137 155 135 29
D 510 87 2 511 405 512 8
D 509 83 2 129 510 156 8
D 508 79 2 117 509 158 8
D 514 65 2 105 297 113 444
D 513 63 3 100 514 477 443 478 29
D 504 71 8 287 505 506 116 433 242 469 202 238 437 198 472 99 508 513 8
D 503 59 2 84 504 166 8
D 495 49 7 366 496 69 503 215 466 254 431 299 392 333 354 374 8
D 518 31 2 53 52 51 62
D 519 31 2 53 62 51 8
D 517 33 3 518 308 50 263 519 29
D 516 29 3 341 307 45 517 342 29
D 515 25 3 480 415 37 516 482 29
D 489 39 11 490 68 455 195 422 235 385 277 348 319 315 353 271 391 230 425 190 460 36 495 515 8
D 524 17 2 23 24 25 453
D 525 17 2 23 453 25 29
D 523 15 2 21 524 26 525
D 526 11 2 19 28 17 18
D 527 15 2 21 525 26 29
D 528 11 2 19 18 17 8
D 522 13 3 185 523 526 527 528 29
D 529 7 2 14 13 12 31
D 530 13 2 185 527 186 29
D 531 7 2 14 31 12 8
D 521 9 3 11 522 529 530 531 29
D 533 3 2 7 6 5 34
D 532 1 2 3 533 9 4
D 534 9 2 11 530 30 29
D 536 3 2 7 34 5 8
D 535 1 2 3 536 9 33
D 520 5 3 2 521 532 534 535 29
D 0 19 11 1 35 180 189 226 229 265 270 309 314 343 347 380 384 417 421 448 454 484 489 520 8
