c ids of sdd nodes start at 0
c sdd nodes appear bottom-up, children before parents
c
c file syntax:
c sdd count-of-sdd-nodes
c F id-of-false-sdd-node
c T id-of-true-sdd-node
c L id-of-literal-sdd-node id-of-vtree literal
c D id-of-decomposition-sdd-node id-of-vtree number-of-elements {id-of-prime id-of-sub}*
c
sdd 499
L 3 0 -3
L 5 2 -4
L 6 4 2
L 7 2 4
F 8
D 4 3 2 5 6 7 8
L 9 0 3
D 2 1 2 3 4 9 8
L 12 6 -6
L 13 8 -7
L 14 6 6
D 11 7 2 12 13 14 8
L 17 10 -5
L 18 12 -1
L 19 10 5
D 16 11 2 17 18 19 8
L 21 14 -8
L 23 16 -10
L 24 18 -9
L 25 16 10
D 22 17 2 23 24 25 8
L 26 14 8
D 20 15 2 21 22 26 8
L 28 12 1
T 29
D 27 11 2 17 28 19 29
D 15 13 2 16 20 27 8
L 31 8 7
D 30 7 2 12 31 14 29
D 10 9 2 11 15 30 8
L 34 4 -2
D 33 3 2 5 34 7 29
D 32 1 2 3 33 9 29
D 1 5 2 2 10 32 8
L 38 20 -13
L 40 22 -14
L 41 24 -12
L 42 22 14
D 39 23 2 40 41 42 8
L 43 20 13
D 37 21 2 38 39 43 8
L 46 26 -16
L 47 28 -17
L 48 26 16
D 45 27 2 46 47 48 8
L 51 30 -15
L 52 32 -11
L 53 30 15
D 50 31 2 51 52 53 8
L 55 34 -18
L 57 36 -19
L 58 38 20
L 59 36 19
D 56 37 2 57 58 59 8
L 60 34 18
D 54 35 2 55 56 60 8
L 62 32 11
D 61 31 2 51 62 53 29
D 49 33 2 50 54 61 8
L 64 28 17
D 63 27 2 46 64 48 29
D 44 29 2 45 49 63 8
L 67 24 12
D 66 23 2 40 67 42 29
D 65 21 2 38 66 43 29
D 36 25 2 37 44 65 8
L 71 40 -26
L 72 42 -27
L 73 40 26
D 70 41 2 71 72 73 8
L 75 44 -28
L 77 46 30
L 78 48 -29
L 79 46 -30
D 76 47 2 77 78 79 8
L 80 44 28
D 74 45 2 75 76 80 8
L 82 42 27
D 81 41 2 71 82 73 29
D 69 43 2 70 74 81 8
L 86 50 -21
L 87 52 -22
L 88 50 21
D 85 51 2 86 87 88 8
L 90 54 -23
L 92 56 -25
L 93 58 -24
L 94 56 25
D 91 57 2 92 93 94 8
L 95 54 23
D 89 55 2 90 91 95 8
L 97 52 22
D 96 51 2 86 97 88 29
D 84 53 2 85 89 96 8
L 101 60 -33
L 102 62 -32
L 103 60 33
D 100 61 2 101 102 103 8
L 105 64 -31
L 107 66 -38
L 109 68 -39
L 110 70 40
L 111 68 39
D 108 69 2 109 110 111 8
L 112 66 38
D 106 67 2 107 108 112 8
L 113 64 31
D 104 65 2 105 106 113 8
L 115 62 32
D 114 61 2 101 115 103 29
D 99 63 2 100 104 114 8
L 119 72 -34
L 120 74 -35
L 121 72 34
D 118 73 2 119 120 121 8
L 123 76 -36
L 124 78 -37
L 125 76 36
D 122 77 2 123 124 125 8
L 127 74 35
D 126 73 2 119 127 121 29
D 117 75 2 118 122 126 8
L 130 80 -42
L 131 82 -43
L 132 80 42
D 129 81 2 130 131 132 8
L 135 84 -41
L 136 86 -44
L 137 84 41
D 134 85 2 135 136 137 8
L 139 88 -45
L 141 90 -46
L 143 92 -47
L 145 94 -48
L 147 96 50
L 148 98 -49
L 149 96 -50
D 146 97 2 147 148 149 8
L 150 94 48
D 144 95 2 145 146 150 8
L 151 92 47
D 142 93 2 143 144 151 8
L 152 90 46
D 140 91 2 141 142 152 8
L 153 88 45
D 138 89 2 139 140 153 8
L 155 86 44
D 154 85 2 135 155 137 29
D 133 87 2 134 138 154 8
L 157 82 43
D 156 81 2 130 157 132 29
D 128 83 2 129 133 156 8
L 160 78 37
D 159 77 2 123 160 125 29
D 158 75 2 118 159 126 29
D 116 79 2 117 128 158 8
L 165 70 -40
D 164 69 2 109 165 111 29
D 163 67 2 107 164 112 29
D 162 65 2 105 163 113 29
D 161 63 2 100 162 114 29
D 98 71 2 99 116 161 8
L 169 58 24
D 168 57 2 92 169 94 29
D 167 55 2 90 168 95 29
D 166 53 2 85 167 96 29
D 83 59 2 84 98 166 8
L 173 48 29
D 172 47 2 77 173 79 29
D 171 45 2 75 172 80 29
D 170 43 2 70 171 81 29
D 68 49 2 69 83 170 8
L 179 38 -20
D 178 37 2 57 179 59 29
D 177 35 2 55 178 60 29
D 176 33 2 50 177 61 29
D 175 29 2 45 176 63 29
D 174 25 2 37 175 65 29
D 35 39 2 36 68 174 8
D 182 3 2 5 34 7 8
D 181 1 2 9 182 3 8
D 184 3 2 5 6 7 29
D 183 1 2 9 184 3 29
D 180 5 2 181 10 183 8
D 190 37 2 59 179 57 8
D 189 35 2 55 190 60 8
D 188 33 2 50 189 61 8
D 187 29 2 45 188 63 8
D 186 25 2 37 187 65 8
D 197 69 2 111 165 109 8
D 196 67 2 107 197 112 8
D 195 65 2 105 196 113 8
D 194 63 2 100 195 114 8
L 206 98 49
D 205 97 2 149 206 147 8
D 204 95 2 145 205 150 8
D 203 93 2 143 204 151 8
D 202 91 2 141 203 152 8
D 201 89 2 139 202 153 8
D 200 87 2 134 201 154 8
D 199 83 2 129 200 156 8
D 198 79 2 117 199 158 8
D 210 69 2 109 165 111 110
D 209 67 2 107 210 112 29
D 208 65 2 105 209 113 29
D 207 63 2 100 208 114 29
D 193 71 3 194 116 99 198 207 8
D 192 59 2 84 193 166 8
D 213 47 2 79 173 77 8
D 212 45 2 75 213 80 8
D 211 43 2 70 212 81 8
D 216 47 2 79 78 77 173
D 215 45 2 75 216 80 29
D 214 43 2 70 215 81 29
D 191 49 3 69 192 211 83 214 8
D 221 37 2 57 179 59 58
D 220 35 2 55 221 60 29
D 219 33 2 50 220 61 29
D 218 29 2 45 219 63 29
D 217 25 2 37 218 65 29
D 185 39 3 186 68 36 191 217 8
D 224 3 2 7 34 5 8
D 223 1 2 3 224 9 8
D 226 3 2 7 6 5 29
D 225 1 2 3 226 9 29
D 222 5 2 223 10 225 8
D 232 37 2 57 179 59 8
D 231 35 2 60 232 55 8
D 230 33 2 50 231 61 8
D 229 29 2 45 230 63 8
D 228 25 2 37 229 65 8
D 239 69 2 109 165 111 8
D 238 67 2 112 239 107 8
D 237 65 2 105 238 113 8
D 236 63 2 100 237 114 8
D 247 97 2 149 148 147 8
D 246 95 2 150 247 145 8
D 245 93 2 143 246 151 8
D 244 91 2 141 245 152 8
D 243 89 2 139 244 153 8
D 242 87 2 134 243 154 8
D 241 83 2 129 242 156 8
D 240 79 2 117 241 158 8
D 251 69 2 109 110 111 29
D 250 67 2 107 210 112 251
D 249 65 2 105 250 113 29
D 248 63 2 100 249 114 29
D 235 71 4 236 116 99 240 194 198 248 8
D 234 59 2 84 235 166 8
D 254 47 2 79 78 77 8
D 253 45 2 80 254 75 8
D 252 43 2 70 253 81 8
D 257 47 2 79 173 77 29
D 256 45 2 75 216 80 257
D 255 43 2 70 256 81 29
D 233 49 4 69 234 211 192 252 83 255 8
D 262 37 2 57 58 59 29
D 261 35 2 60 262 55 221
D 260 33 2 50 261 61 29
D 259 29 2 45 260 63 29
D 258 25 2 37 259 65 29
D 227 39 4 228 68 186 191 36 233 258 8
D 264 1 2 3 182 9 8
D 267 11 2 19 18 17 8
D 268 11 2 19 28 17 29
D 266 13 2 267 20 268 8
D 265 9 2 11 266 30 8
D 269 1 2 3 184 9 29
D 263 5 2 264 265 269 8
D 273 27 2 46 64 48 8
D 275 35 2 55 232 60 8
D 274 33 2 50 275 61 8
D 276 27 2 46 47 48 29
D 272 29 2 273 274 276 8
D 271 25 2 37 272 65 8
D 286 95 2 145 247 150 8
D 285 93 2 151 286 143 8
D 284 91 2 141 285 152 8
D 283 89 2 139 284 153 8
D 282 87 2 134 283 154 8
D 281 83 2 129 282 156 8
D 280 79 2 117 281 158 8
D 289 67 2 107 239 112 8
D 288 65 2 105 289 113 8
D 287 63 2 100 288 114 8
D 292 77 2 123 160 125 8
D 291 75 2 118 292 126 8
D 294 77 2 123 124 125 29
D 293 75 2 118 294 126 29
D 290 79 2 291 128 293 8
D 298 69 2 111 110 109 8
D 297 67 2 107 298 112 251
D 296 65 2 105 297 113 29
D 295 63 2 100 296 114 29
D 279 71 5 99 280 194 240 236 198 287 290 295 8
D 278 59 2 84 279 166 8
D 300 41 2 71 82 73 8
D 301 45 2 75 254 80 8
D 302 41 2 71 72 73 29
D 299 43 2 300 301 302 8
D 304 45 2 75 257 80 29
D 303 43 3 70 256 300 304 73 29
D 277 49 5 69 278 211 234 252 192 299 83 303 8
D 308 35 2 55 262 60 29
D 307 33 2 50 308 61 29
D 306 29 3 45 260 273 307 48 29
D 305 25 2 37 306 65 29
D 270 39 5 271 68 228 191 186 233 36 277 305 8
D 311 7 2 14 13 12 8
D 312 7 2 14 31 12 29
D 310 9 2 311 15 312 8
D 309 5 2 264 310 269 8
D 316 27 2 48 47 46 8
D 317 27 2 48 64 46 29
D 315 29 2 316 274 317 8
D 314 25 2 37 315 65 8
D 326 93 2 143 286 151 8
D 325 91 2 152 326 141 8
D 324 89 2 139 325 153 8
D 323 87 2 134 324 154 8
D 322 83 2 129 323 156 8
D 321 79 2 117 322 158 8
D 329 77 2 125 124 123 8
D 328 75 2 118 329 126 8
D 331 77 2 123 124 125 160
D 330 75 2 118 331 126 29
D 327 79 3 328 128 291 199 330 8
D 320 71 5 99 321 287 327 194 280 236 240 295 8
D 319 59 2 84 320 166 8
D 333 41 2 73 72 71 8
D 334 41 2 73 82 71 29
D 332 43 2 333 301 334 8
D 336 41 2 73 72 71 82
D 337 41 2 73 82 71 8
D 335 43 3 70 256 336 304 337 29
D 318 49 6 69 319 211 278 252 234 299 192 332 83 335 8
D 340 27 2 48 47 46 64
D 341 27 2 48 64 46 8
D 339 29 3 45 260 340 307 341 29
D 338 25 2 37 339 65 29
D 313 39 6 314 68 271 191 228 233 186 277 36 318 338 8
D 344 7 2 12 31 14 8
D 345 7 2 12 13 14 29
D 343 9 2 344 15 345 8
D 342 5 2 264 343 269 8
D 350 31 2 53 52 51 8
D 351 31 2 53 62 51 29
D 349 33 2 350 275 351 8
D 348 29 2 45 349 63 8
D 347 25 2 37 348 65 8
D 357 73 2 119 127 121 8
D 358 73 2 119 120 121 29
D 356 75 2 357 122 358 8
D 359 75 3 118 331 357 159 121 29
D 355 79 4 356 128 328 199 291 241 359 8
D 364 91 2 141 326 152 8
D 363 89 2 153 364 139 8
D 362 87 2 134 363 154 8
D 361 83 2 129 362 156 8
D 360 79 2 117 361 158 8
D 354 71 5 287 355 194 321 99 360 236 280 295 8
D 353 59 2 84 354 166 8
D 365 43 2 70 301 81 8
D 369 57 2 94 93 92 8
D 368 55 2 90 369 95 8
D 367 53 2 85 368 96 8
D 372 57 2 94 169 92 29
D 371 55 2 90 372 95 29
D 370 53 2 85 371 96 29
D 366 59 2 367 98 370 8
D 375 47 2 77 173 79 8
D 374 45 2 75 375 80 257
D 373 43 3 70 374 336 304 337 29
D 352 49 7 69 353 365 366 211 319 252 278 299 234 332 192 373 8
D 378 33 3 350 308 50 261 62 29
D 377 29 3 45 378 340 307 341 29
D 376 25 2 37 377 65 29
D 346 39 7 347 68 314 191 271 233 228 277 186 318 36 352 376 8
D 382 15 2 26 22 21 8
D 381 13 2 16 382 27 8
D 380 9 2 11 381 30 8
D 379 5 2 264 380 269 8
D 386 23 2 42 41 40 8
D 385 21 2 38 386 43 8
D 387 29 2 45 274 63 8
D 389 23 2 42 67 40 29
D 388 21 2 38 389 43 29
D 384 25 2 385 387 388 8
D 395 73 2 121 120 119 8
D 396 73 2 121 127 119 29
D 394 75 2 395 122 396 8
D 398 73 2 121 120 119 127
D 399 73 2 121 127 119 8
D 397 75 3 118 331 398 159 399 29
D 393 79 5 394 128 356 199 328 241 291 281 397 8
D 403 85 2 135 155 137 8
D 404 89 2 139 364 153 8
D 405 85 2 135 136 137 29
D 402 87 2 403 404 405 8
D 401 83 2 129 402 156 8
D 400 79 2 117 401 158 8
D 392 71 5 287 393 236 321 194 360 99 400 295 8
D 391 59 2 84 392 166 8
D 409 57 2 92 169 94 8
D 408 55 2 90 409 95 8
D 407 53 2 85 408 96 8
D 412 57 2 92 93 94 169
D 411 55 2 90 412 95 29
D 410 53 2 85 411 96 29
D 406 59 3 407 98 367 193 410 8
D 390 49 7 69 391 365 406 211 353 252 319 299 278 332 234 373 8
D 414 29 2 45 307 63 29
D 415 21 2 38 67 43 29
D 413 25 3 37 377 385 414 415 29
D 383 39 8 384 68 347 191 314 233 271 277 228 318 186 352 36 390 413 8
L 421 18 9
D 420 17 2 23 421 25 8
D 419 15 2 21 420 26 8
D 418 13 2 16 419 27 8
D 417 9 2 11 418 30 8
D 416 5 2 264 417 269 8
D 424 21 2 43 39 38 8
D 425 21 2 43 66 38 29
D 423 25 2 424 387 425 8
D 429 55 2 95 91 90 8
D 428 53 2 85 429 96 8
D 431 55 2 90 412 95 168
D 430 53 2 85 431 96 29
D 427 59 4 428 98 407 193 367 235 430 8
D 435 61 2 103 102 101 8
D 436 61 2 103 115 101 29
D 434 63 2 435 288 436 8
D 437 79 5 394 199 356 241 328 281 291 322 397 8
D 440 81 2 130 157 132 8
D 441 87 2 134 404 154 8
D 442 81 2 130 131 132 29
D 439 83 2 440 441 442 8
D 438 79 2 117 439 158 8
D 445 67 2 107 251 112 29
D 444 65 2 105 445 113 29
D 443 63 3 100 296 435 444 115 29
D 433 71 6 434 116 287 437 236 360 194 400 99 438 443 8
D 432 59 2 84 433 166 8
D 426 49 7 365 427 69 432 211 391 252 353 299 319 332 278 373 8
D 447 21 2 38 386 43 39
D 448 21 2 43 66 38 67
D 446 25 3 37 377 447 414 448 29
D 422 39 9 423 68 384 191 347 233 314 277 271 318 228 352 186 390 36 426 446 8
D 453 17 2 25 24 23 8
D 452 15 2 21 453 26 8
D 451 13 2 16 452 27 8
D 450 9 2 11 451 30 8
D 449 5 2 264 450 269 8
D 457 23 2 40 67 42 8
D 456 21 2 38 457 43 8
D 459 23 2 40 41 42 29
D 458 21 2 38 459 43 29
D 455 25 2 456 387 458 8
D 463 51 2 86 97 88 8
D 464 51 2 86 87 88 29
D 462 53 2 463 89 464 8
D 465 53 3 85 431 463 167 88 29
D 461 59 5 462 98 428 193 407 235 367 279 465 8
D 468 79 5 394 241 356 281 328 322 291 361 397 8
D 470 61 2 101 115 103 8
D 471 61 2 101 102 103 29
D 469 63 2 470 288 471 8
D 474 81 2 132 131 130 8
D 475 81 2 132 157 130 29
D 473 83 2 474 441 475 8
D 472 79 2 117 473 158 8
D 477 61 2 103 102 101 115
D 478 61 2 103 115 101 8
D 476 63 3 100 296 477 444 478 29
D 467 71 7 287 468 469 116 434 198 236 400 194 438 99 472 476 8
D 466 59 2 84 467 166 8
D 460 49 7 365 461 69 466 211 432 252 391 299 353 332 319 373 8
D 481 23 2 42 41 40 67
D 480 21 2 38 481 43 39
D 483 23 2 42 67 40 8
D 482 21 2 38 483 43 66
D 479 25 3 37 377 480 414 482 29
D 454 39 10 455 68 423 191 384 233 347 277 314 318 271 352 228 390 186 426 36 460 479 8
D 486 3 2 7 34 5 6
D 485 1 2 3 486 9 182
D 490 17 2 23 421 25 29
D 489 15 2 21 490 26 29
D 488 13 2 16 489 27 29
D 487 9 2 11 488 30 29
D 494 17 2 23 24 25 421
D 493 15 2 21 494 26 490
D 492 13 3 16 493 267 489 28 29
D 495 7 2 14 13 12 31
D 496 7 2 14 31 12 8
D 491 9 3 11 492 495 488 496 29
D 498 3 2 7 6 5 8
D 497 1 2 3 498 9 184
D 484 5 3 485 487 264 491 497 29
D 0 19 10 1 35 180 185 222 227 263 270 309 313 342 346 379 383 416 422 449 454 484 8
