c ids of sdd nodes start at 0
c sdd nodes appear bottom-up, children before parents
c
c file syntax:
c sdd count-of-sdd-nodes
c F id-of-false-sdd-node
c T id-of-true-sdd-node
c L id-of-literal-sdd-node id-of-vtree literal
c D id-of-decomposition-sdd-node id-of-vtree number-of-elements {id-of-prime id-of-sub}*
c
sdd 462
L 3 0 3
L 5 2 -4
L 6 4 -2
L 7 2 4
F 8
D 4 3 2 5 6 7 8
L 9 0 -3
D 2 1 2 3 4 9 8
L 12 6 -6
L 13 8 -7
L 14 6 6
D 11 7 2 12 13 14 8
L 17 10 -5
L 18 12 -1
L 19 10 5
D 16 11 2 17 18 19 8
L 21 14 -8
L 23 16 -10
L 24 18 -9
L 25 16 10
D 22 17 2 23 24 25 8
L 26 14 8
D 20 15 2 21 22 26 8
L 28 12 1
T 29
D 27 11 2 17 28 19 29
D 15 13 2 16 20 27 8
L 31 8 7
D 30 7 2 12 31 14 29
D 10 9 2 11 15 30 8
L 34 4 2
D 33 3 2 5 34 7 29
D 32 1 2 3 33 9 29
D 1 5 2 2 10 32 8
L 38 20 -13
L 40 22 -14
L 41 24 -12
L 42 22 14
D 39 23 2 40 41 42 8
L 43 20 13
D 37 21 2 38 39 43 8
L 46 26 -16
L 47 28 -17
L 48 26 16
D 45 27 2 46 47 48 8
L 51 30 -15
L 52 32 -11
L 53 30 15
D 50 31 2 51 52 53 8
L 55 34 -18
L 57 36 -19
L 58 38 20
L 59 36 19
D 56 37 2 57 58 59 8
L 60 34 18
D 54 35 2 55 56 60 8
L 62 32 11
D 61 31 2 51 62 53 29
D 49 33 2 50 54 61 8
L 64 28 17
D 63 27 2 46 64 48 29
D 44 29 2 45 49 63 8
L 67 24 12
D 66 23 2 40 67 42 29
D 65 21 2 38 66 43 29
D 36 25 2 37 44 65 8
L 71 40 -26
L 72 42 -27
L 73 40 26
D 70 41 2 71 72 73 8
L 75 44 -28
L 77 46 30
L 78 48 -29
L 79 46 -30
D 76 47 2 77 78 79 8
L 80 44 28
D 74 45 2 75 76 80 8
L 82 42 27
D 81 41 2 71 82 73 29
D 69 43 2 70 74 81 8
L 86 50 -21
L 87 52 -22
L 88 50 21
D 85 51 2 86 87 88 8
L 90 54 -23
L 92 56 -25
L 93 58 -24
L 94 56 25
D 91 57 2 92 93 94 8
L 95 54 23
D 89 55 2 90 91 95 8
L 97 52 22
D 96 51 2 86 97 88 29
D 84 53 2 85 89 96 8
L 101 60 -33
L 102 62 -32
L 103 60 33
D 100 61 2 101 102 103 8
L 105 64 -31
L 107 66 -38
L 109 68 -39
L 110 70 40
L 111 68 39
D 108 69 2 109 110 111 8
L 112 66 38
D 106 67 2 107 108 112 8
L 113 64 31
D 104 65 2 105 106 113 8
L 115 62 32
D 114 61 2 101 115 103 29
D 99 63 2 100 104 114 8
L 119 72 -34
L 120 74 -35
L 121 72 34
D 118 73 2 119 120 121 8
L 123 76 -36
L 124 78 -37
L 125 76 36
D 122 77 2 123 124 125 8
L 127 74 35
D 126 73 2 119 127 121 29
D 117 75 2 118 122 126 8
L 130 80 -42
L 131 82 -43
L 132 80 42
D 129 81 2 130 131 132 8
L 135 84 -41
L 136 86 -44
L 137 84 41
D 134 85 2 135 136 137 8
L 139 88 -45
L 141 90 -46
L 143 92 -47
L 145 94 -48
L 147 96 50
L 148 98 -49
L 149 96 -50
D 146 97 2 147 148 149 8
L 150 94 48
D 144 95 2 145 146 150 8
L 151 92 47
D 142 93 2 143 144 151 8
L 152 90 46
D 140 91 2 141 142 152 8
L 153 88 45
D 138 89 2 139 140 153 8
L 155 86 44
D 154 85 2 135 155 137 29
D 133 87 2 134 138 154 8
L 157 82 43
D 156 81 2 130 157 132 29
D 128 83 2 129 133 156 8
L 160 78 37
D 159 77 2 123 160 125 29
D 158 75 2 118 159 126 29
D 116 79 2 117 128 158 8
L 165 70 -40
D 164 69 2 109 165 111 29
D 163 67 2 107 164 112 29
D 162 65 2 105 163 113 29
D 161 63 2 100 162 114 29
D 98 71 2 99 116 161 8
L 169 58 24
D 168 57 2 92 169 94 29
D 167 55 2 90 168 95 29
D 166 53 2 85 167 96 29
D 83 59 2 84 98 166 8
L 173 48 29
D 172 47 2 77 173 79 29
D 171 45 2 75 172 80 29
D 170 43 2 70 171 81 29
D 68 49 2 69 83 170 8
L 179 38 -20
D 178 37 2 57 179 59 29
D 177 35 2 55 178 60 29
D 176 33 2 50 177 61 29
D 175 29 2 45 176 63 29
D 174 25 2 37 175 65 29
D 35 39 2 36 68 174 8
D 182 3 2 7 6 5 8
D 181 1 2 9 182 3 8
D 184 3 2 7 34 5 29
D 183 1 2 9 184 3 29
D 180 5 2 181 10 183 8
D 190 37 2 59 179 57 8
D 189 35 2 55 190 60 8
D 188 33 2 50 189 61 8
D 187 29 2 45 188 63 8
D 186 25 2 37 187 65 8
D 197 69 2 111 165 109 8
D 196 67 2 107 197 112 8
D 195 65 2 105 196 113 8
D 194 63 2 100 195 114 8
L 206 98 49
D 205 97 2 149 206 147 8
D 204 95 2 145 205 150 8
D 203 93 2 143 204 151 8
D 202 91 2 141 203 152 8
D 201 89 2 139 202 153 8
D 200 87 2 134 201 154 8
D 199 83 2 129 200 156 8
D 198 79 2 117 199 158 8
D 210 69 2 109 165 111 110
D 209 67 2 107 210 112 29
D 208 65 2 105 209 113 29
D 207 63 2 100 208 114 29
D 193 71 3 194 116 99 198 207 8
D 192 59 2 84 193 166 8
D 213 47 2 79 173 77 8
D 212 45 2 75 213 80 8
D 211 43 2 70 212 81 8
D 216 47 2 79 78 77 173
D 215 45 2 75 216 80 29
D 214 43 2 70 215 81 29
D 191 49 3 69 192 211 83 214 8
D 221 37 2 57 179 59 58
D 220 35 2 55 221 60 29
D 219 33 2 50 220 61 29
D 218 29 2 45 219 63 29
D 217 25 2 37 218 65 29
D 185 39 3 186 68 36 191 217 8
D 223 1 2 9 4 3 8
D 226 11 2 19 18 17 8
D 227 11 2 19 28 17 29
D 225 13 2 226 20 227 8
D 224 9 2 11 225 30 8
D 228 1 2 9 33 3 29
D 222 5 2 223 224 228 8
D 234 37 2 57 179 59 8
D 233 35 2 60 234 55 8
D 232 33 2 50 233 61 8
D 231 29 2 45 232 63 8
D 230 25 2 37 231 65 8
D 241 69 2 109 165 111 8
D 240 67 2 112 241 107 8
D 239 65 2 105 240 113 8
D 238 63 2 100 239 114 8
D 249 97 2 149 148 147 8
D 248 95 2 150 249 145 8
D 247 93 2 143 248 151 8
D 246 91 2 141 247 152 8
D 245 89 2 139 246 153 8
D 244 87 2 134 245 154 8
D 243 83 2 129 244 156 8
D 242 79 2 117 243 158 8
D 253 69 2 109 110 111 29
D 252 67 2 107 210 112 253
D 251 65 2 105 252 113 29
D 250 63 2 100 251 114 29
D 237 71 4 238 116 99 242 194 198 250 8
D 236 59 2 84 237 166 8
D 256 47 2 79 78 77 8
D 255 45 2 80 256 75 8
D 254 43 2 70 255 81 8
D 259 47 2 79 173 77 29
D 258 45 2 75 216 80 259
D 257 43 2 70 258 81 29
D 235 49 4 69 236 211 192 254 83 257 8
D 264 37 2 57 58 59 29
D 263 35 2 60 264 55 221
D 262 33 2 50 263 61 29
D 261 29 2 45 262 63 29
D 260 25 2 37 261 65 29
D 229 39 4 230 68 186 191 36 235 260 8
D 267 7 2 14 13 12 8
D 268 7 2 14 31 12 29
D 266 9 2 267 15 268 8
D 265 5 2 223 266 228 8
D 272 27 2 46 64 48 8
D 274 35 2 55 234 60 8
D 273 33 2 50 274 61 8
D 275 27 2 46 47 48 29
D 271 29 2 272 273 275 8
D 270 25 2 37 271 65 8
D 285 95 2 145 249 150 8
D 284 93 2 151 285 143 8
D 283 91 2 141 284 152 8
D 282 89 2 139 283 153 8
D 281 87 2 134 282 154 8
D 280 83 2 129 281 156 8
D 279 79 2 117 280 158 8
D 288 67 2 107 241 112 8
D 287 65 2 105 288 113 8
D 286 63 2 100 287 114 8
D 291 77 2 123 160 125 8
D 290 75 2 118 291 126 8
D 293 77 2 123 124 125 29
D 292 75 2 118 293 126 29
D 289 79 2 290 128 292 8
D 297 69 2 111 110 109 8
D 296 67 2 107 297 112 253
D 295 65 2 105 296 113 29
D 294 63 2 100 295 114 29
D 278 71 5 99 279 194 242 238 198 286 289 294 8
D 277 59 2 84 278 166 8
D 299 41 2 71 82 73 8
D 300 45 2 75 256 80 8
D 301 41 2 71 72 73 29
D 298 43 2 299 300 301 8
D 303 45 2 75 259 80 29
D 302 43 3 70 258 299 303 73 29
D 276 49 5 69 277 211 236 254 192 298 83 302 8
D 307 35 2 55 264 60 29
D 306 33 2 50 307 61 29
D 305 29 3 45 262 272 306 48 29
D 304 25 2 37 305 65 29
D 269 39 5 270 68 230 191 186 235 36 276 304 8
D 310 7 2 12 31 14 8
D 311 7 2 12 13 14 29
D 309 9 2 310 15 311 8
D 308 5 2 223 309 228 8
D 315 27 2 48 47 46 8
D 316 27 2 48 64 46 29
D 314 29 2 315 273 316 8
D 313 25 2 37 314 65 8
D 325 93 2 143 285 151 8
D 324 91 2 152 325 141 8
D 323 89 2 139 324 153 8
D 322 87 2 134 323 154 8
D 321 83 2 129 322 156 8
D 320 79 2 117 321 158 8
D 328 77 2 125 124 123 8
D 327 75 2 118 328 126 8
D 330 77 2 123 124 125 160
D 329 75 2 118 330 126 29
D 326 79 3 327 128 290 199 329 8
D 319 71 5 99 320 286 326 194 279 238 242 294 8
D 318 59 2 84 319 166 8
D 332 41 2 73 72 71 8
D 333 41 2 73 82 71 29
D 331 43 2 332 300 333 8
D 335 41 2 73 72 71 82
D 336 41 2 73 82 71 8
D 334 43 3 70 258 335 303 336 29
D 317 49 6 69 318 211 277 254 236 298 192 331 83 334 8
D 339 27 2 48 47 46 64
D 340 27 2 48 64 46 8
D 338 29 3 45 262 339 306 340 29
D 337 25 2 37 338 65 29
D 312 39 6 313 68 270 191 230 235 186 276 36 317 337 8
D 344 15 2 26 22 21 8
D 343 13 2 16 344 27 8
D 342 9 2 11 343 30 8
D 341 5 2 223 342 228 8
D 349 31 2 53 52 51 8
D 350 31 2 53 62 51 29
D 348 33 2 349 274 350 8
D 347 29 2 45 348 63 8
D 346 25 2 37 347 65 8
D 356 73 2 119 127 121 8
D 357 73 2 119 120 121 29
D 355 75 2 356 122 357 8
D 358 75 3 118 330 356 159 121 29
D 354 79 4 355 128 327 199 290 243 358 8
D 363 91 2 141 325 152 8
D 362 89 2 153 363 139 8
D 361 87 2 134 362 154 8
D 360 83 2 129 361 156 8
D 359 79 2 117 360 158 8
D 353 71 5 286 354 194 320 99 359 238 279 294 8
D 352 59 2 84 353 166 8
D 364 43 2 70 300 81 8
D 368 57 2 94 93 92 8
D 367 55 2 90 368 95 8
D 366 53 2 85 367 96 8
D 371 57 2 94 169 92 29
D 370 55 2 90 371 95 29
D 369 53 2 85 370 96 29
D 365 59 2 366 98 369 8
D 374 47 2 77 173 79 8
D 373 45 2 75 374 80 259
D 372 43 3 70 373 335 303 336 29
D 351 49 7 69 352 364 365 211 318 254 277 298 236 331 192 372 8
D 377 33 3 349 307 50 263 62 29
D 376 29 3 45 377 339 306 340 29
D 375 25 2 37 376 65 29
D 345 39 7 346 68 313 191 270 235 230 276 186 317 36 351 375 8
L 383 18 9
D 382 17 2 23 383 25 8
D 381 15 2 21 382 26 8
D 380 13 2 16 381 27 8
D 379 9 2 11 380 30 8
D 378 5 2 223 379 228 8
D 387 23 2 42 41 40 8
D 386 21 2 38 387 43 8
D 388 29 2 45 273 63 8
D 390 23 2 42 67 40 29
D 389 21 2 38 390 43 29
D 385 25 2 386 388 389 8
D 396 73 2 121 120 119 8
D 397 73 2 121 127 119 29
D 395 75 2 396 122 397 8
D 399 73 2 121 120 119 127
D 400 73 2 121 127 119 8
D 398 75 3 118 330 399 159 400 29
D 394 79 5 395 128 355 199 327 243 290 280 398 8
D 404 85 2 135 155 137 8
D 405 89 2 139 363 153 8
D 406 85 2 135 136 137 29
D 403 87 2 404 405 406 8
D 402 83 2 129 403 156 8
D 401 79 2 117 402 158 8
D 393 71 5 286 394 238 320 194 359 99 401 294 8
D 392 59 2 84 393 166 8
D 410 57 2 92 169 94 8
D 409 55 2 90 410 95 8
D 408 53 2 85 409 96 8
D 413 57 2 92 93 94 169
D 412 55 2 90 413 95 29
D 411 53 2 85 412 96 29
D 407 59 3 408 98 366 193 411 8
D 391 49 7 69 392 364 407 211 352 254 318 298 277 331 236 372 8
D 415 29 2 45 306 63 29
D 416 21 2 38 67 43 29
D 414 25 3 37 376 386 415 416 29
D 384 39 8 385 68 346 191 313 235 270 276 230 317 186 351 36 391 414 8
D 421 17 2 25 24 23 8
D 420 15 2 21 421 26 8
D 419 13 2 16 420 27 8
D 418 9 2 11 419 30 8
D 417 5 2 223 418 228 8
D 424 21 2 43 39 38 8
D 425 21 2 43 66 38 29
D 423 25 2 424 388 425 8
D 429 55 2 95 91 90 8
D 428 53 2 85 429 96 8
D 431 55 2 90 413 95 168
D 430 53 2 85 431 96 29
D 427 59 4 428 98 408 193 366 237 430 8
D 435 61 2 103 102 101 8
D 436 61 2 103 115 101 29
D 434 63 2 435 287 436 8
D 437 79 5 395 199 355 243 327 280 290 321 398 8
D 440 81 2 130 157 132 8
D 441 87 2 134 405 154 8
D 442 81 2 130 131 132 29
D 439 83 2 440 441 442 8
D 438 79 2 117 439 158 8
D 445 67 2 107 253 112 29
D 444 65 2 105 445 113 29
D 443 63 3 100 295 435 444 115 29
D 433 71 6 434 116 286 437 238 359 194 401 99 438 443 8
D 432 59 2 84 433 166 8
D 426 49 7 364 427 69 432 211 392 254 352 298 318 331 277 372 8
D 447 21 2 38 387 43 39
D 448 21 2 43 66 38 67
D 446 25 3 37 376 447 415 448 29
D 422 39 9 423 68 385 191 346 235 313 276 270 317 230 351 186 391 36 426 446 8
D 450 1 2 9 182 3 4
D 454 17 2 23 383 25 29
D 453 15 2 21 454 26 29
D 452 13 2 16 453 27 29
D 451 9 2 11 452 30 29
D 458 17 2 23 24 25 383
D 457 15 2 21 458 26 454
D 456 13 3 16 457 226 453 28 29
D 459 7 2 14 13 12 31
D 460 7 2 14 31 12 8
D 455 9 3 11 456 459 452 460 29
D 461 1 2 3 33 9 34
D 449 5 3 450 451 223 455 461 29
D 0 19 9 1 35 180 185 222 229 265 269 308 312 341 345 378 384 417 422 449 8
