c ids of sdd nodes start at 0
c sdd nodes appear bottom-up, children before parents
c
c file syntax:
c sdd count-of-sdd-nodes
c F id-of-false-sdd-node
c T id-of-true-sdd-node
c L id-of-literal-sdd-node id-of-vtree literal
c D id-of-decomposition-sdd-node id-of-vtree number-of-elements {id-of-prime id-of-sub}*
c
sdd 342
L 3 0 -3
L 5 2 -4
L 6 4 -2
L 7 2 4
F 8
D 4 3 2 5 6 7 8
L 9 0 3
D 2 1 2 3 4 9 8
L 12 6 -6
L 13 8 -7
L 14 6 6
D 11 7 2 12 13 14 8
L 17 10 -5
L 18 12 1
L 19 10 5
D 16 11 2 17 18 19 8
L 21 14 -8
L 23 16 -10
L 24 18 -9
L 25 16 10
D 22 17 2 23 24 25 8
L 26 14 8
D 20 15 2 21 22 26 8
L 28 12 -1
T 29
D 27 11 2 17 28 19 29
D 15 13 2 16 20 27 8
L 31 8 7
D 30 7 2 12 31 14 29
D 10 9 2 11 15 30 8
L 34 4 2
D 33 3 2 5 34 7 29
D 32 1 2 3 33 9 29
D 1 5 2 2 10 32 8
L 38 20 -13
L 40 22 -14
L 41 24 -12
L 42 22 14
D 39 23 2 40 41 42 8
L 43 20 13
D 37 21 2 38 39 43 8
L 46 26 -16
L 47 28 -17
L 48 26 16
D 45 27 2 46 47 48 8
L 51 30 -15
L 52 32 11
L 53 30 15
D 50 31 2 51 52 53 8
L 55 34 -18
L 57 36 -19
L 58 38 -20
L 59 36 19
D 56 37 2 57 58 59 8
L 60 34 18
D 54 35 2 55 56 60 8
L 62 32 -11
D 61 31 2 51 62 53 29
D 49 33 2 50 54 61 8
L 64 28 17
D 63 27 2 46 64 48 29
D 44 29 2 45 49 63 8
L 67 24 12
D 66 23 2 40 67 42 29
D 65 21 2 38 66 43 29
D 36 25 2 37 44 65 8
L 71 40 -26
L 72 42 -27
L 73 40 26
D 70 41 2 71 72 73 8
L 75 44 -28
L 77 46 -30
L 78 48 -29
L 79 46 30
D 76 47 2 77 78 79 8
L 80 44 28
D 74 45 2 75 76 80 8
L 82 42 27
D 81 41 2 71 82 73 29
D 69 43 2 70 74 81 8
L 86 50 21
L 87 52 -22
L 88 50 -21
D 85 51 2 86 87 88 8
L 90 54 -23
L 92 56 -25
L 93 58 -24
L 94 56 25
D 91 57 2 92 93 94 8
L 95 54 23
D 89 55 2 90 91 95 8
L 97 52 22
D 96 51 2 86 97 88 29
D 84 53 2 85 89 96 8
L 101 60 -33
L 102 62 -32
L 103 60 33
D 100 61 2 101 102 103 8
L 105 64 31
L 107 66 -38
L 109 68 -39
L 110 70 -40
L 111 68 39
D 108 69 2 109 110 111 8
L 112 66 38
D 106 67 2 107 108 112 8
L 113 64 -31
D 104 65 2 105 106 113 8
L 115 62 32
D 114 61 2 101 115 103 29
D 99 63 2 100 104 114 8
L 119 72 -34
L 120 74 -35
L 121 72 34
D 118 73 2 119 120 121 8
L 123 76 -36
L 124 78 -37
L 125 76 36
D 122 77 2 123 124 125 8
L 127 74 35
D 126 73 2 119 127 121 29
D 117 75 2 118 122 126 8
L 130 80 -42
L 131 82 -43
L 132 80 42
D 129 81 2 130 131 132 8
L 135 84 -41
L 136 86 -44
L 137 84 41
D 134 85 2 135 136 137 8
L 139 88 45
L 141 90 -46
L 143 92 -47
L 145 94 -48
L 147 96 -50
L 148 98 -49
L 149 96 50
D 146 97 2 147 148 149 8
L 150 94 48
D 144 95 2 145 146 150 8
L 151 92 47
D 142 93 2 143 144 151 8
L 152 90 46
D 140 91 2 141 142 152 8
L 153 88 -45
D 138 89 2 139 140 153 8
L 155 86 44
D 154 85 2 135 155 137 29
D 133 87 2 134 138 154 8
L 157 82 43
D 156 81 2 130 157 132 29
D 128 83 2 129 133 156 8
L 160 78 37
D 159 77 2 123 160 125 29
D 158 75 2 118 159 126 29
D 116 79 2 117 128 158 8
D 162 65 2 113 106 105 8
D 161 63 2 100 162 114 8
D 165 73 2 121 120 119 8
D 166 73 2 121 127 119 29
D 164 75 2 165 122 166 8
D 168 81 2 132 131 130 8
D 170 89 2 153 140 139 8
D 169 87 2 134 170 154 8
D 171 81 2 132 157 130 29
D 167 83 2 168 169 171 8
D 173 73 2 119 127 121 8
D 174 73 2 119 120 121 29
D 172 75 2 173 122 174 8
D 177 85 2 137 136 135 8
D 178 85 2 137 155 135 29
D 176 87 2 177 170 178 8
D 175 83 2 129 176 156 8
D 180 73 2 121 120 119 127
D 181 73 2 119 120 121 127
D 179 75 2 180 159 181 29
D 163 79 3 164 167 172 175 179 8
D 183 61 2 101 115 103 8
D 184 61 2 101 102 103 29
D 182 63 2 183 162 184 8
D 188 85 2 135 155 137 8
D 189 85 2 135 136 137 29
D 187 87 2 188 170 189 8
D 186 83 2 129 187 156 8
D 185 79 2 117 186 158 8
D 191 61 2 103 102 101 8
D 192 61 2 103 115 101 29
D 190 63 2 191 162 192 8
D 195 81 2 130 157 132 8
D 196 81 2 130 131 132 29
D 194 83 2 195 169 196 8
D 193 79 2 117 194 158 8
D 198 61 2 103 102 101 115
L 202 70 40
D 201 69 2 109 202 111 29
D 200 67 2 107 201 112 29
D 199 65 2 113 200 105 29
D 203 61 2 103 115 101 8
D 197 63 3 198 199 100 200 203 29
D 98 71 5 99 116 161 163 182 185 190 193 197 8
D 205 51 2 88 97 86 8
D 206 51 2 88 87 86 29
D 204 53 2 205 89 206 8
D 209 75 2 165 159 166 29
D 208 79 2 164 175 209 8
D 210 79 2 117 167 158 8
D 207 71 5 99 185 161 208 182 193 190 210 197 8
D 212 51 2 88 87 86 8
D 213 55 2 95 91 90 8
D 214 51 2 88 97 86 29
D 211 53 2 212 213 214 8
D 216 79 2 117 175 158 8
D 218 65 2 105 200 113 29
D 217 63 3 198 199 100 218 203 29
D 215 71 4 99 193 182 210 190 216 217 8
L 222 58 24
D 221 57 2 92 222 94 8
D 220 55 2 90 221 95 8
D 219 53 2 212 220 214 8
D 224 63 3 183 199 100 218 103 29
D 223 71 3 99 210 182 216 224 8
D 227 57 2 94 93 92 8
D 226 55 2 90 227 95 8
D 225 53 2 212 226 214 8
D 229 63 2 100 218 114 29
D 228 71 2 99 216 229 8
D 232 57 2 92 93 94 222
D 233 57 2 92 222 94 29
D 231 55 2 90 232 95 233
D 234 51 2 86 87 88 97
D 235 55 2 90 233 95 29
D 236 51 2 86 97 88 8
D 230 53 3 212 231 234 235 236 29
D 83 59 6 84 98 204 207 211 215 219 223 225 228 230 8
L 240 48 29
D 239 47 2 77 240 79 29
D 238 45 2 75 239 80 29
D 237 43 2 70 238 81 29
D 68 49 2 69 83 237 8
D 243 23 2 40 67 42 8
D 242 21 2 38 243 43 8
D 246 31 2 51 62 53 8
D 247 31 2 51 52 53 29
D 245 33 2 246 54 247 8
D 244 29 2 45 245 63 8
D 249 23 2 40 41 42 29
D 248 21 2 38 249 43 29
D 241 25 2 242 244 248 8
D 254 57 2 92 93 94 29
D 253 55 2 90 254 95 233
D 252 53 3 212 253 234 235 236 29
D 251 59 5 84 207 204 215 211 223 219 228 252 8
D 250 49 2 69 251 237 8
D 256 21 2 43 39 38 8
D 257 21 2 43 66 38 29
D 255 25 2 256 244 257 8
D 261 55 2 95 233 90 29
D 260 53 3 212 261 234 235 236 29
D 259 59 4 84 215 204 223 211 228 260 8
D 258 49 2 69 259 237 8
D 264 23 2 42 41 40 8
D 263 21 2 38 264 43 8
D 266 23 2 42 67 40 29
D 265 21 2 38 266 43 29
D 262 25 2 263 244 265 8
D 270 51 2 88 87 86 97
D 269 53 2 234 235 270 29
D 268 59 3 84 223 204 228 269 8
D 267 49 2 69 268 237 8
D 274 31 2 53 62 51 8
D 275 31 2 53 52 51 29
D 273 33 2 274 54 275 8
D 272 29 2 45 273 63 8
D 271 25 2 37 272 65 8
D 278 53 2 85 235 96 29
D 277 59 2 84 228 278 8
D 276 49 2 69 277 237 8
D 282 31 2 53 62 51 52
L 285 38 20
D 284 37 2 57 285 59 29
D 283 35 2 55 284 60 29
D 286 31 2 51 62 53 52
D 281 33 2 282 283 286 29
D 280 29 2 45 281 63 29
D 288 23 2 42 41 40 67
D 287 21 2 38 288 43 39
D 290 33 2 246 283 247 29
D 289 29 2 45 290 63 29
D 292 23 2 42 67 40 8
D 291 21 2 38 292 43 66
D 279 25 3 37 280 287 289 291 29
D 35 39 6 36 68 241 250 255 258 262 267 271 276 279 8
D 295 3 2 5 34 7 8
D 294 1 2 3 295 9 8
D 298 11 2 17 28 19 8
D 299 11 2 17 18 19 29
D 297 13 2 298 20 299 8
D 296 9 2 11 297 30 8
D 301 3 2 5 6 7 29
D 300 1 2 3 301 9 29
D 293 5 2 294 296 300 8
D 305 33 2 50 283 61 29
D 304 29 2 45 305 63 29
D 303 25 3 37 304 287 289 291 29
D 302 39 5 36 250 241 258 255 267 262 276 303 8
D 307 1 2 9 4 3 8
D 308 1 2 9 33 3 29
D 306 5 2 307 296 308 8
D 311 21 2 38 243 43 39
D 312 21 2 43 66 38 42
D 310 25 3 37 304 311 289 312 29
D 309 39 4 36 258 241 267 255 276 310 8
D 315 3 2 7 6 5 8
D 314 1 2 3 315 9 8
D 317 3 2 7 34 5 29
D 316 1 2 3 317 9 29
D 313 5 2 314 296 316 8
D 320 21 2 38 42 43 29
D 319 25 3 37 304 242 289 320 29
D 318 39 3 36 267 241 276 319 8
D 324 11 2 19 28 17 8
D 325 11 2 19 18 17 29
D 323 13 2 324 20 325 8
D 322 9 2 11 323 30 8
D 321 5 2 2 322 32 8
D 327 25 2 37 304 65 29
D 326 39 2 36 276 327 8
D 331 11 2 19 28 17 18
L 334 18 9
D 333 17 2 23 334 25 29
D 332 15 2 21 333 26 29
D 335 11 2 17 28 19 18
D 330 13 2 331 332 335 29
D 329 9 2 11 330 30 29
D 337 3 2 7 6 5 34
D 336 1 2 3 337 9 4
D 339 13 2 298 332 299 29
D 338 9 2 11 339 30 29
D 341 3 2 7 34 5 8
D 340 1 2 3 341 9 33
D 328 5 3 2 329 336 338 340 29
D 0 19 6 1 35 293 302 306 309 313 318 321 326 328 8
