c ids of sdd nodes start at 0
c sdd nodes appear bottom-up, children before parents
c
c file syntax:
c sdd count-of-sdd-nodes
c F id-of-false-sdd-node
c T id-of-true-sdd-node
c L id-of-literal-sdd-node id-of-vtree literal
c D id-of-decomposition-sdd-node id-of-vtree number-of-elements {id-of-prime id-of-sub}*
c
sdd 390
L 3 0 -3
L 5 2 -4
L 6 4 -2
L 7 2 4
F 8
D 4 3 2 5 6 7 8
L 9 0 3
D 2 1 2 3 4 9 8
L 12 6 -6
L 13 8 -7
L 14 6 6
D 11 7 2 12 13 14 8
L 17 10 5
L 18 12 -1
L 19 10 -5
D 16 11 2 17 18 19 8
L 21 14 -8
L 23 16 -10
L 24 18 -9
L 25 16 10
D 22 17 2 23 24 25 8
L 26 14 8
D 20 15 2 21 22 26 8
L 28 12 1
T 29
D 27 11 2 17 28 19 29
D 15 13 2 16 20 27 8
L 31 8 7
D 30 7 2 12 31 14 29
D 10 9 2 11 15 30 8
L 34 4 2
D 33 3 2 5 34 7 29
D 32 1 2 3 33 9 29
D 1 5 2 2 10 32 8
L 38 20 -13
L 40 22 -14
L 41 24 -12
L 42 22 14
D 39 23 2 40 41 42 8
L 43 20 13
D 37 21 2 38 39 43 8
L 46 26 -16
L 47 28 -17
L 48 26 16
D 45 27 2 46 47 48 8
L 51 30 -15
L 52 32 -11
L 53 30 15
D 50 31 2 51 52 53 8
L 55 34 -18
L 57 36 -19
L 58 38 20
L 59 36 19
D 56 37 2 57 58 59 8
L 60 34 18
D 54 35 2 55 56 60 8
L 62 32 11
D 61 31 2 51 62 53 29
D 49 33 2 50 54 61 8
L 64 28 17
D 63 27 2 46 64 48 29
D 44 29 2 45 49 63 8
L 67 24 12
D 66 23 2 40 67 42 29
D 65 21 2 38 66 43 29
D 36 25 2 37 44 65 8
L 71 40 -26
L 72 42 -27
L 73 40 26
D 70 41 2 71 72 73 8
L 75 44 -28
L 77 46 30
L 78 48 -29
L 79 46 -30
D 76 47 2 77 78 79 8
L 80 44 28
D 74 45 2 75 76 80 8
L 82 42 27
D 81 41 2 71 82 73 29
D 69 43 2 70 74 81 8
L 86 50 -21
L 87 52 -22
L 88 50 21
D 85 51 2 86 87 88 8
L 90 54 -23
L 92 56 -25
L 93 58 -24
L 94 56 25
D 91 57 2 92 93 94 8
L 95 54 23
D 89 55 2 90 91 95 8
L 97 52 22
D 96 51 2 86 97 88 29
D 84 53 2 85 89 96 8
L 101 60 -33
L 102 62 -32
L 103 60 33
D 100 61 2 101 102 103 8
L 105 64 -31
L 107 66 -38
L 109 68 -39
L 110 70 40
L 111 68 39
D 108 69 2 109 110 111 8
L 112 66 38
D 106 67 2 107 108 112 8
L 113 64 31
D 104 65 2 105 106 113 8
L 115 62 32
D 114 61 2 101 115 103 29
D 99 63 2 100 104 114 8
L 119 72 -34
L 120 74 -35
L 121 72 34
D 118 73 2 119 120 121 8
L 123 76 -36
L 124 78 -37
L 125 76 36
D 122 77 2 123 124 125 8
L 127 74 35
D 126 73 2 119 127 121 29
D 117 75 2 118 122 126 8
L 130 80 -42
L 131 82 -43
L 132 80 42
D 129 81 2 130 131 132 8
L 135 84 -41
L 136 86 -44
L 137 84 41
D 134 85 2 135 136 137 8
L 139 88 -45
L 141 90 -46
L 143 92 -47
L 145 94 -48
L 147 96 50
L 148 98 -49
L 149 96 -50
D 146 97 2 147 148 149 8
L 150 94 48
D 144 95 2 145 146 150 8
L 151 92 47
D 142 93 2 143 144 151 8
L 152 90 46
D 140 91 2 141 142 152 8
L 153 88 45
D 138 89 2 139 140 153 8
L 155 86 44
D 154 85 2 135 155 137 29
D 133 87 2 134 138 154 8
L 157 82 43
D 156 81 2 130 157 132 29
D 128 83 2 129 133 156 8
L 160 78 37
D 159 77 2 123 160 125 29
D 158 75 2 118 159 126 29
D 116 79 2 117 128 158 8
L 165 70 -40
D 164 69 2 109 165 111 29
D 163 67 2 107 164 112 29
D 162 65 2 105 163 113 29
D 161 63 2 100 162 114 29
D 98 71 2 99 116 161 8
L 169 58 24
D 168 57 2 92 169 94 29
D 167 55 2 90 168 95 29
D 166 53 2 85 167 96 29
D 83 59 2 84 98 166 8
L 173 48 29
D 172 47 2 77 173 79 29
D 171 45 2 75 172 80 29
D 170 43 2 70 171 81 29
D 68 49 2 69 83 170 8
L 179 38 -20
D 178 37 2 57 179 59 29
D 177 35 2 55 178 60 29
D 176 33 2 50 177 61 29
D 175 29 2 45 176 63 29
D 174 25 2 37 175 65 29
D 35 39 2 36 68 174 8
D 182 7 2 14 13 12 8
D 184 11 2 19 18 17 8
D 185 11 2 19 28 17 29
D 183 13 2 184 20 185 8
D 186 7 2 14 31 12 29
D 181 9 2 182 183 186 8
D 180 5 2 2 181 32 8
D 192 37 2 59 179 57 8
D 191 35 2 55 192 60 8
D 190 33 2 50 191 61 8
D 189 29 2 45 190 63 8
D 188 25 2 37 189 65 8
D 199 69 2 111 165 109 8
D 198 67 2 107 199 112 8
D 197 65 2 105 198 113 8
D 196 63 2 100 197 114 8
L 208 98 49
D 207 97 2 149 208 147 8
D 206 95 2 145 207 150 8
D 205 93 2 143 206 151 8
D 204 91 2 141 205 152 8
D 203 89 2 139 204 153 8
D 202 87 2 134 203 154 8
D 201 83 2 129 202 156 8
D 200 79 2 117 201 158 8
D 212 69 2 109 165 111 110
D 211 67 2 107 212 112 29
D 210 65 2 105 211 113 29
D 209 63 2 100 210 114 29
D 195 71 3 196 116 99 200 209 8
D 194 59 2 84 195 166 8
D 215 47 2 79 173 77 8
D 214 45 2 75 215 80 8
D 213 43 2 70 214 81 8
D 218 47 2 79 78 77 173
D 217 45 2 75 218 80 29
D 216 43 2 70 217 81 29
D 193 49 3 69 194 213 83 216 8
D 223 37 2 57 179 59 58
D 222 35 2 55 223 60 29
D 221 33 2 50 222 61 29
D 220 29 2 45 221 63 29
D 219 25 2 37 220 65 29
D 187 39 3 188 68 36 193 219 8
D 226 7 2 12 31 14 8
D 227 7 2 12 13 14 29
D 225 9 2 226 183 227 8
D 224 5 2 2 225 32 8
D 233 37 2 57 179 59 8
D 232 35 2 60 233 55 8
D 231 33 2 50 232 61 8
D 230 29 2 45 231 63 8
D 229 25 2 37 230 65 8
D 240 69 2 109 165 111 8
D 239 67 2 112 240 107 8
D 238 65 2 105 239 113 8
D 237 63 2 100 238 114 8
D 248 97 2 149 148 147 8
D 247 95 2 150 248 145 8
D 246 93 2 143 247 151 8
D 245 91 2 141 246 152 8
D 244 89 2 139 245 153 8
D 243 87 2 134 244 154 8
D 242 83 2 129 243 156 8
D 241 79 2 117 242 158 8
D 252 69 2 109 110 111 29
D 251 67 2 107 212 112 252
D 250 65 2 105 251 113 29
D 249 63 2 100 250 114 29
D 236 71 4 237 116 99 241 196 200 249 8
D 235 59 2 84 236 166 8
D 255 47 2 79 78 77 8
D 254 45 2 80 255 75 8
D 253 43 2 70 254 81 8
D 258 47 2 79 173 77 29
D 257 45 2 75 218 80 258
D 256 43 2 70 257 81 29
D 234 49 4 69 235 213 194 253 83 256 8
D 263 37 2 57 58 59 29
D 262 35 2 60 263 55 223
D 261 33 2 50 262 61 29
D 260 29 2 45 261 63 29
D 259 25 2 37 260 65 29
D 228 39 4 229 68 188 193 36 234 259 8
D 267 15 2 26 22 21 8
D 266 13 2 184 267 185 8
D 265 9 2 11 266 30 8
D 264 5 2 2 265 32 8
D 271 27 2 46 64 48 8
D 273 35 2 55 233 60 8
D 272 33 2 50 273 61 8
D 274 27 2 46 47 48 29
D 270 29 2 271 272 274 8
D 269 25 2 37 270 65 8
D 284 95 2 145 248 150 8
D 283 93 2 151 284 143 8
D 282 91 2 141 283 152 8
D 281 89 2 139 282 153 8
D 280 87 2 134 281 154 8
D 279 83 2 129 280 156 8
D 278 79 2 117 279 158 8
D 287 67 2 107 240 112 8
D 286 65 2 105 287 113 8
D 285 63 2 100 286 114 8
D 290 77 2 123 160 125 8
D 289 75 2 118 290 126 8
D 292 77 2 123 124 125 29
D 291 75 2 118 292 126 29
D 288 79 2 289 128 291 8
D 296 69 2 111 110 109 8
D 295 67 2 107 296 112 252
D 294 65 2 105 295 113 29
D 293 63 2 100 294 114 29
D 277 71 5 99 278 196 241 237 200 285 288 293 8
D 276 59 2 84 277 166 8
D 298 41 2 71 82 73 8
D 299 45 2 75 255 80 8
D 300 41 2 71 72 73 29
D 297 43 2 298 299 300 8
D 302 45 2 75 258 80 29
D 301 43 3 70 257 298 302 73 29
D 275 49 5 69 276 213 235 253 194 297 83 301 8
D 306 35 2 55 263 60 29
D 305 33 2 50 306 61 29
D 304 29 3 45 261 271 305 48 29
D 303 25 2 37 304 65 29
D 268 39 5 269 68 229 193 188 234 36 275 303 8
L 312 18 9
D 311 17 2 23 312 25 8
D 310 15 2 21 311 26 8
D 309 13 2 184 310 185 8
D 308 9 2 11 309 30 8
D 307 5 2 2 308 32 8
D 316 27 2 48 47 46 8
D 317 27 2 48 64 46 29
D 315 29 2 316 272 317 8
D 314 25 2 37 315 65 8
D 326 93 2 143 284 151 8
D 325 91 2 152 326 141 8
D 324 89 2 139 325 153 8
D 323 87 2 134 324 154 8
D 322 83 2 129 323 156 8
D 321 79 2 117 322 158 8
D 329 77 2 125 124 123 8
D 328 75 2 118 329 126 8
D 331 77 2 123 124 125 160
D 330 75 2 118 331 126 29
D 327 79 3 328 128 289 201 330 8
D 320 71 5 99 321 285 327 196 278 237 241 293 8
D 319 59 2 84 320 166 8
D 333 41 2 73 72 71 8
D 334 41 2 73 82 71 29
D 332 43 2 333 299 334 8
D 336 41 2 73 72 71 82
D 337 41 2 73 82 71 8
D 335 43 3 70 257 336 302 337 29
D 318 49 6 69 319 213 276 253 235 297 194 332 83 335 8
D 340 27 2 48 47 46 64
D 341 27 2 48 64 46 8
D 339 29 3 45 261 340 305 341 29
D 338 25 2 37 339 65 29
D 313 39 6 314 68 269 193 229 234 188 275 36 318 338 8
D 346 17 2 25 24 23 8
D 345 15 2 21 346 26 8
D 344 13 2 184 345 185 8
D 343 9 2 11 344 30 8
D 342 5 2 2 343 32 8
D 351 31 2 53 52 51 8
D 352 31 2 53 62 51 29
D 350 33 2 351 273 352 8
D 349 29 2 45 350 63 8
D 348 25 2 37 349 65 8
D 358 73 2 119 127 121 8
D 359 73 2 119 120 121 29
D 357 75 2 358 122 359 8
D 360 75 3 118 331 358 159 121 29
D 356 79 4 357 128 328 201 289 242 360 8
D 365 91 2 141 326 152 8
D 364 89 2 153 365 139 8
D 363 87 2 134 364 154 8
D 362 83 2 129 363 156 8
D 361 79 2 117 362 158 8
D 355 71 5 285 356 196 321 99 361 237 278 293 8
D 354 59 2 84 355 166 8
D 366 43 2 70 299 81 8
D 370 57 2 94 93 92 8
D 369 55 2 90 370 95 8
D 368 53 2 85 369 96 8
D 373 57 2 94 169 92 29
D 372 55 2 90 373 95 29
D 371 53 2 85 372 96 29
D 367 59 2 368 98 371 8
D 376 47 2 77 173 79 8
D 375 45 2 75 376 80 258
D 374 43 3 70 375 336 302 337 29
D 353 49 7 69 354 366 367 213 319 253 276 297 235 332 194 374 8
D 379 33 3 351 306 50 262 62 29
D 378 29 3 45 379 340 305 341 29
D 377 25 2 37 378 65 29
D 347 39 7 348 68 314 193 269 234 229 275 188 318 36 353 377 8
D 384 17 2 23 24 25 312
D 385 17 2 23 312 25 29
D 383 15 2 21 384 26 385
D 386 15 2 21 385 26 29
D 382 13 3 184 383 16 386 28 29
D 387 7 2 14 13 12 31
D 388 13 2 184 386 185 29
D 389 7 2 14 31 12 8
D 381 9 3 11 382 387 388 389 29
D 380 5 2 2 381 32 29
D 0 19 7 1 35 180 187 224 228 264 268 307 313 342 347 380 8
