c ids of sdd nodes start at 0
c sdd nodes appear bottom-up, children before parents
c
c file syntax:
c sdd count-of-sdd-nodes
c F id-of-false-sdd-node
c T id-of-true-sdd-node
c L id-of-literal-sdd-node id-of-vtree literal
c D id-of-decomposition-sdd-node id-of-vtree number-of-elements {id-of-prime id-of-sub}*
c
sdd 352
L 3 0 -3
L 5 2 -4
L 6 4 -2
L 7 2 4
F 8
D 4 3 2 5 6 7 8
L 9 0 3
D 2 1 2 3 4 9 8
L 12 6 6
L 13 8 -7
L 14 6 -6
D 11 7 2 12 13 14 8
L 17 10 -5
L 18 12 -1
L 19 10 5
D 16 11 2 17 18 19 8
L 21 14 -8
L 23 16 -10
L 24 18 -9
L 25 16 10
D 22 17 2 23 24 25 8
L 26 14 8
D 20 15 2 21 22 26 8
L 28 12 1
T 29
D 27 11 2 17 28 19 29
D 15 13 2 16 20 27 8
L 31 8 7
D 30 7 2 12 31 14 29
D 10 9 2 11 15 30 8
L 34 4 2
D 33 3 2 5 34 7 29
D 32 1 2 3 33 9 29
D 1 5 2 2 10 32 8
L 38 20 -13
L 40 22 -14
L 41 24 -12
L 42 22 14
D 39 23 2 40 41 42 8
L 43 20 13
D 37 21 2 38 39 43 8
L 46 26 -16
L 47 28 -17
L 48 26 16
D 45 27 2 46 47 48 8
L 51 30 -15
L 52 32 -11
L 53 30 15
D 50 31 2 51 52 53 8
L 55 34 -18
L 57 36 -19
L 58 38 20
L 59 36 19
D 56 37 2 57 58 59 8
L 60 34 18
D 54 35 2 55 56 60 8
L 62 32 11
D 61 31 2 51 62 53 29
D 49 33 2 50 54 61 8
L 64 28 17
D 63 27 2 46 64 48 29
D 44 29 2 45 49 63 8
L 67 24 12
D 66 23 2 40 67 42 29
D 65 21 2 38 66 43 29
D 36 25 2 37 44 65 8
L 71 40 -26
L 72 42 -27
L 73 40 26
D 70 41 2 71 72 73 8
L 75 44 -28
L 77 46 30
L 78 48 -29
L 79 46 -30
D 76 47 2 77 78 79 8
L 80 44 28
D 74 45 2 75 76 80 8
L 82 42 27
D 81 41 2 71 82 73 29
D 69 43 2 70 74 81 8
L 86 50 -21
L 87 52 -22
L 88 50 21
D 85 51 2 86 87 88 8
L 90 54 -23
L 92 56 -25
L 93 58 -24
L 94 56 25
D 91 57 2 92 93 94 8
L 95 54 23
D 89 55 2 90 91 95 8
L 97 52 22
D 96 51 2 86 97 88 29
D 84 53 2 85 89 96 8
L 101 60 -33
L 102 62 -32
L 103 60 33
D 100 61 2 101 102 103 8
L 105 64 -31
L 107 66 -38
L 109 68 -39
L 110 70 40
L 111 68 39
D 108 69 2 109 110 111 8
L 112 66 38
D 106 67 2 107 108 112 8
L 113 64 31
D 104 65 2 105 106 113 8
L 115 62 32
D 114 61 2 101 115 103 29
D 99 63 2 100 104 114 8
L 119 72 -34
L 120 74 -35
L 121 72 34
D 118 73 2 119 120 121 8
L 123 76 -36
L 124 78 -37
L 125 76 36
D 122 77 2 123 124 125 8
L 127 74 35
D 126 73 2 119 127 121 29
D 117 75 2 118 122 126 8
L 130 80 -42
L 131 82 -43
L 132 80 42
D 129 81 2 130 131 132 8
L 135 84 -41
L 136 86 -44
L 137 84 41
D 134 85 2 135 136 137 8
L 139 88 -45
L 141 90 -46
L 143 92 -47
L 145 94 -48
L 147 96 50
L 148 98 -49
L 149 96 -50
D 146 97 2 147 148 149 8
L 150 94 48
D 144 95 2 145 146 150 8
L 151 92 47
D 142 93 2 143 144 151 8
L 152 90 46
D 140 91 2 141 142 152 8
L 153 88 45
D 138 89 2 139 140 153 8
L 155 86 44
D 154 85 2 135 155 137 29
D 133 87 2 134 138 154 8
L 157 82 43
D 156 81 2 130 157 132 29
D 128 83 2 129 133 156 8
L 160 78 37
D 159 77 2 123 160 125 29
D 158 75 2 118 159 126 29
D 116 79 2 117 128 158 8
L 165 70 -40
D 164 69 2 109 165 111 29
D 163 67 2 107 164 112 29
D 162 65 2 105 163 113 29
D 161 63 2 100 162 114 29
D 98 71 2 99 116 161 8
L 169 58 24
D 168 57 2 92 169 94 29
D 167 55 2 90 168 95 29
D 166 53 2 85 167 96 29
D 83 59 2 84 98 166 8
L 173 48 29
D 172 47 2 77 173 79 29
D 171 45 2 75 172 80 29
D 170 43 2 70 171 81 29
D 68 49 2 69 83 170 8
L 179 38 -20
D 178 37 2 57 179 59 29
D 177 35 2 55 178 60 29
D 176 33 2 50 177 61 29
D 175 29 2 45 176 63 29
D 174 25 2 37 175 65 29
D 35 39 2 36 68 174 8
D 182 7 2 14 31 12 8
D 183 7 2 14 13 12 29
D 181 9 2 182 15 183 8
D 180 5 2 2 181 32 8
D 189 37 2 59 179 57 8
D 188 35 2 55 189 60 8
D 187 33 2 50 188 61 8
D 186 29 2 45 187 63 8
D 185 25 2 37 186 65 8
D 196 69 2 111 165 109 8
D 195 67 2 107 196 112 8
D 194 65 2 105 195 113 8
D 193 63 2 100 194 114 8
L 205 98 49
D 204 97 2 149 205 147 8
D 203 95 2 145 204 150 8
D 202 93 2 143 203 151 8
D 201 91 2 141 202 152 8
D 200 89 2 139 201 153 8
D 199 87 2 134 200 154 8
D 198 83 2 129 199 156 8
D 197 79 2 117 198 158 8
D 209 69 2 109 165 111 110
D 208 67 2 107 209 112 29
D 207 65 2 105 208 113 29
D 206 63 2 100 207 114 29
D 192 71 3 193 116 99 197 206 8
D 191 59 2 84 192 166 8
D 212 47 2 79 173 77 8
D 211 45 2 75 212 80 8
D 210 43 2 70 211 81 8
D 215 47 2 79 78 77 173
D 214 45 2 75 215 80 29
D 213 43 2 70 214 81 29
D 190 49 3 69 191 210 83 213 8
D 220 37 2 57 179 59 58
D 219 35 2 55 220 60 29
D 218 33 2 50 219 61 29
D 217 29 2 45 218 63 29
D 216 25 2 37 217 65 29
D 184 39 3 185 68 36 190 216 8
D 223 7 2 14 13 12 8
D 225 15 2 26 22 21 8
D 224 13 2 16 225 27 8
D 226 7 2 14 31 12 29
D 222 9 2 223 224 226 8
D 221 5 2 2 222 32 8
D 232 37 2 57 179 59 8
D 231 35 2 60 232 55 8
D 230 33 2 50 231 61 8
D 229 29 2 45 230 63 8
D 228 25 2 37 229 65 8
D 239 69 2 109 165 111 8
D 238 67 2 112 239 107 8
D 237 65 2 105 238 113 8
D 236 63 2 100 237 114 8
D 247 97 2 149 148 147 8
D 246 95 2 150 247 145 8
D 245 93 2 143 246 151 8
D 244 91 2 141 245 152 8
D 243 89 2 139 244 153 8
D 242 87 2 134 243 154 8
D 241 83 2 129 242 156 8
D 240 79 2 117 241 158 8
D 251 69 2 109 110 111 29
D 250 67 2 107 209 112 251
D 249 65 2 105 250 113 29
D 248 63 2 100 249 114 29
D 235 71 4 236 116 99 240 193 197 248 8
D 234 59 2 84 235 166 8
D 254 47 2 79 78 77 8
D 253 45 2 80 254 75 8
D 252 43 2 70 253 81 8
D 257 47 2 79 173 77 29
D 256 45 2 75 215 80 257
D 255 43 2 70 256 81 29
D 233 49 4 69 234 210 191 252 83 255 8
D 262 37 2 57 58 59 29
D 261 35 2 60 262 55 220
D 260 33 2 50 261 61 29
D 259 29 2 45 260 63 29
D 258 25 2 37 259 65 29
D 227 39 4 228 68 185 190 36 233 258 8
L 268 18 9
D 267 17 2 23 268 25 8
D 266 15 2 21 267 26 8
D 265 13 2 16 266 27 8
D 264 9 2 223 265 226 8
D 263 5 2 2 264 32 8
D 272 27 2 46 64 48 8
D 274 35 2 55 232 60 8
D 273 33 2 50 274 61 8
D 275 27 2 46 47 48 29
D 271 29 2 272 273 275 8
D 270 25 2 37 271 65 8
D 285 95 2 145 247 150 8
D 284 93 2 151 285 143 8
D 283 91 2 141 284 152 8
D 282 89 2 139 283 153 8
D 281 87 2 134 282 154 8
D 280 83 2 129 281 156 8
D 279 79 2 117 280 158 8
D 288 67 2 107 239 112 8
D 287 65 2 105 288 113 8
D 286 63 2 100 287 114 8
D 291 77 2 123 160 125 8
D 290 75 2 118 291 126 8
D 293 77 2 123 124 125 29
D 292 75 2 118 293 126 29
D 289 79 2 290 128 292 8
D 297 69 2 111 110 109 8
D 296 67 2 107 297 112 251
D 295 65 2 105 296 113 29
D 294 63 2 100 295 114 29
D 278 71 5 99 279 193 240 236 197 286 289 294 8
D 277 59 2 84 278 166 8
D 299 41 2 71 82 73 8
D 300 45 2 75 254 80 8
D 301 41 2 71 72 73 29
D 298 43 2 299 300 301 8
D 303 45 2 75 257 80 29
D 302 43 3 70 256 299 303 73 29
D 276 49 5 69 277 210 234 252 191 298 83 302 8
D 307 35 2 55 262 60 29
D 306 33 2 50 307 61 29
D 305 29 3 45 260 272 306 48 29
D 304 25 2 37 305 65 29
D 269 39 5 270 68 228 190 185 233 36 276 304 8
D 312 17 2 25 24 23 8
D 311 15 2 21 312 26 8
D 310 13 2 16 311 27 8
D 309 9 2 223 310 226 8
D 308 5 2 2 309 32 8
D 316 27 2 48 47 46 8
D 317 27 2 48 64 46 29
D 315 29 2 316 273 317 8
D 314 25 2 37 315 65 8
D 326 93 2 143 285 151 8
D 325 91 2 152 326 141 8
D 324 89 2 139 325 153 8
D 323 87 2 134 324 154 8
D 322 83 2 129 323 156 8
D 321 79 2 117 322 158 8
D 329 77 2 125 124 123 8
D 328 75 2 118 329 126 8
D 331 77 2 123 124 125 160
D 330 75 2 118 331 126 29
D 327 79 3 328 128 290 198 330 8
D 320 71 5 99 321 286 327 193 279 236 240 294 8
D 319 59 2 84 320 166 8
D 333 41 2 73 72 71 8
D 334 41 2 73 82 71 29
D 332 43 2 333 300 334 8
D 336 41 2 73 72 71 82
D 337 41 2 73 82 71 8
D 335 43 3 70 256 336 303 337 29
D 318 49 6 69 319 210 277 252 234 298 191 332 83 335 8
D 340 27 2 48 47 46 64
D 341 27 2 48 64 46 8
D 339 29 3 45 260 340 306 341 29
D 338 25 2 37 339 65 29
D 313 39 6 314 68 270 190 228 233 185 276 36 318 338 8
D 346 17 2 23 24 25 268
D 347 17 2 23 268 25 29
D 345 15 2 21 346 26 347
D 344 13 2 16 345 27 29
D 348 7 2 12 13 14 31
D 350 15 2 21 347 26 29
D 349 13 2 16 350 27 29
D 351 7 2 12 31 14 8
D 343 9 3 223 344 348 349 351 29
D 342 5 2 2 343 32 29
D 0 19 6 1 35 180 184 221 227 263 269 308 313 342 8
