c ids of sdd nodes start at 0
c sdd nodes appear bottom-up, children before parents
c
c file syntax:
c sdd count-of-sdd-nodes
c F id-of-false-sdd-node
c T id-of-true-sdd-node
c L id-of-literal-sdd-node id-of-vtree literal
c D id-of-decomposition-sdd-node id-of-vtree number-of-elements {id-of-prime id-of-sub}*
c
sdd 374
L 3 0 -3
L 5 2 -4
L 6 4 -2
L 7 2 4
F 8
D 4 3 2 5 6 7 8
L 9 0 3
D 2 1 2 3 4 9 8
L 12 6 -6
L 13 8 -7
L 14 6 6
D 11 7 2 12 13 14 8
L 17 10 -5
L 18 12 1
L 19 10 5
D 16 11 2 17 18 19 8
L 21 14 -8
L 23 16 -10
L 24 18 -9
L 25 16 10
D 22 17 2 23 24 25 8
L 26 14 8
D 20 15 2 21 22 26 8
L 28 12 -1
T 29
D 27 11 2 17 28 19 29
D 15 13 2 16 20 27 8
L 31 8 7
D 30 7 2 12 31 14 29
D 10 9 2 11 15 30 8
L 34 4 2
D 33 3 2 5 34 7 29
D 32 1 2 3 33 9 29
D 1 5 2 2 10 32 8
L 38 20 -13
L 40 22 -14
L 41 24 -12
L 42 22 14
D 39 23 2 40 41 42 8
L 43 20 13
D 37 21 2 38 39 43 8
L 46 26 -16
L 47 28 -17
L 48 26 16
D 45 27 2 46 47 48 8
L 51 30 -15
L 52 32 11
L 53 30 15
D 50 31 2 51 52 53 8
L 55 34 -18
L 57 36 -19
L 58 38 -20
L 59 36 19
D 56 37 2 57 58 59 8
L 60 34 18
D 54 35 2 55 56 60 8
L 62 32 -11
D 61 31 2 51 62 53 29
D 49 33 2 50 54 61 8
L 64 28 17
D 63 27 2 46 64 48 29
D 44 29 2 45 49 63 8
L 67 24 12
D 66 23 2 40 67 42 29
D 65 21 2 38 66 43 29
D 36 25 2 37 44 65 8
L 71 40 26
L 72 42 -27
L 73 40 -26
D 70 41 2 71 72 73 8
L 75 44 -28
L 77 46 -30
L 78 48 -29
L 79 46 30
D 76 47 2 77 78 79 8
L 80 44 28
D 74 45 2 75 76 80 8
L 82 42 27
D 81 41 2 71 82 73 29
D 69 43 2 70 74 81 8
L 86 50 -21
L 87 52 -22
L 88 50 21
D 85 51 2 86 87 88 8
L 90 54 -23
L 92 56 -25
L 93 58 -24
L 94 56 25
D 91 57 2 92 93 94 8
L 95 54 23
D 89 55 2 90 91 95 8
L 97 52 22
D 96 51 2 86 97 88 29
D 84 53 2 85 89 96 8
L 101 60 -33
L 102 62 -32
L 103 60 33
D 100 61 2 101 102 103 8
L 105 64 31
L 107 66 -38
L 109 68 -39
L 110 70 -40
L 111 68 39
D 108 69 2 109 110 111 8
L 112 66 38
D 106 67 2 107 108 112 8
L 113 64 -31
D 104 65 2 105 106 113 8
L 115 62 32
D 114 61 2 101 115 103 29
D 99 63 2 100 104 114 8
L 119 72 -34
L 120 74 -35
L 121 72 34
D 118 73 2 119 120 121 8
L 123 76 -36
L 124 78 -37
L 125 76 36
D 122 77 2 123 124 125 8
L 127 74 35
D 126 73 2 119 127 121 29
D 117 75 2 118 122 126 8
L 130 80 -42
L 131 82 -43
L 132 80 42
D 129 81 2 130 131 132 8
L 135 84 41
L 136 86 -44
L 137 84 -41
D 134 85 2 135 136 137 8
L 139 88 -45
L 141 90 -46
L 143 92 -47
L 145 94 -48
L 147 96 -50
L 148 98 -49
L 149 96 50
D 146 97 2 147 148 149 8
L 150 94 48
D 144 95 2 145 146 150 8
L 151 92 47
D 142 93 2 143 144 151 8
L 152 90 46
D 140 91 2 141 142 152 8
L 153 88 45
D 138 89 2 139 140 153 8
L 155 86 44
D 154 85 2 135 155 137 29
D 133 87 2 134 138 154 8
L 157 82 43
D 156 81 2 130 157 132 29
D 128 83 2 129 133 156 8
L 160 78 37
D 159 77 2 123 160 125 29
D 158 75 2 118 159 126 29
D 116 79 2 117 128 158 8
L 165 70 40
D 164 69 2 109 165 111 29
D 163 67 2 107 164 112 29
D 162 65 2 105 163 113 29
D 161 63 2 100 162 114 29
D 98 71 2 99 116 161 8
L 169 58 24
D 168 57 2 92 169 94 29
D 167 55 2 90 168 95 29
D 166 53 2 85 167 96 29
D 83 59 2 84 98 166 8
D 171 41 2 73 72 71 8
D 172 41 2 73 82 71 29
D 170 43 2 171 74 172 8
D 175 51 2 88 87 86 8
D 176 51 2 88 97 86 29
D 174 53 2 175 89 176 8
D 179 65 2 113 106 105 8
D 178 63 2 100 179 114 8
D 182 73 2 121 120 119 8
D 183 73 2 121 127 119 29
D 181 75 2 182 122 183 8
D 185 81 2 130 157 132 8
D 187 85 2 137 136 135 8
D 188 85 2 137 155 135 29
D 186 87 2 187 138 188 8
D 189 81 2 130 131 132 29
D 184 83 2 185 186 189 8
D 191 73 2 119 127 121 8
D 192 73 2 119 120 121 29
D 190 75 2 191 122 192 8
D 194 81 2 132 131 130 8
D 195 81 2 132 157 130 29
D 193 83 2 194 186 195 8
D 197 77 2 125 124 123 8
D 196 75 2 118 197 126 8
D 199 77 2 125 160 123 29
D 200 73 2 121 120 119 127
D 201 73 2 121 127 119 8
D 198 75 3 118 199 200 159 201 29
D 180 79 4 181 184 190 193 196 128 198 8
D 206 91 2 152 142 141 8
D 205 89 2 139 206 153 8
D 204 87 2 187 205 188 8
D 203 83 2 129 204 156 8
D 202 79 2 117 203 158 8
D 208 61 2 101 115 103 8
D 209 61 2 101 102 103 29
D 207 63 2 208 179 209 8
D 213 89 2 153 140 139 8
D 212 87 2 187 213 188 8
D 211 83 2 129 212 156 8
D 210 79 2 117 211 158 8
D 215 61 2 103 102 101 8
D 216 61 2 103 115 101 29
D 214 63 2 215 179 216 8
D 220 85 2 137 155 135 8
D 221 85 2 137 136 135 29
D 219 87 2 220 138 221 8
D 218 83 2 129 219 156 8
D 217 79 2 117 218 158 8
D 223 61 2 103 102 101 115
D 224 65 2 113 163 105 29
D 225 61 2 103 115 101 8
D 222 63 3 223 224 100 163 225 29
D 177 71 5 178 180 99 202 207 210 214 217 222 8
D 227 51 2 86 97 88 8
D 228 51 2 86 87 88 29
D 226 53 2 227 89 228 8
D 232 73 2 119 120 121 127
D 231 75 2 200 159 232 29
D 230 79 3 181 193 190 128 231 8
D 233 79 2 117 184 158 8
D 229 71 5 99 210 178 230 207 217 214 233 222 8
D 235 55 2 95 91 90 8
D 234 53 2 85 235 96 8
D 238 75 2 182 159 183 29
D 237 79 2 181 128 238 8
D 239 79 2 117 193 158 8
D 236 71 5 99 217 178 237 207 233 214 239 222 8
D 242 57 2 92 169 94 8
D 241 55 2 90 242 95 8
D 240 53 2 85 241 96 8
D 244 63 3 223 224 100 162 225 29
D 243 71 4 99 233 207 239 214 116 244 8
D 247 57 2 94 93 92 8
D 246 55 2 90 247 95 8
D 245 53 2 85 246 96 8
D 249 63 3 208 224 100 162 103 29
D 248 71 3 99 239 207 116 249 8
D 252 57 2 92 93 94 169
D 251 55 2 90 252 95 168
D 253 51 2 88 87 86 97
D 254 51 2 88 97 86 8
D 250 53 3 85 251 253 167 254 29
D 173 59 6 174 177 226 229 234 236 240 243 245 248 250 8
L 258 48 29
D 257 47 2 77 258 79 29
D 256 45 2 75 257 80 29
D 255 43 2 72 256 82 29
D 68 49 3 69 83 170 173 255 8
D 261 23 2 40 67 42 8
D 260 21 2 38 261 43 8
D 264 31 2 51 62 53 8
D 265 31 2 51 52 53 29
D 263 33 2 264 54 265 8
D 262 29 2 45 263 63 8
D 267 23 2 40 41 42 29
D 266 21 2 38 267 43 29
D 259 25 2 260 262 266 8
D 269 59 6 174 229 226 236 234 243 240 248 245 98 250 8
D 270 43 2 171 256 172 29
D 268 49 2 170 269 270 8
D 272 21 2 43 39 38 8
D 273 21 2 43 66 38 29
D 271 25 2 272 262 273 8
D 278 57 2 92 93 94 29
D 277 55 2 90 278 95 168
D 276 53 3 85 277 253 167 254 29
D 275 59 5 174 236 226 243 234 248 240 98 276 8
D 274 49 2 170 275 270 8
D 281 23 2 42 41 40 8
D 280 21 2 38 281 43 8
D 283 23 2 42 67 40 29
D 282 21 2 38 283 43 29
D 279 25 2 280 262 282 8
D 287 55 2 95 168 90 29
D 286 53 3 85 287 253 167 254 29
D 285 59 4 174 243 226 248 234 98 286 8
D 284 49 2 170 285 270 8
D 291 31 2 53 62 51 8
D 292 31 2 53 52 51 29
D 290 33 2 291 54 292 8
D 289 29 2 45 290 63 8
D 288 25 2 37 289 65 8
D 296 51 2 86 87 88 97
D 295 53 2 253 167 296 29
D 294 59 3 174 248 226 98 295 8
D 293 49 2 170 294 270 8
D 299 27 2 48 47 46 8
D 300 27 2 48 64 46 29
D 298 29 2 299 263 300 8
D 297 25 2 37 298 65 8
D 303 53 2 175 167 176 29
D 302 59 2 174 98 303 8
D 301 49 2 170 302 270 8
D 307 31 2 53 62 51 52
L 310 38 20
D 309 37 2 57 310 59 29
D 308 35 2 55 309 60 29
D 311 31 2 51 62 53 52
D 306 33 2 307 308 311 29
D 312 33 2 264 308 265 29
D 305 29 3 45 306 299 312 64 29
D 314 23 2 42 41 40 67
D 313 21 2 38 314 43 39
D 315 29 2 45 312 63 29
D 317 23 2 42 67 40 8
D 316 21 2 38 317 43 66
D 304 25 3 37 305 313 315 316 29
D 35 39 7 36 68 259 268 271 274 279 284 288 293 297 301 304 8
D 320 3 2 5 34 7 8
D 319 1 2 3 320 9 8
D 323 11 2 17 28 19 8
D 324 11 2 17 18 19 29
D 322 13 2 323 20 324 8
D 321 9 2 11 322 30 8
D 326 3 2 5 6 7 29
D 325 1 2 3 326 9 29
D 318 5 2 319 321 325 8
D 329 29 2 45 306 63 29
D 328 25 3 37 329 313 315 316 29
D 327 39 6 36 268 259 274 271 284 279 293 288 301 328 8
D 331 1 2 9 4 3 8
D 332 1 2 9 33 3 29
D 330 5 2 331 321 332 8
D 336 33 2 50 308 61 29
D 335 29 2 45 336 63 29
D 334 25 3 37 335 313 315 316 29
D 333 39 5 36 274 259 284 271 293 279 301 334 8
D 339 3 2 7 6 5 8
D 338 1 2 3 339 9 8
D 341 3 2 7 34 5 29
D 340 1 2 3 341 9 29
D 337 5 2 338 321 340 8
D 344 21 2 38 261 43 39
D 345 21 2 43 66 38 42
D 343 25 3 37 335 344 315 345 29
D 342 39 4 36 284 259 293 271 301 343 8
D 349 11 2 19 28 17 8
D 350 11 2 19 18 17 29
D 348 13 2 349 20 350 8
D 347 9 2 11 348 30 8
D 346 5 2 2 347 32 8
D 353 21 2 38 42 43 29
D 352 25 3 37 335 260 315 353 29
D 351 39 3 36 293 259 301 352 8
D 356 7 2 14 13 12 8
D 357 7 2 14 31 12 29
D 355 9 2 356 322 357 8
D 354 5 2 2 355 32 8
D 359 25 2 37 335 65 29
D 358 39 2 36 301 359 8
D 363 11 2 19 28 17 18
L 366 18 9
D 365 17 2 23 366 25 29
D 364 15 2 21 365 26 29
D 367 11 2 17 28 19 18
D 362 13 2 363 364 367 29
D 368 13 2 323 364 324 29
D 361 9 3 11 362 356 368 31 29
D 370 3 2 7 6 5 34
D 369 1 2 3 370 9 4
D 371 9 2 11 368 30 29
D 373 3 2 7 34 5 8
D 372 1 2 3 373 9 33
D 360 5 3 2 361 369 371 372 29
D 0 19 7 1 35 318 327 330 333 337 342 346 351 354 358 360 8
