c ids of sdd nodes start at 0
c sdd nodes appear bottom-up, children before parents
c
c file syntax:
c sdd count-of-sdd-nodes
c F id-of-false-sdd-node
c T id-of-true-sdd-node
c L id-of-literal-sdd-node id-of-vtree literal
c D id-of-decomposition-sdd-node id-of-vtree number-of-elements {id-of-prime id-of-sub}*
c
sdd 410
L 3 0 -3
L 5 2 -4
L 6 4 -2
L 7 2 4
F 8
D 4 3 2 5 6 7 8
L 9 0 3
D 2 1 2 3 4 9 8
L 12 6 -6
L 13 8 -7
L 14 6 6
D 11 7 2 12 13 14 8
L 17 10 -5
L 18 12 1
L 19 10 5
D 16 11 2 17 18 19 8
L 21 14 -8
L 23 16 -10
L 24 18 -9
L 25 16 10
D 22 17 2 23 24 25 8
L 26 14 8
D 20 15 2 21 22 26 8
L 28 12 -1
T 29
D 27 11 2 17 28 19 29
D 15 13 2 16 20 27 8
L 31 8 7
D 30 7 2 12 31 14 29
D 10 9 2 11 15 30 8
L 34 4 2
D 33 3 2 5 34 7 29
D 32 1 2 3 33 9 29
D 1 5 2 2 10 32 8
L 38 20 -13
L 40 22 -14
L 41 24 -12
L 42 22 14
D 39 23 2 40 41 42 8
L 43 20 13
D 37 21 2 38 39 43 8
L 46 26 -16
L 47 28 -17
L 48 26 16
D 45 27 2 46 47 48 8
L 51 30 -15
L 52 32 11
L 53 30 15
D 50 31 2 51 52 53 8
L 55 34 -18
L 57 36 -19
L 58 38 -20
L 59 36 19
D 56 37 2 57 58 59 8
L 60 34 18
D 54 35 2 55 56 60 8
L 62 32 -11
D 61 31 2 51 62 53 29
D 49 33 2 50 54 61 8
L 64 28 17
D 63 27 2 46 64 48 29
D 44 29 2 45 49 63 8
L 67 24 12
D 66 23 2 40 67 42 29
D 65 21 2 38 66 43 29
D 36 25 2 37 44 65 8
L 71 40 26
L 72 42 -27
L 73 40 -26
D 70 41 2 71 72 73 8
L 75 44 -28
L 77 46 -30
L 78 48 -29
L 79 46 30
D 76 47 2 77 78 79 8
L 80 44 28
D 74 45 2 75 76 80 8
L 82 42 27
D 81 41 2 71 82 73 29
D 69 43 2 70 74 81 8
L 86 50 -21
L 87 52 -22
L 88 50 21
D 85 51 2 86 87 88 8
L 90 54 -23
L 92 56 -25
L 93 58 -24
L 94 56 25
D 91 57 2 92 93 94 8
L 95 54 23
D 89 55 2 90 91 95 8
L 97 52 22
D 96 51 2 86 97 88 29
D 84 53 2 85 89 96 8
L 101 60 -33
L 102 62 -32
L 103 60 33
D 100 61 2 101 102 103 8
L 105 64 31
L 107 66 -38
L 109 68 -39
L 110 70 -40
L 111 68 39
D 108 69 2 109 110 111 8
L 112 66 38
D 106 67 2 107 108 112 8
L 113 64 -31
D 104 65 2 105 106 113 8
L 115 62 32
D 114 61 2 101 115 103 29
D 99 63 2 100 104 114 8
L 119 72 -34
L 120 74 -35
L 121 72 34
D 118 73 2 119 120 121 8
L 123 76 -36
L 124 78 -37
L 125 76 36
D 122 77 2 123 124 125 8
L 127 74 35
D 126 73 2 119 127 121 29
D 117 75 2 118 122 126 8
L 130 80 42
L 131 82 -43
L 132 80 -42
D 129 81 2 130 131 132 8
L 135 84 -41
L 136 86 -44
L 137 84 41
D 134 85 2 135 136 137 8
L 139 88 -45
L 141 90 -46
L 143 92 -47
L 145 94 -48
L 147 96 -50
L 148 98 -49
L 149 96 50
D 146 97 2 147 148 149 8
L 150 94 48
D 144 95 2 145 146 150 8
L 151 92 47
D 142 93 2 143 144 151 8
L 152 90 46
D 140 91 2 141 142 152 8
L 153 88 45
D 138 89 2 139 140 153 8
L 155 86 44
D 154 85 2 135 155 137 29
D 133 87 2 134 138 154 8
L 157 82 43
D 156 81 2 130 157 132 29
D 128 83 2 129 133 156 8
L 160 78 37
D 159 77 2 123 160 125 29
D 158 75 2 118 159 126 29
D 116 79 2 117 128 158 8
D 162 61 2 101 115 103 8
D 163 65 2 113 106 105 8
D 164 61 2 101 102 103 29
D 161 63 2 162 163 164 8
D 167 81 2 132 131 130 8
D 169 85 2 137 136 135 8
D 170 85 2 137 155 135 29
D 168 87 2 169 138 170 8
D 171 81 2 132 157 130 29
D 166 83 2 167 168 171 8
D 165 79 2 117 166 158 8
L 176 70 40
D 175 69 2 109 176 111 29
D 174 67 2 107 175 112 29
D 173 65 2 113 174 105 29
D 177 65 2 105 174 113 29
D 172 63 3 162 173 100 177 103 29
D 98 71 3 99 116 161 165 172 8
L 181 58 24
D 180 57 2 92 181 94 29
D 179 55 2 90 180 95 29
D 178 53 2 85 179 96 29
D 83 59 2 84 98 178 8
D 183 41 2 73 72 71 8
D 184 41 2 73 82 71 29
D 182 43 2 183 74 184 8
D 187 51 2 88 87 86 8
D 188 51 2 88 97 86 29
D 186 53 2 187 89 188 8
D 190 63 2 100 163 114 8
D 193 73 2 121 120 119 8
D 194 73 2 121 127 119 29
D 192 75 2 193 122 194 8
D 197 85 2 135 155 137 8
D 198 85 2 135 136 137 29
D 196 87 2 197 138 198 8
D 195 83 2 167 196 171 8
D 200 73 2 119 127 121 8
D 201 73 2 119 120 121 29
D 199 75 2 200 122 201 8
D 203 81 2 132 157 130 8
D 204 81 2 132 131 130 29
D 202 83 2 203 133 204 8
D 206 77 2 125 124 123 8
D 205 75 2 118 206 126 8
D 208 77 2 123 160 125 8
D 207 75 2 118 208 126 8
D 210 77 2 123 124 125 160
D 211 73 2 121 120 119 127
D 212 73 2 121 127 119 8
D 209 75 3 118 210 211 159 212 29
D 191 79 5 192 195 199 202 205 128 207 166 209 8
D 217 91 2 152 142 141 8
D 216 89 2 139 217 153 8
D 215 87 2 134 216 154 8
D 214 83 2 167 215 171 8
D 213 79 2 117 214 158 8
D 219 61 2 103 102 101 8
D 220 61 2 103 115 101 29
D 218 63 2 219 163 220 8
D 224 89 2 153 140 139 8
D 223 87 2 134 224 154 8
D 222 83 2 167 223 171 8
D 221 79 2 117 222 158 8
D 230 93 2 151 144 143 8
D 229 91 2 141 230 152 8
D 228 89 2 139 229 153 8
D 227 87 2 134 228 154 8
D 226 83 2 167 227 171 8
D 225 79 2 117 226 158 8
D 232 61 2 103 102 101 115
D 233 61 2 103 115 101 8
D 231 63 3 232 173 100 174 233 29
D 189 71 5 190 191 161 213 218 221 99 225 231 8
D 235 51 2 86 97 88 8
D 236 51 2 86 87 88 29
D 234 53 2 235 89 236 8
D 240 77 2 125 160 123 29
D 239 75 3 118 240 211 159 212 29
D 238 79 4 192 202 199 128 205 166 239 8
D 241 79 2 117 195 158 8
D 237 71 5 190 238 99 213 161 221 218 241 231 8
D 243 55 2 95 91 90 8
D 242 53 2 85 243 96 8
D 247 73 2 119 120 121 127
D 246 75 2 211 159 247 29
D 245 79 3 192 128 199 166 246 8
D 248 79 2 117 202 158 8
D 244 71 5 99 221 190 245 161 241 218 248 231 8
D 251 57 2 92 181 94 8
D 250 55 2 90 251 95 8
D 249 53 2 85 250 96 8
D 254 75 2 193 159 194 29
D 253 79 2 192 166 254 8
D 252 71 5 99 241 190 253 161 248 218 116 231 8
D 257 57 2 94 93 92 8
D 256 55 2 90 257 95 8
D 255 53 2 85 256 96 8
D 259 63 3 232 173 100 177 233 29
D 258 71 4 99 248 161 116 218 165 259 8
D 262 57 2 92 93 94 181
D 261 55 2 90 262 95 180
D 263 51 2 88 87 86 97
D 264 51 2 88 97 86 8
D 260 53 3 85 261 263 179 264 29
D 185 59 6 186 189 234 237 242 244 249 252 255 258 260 8
D 266 41 2 73 82 71 8
D 267 41 2 73 72 71 29
D 265 43 2 266 74 267 8
D 270 63 2 100 177 114 29
D 269 71 2 99 165 270 8
D 268 59 2 84 269 178 8
D 272 41 2 71 72 73 29
L 275 48 29
D 274 47 2 77 275 79 29
D 273 45 2 75 274 80 29
D 276 41 2 71 82 73 8
D 271 43 2 272 273 276 29
D 68 49 4 69 83 182 185 265 268 271 8
D 279 23 2 40 67 42 8
D 278 21 2 38 279 43 8
D 282 31 2 51 62 53 8
D 283 31 2 51 52 53 29
D 281 33 2 282 54 283 8
D 280 29 2 45 281 63 8
D 285 23 2 40 41 42 29
D 284 21 2 38 285 43 29
D 277 25 2 278 280 284 8
D 287 59 6 186 237 234 244 242 252 249 258 255 98 260 8
D 288 43 2 72 273 82 29
D 286 49 3 69 268 182 287 288 8
D 290 21 2 43 39 38 8
D 291 21 2 43 66 38 29
D 289 25 2 290 280 291 8
D 293 59 6 186 244 234 252 242 258 249 98 255 269 260 8
D 294 43 2 183 273 184 29
D 292 49 2 182 293 294 8
D 297 23 2 42 41 40 8
D 296 21 2 38 297 43 8
D 299 23 2 42 67 40 29
D 298 21 2 38 299 43 29
D 295 25 2 296 280 298 8
D 304 57 2 92 93 94 29
D 303 55 2 90 304 95 180
D 302 53 3 85 303 263 179 264 29
D 301 59 5 186 252 234 258 242 98 249 269 302 8
D 300 49 2 182 301 294 8
D 308 31 2 53 62 51 8
D 309 31 2 53 52 51 29
D 307 33 2 308 54 309 8
D 306 29 2 45 307 63 8
D 305 25 2 37 306 65 8
D 313 55 2 95 180 90 29
D 312 53 3 85 313 263 179 264 29
D 311 59 4 186 258 234 98 242 269 312 8
D 310 49 2 182 311 294 8
D 316 27 2 48 47 46 8
D 317 27 2 48 64 46 29
D 315 29 2 316 281 317 8
D 314 25 2 37 315 65 8
D 321 51 2 86 87 88 97
D 320 53 2 263 179 321 29
D 319 59 3 186 98 234 269 320 8
D 318 49 2 182 319 294 8
D 324 27 2 46 64 48 8
D 325 27 2 46 47 48 29
D 323 29 2 324 281 325 8
D 322 25 2 37 323 65 8
D 328 53 2 187 179 188 29
D 327 59 2 186 269 328 8
D 326 49 2 182 327 294 8
D 332 31 2 53 62 51 52
L 335 38 20
D 334 37 2 57 335 59 29
D 333 35 2 55 334 60 29
D 336 31 2 51 62 53 52
D 331 33 2 332 333 336 29
D 337 27 2 48 47 46 64
D 338 33 2 282 333 283 29
D 339 27 2 48 64 46 8
D 330 29 3 45 331 337 338 339 29
D 341 23 2 42 41 40 67
D 340 21 2 38 341 43 39
D 342 29 2 45 338 63 29
D 344 23 2 42 67 40 8
D 343 21 2 38 344 43 66
D 329 25 3 37 330 340 342 343 29
D 35 39 8 36 68 277 286 289 292 295 300 305 310 314 318 322 326 329 8
D 347 3 2 5 34 7 8
D 346 1 2 3 347 9 8
D 350 11 2 17 28 19 8
D 351 11 2 17 18 19 29
D 349 13 2 350 20 351 8
D 348 9 2 11 349 30 8
D 353 3 2 5 6 7 29
D 352 1 2 3 353 9 29
D 345 5 2 346 348 352 8
D 356 29 3 45 331 316 338 64 29
D 355 25 3 37 356 340 342 343 29
D 354 39 7 36 286 277 292 289 300 295 310 305 318 314 326 355 8
D 358 1 2 9 4 3 8
D 359 1 2 9 33 3 29
D 357 5 2 358 348 359 8
D 362 29 2 45 331 63 29
D 361 25 3 37 362 340 342 343 29
D 360 39 6 36 292 277 300 289 310 295 318 305 326 361 8
D 365 3 2 7 6 5 8
D 364 1 2 3 365 9 8
D 367 3 2 7 34 5 29
D 366 1 2 3 367 9 29
D 363 5 2 364 348 366 8
D 371 33 2 50 333 61 29
D 370 29 2 45 371 63 29
D 369 25 3 37 370 340 342 343 29
D 368 39 5 36 300 277 310 289 318 295 326 369 8
D 375 11 2 19 28 17 8
D 376 11 2 19 18 17 29
D 374 13 2 375 20 376 8
D 373 9 2 11 374 30 8
D 372 5 2 2 373 32 8
D 379 21 2 38 279 43 39
D 380 21 2 43 66 38 42
D 378 25 3 37 370 379 342 380 29
D 377 39 4 36 310 277 318 289 326 378 8
D 383 7 2 14 13 12 8
D 384 7 2 14 31 12 29
D 382 9 2 383 349 384 8
D 381 5 2 2 382 32 8
D 387 21 2 38 42 43 29
D 386 25 3 37 370 278 342 387 29
D 385 39 3 36 318 277 326 386 8
D 390 7 2 12 31 14 8
D 391 7 2 12 13 14 29
D 389 9 2 390 349 391 8
D 388 5 2 2 389 32 8
D 393 25 2 37 370 65 29
D 392 39 2 36 326 393 8
D 397 11 2 19 28 17 18
L 400 18 9
D 399 17 2 23 400 25 29
D 398 15 2 21 399 26 29
D 401 11 2 17 28 19 18
D 396 13 2 397 398 401 29
D 402 7 2 14 13 12 31
D 403 13 2 350 398 351 29
D 404 7 2 14 31 12 8
D 395 9 3 11 396 402 403 404 29
D 406 3 2 7 6 5 34
D 405 1 2 3 406 9 4
D 407 9 2 11 403 30 29
D 409 3 2 7 34 5 8
D 408 1 2 3 409 9 33
D 394 5 3 2 395 405 407 408 29
D 0 19 8 1 35 345 354 357 360 363 368 372 377 381 385 388 392 394 8
