c ids of sdd nodes start at 0
c sdd nodes appear bottom-up, children before parents
c
c file syntax:
c sdd count-of-sdd-nodes
c F id-of-false-sdd-node
c T id-of-true-sdd-node
c L id-of-literal-sdd-node id-of-vtree literal
c D id-of-decomposition-sdd-node id-of-vtree number-of-elements {id-of-prime id-of-sub}*
c
sdd 446
L 3 0 -3
L 5 2 -4
L 6 4 -2
L 7 2 4
F 8
D 4 3 2 5 6 7 8
L 9 0 3
D 2 1 2 3 4 9 8
L 12 6 -6
L 13 8 -7
L 14 6 6
D 11 7 2 12 13 14 8
L 17 10 -5
L 18 12 1
L 19 10 5
D 16 11 2 17 18 19 8
L 21 14 -8
L 23 16 -10
L 24 18 -9
L 25 16 10
D 22 17 2 23 24 25 8
L 26 14 8
D 20 15 2 21 22 26 8
L 28 12 -1
T 29
D 27 11 2 17 28 19 29
D 15 13 2 16 20 27 8
L 31 8 7
D 30 7 2 12 31 14 29
D 10 9 2 11 15 30 8
L 34 4 2
D 33 3 2 5 34 7 29
D 32 1 2 3 33 9 29
D 1 5 2 2 10 32 8
L 38 20 -13
L 40 22 -14
L 41 24 -12
L 42 22 14
D 39 23 2 40 41 42 8
L 43 20 13
D 37 21 2 38 39 43 8
L 46 26 -16
L 47 28 -17
L 48 26 16
D 45 27 2 46 47 48 8
L 51 30 -15
L 52 32 11
L 53 30 15
D 50 31 2 51 52 53 8
L 55 34 -18
L 57 36 -19
L 58 38 -20
L 59 36 19
D 56 37 2 57 58 59 8
L 60 34 18
D 54 35 2 55 56 60 8
L 62 32 -11
D 61 31 2 51 62 53 29
D 49 33 2 50 54 61 8
L 64 28 17
D 63 27 2 46 64 48 29
D 44 29 2 45 49 63 8
L 67 24 12
D 66 23 2 40 67 42 29
D 65 21 2 38 66 43 29
D 36 25 2 37 44 65 8
L 71 40 26
L 72 42 -27
L 73 40 -26
D 70 41 2 71 72 73 8
L 75 44 -28
L 77 46 -30
L 78 48 -29
L 79 46 30
D 76 47 2 77 78 79 8
L 80 44 28
D 74 45 2 75 76 80 8
L 82 42 27
D 81 41 2 71 82 73 29
D 69 43 2 70 74 81 8
L 86 50 -21
L 87 52 -22
L 88 50 21
D 85 51 2 86 87 88 8
L 90 54 -23
L 92 56 -25
L 93 58 -24
L 94 56 25
D 91 57 2 92 93 94 8
L 95 54 23
D 89 55 2 90 91 95 8
L 97 52 22
D 96 51 2 86 97 88 29
D 84 53 2 85 89 96 8
L 101 60 -33
L 102 62 -32
L 103 60 33
D 100 61 2 101 102 103 8
L 105 64 31
L 107 66 -38
L 109 68 -39
L 110 70 -40
L 111 68 39
D 108 69 2 109 110 111 8
L 112 66 38
D 106 67 2 107 108 112 8
L 113 64 -31
D 104 65 2 105 106 113 8
L 115 62 32
D 114 61 2 101 115 103 29
D 99 63 2 100 104 114 8
L 119 72 -34
L 120 74 -35
L 121 72 34
D 118 73 2 119 120 121 8
L 123 76 -36
L 124 78 -37
L 125 76 36
D 122 77 2 123 124 125 8
L 127 74 35
D 126 73 2 119 127 121 29
D 117 75 2 118 122 126 8
L 130 80 -42
L 131 82 43
L 132 80 42
D 129 81 2 130 131 132 8
L 135 84 -41
L 136 86 -44
L 137 84 41
D 134 85 2 135 136 137 8
L 139 88 -45
L 141 90 -46
L 143 92 -47
L 145 94 -48
L 147 96 -50
L 148 98 -49
L 149 96 50
D 146 97 2 147 148 149 8
L 150 94 48
D 144 95 2 145 146 150 8
L 151 92 47
D 142 93 2 143 144 151 8
L 152 90 46
D 140 91 2 141 142 152 8
L 153 88 45
D 138 89 2 139 140 153 8
L 155 86 44
D 154 85 2 135 155 137 29
D 133 87 2 134 138 154 8
L 157 82 -43
D 156 81 2 130 157 132 29
D 128 83 2 129 133 156 8
L 160 78 37
D 159 77 2 123 160 125 29
D 158 75 2 118 159 126 29
D 116 79 2 117 128 158 8
D 162 61 2 101 115 103 8
D 163 65 2 113 106 105 8
D 164 61 2 101 102 103 29
D 161 63 2 162 163 164 8
D 167 81 2 132 157 130 8
D 168 81 2 132 131 130 29
D 166 83 2 167 133 168 8
D 165 79 2 117 166 158 8
D 170 61 2 103 102 101 8
D 171 61 2 103 115 101 29
D 169 63 2 170 163 171 8
D 174 81 2 130 157 132 8
D 176 85 2 137 136 135 8
D 177 85 2 137 155 135 29
D 175 87 2 176 138 177 8
D 178 81 2 130 131 132 29
D 173 83 2 174 175 178 8
D 172 79 2 117 173 158 8
D 180 61 2 103 102 101 115
L 184 70 40
D 183 69 2 109 184 111 29
D 182 67 2 107 183 112 29
D 181 65 2 113 182 105 29
D 185 65 2 105 182 113 29
D 186 61 2 103 115 101 8
D 179 63 3 180 181 100 185 186 29
D 98 71 4 99 116 161 165 169 172 179 8
L 190 58 24
D 189 57 2 92 190 94 29
D 188 55 2 90 189 95 29
D 187 53 2 85 188 96 29
D 83 59 2 84 98 187 8
D 192 41 2 73 72 71 8
D 193 41 2 73 82 71 29
D 191 43 2 192 74 193 8
D 196 51 2 88 87 86 8
D 197 51 2 88 97 86 29
D 195 53 2 196 89 197 8
D 199 63 2 100 163 114 8
D 202 73 2 121 120 119 8
D 203 73 2 121 127 119 29
D 201 75 2 202 122 203 8
D 206 89 2 153 140 139 8
D 205 87 2 134 206 154 8
D 204 83 2 174 205 178 8
D 208 73 2 119 127 121 8
D 209 73 2 119 120 121 29
D 207 75 2 208 122 209 8
D 212 85 2 135 155 137 8
D 213 85 2 135 136 137 29
D 211 87 2 212 138 213 8
D 210 83 2 174 211 178 8
D 215 77 2 125 124 123 8
D 214 75 2 118 215 126 8
D 217 77 2 123 160 125 8
D 216 75 2 118 217 126 8
D 219 77 2 123 124 125 160
D 220 73 2 121 120 119 127
D 221 73 2 121 127 119 8
D 218 75 3 118 219 220 159 221 29
D 200 79 5 201 204 207 210 214 128 216 166 218 8
D 226 91 2 152 142 141 8
D 225 89 2 139 226 153 8
D 224 87 2 134 225 154 8
D 223 83 2 174 224 178 8
D 222 79 2 117 223 158 8
D 232 93 2 151 144 143 8
D 231 91 2 141 232 152 8
D 230 89 2 139 231 153 8
D 229 87 2 134 230 154 8
D 228 83 2 174 229 178 8
D 227 79 2 117 228 158 8
D 239 95 2 150 146 145 8
D 238 93 2 143 239 151 8
D 237 91 2 141 238 152 8
D 236 89 2 139 237 153 8
D 235 87 2 134 236 154 8
D 234 83 2 174 235 178 8
D 233 79 2 117 234 158 8
D 242 67 2 112 108 107 8
D 241 65 2 113 242 105 8
D 240 63 2 100 241 114 8
D 244 65 2 105 182 113 183
D 243 63 3 100 244 180 181 186 29
D 198 71 6 199 200 169 222 161 227 99 233 240 172 243 8
D 246 51 2 86 97 88 8
D 247 51 2 86 87 88 29
D 245 53 2 246 89 247 8
D 249 79 5 201 210 207 128 214 166 216 173 218 8
D 250 79 2 117 204 158 8
D 251 63 3 180 181 100 182 186 29
D 248 71 5 199 249 161 222 169 250 99 227 251 8
D 253 55 2 95 91 90 8
D 252 53 2 85 253 96 8
D 257 77 2 125 160 123 29
D 256 75 3 118 257 220 159 221 29
D 255 79 4 201 128 207 166 214 173 256 8
D 258 79 2 117 210 158 8
D 254 71 5 199 255 99 222 161 250 169 258 251 8
D 261 57 2 92 190 94 8
D 260 55 2 90 261 95 8
D 259 53 2 85 260 96 8
D 265 73 2 119 120 121 127
D 264 75 2 220 159 265 29
D 263 79 3 201 166 207 173 264 8
D 262 71 5 99 250 199 263 161 258 169 116 251 8
D 268 57 2 94 93 92 8
D 267 55 2 90 268 95 8
D 266 53 2 85 267 96 8
D 271 75 2 202 159 203 29
D 270 79 2 201 173 271 8
D 269 71 5 99 258 199 270 161 116 169 165 251 8
D 274 57 2 92 93 94 190
D 273 55 2 90 274 95 189
D 275 51 2 88 87 86 97
D 276 51 2 88 97 86 8
D 272 53 3 85 273 275 188 276 29
D 194 59 6 195 198 245 248 252 254 259 262 266 269 272 8
D 278 41 2 73 82 71 8
D 279 41 2 73 72 71 29
D 277 43 2 278 74 279 8
D 282 63 3 162 181 100 185 103 29
D 281 71 3 99 165 161 172 282 8
D 280 59 2 84 281 187 8
D 284 45 2 80 76 75 8
D 283 43 2 192 284 193 8
D 287 63 2 100 185 114 29
D 286 71 2 99 172 287 8
D 285 59 2 84 286 187 8
D 289 41 2 71 72 73 82
L 292 48 29
D 291 47 2 77 292 79 29
D 290 45 2 75 291 80 29
D 293 41 2 71 82 73 8
D 288 43 3 289 290 192 291 293 29
D 68 49 5 69 83 191 194 277 280 283 285 288 8
D 296 23 2 40 67 42 8
D 295 21 2 38 296 43 8
D 299 31 2 51 62 53 8
D 300 31 2 51 52 53 29
D 298 33 2 299 54 300 8
D 297 29 2 45 298 63 8
D 302 23 2 40 41 42 29
D 301 21 2 38 302 43 29
D 294 25 2 295 297 301 8
D 304 59 6 195 248 245 254 252 262 259 269 266 98 272 8
D 306 41 2 71 72 73 29
D 305 43 2 306 290 293 29
D 303 49 4 69 280 191 304 277 285 305 8
D 308 21 2 43 39 38 8
D 309 21 2 43 66 38 29
D 307 25 2 308 297 309 8
D 311 59 6 195 254 245 262 252 269 259 98 266 281 272 8
D 312 43 2 72 290 82 29
D 310 49 3 69 285 191 311 312 8
D 315 23 2 42 41 40 8
D 314 21 2 38 315 43 8
D 317 23 2 42 67 40 29
D 316 21 2 38 317 43 29
D 313 25 2 314 297 316 8
D 319 59 6 195 262 245 269 252 98 259 281 266 286 272 8
D 320 43 2 192 290 193 29
D 318 49 2 191 319 320 8
D 324 31 2 53 62 51 8
D 325 31 2 53 52 51 29
D 323 33 2 324 54 325 8
D 322 29 2 45 323 63 8
D 321 25 2 37 322 65 8
D 330 57 2 92 93 94 29
D 329 55 2 90 330 95 189
D 328 53 3 85 329 275 188 276 29
D 327 59 5 195 269 245 98 252 281 259 286 328 8
D 326 49 2 191 327 320 8
D 333 27 2 48 47 46 8
D 334 27 2 48 64 46 29
D 332 29 2 333 298 334 8
D 331 25 2 37 332 65 8
D 338 55 2 95 189 90 29
D 337 53 3 85 338 275 188 276 29
D 336 59 4 195 98 245 281 252 286 337 8
D 335 49 2 191 336 320 8
D 341 27 2 46 64 48 8
D 342 27 2 46 47 48 29
D 340 29 2 341 298 342 8
D 339 25 2 37 340 65 8
D 346 51 2 86 87 88 97
D 345 53 2 275 188 346 29
D 344 59 3 195 281 245 286 345 8
D 343 49 2 191 344 320 8
D 350 35 2 60 56 55 8
D 349 33 2 299 350 300 8
D 348 29 2 45 349 63 8
D 347 25 2 37 348 65 8
D 353 53 2 196 188 197 29
D 352 59 2 195 286 353 8
D 351 49 2 191 352 320 8
L 359 38 20
D 358 37 2 57 359 59 29
D 357 35 2 60 358 55 29
D 360 31 2 53 62 51 52
D 361 35 2 55 358 60 29
D 362 31 2 53 52 51 8
D 356 33 3 299 357 360 361 362 29
D 363 27 2 48 47 46 64
D 364 33 2 299 361 300 29
D 365 27 2 48 64 46 8
D 355 29 3 45 356 363 364 365 29
D 367 23 2 42 41 40 67
D 366 21 2 38 367 43 39
D 368 29 2 45 364 63 29
D 370 23 2 42 67 40 8
D 369 21 2 38 370 43 66
D 354 25 3 37 355 366 368 369 29
D 35 39 9 36 68 294 303 307 310 313 318 321 326 331 335 339 343 347 351 354 8
D 373 3 2 5 34 7 8
D 372 1 2 3 373 9 8
D 376 11 2 17 28 19 8
D 377 11 2 17 18 19 29
D 375 13 2 376 20 377 8
D 374 9 2 11 375 30 8
D 379 3 2 5 6 7 29
D 378 1 2 3 379 9 29
D 371 5 2 372 374 378 8
D 384 31 2 51 62 53 52
D 383 33 2 360 361 384 29
D 382 29 3 45 383 363 364 365 29
D 381 25 3 37 382 366 368 369 29
D 380 39 8 36 303 294 310 307 318 313 326 321 335 331 343 339 351 381 8
D 386 1 2 9 4 3 8
D 387 1 2 9 33 3 29
D 385 5 2 386 374 387 8
D 390 29 3 45 383 333 364 64 29
D 389 25 3 37 390 366 368 369 29
D 388 39 7 36 310 294 318 307 326 313 335 321 343 331 351 389 8
D 393 3 2 7 6 5 8
D 392 1 2 3 393 9 8
D 395 3 2 7 34 5 29
D 394 1 2 3 395 9 29
D 391 5 2 392 374 394 8
D 398 29 2 45 383 63 29
D 397 25 3 37 398 366 368 369 29
D 396 39 6 36 318 294 326 307 335 313 343 321 351 397 8
D 402 11 2 19 28 17 8
D 403 11 2 19 18 17 29
D 401 13 2 402 20 403 8
D 400 9 2 11 401 30 8
D 399 5 2 2 400 32 8
D 407 33 2 50 361 61 29
D 406 29 2 45 407 63 29
D 405 25 3 37 406 366 368 369 29
D 404 39 5 36 326 294 335 307 343 313 351 405 8
D 410 7 2 14 13 12 8
D 411 7 2 14 31 12 29
D 409 9 2 410 375 411 8
D 408 5 2 2 409 32 8
D 414 21 2 38 296 43 39
D 415 21 2 43 66 38 42
D 413 25 3 37 406 414 368 415 29
D 412 39 4 36 335 294 343 307 351 413 8
D 418 7 2 12 31 14 8
D 419 7 2 12 13 14 29
D 417 9 2 418 375 419 8
D 416 5 2 2 417 32 8
D 422 21 2 38 42 43 29
D 421 25 3 37 406 295 368 422 29
D 420 39 3 36 343 294 351 421 8
D 426 15 2 26 22 21 8
D 425 13 2 376 426 377 8
D 424 9 2 11 425 30 8
D 423 5 2 2 424 32 8
D 428 25 2 37 406 65 29
D 427 39 2 36 351 428 8
L 434 18 9
D 433 17 2 23 434 25 29
D 432 15 2 26 433 21 29
D 435 11 2 19 28 17 18
D 436 15 2 21 433 26 29
D 437 11 2 19 18 17 8
D 431 13 3 376 432 435 436 437 29
D 438 7 2 14 13 12 31
D 439 13 2 376 436 377 29
D 440 7 2 14 31 12 8
D 430 9 3 11 431 438 439 440 29
D 442 3 2 7 6 5 34
D 441 1 2 3 442 9 4
D 443 9 2 11 439 30 29
D 445 3 2 7 34 5 8
D 444 1 2 3 445 9 33
D 429 5 3 2 430 441 443 444 29
D 0 19 9 1 35 371 380 385 388 391 396 399 404 408 412 416 420 423 427 429 8
