c ids of sdd nodes start at 0
c sdd nodes appear bottom-up, children before parents
c
c file syntax:
c sdd count-of-sdd-nodes
c F id-of-false-sdd-node
c T id-of-true-sdd-node
c L id-of-literal-sdd-node id-of-vtree literal
c D id-of-decomposition-sdd-node id-of-vtree number-of-elements {id-of-prime id-of-sub}*
c
sdd 489
L 3 0 -3
L 5 2 -4
L 6 4 -2
L 7 2 4
F 8
D 4 3 2 5 6 7 8
L 9 0 3
D 2 1 2 3 4 9 8
L 12 6 -6
L 13 8 -7
L 14 6 6
D 11 7 2 12 13 14 8
L 17 10 -5
L 18 12 1
L 19 10 5
D 16 11 2 17 18 19 8
L 21 14 -8
L 23 16 -10
L 24 18 -9
L 25 16 10
D 22 17 2 23 24 25 8
L 26 14 8
D 20 15 2 21 22 26 8
L 28 12 -1
T 29
D 27 11 2 17 28 19 29
D 15 13 2 16 20 27 8
L 31 8 7
D 30 7 2 12 31 14 29
D 10 9 2 11 15 30 8
L 34 4 2
D 33 3 2 5 34 7 29
D 32 1 2 3 33 9 29
D 1 5 2 2 10 32 8
L 38 20 -13
L 40 22 -14
L 41 24 -12
L 42 22 14
D 39 23 2 40 41 42 8
L 43 20 13
D 37 21 2 38 39 43 8
L 46 26 -16
L 47 28 -17
L 48 26 16
D 45 27 2 46 47 48 8
L 51 30 -15
L 52 32 11
L 53 30 15
D 50 31 2 51 52 53 8
L 55 34 -18
L 57 36 -19
L 58 38 -20
L 59 36 19
D 56 37 2 57 58 59 8
L 60 34 18
D 54 35 2 55 56 60 8
L 62 32 -11
D 61 31 2 51 62 53 29
D 49 33 2 50 54 61 8
L 64 28 17
D 63 27 2 46 64 48 29
D 44 29 2 45 49 63 8
L 67 24 12
D 66 23 2 40 67 42 29
D 65 21 2 38 66 43 29
D 36 25 2 37 44 65 8
L 71 40 26
L 72 42 -27
L 73 40 -26
D 70 41 2 71 72 73 8
L 75 44 -28
L 77 46 -30
L 78 48 -29
L 79 46 30
D 76 47 2 77 78 79 8
L 80 44 28
D 74 45 2 75 76 80 8
L 82 42 27
D 81 41 2 71 82 73 29
D 69 43 2 70 74 81 8
L 86 50 -21
L 87 52 -22
L 88 50 21
D 85 51 2 86 87 88 8
L 90 54 -23
L 92 56 -25
L 93 58 -24
L 94 56 25
D 91 57 2 92 93 94 8
L 95 54 23
D 89 55 2 90 91 95 8
L 97 52 22
D 96 51 2 86 97 88 29
D 84 53 2 85 89 96 8
L 101 60 -33
L 102 62 -32
L 103 60 33
D 100 61 2 101 102 103 8
L 105 64 31
L 107 66 -38
L 109 68 -39
L 110 70 -40
L 111 68 39
D 108 69 2 109 110 111 8
L 112 66 38
D 106 67 2 107 108 112 8
L 113 64 -31
D 104 65 2 105 106 113 8
L 115 62 32
D 114 61 2 101 115 103 29
D 99 63 2 100 104 114 8
L 119 72 -34
L 120 74 -35
L 121 72 34
D 118 73 2 119 120 121 8
L 123 76 -36
L 124 78 -37
L 125 76 36
D 122 77 2 123 124 125 8
L 127 74 35
D 126 73 2 119 127 121 29
D 117 75 2 118 122 126 8
L 130 80 -42
L 131 82 -43
L 132 80 42
D 129 81 2 130 131 132 8
L 135 84 -41
L 136 86 44
L 137 84 41
D 134 85 2 135 136 137 8
L 139 88 -45
L 141 90 -46
L 143 92 -47
L 145 94 -48
L 147 96 -50
L 148 98 -49
L 149 96 50
D 146 97 2 147 148 149 8
L 150 94 48
D 144 95 2 145 146 150 8
L 151 92 47
D 142 93 2 143 144 151 8
L 152 90 46
D 140 91 2 141 142 152 8
L 153 88 45
D 138 89 2 139 140 153 8
L 155 86 -44
D 154 85 2 135 155 137 29
D 133 87 2 134 138 154 8
L 157 82 43
D 156 81 2 130 157 132 29
D 128 83 2 129 133 156 8
L 160 78 37
D 159 77 2 123 160 125 29
D 158 75 2 118 159 126 29
D 116 79 2 117 128 158 8
D 162 65 2 113 106 105 8
D 161 63 2 100 162 114 8
D 165 73 2 121 120 119 8
D 166 73 2 121 127 119 29
D 164 75 2 165 122 166 8
D 169 85 2 137 155 135 8
D 170 85 2 137 136 135 29
D 168 87 2 169 138 170 8
D 167 83 2 129 168 156 8
D 171 75 2 165 159 166 29
D 163 79 2 164 167 171 8
D 173 61 2 101 115 103 8
D 174 61 2 101 102 103 29
D 172 63 2 173 162 174 8
D 177 81 2 130 157 132 8
D 179 85 2 135 155 137 8
D 180 85 2 135 136 137 29
D 178 87 2 179 138 180 8
D 181 81 2 130 131 132 29
D 176 83 2 177 178 181 8
D 175 79 2 117 176 158 8
D 183 61 2 103 102 101 8
D 184 61 2 103 115 101 29
D 182 63 2 183 162 184 8
D 187 81 2 132 131 130 8
D 188 81 2 132 157 130 29
D 186 83 2 187 178 188 8
D 185 79 2 117 186 158 8
D 190 61 2 103 102 101 115
L 194 70 40
D 193 69 2 109 194 111 29
D 192 67 2 107 193 112 29
D 191 65 2 113 192 105 29
D 195 61 2 103 115 101 8
D 189 63 3 190 191 100 192 195 29
D 98 71 5 99 116 161 163 172 175 182 185 189 8
L 199 58 24
D 198 57 2 92 199 94 29
D 197 55 2 90 198 95 29
D 196 53 2 85 197 96 29
D 83 59 2 84 98 196 8
D 201 41 2 73 72 71 8
D 202 41 2 73 82 71 29
D 200 43 2 201 74 202 8
D 205 51 2 88 87 86 8
D 206 51 2 88 97 86 29
D 204 53 2 205 89 206 8
D 212 91 2 152 142 141 8
D 211 89 2 139 212 153 8
D 210 87 2 179 211 180 8
D 209 83 2 129 210 156 8
D 214 73 2 119 127 121 8
D 215 73 2 119 120 121 29
D 213 75 2 214 122 215 8
D 218 89 2 153 140 139 8
D 217 87 2 179 218 180 8
D 216 83 2 129 217 156 8
D 220 77 2 125 124 123 8
D 219 75 2 118 220 126 8
D 222 77 2 123 160 125 8
D 221 75 2 118 222 126 8
D 224 77 2 123 124 125 160
D 225 73 2 121 120 119 127
D 226 73 2 121 127 119 8
D 223 75 3 118 224 225 159 226 29
D 208 79 5 164 209 213 216 219 128 221 176 223 8
D 232 93 2 151 144 143 8
D 231 91 2 141 232 152 8
D 230 89 2 139 231 153 8
D 229 87 2 179 230 180 8
D 228 83 2 129 229 156 8
D 227 79 2 117 228 158 8
D 239 95 2 150 146 145 8
D 238 93 2 143 239 151 8
D 237 91 2 141 238 152 8
D 236 89 2 139 237 153 8
D 235 87 2 179 236 180 8
D 234 83 2 129 235 156 8
D 233 79 2 117 234 158 8
L 248 98 49
D 247 97 2 147 248 149 8
D 246 95 2 145 247 150 8
D 245 93 2 143 246 151 8
D 244 91 2 141 245 152 8
D 243 89 2 139 244 153 8
D 242 87 2 179 243 180 8
D 241 83 2 129 242 156 8
D 240 79 2 117 241 158 8
D 251 67 2 112 108 107 8
D 250 65 2 113 251 105 8
D 249 63 2 100 250 114 8
D 255 69 2 111 110 109 8
D 254 67 2 107 255 112 8
D 253 65 2 113 254 105 8
D 252 63 2 100 253 114 8
D 256 79 2 117 167 158 8
D 259 67 2 112 193 107 194
D 258 65 2 113 259 105 192
D 257 63 3 100 258 190 191 195 29
D 207 71 7 161 208 182 227 172 233 99 240 249 185 252 256 257 8
D 261 51 2 86 97 88 8
D 262 51 2 86 87 88 29
D 260 53 2 261 89 262 8
D 264 79 5 164 216 213 128 219 176 221 186 223 8
D 265 79 2 117 209 158 8
D 267 65 2 105 192 113 193
D 266 63 3 100 267 190 191 195 29
D 263 71 6 161 264 182 265 172 227 99 233 249 256 266 8
D 269 55 2 95 91 90 8
D 268 53 2 85 269 96 8
D 271 79 5 164 128 213 176 219 186 221 167 223 8
D 272 79 2 117 216 158 8
D 270 71 5 161 271 172 265 182 272 99 227 189 8
D 275 57 2 92 199 94 8
D 274 55 2 90 275 95 8
D 273 53 2 85 274 96 8
D 279 77 2 125 160 123 29
D 278 75 3 118 279 225 159 226 29
D 277 79 4 164 176 213 186 219 167 278 8
D 276 71 5 161 277 99 265 172 272 182 116 189 8
D 282 57 2 94 93 92 8
D 281 55 2 90 282 95 8
D 280 53 2 85 281 96 8
D 286 73 2 119 120 121 127
D 285 75 2 225 159 286 29
D 284 79 3 164 186 213 167 285 8
D 283 71 5 99 272 161 284 172 116 182 175 189 8
D 289 57 2 92 93 94 199
D 288 55 2 90 289 95 198
D 290 51 2 88 87 86 97
D 291 51 2 88 97 86 8
D 287 53 3 85 288 290 197 291 29
D 203 59 6 204 207 260 263 268 270 273 276 280 283 287 8
D 293 41 2 73 82 71 8
D 294 41 2 73 72 71 29
D 292 43 2 293 74 294 8
D 298 65 2 105 192 113 29
D 297 63 3 190 191 100 298 195 29
D 296 71 4 99 175 172 185 182 256 297 8
D 295 59 2 84 296 196 8
D 300 45 2 80 76 75 8
D 299 43 2 201 300 202 8
D 303 63 3 173 191 100 298 103 29
D 302 71 3 99 185 172 256 303 8
D 301 59 2 84 302 196 8
L 307 48 29
D 306 47 2 77 307 79 8
D 305 45 2 75 306 80 8
D 304 43 2 201 305 202 8
D 310 63 2 100 298 114 29
D 309 71 2 99 256 310 8
D 308 59 2 84 309 196 8
D 313 47 2 77 307 79 29
D 312 45 2 80 313 75 79
D 314 41 2 71 72 73 82
D 315 45 2 75 313 80 29
D 316 41 2 71 82 73 8
D 311 43 3 201 312 314 315 316 29
D 68 49 6 69 83 200 203 292 295 299 301 304 308 311 8
D 319 23 2 40 67 42 8
D 318 21 2 38 319 43 8
D 322 31 2 51 62 53 8
D 323 31 2 51 52 53 29
D 321 33 2 322 54 323 8
D 320 29 2 45 321 63 8
D 325 23 2 40 41 42 29
D 324 21 2 38 325 43 29
D 317 25 2 318 320 324 8
D 327 59 6 204 263 260 270 268 276 273 283 280 98 287 8
D 328 43 3 314 315 201 313 316 29
D 326 49 5 69 295 200 327 292 301 299 308 328 8
D 330 21 2 43 39 38 8
D 331 21 2 43 66 38 29
D 329 25 2 330 320 331 8
D 333 59 6 204 270 260 276 268 283 273 98 280 296 287 8
D 335 41 2 71 72 73 29
D 334 43 2 335 315 316 29
D 332 49 4 69 301 200 333 292 308 334 8
D 338 23 2 42 41 40 8
D 337 21 2 38 338 43 8
D 340 23 2 42 67 40 29
D 339 21 2 38 340 43 29
D 336 25 2 337 320 339 8
D 342 59 6 204 276 260 283 268 98 273 296 280 302 287 8
D 343 43 2 72 315 82 29
D 341 49 3 69 308 200 342 343 8
D 347 31 2 53 62 51 8
D 348 31 2 53 52 51 29
D 346 33 2 347 54 348 8
D 345 29 2 45 346 63 8
D 344 25 2 37 345 65 8
D 350 59 6 204 283 260 98 268 296 273 302 280 309 287 8
D 351 43 2 201 315 202 29
D 349 49 2 200 350 351 8
D 354 27 2 48 47 46 8
D 355 27 2 48 64 46 29
D 353 29 2 354 321 355 8
D 352 25 2 37 353 65 8
D 360 57 2 92 93 94 29
D 359 55 2 90 360 95 198
D 358 53 3 85 359 290 197 291 29
D 357 59 5 204 98 260 296 268 302 273 309 358 8
D 356 49 2 200 357 351 8
D 363 27 2 46 64 48 8
D 364 27 2 46 47 48 29
D 362 29 2 363 321 364 8
D 361 25 2 37 362 65 8
D 368 55 2 95 198 90 29
D 367 53 3 85 368 290 197 291 29
D 366 59 4 204 296 260 302 268 309 367 8
D 365 49 2 200 366 351 8
D 372 35 2 60 56 55 8
D 371 33 2 322 372 323 8
D 370 29 2 45 371 63 8
D 369 25 2 37 370 65 8
D 376 51 2 86 87 88 97
D 375 53 2 290 197 376 29
D 374 59 3 204 302 260 309 375 8
D 373 49 2 200 374 351 8
D 381 37 2 59 58 57 8
D 380 35 2 55 381 60 8
D 379 33 2 322 380 323 8
D 378 29 2 45 379 63 8
D 377 25 2 37 378 65 8
D 384 53 2 205 197 206 29
D 383 59 2 204 309 384 8
D 382 49 2 200 383 351 8
L 390 38 20
D 389 37 2 59 390 57 29
D 391 37 2 57 390 59 29
D 388 35 2 55 389 60 391
D 392 31 2 53 62 51 52
D 393 35 2 55 391 60 29
D 394 31 2 53 52 51 8
D 387 33 3 322 388 392 393 394 29
D 395 27 2 48 47 46 64
D 396 33 2 322 393 323 29
D 397 27 2 48 64 46 8
D 386 29 3 45 387 395 396 397 29
D 399 23 2 42 41 40 67
D 398 21 2 38 399 43 39
D 400 29 2 45 396 63 29
D 402 23 2 42 67 40 8
D 401 21 2 38 402 43 66
D 385 25 3 37 386 398 400 401 29
D 35 39 10 36 68 317 326 329 332 336 341 344 349 352 356 361 365 369 373 377 382 385 8
D 405 3 2 5 34 7 8
D 404 1 2 3 405 9 8
D 408 11 2 17 28 19 8
D 409 11 2 17 18 19 29
D 407 13 2 408 20 409 8
D 406 9 2 11 407 30 8
D 411 3 2 5 6 7 29
D 410 1 2 3 411 9 29
D 403 5 2 404 406 410 8
D 416 35 2 60 391 55 29
D 415 33 3 322 416 392 393 394 29
D 414 29 3 45 415 395 396 397 29
D 413 25 3 37 414 398 400 401 29
D 412 39 9 36 326 317 332 329 341 336 349 344 356 352 365 361 373 369 382 413 8
D 418 1 2 9 4 3 8
D 419 1 2 9 33 3 29
D 417 5 2 418 406 419 8
D 424 31 2 51 62 53 52
D 423 33 2 392 393 424 29
D 422 29 3 45 423 395 396 397 29
D 421 25 3 37 422 398 400 401 29
D 420 39 8 36 332 317 341 329 349 336 356 344 365 352 373 361 382 421 8
D 427 3 2 7 6 5 8
D 426 1 2 3 427 9 8
D 429 3 2 7 34 5 29
D 428 1 2 3 429 9 29
D 425 5 2 426 406 428 8
D 432 29 3 45 423 354 396 64 29
D 431 25 3 37 432 398 400 401 29
D 430 39 7 36 341 317 349 329 356 336 365 344 373 352 382 431 8
D 436 11 2 19 28 17 8
D 437 11 2 19 18 17 29
D 435 13 2 436 20 437 8
D 434 9 2 11 435 30 8
D 433 5 2 2 434 32 8
D 440 29 2 45 423 63 29
D 439 25 3 37 440 398 400 401 29
D 438 39 6 36 349 317 356 329 365 336 373 344 382 439 8
D 443 7 2 14 13 12 8
D 444 7 2 14 31 12 29
D 442 9 2 443 407 444 8
D 441 5 2 2 442 32 8
D 448 33 2 50 393 61 29
D 447 29 2 45 448 63 29
D 446 25 3 37 447 398 400 401 29
D 445 39 5 36 356 317 365 329 373 336 382 446 8
D 451 7 2 12 31 14 8
D 452 7 2 12 13 14 29
D 450 9 2 451 407 452 8
D 449 5 2 2 450 32 8
D 455 21 2 38 319 43 39
D 456 21 2 43 66 38 42
D 454 25 3 37 447 455 400 456 29
D 453 39 4 36 365 317 373 329 382 454 8
D 460 15 2 26 22 21 8
D 459 13 2 408 460 409 8
D 458 9 2 11 459 30 8
D 457 5 2 2 458 32 8
D 463 21 2 38 42 43 29
D 462 25 3 37 447 318 400 463 29
D 461 39 3 36 373 317 382 462 8
L 469 18 9
D 468 17 2 23 469 25 8
D 467 15 2 21 468 26 8
D 466 13 2 408 467 409 8
D 465 9 2 11 466 30 8
D 464 5 2 2 465 32 8
D 471 25 2 37 447 65 29
D 470 39 2 36 382 471 8
D 476 17 2 23 24 25 29
D 477 17 2 23 469 25 29
D 475 15 2 21 476 26 477
D 478 11 2 19 28 17 18
D 479 15 2 21 477 26 29
D 480 11 2 19 18 17 8
D 474 13 3 408 475 478 479 480 29
D 481 7 2 14 13 12 31
D 482 13 2 408 479 409 29
D 483 7 2 14 31 12 8
D 473 9 3 11 474 481 482 483 29
D 485 3 2 7 6 5 34
D 484 1 2 3 485 9 4
D 486 9 2 11 482 30 29
D 488 3 2 7 34 5 8
D 487 1 2 3 488 9 33
D 472 5 3 2 473 484 486 487 29
D 0 19 10 1 35 403 412 417 420 425 430 433 438 441 445 449 453 457 461 464 470 472 8
