c ids of sdd nodes start at 0
c sdd nodes appear bottom-up, children before parents
c
c file syntax:
c sdd count-of-sdd-nodes
c F id-of-false-sdd-node
c T id-of-true-sdd-node
c L id-of-literal-sdd-node id-of-vtree literal
c D id-of-decomposition-sdd-node id-of-vtree number-of-elements {id-of-prime id-of-sub}*
c
sdd 532
L 3 0 -3
L 5 2 -4
L 6 4 -2
L 7 2 4
F 8
D 4 3 2 5 6 7 8
L 9 0 3
D 2 1 2 3 4 9 8
L 12 6 -6
L 13 8 -7
L 14 6 6
D 11 7 2 12 13 14 8
L 17 10 -5
L 18 12 1
L 19 10 5
D 16 11 2 17 18 19 8
L 21 14 -8
L 23 16 -10
L 24 18 -9
L 25 16 10
D 22 17 2 23 24 25 8
L 26 14 8
D 20 15 2 21 22 26 8
L 28 12 -1
T 29
D 27 11 2 17 28 19 29
D 15 13 2 16 20 27 8
L 31 8 7
D 30 7 2 12 31 14 29
D 10 9 2 11 15 30 8
L 34 4 2
D 33 3 2 5 34 7 29
D 32 1 2 3 33 9 29
D 1 5 2 2 10 32 8
L 38 20 -13
L 40 22 -14
L 41 24 -12
L 42 22 14
D 39 23 2 40 41 42 8
L 43 20 13
D 37 21 2 38 39 43 8
L 46 26 -16
L 47 28 -17
L 48 26 16
D 45 27 2 46 47 48 8
L 51 30 -15
L 52 32 11
L 53 30 15
D 50 31 2 51 52 53 8
L 55 34 -18
L 57 36 -19
L 58 38 -20
L 59 36 19
D 56 37 2 57 58 59 8
L 60 34 18
D 54 35 2 55 56 60 8
L 62 32 -11
D 61 31 2 51 62 53 29
D 49 33 2 50 54 61 8
L 64 28 17
D 63 27 2 46 64 48 29
D 44 29 2 45 49 63 8
L 67 24 12
D 66 23 2 40 67 42 29
D 65 21 2 38 66 43 29
D 36 25 2 37 44 65 8
L 71 40 26
L 72 42 -27
L 73 40 -26
D 70 41 2 71 72 73 8
L 75 44 -28
L 77 46 -30
L 78 48 -29
L 79 46 30
D 76 47 2 77 78 79 8
L 80 44 28
D 74 45 2 75 76 80 8
L 82 42 27
D 81 41 2 71 82 73 29
D 69 43 2 70 74 81 8
L 86 50 -21
L 87 52 -22
L 88 50 21
D 85 51 2 86 87 88 8
L 90 54 -23
L 92 56 -25
L 93 58 -24
L 94 56 25
D 91 57 2 92 93 94 8
L 95 54 23
D 89 55 2 90 91 95 8
L 97 52 22
D 96 51 2 86 97 88 29
D 84 53 2 85 89 96 8
L 101 60 -33
L 102 62 -32
L 103 60 33
D 100 61 2 101 102 103 8
L 105 64 31
L 107 66 -38
L 109 68 -39
L 110 70 -40
L 111 68 39
D 108 69 2 109 110 111 8
L 112 66 38
D 106 67 2 107 108 112 8
L 113 64 -31
D 104 65 2 105 106 113 8
L 115 62 32
D 114 61 2 101 115 103 29
D 99 63 2 100 104 114 8
L 119 72 -34
L 120 74 -35
L 121 72 34
D 118 73 2 119 120 121 8
L 123 76 -36
L 124 78 -37
L 125 76 36
D 122 77 2 123 124 125 8
L 127 74 35
D 126 73 2 119 127 121 29
D 117 75 2 118 122 126 8
L 130 80 -42
L 131 82 -43
L 132 80 42
D 129 81 2 130 131 132 8
L 135 84 -41
L 136 86 -44
L 137 84 41
D 134 85 2 135 136 137 8
L 139 88 45
L 141 90 -46
L 143 92 -47
L 145 94 -48
L 147 96 -50
L 148 98 -49
L 149 96 50
D 146 97 2 147 148 149 8
L 150 94 48
D 144 95 2 145 146 150 8
L 151 92 47
D 142 93 2 143 144 151 8
L 152 90 46
D 140 91 2 141 142 152 8
L 153 88 -45
D 138 89 2 139 140 153 8
L 155 86 44
D 154 85 2 135 155 137 29
D 133 87 2 134 138 154 8
L 157 82 43
D 156 81 2 130 157 132 29
D 128 83 2 129 133 156 8
L 160 78 37
D 159 77 2 123 160 125 29
D 158 75 2 118 159 126 29
D 116 79 2 117 128 158 8
D 162 65 2 113 106 105 8
D 161 63 2 100 162 114 8
D 165 73 2 121 120 119 8
D 166 73 2 121 127 119 29
D 164 75 2 165 122 166 8
D 168 81 2 132 131 130 8
D 170 89 2 153 140 139 8
D 169 87 2 134 170 154 8
D 171 81 2 132 157 130 29
D 167 83 2 168 169 171 8
D 173 73 2 119 127 121 8
D 174 73 2 119 120 121 29
D 172 75 2 173 122 174 8
D 177 85 2 137 136 135 8
D 178 85 2 137 155 135 29
D 176 87 2 177 170 178 8
D 175 83 2 129 176 156 8
D 180 73 2 121 120 119 127
D 181 73 2 119 120 121 127
D 179 75 2 180 159 181 29
D 163 79 3 164 167 172 175 179 8
D 183 61 2 101 115 103 8
D 184 61 2 101 102 103 29
D 182 63 2 183 162 184 8
D 188 85 2 135 155 137 8
D 189 85 2 135 136 137 29
D 187 87 2 188 170 189 8
D 186 83 2 129 187 156 8
D 185 79 2 117 186 158 8
D 191 61 2 103 102 101 8
D 192 61 2 103 115 101 29
D 190 63 2 191 162 192 8
D 195 81 2 130 157 132 8
D 196 81 2 130 131 132 29
D 194 83 2 195 169 196 8
D 193 79 2 117 194 158 8
D 198 61 2 103 102 101 115
L 202 70 40
D 201 69 2 109 202 111 29
D 200 67 2 107 201 112 29
D 199 65 2 113 200 105 29
D 203 61 2 103 115 101 8
D 197 63 3 198 199 100 200 203 29
D 98 71 5 99 116 161 163 182 185 190 193 197 8
L 207 58 24
D 206 57 2 92 207 94 29
D 205 55 2 90 206 95 29
D 204 53 2 85 205 96 29
D 83 59 2 84 98 204 8
D 209 41 2 73 72 71 8
D 210 41 2 73 82 71 29
D 208 43 2 209 74 210 8
D 213 51 2 88 87 86 8
D 214 51 2 88 97 86 29
D 212 53 2 213 89 214 8
D 221 93 2 151 144 143 8
D 220 91 2 141 221 152 8
D 219 89 2 153 220 139 8
D 218 87 2 134 219 154 8
D 217 83 2 129 218 156 8
D 225 91 2 152 142 141 8
D 224 89 2 153 225 139 8
D 223 87 2 134 224 154 8
D 222 83 2 129 223 156 8
D 227 77 2 125 124 123 8
D 226 75 2 118 227 126 8
D 229 77 2 123 160 125 8
D 228 75 2 118 229 126 8
D 231 77 2 123 124 125 160
D 232 73 2 121 127 119 8
D 230 75 3 118 231 180 159 232 29
D 216 79 5 164 217 172 222 226 128 228 186 230 8
D 240 97 2 149 148 147 8
D 239 95 2 145 240 150 8
D 238 93 2 143 239 151 8
D 237 91 2 141 238 152 8
D 236 89 2 153 237 139 8
D 235 87 2 134 236 154 8
D 234 83 2 129 235 156 8
D 233 79 2 117 234 158 8
D 247 95 2 150 146 145 8
D 246 93 2 143 247 151 8
D 245 91 2 141 246 152 8
D 244 89 2 153 245 139 8
D 243 87 2 134 244 154 8
D 242 83 2 129 243 156 8
D 241 79 2 117 242 158 8
L 256 98 49
D 255 97 2 147 256 149 8
D 254 95 2 145 255 150 8
D 253 93 2 143 254 151 8
D 252 91 2 141 253 152 8
D 251 89 2 153 252 139 8
D 250 87 2 134 251 154 8
D 249 83 2 129 250 156 8
D 248 79 2 117 249 158 8
D 259 67 2 112 108 107 8
D 258 65 2 113 259 105 8
D 257 63 2 100 258 114 8
D 263 69 2 111 110 109 8
D 262 67 2 107 263 112 8
D 261 65 2 113 262 105 8
D 260 63 2 100 261 114 8
D 264 79 2 117 167 158 8
D 268 69 2 109 202 111 8
D 267 67 2 107 268 112 8
D 266 65 2 113 267 105 8
D 265 63 2 100 266 114 8
D 269 79 2 117 175 158 8
D 273 69 2 111 202 109 8
D 272 67 2 107 273 112 201
D 271 65 2 113 272 105 200
D 270 63 3 100 271 198 199 203 29
D 215 71 8 161 216 99 233 190 241 182 248 257 193 260 264 265 269 270 8
D 275 51 2 86 97 88 8
D 276 51 2 86 87 88 29
D 274 53 2 275 89 276 8
D 278 79 5 164 222 172 128 226 186 228 194 230 8
D 279 79 2 117 217 158 8
D 282 67 2 112 201 107 202
D 281 65 2 113 282 105 200
D 280 63 3 100 281 198 199 203 29
D 277 71 7 161 278 190 279 182 241 99 248 257 264 260 269 280 8
D 284 55 2 95 91 90 8
D 283 53 2 85 284 96 8
D 286 79 5 164 128 172 186 226 194 228 167 230 8
D 287 79 2 117 222 158 8
D 289 65 2 105 200 113 201
D 288 63 3 100 289 198 199 203 29
D 285 71 6 161 286 190 287 182 279 99 241 257 269 288 8
D 292 57 2 92 207 94 8
D 291 55 2 90 292 95 8
D 290 53 2 85 291 96 8
D 294 79 5 164 186 172 194 226 167 228 175 230 8
D 293 71 5 161 294 182 287 190 116 99 279 197 8
D 297 57 2 94 93 92 8
D 296 55 2 90 297 95 8
D 295 53 2 85 296 96 8
D 301 77 2 125 160 123 29
D 300 75 3 118 301 180 159 232 29
D 299 79 4 164 194 172 167 226 175 300 8
D 298 71 5 161 299 99 287 182 116 190 185 197 8
D 304 57 2 92 93 94 207
D 303 55 2 90 304 95 206
D 305 51 2 88 87 86 97
D 306 51 2 88 97 86 8
D 302 53 3 85 303 305 205 306 29
D 211 59 6 212 215 274 277 283 285 290 293 295 298 302 8
D 308 41 2 73 82 71 8
D 309 41 2 73 72 71 29
D 307 43 2 308 74 309 8
D 313 75 2 165 159 166 29
D 312 79 2 164 175 313 8
D 311 71 5 99 185 161 312 182 193 190 264 197 8
D 310 59 2 84 311 204 8
D 315 45 2 80 76 75 8
D 314 43 2 209 315 210 8
D 319 65 2 105 200 113 29
D 318 63 3 198 199 100 319 203 29
D 317 71 4 99 193 182 264 190 269 318 8
D 316 59 2 84 317 204 8
L 323 48 29
D 322 47 2 77 323 79 8
D 321 45 2 75 322 80 8
D 320 43 2 209 321 210 8
D 326 63 3 183 199 100 319 103 29
D 325 71 3 99 264 182 269 326 8
D 324 59 2 84 325 204 8
D 329 47 2 79 78 77 8
D 328 45 2 75 329 80 8
D 327 43 2 209 328 210 8
D 332 63 2 100 319 114 29
D 331 71 2 99 269 332 8
D 330 59 2 84 331 204 8
D 335 47 2 79 323 77 8
D 336 47 2 77 323 79 29
D 334 45 2 75 335 80 336
D 337 41 2 71 72 73 82
D 338 45 2 75 336 80 29
D 339 41 2 71 82 73 8
D 333 43 3 209 334 337 338 339 29
D 68 49 7 69 83 208 211 307 310 314 316 320 324 327 330 333 8
D 342 23 2 40 67 42 8
D 341 21 2 38 342 43 8
D 345 31 2 51 62 53 8
D 346 31 2 51 52 53 29
D 344 33 2 345 54 346 8
D 343 29 2 45 344 63 8
D 348 23 2 40 41 42 29
D 347 21 2 38 348 43 29
D 340 25 2 341 343 347 8
D 350 59 6 212 277 274 285 283 293 290 298 295 98 302 8
D 352 45 2 80 336 75 79
D 351 43 3 209 352 337 338 339 29
D 349 49 6 69 310 208 350 307 316 314 324 320 330 351 8
D 354 21 2 43 39 38 8
D 355 21 2 43 66 38 29
D 353 25 2 354 343 355 8
D 357 59 6 212 285 274 293 283 298 290 98 295 311 302 8
D 358 43 3 337 338 209 336 339 29
D 356 49 5 69 316 208 357 307 324 314 330 358 8
D 361 23 2 42 41 40 8
D 360 21 2 38 361 43 8
D 363 23 2 42 67 40 29
D 362 21 2 38 363 43 29
D 359 25 2 360 343 362 8
D 365 59 6 212 293 274 298 283 98 290 311 295 317 302 8
D 367 41 2 71 72 73 29
D 366 43 2 367 338 339 29
D 364 49 4 69 324 208 365 307 330 366 8
D 371 31 2 53 62 51 8
D 372 31 2 53 52 51 29
D 370 33 2 371 54 372 8
D 369 29 2 45 370 63 8
D 368 25 2 37 369 65 8
D 374 59 6 212 298 274 98 283 311 290 317 295 325 302 8
D 375 43 2 72 338 82 29
D 373 49 3 69 330 208 374 375 8
D 378 27 2 48 47 46 8
D 379 27 2 48 64 46 29
D 377 29 2 378 344 379 8
D 376 25 2 37 377 65 8
D 381 59 6 212 98 274 311 283 317 290 325 295 331 302 8
D 382 43 2 209 338 210 29
D 380 49 2 208 381 382 8
D 385 27 2 46 64 48 8
D 386 27 2 46 47 48 29
D 384 29 2 385 344 386 8
D 383 25 2 37 384 65 8
D 391 57 2 92 93 94 29
D 390 55 2 90 391 95 206
D 389 53 3 85 390 305 205 306 29
D 388 59 5 212 311 274 317 283 325 290 331 389 8
D 387 49 2 208 388 382 8
D 395 35 2 60 56 55 8
D 394 33 2 345 395 346 8
D 393 29 2 45 394 63 8
D 392 25 2 37 393 65 8
D 399 55 2 95 206 90 29
D 398 53 3 85 399 305 205 306 29
D 397 59 4 212 317 274 325 283 331 398 8
D 396 49 2 208 397 382 8
D 404 37 2 59 58 57 8
D 403 35 2 55 404 60 8
D 402 33 2 345 403 346 8
D 401 29 2 45 402 63 8
D 400 25 2 37 401 65 8
D 408 51 2 86 87 88 97
D 407 53 2 305 205 408 29
D 406 59 3 212 325 274 331 407 8
D 405 49 2 208 406 382 8
L 414 38 20
D 413 37 2 57 414 59 8
D 412 35 2 55 413 60 8
D 411 33 2 345 412 346 8
D 410 29 2 45 411 63 8
D 409 25 2 37 410 65 8
D 417 53 2 213 205 214 29
D 416 59 2 212 331 417 8
D 415 49 2 208 416 382 8
D 420 23 2 42 41 40 67
D 419 21 2 38 420 43 39
D 424 37 2 57 414 59 29
D 423 35 2 55 424 60 29
D 422 33 2 345 423 346 29
D 421 29 2 45 422 63 29
D 426 27 2 48 47 46 64
D 428 31 2 53 62 51 52
D 430 37 2 57 58 59 414
D 429 35 2 60 424 55 430
D 431 31 2 53 52 51 8
D 427 33 3 428 423 345 429 431 29
D 432 27 2 48 64 46 8
D 425 29 3 426 422 45 427 432 29
D 434 23 2 42 67 40 8
D 433 21 2 38 434 43 66
D 418 25 3 419 421 37 425 433 29
D 35 39 11 36 68 340 349 353 356 359 364 368 373 376 380 383 387 392 396 400 405 409 415 418 8
D 437 3 2 5 34 7 8
D 436 1 2 3 437 9 8
D 440 11 2 17 28 19 8
D 441 11 2 17 18 19 29
D 439 13 2 440 20 441 8
D 438 9 2 11 439 30 8
D 443 3 2 5 6 7 29
D 442 1 2 3 443 9 29
D 435 5 2 436 438 442 8
D 449 37 2 59 414 57 29
D 448 35 2 55 449 60 424
D 447 33 3 345 448 428 423 431 29
D 446 29 3 45 447 426 422 432 29
D 445 25 3 37 446 419 421 433 29
D 444 39 10 36 349 340 356 353 364 359 373 368 380 376 387 383 396 392 405 400 415 445 8
D 451 1 2 9 4 3 8
D 452 1 2 9 33 3 29
D 450 5 2 451 438 452 8
D 457 35 2 60 424 55 29
D 456 33 3 345 457 428 423 431 29
D 455 29 3 45 456 426 422 432 29
D 454 25 3 37 455 419 421 433 29
D 453 39 9 36 356 340 364 353 373 359 380 368 387 376 396 383 405 392 415 454 8
D 460 3 2 7 6 5 8
D 459 1 2 3 460 9 8
D 462 3 2 7 34 5 29
D 461 1 2 3 462 9 29
D 458 5 2 459 438 461 8
D 467 31 2 51 62 53 52
D 466 33 2 428 423 467 29
D 465 29 3 45 466 426 422 432 29
D 464 25 3 37 465 419 421 433 29
D 463 39 8 36 364 340 373 353 380 359 387 368 396 376 405 383 415 464 8
D 471 11 2 19 28 17 8
D 472 11 2 19 18 17 29
D 470 13 2 471 20 472 8
D 469 9 2 11 470 30 8
D 468 5 2 2 469 32 8
D 475 29 3 45 466 378 422 64 29
D 474 25 3 37 475 419 421 433 29
D 473 39 7 36 373 340 380 353 387 359 396 368 405 376 415 474 8
D 478 7 2 14 13 12 8
D 479 7 2 14 31 12 29
D 477 9 2 478 439 479 8
D 476 5 2 2 477 32 8
D 482 29 2 45 466 63 29
D 481 25 3 37 482 419 421 433 29
D 480 39 6 36 380 340 387 353 396 359 405 368 415 481 8
D 485 7 2 12 31 14 8
D 486 7 2 12 13 14 29
D 484 9 2 485 439 486 8
D 483 5 2 2 484 32 8
D 490 33 2 50 423 61 29
D 489 29 2 45 490 63 29
D 488 25 3 37 489 419 421 433 29
D 487 39 5 36 387 340 396 353 405 359 415 488 8
D 494 15 2 26 22 21 8
D 493 13 2 440 494 441 8
D 492 9 2 11 493 30 8
D 491 5 2 2 492 32 8
D 497 21 2 38 342 43 39
D 498 21 2 43 66 38 42
D 496 25 3 37 489 497 421 498 29
D 495 39 4 36 396 340 405 353 415 496 8
L 504 18 9
D 503 17 2 23 504 25 8
D 502 15 2 21 503 26 8
D 501 13 2 440 502 441 8
D 500 9 2 11 501 30 8
D 499 5 2 2 500 32 8
D 507 21 2 38 42 43 29
D 506 25 3 37 489 341 421 507 29
D 505 39 3 36 405 340 415 506 8
D 512 17 2 25 24 23 8
D 511 15 2 21 512 26 8
D 510 13 2 440 511 441 8
D 509 9 2 11 510 30 8
D 508 5 2 2 509 32 8
D 514 25 2 37 489 65 29
D 513 39 2 36 415 514 8
D 519 17 2 23 24 25 504
D 520 17 2 23 504 25 29
D 518 15 2 21 519 26 520
D 521 11 2 19 28 17 18
D 522 15 2 21 520 26 29
D 523 11 2 19 18 17 8
D 517 13 3 440 518 521 522 523 29
D 524 7 2 14 13 12 31
D 525 13 2 440 522 441 29
D 526 7 2 14 31 12 8
D 516 9 3 11 517 524 525 526 29
D 528 3 2 7 6 5 34
D 527 1 2 3 528 9 4
D 529 9 2 11 525 30 29
D 531 3 2 7 34 5 8
D 530 1 2 3 531 9 33
D 515 5 3 2 516 527 529 530 29
D 0 19 11 1 35 435 444 450 453 458 463 468 473 476 480 483 487 491 495 499 505 508 513 515 8
