c ids of sdd nodes start at 0
c sdd nodes appear bottom-up, children before parents
c
c file syntax:
c sdd count-of-sdd-nodes
c F id-of-false-sdd-node
c T id-of-true-sdd-node
c L id-of-literal-sdd-node id-of-vtree literal
c D id-of-decomposition-sdd-node id-of-vtree number-of-elements {id-of-prime id-of-sub}*
c
sdd 275
L 3 0 -3
L 4 2 -2
L 5 0 3
F 6
D 2 1 2 3 4 5 6
L 8 4 1
L 10 6 -8
L 12 8 -10
L 13 10 -9
L 14 8 10
D 11 9 2 12 13 14 6
L 15 6 8
D 9 7 2 10 11 15 6
L 16 4 -1
D 7 5 2 8 9 16 6
L 18 2 2
T 19
D 17 1 2 3 18 5 19
D 1 3 2 2 7 17 6
L 23 12 -4
L 24 14 -5
L 25 12 4
D 22 13 2 23 24 25 6
L 27 16 -7
L 28 18 -6
L 29 16 7
D 26 17 2 27 28 29 6
L 31 14 5
D 30 13 2 23 31 25 19
D 21 15 2 22 26 30 6
L 35 20 -16
L 36 22 -17
L 37 20 16
D 34 21 2 35 36 37 6
L 39 24 -18
L 41 26 -19
L 42 28 20
L 43 26 19
D 40 27 2 41 42 43 6
L 44 24 18
D 38 25 2 39 40 44 6
L 46 22 17
D 45 21 2 35 46 37 19
D 33 23 2 34 38 45 6
L 50 30 -11
L 51 32 -12
L 52 30 11
D 49 31 2 50 51 52 6
L 54 34 -13
L 56 36 -15
L 57 38 -14
L 58 36 15
D 55 37 2 56 57 58 6
L 59 34 13
D 53 35 2 54 55 59 6
L 61 32 12
D 60 31 2 50 61 52 19
D 48 33 2 49 53 60 6
L 64 40 -21
L 65 42 -22
L 66 40 21
D 63 41 2 64 65 66 6
L 69 44 -23
L 70 46 24
L 71 44 23
D 68 45 2 69 70 71 6
L 73 48 -25
L 75 50 -26
L 77 52 -27
L 79 54 -28
L 81 56 -29
L 82 58 -30
L 83 56 29
D 80 57 2 81 82 83 6
L 84 54 28
D 78 55 2 79 80 84 6
L 85 52 27
D 76 53 2 77 78 85 6
L 86 50 26
D 74 51 2 75 76 86 6
L 87 48 25
D 72 49 2 73 74 87 6
L 89 46 -24
D 88 45 2 69 89 71 19
D 67 47 2 68 72 88 6
L 91 42 22
D 90 41 2 64 91 66 19
D 62 43 2 63 67 90 6
L 95 38 14
D 94 37 2 56 95 58 19
D 93 35 2 54 94 59 19
D 92 33 2 49 93 60 19
D 47 39 2 48 62 92 6
L 99 28 -20
D 98 27 2 41 99 43 6
D 97 25 2 39 98 44 6
D 96 23 2 34 97 45 6
D 103 37 2 56 95 58 6
D 102 35 2 54 103 59 6
D 101 33 2 49 102 60 6
D 106 45 2 69 89 71 6
L 112 58 30
D 111 57 2 81 112 83 6
D 110 55 2 79 111 84 6
D 109 53 2 77 110 85 6
D 108 51 2 75 109 86 6
D 107 49 2 73 108 87 6
D 113 45 2 69 70 71 19
D 105 47 2 106 107 113 6
D 104 43 2 63 105 90 6
D 116 37 2 58 57 56 6
D 115 35 2 54 116 59 6
D 114 33 2 49 115 60 6
D 123 57 2 83 82 81 6
D 122 55 2 79 123 84 6
D 121 53 2 77 122 85 6
D 120 51 2 75 121 86 6
D 119 49 2 73 120 87 6
D 118 47 2 106 119 113 6
D 117 43 2 63 118 90 6
D 126 37 2 56 57 58 95
D 125 35 2 54 126 59 19
D 124 33 2 49 125 60 19
D 100 39 3 101 104 114 117 124 6
D 129 27 2 43 99 41 6
D 128 25 2 39 129 44 6
D 127 23 2 34 128 45 6
D 133 49 2 87 74 73 6
D 132 47 2 106 133 113 6
D 131 43 2 63 132 90 6
D 130 39 2 48 131 92 6
D 135 25 2 44 98 39 6
D 134 23 2 34 135 45 6
D 140 51 2 86 76 75 6
D 139 49 2 73 140 87 6
D 138 47 2 106 139 113 6
D 137 43 2 63 138 90 6
D 136 39 2 48 137 92 6
D 142 21 2 35 46 37 6
D 143 21 2 35 36 37 19
D 141 23 2 142 97 143 6
D 149 53 2 85 78 77 6
D 148 51 2 75 149 86 6
D 147 49 2 73 148 87 6
D 146 47 2 106 147 113 6
D 145 43 2 63 146 90 6
D 144 39 2 48 145 92 6
D 151 21 2 37 36 35 6
D 152 21 2 37 46 35 19
D 150 23 2 151 97 152 6
D 159 55 2 84 80 79 6
D 158 53 2 77 159 85 6
D 157 51 2 75 158 86 6
D 156 49 2 73 157 87 6
D 155 47 2 106 156 113 6
D 154 43 2 63 155 90 6
D 153 39 2 48 154 92 6
D 162 27 2 43 42 41 6
D 163 27 2 41 42 43 19
D 161 25 2 39 162 44 163
D 164 21 2 37 36 35 46
D 165 25 2 39 163 44 19
D 166 21 2 37 46 35 6
D 160 23 3 34 161 164 165 166 19
D 32 29 7 33 47 96 100 127 130 134 136 141 144 150 153 160 6
L 169 18 6
D 168 17 2 27 169 29 19
D 167 15 2 22 168 30 19
D 20 19 2 21 32 167 6
D 171 5 2 16 9 8 6
D 170 3 2 2 171 17 6
D 174 13 2 25 24 23 6
D 175 13 2 25 31 23 19
D 173 15 2 174 26 175 6
D 179 31 2 52 51 50 6
D 180 31 2 52 61 50 19
D 178 33 2 179 53 180 6
D 182 31 2 50 61 52 6
D 183 31 2 50 51 52 19
D 181 33 2 182 53 183 6
D 185 35 2 59 55 54 6
D 184 33 2 49 185 60 6
D 187 35 2 54 126 59 94
D 188 31 2 52 51 50 61
D 189 31 2 52 61 50 6
D 186 33 3 49 187 188 93 189 19
D 177 39 6 178 104 181 117 184 154 101 145 114 137 186 6
D 193 45 2 71 89 69 6
D 194 45 2 71 70 69 19
D 192 47 2 193 72 194 6
D 191 43 2 63 192 90 6
D 190 39 2 48 191 92 6
D 197 41 2 64 91 66 6
D 198 47 2 106 72 113 6
D 199 41 2 64 65 66 19
D 196 43 2 197 198 199 6
D 195 39 2 48 196 92 6
D 202 41 2 66 65 64 6
D 203 41 2 66 91 64 19
D 201 43 2 202 198 203 6
D 200 39 2 48 201 92 6
D 176 29 7 96 177 134 190 127 195 141 47 33 200 150 130 160 6
D 205 13 2 23 31 25 6
D 206 13 2 23 24 25 19
D 204 15 2 205 26 206 6
D 208 39 6 178 117 181 154 184 145 101 137 114 131 186 6
D 210 25 2 44 163 39 42
D 209 23 3 34 210 164 165 166 19
D 207 29 6 96 208 141 190 134 195 150 47 127 200 209 6
D 212 17 2 27 169 29 6
D 211 15 2 22 212 30 6
D 214 39 6 178 154 181 145 184 137 101 131 114 62 186 6
D 215 23 3 164 165 34 163 166 19
D 213 29 5 96 214 150 190 141 195 134 200 215 6
D 217 17 2 29 28 27 6
D 216 15 2 22 217 30 6
D 219 39 6 178 145 181 137 184 131 101 62 114 191 186 6
D 221 21 2 37 36 35 19
D 220 23 2 221 165 166 19
D 218 29 4 150 195 96 219 141 200 220 6
D 223 17 2 27 28 29 169
D 224 13 2 25 24 23 31
D 225 13 2 25 31 23 6
D 222 15 3 22 223 224 168 225 19
D 172 19 5 173 176 204 207 211 213 216 218 222 6
D 227 1 2 3 18 5 6
D 228 1 2 3 4 5 19
D 226 3 2 227 171 228 6
D 232 33 2 49 187 60 19
D 231 39 4 184 104 101 117 114 154 232 6
D 230 29 7 33 190 96 231 127 47 134 130 141 136 150 144 160 6
D 229 19 2 21 230 167 6
D 234 1 2 5 4 3 6
D 235 1 2 5 18 3 19
D 233 3 2 234 171 235 6
D 239 33 3 49 187 182 93 52 19
D 238 39 5 181 104 184 117 101 154 114 145 239 6
D 237 29 7 96 238 127 190 33 195 134 47 141 130 150 136 160 6
D 236 19 2 21 237 167 6
D 242 7 2 15 11 10 6
D 241 5 2 16 242 8 6
D 240 3 2 2 241 17 6
D 245 39 6 178 137 181 131 184 62 101 191 114 196 186 6
D 246 23 2 36 165 46 19
D 244 29 3 150 200 96 245 246 6
D 243 19 2 21 244 167 6
L 251 10 9
D 250 9 2 12 251 14 6
D 249 7 2 10 250 15 6
D 248 5 2 16 249 8 6
D 247 3 2 2 248 17 6
D 254 39 6 178 131 181 62 184 191 101 196 114 201 186 6
D 255 23 2 34 165 45 19
D 253 29 2 96 254 255 6
D 252 19 2 21 253 167 6
D 259 9 2 14 13 12 6
D 258 7 2 10 259 15 6
D 257 5 2 16 258 8 6
D 256 3 2 2 257 17 6
D 265 37 2 56 57 58 19
D 264 35 2 54 265 59 94
D 263 33 3 49 264 188 93 189 19
D 262 39 5 178 62 181 191 184 196 101 201 263 6
D 261 29 2 96 262 255 6
D 260 19 2 21 261 167 6
D 267 1 2 5 4 3 18
D 270 9 2 12 251 14 19
D 269 7 2 10 270 15 19
D 268 5 2 16 269 8 19
D 273 9 2 14 251 12 6
D 272 7 2 10 273 15 270
D 271 5 2 16 272 8 269
D 274 1 2 5 18 3 6
D 266 3 3 267 268 2 271 274 19
D 0 11 8 1 20 170 172 226 229 233 236 240 243 247 252 256 260 266 6
