c ids of sdd nodes start at 0
c sdd nodes appear bottom-up, children before parents
c
c file syntax:
c sdd count-of-sdd-nodes
c F id-of-false-sdd-node
c T id-of-true-sdd-node
c L id-of-literal-sdd-node id-of-vtree literal
c D id-of-decomposition-sdd-node id-of-vtree number-of-elements {id-of-prime id-of-sub}*
c
sdd 276
L 3 0 -3
L 4 2 -2
L 5 0 3
F 6
D 2 1 2 3 4 5 6
L 8 4 -1
L 10 6 -8
L 12 8 -10
L 13 10 -9
L 14 8 10
D 11 9 2 12 13 14 6
L 15 6 8
D 9 7 2 10 11 15 6
L 16 4 1
D 7 5 2 8 9 16 6
L 18 2 2
T 19
D 17 1 2 3 18 5 19
D 1 3 2 2 7 17 6
L 23 12 4
L 24 14 -5
L 25 12 -4
D 22 13 2 23 24 25 6
L 27 16 -7
L 28 18 -6
L 29 16 7
D 26 17 2 27 28 29 6
L 31 14 5
D 30 13 2 23 31 25 19
D 21 15 2 22 26 30 6
L 35 20 -16
L 36 22 -17
L 37 20 16
D 34 21 2 35 36 37 6
L 39 24 -18
L 41 26 -19
L 42 28 -20
L 43 26 19
D 40 27 2 41 42 43 6
L 44 24 18
D 38 25 2 39 40 44 6
L 46 22 17
D 45 21 2 35 46 37 19
D 33 23 2 34 38 45 6
L 50 30 -11
L 51 32 12
L 52 30 11
D 49 31 2 50 51 52 6
L 54 34 -13
L 56 36 -15
L 57 38 -14
L 58 36 15
D 55 37 2 56 57 58 6
L 59 34 13
D 53 35 2 54 55 59 6
L 61 32 -12
D 60 31 2 50 61 52 19
D 48 33 2 49 53 60 6
L 64 40 -21
L 65 42 -22
L 66 40 21
D 63 41 2 64 65 66 6
L 69 44 -23
L 70 46 -24
L 71 44 23
D 68 45 2 69 70 71 6
L 73 48 -25
L 75 50 -26
L 77 52 -27
L 79 54 -28
L 81 56 -29
L 82 58 30
L 83 56 29
D 80 57 2 81 82 83 6
L 84 54 28
D 78 55 2 79 80 84 6
L 85 52 27
D 76 53 2 77 78 85 6
L 86 50 26
D 74 51 2 75 76 86 6
L 87 48 25
D 72 49 2 73 74 87 6
L 89 46 24
D 88 45 2 69 89 71 19
D 67 47 2 68 72 88 6
L 91 42 22
D 90 41 2 64 91 66 19
D 62 43 2 63 67 90 6
D 93 31 2 50 61 52 6
D 94 35 2 59 55 54 6
D 95 31 2 50 51 52 19
D 92 33 2 93 94 95 6
L 103 58 -30
D 102 57 2 83 103 81 6
D 101 55 2 79 102 84 6
D 100 53 2 77 101 85 6
D 99 51 2 75 100 86 6
D 98 49 2 73 99 87 6
D 97 47 2 68 98 88 6
D 96 43 2 63 97 90 6
L 107 38 14
D 106 37 2 56 107 58 6
D 105 35 2 54 106 59 6
D 104 33 2 93 105 95 6
D 114 57 2 81 103 83 6
D 113 55 2 84 114 79 6
D 112 53 2 77 113 85 6
D 111 51 2 75 112 86 6
D 110 49 2 73 111 87 6
D 109 47 2 68 110 88 6
D 108 43 2 63 109 90 6
D 117 37 2 58 57 56 6
D 116 35 2 54 117 59 6
D 115 33 2 93 116 95 6
D 123 55 2 79 114 84 6
D 122 53 2 85 123 77 6
D 121 51 2 75 122 86 6
D 120 49 2 73 121 87 6
D 119 47 2 68 120 88 6
D 118 43 2 63 119 90 6
D 126 37 2 56 57 58 107
D 127 37 2 56 107 58 19
D 125 35 2 54 126 59 127
D 128 35 2 54 127 59 19
D 124 33 3 93 125 49 128 52 19
D 47 39 5 48 62 92 96 104 108 115 118 124 6
D 131 27 2 43 42 41 6
D 130 25 2 39 131 44 6
D 129 23 2 34 130 45 6
D 133 33 2 93 53 95 6
D 136 45 2 71 70 69 6
D 139 53 2 77 123 85 6
D 138 51 2 75 139 86 6
D 137 49 2 73 138 87 6
D 140 45 2 71 89 69 19
D 135 47 2 136 137 140 6
D 134 43 2 63 135 90 6
D 141 33 2 93 128 95 19
D 132 39 2 133 134 141 6
L 145 28 20
D 144 27 2 41 145 43 6
D 143 25 2 39 144 44 6
D 142 23 2 34 143 45 6
D 148 41 2 64 91 66 6
D 149 47 2 68 137 88 6
D 150 41 2 64 65 66 19
D 147 43 2 148 149 150 6
D 146 39 2 133 147 141 6
D 152 25 2 44 40 39 6
D 151 23 2 34 152 45 6
D 156 45 2 69 89 71 6
D 157 45 2 69 70 71 19
D 155 47 2 156 137 157 6
D 154 43 2 63 155 90 6
D 153 39 2 133 154 141 6
D 159 21 2 35 46 37 6
D 160 21 2 35 36 37 19
D 158 23 2 159 38 160 6
D 164 49 2 87 138 73 6
D 163 47 2 68 164 88 6
D 162 43 2 63 163 90 6
D 161 39 2 133 162 141 6
D 166 21 2 37 36 35 6
D 167 21 2 37 46 35 19
D 165 23 2 166 38 167 6
D 172 51 2 86 139 75 6
D 171 49 2 73 172 87 6
D 170 47 2 68 171 88 6
D 169 43 2 63 170 90 6
D 168 39 2 133 169 141 6
D 175 27 2 43 145 41 6
D 176 27 2 41 145 43 19
D 174 25 2 39 175 44 176
D 177 21 2 37 36 35 46
D 178 25 2 39 176 44 19
D 179 21 2 37 46 35 6
D 173 23 3 34 174 177 178 179 19
D 32 29 7 33 47 129 132 142 146 151 153 158 161 165 168 173 6
D 181 13 2 25 31 23 6
D 182 13 2 25 24 23 19
D 180 15 2 181 26 182 6
D 186 31 2 52 61 50 6
D 187 31 2 52 51 50 19
D 185 33 2 186 53 187 6
D 189 31 2 52 61 50 51
D 190 31 2 52 51 50 6
D 188 33 3 93 125 189 128 190 19
D 184 39 6 185 62 48 96 92 108 104 118 115 169 188 6
D 193 41 2 66 65 64 6
D 194 41 2 66 91 64 19
D 192 43 2 193 149 194 6
D 191 39 2 133 192 141 6
D 183 29 7 33 184 151 132 129 146 158 153 142 191 165 161 173 6
D 196 13 2 25 24 23 6
L 198 18 6
D 197 17 2 27 198 29 6
D 199 13 2 25 31 23 19
D 195 15 2 196 197 199 6
D 201 39 6 185 96 48 108 92 118 104 169 115 162 188 6
D 203 25 2 44 176 39 145
D 202 23 3 34 203 177 178 179 19
D 200 29 6 33 201 158 132 151 146 165 153 129 191 202 6
D 205 17 2 29 28 27 6
D 204 15 2 196 205 199 6
D 207 39 6 185 108 48 118 92 169 104 162 115 154 188 6
D 208 23 3 177 178 34 176 179 19
D 206 29 5 33 207 165 132 158 146 151 191 208 6
D 210 17 2 27 28 29 198
D 211 13 2 23 24 25 31
D 212 17 2 27 198 29 19
D 213 13 2 23 31 25 6
D 209 15 3 196 210 211 212 213 19
D 20 19 5 21 32 180 183 195 200 204 206 209 6
D 215 1 2 3 18 5 6
D 216 1 2 3 4 5 19
D 214 3 2 215 7 216 6
D 218 15 2 196 26 199 6
D 222 35 2 54 126 59 19
D 221 33 2 93 222 95 19
D 220 39 3 104 62 115 96 221 6
D 223 39 2 133 118 141 6
D 224 39 2 133 108 141 6
D 219 29 7 142 153 33 220 129 161 151 168 158 223 165 224 173 6
D 225 15 2 196 212 199 19
D 217 19 2 218 219 225 6
D 227 1 2 5 4 3 6
D 228 1 2 5 18 3 19
D 226 3 2 227 7 228 6
D 232 33 2 93 125 95 19
D 231 39 4 92 62 104 96 115 108 232 6
D 230 29 7 142 132 33 231 129 153 151 161 158 168 165 223 173 6
D 229 19 2 218 230 225 6
D 235 7 2 15 11 10 6
D 234 5 2 8 235 16 6
D 233 3 2 2 234 17 6
D 238 39 6 185 118 48 169 92 162 104 154 115 134 188 6
D 240 21 2 37 36 35 19
D 239 23 2 240 178 179 19
D 237 29 4 165 146 33 238 158 191 239 6
D 236 19 2 218 237 225 6
D 242 5 2 16 9 8 6
D 241 3 2 2 242 17 6
D 248 37 2 58 107 56 19
D 247 35 2 54 248 59 19
D 246 33 2 93 247 95 19
D 245 39 2 115 62 246 6
D 249 39 2 133 96 141 6
D 244 29 7 142 161 33 245 129 168 151 223 158 224 165 249 173 6
D 243 19 2 218 244 225 6
L 254 10 9
D 253 9 2 12 254 14 6
D 252 7 2 10 253 15 6
D 251 5 2 8 252 16 6
D 250 3 2 2 251 17 6
D 257 39 6 185 169 48 162 92 154 104 134 115 147 188 6
D 258 23 2 36 178 46 19
D 256 29 3 165 191 33 257 258 6
D 255 19 2 218 256 225 6
D 262 9 2 14 13 12 6
D 261 7 2 10 262 15 6
D 260 5 2 8 261 16 6
D 259 3 2 2 260 17 6
D 265 39 6 185 162 48 154 92 134 104 147 115 192 188 6
D 266 23 2 34 178 45 19
D 264 29 2 33 265 266 6
D 263 19 2 218 264 225 6
D 268 1 2 5 4 3 18
D 271 9 2 12 254 14 19
D 270 7 2 10 271 15 19
D 269 5 2 8 270 16 19
D 274 9 2 14 254 12 6
D 273 7 2 10 274 15 271
D 272 5 2 8 273 16 270
D 275 1 2 5 18 3 6
D 267 3 3 268 269 2 272 275 19
D 0 11 8 1 20 214 217 226 229 233 236 241 243 250 255 259 263 267 6
