c ids of sdd nodes start at 0
c sdd nodes appear bottom-up, children before parents
c
c file syntax:
c sdd count-of-sdd-nodes
c F id-of-false-sdd-node
c T id-of-true-sdd-node
c L id-of-literal-sdd-node id-of-vtree literal
c D id-of-decomposition-sdd-node id-of-vtree number-of-elements {id-of-prime id-of-sub}*
c
sdd 277
L 3 0 -3
L 4 2 -2
L 5 0 3
F 6
D 2 1 2 3 4 5 6
L 8 4 -1
L 10 6 -8
L 12 8 -10
L 13 10 -9
L 14 8 10
D 11 9 2 12 13 14 6
L 15 6 8
D 9 7 2 10 11 15 6
L 16 4 1
D 7 5 2 8 9 16 6
L 18 2 2
T 19
D 17 1 2 3 18 5 19
D 1 3 2 2 7 17 6
L 23 12 4
L 24 14 -5
L 25 12 -4
D 22 13 2 23 24 25 6
L 27 16 -7
L 28 18 -6
L 29 16 7
D 26 17 2 27 28 29 6
L 31 14 5
D 30 13 2 23 31 25 19
D 21 15 2 22 26 30 6
L 35 20 -16
L 36 22 -17
L 37 20 16
D 34 21 2 35 36 37 6
L 39 24 -18
L 41 26 -19
L 42 28 20
L 43 26 19
D 40 27 2 41 42 43 6
L 44 24 18
D 38 25 2 39 40 44 6
L 46 22 17
D 45 21 2 35 46 37 19
D 33 23 2 34 38 45 6
L 50 30 -11
L 51 32 -12
L 52 30 11
D 49 31 2 50 51 52 6
L 54 34 -13
L 56 36 -15
L 57 38 -14
L 58 36 15
D 55 37 2 56 57 58 6
L 59 34 13
D 53 35 2 54 55 59 6
L 61 32 12
D 60 31 2 50 61 52 19
D 48 33 2 49 53 60 6
L 64 40 -21
L 65 42 -22
L 66 40 21
D 63 41 2 64 65 66 6
L 69 44 -23
L 70 46 24
L 71 44 23
D 68 45 2 69 70 71 6
L 73 48 -25
L 75 50 -26
L 77 52 -27
L 79 54 -28
L 81 56 -29
L 82 58 -30
L 83 56 29
D 80 57 2 81 82 83 6
L 84 54 28
D 78 55 2 79 80 84 6
L 85 52 27
D 76 53 2 77 78 85 6
L 86 50 26
D 74 51 2 75 76 86 6
L 87 48 25
D 72 49 2 73 74 87 6
L 89 46 -24
D 88 45 2 69 89 71 19
D 67 47 2 68 72 88 6
L 91 42 22
D 90 41 2 64 91 66 19
D 62 43 2 63 67 90 6
L 95 38 14
D 94 37 2 56 95 58 19
D 93 35 2 54 94 59 19
D 92 33 2 49 93 60 19
D 47 39 2 48 62 92 6
L 99 28 -20
D 98 27 2 41 99 43 6
D 97 25 2 39 98 44 6
D 96 23 2 34 97 45 6
D 103 37 2 56 95 58 6
D 102 35 2 54 103 59 6
D 101 33 2 49 102 60 6
D 106 45 2 69 89 71 6
L 112 58 30
D 111 57 2 81 112 83 6
D 110 55 2 79 111 84 6
D 109 53 2 77 110 85 6
D 108 51 2 75 109 86 6
D 107 49 2 73 108 87 6
D 113 45 2 69 70 71 19
D 105 47 2 106 107 113 6
D 104 43 2 63 105 90 6
D 116 37 2 58 57 56 6
D 115 35 2 54 116 59 6
D 114 33 2 49 115 60 6
D 123 57 2 83 82 81 6
D 122 55 2 79 123 84 6
D 121 53 2 77 122 85 6
D 120 51 2 75 121 86 6
D 119 49 2 73 120 87 6
D 118 47 2 106 119 113 6
D 117 43 2 63 118 90 6
D 126 37 2 56 57 58 95
D 125 35 2 54 126 59 19
D 124 33 2 49 125 60 19
D 100 39 3 101 104 114 117 124 6
D 129 27 2 43 99 41 6
D 128 25 2 39 129 44 6
D 127 23 2 34 128 45 6
D 133 49 2 87 74 73 6
D 132 47 2 106 133 113 6
D 131 43 2 63 132 90 6
D 130 39 2 48 131 92 6
D 135 25 2 44 98 39 6
D 134 23 2 34 135 45 6
D 140 51 2 86 76 75 6
D 139 49 2 73 140 87 6
D 138 47 2 106 139 113 6
D 137 43 2 63 138 90 6
D 136 39 2 48 137 92 6
D 142 21 2 35 46 37 6
D 143 21 2 35 36 37 19
D 141 23 2 142 97 143 6
D 149 53 2 85 78 77 6
D 148 51 2 75 149 86 6
D 147 49 2 73 148 87 6
D 146 47 2 106 147 113 6
D 145 43 2 63 146 90 6
D 144 39 2 48 145 92 6
D 151 21 2 37 36 35 6
D 152 21 2 37 46 35 19
D 150 23 2 151 97 152 6
D 159 55 2 84 80 79 6
D 158 53 2 77 159 85 6
D 157 51 2 75 158 86 6
D 156 49 2 73 157 87 6
D 155 47 2 106 156 113 6
D 154 43 2 63 155 90 6
D 153 39 2 48 154 92 6
D 162 27 2 43 42 41 6
D 163 27 2 41 42 43 19
D 161 25 2 39 162 44 163
D 164 21 2 37 36 35 46
D 165 25 2 39 163 44 19
D 166 21 2 37 46 35 6
D 160 23 3 34 161 164 165 166 19
D 32 29 7 33 47 96 100 127 130 134 136 141 144 150 153 160 6
D 168 13 2 25 31 23 6
D 169 13 2 25 24 23 19
D 167 15 2 168 26 169 6
D 174 45 2 71 89 69 6
D 175 45 2 71 70 69 19
D 173 47 2 174 72 175 6
D 172 43 2 63 173 90 6
D 171 39 2 48 172 92 6
D 178 35 2 59 55 54 6
D 177 33 2 49 178 60 6
D 180 35 2 54 126 59 94
D 179 33 2 49 180 60 19
D 176 39 4 177 104 101 117 114 154 179 6
D 170 29 7 33 171 96 176 127 47 134 130 141 136 150 144 160 6
D 182 13 2 25 24 23 6
L 184 18 6
D 183 17 2 27 184 29 6
D 185 13 2 25 31 23 19
D 181 15 2 182 183 185 6
D 189 31 2 50 61 52 6
D 190 31 2 50 51 52 19
D 188 33 2 189 53 190 6
D 191 33 3 49 180 189 93 52 19
D 187 39 5 188 104 177 117 101 154 114 145 191 6
D 194 41 2 64 91 66 6
D 195 47 2 106 72 113 6
D 196 41 2 64 65 66 19
D 193 43 2 194 195 196 6
D 192 39 2 48 193 92 6
D 186 29 7 96 187 127 171 33 192 134 47 141 130 150 136 160 6
D 198 17 2 29 28 27 6
D 197 15 2 182 198 185 6
D 202 31 2 52 51 50 6
D 203 31 2 52 61 50 19
D 201 33 2 202 53 203 6
D 205 31 2 52 51 50 61
D 206 31 2 52 61 50 6
D 204 33 3 49 180 205 93 206 19
D 200 39 6 201 104 188 117 177 154 101 145 114 137 204 6
D 209 41 2 66 65 64 6
D 210 41 2 66 91 64 19
D 208 43 2 209 195 210 6
D 207 39 2 48 208 92 6
D 199 29 7 96 200 134 171 127 192 141 47 33 207 150 130 160 6
D 212 17 2 27 28 29 184
D 213 13 2 23 24 25 31
D 214 17 2 27 184 29 19
D 215 13 2 23 31 25 6
D 211 15 3 182 212 213 214 215 19
D 20 19 5 21 32 167 170 181 186 197 199 211 6
D 218 7 2 15 11 10 6
D 217 5 2 8 218 16 6
D 216 3 2 2 217 17 6
D 220 15 2 182 26 185 6
D 222 39 6 201 117 188 154 177 145 101 137 114 131 204 6
D 224 25 2 44 163 39 42
D 223 23 3 34 224 164 165 166 19
D 221 29 6 96 222 141 171 134 192 150 47 127 207 223 6
D 225 15 2 182 214 185 19
D 219 19 2 220 221 225 6
L 230 10 9
D 229 9 2 12 230 14 6
D 228 7 2 10 229 15 6
D 227 5 2 8 228 16 6
D 226 3 2 2 227 17 6
D 233 39 6 201 154 188 145 177 137 101 131 114 62 204 6
D 234 23 3 164 165 34 163 166 19
D 232 29 5 96 233 150 171 141 192 134 207 234 6
D 231 19 2 220 232 225 6
D 238 9 2 14 13 12 6
D 237 7 2 10 238 15 6
D 236 5 2 8 237 16 6
D 235 3 2 2 236 17 6
D 241 39 6 201 145 188 137 177 131 101 62 114 172 204 6
D 243 21 2 37 36 35 19
D 242 23 2 243 165 166 19
D 240 29 4 150 192 96 241 141 207 242 6
D 239 19 2 220 240 225 6
D 245 1 2 5 4 3 6
D 246 1 2 5 18 3 19
D 244 3 2 245 7 246 6
D 252 37 2 58 95 56 19
D 251 35 2 54 252 59 19
D 250 33 2 49 251 60 19
D 249 39 2 114 104 250 6
D 253 39 2 48 117 92 6
D 248 29 7 33 130 96 249 127 136 134 144 141 153 150 253 160 6
D 247 19 2 220 248 225 6
D 255 1 2 3 18 5 6
D 256 1 2 3 4 5 19
D 254 3 2 255 7 256 6
D 259 39 2 48 104 92 6
D 262 27 2 41 99 43 42
D 261 25 2 39 262 44 163
D 260 23 3 34 261 164 165 166 19
D 258 29 6 33 136 127 144 134 153 141 253 150 259 260 6
D 257 19 2 220 258 225 6
D 264 5 2 16 9 8 6
D 263 3 2 2 264 17 6
D 267 23 3 34 261 142 165 37 19
D 266 29 5 33 144 127 153 134 253 141 259 267 6
D 265 19 2 220 266 225 6
D 269 1 2 5 4 3 18
D 272 9 2 12 230 14 19
D 271 7 2 10 272 15 19
D 270 5 2 8 271 16 19
D 275 9 2 14 230 12 6
D 274 7 2 10 275 15 272
D 273 5 2 8 274 16 271
D 276 1 2 5 18 3 6
D 268 3 3 269 270 2 273 276 19
D 0 11 8 1 20 216 219 226 231 235 239 244 247 254 257 263 265 268 6
