c ids of sdd nodes start at 0
c sdd nodes appear bottom-up, children before parents
c
c file syntax:
c sdd count-of-sdd-nodes
c F id-of-false-sdd-node
c T id-of-true-sdd-node
c L id-of-literal-sdd-node id-of-vtree literal
c D id-of-decomposition-sdd-node id-of-vtree number-of-elements {id-of-prime id-of-sub}*
c
sdd 260
L 3 0 -3
L 4 2 -2
L 5 0 3
F 6
D 2 1 2 3 4 5 6
L 8 4 -1
L 10 6 -8
L 12 8 -10
L 13 10 -9
L 14 8 10
D 11 9 2 12 13 14 6
L 15 6 8
D 9 7 2 10 11 15 6
L 16 4 1
D 7 5 2 8 9 16 6
L 18 2 2
T 19
D 17 1 2 3 18 5 19
D 1 3 2 2 7 17 6
L 23 12 4
L 24 14 -5
L 25 12 -4
D 22 13 2 23 24 25 6
L 27 16 -7
L 28 18 -6
L 29 16 7
D 26 17 2 27 28 29 6
L 31 14 5
D 30 13 2 23 31 25 19
D 21 15 2 22 26 30 6
L 35 20 -16
L 36 22 -17
L 37 20 16
D 34 21 2 35 36 37 6
L 39 24 -18
L 41 26 -19
L 42 28 20
L 43 26 19
D 40 27 2 41 42 43 6
L 44 24 18
D 38 25 2 39 40 44 6
L 46 22 17
D 45 21 2 35 46 37 19
D 33 23 2 34 38 45 6
L 50 30 -11
L 51 32 -12
L 52 30 11
D 49 31 2 50 51 52 6
L 54 34 -13
L 56 36 -15
L 57 38 -14
L 58 36 15
D 55 37 2 56 57 58 6
L 59 34 13
D 53 35 2 54 55 59 6
L 61 32 12
D 60 31 2 50 61 52 19
D 48 33 2 49 53 60 6
L 64 40 -21
L 65 42 -22
L 66 40 21
D 63 41 2 64 65 66 6
L 69 44 -23
L 70 46 -24
L 71 44 23
D 68 45 2 69 70 71 6
L 73 48 -25
L 75 50 -26
L 77 52 -27
L 79 54 28
L 81 56 -29
L 82 58 -30
L 83 56 29
D 80 57 2 81 82 83 6
L 84 54 -28
D 78 55 2 79 80 84 6
L 85 52 27
D 76 53 2 77 78 85 6
L 86 50 26
D 74 51 2 75 76 86 6
L 87 48 25
D 72 49 2 73 74 87 6
L 89 46 24
D 88 45 2 69 89 71 19
D 67 47 2 68 72 88 6
L 91 42 22
D 90 41 2 64 91 66 19
D 62 43 2 63 67 90 6
L 95 38 14
D 94 37 2 56 95 58 19
D 93 35 2 54 94 59 19
D 92 33 2 49 93 60 19
D 47 39 2 48 62 92 6
L 99 28 -20
D 98 27 2 43 99 41 6
D 97 25 2 39 98 44 6
D 96 23 2 34 97 45 6
D 107 57 2 83 82 81 6
D 106 55 2 84 107 79 6
D 105 53 2 77 106 85 6
D 104 51 2 75 105 86 6
D 103 49 2 73 104 87 6
D 102 47 2 68 103 88 6
D 101 43 2 63 102 90 6
D 100 39 2 48 101 92 6
D 110 27 2 41 99 43 6
D 109 25 2 44 110 39 6
D 108 23 2 34 109 45 6
L 119 58 30
D 118 57 2 81 119 83 6
D 117 55 2 84 118 79 6
D 116 53 2 77 117 85 6
D 115 51 2 75 116 86 6
D 114 49 2 73 115 87 6
D 113 47 2 68 114 88 6
D 112 43 2 63 113 90 6
D 111 39 2 48 112 92 6
D 122 27 2 41 99 43 42
D 123 27 2 41 42 43 19
D 121 25 2 39 122 44 123
D 120 23 2 34 121 45 19
D 32 29 4 33 47 96 100 108 111 120 6
D 125 13 2 25 24 23 6
D 126 17 2 29 28 27 6
D 127 13 2 25 31 23 19
D 124 15 2 125 126 127 6
D 135 55 2 84 80 79 6
D 134 53 2 77 135 85 6
D 133 51 2 75 134 86 6
D 132 49 2 87 133 73 6
D 131 47 2 68 132 88 6
D 130 43 2 63 131 90 6
D 129 39 2 48 130 92 6
D 137 25 2 39 110 44 6
D 136 23 2 34 137 45 6
D 141 37 2 58 57 56 6
D 140 35 2 54 141 59 6
D 139 33 2 49 140 60 6
D 144 37 2 58 95 56 19
D 143 35 2 54 144 59 19
D 142 33 2 49 143 60 19
D 138 39 2 139 112 142 6
D 149 51 2 86 134 75 6
D 148 49 2 73 149 87 6
D 147 47 2 68 148 88 6
D 146 43 2 63 147 90 6
D 145 39 2 48 146 92 6
D 155 53 2 85 135 77 6
D 154 51 2 75 155 86 6
D 153 49 2 73 154 87 6
D 152 47 2 68 153 88 6
D 151 43 2 63 152 90 6
D 150 39 2 48 151 92 6
D 157 21 2 35 46 37 6
D 158 21 2 35 36 37 19
D 156 23 2 157 137 158 6
D 160 21 2 37 36 35 6
D 161 21 2 37 46 35 19
D 159 23 2 160 137 161 6
D 164 27 2 43 42 41 6
D 163 25 2 39 164 44 123
D 165 21 2 37 36 35 46
D 166 25 2 39 123 44 19
D 167 21 2 37 46 35 6
D 162 23 3 34 163 165 166 167 19
D 128 29 7 33 129 136 138 96 145 108 150 156 47 159 100 162 6
L 170 18 6
D 169 17 2 27 170 29 6
D 168 15 2 125 169 127 6
D 172 23 3 34 121 165 166 167 19
D 171 29 6 33 145 96 150 108 47 156 100 159 111 172 6
D 174 13 2 25 31 23 6
D 175 13 2 25 24 23 19
D 173 15 2 174 26 175 6
D 177 23 3 34 121 157 166 37 19
D 176 29 5 33 150 96 47 108 100 156 111 177 6
D 179 17 2 27 28 29 170
D 180 13 2 23 24 25 31
D 181 17 2 27 170 29 19
D 182 13 2 23 31 25 6
D 178 15 3 125 179 180 181 182 19
D 20 19 5 21 32 124 128 168 171 173 176 178 6
D 184 1 2 3 18 5 6
D 185 1 2 3 4 5 19
D 183 3 2 184 7 185 6
D 187 15 2 125 26 127 6
D 191 27 2 41 99 43 19
D 190 25 2 39 191 44 19
D 189 23 2 34 190 45 19
D 188 29 2 33 111 189 6
D 192 15 2 125 181 127 19
D 186 19 2 187 188 192 6
D 195 7 2 15 11 10 6
D 194 5 2 8 195 16 6
D 193 3 2 2 194 17 6
D 201 45 2 69 89 71 6
D 202 49 2 73 133 87 6
D 203 45 2 69 70 71 19
D 200 47 2 201 202 203 6
D 199 43 2 63 200 90 6
D 198 39 2 48 199 92 6
D 207 37 2 56 95 58 6
D 206 35 2 54 207 59 6
D 205 33 2 49 206 60 6
D 210 37 2 56 57 58 95
D 209 35 2 54 210 59 19
D 208 33 2 49 209 60 19
D 204 39 3 205 112 139 101 208 6
D 197 29 7 33 198 136 204 96 129 108 145 156 150 159 47 162 6
D 196 19 2 187 197 192 6
L 215 10 9
D 214 9 2 12 215 14 6
D 213 7 2 10 214 15 6
D 212 5 2 8 213 16 6
D 211 3 2 2 212 17 6
D 221 45 2 71 70 69 6
D 222 45 2 71 89 69 19
D 220 47 2 221 202 222 6
D 219 43 2 63 220 90 6
D 218 39 2 48 219 92 6
D 225 35 2 59 55 54 6
D 224 33 2 49 225 60 6
D 227 35 2 54 210 59 94
D 226 33 2 49 227 60 19
D 223 39 4 224 112 205 101 139 62 226 6
D 217 29 7 33 218 136 223 96 198 108 129 156 145 159 150 162 6
D 216 19 2 187 217 192 6
D 231 9 2 14 13 12 6
D 230 7 2 10 231 15 6
D 229 5 2 8 230 16 6
D 228 3 2 2 229 17 6
D 236 31 2 50 61 52 6
D 237 31 2 50 51 52 19
D 235 33 2 236 53 237 6
D 238 33 3 49 227 236 93 52 19
D 234 39 5 235 112 224 101 205 62 139 151 238 6
D 241 41 2 64 91 66 6
D 242 47 2 68 202 88 6
D 243 41 2 64 65 66 19
D 240 43 2 241 242 243 6
D 239 39 2 48 240 92 6
D 233 29 7 136 234 96 218 33 239 108 198 156 129 159 145 162 6
D 232 19 2 187 233 192 6
D 245 1 2 5 4 3 6
D 246 1 2 5 18 3 19
D 244 3 2 245 7 246 6
D 250 25 2 39 122 44 19
D 249 23 2 34 250 45 19
D 248 29 3 33 100 96 111 249 6
D 247 19 2 187 248 192 6
D 252 1 2 5 4 3 18
D 255 9 2 12 215 14 19
D 254 7 2 10 255 15 19
D 253 5 2 8 254 16 19
D 258 9 2 14 215 12 6
D 257 7 2 10 258 15 255
D 256 5 2 8 257 16 19
D 259 1 2 5 18 3 6
D 251 3 3 252 253 2 256 259 19
D 0 11 7 1 20 183 186 193 196 211 216 228 232 244 247 251 6
