c ids of sdd nodes start at 0
c sdd nodes appear bottom-up, children before parents
c
c file syntax:
c sdd count-of-sdd-nodes
c F id-of-false-sdd-node
c T id-of-true-sdd-node
c L id-of-literal-sdd-node id-of-vtree literal
c D id-of-decomposition-sdd-node id-of-vtree number-of-elements {id-of-prime id-of-sub}*
c
sdd 146
L 3 0 -3
L 4 2 -2
L 5 0 3
F 6
D 2 1 2 3 4 5 6
L 8 4 1
L 10 6 -8
L 12 8 -10
L 13 10 -9
L 14 8 10
D 11 9 2 12 13 14 6
L 15 6 8
D 9 7 2 10 11 15 6
L 16 4 -1
D 7 5 2 8 9 16 6
L 18 2 2
T 19
D 17 1 2 3 18 5 19
D 1 3 2 2 7 17 6
L 23 12 -4
L 24 14 -5
L 25 12 4
D 22 13 2 23 24 25 6
L 27 16 -7
L 28 18 -6
L 29 16 7
D 26 17 2 27 28 29 6
L 31 14 5
D 30 13 2 23 31 25 19
D 21 15 2 22 26 30 6
L 35 20 -16
L 36 22 -17
L 37 20 16
D 34 21 2 35 36 37 6
L 39 24 -18
L 41 26 -19
L 42 28 -20
L 43 26 19
D 40 27 2 41 42 43 6
L 44 24 18
D 38 25 2 39 40 44 6
L 46 22 17
D 45 21 2 35 46 37 19
D 33 23 2 34 38 45 6
L 50 30 11
L 51 32 -12
L 52 30 -11
D 49 31 2 50 51 52 6
L 54 34 -13
L 56 36 -15
L 57 38 -14
L 58 36 15
D 55 37 2 56 57 58 6
L 59 34 13
D 53 35 2 54 55 59 6
L 61 32 12
D 60 31 2 50 61 52 19
D 48 33 2 49 53 60 6
L 64 40 -21
L 65 42 -22
L 66 40 21
D 63 41 2 64 65 66 6
L 69 44 23
L 70 46 -24
L 71 44 -23
D 68 45 2 69 70 71 6
L 73 48 -25
L 75 50 -26
L 77 52 -27
L 79 54 -28
L 81 56 -29
L 82 58 -30
L 83 56 29
D 80 57 2 81 82 83 6
L 84 54 28
D 78 55 2 79 80 84 6
L 85 52 27
D 76 53 2 77 78 85 6
L 86 50 26
D 74 51 2 75 76 86 6
L 87 48 25
D 72 49 2 73 74 87 6
L 89 46 24
D 88 45 2 69 89 71 19
D 67 47 2 68 72 88 6
L 91 42 22
D 90 41 2 64 91 66 19
D 62 43 2 63 67 90 6
D 93 31 2 52 61 50 6
D 94 31 2 52 51 50 19
D 92 33 2 93 53 94 6
D 96 41 2 64 91 66 6
D 98 45 2 71 70 69 6
D 99 45 2 71 89 69 19
D 97 47 2 98 72 99 6
D 100 41 2 64 65 66 19
D 95 43 2 96 97 100 6
D 102 31 2 52 51 50 6
D 103 35 2 59 55 54 6
D 104 31 2 52 61 50 19
D 101 33 2 102 103 104 6
D 106 41 2 66 65 64 6
D 107 41 2 66 91 64 19
D 105 43 2 106 97 107 6
L 111 38 14
D 110 37 2 56 111 58 19
D 109 35 2 59 110 54 19
D 112 31 2 50 51 52 61
D 113 35 2 54 110 59 19
D 114 31 2 50 61 52 6
D 108 33 3 102 109 112 113 114 19
D 47 39 4 48 62 92 95 101 105 108 6
L 118 28 20
D 117 27 2 41 118 43 19
D 116 25 2 39 117 44 19
D 115 23 2 34 116 45 19
D 32 29 2 33 47 115 6
L 121 18 6
D 120 17 2 27 121 29 19
D 119 15 2 22 120 30 19
D 20 19 2 21 32 119 6
D 123 1 2 3 18 5 6
D 124 5 2 16 9 8 6
D 125 1 2 3 4 5 19
D 122 3 2 123 124 125 6
D 130 31 2 52 51 50 61
D 129 33 2 112 113 130 19
D 128 39 3 48 95 92 105 129 6
D 127 29 2 33 128 115 6
D 126 19 2 21 127 119 6
D 132 1 2 5 4 3 6
D 133 1 2 5 18 3 19
D 131 3 2 132 124 133 6
D 137 33 2 49 113 60 19
D 136 39 2 48 105 137 6
D 135 29 2 33 136 115 6
D 134 19 2 21 135 119 6
D 139 1 2 5 4 3 18
L 143 10 9
D 142 9 2 12 143 14 19
D 141 7 2 10 142 15 19
D 140 5 2 16 141 8 19
D 144 5 2 8 141 16 19
D 145 1 2 5 18 3 6
D 138 3 3 139 140 2 144 145 19
D 0 11 4 1 20 122 126 131 134 138 6
