c ids of sdd nodes start at 0
c sdd nodes appear bottom-up, children before parents
c
c file syntax:
c sdd count-of-sdd-nodes
c F id-of-false-sdd-node
c T id-of-true-sdd-node
c L id-of-literal-sdd-node id-of-vtree literal
c D id-of-decomposition-sdd-node id-of-vtree number-of-elements {id-of-prime id-of-sub}*
c
sdd 243
L 3 0 -3
L 4 2 -2
L 5 0 3
F 6
D 2 1 2 3 4 5 6
L 8 4 -1
L 10 6 -8
L 12 8 -10
L 13 10 -9
L 14 8 10
D 11 9 2 12 13 14 6
L 15 6 8
D 9 7 2 10 11 15 6
L 16 4 1
D 7 5 2 8 9 16 6
L 18 2 2
T 19
D 17 1 2 3 18 5 19
D 1 3 2 2 7 17 6
L 23 12 4
L 24 14 -5
L 25 12 -4
D 22 13 2 23 24 25 6
L 27 16 -7
L 28 18 -6
L 29 16 7
D 26 17 2 27 28 29 6
L 31 14 5
D 30 13 2 23 31 25 19
D 21 15 2 22 26 30 6
L 35 20 -16
L 36 22 -17
L 37 20 16
D 34 21 2 35 36 37 6
L 39 24 -18
L 41 26 -19
L 42 28 20
L 43 26 19
D 40 27 2 41 42 43 6
L 44 24 18
D 38 25 2 39 40 44 6
L 46 22 17
D 45 21 2 35 46 37 19
D 33 23 2 34 38 45 6
L 50 30 -11
L 51 32 -12
L 52 30 11
D 49 31 2 50 51 52 6
L 54 34 -13
L 56 36 -15
L 57 38 -14
L 58 36 15
D 55 37 2 56 57 58 6
L 59 34 13
D 53 35 2 54 55 59 6
L 61 32 12
D 60 31 2 50 61 52 19
D 48 33 2 49 53 60 6
L 64 40 -21
L 65 42 -22
L 66 40 21
D 63 41 2 64 65 66 6
L 69 44 -23
L 70 46 -24
L 71 44 23
D 68 45 2 69 70 71 6
L 73 48 -25
L 75 50 -26
L 77 52 -27
L 79 54 -28
L 81 56 29
L 82 58 -30
L 83 56 -29
D 80 57 2 81 82 83 6
L 84 54 28
D 78 55 2 79 80 84 6
L 85 52 27
D 76 53 2 77 78 85 6
L 86 50 26
D 74 51 2 75 76 86 6
L 87 48 25
D 72 49 2 73 74 87 6
L 89 46 24
D 88 45 2 69 89 71 19
D 67 47 2 68 72 88 6
L 91 42 22
D 90 41 2 64 91 66 19
D 62 43 2 63 67 90 6
L 95 38 14
D 94 37 2 56 95 58 19
D 93 35 2 54 94 59 19
D 92 33 2 49 93 60 19
D 47 39 2 48 62 92 6
L 99 28 -20
D 98 27 2 43 99 41 6
D 97 25 2 39 98 44 6
D 96 23 2 34 97 45 6
L 108 58 30
D 107 57 2 83 108 81 6
D 106 55 2 79 107 84 6
D 105 53 2 77 106 85 6
D 104 51 2 75 105 86 6
D 103 49 2 73 104 87 6
D 102 47 2 68 103 88 6
D 101 43 2 63 102 90 6
D 100 39 2 48 101 92 6
D 111 27 2 41 99 43 42
D 110 25 2 39 111 44 19
D 109 23 2 34 110 45 19
D 32 29 3 33 47 96 100 109 6
D 113 13 2 25 31 23 6
D 114 13 2 25 24 23 19
D 112 15 2 113 26 114 6
D 123 57 2 83 82 81 6
D 122 55 2 84 123 79 6
D 121 53 2 77 122 85 6
D 120 51 2 75 121 86 6
D 119 49 2 73 120 87 6
D 118 47 2 68 119 88 6
D 117 43 2 63 118 90 6
D 116 39 2 48 117 92 6
D 126 27 2 41 99 43 6
D 125 25 2 44 126 39 6
D 124 23 2 34 125 45 6
D 129 27 2 41 42 43 19
D 128 25 2 39 111 44 129
D 127 23 2 34 128 45 19
D 115 29 4 33 116 96 47 124 100 127 6
D 131 13 2 25 24 23 6
D 132 17 2 29 28 27 6
D 133 13 2 25 31 23 19
D 130 15 2 131 132 133 6
D 141 55 2 79 123 84 6
D 140 53 2 77 141 85 6
D 139 51 2 86 140 75 6
D 138 49 2 73 139 87 6
D 137 47 2 68 138 88 6
D 136 43 2 63 137 90 6
D 135 39 2 48 136 92 6
D 147 53 2 85 141 77 6
D 146 51 2 75 147 86 6
D 145 49 2 73 146 87 6
D 144 47 2 68 145 88 6
D 143 43 2 63 144 90 6
D 142 39 2 48 143 92 6
D 149 21 2 35 46 37 6
D 150 25 2 39 126 44 6
D 151 21 2 35 36 37 19
D 148 23 2 149 150 151 6
D 153 21 2 37 36 35 6
D 154 21 2 37 46 35 19
D 152 23 2 153 150 154 6
D 156 21 2 37 36 35 46
D 157 25 2 39 129 44 19
D 158 21 2 37 46 35 6
D 155 23 3 34 128 156 157 158 19
D 134 29 6 33 135 96 142 124 116 148 47 152 100 155 6
L 161 18 6
D 160 17 2 27 161 29 6
D 159 15 2 131 160 133 6
D 163 23 3 34 128 149 157 37 19
D 162 29 5 33 142 96 116 124 47 148 100 163 6
D 165 17 2 27 28 29 161
D 166 13 2 23 24 25 31
D 167 17 2 27 161 29 19
D 168 13 2 23 31 25 6
D 164 15 3 131 165 166 167 168 19
D 20 19 5 21 32 112 115 130 134 159 162 164 6
D 170 1 2 5 4 3 6
D 171 1 2 5 18 3 19
D 169 3 2 170 7 171 6
D 173 15 2 131 26 133 6
D 177 27 2 41 99 43 19
D 176 25 2 39 177 44 19
D 175 23 2 34 176 45 19
D 174 29 2 33 100 175 6
D 178 15 2 131 167 133 19
D 172 19 2 173 174 178 6
L 183 10 9
D 182 9 2 12 183 14 6
D 181 7 2 10 182 15 6
D 180 5 2 8 181 16 6
D 179 3 2 2 180 17 6
D 189 45 2 69 89 71 6
D 191 51 2 75 140 86 6
D 190 49 2 73 191 87 6
D 192 45 2 69 70 71 19
D 188 47 2 189 190 192 6
D 187 43 2 63 188 90 6
D 186 39 2 48 187 92 6
D 193 23 2 34 150 45 6
D 197 37 2 56 95 58 6
D 196 35 2 54 197 59 6
D 195 33 2 49 196 60 6
D 200 37 2 58 57 56 6
D 199 35 2 54 200 59 6
D 198 33 2 49 199 60 6
D 203 37 2 56 57 58 95
D 202 35 2 54 203 59 19
D 201 33 2 49 202 60 19
D 194 39 3 195 101 198 62 201 6
D 207 49 2 87 191 73 6
D 206 47 2 68 207 88 6
D 205 43 2 63 206 90 6
D 204 39 2 48 205 92 6
D 210 27 2 43 42 41 6
D 209 25 2 39 210 44 129
D 208 23 3 34 209 156 157 158 19
D 185 29 7 33 186 193 194 96 204 124 135 148 142 152 116 208 6
D 184 19 2 173 185 178 6
D 214 9 2 14 13 12 6
D 213 7 2 10 214 15 6
D 212 5 2 8 213 16 6
D 211 3 2 2 212 17 6
D 220 45 2 71 70 69 6
D 221 45 2 71 89 69 19
D 219 47 2 220 190 221 6
D 218 43 2 63 219 90 6
D 217 39 2 48 218 92 6
D 224 35 2 59 55 54 6
D 223 33 2 49 224 60 6
D 226 35 2 54 203 59 94
D 225 33 2 49 226 60 19
D 222 39 4 223 101 195 62 198 117 225 6
D 216 29 7 33 217 193 222 96 186 124 204 148 135 152 142 208 6
D 215 19 2 173 216 178 6
D 229 7 2 15 11 10 6
D 228 5 2 8 229 16 6
D 227 3 2 2 228 17 6
D 235 37 2 58 95 56 19
D 234 35 2 54 235 59 19
D 233 33 2 49 234 60 19
D 232 39 2 198 101 233 6
D 231 29 7 33 204 193 232 96 135 124 142 148 116 152 47 208 6
D 230 19 2 173 231 178 6
D 239 9 2 12 183 14 19
D 238 7 2 10 239 15 19
D 237 5 2 8 238 16 19
D 242 9 2 14 183 12 6
D 241 7 2 10 242 15 239
D 240 5 2 8 241 16 19
D 236 3 3 170 237 2 240 18 19
D 0 11 6 1 20 169 172 179 184 211 215 227 230 236 6
