c ids of sdd nodes start at 0
c sdd nodes appear bottom-up, children before parents
c
c file syntax:
c sdd count-of-sdd-nodes
c F id-of-false-sdd-node
c T id-of-true-sdd-node
c L id-of-literal-sdd-node id-of-vtree literal
c D id-of-decomposition-sdd-node id-of-vtree number-of-elements {id-of-prime id-of-sub}*
c
sdd 226
L 3 0 -3
L 4 2 -2
L 5 0 3
F 6
D 2 1 2 3 4 5 6
L 8 4 -1
L 10 6 -8
L 12 8 -10
L 13 10 -9
L 14 8 10
D 11 9 2 12 13 14 6
L 15 6 8
D 9 7 2 10 11 15 6
L 16 4 1
D 7 5 2 8 9 16 6
L 18 2 2
T 19
D 17 1 2 3 18 5 19
D 1 3 2 2 7 17 6
L 23 12 4
L 24 14 -5
L 25 12 -4
D 22 13 2 23 24 25 6
L 27 16 -7
L 28 18 -6
L 29 16 7
D 26 17 2 27 28 29 6
L 31 14 5
D 30 13 2 23 31 25 19
D 21 15 2 22 26 30 6
L 35 20 -16
L 36 22 -17
L 37 20 16
D 34 21 2 35 36 37 6
L 39 24 -18
L 41 26 -19
L 42 28 20
L 43 26 19
D 40 27 2 41 42 43 6
L 44 24 18
D 38 25 2 39 40 44 6
L 46 22 17
D 45 21 2 35 46 37 19
D 33 23 2 34 38 45 6
L 50 30 -11
L 51 32 -12
L 52 30 11
D 49 31 2 50 51 52 6
L 54 34 -13
L 56 36 -15
L 57 38 -14
L 58 36 15
D 55 37 2 56 57 58 6
L 59 34 13
D 53 35 2 54 55 59 6
L 61 32 12
D 60 31 2 50 61 52 19
D 48 33 2 49 53 60 6
L 64 40 -21
L 65 42 -22
L 66 40 21
D 63 41 2 64 65 66 6
L 69 44 -23
L 70 46 -24
L 71 44 23
D 68 45 2 69 70 71 6
L 73 48 -25
L 75 50 -26
L 77 52 -27
L 79 54 -28
L 81 56 -29
L 82 58 30
L 83 56 29
D 80 57 2 81 82 83 6
L 84 54 28
D 78 55 2 79 80 84 6
L 85 52 27
D 76 53 2 77 78 85 6
L 86 50 26
D 74 51 2 75 76 86 6
L 87 48 25
D 72 49 2 73 74 87 6
L 89 46 24
D 88 45 2 69 89 71 19
D 67 47 2 68 72 88 6
L 91 42 22
D 90 41 2 64 91 66 19
D 62 43 2 63 67 90 6
L 95 38 14
D 94 37 2 56 95 58 19
D 93 35 2 54 94 59 19
D 92 33 2 49 93 60 19
D 47 39 2 48 62 92 6
L 99 28 -20
D 98 27 2 41 99 43 19
D 97 25 2 39 98 44 19
D 96 23 2 34 97 45 19
D 32 29 2 33 47 96 6
D 101 13 2 25 31 23 6
D 102 13 2 25 24 23 19
D 100 15 2 101 26 102 6
L 112 58 -30
D 111 57 2 83 112 81 6
D 110 55 2 79 111 84 6
D 109 53 2 77 110 85 6
D 108 51 2 75 109 86 6
D 107 49 2 73 108 87 6
D 106 47 2 68 107 88 6
D 105 43 2 63 106 90 6
D 104 39 2 48 105 92 6
D 115 27 2 43 99 41 6
D 114 25 2 39 115 44 6
D 113 23 2 34 114 45 6
D 118 27 2 41 99 43 42
D 117 25 2 39 118 44 19
D 116 23 2 34 117 45 19
D 103 29 3 33 104 113 47 116 6
D 120 13 2 25 24 23 6
L 122 18 6
D 121 17 2 27 122 29 6
D 123 13 2 25 31 23 19
D 119 15 2 120 121 123 6
D 132 57 2 81 112 83 6
D 131 55 2 84 132 79 6
D 130 53 2 77 131 85 6
D 129 51 2 75 130 86 6
D 128 49 2 73 129 87 6
D 127 47 2 68 128 88 6
D 126 43 2 63 127 90 6
D 125 39 2 48 126 92 6
D 135 27 2 41 99 43 6
D 134 25 2 44 135 39 6
D 133 23 2 34 134 45 6
D 138 27 2 41 42 43 19
D 137 25 2 39 118 44 138
D 136 23 2 34 137 45 19
D 124 29 4 33 125 113 104 133 47 136 6
D 140 17 2 29 28 27 6
D 139 15 2 120 140 123 6
D 148 55 2 79 132 84 6
D 147 53 2 85 148 77 6
D 146 51 2 75 147 86 6
D 145 49 2 73 146 87 6
D 144 47 2 68 145 88 6
D 143 43 2 63 144 90 6
D 142 39 2 48 143 92 6
D 150 21 2 35 46 37 6
D 151 25 2 39 135 44 6
D 152 21 2 35 36 37 19
D 149 23 2 150 151 152 6
D 154 25 2 39 138 44 19
D 153 23 3 34 137 150 154 37 19
D 141 29 5 33 142 113 125 133 104 149 47 153 6
D 156 17 2 27 28 29 122
D 157 13 2 23 24 25 31
D 158 17 2 27 122 29 19
D 159 13 2 23 31 25 6
D 155 15 3 120 156 157 158 159 19
D 20 19 5 21 32 100 103 119 124 139 141 155 6
D 163 9 2 14 13 12 6
D 162 7 2 10 163 15 6
D 161 5 2 8 162 16 6
D 160 3 2 2 161 17 6
D 165 15 2 120 26 123 6
D 170 45 2 69 89 71 6
D 173 53 2 77 148 85 6
D 172 51 2 75 173 86 6
D 171 49 2 73 172 87 6
D 174 45 2 69 70 71 19
D 169 47 2 170 171 174 6
D 168 43 2 63 169 90 6
D 167 39 2 48 168 92 6
D 175 23 2 34 151 45 6
D 179 37 2 56 95 58 6
D 178 35 2 54 179 59 6
D 177 33 2 49 178 60 6
D 182 37 2 58 57 56 6
D 181 35 2 54 182 59 6
D 180 33 2 49 181 60 6
D 185 37 2 56 57 58 95
D 184 35 2 54 185 59 19
D 183 33 2 49 184 60 19
D 176 39 3 177 62 180 105 183 6
D 189 49 2 87 172 73 6
D 188 47 2 68 189 88 6
D 187 43 2 63 188 90 6
D 186 39 2 48 187 92 6
D 194 51 2 86 173 75 6
D 193 49 2 73 194 87 6
D 192 47 2 68 193 88 6
D 191 43 2 63 192 90 6
D 190 39 2 48 191 92 6
D 196 21 2 37 36 35 6
D 197 21 2 37 46 35 19
D 195 23 2 196 151 197 6
D 200 27 2 43 42 41 6
D 199 25 2 39 200 44 138
D 201 21 2 37 36 35 46
D 202 21 2 37 46 35 6
D 198 23 3 34 199 201 154 202 19
D 166 29 7 33 167 175 176 113 186 133 190 149 142 195 125 198 6
D 203 15 2 120 158 123 19
D 164 19 2 165 166 203 6
L 208 10 9
D 207 9 2 12 208 14 6
D 206 7 2 10 207 15 6
D 205 5 2 8 206 16 6
D 204 3 2 2 205 17 6
D 214 37 2 58 95 56 19
D 213 35 2 54 214 59 19
D 212 33 2 49 213 60 19
D 211 39 2 180 62 212 6
D 210 29 7 33 186 175 211 113 190 133 142 149 125 195 104 198 6
D 209 19 2 165 210 203 6
D 217 7 2 15 11 10 6
D 216 5 2 8 217 16 6
D 215 3 2 2 216 17 6
D 220 23 3 34 137 201 154 202 19
D 219 29 6 33 190 113 142 133 125 149 104 195 47 220 6
D 218 19 2 165 219 203 6
D 224 9 2 14 208 12 6
D 225 9 2 12 208 14 19
D 223 7 2 10 224 15 225
D 222 5 2 8 223 16 19
D 221 3 2 2 222 17 19
D 0 11 5 1 20 160 164 204 209 215 218 221 6
