c ids of sdd nodes start at 0
c sdd nodes appear bottom-up, children before parents
c
c file syntax:
c sdd count-of-sdd-nodes
c F id-of-false-sdd-node
c T id-of-true-sdd-node
c L id-of-literal-sdd-node id-of-vtree literal
c D id-of-decomposition-sdd-node id-of-vtree number-of-elements {id-of-prime id-of-sub}*
c
sdd 207
L 3 0 -3
L 4 2 -2
L 5 0 3
F 6
D 2 1 2 3 4 5 6
L 8 4 -1
L 10 6 -8
L 12 8 10
L 13 10 -9
L 14 8 -10
D 11 9 2 12 13 14 6
L 15 6 8
D 9 7 2 10 11 15 6
L 16 4 1
D 7 5 2 8 9 16 6
L 18 2 2
T 19
D 17 1 2 3 18 5 19
D 1 3 2 2 7 17 6
L 23 12 -4
L 24 14 -5
L 25 12 4
D 22 13 2 23 24 25 6
L 27 16 -7
L 28 18 -6
L 29 16 7
D 26 17 2 27 28 29 6
L 31 14 5
D 30 13 2 23 31 25 19
D 21 15 2 22 26 30 6
L 35 20 -16
L 36 22 -17
L 37 20 16
D 34 21 2 35 36 37 6
L 39 24 -18
L 41 26 -19
L 42 28 20
L 43 26 19
D 40 27 2 41 42 43 6
L 44 24 18
D 38 25 2 39 40 44 6
L 46 22 17
D 45 21 2 35 46 37 19
D 33 23 2 34 38 45 6
L 50 30 -11
L 51 32 -12
L 52 30 11
D 49 31 2 50 51 52 6
L 54 34 -13
L 56 36 -15
L 57 38 -14
L 58 36 15
D 55 37 2 56 57 58 6
L 59 34 13
D 53 35 2 54 55 59 6
L 61 32 12
D 60 31 2 50 61 52 19
D 48 33 2 49 53 60 6
L 64 40 -21
L 65 42 -22
L 66 40 21
D 63 41 2 64 65 66 6
L 69 44 -23
L 70 46 -24
L 71 44 23
D 68 45 2 69 70 71 6
L 73 48 25
L 75 50 -26
L 77 52 -27
L 79 54 -28
L 81 56 -29
L 82 58 -30
L 83 56 29
D 80 57 2 81 82 83 6
L 84 54 28
D 78 55 2 79 80 84 6
L 85 52 27
D 76 53 2 77 78 85 6
L 86 50 26
D 74 51 2 75 76 86 6
L 87 48 -25
D 72 49 2 73 74 87 6
L 89 46 24
D 88 45 2 69 89 71 19
D 67 47 2 68 72 88 6
L 91 42 22
D 90 41 2 64 91 66 19
D 62 43 2 63 67 90 6
L 95 38 14
D 94 37 2 56 95 58 19
D 93 35 2 54 94 59 19
D 92 33 2 49 93 60 19
D 47 39 2 48 62 92 6
L 99 28 -20
D 98 27 2 41 99 43 6
D 97 25 2 39 98 44 6
D 96 23 2 34 97 45 6
D 103 37 2 58 57 56 6
D 102 35 2 54 103 59 6
D 101 33 2 49 102 60 6
L 111 58 30
D 110 57 2 81 111 83 6
D 109 55 2 79 110 84 6
D 108 53 2 77 109 85 6
D 107 51 2 75 108 86 6
D 106 49 2 87 107 73 6
D 105 47 2 68 106 88 6
D 104 43 2 63 105 90 6
D 114 37 2 58 95 56 19
D 113 35 2 54 114 59 19
D 112 33 2 49 113 60 19
D 100 39 2 101 104 112 6
D 117 27 2 43 99 41 6
D 116 25 2 39 117 44 6
D 115 23 2 34 116 45 6
D 122 51 2 86 76 75 6
D 121 49 2 87 122 73 6
D 120 47 2 68 121 88 6
D 119 43 2 63 120 90 6
D 118 39 2 48 119 92 6
D 124 25 2 44 98 39 6
D 123 23 2 34 124 45 6
D 130 53 2 85 78 77 6
D 129 51 2 75 130 86 6
D 128 49 2 87 129 73 6
D 127 47 2 68 128 88 6
D 126 43 2 63 127 90 6
D 125 39 2 48 126 92 6
D 132 21 2 35 46 37 6
D 133 21 2 35 36 37 19
D 131 23 2 132 97 133 6
D 140 55 2 84 80 79 6
D 139 53 2 77 140 85 6
D 138 51 2 75 139 86 6
D 137 49 2 87 138 73 6
D 136 47 2 68 137 88 6
D 135 43 2 63 136 90 6
D 134 39 2 48 135 92 6
D 142 21 2 37 36 35 6
D 143 21 2 37 46 35 19
D 141 23 2 142 97 143 6
D 151 57 2 83 82 81 6
D 150 55 2 79 151 84 6
D 149 53 2 77 150 85 6
D 148 51 2 75 149 86 6
D 147 49 2 87 148 73 6
D 146 47 2 68 147 88 6
D 145 43 2 63 146 90 6
D 144 39 2 48 145 92 6
D 154 27 2 43 42 41 6
D 155 27 2 41 42 43 19
D 153 25 2 39 154 44 155
D 156 21 2 37 36 35 46
D 157 25 2 39 155 44 19
D 158 21 2 37 46 35 6
D 152 23 3 34 153 156 157 158 19
D 32 29 7 33 47 96 100 115 118 123 125 131 134 141 144 152 6
L 161 18 6
D 160 17 2 27 161 29 19
D 159 15 2 22 160 30 19
D 20 19 2 21 32 159 6
D 165 9 2 14 13 12 6
D 164 7 2 10 165 15 6
D 163 5 2 8 164 16 6
D 162 3 2 2 163 17 6
D 168 13 2 23 31 25 6
D 169 13 2 23 24 25 19
D 167 15 2 168 26 169 6
D 171 39 2 48 104 92 6
D 174 27 2 41 99 43 19
D 173 25 2 39 174 44 19
D 172 23 2 34 173 45 19
D 170 29 2 33 171 172 6
D 176 17 2 27 161 29 6
D 175 15 2 22 176 30 6
D 180 27 2 41 99 43 42
D 179 25 2 39 180 44 19
D 178 23 2 34 179 45 19
D 177 29 3 33 144 115 171 178 6
D 182 17 2 29 28 27 6
D 181 15 2 22 182 30 6
D 185 25 2 39 180 44 155
D 184 23 2 34 185 45 19
D 183 29 4 33 134 115 144 123 171 184 6
D 187 17 2 27 28 29 161
D 186 15 3 22 187 168 160 25 19
D 166 19 4 167 170 175 177 181 183 186 6
L 192 10 9
D 191 9 2 14 192 12 6
D 190 7 2 10 191 15 6
D 189 5 2 8 190 16 6
D 188 3 2 2 189 17 6
D 195 23 3 34 185 156 157 158 19
D 194 29 6 33 118 115 125 123 134 131 144 141 171 195 6
D 193 19 2 21 194 159 6
D 198 7 2 15 165 10 6
D 197 5 2 8 198 16 6
D 196 3 2 2 197 17 6
D 201 23 3 34 185 132 157 37 19
D 200 29 5 33 125 115 134 123 144 131 171 201 6
D 199 19 2 21 200 159 6
D 205 9 2 12 192 14 6
D 206 9 2 14 192 12 19
D 204 7 2 10 205 15 206
D 203 5 2 8 204 16 19
D 202 3 2 2 203 17 19
D 0 11 5 1 20 162 166 188 193 196 199 202 6
