c ids of sdd nodes start at 0
c sdd nodes appear bottom-up, children before parents
c
c file syntax:
c sdd count-of-sdd-nodes
c F id-of-false-sdd-node
c T id-of-true-sdd-node
c L id-of-literal-sdd-node id-of-vtree literal
c D id-of-decomposition-sdd-node id-of-vtree number-of-elements {id-of-prime id-of-sub}*
c
sdd 187
L 3 0 -3
L 4 2 -2
L 5 0 3
F 6
D 2 1 2 3 4 5 6
L 8 4 -1
L 10 6 -8
L 12 8 10
L 13 10 -9
L 14 8 -10
D 11 9 2 12 13 14 6
L 15 6 8
D 9 7 2 10 11 15 6
L 16 4 1
D 7 5 2 8 9 16 6
L 18 2 2
T 19
D 17 1 2 3 18 5 19
D 1 3 2 2 7 17 6
L 23 12 -4
L 24 14 -5
L 25 12 4
D 22 13 2 23 24 25 6
L 27 16 -7
L 28 18 -6
L 29 16 7
D 26 17 2 27 28 29 6
L 31 14 5
D 30 13 2 23 31 25 19
D 21 15 2 22 26 30 6
L 35 20 -16
L 36 22 -17
L 37 20 16
D 34 21 2 35 36 37 6
L 39 24 -18
L 41 26 -19
L 42 28 20
L 43 26 19
D 40 27 2 41 42 43 6
L 44 24 18
D 38 25 2 39 40 44 6
L 46 22 17
D 45 21 2 35 46 37 19
D 33 23 2 34 38 45 6
L 50 30 -11
L 51 32 -12
L 52 30 11
D 49 31 2 50 51 52 6
L 54 34 -13
L 56 36 -15
L 57 38 -14
L 58 36 15
D 55 37 2 56 57 58 6
L 59 34 13
D 53 35 2 54 55 59 6
L 61 32 12
D 60 31 2 50 61 52 19
D 48 33 2 49 53 60 6
L 64 40 -21
L 65 42 -22
L 66 40 21
D 63 41 2 64 65 66 6
L 69 44 -23
L 70 46 -24
L 71 44 23
D 68 45 2 69 70 71 6
L 73 48 -25
L 75 50 26
L 77 52 -27
L 79 54 -28
L 81 56 -29
L 82 58 -30
L 83 56 29
D 80 57 2 81 82 83 6
L 84 54 28
D 78 55 2 79 80 84 6
L 85 52 27
D 76 53 2 77 78 85 6
L 86 50 -26
D 74 51 2 75 76 86 6
L 87 48 25
D 72 49 2 73 74 87 6
L 89 46 24
D 88 45 2 69 89 71 19
D 67 47 2 68 72 88 6
L 91 42 22
D 90 41 2 64 91 66 19
D 62 43 2 63 67 90 6
L 95 38 14
D 94 37 2 56 95 58 19
D 93 35 2 54 94 59 19
D 92 33 2 49 93 60 19
D 47 39 2 48 62 92 6
L 99 28 -20
D 98 27 2 43 99 41 6
D 97 25 2 39 98 44 6
D 96 23 2 34 97 45 6
D 105 53 2 85 78 77 6
D 104 51 2 86 105 75 6
D 103 49 2 73 104 87 6
D 102 47 2 68 103 88 6
D 101 43 2 63 102 90 6
D 100 39 2 48 101 92 6
D 108 27 2 41 99 43 6
D 107 25 2 44 108 39 6
D 106 23 2 34 107 45 6
D 115 55 2 84 80 79 6
D 114 53 2 77 115 85 6
D 113 51 2 86 114 75 6
D 112 49 2 73 113 87 6
D 111 47 2 68 112 88 6
D 110 43 2 63 111 90 6
D 109 39 2 48 110 92 6
D 117 21 2 35 46 37 6
D 118 25 2 39 108 44 6
D 119 21 2 35 36 37 19
D 116 23 2 117 118 119 6
D 127 57 2 83 82 81 6
D 126 55 2 79 127 84 6
D 125 53 2 77 126 85 6
D 124 51 2 86 125 75 6
D 123 49 2 73 124 87 6
D 122 47 2 68 123 88 6
D 121 43 2 63 122 90 6
D 120 39 2 48 121 92 6
D 129 21 2 37 36 35 6
D 130 21 2 37 46 35 19
D 128 23 2 129 118 130 6
L 139 58 30
D 138 57 2 81 139 83 6
D 137 55 2 79 138 84 6
D 136 53 2 77 137 85 6
D 135 51 2 86 136 75 6
D 134 49 2 73 135 87 6
D 133 47 2 68 134 88 6
D 132 43 2 63 133 90 6
D 131 39 2 48 132 92 6
D 142 27 2 41 99 43 42
D 143 27 2 41 42 43 19
D 141 25 2 39 142 44 143
D 144 21 2 37 36 35 46
D 145 25 2 39 143 44 19
D 146 21 2 37 46 35 6
D 140 23 3 34 141 144 145 146 19
D 32 29 6 33 47 96 100 106 109 116 120 128 131 140 6
L 149 18 6
D 148 17 2 27 149 29 19
D 147 15 2 22 148 30 19
D 20 19 2 21 32 147 6
D 153 9 2 14 13 12 6
D 152 7 2 10 153 15 6
D 151 5 2 8 152 16 6
D 150 3 2 2 151 17 6
D 156 17 2 27 149 29 6
D 155 15 2 22 156 30 6
D 160 27 2 41 99 43 19
D 159 25 2 39 160 44 19
D 158 23 2 34 159 45 19
D 157 29 2 33 131 158 6
D 162 17 2 29 28 27 6
D 161 15 2 22 162 30 6
D 165 25 2 39 142 44 19
D 164 23 2 34 165 45 19
D 163 29 3 33 120 96 131 164 6
D 167 17 2 27 28 29 149
D 166 15 2 22 167 30 19
D 154 19 3 155 157 161 163 166 6
L 172 10 9
D 171 9 2 14 172 12 6
D 170 7 2 10 171 15 6
D 169 5 2 8 170 16 6
D 168 3 2 2 169 17 6
D 175 23 3 34 141 117 145 37 19
D 174 29 5 33 100 96 109 106 120 116 131 175 6
D 173 19 2 21 174 147 6
D 178 7 2 15 153 10 6
D 177 5 2 8 178 16 6
D 176 3 2 2 177 17 6
D 181 23 2 34 141 45 19
D 180 29 4 33 109 96 120 106 131 181 6
D 179 19 2 21 180 147 6
D 185 9 2 12 172 14 6
D 186 9 2 14 172 12 19
D 184 7 2 10 185 15 186
D 183 5 2 8 184 16 19
D 182 3 2 2 183 17 19
D 0 11 5 1 20 150 154 168 173 176 179 182 6
