c ids of sdd nodes start at 0
c sdd nodes appear bottom-up, children before parents
c
c file syntax:
c sdd count-of-sdd-nodes
c F id-of-false-sdd-node
c T id-of-true-sdd-node
c L id-of-literal-sdd-node id-of-vtree literal
c D id-of-decomposition-sdd-node id-of-vtree number-of-elements {id-of-prime id-of-sub}*
c
sdd 172
L 3 0 -3
L 4 2 -2
L 5 0 3
F 6
D 2 1 2 3 4 5 6
L 8 4 -1
L 10 6 -8
L 12 8 10
L 13 10 -9
L 14 8 -10
D 11 9 2 12 13 14 6
L 15 6 8
D 9 7 2 10 11 15 6
L 16 4 1
D 7 5 2 8 9 16 6
L 18 2 2
T 19
D 17 1 2 3 18 5 19
D 1 3 2 2 7 17 6
L 23 12 -4
L 24 14 -5
L 25 12 4
D 22 13 2 23 24 25 6
L 27 16 -7
L 28 18 -6
L 29 16 7
D 26 17 2 27 28 29 6
L 31 14 5
D 30 13 2 23 31 25 19
D 21 15 2 22 26 30 6
L 35 20 -16
L 36 22 -17
L 37 20 16
D 34 21 2 35 36 37 6
L 39 24 -18
L 41 26 -19
L 42 28 20
L 43 26 19
D 40 27 2 41 42 43 6
L 44 24 18
D 38 25 2 39 40 44 6
L 46 22 17
D 45 21 2 35 46 37 19
D 33 23 2 34 38 45 6
L 50 30 -11
L 51 32 -12
L 52 30 11
D 49 31 2 50 51 52 6
L 54 34 -13
L 56 36 -15
L 57 38 -14
L 58 36 15
D 55 37 2 56 57 58 6
L 59 34 13
D 53 35 2 54 55 59 6
L 61 32 12
D 60 31 2 50 61 52 19
D 48 33 2 49 53 60 6
L 64 40 -21
L 65 42 -22
L 66 40 21
D 63 41 2 64 65 66 6
L 69 44 -23
L 70 46 -24
L 71 44 23
D 68 45 2 69 70 71 6
L 73 48 -25
L 75 50 -26
L 77 52 27
L 79 54 -28
L 81 56 -29
L 82 58 -30
L 83 56 29
D 80 57 2 81 82 83 6
L 84 54 28
D 78 55 2 79 80 84 6
L 85 52 -27
D 76 53 2 77 78 85 6
L 86 50 26
D 74 51 2 75 76 86 6
L 87 48 25
D 72 49 2 73 74 87 6
L 89 46 24
D 88 45 2 69 89 71 19
D 67 47 2 68 72 88 6
L 91 42 22
D 90 41 2 64 91 66 19
D 62 43 2 63 67 90 6
L 95 38 14
D 94 37 2 56 95 58 19
D 93 35 2 54 94 59 19
D 92 33 2 49 93 60 19
D 47 39 2 48 62 92 6
L 99 28 -20
D 98 27 2 43 99 41 6
D 97 25 2 39 98 44 6
D 96 23 2 34 97 45 6
D 106 55 2 84 80 79 6
D 105 53 2 85 106 77 6
D 104 51 2 75 105 86 6
D 103 49 2 73 104 87 6
D 102 47 2 68 103 88 6
D 101 43 2 63 102 90 6
D 100 39 2 48 101 92 6
D 109 27 2 41 99 43 6
D 108 25 2 44 109 39 6
D 107 23 2 34 108 45 6
D 117 57 2 83 82 81 6
D 116 55 2 79 117 84 6
D 115 53 2 85 116 77 6
D 114 51 2 75 115 86 6
D 113 49 2 73 114 87 6
D 112 47 2 68 113 88 6
D 111 43 2 63 112 90 6
D 110 39 2 48 111 92 6
D 119 21 2 35 46 37 6
D 120 25 2 39 109 44 6
D 121 21 2 35 36 37 19
D 118 23 2 119 120 121 6
L 130 58 30
D 129 57 2 81 130 83 6
D 128 55 2 79 129 84 6
D 127 53 2 85 128 77 6
D 126 51 2 75 127 86 6
D 125 49 2 73 126 87 6
D 124 47 2 68 125 88 6
D 123 43 2 63 124 90 6
D 122 39 2 48 123 92 6
D 133 27 2 41 99 43 42
D 134 27 2 41 42 43 19
D 132 25 2 39 133 44 134
D 135 25 2 39 134 44 19
D 131 23 3 34 132 119 135 37 19
D 32 29 5 33 47 96 100 107 110 118 122 131 6
L 138 18 6
D 137 17 2 27 138 29 19
D 136 15 2 22 137 30 19
D 20 19 2 21 32 136 6
L 143 10 9
D 142 9 2 14 143 12 6
D 141 7 2 10 142 15 6
D 140 5 2 8 141 16 6
D 139 3 2 2 140 17 6
D 146 23 2 34 132 45 19
D 145 29 4 33 100 96 110 107 122 146 6
D 144 19 2 21 145 136 6
D 150 9 2 14 13 12 6
D 149 7 2 15 150 10 6
D 148 5 2 8 149 16 6
D 147 3 2 2 148 17 6
D 154 25 2 39 133 44 19
D 153 23 2 34 154 45 19
D 152 29 3 33 110 96 122 153 6
D 151 19 2 21 152 136 6
D 157 7 2 10 150 15 6
D 156 5 2 8 157 16 6
D 155 3 2 2 156 17 6
D 160 17 2 29 28 27 6
D 159 15 2 22 160 30 6
D 164 27 2 41 99 43 19
D 163 25 2 39 164 44 19
D 162 23 2 34 163 45 19
D 161 29 2 33 122 162 6
D 166 17 2 29 138 27 19
D 165 15 2 22 166 30 19
D 158 19 2 159 161 165 6
D 170 9 2 12 143 14 6
D 171 9 2 14 143 12 19
D 169 7 2 10 170 15 171
D 168 5 2 8 169 16 19
D 167 3 2 2 168 17 19
D 0 11 5 1 20 139 144 147 151 155 158 167 6
