c ids of sdd nodes start at 0
c sdd nodes appear bottom-up, children before parents
c
c file syntax:
c sdd count-of-sdd-nodes
c F id-of-false-sdd-node
c T id-of-true-sdd-node
c L id-of-literal-sdd-node id-of-vtree literal
c D id-of-decomposition-sdd-node id-of-vtree number-of-elements {id-of-prime id-of-sub}*
c
sdd 129
L 3 0 -3
L 4 2 -2
L 5 0 3
F 6
D 2 1 2 3 4 5 6
L 8 4 -1
L 10 6 -8
L 12 8 -10
L 13 10 9
L 14 8 10
D 11 9 2 12 13 14 6
L 15 6 8
D 9 7 2 10 11 15 6
L 16 4 1
D 7 5 2 8 9 16 6
L 18 2 2
T 19
D 17 1 2 3 18 5 19
D 1 3 2 2 7 17 6
L 23 12 -4
L 24 14 -5
L 25 12 4
D 22 13 2 23 24 25 6
L 27 16 -7
L 28 18 -6
L 29 16 7
D 26 17 2 27 28 29 6
L 31 14 5
D 30 13 2 23 31 25 19
D 21 15 2 22 26 30 6
L 35 20 -16
L 36 22 -17
L 37 20 16
D 34 21 2 35 36 37 6
L 39 24 -18
L 41 26 -19
L 42 28 20
L 43 26 19
D 40 27 2 41 42 43 6
L 44 24 18
D 38 25 2 39 40 44 6
L 46 22 17
D 45 21 2 35 46 37 19
D 33 23 2 34 38 45 6
L 50 30 -11
L 51 32 -12
L 52 30 11
D 49 31 2 50 51 52 6
L 54 34 -13
L 56 36 -15
L 57 38 -14
L 58 36 15
D 55 37 2 56 57 58 6
L 59 34 13
D 53 35 2 54 55 59 6
L 61 32 12
D 60 31 2 50 61 52 19
D 48 33 2 49 53 60 6
L 64 40 -21
L 65 42 -22
L 66 40 21
D 63 41 2 64 65 66 6
L 69 44 -23
L 70 46 -24
L 71 44 23
D 68 45 2 69 70 71 6
L 73 48 -25
L 75 50 -26
L 77 52 -27
L 79 54 -28
L 81 56 -29
L 82 58 30
L 83 56 29
D 80 57 2 81 82 83 6
L 84 54 28
D 78 55 2 79 80 84 6
L 85 52 27
D 76 53 2 77 78 85 6
L 86 50 26
D 74 51 2 75 76 86 6
L 87 48 25
D 72 49 2 73 74 87 6
L 89 46 24
D 88 45 2 69 89 71 19
D 67 47 2 68 72 88 6
L 91 42 22
D 90 41 2 64 91 66 19
D 62 43 2 63 67 90 6
L 95 38 14
D 94 37 2 56 95 58 19
D 93 35 2 54 94 59 19
D 92 33 2 49 93 60 19
D 47 39 2 48 62 92 6
L 99 28 -20
D 98 27 2 41 99 43 19
D 97 25 2 39 98 44 19
D 96 23 2 34 97 45 19
D 32 29 2 33 47 96 6
L 102 18 6
D 101 17 2 27 102 29 19
D 100 15 2 22 101 30 19
D 20 19 2 21 32 100 6
L 107 10 -9
D 106 9 2 14 107 12 6
D 105 7 2 10 106 15 6
D 104 5 2 8 105 16 6
D 103 3 2 2 104 17 6
L 118 58 -30
D 117 57 2 83 118 81 6
D 116 55 2 79 117 84 6
D 115 53 2 77 116 85 6
D 114 51 2 75 115 86 6
D 113 49 2 73 114 87 6
D 112 47 2 68 113 88 6
D 111 43 2 63 112 90 6
D 110 39 2 48 111 92 6
D 121 27 2 43 99 41 6
D 120 25 2 39 121 44 6
D 119 23 2 34 120 45 6
D 124 27 2 41 99 43 42
D 123 25 2 39 124 44 19
D 122 23 2 34 123 45 19
D 109 29 3 33 110 119 47 122 6
D 108 19 2 21 109 100 6
D 128 9 2 12 107 14 13
D 127 7 2 10 128 15 19
D 126 5 2 8 127 16 19
D 125 3 2 2 126 17 19
D 0 11 3 1 20 103 108 125 6
