c ids of sdd nodes start at 0
c sdd nodes appear bottom-up, children before parents
c
c file syntax:
c sdd count-of-sdd-nodes
c F id-of-false-sdd-node
c T id-of-true-sdd-node
c L id-of-literal-sdd-node id-of-vtree literal
c D id-of-decomposition-sdd-node id-of-vtree number-of-elements {id-of-prime id-of-sub}*
c
sdd 163
L 3 0 -3
L 4 2 -2
L 5 0 3
F 6
D 2 1 2 3 4 5 6
L 8 4 1
L 10 6 -8
L 12 8 -10
L 13 10 -9
L 14 8 10
D 11 9 2 12 13 14 6
L 15 6 8
D 9 7 2 10 11 15 6
L 16 4 -1
D 7 5 2 8 9 16 6
L 18 2 2
T 19
D 17 1 2 3 18 5 19
D 1 3 2 2 7 17 6
L 23 12 -4
L 24 14 -5
L 25 12 4
D 22 13 2 23 24 25 6
L 27 16 -7
L 28 18 -6
L 29 16 7
D 26 17 2 27 28 29 6
L 31 14 5
D 30 13 2 23 31 25 19
D 21 15 2 22 26 30 6
L 35 20 -16
L 36 22 -17
L 37 20 16
D 34 21 2 35 36 37 6
L 39 24 -18
L 41 26 -19
L 42 28 -20
L 43 26 19
D 40 27 2 41 42 43 6
L 44 24 18
D 38 25 2 39 40 44 6
L 46 22 17
D 45 21 2 35 46 37 19
D 33 23 2 34 38 45 6
L 50 30 11
L 51 32 -12
L 52 30 -11
D 49 31 2 50 51 52 6
L 54 34 -13
L 56 36 -15
L 57 38 -14
L 58 36 15
D 55 37 2 56 57 58 6
L 59 34 13
D 53 35 2 54 55 59 6
L 61 32 12
D 60 31 2 50 61 52 19
D 48 33 2 49 53 60 6
L 64 40 -21
L 65 42 -22
L 66 40 21
D 63 41 2 64 65 66 6
L 69 44 -23
L 70 46 24
L 71 44 23
D 68 45 2 69 70 71 6
L 73 48 -25
L 75 50 -26
L 77 52 -27
L 79 54 -28
L 81 56 -29
L 82 58 -30
L 83 56 29
D 80 57 2 81 82 83 6
L 84 54 28
D 78 55 2 79 80 84 6
L 85 52 27
D 76 53 2 77 78 85 6
L 86 50 26
D 74 51 2 75 76 86 6
L 87 48 25
D 72 49 2 73 74 87 6
L 89 46 -24
D 88 45 2 69 89 71 19
D 67 47 2 68 72 88 6
L 91 42 22
D 90 41 2 64 91 66 19
D 62 43 2 63 67 90 6
D 93 31 2 52 61 50 6
D 94 31 2 52 51 50 19
D 92 33 2 93 53 94 6
D 97 45 2 71 89 69 6
D 98 45 2 71 70 69 19
D 96 47 2 97 72 98 6
D 95 43 2 63 96 90 6
D 100 31 2 52 51 50 6
D 101 35 2 59 55 54 6
D 102 31 2 52 61 50 19
D 99 33 2 100 101 102 6
D 104 41 2 64 91 66 6
D 106 45 2 69 89 71 6
D 107 45 2 69 70 71 19
D 105 47 2 106 72 107 6
D 108 41 2 64 65 66 19
D 103 43 2 104 105 108 6
L 112 38 14
D 111 37 2 56 112 58 6
D 110 35 2 54 111 59 6
D 109 33 2 100 110 102 6
D 114 41 2 66 65 64 6
D 115 41 2 66 91 64 19
D 113 43 2 114 105 115 6
D 118 37 2 56 57 58 19
D 119 37 2 56 112 58 19
D 117 35 2 54 118 59 119
D 120 31 2 50 51 52 61
D 121 35 2 54 119 59 19
D 122 31 2 50 61 52 6
D 116 33 3 100 117 120 121 122 19
D 47 39 5 48 62 92 95 99 103 109 113 116 6
L 126 28 20
D 125 27 2 41 126 43 19
D 124 25 2 39 125 44 19
D 123 23 2 34 124 45 19
D 32 29 2 33 47 123 6
L 129 18 6
D 128 17 2 27 129 29 19
D 127 15 2 22 128 30 19
D 20 19 2 21 32 127 6
D 131 5 2 16 9 8 6
D 130 3 2 2 131 17 6
D 134 13 2 25 24 23 6
D 135 13 2 25 31 23 19
D 133 15 2 134 26 135 6
D 138 33 2 49 121 60 19
D 137 39 2 48 113 138 6
D 136 29 2 33 137 123 6
D 139 15 2 134 128 135 19
D 132 19 2 133 136 139 6
D 141 1 2 3 18 5 6
D 142 1 2 3 4 5 19
D 140 3 2 141 131 142 6
D 147 35 2 59 119 54 19
D 146 33 3 100 147 120 121 122 19
D 145 39 4 48 95 92 103 99 113 146 6
D 144 29 2 33 145 123 6
D 143 19 2 21 144 127 6
D 149 1 2 5 4 3 6
D 150 1 2 5 18 3 19
D 148 3 2 149 131 150 6
D 155 31 2 52 51 50 61
D 154 33 2 120 121 155 19
D 153 39 3 48 103 92 113 154 6
D 152 29 2 33 153 123 6
D 151 19 2 21 152 127 6
D 157 1 2 5 4 3 18
L 161 10 9
D 160 9 2 12 161 14 19
D 159 7 2 10 160 15 19
D 158 5 2 16 159 8 19
D 162 1 2 5 18 3 6
D 156 3 3 157 158 2 159 162 19
D 0 11 5 1 20 130 132 140 143 148 151 156 6
