c ids of sdd nodes start at 0
c sdd nodes appear bottom-up, children before parents
c
c file syntax:
c sdd count-of-sdd-nodes
c F id-of-false-sdd-node
c T id-of-true-sdd-node
c L id-of-literal-sdd-node id-of-vtree literal
c D id-of-decomposition-sdd-node id-of-vtree number-of-elements {id-of-prime id-of-sub}*
c
sdd 195
L 3 0 -3
L 4 2 -2
L 5 0 3
F 6
D 2 1 2 3 4 5 6
L 8 4 1
L 10 6 -8
L 12 8 -10
L 13 10 -9
L 14 8 10
D 11 9 2 12 13 14 6
L 15 6 8
D 9 7 2 10 11 15 6
L 16 4 -1
D 7 5 2 8 9 16 6
L 18 2 2
T 19
D 17 1 2 3 18 5 19
D 1 3 2 2 7 17 6
L 23 12 -4
L 24 14 -5
L 25 12 4
D 22 13 2 23 24 25 6
L 27 16 -7
L 28 18 -6
L 29 16 7
D 26 17 2 27 28 29 6
L 31 14 5
D 30 13 2 23 31 25 19
D 21 15 2 22 26 30 6
L 35 20 16
L 36 22 -17
L 37 20 -16
D 34 21 2 35 36 37 6
L 39 24 -18
L 41 26 -19
L 42 28 -20
L 43 26 19
D 40 27 2 41 42 43 6
L 44 24 18
D 38 25 2 39 40 44 6
L 46 22 17
D 45 21 2 35 46 37 19
D 33 23 2 34 38 45 6
L 50 30 -11
L 51 32 -12
L 52 30 11
D 49 31 2 50 51 52 6
L 54 34 -13
L 56 36 -15
L 57 38 -14
L 58 36 15
D 55 37 2 56 57 58 6
L 59 34 13
D 53 35 2 54 55 59 6
L 61 32 12
D 60 31 2 50 61 52 19
D 48 33 2 49 53 60 6
L 64 40 21
L 65 42 -22
L 66 40 -21
D 63 41 2 64 65 66 6
L 69 44 -23
L 70 46 -24
L 71 44 23
D 68 45 2 69 70 71 6
L 73 48 -25
L 75 50 -26
L 77 52 -27
L 79 54 -28
L 81 56 -29
L 82 58 -30
L 83 56 29
D 80 57 2 81 82 83 6
L 84 54 28
D 78 55 2 79 80 84 6
L 85 52 27
D 76 53 2 77 78 85 6
L 86 50 26
D 74 51 2 75 76 86 6
L 87 48 25
D 72 49 2 73 74 87 6
L 89 46 24
D 88 45 2 69 89 71 19
D 67 47 2 68 72 88 6
L 91 42 22
D 90 41 2 64 91 66 19
D 62 43 2 63 67 90 6
L 95 38 14
D 94 37 2 56 95 58 19
D 93 35 2 54 94 59 19
D 92 33 2 49 93 60 19
D 47 39 2 48 62 92 6
D 97 21 2 37 36 35 6
D 98 21 2 37 46 35 19
D 96 23 2 97 38 98 6
D 101 31 2 52 51 50 6
D 102 31 2 52 61 50 19
D 100 33 2 101 53 102 6
D 104 41 2 66 65 64 6
D 107 51 2 86 76 75 6
D 106 49 2 73 107 87 6
D 105 47 2 68 106 88 6
D 108 41 2 66 91 64 19
D 103 43 2 104 105 108 6
D 110 31 2 50 61 52 6
D 111 31 2 50 51 52 19
D 109 33 2 110 53 111 6
D 114 49 2 87 74 73 6
D 113 47 2 68 114 88 6
D 112 43 2 104 113 108 6
D 116 35 2 59 55 54 6
D 115 33 2 49 116 60 6
D 119 45 2 69 89 71 6
D 120 45 2 69 70 71 19
D 118 47 2 119 72 120 6
D 117 43 2 104 118 108 6
D 123 37 2 56 95 58 6
D 122 35 2 54 123 59 6
D 121 33 2 49 122 60 6
D 126 45 2 71 70 69 6
D 127 45 2 71 89 69 19
D 125 47 2 126 72 127 6
D 124 43 2 104 125 108 6
D 130 37 2 58 57 56 6
D 129 35 2 54 130 59 6
D 128 33 2 49 129 60 6
D 132 41 2 66 91 64 6
D 133 41 2 66 65 64 19
D 131 43 2 132 67 133 6
D 136 37 2 56 57 58 95
D 135 35 2 54 136 59 94
D 137 31 2 52 51 50 61
D 138 31 2 52 61 50 6
D 134 33 3 49 135 137 93 138 19
D 99 39 6 100 103 109 112 115 117 121 124 128 131 134 6
L 142 28 20
D 141 27 2 41 142 43 19
D 140 25 2 39 141 44 19
D 139 23 2 36 140 46 19
D 32 29 3 33 47 96 99 139 6
L 145 18 6
D 144 17 2 27 145 29 19
D 143 15 2 22 144 30 19
D 20 19 2 21 32 143 6
D 147 5 2 16 9 8 6
D 146 3 2 2 147 17 6
D 150 13 2 25 24 23 6
D 151 13 2 25 31 23 19
D 149 15 2 150 26 151 6
D 155 35 2 59 94 54 19
D 154 33 3 49 155 137 93 138 19
D 153 39 4 100 124 109 131 115 62 154 6
D 156 23 2 97 140 98 19
D 152 29 2 96 153 156 6
D 158 13 2 23 31 25 6
D 159 13 2 23 24 25 19
D 157 15 2 158 26 159 6
D 163 31 2 50 51 52 61
D 162 33 2 137 93 163 19
D 161 39 3 100 131 109 62 162 6
D 160 29 2 96 161 156 6
D 165 17 2 27 145 29 6
D 164 15 2 22 165 30 6
D 168 33 2 101 93 102 19
D 167 39 2 100 62 168 6
D 166 29 2 96 167 156 6
D 170 17 2 27 28 29 19
D 171 13 2 25 24 23 31
D 172 13 2 25 31 23 6
D 169 15 3 22 170 171 144 172 19
D 148 19 4 149 152 157 160 164 166 169 6
D 174 1 2 3 18 5 6
D 175 1 2 3 4 5 19
D 173 3 2 174 147 175 6
D 178 39 6 100 112 109 117 115 124 121 131 128 62 134 6
D 177 29 2 96 178 156 6
D 176 19 2 21 177 143 6
D 180 1 2 5 4 3 6
D 181 1 2 5 18 3 19
D 179 3 2 180 147 181 6
D 187 37 2 56 57 58 19
D 186 35 2 54 187 59 94
D 185 33 3 49 186 137 93 138 19
D 184 39 5 100 117 109 124 115 131 121 62 185 6
D 183 29 2 96 184 156 6
D 182 19 2 21 183 143 6
D 189 1 2 5 4 3 18
L 193 10 9
D 192 9 2 12 193 14 19
D 191 7 2 10 192 15 19
D 190 5 2 16 191 8 19
D 194 1 2 5 18 3 6
D 188 3 3 189 190 2 191 194 19
D 0 11 5 1 20 146 148 173 176 179 182 188 6
