c ids of sdd nodes start at 0
c sdd nodes appear bottom-up, children before parents
c
c file syntax:
c sdd count-of-sdd-nodes
c F id-of-false-sdd-node
c T id-of-true-sdd-node
c L id-of-literal-sdd-node id-of-vtree literal
c D id-of-decomposition-sdd-node id-of-vtree number-of-elements {id-of-prime id-of-sub}*
c
sdd 211
L 3 0 -3
L 4 2 -2
L 5 0 3
F 6
D 2 1 2 3 4 5 6
L 8 4 1
L 10 6 -8
L 12 8 -10
L 13 10 -9
L 14 8 10
D 11 9 2 12 13 14 6
L 15 6 8
D 9 7 2 10 11 15 6
L 16 4 -1
D 7 5 2 8 9 16 6
L 18 2 2
T 19
D 17 1 2 3 18 5 19
D 1 3 2 2 7 17 6
L 23 12 -4
L 24 14 -5
L 25 12 4
D 22 13 2 23 24 25 6
L 27 16 -7
L 28 18 -6
L 29 16 7
D 26 17 2 27 28 29 6
L 31 14 5
D 30 13 2 23 31 25 19
D 21 15 2 22 26 30 6
L 35 20 16
L 36 22 -17
L 37 20 -16
D 34 21 2 35 36 37 6
L 39 24 -18
L 41 26 -19
L 42 28 -20
L 43 26 19
D 40 27 2 41 42 43 6
L 44 24 18
D 38 25 2 39 40 44 6
L 46 22 17
D 45 21 2 35 46 37 19
D 33 23 2 34 38 45 6
L 50 30 -11
L 51 32 -12
L 52 30 11
D 49 31 2 50 51 52 6
L 54 34 -13
L 56 36 -15
L 57 38 -14
L 58 36 15
D 55 37 2 56 57 58 6
L 59 34 13
D 53 35 2 54 55 59 6
L 61 32 12
D 60 31 2 50 61 52 19
D 48 33 2 49 53 60 6
L 64 40 -21
L 65 42 22
L 66 40 21
D 63 41 2 64 65 66 6
L 69 44 -23
L 70 46 -24
L 71 44 23
D 68 45 2 69 70 71 6
L 73 48 -25
L 75 50 -26
L 77 52 -27
L 79 54 -28
L 81 56 -29
L 82 58 -30
L 83 56 29
D 80 57 2 81 82 83 6
L 84 54 28
D 78 55 2 79 80 84 6
L 85 52 27
D 76 53 2 77 78 85 6
L 86 50 26
D 74 51 2 75 76 86 6
L 87 48 25
D 72 49 2 73 74 87 6
L 89 46 24
D 88 45 2 69 89 71 19
D 67 47 2 68 72 88 6
L 91 42 -22
D 90 41 2 64 91 66 19
D 62 43 2 63 67 90 6
L 95 38 14
D 94 37 2 56 95 58 19
D 93 35 2 54 94 59 19
D 92 33 2 49 93 60 19
D 47 39 2 48 62 92 6
D 97 21 2 37 36 35 6
D 98 21 2 37 46 35 19
D 96 23 2 97 38 98 6
D 101 31 2 52 51 50 6
D 102 31 2 52 61 50 19
D 100 33 2 101 53 102 6
D 104 41 2 64 91 66 6
D 108 53 2 85 78 77 6
D 107 51 2 75 108 86 6
D 106 49 2 73 107 87 6
D 105 47 2 68 106 88 6
D 109 41 2 64 65 66 19
D 103 43 2 104 105 109 6
D 111 31 2 50 61 52 6
D 112 31 2 50 51 52 19
D 110 33 2 111 53 112 6
D 116 51 2 86 76 75 6
D 115 49 2 73 116 87 6
D 114 47 2 68 115 88 6
D 113 43 2 104 114 109 6
D 118 35 2 59 55 54 6
D 117 33 2 49 118 60 6
D 121 49 2 87 74 73 6
D 120 47 2 68 121 88 6
D 119 43 2 104 120 109 6
D 124 37 2 56 95 58 6
D 123 35 2 54 124 59 6
D 122 33 2 49 123 60 6
D 127 45 2 69 89 71 6
D 128 45 2 69 70 71 19
D 126 47 2 127 72 128 6
D 125 43 2 104 126 109 6
D 131 37 2 58 57 56 6
D 130 35 2 54 131 59 6
D 129 33 2 49 130 60 6
D 134 45 2 71 70 69 6
D 135 45 2 71 89 69 19
D 133 47 2 134 72 135 6
D 132 43 2 104 133 109 6
D 138 37 2 56 57 58 95
D 137 35 2 54 138 59 94
D 139 31 2 52 51 50 61
D 140 31 2 52 61 50 6
D 136 33 3 49 137 139 93 140 19
D 99 39 6 100 103 110 113 117 119 122 125 129 132 136 6
D 142 21 2 37 46 35 6
D 143 21 2 37 36 35 19
D 141 23 2 142 38 143 6
D 146 41 2 66 91 64 6
D 147 41 2 66 65 64 19
D 145 43 2 146 67 147 6
D 144 39 2 48 145 92 6
D 149 21 2 35 36 37 19
L 152 28 20
D 151 27 2 41 152 43 19
D 150 25 2 39 151 44 19
D 153 21 2 35 46 37 6
D 148 23 2 149 150 153 19
D 32 29 4 33 47 96 99 141 144 148 6
L 156 18 6
D 155 17 2 27 156 29 19
D 154 15 2 22 155 30 19
D 20 19 2 21 32 154 6
D 158 5 2 16 9 8 6
D 157 3 2 2 158 17 6
D 161 13 2 25 24 23 6
D 162 13 2 25 31 23 19
D 160 15 2 161 26 162 6
D 167 37 2 56 57 58 19
D 166 35 2 54 167 59 94
D 165 33 3 49 166 139 93 140 19
D 164 39 5 100 125 110 132 117 62 122 145 165 6
D 168 23 2 97 150 98 19
D 163 29 2 96 164 168 6
D 170 13 2 23 31 25 6
D 171 13 2 23 24 25 19
D 169 15 2 170 26 171 6
D 175 35 2 59 94 54 19
D 174 33 3 49 175 139 93 140 19
D 173 39 4 100 132 110 62 117 145 174 6
D 172 29 2 96 173 168 6
D 177 17 2 27 156 29 6
D 176 15 2 22 177 30 6
D 181 31 2 50 51 52 61
D 180 33 2 139 93 181 19
D 179 39 3 100 62 110 145 180 6
D 178 29 2 96 179 168 6
D 183 17 2 29 28 27 6
D 182 15 2 22 183 30 6
D 186 33 2 101 93 102 19
D 185 39 2 100 145 186 6
D 184 29 2 96 185 168 6
D 188 17 2 27 28 29 156
D 189 13 2 25 24 23 31
D 190 13 2 25 31 23 6
D 187 15 3 22 188 189 155 190 19
D 159 19 5 160 163 169 172 176 178 182 184 187 6
D 192 1 2 3 18 5 6
D 193 1 2 3 4 5 19
D 191 3 2 192 158 193 6
D 196 39 6 100 113 110 119 117 125 122 132 129 62 136 6
D 197 23 2 36 150 46 19
D 195 29 3 33 144 96 196 197 6
D 194 19 2 21 195 154 6
D 199 1 2 5 4 3 6
D 200 1 2 5 18 3 19
D 198 3 2 199 158 200 6
D 203 39 6 100 119 110 125 117 132 122 62 129 145 136 6
D 202 29 2 96 203 168 6
D 201 19 2 21 202 154 6
D 205 1 2 5 4 3 18
L 209 10 9
D 208 9 2 12 209 14 19
D 207 7 2 10 208 15 19
D 206 5 2 16 207 8 19
D 210 1 2 5 18 3 6
D 204 3 3 205 206 2 207 210 19
D 0 11 5 1 20 157 159 191 194 198 201 204 6
