c ids of sdd nodes start at 0
c sdd nodes appear bottom-up, children before parents
c
c file syntax:
c sdd count-of-sdd-nodes
c F id-of-false-sdd-node
c T id-of-true-sdd-node
c L id-of-literal-sdd-node id-of-vtree literal
c D id-of-decomposition-sdd-node id-of-vtree number-of-elements {id-of-prime id-of-sub}*
c
sdd 250
L 3 0 -3
L 4 2 -2
L 5 0 3
F 6
D 2 1 2 3 4 5 6
L 8 4 1
L 10 6 -8
L 12 8 -10
L 13 10 -9
L 14 8 10
D 11 9 2 12 13 14 6
L 15 6 8
D 9 7 2 10 11 15 6
L 16 4 -1
D 7 5 2 8 9 16 6
L 18 2 2
T 19
D 17 1 2 3 18 5 19
D 1 3 2 2 7 17 6
L 23 12 -4
L 24 14 -5
L 25 12 4
D 22 13 2 23 24 25 6
L 27 16 -7
L 28 18 -6
L 29 16 7
D 26 17 2 27 28 29 6
L 31 14 5
D 30 13 2 23 31 25 19
D 21 15 2 22 26 30 6
L 35 20 -16
L 36 22 -17
L 37 20 16
D 34 21 2 35 36 37 6
L 39 24 -18
L 41 26 -19
L 42 28 -20
L 43 26 19
D 40 27 2 41 42 43 6
L 44 24 18
D 38 25 2 39 40 44 6
L 46 22 17
D 45 21 2 35 46 37 19
D 33 23 2 34 38 45 6
L 50 30 11
L 51 32 -12
L 52 30 -11
D 49 31 2 50 51 52 6
L 54 34 -13
L 56 36 -15
L 57 38 -14
L 58 36 15
D 55 37 2 56 57 58 6
L 59 34 13
D 53 35 2 54 55 59 6
L 61 32 12
D 60 31 2 50 61 52 19
D 48 33 2 49 53 60 6
L 64 40 -21
L 65 42 -22
L 66 40 21
D 63 41 2 64 65 66 6
L 69 44 -23
L 70 46 -24
L 71 44 23
D 68 45 2 69 70 71 6
L 73 48 -25
L 75 50 -26
L 77 52 -27
L 79 54 -28
L 81 56 29
L 82 58 -30
L 83 56 -29
D 80 57 2 81 82 83 6
L 84 54 28
D 78 55 2 79 80 84 6
L 85 52 27
D 76 53 2 77 78 85 6
L 86 50 26
D 74 51 2 75 76 86 6
L 87 48 25
D 72 49 2 73 74 87 6
L 89 46 24
D 88 45 2 69 89 71 19
D 67 47 2 68 72 88 6
L 91 42 22
D 90 41 2 64 91 66 19
D 62 43 2 63 67 90 6
D 93 31 2 52 61 50 6
D 94 31 2 52 51 50 19
D 92 33 2 93 53 94 6
D 101 57 2 83 82 81 6
D 100 55 2 84 101 79 6
D 99 53 2 77 100 85 6
D 98 51 2 75 99 86 6
D 97 49 2 73 98 87 6
D 96 47 2 68 97 88 6
D 95 43 2 63 96 90 6
D 103 31 2 52 51 50 6
D 104 35 2 59 55 54 6
D 105 31 2 52 61 50 19
D 102 33 2 103 104 105 6
D 111 55 2 79 101 84 6
D 110 53 2 85 111 77 6
D 109 51 2 75 110 86 6
D 108 49 2 73 109 87 6
D 107 47 2 68 108 88 6
D 106 43 2 63 107 90 6
L 115 38 14
D 114 37 2 56 115 58 6
D 113 35 2 54 114 59 6
D 112 33 2 103 113 105 6
D 120 53 2 77 111 85 6
D 119 51 2 86 120 75 6
D 118 49 2 73 119 87 6
D 117 47 2 68 118 88 6
D 116 43 2 63 117 90 6
D 123 37 2 58 57 56 6
D 122 35 2 54 123 59 6
D 121 33 2 103 122 105 6
D 127 51 2 75 120 86 6
D 126 49 2 87 127 73 6
D 125 47 2 68 126 88 6
D 124 43 2 63 125 90 6
D 130 37 2 56 57 58 115
D 131 37 2 56 115 58 19
D 129 35 2 54 130 59 131
D 132 31 2 50 51 52 61
D 133 35 2 54 131 59 19
D 134 31 2 50 61 52 6
D 128 33 3 103 129 132 133 134 19
D 47 39 6 48 62 92 95 102 106 112 116 121 124 128 6
D 136 21 2 35 46 37 6
D 137 21 2 35 36 37 19
D 135 23 2 136 38 137 6
D 139 33 2 103 53 105 6
D 142 45 2 71 70 69 6
D 143 49 2 73 127 87 6
D 144 45 2 71 89 69 19
D 141 47 2 142 143 144 6
D 140 43 2 63 141 90 6
D 145 33 2 103 133 105 19
D 138 39 2 139 140 145 6
D 147 25 2 44 40 39 6
D 146 23 2 34 147 45 6
D 150 41 2 64 91 66 6
D 151 47 2 68 143 88 6
D 152 41 2 64 65 66 19
D 149 43 2 150 151 152 6
D 148 39 2 139 149 145 6
D 154 21 2 37 36 35 6
D 155 21 2 37 46 35 19
D 153 23 2 154 38 155 6
D 159 45 2 69 89 71 6
D 160 45 2 69 70 71 19
D 158 47 2 159 143 160 6
D 157 43 2 63 158 90 6
D 156 39 2 139 157 145 6
D 163 27 2 43 42 41 6
D 162 25 2 39 163 44 6
D 161 23 2 34 162 45 6
D 166 41 2 66 65 64 6
D 167 41 2 66 91 64 19
D 165 43 2 166 151 167 6
D 164 39 2 139 165 145 6
L 171 28 20
D 170 27 2 41 171 43 19
D 169 25 2 44 170 39 171
D 172 21 2 37 36 35 46
D 173 25 2 39 170 44 19
D 174 21 2 37 46 35 6
D 168 23 3 34 169 172 173 174 19
D 32 29 6 33 47 135 138 146 148 153 156 161 164 168 6
L 177 18 6
D 176 17 2 27 177 29 19
D 175 15 2 22 176 30 19
D 20 19 2 21 32 175 6
D 179 5 2 16 9 8 6
D 178 3 2 2 179 17 6
D 182 13 2 25 24 23 6
D 183 13 2 25 31 23 19
D 181 15 2 182 26 183 6
D 185 39 6 48 116 92 124 102 157 112 140 121 149 128 6
D 186 23 2 36 173 46 19
D 184 29 3 153 164 33 185 186 6
D 188 13 2 23 31 25 6
D 189 13 2 23 24 25 19
D 187 15 2 188 26 189 6
D 191 39 6 48 124 92 157 102 140 112 149 121 165 128 6
D 192 23 2 34 173 45 19
D 190 29 2 33 191 192 6
D 194 17 2 27 177 29 6
D 193 15 2 22 194 30 6
D 199 37 2 56 57 58 19
D 198 35 2 54 199 59 131
D 197 33 3 103 198 132 133 134 19
D 196 39 5 48 157 92 140 102 149 112 165 197 6
D 195 29 2 33 196 192 6
D 201 17 2 29 28 27 6
D 200 15 2 22 201 30 6
D 205 35 2 59 131 54 19
D 204 33 3 103 205 132 133 134 19
D 203 39 4 48 140 92 149 102 165 204 6
D 202 29 2 33 203 192 6
D 207 17 2 27 28 29 177
D 208 13 2 25 24 23 31
D 209 13 2 25 31 23 6
D 206 15 3 22 207 208 176 209 19
D 180 19 5 181 184 187 190 193 195 200 202 206 6
D 211 1 2 3 18 5 6
D 212 1 2 3 4 5 19
D 210 3 2 211 179 212 6
D 215 39 6 48 95 92 106 102 116 112 124 121 157 128 6
D 216 23 3 172 173 34 170 174 19
D 214 29 5 33 215 153 138 135 148 146 164 216 6
D 213 19 2 21 214 175 6
D 218 1 2 5 4 3 6
D 219 1 2 5 18 3 19
D 217 3 2 218 179 219 6
D 222 39 6 48 106 92 116 102 124 112 157 121 140 128 6
D 224 21 2 37 36 35 19
D 223 23 2 224 173 174 19
D 221 29 4 153 148 33 222 135 164 223 6
D 220 19 2 21 221 175 6
D 227 7 2 15 11 10 6
D 226 5 2 16 227 8 6
D 225 3 2 2 226 17 6
D 232 31 2 52 51 50 61
D 231 33 2 132 133 232 19
D 230 39 3 48 149 92 165 231 6
D 229 29 2 33 230 192 6
D 228 19 2 21 229 175 6
L 237 10 9
D 236 9 2 12 237 14 6
D 235 7 2 10 236 15 6
D 234 5 2 16 235 8 6
D 233 3 2 2 234 17 6
D 241 33 2 49 133 60 19
D 240 39 2 48 165 241 6
D 239 29 2 33 240 192 6
D 238 19 2 21 239 175 6
D 243 1 2 5 4 3 18
D 246 9 2 12 237 14 19
D 245 7 2 10 246 15 19
D 244 5 2 16 245 8 19
D 248 7 2 15 246 10 14
D 247 5 2 16 248 8 245
D 249 1 2 5 18 3 6
D 242 3 3 243 244 2 247 249 19
D 0 11 7 1 20 178 180 210 213 217 220 225 228 233 238 242 6
