c ids of sdd nodes start at 0
c sdd nodes appear bottom-up, children before parents
c
c file syntax:
c sdd count-of-sdd-nodes
c F id-of-false-sdd-node
c T id-of-true-sdd-node
c L id-of-literal-sdd-node id-of-vtree literal
c D id-of-decomposition-sdd-node id-of-vtree number-of-elements {id-of-prime id-of-sub}*
c
sdd 273
L 3 0 -3
L 4 2 -2
L 5 0 3
F 6
D 2 1 2 3 4 5 6
L 8 4 1
L 10 6 -8
L 12 8 -10
L 13 10 -9
L 14 8 10
D 11 9 2 12 13 14 6
L 15 6 8
D 9 7 2 10 11 15 6
L 16 4 -1
D 7 5 2 8 9 16 6
L 18 2 2
T 19
D 17 1 2 3 18 5 19
D 1 3 2 2 7 17 6
L 23 12 -4
L 24 14 -5
L 25 12 4
D 22 13 2 23 24 25 6
L 27 16 -7
L 28 18 -6
L 29 16 7
D 26 17 2 27 28 29 6
L 31 14 5
D 30 13 2 23 31 25 19
D 21 15 2 22 26 30 6
L 35 20 -16
L 36 22 -17
L 37 20 16
D 34 21 2 35 36 37 6
L 39 24 -18
L 41 26 -19
L 42 28 -20
L 43 26 19
D 40 27 2 41 42 43 6
L 44 24 18
D 38 25 2 39 40 44 6
L 46 22 17
D 45 21 2 35 46 37 19
D 33 23 2 34 38 45 6
L 50 30 11
L 51 32 -12
L 52 30 -11
D 49 31 2 50 51 52 6
L 54 34 -13
L 56 36 -15
L 57 38 -14
L 58 36 15
D 55 37 2 56 57 58 6
L 59 34 13
D 53 35 2 54 55 59 6
L 61 32 12
D 60 31 2 50 61 52 19
D 48 33 2 49 53 60 6
L 64 40 -21
L 65 42 -22
L 66 40 21
D 63 41 2 64 65 66 6
L 69 44 -23
L 70 46 -24
L 71 44 23
D 68 45 2 69 70 71 6
L 73 48 -25
L 75 50 -26
L 77 52 -27
L 79 54 -28
L 81 56 -29
L 82 58 30
L 83 56 29
D 80 57 2 81 82 83 6
L 84 54 28
D 78 55 2 79 80 84 6
L 85 52 27
D 76 53 2 77 78 85 6
L 86 50 26
D 74 51 2 75 76 86 6
L 87 48 25
D 72 49 2 73 74 87 6
L 89 46 24
D 88 45 2 69 89 71 19
D 67 47 2 68 72 88 6
L 91 42 22
D 90 41 2 64 91 66 19
D 62 43 2 63 67 90 6
D 93 31 2 52 61 50 6
D 94 31 2 52 51 50 19
D 92 33 2 93 53 94 6
L 102 58 -30
D 101 57 2 83 102 81 6
D 100 55 2 79 101 84 6
D 99 53 2 77 100 85 6
D 98 51 2 75 99 86 6
D 97 49 2 73 98 87 6
D 96 47 2 68 97 88 6
D 95 43 2 63 96 90 6
D 104 31 2 52 51 50 6
D 105 35 2 59 55 54 6
D 106 31 2 52 61 50 19
D 103 33 2 104 105 106 6
D 113 57 2 81 102 83 6
D 112 55 2 84 113 79 6
D 111 53 2 77 112 85 6
D 110 51 2 75 111 86 6
D 109 49 2 73 110 87 6
D 108 47 2 68 109 88 6
D 107 43 2 63 108 90 6
L 117 38 14
D 116 37 2 56 117 58 6
D 115 35 2 54 116 59 6
D 114 33 2 104 115 106 6
D 123 55 2 79 113 84 6
D 122 53 2 85 123 77 6
D 121 51 2 75 122 86 6
D 120 49 2 73 121 87 6
D 119 47 2 68 120 88 6
D 118 43 2 63 119 90 6
D 126 37 2 58 57 56 6
D 125 35 2 54 126 59 6
D 124 33 2 104 125 106 6
D 131 53 2 77 123 85 6
D 130 51 2 86 131 75 6
D 129 49 2 73 130 87 6
D 128 47 2 68 129 88 6
D 127 43 2 63 128 90 6
D 134 37 2 56 57 58 117
D 135 37 2 56 117 58 19
D 133 35 2 54 134 59 135
D 136 31 2 50 51 52 61
D 137 35 2 54 135 59 19
D 138 31 2 50 61 52 6
D 132 33 3 104 133 136 137 138 19
D 47 39 6 48 62 92 95 103 107 114 118 124 127 132 6
D 140 25 2 44 40 39 6
D 139 23 2 34 140 45 6
D 142 33 2 104 53 106 6
D 145 45 2 71 70 69 6
D 147 51 2 75 131 86 6
D 146 49 2 73 147 87 6
D 148 45 2 71 89 69 19
D 144 47 2 145 146 148 6
D 143 43 2 63 144 90 6
D 149 33 2 104 137 106 19
D 141 39 2 142 143 149 6
D 152 27 2 43 42 41 6
D 151 25 2 39 152 44 6
D 150 23 2 34 151 45 6
D 155 41 2 64 91 66 6
D 156 47 2 68 146 88 6
D 157 41 2 64 65 66 19
D 154 43 2 155 156 157 6
D 153 39 2 142 154 149 6
D 159 21 2 35 46 37 6
D 160 21 2 35 36 37 19
D 158 23 2 159 38 160 6
D 164 45 2 69 89 71 6
D 165 45 2 69 70 71 19
D 163 47 2 164 146 165 6
D 162 43 2 63 163 90 6
D 161 39 2 142 162 149 6
L 169 28 20
D 168 27 2 41 169 43 6
D 167 25 2 39 168 44 6
D 166 23 2 34 167 45 6
D 172 41 2 66 65 64 6
D 173 41 2 66 91 64 19
D 171 43 2 172 156 173 6
D 170 39 2 142 171 149 6
D 175 21 2 37 36 35 6
D 176 21 2 37 46 35 19
D 174 23 2 175 38 176 6
D 180 49 2 87 147 73 6
D 179 47 2 68 180 88 6
D 178 43 2 63 179 90 6
D 177 39 2 142 178 149 6
D 183 27 2 43 169 41 6
D 184 27 2 41 169 43 19
D 182 25 2 39 183 44 184
D 185 21 2 37 36 35 46
D 186 25 2 39 184 44 19
D 187 21 2 37 46 35 6
D 181 23 3 34 182 185 186 187 19
D 32 29 7 33 47 139 141 150 153 158 161 166 170 174 177 181 6
L 190 18 6
D 189 17 2 27 190 29 19
D 188 15 2 22 189 30 19
D 20 19 2 21 32 188 6
D 192 5 2 16 9 8 6
D 191 3 2 2 192 17 6
D 195 13 2 25 24 23 6
D 196 13 2 25 31 23 19
D 194 15 2 195 26 196 6
D 198 39 6 48 118 92 127 103 178 114 162 124 143 132 6
D 200 21 2 37 36 35 19
D 199 23 2 200 186 187 19
D 197 29 4 174 153 33 198 158 170 199 6
D 202 13 2 23 31 25 6
D 203 13 2 23 24 25 19
D 201 15 2 202 26 203 6
D 205 39 6 48 127 92 178 103 162 114 143 124 154 132 6
D 206 23 2 36 186 46 19
D 204 29 3 174 170 33 205 206 6
D 208 17 2 27 190 29 6
D 207 15 2 22 208 30 6
D 210 39 6 48 178 92 162 103 143 114 154 124 171 132 6
D 211 23 2 34 186 45 19
D 209 29 2 33 210 211 6
D 213 17 2 29 28 27 6
D 212 15 2 22 213 30 6
D 218 37 2 56 57 58 19
D 217 35 2 54 218 59 135
D 216 33 3 104 217 136 137 138 19
D 215 39 5 48 162 92 143 103 154 114 171 216 6
D 214 29 2 33 215 211 6
D 220 17 2 27 28 29 190
D 221 13 2 25 24 23 31
D 222 13 2 25 31 23 6
D 219 15 3 22 220 221 189 222 19
D 193 19 5 194 197 201 204 207 209 212 214 219 6
D 224 1 2 3 18 5 6
D 225 1 2 3 4 5 19
D 223 3 2 224 192 225 6
D 228 39 6 48 95 92 107 103 118 114 127 124 178 132 6
D 230 25 2 44 184 39 169
D 229 23 3 34 230 185 186 187 19
D 227 29 6 33 228 158 141 139 153 174 161 150 170 229 6
D 226 19 2 21 227 188 6
D 232 1 2 5 4 3 6
D 233 1 2 5 18 3 19
D 231 3 2 232 192 233 6
D 236 39 6 48 107 92 118 103 127 114 178 124 162 132 6
D 237 23 3 185 186 34 184 187 19
D 235 29 5 33 236 174 141 158 153 139 170 237 6
D 234 19 2 21 235 188 6
D 240 7 2 15 11 10 6
D 239 5 2 16 240 8 6
D 238 3 2 2 239 17 6
D 245 35 2 59 135 54 19
D 244 33 3 104 245 136 137 138 19
D 243 39 4 48 143 92 154 103 171 244 6
D 242 29 2 33 243 211 6
D 241 19 2 21 242 188 6
L 250 10 9
D 249 9 2 12 250 14 6
D 248 7 2 10 249 15 6
D 247 5 2 16 248 8 6
D 246 3 2 2 247 17 6
D 255 31 2 52 51 50 61
D 254 33 2 136 137 255 19
D 253 39 3 48 154 92 171 254 6
D 252 29 2 33 253 211 6
D 251 19 2 21 252 188 6
D 259 9 2 14 13 12 6
D 258 7 2 10 259 15 6
D 257 5 2 16 258 8 6
D 256 3 2 2 257 17 6
D 263 33 2 49 137 60 19
D 262 39 2 48 171 263 6
D 261 29 2 33 262 211 6
D 260 19 2 21 261 188 6
D 265 1 2 5 4 3 18
D 268 9 2 12 250 14 19
D 267 7 2 10 268 15 19
D 266 5 2 16 267 8 19
D 271 9 2 14 250 12 6
D 270 7 2 10 271 15 268
D 269 5 2 16 270 8 267
D 272 1 2 5 18 3 6
D 264 3 3 265 266 2 269 272 19
D 0 11 8 1 20 191 193 223 226 231 234 238 241 246 251 256 260 264 6
