c ids of sdd nodes start at 0
c sdd nodes appear bottom-up, children before parents
c
c file syntax:
c sdd count-of-sdd-nodes
c F id-of-false-sdd-node
c T id-of-true-sdd-node
c L id-of-literal-sdd-node id-of-vtree literal
c D id-of-decomposition-sdd-node id-of-vtree number-of-elements {id-of-prime id-of-sub}*
c
sdd 281
L 3 0 -3
L 5 2 -4
L 6 4 -2
L 7 2 4
F 8
D 4 3 2 5 6 7 8
L 9 0 3
D 2 1 2 3 4 9 8
L 12 6 -6
L 13 8 -7
L 14 6 6
D 11 7 2 12 13 14 8
L 17 10 -5
L 18 12 1
L 19 10 5
D 16 11 2 17 18 19 8
L 21 14 -8
L 23 16 -10
L 24 18 -9
L 25 16 10
D 22 17 2 23 24 25 8
L 26 14 8
D 20 15 2 21 22 26 8
L 28 12 -1
T 29
D 27 11 2 17 28 19 29
D 15 13 2 16 20 27 8
L 31 8 7
D 30 7 2 12 31 14 29
D 10 9 2 11 15 30 8
L 34 4 2
D 33 3 2 5 34 7 29
D 32 1 2 3 33 9 29
D 1 5 2 2 10 32 8
L 38 20 -13
L 40 22 -15
L 41 24 -14
L 42 22 15
D 39 23 2 40 41 42 8
L 43 20 13
D 37 21 2 38 39 43 8
L 46 26 -16
L 47 28 -17
L 48 26 16
D 45 27 2 46 47 48 8
L 51 30 11
L 52 32 -12
L 53 30 -11
D 50 31 2 51 52 53 8
L 55 34 -18
L 57 36 -19
L 58 38 -20
L 59 36 19
D 56 37 2 57 58 59 8
L 60 34 18
D 54 35 2 55 56 60 8
L 62 32 12
D 61 31 2 51 62 53 29
D 49 33 2 50 54 61 8
L 64 28 17
D 63 27 2 46 64 48 29
D 44 29 2 45 49 63 8
L 67 24 14
D 66 23 2 40 67 42 29
D 65 21 2 38 66 43 29
D 36 25 2 37 44 65 8
L 71 40 -23
L 73 42 -24
L 74 44 -22
L 75 42 24
D 72 43 2 73 74 75 8
L 76 40 23
D 70 41 2 71 72 76 8
L 79 46 -26
L 80 48 -27
L 81 46 26
D 78 47 2 79 80 81 8
L 84 50 -25
L 85 52 21
L 86 50 25
D 83 51 2 84 85 86 8
L 88 54 -28
L 90 56 -30
L 91 58 -29
L 92 56 30
D 89 57 2 90 91 92 8
L 93 54 28
D 87 55 2 88 89 93 8
L 95 52 -21
D 94 51 2 84 95 86 29
D 82 53 2 83 87 94 8
L 97 48 27
D 96 47 2 79 97 81 29
D 77 49 2 78 82 96 8
L 100 44 22
D 99 43 2 73 100 75 29
D 98 41 2 71 99 76 29
D 69 45 2 70 77 98 8
L 104 60 -33
L 105 62 -32
L 106 60 33
D 103 61 2 104 105 106 8
L 108 64 31
L 110 66 -38
L 112 68 -40
L 113 70 -39
L 114 68 40
D 111 69 2 112 113 114 8
L 115 66 38
D 109 67 2 110 111 115 8
L 116 64 -31
D 107 65 2 108 109 116 8
L 118 62 32
D 117 61 2 104 118 106 29
D 102 63 2 103 107 117 8
L 122 72 -34
L 123 74 -35
L 124 72 34
D 121 73 2 122 123 124 8
L 126 76 -37
L 127 78 -36
L 128 76 37
D 125 77 2 126 127 128 8
L 130 74 35
D 129 73 2 122 130 124 29
D 120 75 2 121 125 129 8
L 134 80 -46
L 135 82 -47
L 136 80 46
D 133 81 2 134 135 136 8
L 138 84 -48
L 140 86 -49
L 141 88 -50
L 142 86 49
D 139 87 2 140 141 142 8
L 143 84 48
D 137 85 2 138 139 143 8
L 145 82 47
D 144 81 2 134 145 136 29
D 132 83 2 133 137 144 8
L 149 90 41
L 150 92 -42
L 151 90 -41
D 148 91 2 149 150 151 8
L 153 94 -43
L 155 96 -45
L 156 98 -44
L 157 96 45
D 154 97 2 155 156 157 8
L 158 94 43
D 152 95 2 153 154 158 8
L 160 92 42
D 159 91 2 149 160 151 29
D 147 93 2 148 152 159 8
L 163 100 -51
L 164 102 52
L 165 100 51
D 162 101 2 163 164 165 8
L 168 104 -53
L 169 106 -54
L 170 104 53
D 167 105 2 168 169 170 8
L 172 108 -55
L 174 110 -56
L 176 112 -57
L 178 114 -58
L 180 116 -59
L 181 118 -60
L 182 116 59
D 179 117 2 180 181 182 8
L 183 114 58
D 177 115 2 178 179 183 8
L 184 112 57
D 175 113 2 176 177 184 8
L 185 110 56
D 173 111 2 174 175 185 8
L 186 108 55
D 171 109 2 172 173 186 8
L 188 106 54
D 187 105 2 168 188 170 29
D 166 107 2 167 171 187 8
L 190 102 -52
D 189 101 2 163 190 165 29
D 161 103 2 162 166 189 8
D 192 91 2 151 160 149 8
D 193 91 2 151 150 149 29
D 191 93 2 192 152 193 8
D 195 101 2 165 190 163 8
D 196 101 2 165 164 163 29
D 194 103 2 195 166 196 8
D 198 91 2 149 150 151 160
L 201 98 44
D 200 97 2 155 201 157 29
D 199 95 2 153 200 158 29
D 202 91 2 151 150 149 160
D 197 93 2 198 199 202 29
D 146 99 3 147 161 191 194 197 8
L 206 88 50
D 205 87 2 140 206 142 29
D 204 85 2 138 205 143 29
D 203 83 2 133 204 144 29
D 131 89 2 132 146 203 8
L 209 78 36
D 208 77 2 126 209 128 29
D 207 75 2 121 208 129 29
D 119 79 2 120 131 207 8
D 211 61 2 104 118 106 8
D 212 65 2 116 109 108 8
D 213 61 2 104 105 106 29
D 210 63 2 211 212 213 8
D 217 93 2 148 199 159 29
D 216 99 2 147 194 217 8
D 215 89 2 132 216 203 8
D 214 79 2 120 215 207 8
L 222 70 39
D 221 69 2 112 222 114 29
D 220 67 2 110 221 115 29
D 219 65 2 116 220 108 29
D 223 65 2 108 220 116 29
D 218 63 3 211 219 103 223 106 29
D 101 71 3 102 119 210 214 218 8
D 226 43 2 73 100 75 8
D 225 41 2 71 226 76 8
D 229 51 2 84 95 86 8
D 230 51 2 84 85 86 29
D 228 53 2 229 87 230 8
D 227 49 2 78 228 96 8
D 232 43 2 73 74 75 29
D 231 41 2 71 232 76 29
D 224 45 2 225 227 231 8
D 234 63 2 103 223 117 29
D 233 71 2 102 214 234 8
L 240 58 29
D 239 57 2 90 240 92 29
D 238 55 2 88 239 93 29
D 237 53 2 83 238 94 29
D 236 49 2 78 237 96 29
D 242 53 2 229 238 230 29
D 241 49 2 78 242 96 29
D 243 41 2 71 75 76 29
D 235 45 3 70 236 225 241 243 29
D 68 59 3 69 101 224 233 235 8
D 247 31 2 53 62 51 8
D 248 31 2 53 52 51 29
D 246 33 2 247 54 248 8
D 245 29 2 45 246 63 8
D 244 25 2 37 245 65 8
D 250 45 2 70 236 98 29
D 249 59 2 69 233 250 8
D 254 31 2 51 52 53 62
L 257 38 20
D 256 37 2 57 257 59 29
D 255 35 2 55 256 60 29
D 258 31 2 53 52 51 62
D 253 33 2 254 255 258 29
D 252 29 2 45 253 63 29
D 251 25 2 37 252 65 29
D 35 39 3 36 68 244 249 251 8
D 261 3 2 5 34 7 8
D 260 1 2 3 261 9 8
D 264 11 2 17 28 19 8
D 265 11 2 17 18 19 29
D 263 13 2 264 20 265 8
D 262 9 2 11 263 30 8
D 267 3 2 5 6 7 29
D 266 1 2 3 267 9 29
D 259 5 2 260 262 266 8
D 271 33 2 50 255 61 29
D 270 29 2 45 271 63 29
D 269 25 2 37 270 65 29
D 268 39 2 36 249 269 8
L 277 18 9
D 276 17 2 23 277 25 29
D 275 15 2 21 276 26 29
D 274 13 2 264 275 265 29
D 273 9 2 11 274 30 29
D 279 13 2 16 275 27 29
D 278 9 2 11 279 30 29
D 280 1 2 3 7 9 29
D 272 5 3 260 273 2 278 280 29
D 0 19 3 1 35 259 268 272 8
