c ids of sdd nodes start at 0
c sdd nodes appear bottom-up, children before parents
c
c file syntax:
c sdd count-of-sdd-nodes
c F id-of-false-sdd-node
c T id-of-true-sdd-node
c L id-of-literal-sdd-node id-of-vtree literal
c D id-of-decomposition-sdd-node id-of-vtree number-of-elements {id-of-prime id-of-sub}*
c
sdd 666
L 3 0 -3
L 5 2 -4
L 6 4 -2
L 7 2 4
F 8
D 4 3 2 5 6 7 8
L 9 0 3
D 2 1 2 3 4 9 8
L 12 6 -6
L 13 8 -7
L 14 6 6
D 11 7 2 12 13 14 8
L 17 10 -5
L 18 12 1
L 19 10 5
D 16 11 2 17 18 19 8
L 21 14 -8
L 23 16 -10
L 24 18 -9
L 25 16 10
D 22 17 2 23 24 25 8
L 26 14 8
D 20 15 2 21 22 26 8
L 28 12 -1
T 29
D 27 11 2 17 28 19 29
D 15 13 2 16 20 27 8
L 31 8 7
D 30 7 2 12 31 14 29
D 10 9 2 11 15 30 8
L 34 4 2
D 33 3 2 5 34 7 29
D 32 1 2 3 33 9 29
D 1 5 2 2 10 32 8
L 38 20 -13
L 40 22 -15
L 41 24 -14
L 42 22 15
D 39 23 2 40 41 42 8
L 43 20 13
D 37 21 2 38 39 43 8
L 46 26 -16
L 47 28 -17
L 48 26 16
D 45 27 2 46 47 48 8
L 51 30 11
L 52 32 -12
L 53 30 -11
D 50 31 2 51 52 53 8
L 55 34 -18
L 57 36 -19
L 58 38 -20
L 59 36 19
D 56 37 2 57 58 59 8
L 60 34 18
D 54 35 2 55 56 60 8
L 62 32 12
D 61 31 2 51 62 53 29
D 49 33 2 50 54 61 8
L 64 28 17
D 63 27 2 46 64 48 29
D 44 29 2 45 49 63 8
L 67 24 14
D 66 23 2 40 67 42 29
D 65 21 2 38 66 43 29
D 36 25 2 37 44 65 8
L 71 40 -23
L 73 42 -24
L 74 44 -22
L 75 42 24
D 72 43 2 73 74 75 8
L 76 40 23
D 70 41 2 71 72 76 8
L 79 46 -26
L 80 48 -27
L 81 46 26
D 78 47 2 79 80 81 8
L 84 50 -25
L 85 52 21
L 86 50 25
D 83 51 2 84 85 86 8
L 88 54 -28
L 90 56 -30
L 91 58 -29
L 92 56 30
D 89 57 2 90 91 92 8
L 93 54 28
D 87 55 2 88 89 93 8
L 95 52 -21
D 94 51 2 84 95 86 29
D 82 53 2 83 87 94 8
L 97 48 27
D 96 47 2 79 97 81 29
D 77 49 2 78 82 96 8
L 100 44 22
D 99 43 2 73 100 75 29
D 98 41 2 71 99 76 29
D 69 45 2 70 77 98 8
L 104 60 -33
L 105 62 -32
L 106 60 33
D 103 61 2 104 105 106 8
L 108 64 -31
L 110 66 -38
L 112 68 -40
L 113 70 -39
L 114 68 40
D 111 69 2 112 113 114 8
L 115 66 38
D 109 67 2 110 111 115 8
L 116 64 31
D 107 65 2 108 109 116 8
L 118 62 32
D 117 61 2 104 118 106 29
D 102 63 2 103 107 117 8
L 122 72 34
L 123 74 -35
L 124 72 -34
D 121 73 2 122 123 124 8
L 126 76 -37
L 127 78 -36
L 128 76 37
D 125 77 2 126 127 128 8
L 130 74 35
D 129 73 2 122 130 124 29
D 120 75 2 121 125 129 8
L 134 80 -46
L 135 82 -47
L 136 80 46
D 133 81 2 134 135 136 8
L 138 84 -48
L 140 86 -49
L 141 88 -50
L 142 86 49
D 139 87 2 140 141 142 8
L 143 84 48
D 137 85 2 138 139 143 8
L 145 82 47
D 144 81 2 134 145 136 29
D 132 83 2 133 137 144 8
L 149 90 41
L 150 92 -42
L 151 90 -41
D 148 91 2 149 150 151 8
L 153 94 -43
L 155 96 -45
L 156 98 -44
L 157 96 45
D 154 97 2 155 156 157 8
L 158 94 43
D 152 95 2 153 154 158 8
L 160 92 42
D 159 91 2 149 160 151 29
D 147 93 2 148 152 159 8
L 163 100 -51
L 164 102 -52
L 165 100 51
D 162 101 2 163 164 165 8
L 168 104 -53
L 169 106 -54
L 170 104 53
D 167 105 2 168 169 170 8
L 172 108 -55
L 174 110 -56
L 176 112 -57
L 178 114 58
L 180 116 -59
L 181 118 -60
L 182 116 59
D 179 117 2 180 181 182 8
L 183 114 -58
D 177 115 2 178 179 183 8
L 184 112 57
D 175 113 2 176 177 184 8
L 185 110 56
D 173 111 2 174 175 185 8
L 186 108 55
D 171 109 2 172 173 186 8
L 188 106 54
D 187 105 2 168 188 170 29
D 166 107 2 167 171 187 8
L 190 102 52
D 189 101 2 163 190 165 29
D 161 103 2 162 166 189 8
D 192 91 2 151 160 149 8
D 193 91 2 151 150 149 29
D 191 93 2 192 152 193 8
D 199 115 2 183 179 178 8
D 198 113 2 184 199 176 8
D 197 111 2 174 198 185 8
D 196 109 2 172 197 186 8
D 195 107 2 167 196 187 8
D 194 103 2 162 195 189 8
D 201 91 2 151 150 149 8
D 202 95 2 158 154 153 8
D 203 91 2 151 160 149 29
D 200 93 2 201 202 203 8
D 208 113 2 176 199 184 8
D 207 111 2 185 208 174 8
D 206 109 2 172 207 186 8
D 205 107 2 167 206 187 8
D 204 103 2 162 205 189 8
L 212 98 44
D 211 97 2 155 212 157 8
D 210 95 2 153 211 158 8
D 209 93 2 201 210 203 8
D 216 111 2 174 208 185 8
D 215 109 2 186 216 172 8
D 214 107 2 167 215 187 8
D 213 103 2 162 214 189 8
D 219 97 2 157 156 155 8
D 218 95 2 153 219 158 8
D 217 93 2 201 218 203 8
D 222 105 2 168 188 170 8
D 223 109 2 172 216 186 8
D 224 105 2 168 169 170 29
D 221 107 2 222 223 224 8
D 220 103 2 162 221 189 8
D 227 97 2 155 156 157 212
D 228 97 2 155 212 157 29
D 226 95 2 153 227 158 228
D 229 91 2 149 150 151 160
D 230 95 2 153 228 158 29
D 231 91 2 149 160 151 8
D 225 93 3 201 226 229 230 231 29
D 146 99 6 147 161 191 194 200 204 209 213 217 220 225 8
D 233 81 2 136 135 134 8
D 234 81 2 136 145 134 29
D 232 83 2 233 137 234 8
D 236 93 2 201 152 203 8
D 239 105 2 170 169 168 8
D 240 105 2 170 188 168 29
D 238 107 2 239 223 240 8
D 237 103 2 162 238 189 8
D 241 93 2 201 230 203 29
D 235 99 2 236 237 241 8
D 243 81 2 134 145 136 8
D 244 81 2 134 135 136 29
D 242 83 2 243 137 244 8
D 247 101 2 163 190 165 8
D 248 107 2 167 223 187 8
D 249 101 2 163 164 165 29
D 246 103 2 247 248 249 8
D 245 99 2 236 246 241 8
D 251 85 2 143 139 138 8
D 250 83 2 133 251 144 8
D 254 101 2 165 164 163 8
D 255 101 2 165 190 163 29
D 253 103 2 254 248 255 8
D 252 99 2 236 253 241 8
D 257 81 2 136 135 134 145
L 260 88 50
D 259 87 2 140 260 142 29
D 258 85 2 138 259 143 29
D 261 81 2 136 145 134 8
D 256 83 3 257 258 133 259 261 29
D 131 89 5 132 146 232 235 242 245 250 252 256 8
D 263 73 2 124 130 122 8
D 264 73 2 124 123 122 29
D 262 75 2 263 125 264 8
D 266 99 6 147 194 191 204 200 213 209 220 217 237 225 8
D 268 81 2 136 135 134 29
D 267 83 2 268 258 261 29
D 265 89 4 232 245 132 266 242 252 267 8
D 270 73 2 124 123 122 8
L 272 78 36
D 271 77 2 126 272 128 8
D 273 73 2 124 130 122 29
D 269 75 2 270 271 273 8
D 275 99 6 147 204 191 213 200 220 209 237 217 246 225 8
D 276 83 2 135 258 145 29
D 274 89 3 232 252 132 275 276 8
D 278 77 2 128 127 126 8
D 277 75 2 270 278 273 8
D 280 99 6 147 213 191 220 200 237 209 246 217 253 225 8
D 281 83 2 133 258 144 29
D 279 89 2 132 280 281 8
D 283 77 2 126 127 128 272
D 284 73 2 122 123 124 130
D 285 77 2 126 272 128 29
D 286 73 2 122 130 124 8
D 282 75 3 270 283 284 285 286 29
D 119 79 5 120 131 262 265 269 274 277 279 282 8
D 288 61 2 104 118 106 8
D 289 61 2 104 105 106 29
D 287 63 2 288 107 289 8
D 291 75 2 270 125 273 8
L 301 118 60
D 300 117 2 180 301 182 8
D 299 115 2 183 300 178 8
D 298 113 2 176 299 184 8
D 297 111 2 174 298 185 8
D 296 109 2 172 297 186 8
D 295 107 2 167 296 187 8
D 294 103 2 162 295 189 8
D 308 117 2 182 181 180 8
D 307 115 2 183 308 178 8
D 306 113 2 176 307 184 8
D 305 111 2 174 306 185 8
D 304 109 2 172 305 186 8
D 303 107 2 167 304 187 8
D 302 103 2 162 303 189 8
D 293 99 6 147 294 191 302 200 161 209 194 217 204 225 8
D 311 87 2 142 141 140 8
D 310 85 2 138 311 143 8
D 309 83 2 133 310 144 8
D 312 99 2 236 220 241 8
D 315 87 2 140 260 142 8
D 314 85 2 138 315 143 8
D 313 83 2 133 314 144 8
D 316 99 2 236 213 241 8
D 319 87 2 142 260 140 8
D 318 85 2 138 319 143 259
D 317 83 3 133 318 257 258 261 29
D 292 89 7 132 293 250 235 309 245 242 312 313 252 232 316 317 8
D 320 75 2 270 285 273 29
D 290 79 2 291 292 320 8
D 322 65 2 116 109 108 8
D 321 63 2 103 322 117 8
D 326 93 3 201 226 192 230 149 29
D 325 99 5 191 294 200 302 209 161 217 194 326 8
D 327 99 2 236 204 241 8
D 324 89 7 132 325 309 235 313 245 250 312 242 316 232 327 317 8
D 323 79 2 291 324 320 8
D 329 61 2 106 105 104 8
D 330 61 2 106 118 104 29
D 328 63 2 329 107 330 8
D 333 99 6 147 302 191 161 200 194 209 204 217 213 225 8
D 335 85 2 143 259 138 260
D 334 83 3 133 335 257 258 261 29
D 332 89 6 132 333 242 235 250 245 232 312 309 252 334 8
D 331 79 2 291 332 320 8
D 338 67 2 115 111 110 8
D 337 65 2 108 338 116 8
D 336 63 2 103 337 117 8
D 344 97 2 155 156 157 29
D 343 95 2 153 344 158 228
D 342 93 3 201 343 229 230 231 29
D 341 99 5 147 220 191 237 200 246 209 253 342 8
D 340 89 2 132 341 281 8
D 339 79 2 291 340 320 8
L 349 70 39
D 348 69 2 112 349 114 8
D 347 67 2 110 348 115 8
D 346 65 2 108 347 116 8
D 345 63 2 103 346 117 8
D 354 95 2 158 228 153 29
D 353 93 3 201 354 229 230 231 29
D 352 99 4 147 237 191 246 200 253 353 8
D 351 89 2 132 352 281 8
D 350 79 2 291 351 320 8
D 358 69 2 114 113 112 8
D 357 67 2 110 358 115 8
D 356 65 2 108 357 116 8
D 355 63 2 103 356 117 8
D 363 91 2 151 150 149 160
D 362 93 2 229 230 363 29
D 361 99 3 147 246 191 253 362 8
D 360 89 2 132 361 281 8
D 359 79 2 291 360 320 8
D 367 69 2 114 349 112 8
D 368 69 2 112 349 114 29
D 366 67 2 110 367 115 368
D 369 67 2 110 368 115 29
D 365 65 2 108 366 116 369
D 370 61 2 106 105 104 118
D 371 65 2 108 369 116 29
D 372 61 2 106 118 104 8
D 364 63 3 103 365 370 371 372 29
D 101 71 8 102 119 287 290 321 323 328 331 336 339 345 350 355 359 364 8
D 375 43 2 73 100 75 8
D 374 41 2 71 375 76 8
D 378 51 2 84 95 86 8
D 379 51 2 84 85 86 29
D 377 53 2 378 87 379 8
D 376 49 2 78 377 96 8
D 381 43 2 73 74 75 29
D 380 41 2 71 381 76 29
D 373 45 2 374 376 380 8
D 383 79 5 120 265 262 274 269 279 277 340 282 8
D 384 79 2 291 131 320 8
D 388 93 2 148 230 159 29
D 387 99 2 147 253 388 8
D 386 89 2 132 387 281 8
D 385 79 2 291 386 320 8
D 382 71 8 321 290 102 383 287 331 328 384 336 350 345 359 355 385 364 8
D 390 41 2 76 72 71 8
D 391 41 2 76 99 71 29
D 389 45 2 390 376 391 8
D 393 79 5 120 274 262 279 269 340 277 351 282 8
D 394 79 2 291 265 320 8
D 397 67 2 115 368 110 114
D 396 65 2 108 397 116 369
D 395 63 3 103 396 370 371 372 29
D 392 71 7 321 331 102 393 287 384 328 394 336 359 345 385 395 8
D 400 43 2 75 74 73 8
D 399 41 2 71 400 76 8
D 402 43 2 75 100 73 29
D 401 41 2 71 402 76 29
D 398 45 2 399 376 401 8
D 404 79 5 120 279 262 340 269 351 277 360 282 8
D 405 79 2 291 274 320 8
D 407 65 2 116 369 108 368
D 406 63 3 103 407 370 371 372 29
D 403 71 6 321 384 102 404 287 394 328 405 336 385 406 8
D 411 51 2 86 95 84 8
D 412 51 2 86 85 84 29
D 410 53 2 411 87 412 8
D 409 49 2 78 410 96 8
D 408 45 2 70 409 98 8
D 414 79 5 120 340 262 351 269 360 277 386 282 8
D 415 79 2 291 279 320 8
D 416 63 3 370 371 103 369 372 29
D 413 71 5 321 394 102 414 287 405 328 415 416 8
D 419 47 2 81 80 79 8
D 420 47 2 81 97 79 29
D 418 49 2 419 377 420 8
D 417 45 2 70 418 98 8
D 424 77 2 126 127 128 29
D 423 75 3 270 424 284 285 286 29
D 422 79 4 120 351 262 360 269 386 423 8
D 421 71 5 321 405 102 422 287 415 328 339 416 8
D 427 47 2 79 97 81 8
D 428 47 2 79 80 81 29
D 426 49 2 427 377 428 8
D 425 45 2 70 426 98 8
D 432 73 2 124 123 122 130
D 431 75 2 284 285 432 29
D 430 79 3 120 360 262 386 431 8
D 429 71 5 321 415 102 430 287 339 328 350 416 8
D 436 55 2 93 89 88 8
D 435 53 2 378 436 379 8
D 434 49 2 78 435 96 8
D 433 45 2 70 434 98 8
D 439 75 2 121 285 129 29
D 438 79 2 120 386 439 8
D 437 71 5 321 339 102 438 287 350 328 359 416 8
L 445 58 29
D 444 57 2 90 445 92 8
D 443 55 2 88 444 93 8
D 442 53 2 378 443 379 8
D 441 49 2 78 442 96 8
D 440 45 2 70 441 98 8
D 448 65 2 116 369 108 29
D 447 63 3 370 371 103 448 372 29
D 446 71 4 321 350 287 359 328 385 447 8
D 453 57 2 92 91 90 8
D 452 55 2 88 453 93 8
D 451 53 2 378 452 379 8
D 450 49 2 78 451 96 8
D 449 45 2 70 450 98 8
D 455 63 3 288 371 103 448 106 29
D 454 71 3 321 359 287 385 455 8
D 458 43 2 75 74 73 100
D 457 41 2 71 458 76 72
D 462 57 2 90 445 92 29
D 461 55 2 88 462 93 29
D 460 53 2 378 461 379 29
D 459 49 2 78 460 96 29
D 464 47 2 81 80 79 97
D 466 51 2 86 95 84 85
D 468 57 2 90 91 92 445
D 467 55 2 93 462 88 468
D 469 51 2 86 85 84 8
D 465 53 3 466 461 378 467 469 29
D 470 47 2 81 97 79 8
D 463 49 3 464 460 78 465 470 29
D 472 43 2 75 100 73 8
D 471 41 2 71 472 76 99
D 456 45 3 457 459 70 463 471 29
D 68 59 11 69 101 373 382 389 392 398 403 408 413 417 421 425 429 433 437 440 446 449 454 456 8
D 476 31 2 53 62 51 8
D 477 31 2 53 52 51 29
D 475 33 2 476 54 477 8
D 474 29 2 45 475 63 8
D 473 25 2 37 474 65 8
D 480 63 2 103 448 117 29
D 479 71 2 321 385 480 8
D 478 59 11 69 382 373 392 389 403 398 413 408 421 417 429 425 437 433 446 440 454 449 479 456 8
D 482 21 2 43 39 38 8
D 485 31 2 53 52 51 8
D 486 31 2 53 62 51 29
D 484 33 2 485 54 486 8
D 483 29 2 45 484 63 8
D 487 21 2 43 66 38 29
D 481 25 2 482 483 487 8
D 493 57 2 90 91 92 29
D 492 55 2 88 493 93 462
D 491 53 3 378 492 466 461 469 29
D 490 49 3 78 491 464 460 470 29
D 489 45 3 70 490 457 459 471 29
D 488 59 10 69 392 373 403 389 413 398 421 408 429 417 437 425 446 433 454 440 479 489 8
D 496 23 2 40 67 42 8
D 495 21 2 38 496 43 8
D 498 23 2 40 41 42 29
D 497 21 2 38 498 43 29
D 494 25 2 495 483 497 8
D 503 55 2 93 462 88 29
D 502 53 3 378 503 466 461 469 29
D 501 49 3 78 502 464 460 470 29
D 500 45 3 70 501 457 459 471 29
D 499 59 9 69 403 373 413 389 421 398 429 408 437 417 446 425 454 433 479 500 8
D 506 23 2 42 41 40 8
D 505 21 2 38 506 43 8
D 508 23 2 42 67 40 29
D 507 21 2 38 508 43 29
D 504 25 2 505 483 507 8
D 513 51 2 84 95 86 85
D 512 53 2 466 461 513 29
D 511 49 3 78 512 464 460 470 29
D 510 45 3 70 511 457 459 471 29
D 509 59 8 69 413 373 421 389 429 398 437 408 446 417 454 425 479 510 8
D 516 27 2 48 47 46 8
D 517 27 2 48 64 46 29
D 515 29 2 516 484 517 8
D 514 25 2 37 515 65 8
D 520 49 3 78 512 419 460 97 29
D 519 45 3 70 520 457 459 471 29
D 518 59 7 69 421 373 429 389 437 398 446 408 454 417 479 519 8
D 523 27 2 46 64 48 8
D 524 27 2 46 47 48 29
D 522 29 2 523 484 524 8
D 521 25 2 37 522 65 8
D 527 49 2 78 512 96 29
D 526 45 3 70 527 457 459 471 29
D 525 59 6 69 429 373 437 389 446 398 454 408 479 526 8
D 531 35 2 60 56 55 8
D 530 33 2 485 531 486 8
D 529 29 2 45 530 63 8
D 528 25 2 37 529 65 8
D 535 53 2 83 461 94 29
D 534 49 2 78 535 96 29
D 533 45 3 70 534 457 459 471 29
D 532 59 5 69 437 373 446 389 454 398 479 533 8
D 540 37 2 59 58 57 8
D 539 35 2 55 540 60 8
D 538 33 2 485 539 486 8
D 537 29 2 45 538 63 8
D 536 25 2 37 537 65 8
D 543 41 2 71 375 76 72
D 544 41 2 76 99 71 75
D 542 45 3 70 534 543 459 544 29
D 541 59 4 69 446 373 454 389 479 542 8
L 550 38 20
D 549 37 2 57 550 59 8
D 548 35 2 55 549 60 8
D 547 33 2 485 548 486 8
D 546 29 2 45 547 63 8
D 545 25 2 37 546 65 8
D 553 41 2 71 75 76 29
D 552 45 3 70 534 374 459 553 29
D 551 59 3 69 454 373 479 552 8
D 556 23 2 42 41 40 67
D 555 21 2 38 556 43 39
D 560 37 2 57 550 59 29
D 559 35 2 55 560 60 29
D 558 33 2 485 559 486 29
D 557 29 2 45 558 63 29
D 562 27 2 48 47 46 64
D 564 31 2 51 52 53 62
D 566 37 2 57 58 59 550
D 565 35 2 60 560 55 566
D 567 31 2 51 62 53 8
D 563 33 3 564 559 485 565 567 29
D 568 27 2 48 64 46 8
D 561 29 3 562 558 45 563 568 29
D 570 23 2 42 67 40 8
D 569 21 2 38 570 43 66
D 554 25 3 555 557 37 561 569 29
D 35 39 11 36 68 473 478 481 488 494 499 504 509 514 518 521 525 528 532 536 541 545 551 554 8
D 573 3 2 5 34 7 8
D 572 1 2 3 573 9 8
D 576 11 2 17 28 19 8
D 577 11 2 17 18 19 29
D 575 13 2 576 20 577 8
D 574 9 2 11 575 30 8
D 579 3 2 5 6 7 29
D 578 1 2 3 579 9 29
D 571 5 2 572 574 578 8
D 582 45 2 70 534 98 29
D 581 59 2 69 479 582 8
D 580 39 11 36 478 473 488 481 499 494 509 504 518 514 525 521 532 528 541 536 551 545 581 554 8
D 584 1 2 9 4 3 8
D 585 1 2 9 33 3 29
D 583 5 2 584 574 585 8
D 591 37 2 59 550 57 29
D 590 35 2 55 591 60 560
D 589 33 3 485 590 564 559 567 29
D 588 29 3 45 589 562 558 568 29
D 587 25 3 37 588 555 557 569 29
D 586 39 10 36 488 473 499 481 509 494 518 504 525 514 532 521 541 528 551 536 581 587 8
D 594 3 2 7 6 5 8
D 593 1 2 3 594 9 8
D 596 3 2 7 34 5 29
D 595 1 2 3 596 9 29
D 592 5 2 593 574 595 8
D 601 35 2 60 560 55 29
D 600 33 3 485 601 564 559 567 29
D 599 29 3 45 600 562 558 568 29
D 598 25 3 37 599 555 557 569 29
D 597 39 9 36 499 473 509 481 518 494 525 504 532 514 541 521 551 528 581 598 8
D 605 11 2 19 28 17 8
D 606 11 2 19 18 17 29
D 604 13 2 605 20 606 8
D 603 9 2 11 604 30 8
D 602 5 2 2 603 32 8
D 611 31 2 53 52 51 62
D 610 33 2 564 559 611 29
D 609 29 3 45 610 562 558 568 29
D 608 25 3 37 609 555 557 569 29
D 607 39 8 36 509 473 518 481 525 494 532 504 541 514 551 521 581 608 8
D 614 7 2 14 13 12 8
D 615 7 2 14 31 12 29
D 613 9 2 614 575 615 8
D 612 5 2 2 613 32 8
D 618 29 3 45 610 516 558 64 29
D 617 25 3 37 618 555 557 569 29
D 616 39 7 36 518 473 525 481 532 494 541 504 551 514 581 617 8
D 621 7 2 12 31 14 8
D 622 7 2 12 13 14 29
D 620 9 2 621 575 622 8
D 619 5 2 2 620 32 8
D 625 29 2 45 610 63 29
D 624 25 3 37 625 555 557 569 29
D 623 39 6 36 525 473 532 481 541 494 551 504 581 624 8
D 629 15 2 26 22 21 8
D 628 13 2 576 629 577 8
D 627 9 2 11 628 30 8
D 626 5 2 2 627 32 8
D 632 21 2 38 496 43 39
D 633 21 2 43 66 38 42
D 631 25 3 37 625 632 557 633 29
D 630 39 5 36 532 473 541 481 551 494 581 631 8
L 639 18 9
D 638 17 2 23 639 25 8
D 637 15 2 21 638 26 8
D 636 13 2 576 637 577 8
D 635 9 2 11 636 30 8
D 634 5 2 2 635 32 8
D 641 25 3 37 625 482 557 66 29
D 640 39 4 36 541 473 551 481 581 641 8
D 646 17 2 25 24 23 8
D 645 15 2 21 646 26 8
D 644 13 2 576 645 577 8
D 643 9 2 11 644 30 8
D 642 5 2 2 643 32 8
D 648 25 2 37 625 65 29
D 647 39 3 36 551 473 581 648 8
D 653 17 2 23 24 25 639
D 654 17 2 23 639 25 29
D 652 15 2 21 653 26 654
D 655 11 2 19 28 17 18
D 656 15 2 21 654 26 29
D 657 11 2 19 18 17 8
D 651 13 3 576 652 655 656 657 29
D 658 7 2 14 13 12 31
D 659 13 2 576 656 577 29
D 660 7 2 14 31 12 8
D 650 9 3 11 651 658 659 660 29
D 662 3 2 7 6 5 34
D 661 1 2 3 662 9 4
D 663 9 2 11 659 30 29
D 665 3 2 7 34 5 8
D 664 1 2 3 665 9 33
D 649 5 3 2 650 661 663 664 29
D 0 19 11 1 35 571 580 583 586 592 597 602 607 612 616 619 623 626 630 634 640 642 647 649 8
