c ids of sdd nodes start at 0
c sdd nodes appear bottom-up, children before parents
c
c file syntax:
c sdd count-of-sdd-nodes
c F id-of-false-sdd-node
c T id-of-true-sdd-node
c L id-of-literal-sdd-node id-of-vtree literal
c D id-of-decomposition-sdd-node id-of-vtree number-of-elements {id-of-prime id-of-sub}*
c
sdd 673
L 3 0 -3
L 5 2 -4
L 6 4 -2
L 7 2 4
F 8
D 4 3 2 5 6 7 8
L 9 0 3
D 2 1 2 3 4 9 8
L 12 6 -6
L 13 8 -7
L 14 6 6
D 11 7 2 12 13 14 8
L 17 10 -5
L 18 12 1
L 19 10 5
D 16 11 2 17 18 19 8
L 21 14 -8
L 23 16 -10
L 24 18 -9
L 25 16 10
D 22 17 2 23 24 25 8
L 26 14 8
D 20 15 2 21 22 26 8
L 28 12 -1
T 29
D 27 11 2 17 28 19 29
D 15 13 2 16 20 27 8
L 31 8 7
D 30 7 2 12 31 14 29
D 10 9 2 11 15 30 8
L 34 4 2
D 33 3 2 5 34 7 29
D 32 1 2 3 33 9 29
D 1 5 2 2 10 32 8
L 38 20 -13
L 40 22 -15
L 41 24 -14
L 42 22 15
D 39 23 2 40 41 42 8
L 43 20 13
D 37 21 2 38 39 43 8
L 46 26 -16
L 47 28 -17
L 48 26 16
D 45 27 2 46 47 48 8
L 51 30 11
L 52 32 -12
L 53 30 -11
D 50 31 2 51 52 53 8
L 55 34 -18
L 57 36 -19
L 58 38 -20
L 59 36 19
D 56 37 2 57 58 59 8
L 60 34 18
D 54 35 2 55 56 60 8
L 62 32 12
D 61 31 2 51 62 53 29
D 49 33 2 50 54 61 8
L 64 28 17
D 63 27 2 46 64 48 29
D 44 29 2 45 49 63 8
L 67 24 14
D 66 23 2 40 67 42 29
D 65 21 2 38 66 43 29
D 36 25 2 37 44 65 8
L 71 40 -23
L 73 42 -24
L 74 44 -22
L 75 42 24
D 72 43 2 73 74 75 8
L 76 40 23
D 70 41 2 71 72 76 8
L 79 46 -26
L 80 48 -27
L 81 46 26
D 78 47 2 79 80 81 8
L 84 50 -25
L 85 52 21
L 86 50 25
D 83 51 2 84 85 86 8
L 88 54 -28
L 90 56 -30
L 91 58 -29
L 92 56 30
D 89 57 2 90 91 92 8
L 93 54 28
D 87 55 2 88 89 93 8
L 95 52 -21
D 94 51 2 84 95 86 29
D 82 53 2 83 87 94 8
L 97 48 27
D 96 47 2 79 97 81 29
D 77 49 2 78 82 96 8
L 100 44 22
D 99 43 2 73 100 75 29
D 98 41 2 71 99 76 29
D 69 45 2 70 77 98 8
L 104 60 -33
L 105 62 -32
L 106 60 33
D 103 61 2 104 105 106 8
L 108 64 -31
L 110 66 -38
L 112 68 -40
L 113 70 -39
L 114 68 40
D 111 69 2 112 113 114 8
L 115 66 38
D 109 67 2 110 111 115 8
L 116 64 31
D 107 65 2 108 109 116 8
L 118 62 32
D 117 61 2 104 118 106 29
D 102 63 2 103 107 117 8
L 122 72 34
L 123 74 -35
L 124 72 -34
D 121 73 2 122 123 124 8
L 126 76 -37
L 127 78 -36
L 128 76 37
D 125 77 2 126 127 128 8
L 130 74 35
D 129 73 2 122 130 124 29
D 120 75 2 121 125 129 8
L 134 80 -46
L 135 82 -47
L 136 80 46
D 133 81 2 134 135 136 8
L 138 84 -48
L 140 86 -49
L 141 88 -50
L 142 86 49
D 139 87 2 140 141 142 8
L 143 84 48
D 137 85 2 138 139 143 8
L 145 82 47
D 144 81 2 134 145 136 29
D 132 83 2 133 137 144 8
L 149 90 41
L 150 92 -42
L 151 90 -41
D 148 91 2 149 150 151 8
L 153 94 -43
L 155 96 -45
L 156 98 -44
L 157 96 45
D 154 97 2 155 156 157 8
L 158 94 43
D 152 95 2 153 154 158 8
L 160 92 42
D 159 91 2 149 160 151 29
D 147 93 2 148 152 159 8
L 163 100 -51
L 164 102 -52
L 165 100 51
D 162 101 2 163 164 165 8
L 168 104 -53
L 169 106 -54
L 170 104 53
D 167 105 2 168 169 170 8
L 172 108 -55
L 174 110 -56
L 176 112 -57
L 178 114 -58
L 180 116 59
L 181 118 -60
L 182 116 -59
D 179 117 2 180 181 182 8
L 183 114 58
D 177 115 2 178 179 183 8
L 184 112 57
D 175 113 2 176 177 184 8
L 185 110 56
D 173 111 2 174 175 185 8
L 186 108 55
D 171 109 2 172 173 186 8
L 188 106 54
D 187 105 2 168 188 170 29
D 166 107 2 167 171 187 8
L 190 102 52
D 189 101 2 163 190 165 29
D 161 103 2 162 166 189 8
D 192 91 2 151 160 149 8
D 193 91 2 151 150 149 29
D 191 93 2 192 152 193 8
D 200 117 2 182 181 180 8
D 199 115 2 183 200 178 8
D 198 113 2 176 199 184 8
D 197 111 2 174 198 185 8
D 196 109 2 172 197 186 8
D 195 107 2 167 196 187 8
D 194 103 2 162 195 189 8
D 202 91 2 151 150 149 8
D 203 95 2 158 154 153 8
D 204 91 2 151 160 149 29
D 201 93 2 202 203 204 8
D 210 115 2 178 200 183 8
D 209 113 2 184 210 176 8
D 208 111 2 174 209 185 8
D 207 109 2 172 208 186 8
D 206 107 2 167 207 187 8
D 205 103 2 162 206 189 8
L 214 98 44
D 213 97 2 155 214 157 8
D 212 95 2 153 213 158 8
D 211 93 2 202 212 204 8
D 219 113 2 176 210 184 8
D 218 111 2 185 219 174 8
D 217 109 2 172 218 186 8
D 216 107 2 167 217 187 8
D 215 103 2 162 216 189 8
D 222 97 2 157 156 155 8
D 221 95 2 153 222 158 8
D 220 93 2 202 221 204 8
D 226 111 2 174 219 185 8
D 225 109 2 186 226 172 8
D 224 107 2 167 225 187 8
D 223 103 2 162 224 189 8
D 229 97 2 155 156 157 214
D 230 97 2 155 214 157 29
D 228 95 2 153 229 158 230
D 231 91 2 149 150 151 160
D 232 95 2 153 230 158 29
D 233 91 2 149 160 151 8
D 227 93 3 202 228 231 232 233 29
D 146 99 6 147 161 191 194 201 205 211 215 220 223 227 8
D 235 81 2 134 145 136 8
D 236 81 2 134 135 136 29
D 234 83 2 235 137 236 8
D 238 93 2 202 152 204 8
D 241 105 2 170 169 168 8
D 242 109 2 172 226 186 8
D 243 105 2 170 188 168 29
D 240 107 2 241 242 243 8
D 239 103 2 162 240 189 8
D 244 93 2 202 232 204 29
D 237 99 2 238 239 244 8
D 246 85 2 143 139 138 8
D 245 83 2 133 246 144 8
D 249 101 2 163 190 165 8
D 250 107 2 167 242 187 8
D 251 101 2 163 164 165 29
D 248 103 2 249 250 251 8
D 247 99 2 238 248 244 8
D 253 81 2 136 135 134 8
D 254 81 2 136 145 134 29
D 252 83 2 253 137 254 8
D 258 105 2 168 188 170 8
D 259 105 2 168 169 170 29
D 257 107 2 258 242 259 8
D 256 103 2 162 257 189 8
D 255 99 2 238 256 244 8
D 262 87 2 142 141 140 8
D 261 85 2 138 262 143 8
D 260 83 2 133 261 144 8
D 265 101 2 165 164 163 8
D 266 101 2 165 190 163 29
D 264 103 2 265 250 266 8
D 263 99 2 238 264 244 8
L 270 88 50
D 269 87 2 140 270 142 29
D 268 85 2 143 269 138 270
D 271 81 2 136 135 134 145
D 272 85 2 138 269 143 29
D 273 81 2 136 145 134 8
D 267 83 3 133 268 271 272 273 29
D 131 89 6 132 146 234 237 245 247 252 255 260 263 267 8
D 275 73 2 124 130 122 8
D 276 73 2 124 123 122 29
D 274 75 2 275 125 276 8
D 278 99 6 147 194 191 205 201 215 211 223 220 256 227 8
D 279 83 3 271 272 133 269 273 29
D 277 89 5 132 278 252 237 234 247 245 263 279 8
D 281 73 2 124 123 122 8
L 283 78 36
D 282 77 2 126 283 128 8
D 284 73 2 124 130 122 29
D 280 75 2 281 282 284 8
D 286 99 6 147 205 191 215 201 223 211 256 220 239 227 8
D 288 81 2 136 135 134 29
D 287 83 2 288 272 273 29
D 285 89 4 252 247 132 286 234 263 287 8
D 290 77 2 128 127 126 8
D 289 75 2 281 290 284 8
D 292 99 6 147 215 191 223 201 256 211 239 220 248 227 8
D 293 83 2 135 272 145 29
D 291 89 3 252 263 132 292 293 8
D 295 77 2 126 127 128 283
D 296 73 2 122 123 124 130
D 297 77 2 126 283 128 29
D 298 73 2 122 130 124 8
D 294 75 3 281 295 296 297 298 29
D 119 79 5 120 131 274 277 280 285 289 291 294 8
D 300 61 2 106 105 104 8
D 301 61 2 106 118 104 29
D 299 63 2 300 107 301 8
D 303 75 2 281 125 284 8
L 313 118 60
D 312 117 2 182 313 180 8
D 311 115 2 178 312 183 8
D 310 113 2 176 311 184 8
D 309 111 2 174 310 185 8
D 308 109 2 172 309 186 8
D 307 107 2 167 308 187 8
D 306 103 2 162 307 189 8
D 305 99 6 147 306 191 161 201 194 211 205 220 215 227 8
D 316 87 2 140 270 142 8
D 315 85 2 138 316 143 8
D 314 83 2 133 315 144 8
D 317 99 2 238 223 244 8
D 320 87 2 142 270 140 8
D 319 85 2 138 320 143 269
D 318 83 3 133 319 271 272 273 29
D 304 89 7 132 305 245 237 260 247 234 255 314 263 252 317 318 8
D 321 75 2 281 297 284 29
D 302 79 2 303 304 321 8
D 323 61 2 104 118 106 8
D 324 61 2 104 105 106 29
D 322 63 2 323 107 324 8
D 328 93 3 202 228 192 232 149 29
D 327 99 5 191 306 201 161 211 194 220 205 328 8
D 329 99 2 238 215 244 8
D 326 89 7 132 327 260 237 314 247 245 255 234 317 252 329 318 8
D 325 79 2 303 326 321 8
D 331 65 2 116 109 108 8
D 330 63 2 103 331 117 8
D 335 93 2 202 228 204 29
D 334 99 4 201 306 211 161 220 194 335 8
D 336 99 2 238 205 244 8
D 333 89 7 314 237 132 334 260 255 245 317 234 329 252 336 318 8
D 332 79 2 303 333 321 8
D 339 67 2 115 111 110 8
D 338 65 2 108 339 116 8
D 337 63 2 103 338 117 8
D 342 99 6 147 223 191 256 201 239 211 248 220 264 227 8
D 343 83 2 133 272 144 29
D 341 89 2 132 342 343 8
D 340 79 2 303 341 321 8
L 348 70 39
D 347 69 2 112 348 114 8
D 346 67 2 110 347 115 8
D 345 65 2 108 346 116 8
D 344 63 2 103 345 117 8
D 354 97 2 155 156 157 29
D 353 95 2 153 354 158 230
D 352 93 3 202 353 231 232 233 29
D 351 99 5 147 256 191 239 201 248 211 264 352 8
D 350 89 2 132 351 343 8
D 349 79 2 303 350 321 8
D 358 69 2 114 113 112 8
D 357 67 2 110 358 115 8
D 356 65 2 108 357 116 8
D 355 63 2 103 356 117 8
D 363 95 2 158 230 153 29
D 362 93 3 202 363 231 232 233 29
D 361 99 4 147 239 191 248 201 264 362 8
D 360 89 2 132 361 343 8
D 359 79 2 303 360 321 8
D 367 69 2 114 348 112 8
D 368 69 2 112 348 114 29
D 366 67 2 110 367 115 368
D 369 67 2 110 368 115 29
D 365 65 2 108 366 116 369
D 370 61 2 106 105 104 118
D 371 65 2 108 369 116 29
D 372 61 2 106 118 104 8
D 364 63 3 103 365 370 371 372 29
D 101 71 8 102 119 299 302 322 325 330 332 337 340 344 349 355 359 364 8
D 375 43 2 73 100 75 8
D 374 41 2 71 375 76 8
D 378 51 2 84 95 86 8
D 379 51 2 84 85 86 29
D 377 53 2 378 87 379 8
D 376 49 2 78 377 96 8
D 381 43 2 73 74 75 29
D 380 41 2 71 381 76 29
D 373 45 2 374 376 380 8
D 383 79 5 120 277 274 285 280 291 289 341 294 8
D 384 79 2 303 131 321 8
D 389 91 2 151 150 149 160
D 388 93 2 231 232 389 29
D 387 99 3 147 248 191 264 388 8
D 386 89 2 132 387 343 8
D 385 79 2 303 386 321 8
D 382 71 8 102 383 322 302 330 325 299 384 337 349 344 359 355 385 364 8
D 391 41 2 76 72 71 8
D 392 41 2 76 99 71 29
D 390 45 2 391 376 392 8
D 394 79 5 120 285 274 291 280 341 289 350 294 8
D 395 79 2 303 277 321 8
D 399 93 2 148 232 159 29
D 398 99 2 147 264 399 8
D 397 89 2 132 398 343 8
D 396 79 2 303 397 321 8
D 393 71 8 330 302 102 394 322 384 299 395 337 359 344 385 355 396 364 8
D 402 43 2 75 74 73 8
D 401 41 2 71 402 76 8
D 404 43 2 75 100 73 29
D 403 41 2 71 404 76 29
D 400 45 2 401 376 403 8
D 406 79 5 120 291 274 341 280 350 289 360 294 8
D 407 79 2 303 285 321 8
D 410 67 2 115 368 110 114
D 409 65 2 108 410 116 369
D 408 63 3 103 409 370 371 372 29
D 405 71 7 330 384 102 406 322 395 299 407 337 385 344 396 408 8
D 414 51 2 86 95 84 8
D 415 51 2 86 85 84 29
D 413 53 2 414 87 415 8
D 412 49 2 78 413 96 8
D 411 45 2 70 412 98 8
D 417 79 5 120 341 274 350 280 360 289 386 294 8
D 418 79 2 303 291 321 8
D 420 65 2 116 369 108 368
D 419 63 3 103 420 370 371 372 29
D 416 71 6 330 395 102 417 322 407 299 418 337 396 419 8
D 423 47 2 81 80 79 8
D 424 47 2 81 97 79 29
D 422 49 2 423 377 424 8
D 421 45 2 70 422 98 8
D 426 79 5 120 350 274 360 280 386 289 397 294 8
D 427 63 3 370 371 103 369 372 29
D 425 71 5 330 407 102 426 322 418 299 340 427 8
D 430 47 2 79 97 81 8
D 431 47 2 79 80 81 29
D 429 49 2 430 377 431 8
D 428 45 2 70 429 98 8
D 435 77 2 126 127 128 29
D 434 75 3 281 435 296 297 298 29
D 433 79 4 120 360 274 386 280 397 434 8
D 432 71 5 330 418 102 433 322 340 299 349 427 8
D 439 55 2 93 89 88 8
D 438 53 2 378 439 379 8
D 437 49 2 78 438 96 8
D 436 45 2 70 437 98 8
D 443 73 2 124 123 122 130
D 442 75 2 296 297 443 29
D 441 79 3 120 386 274 397 442 8
D 440 71 5 330 340 102 441 322 349 299 359 427 8
L 449 58 29
D 448 57 2 90 449 92 8
D 447 55 2 88 448 93 8
D 446 53 2 378 447 379 8
D 445 49 2 78 446 96 8
D 444 45 2 70 445 98 8
D 452 75 2 121 297 129 29
D 451 79 2 120 397 452 8
D 450 71 5 330 349 102 451 322 359 299 385 427 8
D 457 57 2 92 91 90 8
D 456 55 2 88 457 93 8
D 455 53 2 378 456 379 8
D 454 49 2 78 455 96 8
D 453 45 2 70 454 98 8
D 460 65 2 116 369 108 29
D 459 63 3 370 371 103 460 372 29
D 458 71 4 330 359 322 385 299 396 459 8
D 463 43 2 75 74 73 100
D 462 41 2 71 463 76 72
D 467 57 2 90 449 92 29
D 466 55 2 88 467 93 29
D 465 53 2 378 466 379 29
D 464 49 2 78 465 96 29
D 469 47 2 81 80 79 97
D 471 51 2 86 95 84 85
D 473 57 2 90 91 92 449
D 472 55 2 93 467 88 473
D 474 51 2 86 85 84 8
D 470 53 3 471 466 378 472 474 29
D 475 47 2 81 97 79 8
D 468 49 3 469 465 78 470 475 29
D 477 43 2 75 100 73 8
D 476 41 2 71 477 76 99
D 461 45 3 462 464 70 468 476 29
D 68 59 11 69 101 373 382 390 393 400 405 411 416 421 425 428 432 436 440 444 450 453 458 461 8
D 481 31 2 53 62 51 8
D 482 31 2 53 52 51 29
D 480 33 2 481 54 482 8
D 479 29 2 45 480 63 8
D 478 25 2 37 479 65 8
D 485 63 3 323 371 103 460 106 29
D 484 71 3 330 385 322 396 485 8
D 483 59 11 69 382 373 393 390 405 400 416 411 425 421 432 428 440 436 450 444 458 453 484 461 8
D 487 21 2 43 39 38 8
D 490 31 2 53 52 51 8
D 491 31 2 53 62 51 29
D 489 33 2 490 54 491 8
D 488 29 2 45 489 63 8
D 492 21 2 43 66 38 29
D 486 25 2 487 488 492 8
D 495 63 2 103 460 117 29
D 494 71 2 330 396 495 8
D 493 59 11 69 393 373 405 390 416 400 425 411 432 421 440 428 450 436 458 444 484 453 494 461 8
D 498 23 2 40 67 42 8
D 497 21 2 38 498 43 8
D 500 23 2 40 41 42 29
D 499 21 2 38 500 43 29
D 496 25 2 497 488 499 8
D 506 57 2 90 91 92 29
D 505 55 2 88 506 93 467
D 504 53 3 378 505 471 466 474 29
D 503 49 3 78 504 469 465 475 29
D 502 45 3 70 503 462 464 476 29
D 501 59 10 69 405 373 416 390 425 400 432 411 440 421 450 428 458 436 484 444 494 502 8
D 509 23 2 42 41 40 8
D 508 21 2 38 509 43 8
D 511 23 2 42 67 40 29
D 510 21 2 38 511 43 29
D 507 25 2 508 488 510 8
D 516 55 2 93 467 88 29
D 515 53 3 378 516 471 466 474 29
D 514 49 3 78 515 469 465 475 29
D 513 45 3 70 514 462 464 476 29
D 512 59 9 69 416 373 425 390 432 400 440 411 450 421 458 428 484 436 494 513 8
D 519 27 2 48 47 46 8
D 520 27 2 48 64 46 29
D 518 29 2 519 489 520 8
D 517 25 2 37 518 65 8
D 525 51 2 84 95 86 85
D 524 53 2 471 466 525 29
D 523 49 3 78 524 469 465 475 29
D 522 45 3 70 523 462 464 476 29
D 521 59 8 69 425 373 432 390 440 400 450 411 458 421 484 428 494 522 8
D 528 27 2 46 64 48 8
D 529 27 2 46 47 48 29
D 527 29 2 528 489 529 8
D 526 25 2 37 527 65 8
D 532 49 3 78 524 423 465 97 29
D 531 45 3 70 532 462 464 476 29
D 530 59 7 69 432 373 440 390 450 400 458 411 484 421 494 531 8
D 536 35 2 60 56 55 8
D 535 33 2 490 536 491 8
D 534 29 2 45 535 63 8
D 533 25 2 37 534 65 8
D 539 49 2 78 524 96 29
D 538 45 3 70 539 462 464 476 29
D 537 59 6 69 440 373 450 390 458 400 484 411 494 538 8
D 544 37 2 59 58 57 8
D 543 35 2 55 544 60 8
D 542 33 2 490 543 491 8
D 541 29 2 45 542 63 8
D 540 25 2 37 541 65 8
D 548 53 2 83 466 94 29
D 547 49 2 78 548 96 29
D 546 45 3 70 547 462 464 476 29
D 545 59 5 69 450 373 458 390 484 400 494 546 8
L 554 38 20
D 553 37 2 57 554 59 8
D 552 35 2 55 553 60 8
D 551 33 2 490 552 491 8
D 550 29 2 45 551 63 8
D 549 25 2 37 550 65 8
D 557 41 2 71 375 76 72
D 558 41 2 76 99 71 75
D 556 45 3 70 547 557 464 558 29
D 555 59 4 69 458 373 484 390 494 556 8
D 561 23 2 42 41 40 67
D 560 21 2 38 561 43 39
D 565 37 2 57 554 59 29
D 564 35 2 55 565 60 29
D 563 33 2 490 564 491 29
D 562 29 2 45 563 63 29
D 567 27 2 48 47 46 64
D 569 31 2 51 52 53 62
D 571 37 2 57 58 59 554
D 570 35 2 60 565 55 571
D 572 31 2 51 62 53 8
D 568 33 3 569 564 490 570 572 29
D 573 27 2 48 64 46 8
D 566 29 3 567 563 45 568 573 29
D 575 23 2 42 67 40 8
D 574 21 2 38 575 43 66
D 559 25 3 560 562 37 566 574 29
D 35 39 11 36 68 478 483 486 493 496 501 507 512 517 521 526 530 533 537 540 545 549 555 559 8
D 578 3 2 5 34 7 8
D 577 1 2 3 578 9 8
D 581 11 2 17 28 19 8
D 582 11 2 17 18 19 29
D 580 13 2 581 20 582 8
D 579 9 2 11 580 30 8
D 584 3 2 5 6 7 29
D 583 1 2 3 584 9 29
D 576 5 2 577 579 583 8
D 588 41 2 71 75 76 29
D 587 45 3 70 547 374 464 588 29
D 586 59 3 69 484 373 494 587 8
D 585 39 11 36 483 478 493 486 501 496 512 507 521 517 530 526 537 533 545 540 555 549 586 559 8
D 590 1 2 9 4 3 8
D 591 1 2 9 33 3 29
D 589 5 2 590 579 591 8
D 594 45 2 70 547 98 29
D 593 59 2 69 494 594 8
D 592 39 11 36 493 478 501 486 512 496 521 507 530 517 537 526 545 533 555 540 586 549 593 559 8
D 597 3 2 7 6 5 8
D 596 1 2 3 597 9 8
D 599 3 2 7 34 5 29
D 598 1 2 3 599 9 29
D 595 5 2 596 579 598 8
D 605 37 2 59 554 57 29
D 604 35 2 55 605 60 565
D 603 33 3 490 604 569 564 572 29
D 602 29 3 45 603 567 563 573 29
D 601 25 3 37 602 560 562 574 29
D 600 39 10 36 501 478 512 486 521 496 530 507 537 517 545 526 555 533 586 540 593 601 8
D 609 11 2 19 28 17 8
D 610 11 2 19 18 17 29
D 608 13 2 609 20 610 8
D 607 9 2 11 608 30 8
D 606 5 2 2 607 32 8
D 615 35 2 60 565 55 29
D 614 33 3 490 615 569 564 572 29
D 613 29 3 45 614 567 563 573 29
D 612 25 3 37 613 560 562 574 29
D 611 39 9 36 512 478 521 486 530 496 537 507 545 517 555 526 586 533 593 612 8
D 618 7 2 14 13 12 8
D 619 7 2 14 31 12 29
D 617 9 2 618 580 619 8
D 616 5 2 2 617 32 8
D 624 31 2 53 52 51 62
D 623 33 2 569 564 624 29
D 622 29 3 45 623 567 563 573 29
D 621 25 3 37 622 560 562 574 29
D 620 39 8 36 521 478 530 486 537 496 545 507 555 517 586 526 593 621 8
D 627 7 2 12 31 14 8
D 628 7 2 12 13 14 29
D 626 9 2 627 580 628 8
D 625 5 2 2 626 32 8
D 631 29 3 45 623 519 563 64 29
D 630 25 3 37 631 560 562 574 29
D 629 39 7 36 530 478 537 486 545 496 555 507 586 517 593 630 8
D 635 15 2 26 22 21 8
D 634 13 2 581 635 582 8
D 633 9 2 11 634 30 8
D 632 5 2 2 633 32 8
D 638 29 2 45 623 63 29
D 637 25 3 37 638 560 562 574 29
D 636 39 6 36 537 478 545 486 555 496 586 507 593 637 8
L 644 18 9
D 643 17 2 23 644 25 8
D 642 15 2 21 643 26 8
D 641 13 2 581 642 582 8
D 640 9 2 11 641 30 8
D 639 5 2 2 640 32 8
D 647 21 2 38 498 43 39
D 648 21 2 43 66 38 42
D 646 25 3 37 638 647 562 648 29
D 645 39 5 36 545 478 555 486 586 496 593 646 8
D 653 17 2 25 24 23 8
D 652 15 2 21 653 26 8
D 651 13 2 581 652 582 8
D 650 9 2 11 651 30 8
D 649 5 2 2 650 32 8
D 655 25 3 37 638 487 562 66 29
D 654 39 4 36 555 478 586 486 593 655 8
D 660 17 2 23 24 25 644
D 661 17 2 23 644 25 29
D 659 15 2 21 660 26 661
D 662 11 2 19 28 17 18
D 663 15 2 21 661 26 29
D 664 11 2 19 18 17 8
D 658 13 3 581 659 662 663 664 29
D 665 7 2 14 13 12 31
D 666 13 2 581 663 582 29
D 667 7 2 14 31 12 8
D 657 9 3 11 658 665 666 667 29
D 669 3 2 7 6 5 34
D 668 1 2 3 669 9 4
D 670 9 2 11 666 30 29
D 672 3 2 7 34 5 8
D 671 1 2 3 672 9 33
D 656 5 3 2 657 668 670 671 29
D 0 19 11 1 35 576 585 589 592 595 600 606 611 616 620 625 629 632 636 639 645 649 654 656 8
