c ids of sdd nodes start at 0
c sdd nodes appear bottom-up, children before parents
c
c file syntax:
c sdd count-of-sdd-nodes
c F id-of-false-sdd-node
c T id-of-true-sdd-node
c L id-of-literal-sdd-node id-of-vtree literal
c D id-of-decomposition-sdd-node id-of-vtree number-of-elements {id-of-prime id-of-sub}*
c
sdd 681
L 3 0 -3
L 5 2 -4
L 6 4 -2
L 7 2 4
F 8
D 4 3 2 5 6 7 8
L 9 0 3
D 2 1 2 3 4 9 8
L 12 6 -6
L 13 8 -7
L 14 6 6
D 11 7 2 12 13 14 8
L 17 10 -5
L 18 12 1
L 19 10 5
D 16 11 2 17 18 19 8
L 21 14 -8
L 23 16 -10
L 24 18 -9
L 25 16 10
D 22 17 2 23 24 25 8
L 26 14 8
D 20 15 2 21 22 26 8
L 28 12 -1
T 29
D 27 11 2 17 28 19 29
D 15 13 2 16 20 27 8
L 31 8 7
D 30 7 2 12 31 14 29
D 10 9 2 11 15 30 8
L 34 4 2
D 33 3 2 5 34 7 29
D 32 1 2 3 33 9 29
D 1 5 2 2 10 32 8
L 38 20 -13
L 40 22 -15
L 41 24 -14
L 42 22 15
D 39 23 2 40 41 42 8
L 43 20 13
D 37 21 2 38 39 43 8
L 46 26 -16
L 47 28 -17
L 48 26 16
D 45 27 2 46 47 48 8
L 51 30 11
L 52 32 -12
L 53 30 -11
D 50 31 2 51 52 53 8
L 55 34 -18
L 57 36 -19
L 58 38 -20
L 59 36 19
D 56 37 2 57 58 59 8
L 60 34 18
D 54 35 2 55 56 60 8
L 62 32 12
D 61 31 2 51 62 53 29
D 49 33 2 50 54 61 8
L 64 28 17
D 63 27 2 46 64 48 29
D 44 29 2 45 49 63 8
L 67 24 14
D 66 23 2 40 67 42 29
D 65 21 2 38 66 43 29
D 36 25 2 37 44 65 8
L 71 40 -23
L 73 42 -24
L 74 44 -22
L 75 42 24
D 72 43 2 73 74 75 8
L 76 40 23
D 70 41 2 71 72 76 8
L 79 46 -26
L 80 48 -27
L 81 46 26
D 78 47 2 79 80 81 8
L 84 50 -25
L 85 52 21
L 86 50 25
D 83 51 2 84 85 86 8
L 88 54 -28
L 90 56 -30
L 91 58 -29
L 92 56 30
D 89 57 2 90 91 92 8
L 93 54 28
D 87 55 2 88 89 93 8
L 95 52 -21
D 94 51 2 84 95 86 29
D 82 53 2 83 87 94 8
L 97 48 27
D 96 47 2 79 97 81 29
D 77 49 2 78 82 96 8
L 100 44 22
D 99 43 2 73 100 75 29
D 98 41 2 71 99 76 29
D 69 45 2 70 77 98 8
L 104 60 -33
L 105 62 -32
L 106 60 33
D 103 61 2 104 105 106 8
L 108 64 -31
L 110 66 -38
L 112 68 -40
L 113 70 -39
L 114 68 40
D 111 69 2 112 113 114 8
L 115 66 38
D 109 67 2 110 111 115 8
L 116 64 31
D 107 65 2 108 109 116 8
L 118 62 32
D 117 61 2 104 118 106 29
D 102 63 2 103 107 117 8
L 122 72 34
L 123 74 -35
L 124 72 -34
D 121 73 2 122 123 124 8
L 126 76 -37
L 127 78 -36
L 128 76 37
D 125 77 2 126 127 128 8
L 130 74 35
D 129 73 2 122 130 124 29
D 120 75 2 121 125 129 8
L 134 80 -46
L 135 82 -47
L 136 80 46
D 133 81 2 134 135 136 8
L 138 84 -48
L 140 86 -49
L 141 88 -50
L 142 86 49
D 139 87 2 140 141 142 8
L 143 84 48
D 137 85 2 138 139 143 8
L 145 82 47
D 144 81 2 134 145 136 29
D 132 83 2 133 137 144 8
L 149 90 41
L 150 92 -42
L 151 90 -41
D 148 91 2 149 150 151 8
L 153 94 -43
L 155 96 -45
L 156 98 -44
L 157 96 45
D 154 97 2 155 156 157 8
L 158 94 43
D 152 95 2 153 154 158 8
L 160 92 42
D 159 91 2 149 160 151 29
D 147 93 2 148 152 159 8
L 163 100 -51
L 164 102 -52
L 165 100 51
D 162 101 2 163 164 165 8
L 168 104 -53
L 169 106 -54
L 170 104 53
D 167 105 2 168 169 170 8
L 172 108 -55
L 174 110 -56
L 176 112 -57
L 178 114 -58
L 180 116 -59
L 181 118 60
L 182 116 59
D 179 117 2 180 181 182 8
L 183 114 58
D 177 115 2 178 179 183 8
L 184 112 57
D 175 113 2 176 177 184 8
L 185 110 56
D 173 111 2 174 175 185 8
L 186 108 55
D 171 109 2 172 173 186 8
L 188 106 54
D 187 105 2 168 188 170 29
D 166 107 2 167 171 187 8
L 190 102 52
D 189 101 2 163 190 165 29
D 161 103 2 162 166 189 8
D 192 91 2 151 160 149 8
D 193 91 2 151 150 149 29
D 191 93 2 192 152 193 8
L 201 118 -60
D 200 117 2 182 201 180 8
D 199 115 2 178 200 183 8
D 198 113 2 176 199 184 8
D 197 111 2 174 198 185 8
D 196 109 2 172 197 186 8
D 195 107 2 167 196 187 8
D 194 103 2 162 195 189 8
D 203 91 2 151 150 149 8
D 204 95 2 158 154 153 8
D 205 91 2 151 160 149 29
D 202 93 2 203 204 205 8
D 212 117 2 180 201 182 8
D 211 115 2 183 212 178 8
D 210 113 2 176 211 184 8
D 209 111 2 174 210 185 8
D 208 109 2 172 209 186 8
D 207 107 2 167 208 187 8
D 206 103 2 162 207 189 8
L 216 98 44
D 215 97 2 155 216 157 8
D 214 95 2 153 215 158 8
D 213 93 2 203 214 205 8
D 222 115 2 178 212 183 8
D 221 113 2 184 222 176 8
D 220 111 2 174 221 185 8
D 219 109 2 172 220 186 8
D 218 107 2 167 219 187 8
D 217 103 2 162 218 189 8
D 225 97 2 157 156 155 8
D 224 95 2 153 225 158 8
D 223 93 2 203 224 205 8
D 230 113 2 176 222 184 8
D 229 111 2 185 230 174 8
D 228 109 2 172 229 186 8
D 227 107 2 167 228 187 8
D 226 103 2 162 227 189 8
D 233 97 2 155 156 157 216
D 234 97 2 155 216 157 29
D 232 95 2 153 233 158 234
D 235 91 2 149 150 151 160
D 236 95 2 153 234 158 29
D 237 91 2 149 160 151 8
D 231 93 3 203 232 235 236 237 29
D 146 99 6 147 161 191 194 202 206 213 217 223 226 231 8
D 239 85 2 143 139 138 8
D 238 83 2 133 239 144 8
D 241 93 2 203 152 205 8
D 244 105 2 170 169 168 8
D 246 111 2 174 230 185 8
D 245 109 2 172 246 186 8
D 247 105 2 170 188 168 29
D 243 107 2 244 245 247 8
D 242 103 2 162 243 189 8
D 248 93 2 203 236 205 29
D 240 99 2 241 242 248 8
D 251 87 2 142 141 140 8
D 250 85 2 138 251 143 8
D 249 83 2 133 250 144 8
D 254 101 2 163 190 165 8
D 255 107 2 167 245 187 8
D 256 101 2 163 164 165 29
D 253 103 2 254 255 256 8
D 252 99 2 241 253 248 8
D 258 81 2 134 145 136 8
D 259 81 2 134 135 136 29
D 257 83 2 258 137 259 8
D 263 105 2 168 188 170 8
D 264 105 2 168 169 170 29
D 262 107 2 263 245 264 8
D 261 103 2 162 262 189 8
D 260 99 2 241 261 248 8
L 268 88 50
D 267 87 2 140 268 142 8
D 266 85 2 138 267 143 8
D 265 83 2 133 266 144 8
D 271 101 2 165 164 163 8
D 272 101 2 165 190 163 29
D 270 103 2 271 255 272 8
D 269 99 2 241 270 248 8
D 274 81 2 136 135 134 8
D 275 81 2 136 145 134 29
D 273 83 2 274 137 275 8
D 279 109 2 186 246 172 8
D 278 107 2 167 279 187 8
D 277 103 2 162 278 189 8
D 276 99 2 241 277 248 8
D 282 87 2 142 268 140 8
D 283 87 2 140 268 142 29
D 281 85 2 138 282 143 283
D 284 81 2 136 135 134 145
D 285 85 2 138 283 143 29
D 286 81 2 136 145 134 8
D 280 83 3 133 281 284 285 286 29
D 131 89 7 132 146 238 240 249 252 257 260 265 269 273 276 280 8
D 288 73 2 124 130 122 8
D 289 73 2 124 123 122 29
D 287 75 2 288 125 289 8
D 291 99 6 147 194 191 206 202 217 213 226 223 277 231 8
D 293 85 2 143 283 138 268
D 292 83 3 133 293 284 285 286 29
D 290 89 6 132 291 257 240 238 252 273 260 249 269 292 8
D 295 73 2 124 123 122 8
L 297 78 36
D 296 77 2 126 297 128 8
D 298 73 2 124 130 122 29
D 294 75 2 295 296 298 8
D 300 99 6 147 206 191 217 202 226 213 277 223 261 231 8
D 301 83 3 284 285 133 283 286 29
D 299 89 5 132 300 273 240 257 252 238 269 301 8
D 303 77 2 128 127 126 8
D 302 75 2 295 303 298 8
D 305 99 6 147 217 191 226 202 277 213 261 223 242 231 8
D 307 81 2 136 135 134 29
D 306 83 2 307 285 286 29
D 304 89 4 273 252 132 305 257 269 306 8
D 309 77 2 126 127 128 297
D 310 73 2 122 123 124 130
D 311 77 2 126 297 128 29
D 312 73 2 122 130 124 8
D 308 75 3 295 309 310 311 312 29
D 119 79 5 120 131 287 290 294 299 302 304 308 8
D 314 61 2 106 105 104 8
D 315 61 2 106 118 104 29
D 313 63 2 314 107 315 8
D 317 75 2 295 125 298 8
D 320 93 3 203 232 192 236 149 29
D 319 99 5 191 161 202 194 213 206 223 217 320 8
D 321 99 2 241 226 248 8
D 318 89 7 132 319 249 240 265 252 238 260 257 276 273 321 280 8
D 322 75 2 295 311 298 29
D 316 79 2 317 318 322 8
D 324 61 2 104 118 106 8
D 325 61 2 104 105 106 29
D 323 63 2 324 107 325 8
D 329 93 2 203 232 205 29
D 328 99 4 202 161 213 194 223 206 329 8
D 330 99 2 241 217 248 8
D 327 89 7 265 240 132 328 249 260 238 276 257 321 273 330 280 8
D 326 79 2 317 327 322 8
D 332 65 2 116 109 108 8
D 331 63 2 103 332 117 8
D 337 95 2 153 233 158 29
D 336 93 2 203 337 205 29
D 335 99 3 213 161 223 194 336 8
D 338 99 2 241 206 248 8
D 334 89 7 265 260 132 335 249 276 238 321 257 330 273 338 280 8
D 333 79 2 317 334 322 8
D 341 67 2 115 111 110 8
D 340 65 2 108 341 116 8
D 339 63 2 103 340 117 8
D 344 99 6 147 226 191 277 202 261 213 242 223 253 231 8
D 345 83 2 135 285 145 29
D 343 89 3 273 269 132 344 345 8
D 342 79 2 317 343 322 8
L 350 70 39
D 349 69 2 112 350 114 8
D 348 67 2 110 349 115 8
D 347 65 2 108 348 116 8
D 346 63 2 103 347 117 8
D 353 99 6 147 277 191 261 202 242 213 253 223 270 231 8
D 354 83 2 133 285 144 29
D 352 89 2 132 353 354 8
D 351 79 2 317 352 322 8
D 358 69 2 114 113 112 8
D 357 67 2 110 358 115 8
D 356 65 2 108 357 116 8
D 355 63 2 103 356 117 8
D 364 97 2 155 156 157 29
D 363 95 2 153 364 158 234
D 362 93 3 203 363 235 236 237 29
D 361 99 5 147 261 191 242 202 253 213 270 362 8
D 360 89 2 132 361 354 8
D 359 79 2 317 360 322 8
D 368 69 2 114 350 112 8
D 369 69 2 112 350 114 29
D 367 67 2 110 368 115 369
D 370 67 2 110 369 115 29
D 366 65 2 108 367 116 370
D 371 61 2 106 105 104 118
D 372 65 2 108 370 116 29
D 373 61 2 106 118 104 8
D 365 63 3 103 366 371 372 373 29
D 101 71 8 102 119 313 316 323 326 331 333 339 342 346 351 355 359 365 8
D 376 43 2 73 100 75 8
D 375 41 2 71 376 76 8
D 379 51 2 84 95 86 8
D 380 51 2 84 85 86 29
D 378 53 2 379 87 380 8
D 377 49 2 78 378 96 8
D 382 43 2 73 74 75 29
D 381 41 2 71 382 76 29
D 374 45 2 375 377 381 8
D 384 79 5 120 290 287 299 294 304 302 343 308 8
D 385 79 2 317 131 322 8
D 390 95 2 158 234 153 29
D 389 93 3 203 390 235 236 237 29
D 388 99 4 147 242 191 253 202 270 389 8
D 387 89 2 132 388 354 8
D 386 79 2 317 387 322 8
D 383 71 8 102 384 313 385 323 316 331 326 339 351 346 359 355 386 365 8
D 392 41 2 76 72 71 8
D 393 41 2 76 99 71 29
D 391 45 2 392 377 393 8
D 395 79 5 120 299 287 304 294 343 302 352 308 8
D 396 79 2 317 290 322 8
D 401 91 2 151 150 149 160
D 400 93 2 235 236 401 29
D 399 99 3 147 253 191 270 400 8
D 398 89 2 132 399 354 8
D 397 79 2 317 398 322 8
D 394 71 8 102 395 323 385 331 316 313 396 339 359 346 386 355 397 365 8
D 404 43 2 75 74 73 8
D 403 41 2 71 404 76 8
D 406 43 2 75 100 73 29
D 405 41 2 71 406 76 29
D 402 45 2 403 377 405 8
D 408 79 5 120 304 287 343 294 352 302 360 308 8
D 409 79 2 317 299 322 8
D 413 93 2 148 236 159 29
D 412 99 2 147 270 413 8
D 411 89 2 132 412 354 8
D 410 79 2 317 411 322 8
D 407 71 8 331 385 102 408 323 396 313 409 339 386 346 397 355 410 365 8
D 417 51 2 86 95 84 8
D 418 51 2 86 85 84 29
D 416 53 2 417 87 418 8
D 415 49 2 78 416 96 8
D 414 45 2 70 415 98 8
D 420 79 5 120 343 287 352 294 360 302 387 308 8
D 421 79 2 317 304 322 8
D 424 67 2 115 369 110 114
D 423 65 2 108 424 116 370
D 422 63 3 103 423 371 372 373 29
D 419 71 7 331 396 102 420 323 409 313 421 339 397 346 410 422 8
D 427 47 2 81 80 79 8
D 428 47 2 81 97 79 29
D 426 49 2 427 378 428 8
D 425 45 2 70 426 98 8
D 430 79 5 120 352 287 360 294 387 302 398 308 8
D 432 65 2 116 370 108 369
D 431 63 3 103 432 371 372 373 29
D 429 71 6 331 409 102 430 323 421 313 342 339 410 431 8
D 435 47 2 79 97 81 8
D 436 47 2 79 80 81 29
D 434 49 2 435 378 436 8
D 433 45 2 70 434 98 8
D 438 79 5 120 360 287 387 294 398 302 411 308 8
D 439 63 3 371 372 103 370 373 29
D 437 71 5 331 421 102 438 323 342 313 351 439 8
D 443 55 2 93 89 88 8
D 442 53 2 379 443 380 8
D 441 49 2 78 442 96 8
D 440 45 2 70 441 98 8
D 447 77 2 126 127 128 29
D 446 75 3 295 447 310 311 312 29
D 445 79 4 120 387 287 398 294 411 446 8
D 444 71 5 331 342 102 445 323 351 313 359 439 8
L 453 58 29
D 452 57 2 90 453 92 8
D 451 55 2 88 452 93 8
D 450 53 2 379 451 380 8
D 449 49 2 78 450 96 8
D 448 45 2 70 449 98 8
D 457 73 2 124 123 122 130
D 456 75 2 310 311 457 29
D 455 79 3 120 398 287 411 456 8
D 454 71 5 331 351 102 455 323 359 313 386 439 8
D 462 57 2 92 91 90 8
D 461 55 2 88 462 93 8
D 460 53 2 379 461 380 8
D 459 49 2 78 460 96 8
D 458 45 2 70 459 98 8
D 465 75 2 121 311 129 29
D 464 79 2 120 411 465 8
D 463 71 5 331 359 102 464 323 386 313 397 439 8
D 468 43 2 75 74 73 100
D 467 41 2 71 468 76 72
D 472 57 2 90 453 92 29
D 471 55 2 88 472 93 29
D 470 53 2 379 471 380 29
D 469 49 2 78 470 96 29
D 474 47 2 81 80 79 97
D 476 51 2 86 95 84 85
D 478 57 2 90 91 92 453
D 477 55 2 93 472 88 478
D 479 51 2 86 85 84 8
D 475 53 3 476 471 379 477 479 29
D 480 47 2 81 97 79 8
D 473 49 3 474 470 78 475 480 29
D 482 43 2 75 100 73 8
D 481 41 2 71 482 76 99
D 466 45 3 467 469 70 473 481 29
D 68 59 11 69 101 374 383 391 394 402 407 414 419 425 429 433 437 440 444 448 454 458 463 466 8
D 486 31 2 53 62 51 8
D 487 31 2 53 52 51 29
D 485 33 2 486 54 487 8
D 484 29 2 45 485 63 8
D 483 25 2 37 484 65 8
D 491 65 2 116 370 108 29
D 490 63 3 371 372 103 491 373 29
D 489 71 4 331 386 323 397 313 410 490 8
D 488 59 11 69 383 374 394 391 407 402 419 414 429 425 437 433 444 440 454 448 463 458 489 466 8
D 493 21 2 43 39 38 8
D 496 31 2 53 52 51 8
D 497 31 2 53 62 51 29
D 495 33 2 496 54 497 8
D 494 29 2 45 495 63 8
D 498 21 2 43 66 38 29
D 492 25 2 493 494 498 8
D 501 63 3 324 372 103 491 106 29
D 500 71 3 331 397 323 410 501 8
D 499 59 11 69 394 374 407 391 419 402 429 414 437 425 444 433 454 440 463 448 489 458 500 466 8
D 504 23 2 40 67 42 8
D 503 21 2 38 504 43 8
D 506 23 2 40 41 42 29
D 505 21 2 38 506 43 29
D 502 25 2 503 494 505 8
D 509 63 2 103 491 117 29
D 508 71 2 331 410 509 8
D 507 59 11 69 407 374 419 391 429 402 437 414 444 425 454 433 463 440 489 448 500 458 508 466 8
D 512 23 2 42 41 40 8
D 511 21 2 38 512 43 8
D 514 23 2 42 67 40 29
D 513 21 2 38 514 43 29
D 510 25 2 511 494 513 8
D 520 57 2 90 91 92 29
D 519 55 2 88 520 93 472
D 518 53 3 379 519 476 471 479 29
D 517 49 3 78 518 474 470 480 29
D 516 45 3 70 517 467 469 481 29
D 515 59 10 69 419 374 429 391 437 402 444 414 454 425 463 433 489 440 500 448 508 516 8
D 523 27 2 48 47 46 8
D 524 27 2 48 64 46 29
D 522 29 2 523 495 524 8
D 521 25 2 37 522 65 8
D 529 55 2 93 472 88 29
D 528 53 3 379 529 476 471 479 29
D 527 49 3 78 528 474 470 480 29
D 526 45 3 70 527 467 469 481 29
D 525 59 9 69 429 374 437 391 444 402 454 414 463 425 489 433 500 440 508 526 8
D 532 27 2 46 64 48 8
D 533 27 2 46 47 48 29
D 531 29 2 532 495 533 8
D 530 25 2 37 531 65 8
D 538 51 2 84 95 86 85
D 537 53 2 476 471 538 29
D 536 49 3 78 537 474 470 480 29
D 535 45 3 70 536 467 469 481 29
D 534 59 8 69 437 374 444 391 454 402 463 414 489 425 500 433 508 535 8
D 542 35 2 60 56 55 8
D 541 33 2 496 542 497 8
D 540 29 2 45 541 63 8
D 539 25 2 37 540 65 8
D 545 49 3 78 537 427 470 97 29
D 544 45 3 70 545 467 469 481 29
D 543 59 7 69 444 374 454 391 463 402 489 414 500 425 508 544 8
D 550 37 2 59 58 57 8
D 549 35 2 55 550 60 8
D 548 33 2 496 549 497 8
D 547 29 2 45 548 63 8
D 546 25 2 37 547 65 8
D 553 49 2 78 537 96 29
D 552 45 3 70 553 467 469 481 29
D 551 59 6 69 454 374 463 391 489 402 500 414 508 552 8
L 559 38 20
D 558 37 2 57 559 59 8
D 557 35 2 55 558 60 8
D 556 33 2 496 557 497 8
D 555 29 2 45 556 63 8
D 554 25 2 37 555 65 8
D 563 53 2 83 471 94 29
D 562 49 2 78 563 96 29
D 561 45 3 70 562 467 469 481 29
D 560 59 5 69 463 374 489 391 500 402 508 561 8
D 566 23 2 42 41 40 67
D 565 21 2 38 566 43 39
D 570 37 2 57 559 59 29
D 569 35 2 55 570 60 29
D 568 33 2 496 569 497 29
D 567 29 2 45 568 63 29
D 572 27 2 48 47 46 64
D 574 31 2 51 52 53 62
D 576 37 2 57 58 59 559
D 575 35 2 60 570 55 576
D 577 31 2 51 62 53 8
D 573 33 3 574 569 496 575 577 29
D 578 27 2 48 64 46 8
D 571 29 3 572 568 45 573 578 29
D 580 23 2 42 67 40 8
D 579 21 2 38 580 43 66
D 564 25 3 565 567 37 571 579 29
D 35 39 11 36 68 483 488 492 499 502 507 510 515 521 525 530 534 539 543 546 551 554 560 564 8
D 583 3 2 5 34 7 8
D 582 1 2 3 583 9 8
D 586 11 2 17 28 19 8
D 587 11 2 17 18 19 29
D 585 13 2 586 20 587 8
D 584 9 2 11 585 30 8
D 589 3 2 5 6 7 29
D 588 1 2 3 589 9 29
D 581 5 2 582 584 588 8
D 593 41 2 71 376 76 72
D 594 41 2 76 99 71 75
D 592 45 3 70 562 593 469 594 29
D 591 59 4 69 489 374 500 391 508 592 8
D 590 39 11 36 488 483 499 492 507 502 515 510 525 521 534 530 543 539 551 546 560 554 591 564 8
D 596 1 2 9 4 3 8
D 597 1 2 9 33 3 29
D 595 5 2 596 584 597 8
D 601 41 2 71 75 76 29
D 600 45 3 70 562 375 469 601 29
D 599 59 3 69 500 374 508 600 8
D 598 39 11 36 499 483 507 492 515 502 525 510 534 521 543 530 551 539 560 546 591 554 599 564 8
D 604 3 2 7 6 5 8
D 603 1 2 3 604 9 8
D 606 3 2 7 34 5 29
D 605 1 2 3 606 9 29
D 602 5 2 603 584 605 8
D 609 45 2 70 562 98 29
D 608 59 2 69 508 609 8
D 607 39 11 36 507 483 515 492 525 502 534 510 543 521 551 530 560 539 591 546 599 554 608 564 8
D 613 11 2 19 28 17 8
D 614 11 2 19 18 17 29
D 612 13 2 613 20 614 8
D 611 9 2 11 612 30 8
D 610 5 2 2 611 32 8
D 620 37 2 59 559 57 29
D 619 35 2 55 620 60 570
D 618 33 3 496 619 574 569 577 29
D 617 29 3 45 618 572 568 578 29
D 616 25 3 37 617 565 567 579 29
D 615 39 10 36 515 483 525 492 534 502 543 510 551 521 560 530 591 539 599 546 608 616 8
D 623 7 2 14 13 12 8
D 624 7 2 14 31 12 29
D 622 9 2 623 585 624 8
D 621 5 2 2 622 32 8
D 629 35 2 60 570 55 29
D 628 33 3 496 629 574 569 577 29
D 627 29 3 45 628 572 568 578 29
D 626 25 3 37 627 565 567 579 29
D 625 39 9 36 525 483 534 492 543 502 551 510 560 521 591 530 599 539 608 626 8
D 632 7 2 12 31 14 8
D 633 7 2 12 13 14 29
D 631 9 2 632 585 633 8
D 630 5 2 2 631 32 8
D 638 31 2 53 52 51 62
D 637 33 2 574 569 638 29
D 636 29 3 45 637 572 568 578 29
D 635 25 3 37 636 565 567 579 29
D 634 39 8 36 534 483 543 492 551 502 560 510 591 521 599 530 608 635 8
D 642 15 2 26 22 21 8
D 641 13 2 586 642 587 8
D 640 9 2 11 641 30 8
D 639 5 2 2 640 32 8
D 645 29 3 45 637 523 568 64 29
D 644 25 3 37 645 565 567 579 29
D 643 39 7 36 543 483 551 492 560 502 591 510 599 521 608 644 8
L 651 18 9
D 650 17 2 23 651 25 8
D 649 15 2 21 650 26 8
D 648 13 2 586 649 587 8
D 647 9 2 11 648 30 8
D 646 5 2 2 647 32 8
D 654 29 2 45 637 63 29
D 653 25 3 37 654 565 567 579 29
D 652 39 6 36 551 483 560 492 591 502 599 510 608 653 8
D 659 17 2 25 24 23 8
D 658 15 2 21 659 26 8
D 657 13 2 586 658 587 8
D 656 9 2 11 657 30 8
D 655 5 2 2 656 32 8
D 662 21 2 38 504 43 39
D 663 21 2 43 66 38 42
D 661 25 3 37 654 662 567 663 29
D 660 39 5 36 560 483 591 492 599 502 608 661 8
D 668 17 2 23 24 25 651
D 669 17 2 23 651 25 29
D 667 15 2 21 668 26 669
D 670 11 2 19 28 17 18
D 671 15 2 21 669 26 29
D 672 11 2 19 18 17 8
D 666 13 3 586 667 670 671 672 29
D 673 7 2 14 13 12 31
D 674 13 2 586 671 587 29
D 675 7 2 14 31 12 8
D 665 9 3 11 666 673 674 675 29
D 677 3 2 7 6 5 34
D 676 1 2 3 677 9 4
D 678 9 2 11 674 30 29
D 680 3 2 7 34 5 8
D 679 1 2 3 680 9 33
D 664 5 3 2 665 676 678 679 29
D 0 19 11 1 35 581 590 595 598 602 607 610 615 621 625 630 634 639 643 646 652 655 660 664 8
