c ids of sdd nodes start at 0
c sdd nodes appear bottom-up, children before parents
c
c file syntax:
c sdd count-of-sdd-nodes
c F id-of-false-sdd-node
c T id-of-true-sdd-node
c L id-of-literal-sdd-node id-of-vtree literal
c D id-of-decomposition-sdd-node id-of-vtree number-of-elements {id-of-prime id-of-sub}*
c
sdd 688
L 3 0 -3
L 5 2 -4
L 6 4 -2
L 7 2 4
F 8
D 4 3 2 5 6 7 8
L 9 0 3
D 2 1 2 3 4 9 8
L 12 6 -6
L 13 8 -7
L 14 6 6
D 11 7 2 12 13 14 8
L 17 10 -5
L 18 12 1
L 19 10 5
D 16 11 2 17 18 19 8
L 21 14 -8
L 23 16 -10
L 24 18 -9
L 25 16 10
D 22 17 2 23 24 25 8
L 26 14 8
D 20 15 2 21 22 26 8
L 28 12 -1
T 29
D 27 11 2 17 28 19 29
D 15 13 2 16 20 27 8
L 31 8 7
D 30 7 2 12 31 14 29
D 10 9 2 11 15 30 8
L 34 4 2
D 33 3 2 5 34 7 29
D 32 1 2 3 33 9 29
D 1 5 2 2 10 32 8
L 38 20 -13
L 40 22 -15
L 41 24 -14
L 42 22 15
D 39 23 2 40 41 42 8
L 43 20 13
D 37 21 2 38 39 43 8
L 46 26 -16
L 47 28 -17
L 48 26 16
D 45 27 2 46 47 48 8
L 51 30 11
L 52 32 -12
L 53 30 -11
D 50 31 2 51 52 53 8
L 55 34 -18
L 57 36 -19
L 58 38 -20
L 59 36 19
D 56 37 2 57 58 59 8
L 60 34 18
D 54 35 2 55 56 60 8
L 62 32 12
D 61 31 2 51 62 53 29
D 49 33 2 50 54 61 8
L 64 28 17
D 63 27 2 46 64 48 29
D 44 29 2 45 49 63 8
L 67 24 14
D 66 23 2 40 67 42 29
D 65 21 2 38 66 43 29
D 36 25 2 37 44 65 8
L 71 40 -23
L 73 42 -24
L 74 44 -22
L 75 42 24
D 72 43 2 73 74 75 8
L 76 40 23
D 70 41 2 71 72 76 8
L 79 46 -26
L 80 48 -27
L 81 46 26
D 78 47 2 79 80 81 8
L 84 50 -25
L 85 52 21
L 86 50 25
D 83 51 2 84 85 86 8
L 88 54 -28
L 90 56 -30
L 91 58 -29
L 92 56 30
D 89 57 2 90 91 92 8
L 93 54 28
D 87 55 2 88 89 93 8
L 95 52 -21
D 94 51 2 84 95 86 29
D 82 53 2 83 87 94 8
L 97 48 27
D 96 47 2 79 97 81 29
D 77 49 2 78 82 96 8
L 100 44 22
D 99 43 2 73 100 75 29
D 98 41 2 71 99 76 29
D 69 45 2 70 77 98 8
L 104 60 -33
L 105 62 -32
L 106 60 33
D 103 61 2 104 105 106 8
L 108 64 -31
L 110 66 -38
L 112 68 -40
L 113 70 -39
L 114 68 40
D 111 69 2 112 113 114 8
L 115 66 38
D 109 67 2 110 111 115 8
L 116 64 31
D 107 65 2 108 109 116 8
L 118 62 32
D 117 61 2 104 118 106 29
D 102 63 2 103 107 117 8
L 122 72 34
L 123 74 -35
L 124 72 -34
D 121 73 2 122 123 124 8
L 126 76 -37
L 127 78 -36
L 128 76 37
D 125 77 2 126 127 128 8
L 130 74 35
D 129 73 2 122 130 124 29
D 120 75 2 121 125 129 8
L 134 80 -46
L 135 82 -47
L 136 80 46
D 133 81 2 134 135 136 8
L 138 84 -48
L 140 86 -49
L 141 88 -50
L 142 86 49
D 139 87 2 140 141 142 8
L 143 84 48
D 137 85 2 138 139 143 8
L 145 82 47
D 144 81 2 134 145 136 29
D 132 83 2 133 137 144 8
L 149 90 -41
L 150 92 42
L 151 90 41
D 148 91 2 149 150 151 8
L 153 94 -43
L 155 96 -45
L 156 98 -44
L 157 96 45
D 154 97 2 155 156 157 8
L 158 94 43
D 152 95 2 153 154 158 8
L 160 92 -42
D 159 91 2 149 160 151 29
D 147 93 2 148 152 159 8
L 163 100 -51
L 164 102 -52
L 165 100 51
D 162 101 2 163 164 165 8
L 168 104 -53
L 169 106 -54
L 170 104 53
D 167 105 2 168 169 170 8
L 172 108 -55
L 174 110 -56
L 176 112 -57
L 178 114 -58
L 180 116 -59
L 181 118 60
L 182 116 59
D 179 117 2 180 181 182 8
L 183 114 58
D 177 115 2 178 179 183 8
L 184 112 57
D 175 113 2 176 177 184 8
L 185 110 56
D 173 111 2 174 175 185 8
L 186 108 55
D 171 109 2 172 173 186 8
L 188 106 54
D 187 105 2 168 188 170 29
D 166 107 2 167 171 187 8
L 190 102 52
D 189 101 2 163 190 165 29
D 161 103 2 162 166 189 8
D 192 91 2 149 160 151 8
D 193 95 2 158 154 153 8
D 194 91 2 149 150 151 29
D 191 93 2 192 193 194 8
L 202 118 -60
D 201 117 2 182 202 180 8
D 200 115 2 178 201 183 8
D 199 113 2 176 200 184 8
D 198 111 2 174 199 185 8
D 197 109 2 172 198 186 8
D 196 107 2 167 197 187 8
D 195 103 2 162 196 189 8
L 206 98 44
D 205 97 2 155 206 157 8
D 204 95 2 153 205 158 8
D 203 93 2 192 204 194 8
D 213 117 2 180 202 182 8
D 212 115 2 183 213 178 8
D 211 113 2 176 212 184 8
D 210 111 2 174 211 185 8
D 209 109 2 172 210 186 8
D 208 107 2 167 209 187 8
D 207 103 2 162 208 189 8
D 216 97 2 157 156 155 8
D 215 95 2 153 216 158 8
D 214 93 2 192 215 194 8
D 222 115 2 178 213 183 8
D 221 113 2 184 222 176 8
D 220 111 2 174 221 185 8
D 219 109 2 172 220 186 8
D 218 107 2 167 219 187 8
D 217 103 2 162 218 189 8
D 225 97 2 155 156 157 206
D 226 97 2 155 206 157 29
D 224 95 2 153 225 158 226
D 227 95 2 153 226 158 29
D 223 93 3 192 224 148 227 151 29
D 146 99 5 147 161 191 195 203 207 214 217 223 8
D 230 87 2 142 141 140 8
D 229 85 2 138 230 143 8
D 228 83 2 133 229 144 8
D 232 93 2 192 152 194 8
D 235 105 2 170 169 168 8
D 238 113 2 176 222 184 8
D 237 111 2 174 238 185 8
D 236 109 2 172 237 186 8
D 239 105 2 170 188 168 29
D 234 107 2 235 236 239 8
D 233 103 2 162 234 189 8
D 240 93 2 192 227 194 29
D 231 99 2 232 233 240 8
L 244 88 50
D 243 87 2 140 244 142 8
D 242 85 2 138 243 143 8
D 241 83 2 133 242 144 8
D 247 101 2 163 190 165 8
D 248 107 2 167 236 187 8
D 249 101 2 163 164 165 29
D 246 103 2 247 248 249 8
D 245 99 2 232 246 240 8
D 251 85 2 143 139 138 8
D 250 83 2 133 251 144 8
D 255 105 2 168 188 170 8
D 256 105 2 168 169 170 29
D 254 107 2 255 236 256 8
D 253 103 2 162 254 189 8
D 252 99 2 232 253 240 8
D 258 81 2 134 145 136 8
D 259 81 2 134 135 136 29
D 257 83 2 258 137 259 8
D 263 109 2 186 237 172 8
D 262 107 2 167 263 187 8
D 261 103 2 162 262 189 8
D 260 99 2 232 261 240 8
D 265 81 2 136 135 134 8
D 266 81 2 136 145 134 29
D 264 83 2 265 137 266 8
D 271 111 2 185 238 174 8
D 270 109 2 172 271 186 8
D 269 107 2 167 270 187 8
D 268 103 2 162 269 189 8
D 267 99 2 232 268 240 8
D 274 87 2 142 244 140 8
D 275 87 2 140 244 142 29
D 273 85 2 138 274 143 275
D 276 81 2 136 135 134 145
D 277 85 2 138 275 143 29
D 278 81 2 136 145 134 8
D 272 83 3 133 273 276 277 278 29
D 131 89 7 132 146 228 231 241 245 250 252 257 260 264 267 272 8
D 280 73 2 124 130 122 8
D 281 73 2 124 123 122 29
D 279 75 2 280 125 281 8
D 285 91 2 151 160 149 8
D 286 91 2 151 150 149 29
D 284 93 2 285 152 286 8
D 288 91 2 151 160 149 150
D 289 91 2 151 150 149 8
D 287 93 3 192 224 288 227 289 29
D 283 99 6 284 161 147 195 191 207 203 217 214 268 287 8
D 292 101 2 165 164 163 8
D 293 101 2 165 190 163 29
D 291 103 2 292 248 293 8
D 290 99 2 232 291 240 8
D 282 89 7 132 283 250 231 228 245 257 252 241 290 264 260 272 8
D 295 73 2 124 123 122 8
L 297 78 36
D 296 77 2 126 297 128 8
D 298 73 2 124 130 122 29
D 294 75 2 295 296 298 8
D 300 99 6 284 195 147 207 191 217 203 268 214 261 287 8
D 302 85 2 143 275 138 244
D 301 83 3 133 302 276 277 278 29
D 299 89 6 132 300 257 231 250 245 264 252 228 290 301 8
D 304 77 2 128 127 126 8
D 303 75 2 295 304 298 8
D 306 99 6 284 207 147 217 191 268 203 261 214 253 287 8
D 307 83 3 276 277 133 275 278 29
D 305 89 5 132 306 264 231 257 245 250 290 307 8
D 309 77 2 126 127 128 297
D 310 73 2 122 123 124 130
D 311 77 2 126 297 128 29
D 312 73 2 122 130 124 8
D 308 75 3 295 309 310 311 312 29
D 119 79 5 120 131 279 282 294 299 303 305 308 8
D 314 61 2 106 105 104 8
D 315 61 2 106 118 104 29
D 313 63 2 314 107 315 8
D 317 75 2 295 125 298 8
D 320 93 2 192 224 194 29
D 319 99 4 191 161 203 195 214 207 320 8
D 321 99 2 232 217 240 8
D 318 89 7 241 231 132 319 228 252 250 260 257 267 264 321 272 8
D 322 75 2 295 311 298 29
D 316 79 2 317 318 322 8
D 324 61 2 104 118 106 8
D 325 61 2 104 105 106 29
D 323 63 2 324 107 325 8
D 330 95 2 153 225 158 29
D 329 93 2 192 330 194 29
D 328 99 3 203 161 214 195 329 8
D 331 99 2 232 207 240 8
D 327 89 7 241 252 132 328 228 260 250 267 257 321 264 331 272 8
D 326 79 2 317 327 322 8
D 334 67 2 115 111 110 8
D 333 65 2 108 334 116 8
D 332 63 2 103 333 117 8
D 337 99 6 284 217 147 268 191 261 203 253 214 233 287 8
D 339 81 2 136 135 134 29
D 338 83 2 339 277 278 29
D 336 89 4 264 245 132 337 257 290 338 8
D 335 79 2 317 336 322 8
D 341 65 2 116 109 108 8
D 340 63 2 103 341 117 8
D 347 97 2 157 206 155 29
D 346 95 2 153 347 158 29
D 345 93 2 192 346 194 29
D 344 99 2 214 161 345 8
D 348 99 2 232 195 240 8
D 343 89 7 241 260 132 344 228 267 250 321 257 331 264 348 272 8
D 342 79 2 317 343 322 8
L 353 70 39
D 352 69 2 112 353 114 8
D 351 67 2 110 352 115 8
D 350 65 2 108 351 116 8
D 349 63 2 103 350 117 8
D 356 99 6 284 268 147 261 191 253 203 233 214 246 287 8
D 357 83 2 135 277 145 29
D 355 89 3 264 290 132 356 357 8
D 354 79 2 317 355 322 8
D 361 69 2 114 113 112 8
D 360 67 2 110 361 115 8
D 359 65 2 108 360 116 8
D 358 63 2 103 359 117 8
D 364 99 6 284 261 147 253 191 233 203 246 214 291 287 8
D 365 83 2 133 277 144 29
D 363 89 2 132 364 365 8
D 362 79 2 317 363 322 8
D 369 69 2 114 353 112 8
D 370 69 2 112 353 114 29
D 368 67 2 110 369 115 370
D 371 67 2 110 370 115 29
D 367 65 2 108 368 116 371
D 372 61 2 106 105 104 118
D 373 65 2 108 371 116 29
D 374 61 2 106 118 104 8
D 366 63 3 103 367 372 373 374 29
D 101 71 8 102 119 313 316 323 326 332 335 340 342 349 354 358 362 366 8
D 377 43 2 73 100 75 8
D 376 41 2 71 377 76 8
D 380 51 2 84 95 86 8
D 381 51 2 84 85 86 29
D 379 53 2 380 87 381 8
D 378 49 2 78 379 96 8
D 383 43 2 73 74 75 29
D 382 41 2 71 383 76 29
D 375 45 2 376 378 382 8
D 385 79 5 120 282 279 299 294 305 303 336 308 8
D 386 79 2 317 131 322 8
D 392 97 2 155 156 157 29
D 391 95 2 153 392 158 226
D 390 93 3 192 391 288 227 289 29
D 389 99 5 284 253 147 233 191 246 203 291 390 8
D 388 89 2 132 389 365 8
D 387 79 2 317 388 322 8
D 384 71 8 102 385 313 386 323 316 340 326 332 354 349 362 358 387 366 8
D 394 41 2 76 72 71 8
D 395 41 2 76 99 71 29
D 393 45 2 394 378 395 8
D 397 79 5 120 299 279 305 294 336 303 355 308 8
D 398 79 2 317 282 322 8
D 403 95 2 158 226 153 29
D 402 93 3 192 403 288 227 289 29
D 401 99 4 284 233 147 246 191 291 402 8
D 400 89 2 132 401 365 8
D 399 79 2 317 400 322 8
D 396 71 8 102 397 313 398 323 386 340 316 332 362 349 387 358 399 366 8
D 406 43 2 75 74 73 8
D 405 41 2 71 406 76 8
D 408 43 2 75 100 73 29
D 407 41 2 71 408 76 29
D 404 45 2 405 378 407 8
D 410 79 5 120 305 279 336 294 355 303 363 308 8
D 411 79 2 317 299 322 8
D 416 91 2 149 160 151 150
D 415 93 2 288 227 416 29
D 414 99 3 284 246 147 291 415 8
D 413 89 2 132 414 365 8
D 412 79 2 317 413 322 8
D 409 71 8 102 410 323 398 340 386 313 411 332 387 349 399 358 412 366 8
D 420 51 2 86 95 84 8
D 421 51 2 86 85 84 29
D 419 53 2 420 87 421 8
D 418 49 2 78 419 96 8
D 417 45 2 70 418 98 8
D 423 79 5 120 336 279 355 294 363 303 388 308 8
D 424 79 2 317 305 322 8
D 428 93 2 285 227 286 29
D 427 99 2 284 291 428 8
D 426 89 2 132 427 365 8
D 425 79 2 317 426 322 8
D 422 71 8 340 398 102 423 323 411 313 424 332 399 349 412 358 425 366 8
D 431 47 2 81 80 79 8
D 432 47 2 81 97 79 29
D 430 49 2 431 379 432 8
D 429 45 2 70 430 98 8
D 434 79 5 120 355 279 363 294 388 303 400 308 8
D 437 67 2 115 370 110 114
D 436 65 2 108 437 116 371
D 435 63 3 103 436 372 373 374 29
D 433 71 7 340 411 102 434 323 424 313 335 332 412 349 425 435 8
D 440 47 2 79 97 81 8
D 441 47 2 79 80 81 29
D 439 49 2 440 379 441 8
D 438 45 2 70 439 98 8
D 443 79 5 120 363 279 388 294 400 303 413 308 8
D 445 65 2 116 371 108 370
D 444 63 3 103 445 372 373 374 29
D 442 71 6 340 424 102 443 323 335 313 354 332 425 444 8
D 449 55 2 93 89 88 8
D 448 53 2 380 449 381 8
D 447 49 2 78 448 96 8
D 446 45 2 70 447 98 8
D 451 79 5 120 388 279 400 294 413 303 426 308 8
D 452 63 3 372 373 103 371 374 29
D 450 71 5 340 335 102 451 323 354 313 362 452 8
L 458 58 29
D 457 57 2 90 458 92 8
D 456 55 2 88 457 93 8
D 455 53 2 380 456 381 8
D 454 49 2 78 455 96 8
D 453 45 2 70 454 98 8
D 462 77 2 126 127 128 29
D 461 75 3 295 462 310 311 312 29
D 460 79 4 120 400 279 413 294 426 461 8
D 459 71 5 340 354 102 460 323 362 313 387 452 8
D 467 57 2 92 91 90 8
D 466 55 2 88 467 93 8
D 465 53 2 380 466 381 8
D 464 49 2 78 465 96 8
D 463 45 2 70 464 98 8
D 471 73 2 124 123 122 130
D 470 75 2 310 311 471 29
D 469 79 3 120 413 279 426 470 8
D 468 71 5 340 362 102 469 323 387 313 399 452 8
D 474 43 2 75 74 73 100
D 473 41 2 71 474 76 72
D 478 57 2 90 458 92 29
D 477 55 2 88 478 93 29
D 476 53 2 380 477 381 29
D 475 49 2 78 476 96 29
D 480 47 2 81 80 79 97
D 482 51 2 86 95 84 85
D 484 57 2 90 91 92 458
D 483 55 2 93 478 88 484
D 485 51 2 86 85 84 8
D 481 53 3 482 477 380 483 485 29
D 486 47 2 81 97 79 8
D 479 49 3 480 476 78 481 486 29
D 488 43 2 75 100 73 8
D 487 41 2 71 488 76 99
D 472 45 3 473 475 70 479 487 29
D 68 59 11 69 101 375 384 393 396 404 409 417 422 429 433 438 442 446 450 453 459 463 468 472 8
D 492 31 2 53 62 51 8
D 493 31 2 53 52 51 29
D 491 33 2 492 54 493 8
D 490 29 2 45 491 63 8
D 489 25 2 37 490 65 8
D 497 75 2 121 311 129 29
D 496 79 2 120 426 497 8
D 495 71 5 340 387 102 496 323 399 313 412 452 8
D 494 59 11 69 384 375 396 393 409 404 422 417 433 429 442 438 450 446 459 453 468 463 495 472 8
D 499 21 2 43 39 38 8
D 502 31 2 53 52 51 8
D 503 31 2 53 62 51 29
D 501 33 2 502 54 503 8
D 500 29 2 45 501 63 8
D 504 21 2 43 66 38 29
D 498 25 2 499 500 504 8
D 508 65 2 116 371 108 29
D 507 63 3 372 373 103 508 374 29
D 506 71 4 340 399 323 412 313 425 507 8
D 505 59 11 69 396 375 409 393 422 404 433 417 442 429 450 438 459 446 468 453 495 463 506 472 8
D 511 23 2 40 67 42 8
D 510 21 2 38 511 43 8
D 513 23 2 40 41 42 29
D 512 21 2 38 513 43 29
D 509 25 2 510 500 512 8
D 516 63 3 324 373 103 508 106 29
D 515 71 3 340 412 323 425 516 8
D 514 59 11 69 409 375 422 393 433 404 442 417 450 429 459 438 468 446 495 453 506 463 515 472 8
D 519 23 2 42 41 40 8
D 518 21 2 38 519 43 8
D 521 23 2 42 67 40 29
D 520 21 2 38 521 43 29
D 517 25 2 518 500 520 8
D 524 63 2 103 508 117 29
D 523 71 2 340 425 524 8
D 522 59 11 69 422 375 433 393 442 404 450 417 459 429 468 438 495 446 506 453 515 463 523 472 8
D 527 27 2 48 47 46 8
D 528 27 2 48 64 46 29
D 526 29 2 527 501 528 8
D 525 25 2 37 526 65 8
D 534 57 2 90 91 92 29
D 533 55 2 88 534 93 478
D 532 53 3 380 533 482 477 485 29
D 531 49 3 78 532 480 476 486 29
D 530 45 3 70 531 473 475 487 29
D 529 59 10 69 433 375 442 393 450 404 459 417 468 429 495 438 506 446 515 453 523 530 8
D 537 27 2 46 64 48 8
D 538 27 2 46 47 48 29
D 536 29 2 537 501 538 8
D 535 25 2 37 536 65 8
D 543 55 2 93 478 88 29
D 542 53 3 380 543 482 477 485 29
D 541 49 3 78 542 480 476 486 29
D 540 45 3 70 541 473 475 487 29
D 539 59 9 69 442 375 450 393 459 404 468 417 495 429 506 438 515 446 523 540 8
D 547 35 2 60 56 55 8
D 546 33 2 502 547 503 8
D 545 29 2 45 546 63 8
D 544 25 2 37 545 65 8
D 552 51 2 84 95 86 85
D 551 53 2 482 477 552 29
D 550 49 3 78 551 480 476 486 29
D 549 45 3 70 550 473 475 487 29
D 548 59 8 69 450 375 459 393 468 404 495 417 506 429 515 438 523 549 8
D 557 37 2 59 58 57 8
D 556 35 2 55 557 60 8
D 555 33 2 502 556 503 8
D 554 29 2 45 555 63 8
D 553 25 2 37 554 65 8
D 560 49 3 78 551 431 476 97 29
D 559 45 3 70 560 473 475 487 29
D 558 59 7 69 459 375 468 393 495 404 506 417 515 429 523 559 8
L 566 38 20
D 565 37 2 57 566 59 8
D 564 35 2 55 565 60 8
D 563 33 2 502 564 503 8
D 562 29 2 45 563 63 8
D 561 25 2 37 562 65 8
D 569 49 2 78 551 96 29
D 568 45 3 70 569 473 475 487 29
D 567 59 6 69 468 375 495 393 506 404 515 417 523 568 8
D 572 23 2 42 41 40 67
D 571 21 2 38 572 43 39
D 576 37 2 57 566 59 29
D 575 35 2 55 576 60 29
D 574 33 2 502 575 503 29
D 573 29 2 45 574 63 29
D 578 27 2 48 47 46 64
D 580 31 2 51 52 53 62
D 582 37 2 57 58 59 566
D 581 35 2 60 576 55 582
D 583 31 2 51 62 53 8
D 579 33 3 580 575 502 581 583 29
D 584 27 2 48 64 46 8
D 577 29 3 578 574 45 579 584 29
D 586 23 2 42 67 40 8
D 585 21 2 38 586 43 66
D 570 25 3 571 573 37 577 585 29
D 35 39 11 36 68 489 494 498 505 509 514 517 522 525 529 535 539 544 548 553 558 561 567 570 8
D 589 3 2 5 34 7 8
D 588 1 2 3 589 9 8
D 592 11 2 17 28 19 8
D 593 11 2 17 18 19 29
D 591 13 2 592 20 593 8
D 590 9 2 11 591 30 8
D 595 3 2 5 6 7 29
D 594 1 2 3 595 9 29
D 587 5 2 588 590 594 8
D 600 53 2 83 477 94 29
D 599 49 2 78 600 96 29
D 598 45 3 70 599 473 475 487 29
D 597 59 5 69 495 375 506 393 515 404 523 598 8
D 596 39 11 36 494 489 505 498 514 509 522 517 529 525 539 535 548 544 558 553 567 561 597 570 8
D 602 1 2 9 4 3 8
D 603 1 2 9 33 3 29
D 601 5 2 602 590 603 8
D 607 41 2 71 377 76 72
D 608 41 2 76 99 71 75
D 606 45 3 70 599 607 475 608 29
D 605 59 4 69 506 375 515 393 523 606 8
D 604 39 11 36 505 489 514 498 522 509 529 517 539 525 548 535 558 544 567 553 597 561 605 570 8
D 611 3 2 7 6 5 8
D 610 1 2 3 611 9 8
D 613 3 2 7 34 5 29
D 612 1 2 3 613 9 29
D 609 5 2 610 590 612 8
D 617 41 2 71 75 76 29
D 616 45 3 70 599 376 475 617 29
D 615 59 3 69 515 375 523 616 8
D 614 39 11 36 514 489 522 498 529 509 539 517 548 525 558 535 567 544 597 553 605 561 615 570 8
D 621 11 2 19 28 17 8
D 622 11 2 19 18 17 29
D 620 13 2 621 20 622 8
D 619 9 2 11 620 30 8
D 618 5 2 2 619 32 8
D 625 45 2 70 599 98 29
D 624 59 2 69 523 625 8
D 623 39 11 36 522 489 529 498 539 509 548 517 558 525 567 535 597 544 605 553 615 561 624 570 8
D 628 7 2 14 13 12 8
D 629 7 2 14 31 12 29
D 627 9 2 628 591 629 8
D 626 5 2 2 627 32 8
D 635 37 2 59 566 57 29
D 634 35 2 55 635 60 576
D 633 33 3 502 634 580 575 583 29
D 632 29 3 45 633 578 574 584 29
D 631 25 3 37 632 571 573 585 29
D 630 39 10 36 529 489 539 498 548 509 558 517 567 525 597 535 605 544 615 553 624 631 8
D 638 7 2 12 31 14 8
D 639 7 2 12 13 14 29
D 637 9 2 638 591 639 8
D 636 5 2 2 637 32 8
D 644 35 2 60 576 55 29
D 643 33 3 502 644 580 575 583 29
D 642 29 3 45 643 578 574 584 29
D 641 25 3 37 642 571 573 585 29
D 640 39 9 36 539 489 548 498 558 509 567 517 597 525 605 535 615 544 624 641 8
D 648 15 2 26 22 21 8
D 647 13 2 592 648 593 8
D 646 9 2 11 647 30 8
D 645 5 2 2 646 32 8
D 653 31 2 53 52 51 62
D 652 33 2 580 575 653 29
D 651 29 3 45 652 578 574 584 29
D 650 25 3 37 651 571 573 585 29
D 649 39 8 36 548 489 558 498 567 509 597 517 605 525 615 535 624 650 8
L 659 18 9
D 658 17 2 23 659 25 8
D 657 15 2 21 658 26 8
D 656 13 2 592 657 593 8
D 655 9 2 11 656 30 8
D 654 5 2 2 655 32 8
D 662 29 3 45 652 527 574 64 29
D 661 25 3 37 662 571 573 585 29
D 660 39 7 36 558 489 567 498 597 509 605 517 615 525 624 661 8
D 667 17 2 25 24 23 8
D 666 15 2 21 667 26 8
D 665 13 2 592 666 593 8
D 664 9 2 11 665 30 8
D 663 5 2 2 664 32 8
D 670 29 2 45 652 63 29
D 669 25 3 37 670 571 573 585 29
D 668 39 6 36 567 489 597 498 605 509 615 517 624 669 8
D 675 17 2 23 24 25 659
D 676 17 2 23 659 25 29
D 674 15 2 21 675 26 676
D 677 11 2 19 28 17 18
D 678 15 2 21 676 26 29
D 679 11 2 19 18 17 8
D 673 13 3 592 674 677 678 679 29
D 680 7 2 14 13 12 31
D 681 13 2 592 678 593 29
D 682 7 2 14 31 12 8
D 672 9 3 11 673 680 681 682 29
D 684 3 2 7 6 5 34
D 683 1 2 3 684 9 4
D 685 9 2 11 681 30 29
D 687 3 2 7 34 5 8
D 686 1 2 3 687 9 33
D 671 5 3 2 672 683 685 686 29
D 0 19 11 1 35 587 596 601 604 609 614 618 623 626 630 636 640 645 649 654 660 663 668 671 8
