c ids of sdd nodes start at 0
c sdd nodes appear bottom-up, children before parents
c
c file syntax:
c sdd count-of-sdd-nodes
c F id-of-false-sdd-node
c T id-of-true-sdd-node
c L id-of-literal-sdd-node id-of-vtree literal
c D id-of-decomposition-sdd-node id-of-vtree number-of-elements {id-of-prime id-of-sub}*
c
sdd 695
L 3 0 -3
L 5 2 -4
L 6 4 -2
L 7 2 4
F 8
D 4 3 2 5 6 7 8
L 9 0 3
D 2 1 2 3 4 9 8
L 12 6 -6
L 13 8 -7
L 14 6 6
D 11 7 2 12 13 14 8
L 17 10 -5
L 18 12 1
L 19 10 5
D 16 11 2 17 18 19 8
L 21 14 -8
L 23 16 -10
L 24 18 -9
L 25 16 10
D 22 17 2 23 24 25 8
L 26 14 8
D 20 15 2 21 22 26 8
L 28 12 -1
T 29
D 27 11 2 17 28 19 29
D 15 13 2 16 20 27 8
L 31 8 7
D 30 7 2 12 31 14 29
D 10 9 2 11 15 30 8
L 34 4 2
D 33 3 2 5 34 7 29
D 32 1 2 3 33 9 29
D 1 5 2 2 10 32 8
L 38 20 -13
L 40 22 -15
L 41 24 -14
L 42 22 15
D 39 23 2 40 41 42 8
L 43 20 13
D 37 21 2 38 39 43 8
L 46 26 -16
L 47 28 -17
L 48 26 16
D 45 27 2 46 47 48 8
L 51 30 11
L 52 32 -12
L 53 30 -11
D 50 31 2 51 52 53 8
L 55 34 -18
L 57 36 -19
L 58 38 -20
L 59 36 19
D 56 37 2 57 58 59 8
L 60 34 18
D 54 35 2 55 56 60 8
L 62 32 12
D 61 31 2 51 62 53 29
D 49 33 2 50 54 61 8
L 64 28 17
D 63 27 2 46 64 48 29
D 44 29 2 45 49 63 8
L 67 24 14
D 66 23 2 40 67 42 29
D 65 21 2 38 66 43 29
D 36 25 2 37 44 65 8
L 71 40 -23
L 73 42 -24
L 74 44 -22
L 75 42 24
D 72 43 2 73 74 75 8
L 76 40 23
D 70 41 2 71 72 76 8
L 79 46 -26
L 80 48 -27
L 81 46 26
D 78 47 2 79 80 81 8
L 84 50 -25
L 85 52 21
L 86 50 25
D 83 51 2 84 85 86 8
L 88 54 -28
L 90 56 -30
L 91 58 -29
L 92 56 30
D 89 57 2 90 91 92 8
L 93 54 28
D 87 55 2 88 89 93 8
L 95 52 -21
D 94 51 2 84 95 86 29
D 82 53 2 83 87 94 8
L 97 48 27
D 96 47 2 79 97 81 29
D 77 49 2 78 82 96 8
L 100 44 22
D 99 43 2 73 100 75 29
D 98 41 2 71 99 76 29
D 69 45 2 70 77 98 8
L 104 60 -33
L 105 62 -32
L 106 60 33
D 103 61 2 104 105 106 8
L 108 64 -31
L 110 66 -38
L 112 68 -40
L 113 70 -39
L 114 68 40
D 111 69 2 112 113 114 8
L 115 66 38
D 109 67 2 110 111 115 8
L 116 64 31
D 107 65 2 108 109 116 8
L 118 62 32
D 117 61 2 104 118 106 29
D 102 63 2 103 107 117 8
L 122 72 34
L 123 74 -35
L 124 72 -34
D 121 73 2 122 123 124 8
L 126 76 -37
L 127 78 -36
L 128 76 37
D 125 77 2 126 127 128 8
L 130 74 35
D 129 73 2 122 130 124 29
D 120 75 2 121 125 129 8
L 134 80 -46
L 135 82 -47
L 136 80 46
D 133 81 2 134 135 136 8
L 138 84 -48
L 140 86 -49
L 141 88 50
L 142 86 49
D 139 87 2 140 141 142 8
L 143 84 48
D 137 85 2 138 139 143 8
L 145 82 47
D 144 81 2 134 145 136 29
D 132 83 2 133 137 144 8
L 149 90 -41
L 150 92 -42
L 151 90 41
D 148 91 2 149 150 151 8
L 153 94 -43
L 155 96 -45
L 156 98 -44
L 157 96 45
D 154 97 2 155 156 157 8
L 158 94 43
D 152 95 2 153 154 158 8
L 160 92 42
D 159 91 2 149 160 151 29
D 147 93 2 148 152 159 8
L 163 100 -51
L 164 102 -52
L 165 100 51
D 162 101 2 163 164 165 8
L 168 104 53
L 169 106 -54
L 170 104 -53
D 167 105 2 168 169 170 8
L 172 108 -55
L 174 110 -56
L 176 112 -57
L 178 114 -58
L 180 116 -59
L 181 118 -60
L 182 116 59
D 179 117 2 180 181 182 8
L 183 114 58
D 177 115 2 178 179 183 8
L 184 112 57
D 175 113 2 176 177 184 8
L 185 110 56
D 173 111 2 174 175 185 8
L 186 108 55
D 171 109 2 172 173 186 8
L 188 106 54
D 187 105 2 168 188 170 29
D 166 107 2 167 171 187 8
L 190 102 52
D 189 101 2 163 190 165 29
D 161 103 2 162 166 189 8
L 194 98 44
D 193 97 2 155 194 157 29
D 192 95 2 153 193 158 29
D 191 93 2 148 192 159 29
D 146 99 2 147 161 191 8
L 198 88 -50
D 197 87 2 140 198 142 8
D 196 85 2 138 197 143 8
D 195 83 2 133 196 144 8
D 201 95 2 158 154 153 8
D 200 93 2 148 201 159 8
D 204 105 2 170 169 168 8
L 210 118 60
D 209 117 2 180 210 182 8
D 208 115 2 178 209 183 8
D 207 113 2 176 208 184 8
D 206 111 2 174 207 185 8
D 205 109 2 172 206 186 8
D 211 105 2 170 188 168 29
D 203 107 2 204 205 211 8
D 202 103 2 162 203 189 8
D 214 97 2 155 194 157 8
D 213 95 2 153 214 158 8
D 212 93 2 148 213 159 8
D 221 117 2 182 181 180 8
D 220 115 2 178 221 183 8
D 219 113 2 176 220 184 8
D 218 111 2 174 219 185 8
D 217 109 2 172 218 186 8
D 216 107 2 204 217 211 8
D 215 103 2 162 216 189 8
D 224 97 2 157 156 155 8
D 223 95 2 153 224 158 8
D 222 93 2 148 223 159 8
D 230 115 2 183 179 178 8
D 229 113 2 176 230 184 8
D 228 111 2 174 229 185 8
D 227 109 2 172 228 186 8
D 226 107 2 204 227 211 8
D 225 103 2 162 226 189 8
D 233 97 2 155 156 157 194
D 232 95 2 153 233 158 193
D 231 93 2 148 232 159 29
D 199 99 4 200 202 212 215 222 225 231 8
D 236 87 2 142 198 140 8
D 235 85 2 138 236 143 8
D 234 83 2 133 235 144 8
D 240 105 2 170 188 168 8
D 241 105 2 170 169 168 29
D 239 107 2 240 171 241 8
D 238 103 2 162 239 189 8
D 237 99 2 147 238 191 8
D 243 85 2 143 197 138 8
D 242 83 2 133 243 144 8
D 247 109 2 186 173 172 8
D 246 107 2 204 247 211 8
D 245 103 2 162 246 189 8
D 244 99 2 147 245 191 8
D 249 81 2 134 145 136 8
D 250 81 2 134 135 136 29
D 248 83 2 249 196 250 8
D 255 111 2 185 175 174 8
D 254 109 2 172 255 186 8
D 253 107 2 204 254 211 8
D 252 103 2 162 253 189 8
D 251 99 2 147 252 191 8
D 257 81 2 136 135 134 8
D 258 81 2 136 145 134 29
D 256 83 2 257 196 258 8
D 264 113 2 184 177 176 8
D 263 111 2 174 264 185 8
D 262 109 2 172 263 186 8
D 261 107 2 204 262 211 8
D 260 103 2 162 261 189 8
D 259 99 2 147 260 191 8
D 267 87 2 142 141 140 8
D 268 87 2 140 141 142 29
D 266 85 2 138 267 143 268
D 269 81 2 136 135 134 145
D 270 85 2 138 268 143 29
D 271 81 2 136 145 134 8
D 265 83 3 133 266 269 270 271 29
D 131 89 7 132 146 195 199 234 237 242 244 248 251 256 259 265 8
D 273 73 2 124 130 122 8
D 274 73 2 124 123 122 29
D 272 75 2 273 125 274 8
D 278 91 2 149 160 151 8
D 279 91 2 149 150 151 29
D 277 93 2 278 152 279 8
D 280 93 3 148 232 278 192 151 29
D 276 99 5 277 202 200 215 212 225 222 260 280 8
D 283 101 2 163 190 165 8
D 284 107 2 204 171 211 8
D 285 101 2 163 164 165 29
D 282 103 2 283 284 285 8
D 281 99 2 147 282 191 8
D 275 89 7 195 276 234 146 132 281 242 237 248 244 256 251 265 8
D 287 73 2 124 123 122 8
L 289 78 36
D 288 77 2 126 289 128 8
D 290 73 2 124 130 122 29
D 286 75 2 287 288 290 8
D 294 91 2 151 150 149 8
D 295 91 2 151 160 149 29
D 293 93 2 294 152 295 8
D 297 91 2 151 150 149 160
D 298 91 2 151 160 149 8
D 296 93 3 148 232 297 192 298 29
D 292 99 6 293 202 277 215 200 225 212 260 222 252 296 8
D 301 101 2 165 164 163 8
D 302 101 2 165 190 163 29
D 300 103 2 301 284 302 8
D 299 99 2 147 300 191 8
D 291 89 7 195 292 242 146 234 281 248 237 132 299 256 244 265 8
D 304 77 2 128 127 126 8
D 303 75 2 287 304 290 8
D 306 99 6 293 215 277 225 200 260 212 252 222 245 296 8
D 308 85 2 143 268 138 141
D 307 83 3 133 308 269 270 271 29
D 305 89 6 195 306 248 146 242 281 256 237 234 299 307 8
D 310 77 2 126 127 128 289
D 311 73 2 122 123 124 130
D 312 77 2 126 289 128 29
D 313 73 2 122 130 124 8
D 309 75 3 287 310 311 312 313 29
D 119 79 5 120 131 272 275 286 291 303 305 309 8
D 315 61 2 106 105 104 8
D 316 61 2 106 118 104 29
D 314 63 2 315 107 316 8
D 318 75 2 287 125 290 8
D 322 95 2 153 233 158 29
D 321 93 2 148 322 159 29
D 320 99 3 212 202 222 215 321 8
D 323 99 2 147 225 191 8
D 319 89 7 132 237 195 320 234 244 242 251 248 259 256 323 265 8
D 324 75 2 287 312 290 29
D 317 79 2 318 319 324 8
D 327 67 2 115 111 110 8
D 326 65 2 108 327 116 8
D 325 63 2 103 326 117 8
D 330 99 6 293 225 277 260 200 252 212 245 222 238 296 8
D 331 83 3 269 270 133 268 271 29
D 329 89 5 195 330 256 146 248 281 242 299 331 8
D 328 79 2 318 329 324 8
L 336 70 39
D 335 69 2 112 336 114 8
D 334 67 2 110 335 115 8
D 333 65 2 108 334 116 8
D 332 63 2 103 333 117 8
D 339 99 6 293 260 277 252 200 245 212 238 222 161 296 8
D 341 81 2 136 135 134 29
D 340 83 2 341 270 271 29
D 338 89 4 256 281 195 339 248 299 340 8
D 337 79 2 318 338 324 8
D 343 61 2 104 118 106 8
D 344 61 2 104 105 106 29
D 342 63 2 343 107 344 8
D 350 97 2 157 194 155 29
D 349 95 2 153 350 158 29
D 348 93 2 148 349 159 29
D 347 99 2 222 202 348 8
D 351 99 2 147 215 191 8
D 346 89 7 132 244 195 347 234 251 242 259 248 323 256 351 265 8
D 345 79 2 318 346 324 8
D 355 69 2 114 113 112 8
D 354 67 2 110 355 115 8
D 353 65 2 108 354 116 8
D 352 63 2 103 353 117 8
D 358 99 6 293 252 277 245 200 238 212 161 222 282 296 8
D 359 83 2 135 270 145 29
D 357 89 3 256 299 195 358 359 8
D 356 79 2 318 357 324 8
D 361 65 2 116 109 108 8
D 360 63 2 103 361 117 8
D 364 99 2 147 202 191 8
D 367 87 2 140 198 142 141
D 366 85 2 138 367 143 268
D 365 83 3 133 366 269 270 271 29
D 363 89 6 132 251 234 259 242 323 248 351 256 364 365 8
D 362 79 2 318 363 324 8
D 371 69 2 114 336 112 8
D 372 69 2 112 336 114 29
D 370 67 2 110 371 115 372
D 373 67 2 110 372 115 29
D 369 65 2 108 370 116 373
D 374 61 2 106 105 104 118
D 375 65 2 108 373 116 29
D 376 61 2 106 118 104 8
D 368 63 3 103 369 374 375 376 29
D 101 71 8 102 119 314 317 325 328 332 337 342 345 352 356 360 362 368 8
D 379 43 2 73 100 75 8
D 378 41 2 71 379 76 8
D 382 51 2 84 95 86 8
D 383 51 2 84 85 86 29
D 381 53 2 382 87 383 8
D 380 49 2 78 381 96 8
D 385 43 2 73 74 75 29
D 384 41 2 71 385 76 29
D 377 45 2 378 380 384 8
D 387 79 5 120 275 272 291 286 305 303 329 309 8
D 388 79 2 318 131 324 8
D 391 99 6 293 245 277 238 200 161 212 282 222 300 296 8
D 392 83 2 133 270 144 29
D 390 89 2 195 391 392 8
D 389 79 2 318 390 324 8
D 386 71 8 102 387 314 388 342 317 325 337 360 345 332 356 352 389 368 8
D 394 41 2 76 72 71 8
D 395 41 2 76 99 71 29
D 393 45 2 394 380 395 8
D 397 79 5 120 291 272 305 286 329 303 338 309 8
D 398 79 2 318 275 324 8
D 404 97 2 155 156 157 29
D 403 95 2 153 404 158 193
D 402 93 3 148 403 297 192 298 29
D 401 99 5 293 238 277 161 200 282 212 300 402 8
D 400 89 2 195 401 392 8
D 399 79 2 318 400 324 8
D 396 71 8 102 397 314 398 342 388 360 317 325 356 332 389 352 399 368 8
D 407 43 2 75 74 73 8
D 406 41 2 71 407 76 8
D 409 43 2 75 100 73 29
D 408 41 2 71 409 76 29
D 405 45 2 406 380 408 8
D 411 79 5 120 305 272 329 286 338 303 357 309 8
D 412 79 2 318 291 324 8
D 417 95 2 158 193 153 29
D 416 93 3 148 417 297 192 298 29
D 415 99 4 293 161 277 282 200 300 416 8
D 414 89 2 195 415 392 8
D 413 79 2 318 414 324 8
D 410 71 8 102 411 314 412 342 398 360 388 325 389 332 399 352 413 368 8
D 421 51 2 86 95 84 8
D 422 51 2 86 85 84 29
D 420 53 2 421 87 422 8
D 419 49 2 78 420 96 8
D 418 45 2 70 419 98 8
D 424 79 5 120 329 272 338 286 357 303 390 309 8
D 425 79 2 318 305 324 8
D 430 91 2 149 150 151 160
D 429 93 2 297 192 430 29
D 428 99 3 293 282 277 300 429 8
D 427 89 2 195 428 392 8
D 426 79 2 318 427 324 8
D 423 71 8 102 424 342 412 360 398 314 425 325 399 332 413 352 426 368 8
D 433 47 2 81 80 79 8
D 434 47 2 81 97 79 29
D 432 49 2 433 381 434 8
D 431 45 2 70 432 98 8
D 436 79 5 120 338 272 357 286 390 303 400 309 8
D 440 93 2 294 192 295 29
D 439 99 2 293 300 440 8
D 438 89 2 195 439 392 8
D 437 79 2 318 438 324 8
D 435 71 8 360 412 102 436 342 425 314 328 325 413 332 426 352 437 368 8
D 443 47 2 79 97 81 8
D 444 47 2 79 80 81 29
D 442 49 2 443 381 444 8
D 441 45 2 70 442 98 8
D 446 79 5 120 357 272 390 286 400 303 414 309 8
D 449 67 2 115 372 110 114
D 448 65 2 108 449 116 373
D 447 63 3 103 448 374 375 376 29
D 445 71 7 360 425 102 446 342 328 314 337 325 426 332 437 447 8
D 453 55 2 93 89 88 8
D 452 53 2 382 453 383 8
D 451 49 2 78 452 96 8
D 450 45 2 70 451 98 8
D 455 79 5 120 390 272 400 286 414 303 427 309 8
D 457 65 2 116 373 108 372
D 456 63 3 103 457 374 375 376 29
D 454 71 6 360 328 102 455 342 337 314 356 325 437 456 8
L 463 58 29
D 462 57 2 90 463 92 8
D 461 55 2 88 462 93 8
D 460 53 2 382 461 383 8
D 459 49 2 78 460 96 8
D 458 45 2 70 459 98 8
D 465 79 5 120 400 272 414 286 427 303 438 309 8
D 466 63 3 374 375 103 373 376 29
D 464 71 5 360 337 102 465 342 356 314 389 466 8
D 471 57 2 92 91 90 8
D 470 55 2 88 471 93 8
D 469 53 2 382 470 383 8
D 468 49 2 78 469 96 8
D 467 45 2 70 468 98 8
D 475 77 2 126 127 128 29
D 474 75 3 287 475 311 312 313 29
D 473 79 4 120 414 272 427 286 438 474 8
D 472 71 5 360 356 102 473 342 389 314 399 466 8
D 478 43 2 75 74 73 100
D 477 41 2 71 478 76 72
D 482 57 2 90 463 92 29
D 481 55 2 88 482 93 29
D 480 53 2 382 481 383 29
D 479 49 2 78 480 96 29
D 484 47 2 81 80 79 97
D 486 51 2 86 95 84 85
D 488 57 2 90 91 92 463
D 487 55 2 93 482 88 488
D 489 51 2 86 85 84 8
D 485 53 3 486 481 382 487 489 29
D 490 47 2 81 97 79 8
D 483 49 3 484 480 78 485 490 29
D 492 43 2 75 100 73 8
D 491 41 2 71 492 76 99
D 476 45 3 477 479 70 483 491 29
D 68 59 11 69 101 377 386 393 396 405 410 418 423 431 435 441 445 450 454 458 464 467 472 476 8
D 496 31 2 53 62 51 8
D 497 31 2 53 52 51 29
D 495 33 2 496 54 497 8
D 494 29 2 45 495 63 8
D 493 25 2 37 494 65 8
D 502 73 2 124 123 122 130
D 501 75 2 311 312 502 29
D 500 79 3 120 427 272 438 501 8
D 499 71 5 360 389 102 500 342 399 314 413 466 8
D 498 59 11 69 386 377 396 393 410 405 423 418 435 431 445 441 454 450 464 458 472 467 499 476 8
D 504 21 2 43 39 38 8
D 507 31 2 53 52 51 8
D 508 31 2 53 62 51 29
D 506 33 2 507 54 508 8
D 505 29 2 45 506 63 8
D 509 21 2 43 66 38 29
D 503 25 2 504 505 509 8
D 513 75 2 121 312 129 29
D 512 79 2 120 438 513 8
D 511 71 5 360 399 102 512 342 413 314 426 466 8
D 510 59 11 69 396 377 410 393 423 405 435 418 445 431 454 441 464 450 472 458 499 467 511 476 8
D 516 23 2 40 67 42 8
D 515 21 2 38 516 43 8
D 518 23 2 40 41 42 29
D 517 21 2 38 518 43 29
D 514 25 2 515 505 517 8
D 522 65 2 116 373 108 29
D 521 63 3 374 375 103 522 376 29
D 520 71 4 360 413 342 426 314 437 521 8
D 519 59 11 69 410 377 423 393 435 405 445 418 454 431 464 441 472 450 499 458 511 467 520 476 8
D 525 23 2 42 41 40 8
D 524 21 2 38 525 43 8
D 527 23 2 42 67 40 29
D 526 21 2 38 527 43 29
D 523 25 2 524 505 526 8
D 530 63 3 343 375 103 522 106 29
D 529 71 3 360 426 342 437 530 8
D 528 59 11 69 423 377 435 393 445 405 454 418 464 431 472 441 499 450 511 458 520 467 529 476 8
D 533 27 2 48 47 46 8
D 534 27 2 48 64 46 29
D 532 29 2 533 506 534 8
D 531 25 2 37 532 65 8
D 537 63 2 103 522 117 29
D 536 71 2 360 437 537 8
D 535 59 11 69 435 377 445 393 454 405 464 418 472 431 499 441 511 450 520 458 529 467 536 476 8
D 540 27 2 46 64 48 8
D 541 27 2 46 47 48 29
D 539 29 2 540 506 541 8
D 538 25 2 37 539 65 8
D 547 57 2 90 91 92 29
D 546 55 2 88 547 93 482
D 545 53 3 382 546 486 481 489 29
D 544 49 3 78 545 484 480 490 29
D 543 45 3 70 544 477 479 491 29
D 542 59 10 69 445 377 454 393 464 405 472 418 499 431 511 441 520 450 529 458 536 543 8
D 551 35 2 60 56 55 8
D 550 33 2 507 551 508 8
D 549 29 2 45 550 63 8
D 548 25 2 37 549 65 8
D 556 55 2 93 482 88 29
D 555 53 3 382 556 486 481 489 29
D 554 49 3 78 555 484 480 490 29
D 553 45 3 70 554 477 479 491 29
D 552 59 9 69 454 377 464 393 472 405 499 418 511 431 520 441 529 450 536 553 8
D 561 37 2 59 58 57 8
D 560 35 2 55 561 60 8
D 559 33 2 507 560 508 8
D 558 29 2 45 559 63 8
D 557 25 2 37 558 65 8
D 566 51 2 84 95 86 85
D 565 53 2 486 481 566 29
D 564 49 3 78 565 484 480 490 29
D 563 45 3 70 564 477 479 491 29
D 562 59 8 69 464 377 472 393 499 405 511 418 520 431 529 441 536 563 8
L 572 38 20
D 571 37 2 57 572 59 8
D 570 35 2 55 571 60 8
D 569 33 2 507 570 508 8
D 568 29 2 45 569 63 8
D 567 25 2 37 568 65 8
D 575 49 3 78 565 433 480 97 29
D 574 45 3 70 575 477 479 491 29
D 573 59 7 69 472 377 499 393 511 405 520 418 529 431 536 574 8
D 578 23 2 42 41 40 67
D 577 21 2 38 578 43 39
D 582 37 2 57 572 59 29
D 581 35 2 55 582 60 29
D 580 33 2 507 581 508 29
D 579 29 2 45 580 63 29
D 584 27 2 48 47 46 64
D 586 31 2 51 52 53 62
D 588 37 2 57 58 59 572
D 587 35 2 60 582 55 588
D 589 31 2 51 62 53 8
D 585 33 3 586 581 507 587 589 29
D 590 27 2 48 64 46 8
D 583 29 3 584 580 45 585 590 29
D 592 23 2 42 67 40 8
D 591 21 2 38 592 43 66
D 576 25 3 577 579 37 583 591 29
D 35 39 11 36 68 493 498 503 510 514 519 523 528 531 535 538 542 548 552 557 562 567 573 576 8
D 595 3 2 5 34 7 8
D 594 1 2 3 595 9 8
D 598 11 2 17 28 19 8
D 599 11 2 17 18 19 29
D 597 13 2 598 20 599 8
D 596 9 2 11 597 30 8
D 601 3 2 5 6 7 29
D 600 1 2 3 601 9 29
D 593 5 2 594 596 600 8
D 605 49 2 78 565 96 29
D 604 45 3 70 605 477 479 491 29
D 603 59 6 69 499 377 511 393 520 405 529 418 536 604 8
D 602 39 11 36 498 493 510 503 519 514 528 523 535 531 542 538 552 548 562 557 573 567 603 576 8
D 607 1 2 9 4 3 8
D 608 1 2 9 33 3 29
D 606 5 2 607 596 608 8
D 613 53 2 83 481 94 29
D 612 49 2 78 613 96 29
D 611 45 3 70 612 477 479 491 29
D 610 59 5 69 511 377 520 393 529 405 536 611 8
D 609 39 11 36 510 493 519 503 528 514 535 523 542 531 552 538 562 548 573 557 603 567 610 576 8
D 616 3 2 7 6 5 8
D 615 1 2 3 616 9 8
D 618 3 2 7 34 5 29
D 617 1 2 3 618 9 29
D 614 5 2 615 596 617 8
D 622 41 2 71 379 76 72
D 623 41 2 76 99 71 75
D 621 45 3 70 612 622 479 623 29
D 620 59 4 69 520 377 529 393 536 621 8
D 619 39 11 36 519 493 528 503 535 514 542 523 552 531 562 538 573 548 603 557 610 567 620 576 8
D 627 11 2 19 28 17 8
D 628 11 2 19 18 17 29
D 626 13 2 627 20 628 8
D 625 9 2 11 626 30 8
D 624 5 2 2 625 32 8
D 632 41 2 71 75 76 29
D 631 45 3 70 612 378 479 632 29
D 630 59 3 69 529 377 536 631 8
D 629 39 11 36 528 493 535 503 542 514 552 523 562 531 573 538 603 548 610 557 620 567 630 576 8
D 635 7 2 14 13 12 8
D 636 7 2 14 31 12 29
D 634 9 2 635 597 636 8
D 633 5 2 2 634 32 8
D 639 45 2 70 612 98 29
D 638 59 2 69 536 639 8
D 637 39 11 36 535 493 542 503 552 514 562 523 573 531 603 538 610 548 620 557 630 567 638 576 8
D 642 7 2 12 31 14 8
D 643 7 2 12 13 14 29
D 641 9 2 642 597 643 8
D 640 5 2 2 641 32 8
D 649 37 2 59 572 57 29
D 648 35 2 55 649 60 582
D 647 33 3 507 648 586 581 589 29
D 646 29 3 45 647 584 580 590 29
D 645 25 3 37 646 577 579 591 29
D 644 39 10 36 542 493 552 503 562 514 573 523 603 531 610 538 620 548 630 557 638 645 8
D 653 15 2 26 22 21 8
D 652 13 2 598 653 599 8
D 651 9 2 11 652 30 8
D 650 5 2 2 651 32 8
D 658 35 2 60 582 55 29
D 657 33 3 507 658 586 581 589 29
D 656 29 3 45 657 584 580 590 29
D 655 25 3 37 656 577 579 591 29
D 654 39 9 36 552 493 562 503 573 514 603 523 610 531 620 538 630 548 638 655 8
L 664 18 9
D 663 17 2 23 664 25 8
D 662 15 2 21 663 26 8
D 661 13 2 598 662 599 8
D 660 9 2 11 661 30 8
D 659 5 2 2 660 32 8
D 669 31 2 53 52 51 62
D 668 33 2 586 581 669 29
D 667 29 3 45 668 584 580 590 29
D 666 25 3 37 667 577 579 591 29
D 665 39 8 36 562 493 573 503 603 514 610 523 620 531 630 538 638 666 8
D 674 17 2 25 24 23 8
D 673 15 2 21 674 26 8
D 672 13 2 598 673 599 8
D 671 9 2 11 672 30 8
D 670 5 2 2 671 32 8
D 677 29 3 45 668 533 580 64 29
D 676 25 3 37 677 577 579 591 29
D 675 39 7 36 573 493 603 503 610 514 620 523 630 531 638 676 8
D 682 17 2 23 24 25 664
D 683 17 2 23 664 25 29
D 681 15 2 21 682 26 683
D 684 11 2 19 28 17 18
D 685 15 2 21 683 26 29
D 686 11 2 19 18 17 8
D 680 13 3 598 681 684 685 686 29
D 687 7 2 14 13 12 31
D 688 13 2 598 685 599 29
D 689 7 2 14 31 12 8
D 679 9 3 11 680 687 688 689 29
D 691 3 2 7 6 5 34
D 690 1 2 3 691 9 4
D 692 9 2 11 688 30 29
D 694 3 2 7 34 5 8
D 693 1 2 3 694 9 33
D 678 5 3 2 679 690 692 693 29
D 0 19 11 1 35 593 602 606 609 614 619 624 629 633 637 640 644 650 654 659 665 670 675 678 8
