c ids of sdd nodes start at 0
c sdd nodes appear bottom-up, children before parents
c
c file syntax:
c sdd count-of-sdd-nodes
c F id-of-false-sdd-node
c T id-of-true-sdd-node
c L id-of-literal-sdd-node id-of-vtree literal
c D id-of-decomposition-sdd-node id-of-vtree number-of-elements {id-of-prime id-of-sub}*
c
sdd 701
L 3 0 -3
L 5 2 -4
L 6 4 -2
L 7 2 4
F 8
D 4 3 2 5 6 7 8
L 9 0 3
D 2 1 2 3 4 9 8
L 12 6 -6
L 13 8 -7
L 14 6 6
D 11 7 2 12 13 14 8
L 17 10 -5
L 18 12 1
L 19 10 5
D 16 11 2 17 18 19 8
L 21 14 -8
L 23 16 -10
L 24 18 -9
L 25 16 10
D 22 17 2 23 24 25 8
L 26 14 8
D 20 15 2 21 22 26 8
L 28 12 -1
T 29
D 27 11 2 17 28 19 29
D 15 13 2 16 20 27 8
L 31 8 7
D 30 7 2 12 31 14 29
D 10 9 2 11 15 30 8
L 34 4 2
D 33 3 2 5 34 7 29
D 32 1 2 3 33 9 29
D 1 5 2 2 10 32 8
L 38 20 -13
L 40 22 -15
L 41 24 -14
L 42 22 15
D 39 23 2 40 41 42 8
L 43 20 13
D 37 21 2 38 39 43 8
L 46 26 -16
L 47 28 -17
L 48 26 16
D 45 27 2 46 47 48 8
L 51 30 11
L 52 32 -12
L 53 30 -11
D 50 31 2 51 52 53 8
L 55 34 -18
L 57 36 -19
L 58 38 -20
L 59 36 19
D 56 37 2 57 58 59 8
L 60 34 18
D 54 35 2 55 56 60 8
L 62 32 12
D 61 31 2 51 62 53 29
D 49 33 2 50 54 61 8
L 64 28 17
D 63 27 2 46 64 48 29
D 44 29 2 45 49 63 8
L 67 24 14
D 66 23 2 40 67 42 29
D 65 21 2 38 66 43 29
D 36 25 2 37 44 65 8
L 71 40 -23
L 73 42 -24
L 74 44 -22
L 75 42 24
D 72 43 2 73 74 75 8
L 76 40 23
D 70 41 2 71 72 76 8
L 79 46 -26
L 80 48 -27
L 81 46 26
D 78 47 2 79 80 81 8
L 84 50 -25
L 85 52 21
L 86 50 25
D 83 51 2 84 85 86 8
L 88 54 -28
L 90 56 -30
L 91 58 -29
L 92 56 30
D 89 57 2 90 91 92 8
L 93 54 28
D 87 55 2 88 89 93 8
L 95 52 -21
D 94 51 2 84 95 86 29
D 82 53 2 83 87 94 8
L 97 48 27
D 96 47 2 79 97 81 29
D 77 49 2 78 82 96 8
L 100 44 22
D 99 43 2 73 100 75 29
D 98 41 2 71 99 76 29
D 69 45 2 70 77 98 8
L 104 60 -33
L 105 62 -32
L 106 60 33
D 103 61 2 104 105 106 8
L 108 64 -31
L 110 66 -38
L 112 68 -40
L 113 70 -39
L 114 68 40
D 111 69 2 112 113 114 8
L 115 66 38
D 109 67 2 110 111 115 8
L 116 64 31
D 107 65 2 108 109 116 8
L 118 62 32
D 117 61 2 104 118 106 29
D 102 63 2 103 107 117 8
L 122 72 34
L 123 74 -35
L 124 72 -34
D 121 73 2 122 123 124 8
L 126 76 -37
L 127 78 -36
L 128 76 37
D 125 77 2 126 127 128 8
L 130 74 35
D 129 73 2 122 130 124 29
D 120 75 2 121 125 129 8
L 134 80 -46
L 135 82 -47
L 136 80 46
D 133 81 2 134 135 136 8
L 138 84 -48
L 140 86 -49
L 141 88 50
L 142 86 49
D 139 87 2 140 141 142 8
L 143 84 48
D 137 85 2 138 139 143 8
L 145 82 47
D 144 81 2 134 145 136 29
D 132 83 2 133 137 144 8
L 149 90 -41
L 150 92 -42
L 151 90 41
D 148 91 2 149 150 151 8
L 153 94 -43
L 155 96 -45
L 156 98 -44
L 157 96 45
D 154 97 2 155 156 157 8
L 158 94 43
D 152 95 2 153 154 158 8
L 160 92 42
D 159 91 2 149 160 151 29
D 147 93 2 148 152 159 8
L 163 100 -51
L 164 102 -52
L 165 100 51
D 162 101 2 163 164 165 8
L 168 104 -53
L 169 106 -54
L 170 104 53
D 167 105 2 168 169 170 8
L 172 108 55
L 174 110 -56
L 176 112 -57
L 178 114 -58
L 180 116 -59
L 181 118 -60
L 182 116 59
D 179 117 2 180 181 182 8
L 183 114 58
D 177 115 2 178 179 183 8
L 184 112 57
D 175 113 2 176 177 184 8
L 185 110 56
D 173 111 2 174 175 185 8
L 186 108 -55
D 171 109 2 172 173 186 8
L 188 106 54
D 187 105 2 168 188 170 29
D 166 107 2 167 171 187 8
L 190 102 52
D 189 101 2 163 190 165 29
D 161 103 2 162 166 189 8
L 194 98 44
D 193 97 2 155 194 157 29
D 192 95 2 153 193 158 29
D 191 93 2 148 192 159 29
D 146 99 2 147 161 191 8
L 198 88 -50
D 197 87 2 140 198 142 8
D 196 85 2 138 197 143 8
D 195 83 2 133 196 144 8
D 202 97 2 157 156 155 8
D 201 95 2 153 202 158 8
D 200 93 2 148 201 159 8
L 210 118 60
D 209 117 2 180 210 182 8
D 208 115 2 178 209 183 8
D 207 113 2 176 208 184 8
D 206 111 2 174 207 185 8
D 205 109 2 186 206 172 8
D 204 107 2 167 205 187 8
D 203 103 2 162 204 189 8
D 213 97 2 157 194 155 29
D 212 95 2 153 213 158 29
D 211 93 2 148 212 159 29
D 199 99 2 200 203 211 8
D 216 87 2 142 198 140 8
D 215 85 2 138 216 143 8
D 214 83 2 133 215 144 8
D 221 111 2 185 175 174 8
D 220 109 2 186 221 172 8
D 219 107 2 167 220 187 8
D 218 103 2 162 219 189 8
D 217 99 2 147 218 191 8
D 223 85 2 143 197 138 8
D 222 83 2 133 223 144 8
D 229 113 2 184 177 176 8
D 228 111 2 174 229 185 8
D 227 109 2 186 228 172 8
D 226 107 2 167 227 187 8
D 225 103 2 162 226 189 8
D 224 99 2 147 225 191 8
D 231 81 2 134 145 136 8
D 232 81 2 134 135 136 29
D 230 83 2 231 196 232 8
D 239 115 2 183 179 178 8
D 238 113 2 176 239 184 8
D 237 111 2 174 238 185 8
D 236 109 2 186 237 172 8
D 235 107 2 167 236 187 8
D 234 103 2 162 235 189 8
D 233 99 2 147 234 191 8
D 241 81 2 136 135 134 8
D 242 81 2 136 145 134 29
D 240 83 2 241 196 242 8
D 250 117 2 182 181 180 8
D 249 115 2 178 250 183 8
D 248 113 2 176 249 184 8
D 247 111 2 174 248 185 8
D 246 109 2 186 247 172 8
D 245 107 2 167 246 187 8
D 244 103 2 162 245 189 8
D 243 99 2 147 244 191 8
D 253 87 2 142 141 140 8
D 254 87 2 140 141 142 29
D 252 85 2 138 253 143 254
D 255 81 2 136 135 134 145
D 256 85 2 138 254 143 29
D 257 81 2 136 145 134 8
D 251 83 3 133 252 255 256 257 29
D 131 89 7 132 146 195 199 214 217 222 224 230 233 240 243 251 8
D 259 73 2 124 130 122 8
D 260 73 2 124 123 122 29
D 258 75 2 259 125 260 8
D 265 105 2 168 188 170 8
D 266 109 2 186 173 172 8
D 267 105 2 168 169 170 29
D 264 107 2 265 266 267 8
D 263 103 2 162 264 189 8
D 262 99 2 147 263 191 8
D 271 97 2 155 194 157 8
D 270 95 2 153 271 158 8
D 269 93 2 148 270 159 8
D 274 97 2 155 156 157 194
D 273 95 2 153 274 158 29
D 272 93 2 148 273 159 29
D 268 99 3 269 203 200 244 272 8
D 261 89 7 132 262 195 268 214 146 222 217 230 224 240 233 251 8
D 276 73 2 124 123 122 8
L 278 78 36
D 277 77 2 126 278 128 8
D 279 73 2 124 130 122 29
D 275 75 2 276 277 279 8
D 284 105 2 170 169 168 8
D 285 105 2 170 188 168 29
D 283 107 2 284 266 285 8
D 282 103 2 162 283 189 8
D 281 99 2 147 282 191 8
D 288 95 2 158 154 153 8
D 287 93 2 148 288 159 8
D 290 95 2 153 274 158 193
D 289 93 2 148 290 159 29
D 286 99 4 287 203 269 244 200 234 289 8
D 280 89 7 132 281 195 286 214 262 222 146 230 217 240 224 251 8
D 292 77 2 128 127 126 8
D 291 75 2 276 292 279 8
D 296 91 2 149 160 151 8
D 297 91 2 149 150 151 29
D 295 93 2 296 152 297 8
D 298 93 3 148 290 296 192 151 29
D 294 99 5 295 203 287 244 269 234 200 225 298 8
D 301 101 2 163 190 165 8
D 302 107 2 167 266 187 8
D 303 101 2 163 164 165 29
D 300 103 2 301 302 303 8
D 299 99 2 147 300 191 8
D 293 89 7 195 294 214 281 132 299 222 262 230 146 240 217 251 8
D 305 77 2 126 127 128 278
D 306 73 2 122 123 124 130
D 307 77 2 126 278 128 29
D 308 73 2 122 130 124 8
D 304 75 3 276 305 306 307 308 29
D 119 79 5 120 131 258 261 275 280 291 293 304 8
D 311 67 2 115 111 110 8
D 310 65 2 108 311 116 8
D 309 63 2 103 310 117 8
D 313 75 2 276 125 279 8
D 317 91 2 151 150 149 8
D 318 91 2 151 160 149 29
D 316 93 2 317 152 318 8
D 320 91 2 151 150 149 160
D 321 91 2 151 160 149 8
D 319 93 3 148 290 320 192 321 29
D 315 99 6 316 203 295 244 287 234 269 225 200 218 319 8
D 324 101 2 165 164 163 8
D 325 101 2 165 190 163 29
D 323 103 2 324 302 325 8
D 322 99 2 147 323 191 8
D 314 89 7 195 315 222 281 214 299 230 262 132 322 240 146 251 8
D 326 75 2 276 307 279 29
D 312 79 2 313 314 326 8
L 331 70 39
D 330 69 2 112 331 114 8
D 329 67 2 110 330 115 8
D 328 65 2 108 329 116 8
D 327 63 2 103 328 117 8
D 334 99 6 316 244 295 234 287 225 269 218 200 161 319 8
D 336 85 2 143 254 138 141
D 335 83 3 133 336 255 256 257 29
D 333 89 6 195 334 230 281 222 299 240 262 214 322 335 8
D 332 79 2 313 333 326 8
D 340 69 2 114 113 112 8
D 339 67 2 110 340 115 8
D 338 65 2 108 339 116 8
D 337 63 2 103 338 117 8
D 343 99 6 316 234 295 225 287 218 269 161 200 263 319 8
D 344 83 3 255 256 133 254 257 29
D 342 89 5 195 343 240 281 230 299 222 322 344 8
D 341 79 2 313 342 326 8
D 346 61 2 106 105 104 8
D 347 61 2 106 118 104 29
D 345 63 2 346 107 347 8
D 350 99 2 147 203 191 8
D 353 87 2 140 198 142 141
D 352 85 2 138 353 143 254
D 351 83 3 133 352 255 256 257 29
D 349 89 6 132 217 214 224 222 233 230 243 240 350 351 8
D 348 79 2 313 349 326 8
D 355 61 2 104 118 106 8
D 356 61 2 104 105 106 29
D 354 63 2 355 107 356 8
D 359 83 3 133 352 231 256 136 29
D 358 89 5 132 224 214 233 222 243 230 350 359 8
D 357 79 2 313 358 326 8
D 361 65 2 116 109 108 8
D 360 63 2 103 361 117 8
D 364 83 2 133 352 144 29
D 363 89 4 132 233 214 243 222 350 364 8
D 362 79 2 313 363 326 8
D 368 69 2 114 331 112 8
D 369 69 2 112 331 114 29
D 367 67 2 110 368 115 369
D 370 67 2 110 369 115 29
D 366 65 2 108 367 116 370
D 371 61 2 106 105 104 118
D 372 65 2 108 370 116 29
D 373 61 2 106 118 104 8
D 365 63 3 103 366 371 372 373 29
D 101 71 8 102 119 309 312 327 332 337 341 345 348 354 357 360 362 365 8
D 376 43 2 73 100 75 8
D 375 41 2 71 376 76 8
D 379 51 2 84 95 86 8
D 380 51 2 84 85 86 29
D 378 53 2 379 87 380 8
D 377 49 2 78 378 96 8
D 382 43 2 73 74 75 29
D 381 41 2 71 382 76 29
D 374 45 2 375 377 381 8
D 384 79 5 120 261 258 280 275 293 291 314 304 8
D 387 99 6 316 225 295 218 287 161 269 263 200 282 319 8
D 389 81 2 136 135 134 29
D 388 83 2 389 256 257 29
D 386 89 4 240 299 195 387 230 322 388 8
D 385 79 2 313 386 326 8
D 390 79 2 313 131 326 8
D 383 71 8 102 384 309 332 327 341 337 385 345 390 354 348 360 357 365 8
D 392 41 2 76 72 71 8
D 393 41 2 76 99 71 29
D 391 45 2 392 377 393 8
D 395 79 5 120 280 258 293 275 314 291 333 304 8
D 396 79 2 313 261 326 8
D 399 99 6 316 218 295 161 287 263 269 282 200 300 319 8
D 400 83 2 135 256 145 29
D 398 89 3 240 322 195 399 400 8
D 397 79 2 313 398 326 8
D 394 71 8 102 395 345 396 309 341 327 385 354 390 337 397 360 348 365 8
D 403 43 2 75 74 73 8
D 402 41 2 71 403 76 8
D 405 43 2 75 100 73 29
D 404 41 2 71 405 76 29
D 401 45 2 402 377 404 8
D 407 79 5 120 293 258 314 275 333 291 342 304 8
D 408 79 2 313 280 326 8
D 411 99 6 316 161 295 263 287 282 269 300 200 323 319 8
D 412 83 2 133 256 144 29
D 410 89 2 195 411 412 8
D 409 79 2 313 410 326 8
D 406 71 8 102 407 345 408 354 396 309 385 360 390 327 397 337 409 365 8
D 416 51 2 86 95 84 8
D 417 51 2 86 85 84 29
D 415 53 2 416 87 417 8
D 414 49 2 78 415 96 8
D 413 45 2 70 414 98 8
D 419 79 5 120 314 258 333 275 342 291 386 304 8
D 420 79 2 313 293 326 8
D 426 97 2 155 156 157 29
D 425 95 2 153 426 158 193
D 424 93 3 148 425 320 192 321 29
D 423 99 5 316 263 295 282 287 300 269 323 424 8
D 422 89 2 195 423 412 8
D 421 79 2 313 422 326 8
D 418 71 8 102 419 345 420 354 408 360 396 309 397 327 409 337 421 365 8
D 429 47 2 81 80 79 8
D 430 47 2 81 97 79 29
D 428 49 2 429 378 430 8
D 427 45 2 70 428 98 8
D 432 79 5 120 333 258 342 275 386 291 398 304 8
D 437 95 2 158 193 153 29
D 436 93 3 148 437 320 192 321 29
D 435 99 4 316 282 295 300 287 323 436 8
D 434 89 2 195 435 412 8
D 433 79 2 313 434 326 8
D 431 71 8 102 432 345 312 354 420 360 408 309 409 327 421 337 433 365 8
D 440 47 2 79 97 81 8
D 441 47 2 79 80 81 29
D 439 49 2 440 378 441 8
D 438 45 2 70 439 98 8
D 443 79 5 120 342 258 386 275 398 291 410 304 8
D 448 91 2 149 150 151 160
D 447 93 2 320 192 448 29
D 446 99 3 316 300 295 323 447 8
D 445 89 2 195 446 412 8
D 444 79 2 313 445 326 8
D 442 71 8 102 443 354 312 360 420 345 332 309 421 327 433 337 444 365 8
D 452 55 2 93 89 88 8
D 451 53 2 379 452 380 8
D 450 49 2 78 451 96 8
D 449 45 2 70 450 98 8
D 454 79 5 120 386 258 398 275 410 291 422 304 8
D 458 93 2 317 192 318 29
D 457 99 2 316 323 458 8
D 456 89 2 195 457 412 8
D 455 79 2 313 456 326 8
D 453 71 8 360 312 102 454 354 332 345 341 309 433 327 444 337 455 365 8
L 464 58 29
D 463 57 2 90 464 92 8
D 462 55 2 88 463 93 8
D 461 53 2 379 462 380 8
D 460 49 2 78 461 96 8
D 459 45 2 70 460 98 8
D 466 79 5 120 398 258 410 275 422 291 434 304 8
D 469 67 2 115 369 110 114
D 468 65 2 108 469 116 370
D 467 63 3 103 468 371 372 373 29
D 465 71 7 360 332 102 466 354 341 345 385 309 444 327 455 467 8
D 474 57 2 92 91 90 8
D 473 55 2 88 474 93 8
D 472 53 2 379 473 380 8
D 471 49 2 78 472 96 8
D 470 45 2 70 471 98 8
D 476 79 5 120 410 258 422 275 434 291 445 304 8
D 478 65 2 116 370 108 369
D 477 63 3 103 478 371 372 373 29
D 475 71 6 360 341 102 476 354 385 345 397 309 455 477 8
D 481 43 2 75 74 73 100
D 480 41 2 71 481 76 72
D 485 57 2 90 464 92 29
D 484 55 2 88 485 93 29
D 483 53 2 379 484 380 29
D 482 49 2 78 483 96 29
D 487 47 2 81 80 79 97
D 489 51 2 86 95 84 85
D 491 57 2 90 91 92 464
D 490 55 2 93 485 88 491
D 492 51 2 86 85 84 8
D 488 53 3 489 484 379 490 492 29
D 493 47 2 81 97 79 8
D 486 49 3 487 483 78 488 493 29
D 495 43 2 75 100 73 8
D 494 41 2 71 495 76 99
D 479 45 3 480 482 70 486 494 29
D 68 59 11 69 101 374 383 391 394 401 406 413 418 427 431 438 442 449 453 459 465 470 475 479 8
D 499 31 2 53 62 51 8
D 500 31 2 53 52 51 29
D 498 33 2 499 54 500 8
D 497 29 2 45 498 63 8
D 496 25 2 37 497 65 8
D 503 79 5 120 422 258 434 275 445 291 456 304 8
D 504 63 3 371 372 103 370 373 29
D 502 71 5 360 385 102 503 354 397 345 409 504 8
D 501 59 11 69 383 374 394 391 406 401 418 413 431 427 442 438 453 449 465 459 475 470 502 479 8
D 506 21 2 43 39 38 8
D 509 31 2 53 52 51 8
D 510 31 2 53 62 51 29
D 508 33 2 509 54 510 8
D 507 29 2 45 508 63 8
D 511 21 2 43 66 38 29
D 505 25 2 506 507 511 8
D 516 77 2 126 127 128 29
D 515 75 3 276 516 306 307 308 29
D 514 79 4 120 434 258 445 275 456 515 8
D 513 71 5 360 397 102 514 354 409 345 421 504 8
D 512 59 11 69 394 374 406 391 418 401 431 413 442 427 453 438 465 449 475 459 502 470 513 479 8
D 519 23 2 40 67 42 8
D 518 21 2 38 519 43 8
D 521 23 2 40 41 42 29
D 520 21 2 38 521 43 29
D 517 25 2 518 507 520 8
D 526 73 2 124 123 122 130
D 525 75 2 306 307 526 29
D 524 79 3 120 445 258 456 525 8
D 523 71 5 360 409 102 524 354 421 345 433 504 8
D 522 59 11 69 406 374 418 391 431 401 442 413 453 427 465 438 475 449 502 459 513 470 523 479 8
D 529 23 2 42 41 40 8
D 528 21 2 38 529 43 8
D 531 23 2 42 67 40 29
D 530 21 2 38 531 43 29
D 527 25 2 528 507 530 8
D 535 75 2 121 307 129 29
D 534 79 2 120 456 535 8
D 533 71 5 360 421 102 534 354 433 345 444 504 8
D 532 59 11 69 418 374 431 391 442 401 453 413 465 427 475 438 502 449 513 459 523 470 533 479 8
D 538 27 2 48 47 46 8
D 539 27 2 48 64 46 29
D 537 29 2 538 508 539 8
D 536 25 2 37 537 65 8
D 543 65 2 116 370 108 29
D 542 63 3 371 372 103 543 373 29
D 541 71 4 360 433 354 444 345 455 542 8
D 540 59 11 69 431 374 442 391 453 401 465 413 475 427 502 438 513 449 523 459 533 470 541 479 8
D 546 27 2 46 64 48 8
D 547 27 2 46 47 48 29
D 545 29 2 546 508 547 8
D 544 25 2 37 545 65 8
D 550 63 3 355 372 103 543 106 29
D 549 71 3 360 444 354 455 550 8
D 548 59 11 69 442 374 453 391 465 401 475 413 502 427 513 438 523 449 533 459 541 470 549 479 8
D 554 35 2 60 56 55 8
D 553 33 2 509 554 510 8
D 552 29 2 45 553 63 8
D 551 25 2 37 552 65 8
D 557 63 2 103 543 117 29
D 556 71 2 360 455 557 8
D 555 59 11 69 453 374 465 391 475 401 502 413 513 427 523 438 533 449 541 459 549 470 556 479 8
D 562 37 2 59 58 57 8
D 561 35 2 55 562 60 8
D 560 33 2 509 561 510 8
D 559 29 2 45 560 63 8
D 558 25 2 37 559 65 8
D 568 57 2 90 91 92 29
D 567 55 2 88 568 93 485
D 566 53 3 379 567 489 484 492 29
D 565 49 3 78 566 487 483 493 29
D 564 45 3 70 565 480 482 494 29
D 563 59 10 69 465 374 475 391 502 401 513 413 523 427 533 438 541 449 549 459 556 564 8
L 574 38 20
D 573 37 2 57 574 59 8
D 572 35 2 55 573 60 8
D 571 33 2 509 572 510 8
D 570 29 2 45 571 63 8
D 569 25 2 37 570 65 8
D 579 55 2 93 485 88 29
D 578 53 3 379 579 489 484 492 29
D 577 49 3 78 578 487 483 493 29
D 576 45 3 70 577 480 482 494 29
D 575 59 9 69 475 374 502 391 513 401 523 413 533 427 541 438 549 449 556 576 8
D 582 23 2 42 41 40 67
D 581 21 2 38 582 43 39
D 586 37 2 57 574 59 29
D 585 35 2 55 586 60 29
D 584 33 2 509 585 510 29
D 583 29 2 45 584 63 29
D 588 27 2 48 47 46 64
D 590 31 2 51 52 53 62
D 592 37 2 57 58 59 574
D 591 35 2 60 586 55 592
D 593 31 2 51 62 53 8
D 589 33 3 590 585 509 591 593 29
D 594 27 2 48 64 46 8
D 587 29 3 588 584 45 589 594 29
D 596 23 2 42 67 40 8
D 595 21 2 38 596 43 66
D 580 25 3 581 583 37 587 595 29
D 35 39 11 36 68 496 501 505 512 517 522 527 532 536 540 544 548 551 555 558 563 569 575 580 8
D 599 3 2 5 34 7 8
D 598 1 2 3 599 9 8
D 602 11 2 17 28 19 8
D 603 11 2 17 18 19 29
D 601 13 2 602 20 603 8
D 600 9 2 11 601 30 8
D 605 3 2 5 6 7 29
D 604 1 2 3 605 9 29
D 597 5 2 598 600 604 8
D 611 51 2 84 95 86 85
D 610 53 2 489 484 611 29
D 609 49 3 78 610 487 483 493 29
D 608 45 3 70 609 480 482 494 29
D 607 59 8 69 502 374 513 391 523 401 533 413 541 427 549 438 556 608 8
D 606 39 11 36 501 496 512 505 522 517 532 527 540 536 548 544 555 551 563 558 575 569 607 580 8
D 613 1 2 9 4 3 8
D 614 1 2 9 33 3 29
D 612 5 2 613 600 614 8
D 618 49 3 78 610 429 483 97 29
D 617 45 3 70 618 480 482 494 29
D 616 59 7 69 513 374 523 391 533 401 541 413 549 427 556 617 8
D 615 39 11 36 512 496 522 505 532 517 540 527 548 536 555 544 563 551 575 558 607 569 616 580 8
D 621 3 2 7 6 5 8
D 620 1 2 3 621 9 8
D 623 3 2 7 34 5 29
D 622 1 2 3 623 9 29
D 619 5 2 620 600 622 8
D 627 49 2 78 610 96 29
D 626 45 3 70 627 480 482 494 29
D 625 59 6 69 523 374 533 391 541 401 549 413 556 626 8
D 624 39 11 36 522 496 532 505 540 517 548 527 555 536 563 544 575 551 607 558 616 569 625 580 8
D 631 11 2 19 28 17 8
D 632 11 2 19 18 17 29
D 630 13 2 631 20 632 8
D 629 9 2 11 630 30 8
D 628 5 2 2 629 32 8
D 637 53 2 83 484 94 29
D 636 49 2 78 637 96 29
D 635 45 3 70 636 480 482 494 29
D 634 59 5 69 533 374 541 391 549 401 556 635 8
D 633 39 11 36 532 496 540 505 548 517 555 527 563 536 575 544 607 551 616 558 625 569 634 580 8
D 640 7 2 14 13 12 8
D 641 7 2 14 31 12 29
D 639 9 2 640 601 641 8
D 638 5 2 2 639 32 8
D 645 41 2 71 376 76 72
D 646 41 2 76 99 71 75
D 644 45 3 70 636 645 482 646 29
D 643 59 4 69 541 374 549 391 556 644 8
D 642 39 11 36 540 496 548 505 555 517 563 527 575 536 607 544 616 551 625 558 634 569 643 580 8
D 649 7 2 12 31 14 8
D 650 7 2 12 13 14 29
D 648 9 2 649 601 650 8
D 647 5 2 2 648 32 8
D 654 41 2 71 75 76 29
D 653 45 3 70 636 375 482 654 29
D 652 59 3 69 549 374 556 653 8
D 651 39 11 36 548 496 555 505 563 517 575 527 607 536 616 544 625 551 634 558 643 569 652 580 8
D 658 15 2 26 22 21 8
D 657 13 2 602 658 603 8
D 656 9 2 11 657 30 8
D 655 5 2 2 656 32 8
D 661 45 2 70 636 98 29
D 660 59 2 69 556 661 8
D 659 39 11 36 555 496 563 505 575 517 607 527 616 536 625 544 634 551 643 558 652 569 660 580 8
L 667 18 9
D 666 17 2 23 667 25 8
D 665 15 2 21 666 26 8
D 664 13 2 602 665 603 8
D 663 9 2 11 664 30 8
D 662 5 2 2 663 32 8
D 673 37 2 59 574 57 29
D 672 35 2 55 673 60 586
D 671 33 3 509 672 590 585 593 29
D 670 29 3 45 671 588 584 594 29
D 669 25 3 37 670 581 583 595 29
D 668 39 10 36 563 496 575 505 607 517 616 527 625 536 634 544 643 551 652 558 660 669 8
D 678 17 2 25 24 23 8
D 677 15 2 21 678 26 8
D 676 13 2 602 677 603 8
D 675 9 2 11 676 30 8
D 674 5 2 2 675 32 8
D 683 35 2 60 586 55 29
D 682 33 3 509 683 590 585 593 29
D 681 29 3 45 682 588 584 594 29
D 680 25 3 37 681 581 583 595 29
D 679 39 9 36 575 496 607 505 616 517 625 527 634 536 643 544 652 551 660 680 8
D 688 17 2 23 24 25 667
D 689 17 2 23 667 25 29
D 687 15 2 21 688 26 689
D 690 11 2 19 28 17 18
D 691 15 2 21 689 26 29
D 692 11 2 19 18 17 8
D 686 13 3 602 687 690 691 692 29
D 693 7 2 14 13 12 31
D 694 13 2 602 691 603 29
D 695 7 2 14 31 12 8
D 685 9 3 11 686 693 694 695 29
D 697 3 2 7 6 5 34
D 696 1 2 3 697 9 4
D 698 9 2 11 694 30 29
D 700 3 2 7 34 5 8
D 699 1 2 3 700 9 33
D 684 5 3 2 685 696 698 699 29
D 0 19 11 1 35 597 606 612 615 619 624 628 633 638 642 647 651 655 659 662 668 674 679 684 8
