c ids of sdd nodes start at 0
c sdd nodes appear bottom-up, children before parents
c
c file syntax:
c sdd count-of-sdd-nodes
c F id-of-false-sdd-node
c T id-of-true-sdd-node
c L id-of-literal-sdd-node id-of-vtree literal
c D id-of-decomposition-sdd-node id-of-vtree number-of-elements {id-of-prime id-of-sub}*
c
sdd 704
L 3 0 -3
L 5 2 -4
L 6 4 -2
L 7 2 4
F 8
D 4 3 2 5 6 7 8
L 9 0 3
D 2 1 2 3 4 9 8
L 12 6 -6
L 13 8 -7
L 14 6 6
D 11 7 2 12 13 14 8
L 17 10 -5
L 18 12 1
L 19 10 5
D 16 11 2 17 18 19 8
L 21 14 -8
L 23 16 -10
L 24 18 -9
L 25 16 10
D 22 17 2 23 24 25 8
L 26 14 8
D 20 15 2 21 22 26 8
L 28 12 -1
T 29
D 27 11 2 17 28 19 29
D 15 13 2 16 20 27 8
L 31 8 7
D 30 7 2 12 31 14 29
D 10 9 2 11 15 30 8
L 34 4 2
D 33 3 2 5 34 7 29
D 32 1 2 3 33 9 29
D 1 5 2 2 10 32 8
L 38 20 -13
L 40 22 -15
L 41 24 -14
L 42 22 15
D 39 23 2 40 41 42 8
L 43 20 13
D 37 21 2 38 39 43 8
L 46 26 -16
L 47 28 -17
L 48 26 16
D 45 27 2 46 47 48 8
L 51 30 11
L 52 32 -12
L 53 30 -11
D 50 31 2 51 52 53 8
L 55 34 -18
L 57 36 -19
L 58 38 -20
L 59 36 19
D 56 37 2 57 58 59 8
L 60 34 18
D 54 35 2 55 56 60 8
L 62 32 12
D 61 31 2 51 62 53 29
D 49 33 2 50 54 61 8
L 64 28 17
D 63 27 2 46 64 48 29
D 44 29 2 45 49 63 8
L 67 24 14
D 66 23 2 40 67 42 29
D 65 21 2 38 66 43 29
D 36 25 2 37 44 65 8
L 71 40 -23
L 73 42 -24
L 74 44 -22
L 75 42 24
D 72 43 2 73 74 75 8
L 76 40 23
D 70 41 2 71 72 76 8
L 79 46 -26
L 80 48 -27
L 81 46 26
D 78 47 2 79 80 81 8
L 84 50 -25
L 85 52 21
L 86 50 25
D 83 51 2 84 85 86 8
L 88 54 -28
L 90 56 -30
L 91 58 -29
L 92 56 30
D 89 57 2 90 91 92 8
L 93 54 28
D 87 55 2 88 89 93 8
L 95 52 -21
D 94 51 2 84 95 86 29
D 82 53 2 83 87 94 8
L 97 48 27
D 96 47 2 79 97 81 29
D 77 49 2 78 82 96 8
L 100 44 22
D 99 43 2 73 100 75 29
D 98 41 2 71 99 76 29
D 69 45 2 70 77 98 8
L 104 60 -33
L 105 62 -32
L 106 60 33
D 103 61 2 104 105 106 8
L 108 64 -31
L 110 66 -38
L 112 68 -40
L 113 70 -39
L 114 68 40
D 111 69 2 112 113 114 8
L 115 66 38
D 109 67 2 110 111 115 8
L 116 64 31
D 107 65 2 108 109 116 8
L 118 62 32
D 117 61 2 104 118 106 29
D 102 63 2 103 107 117 8
L 122 72 -34
L 123 74 35
L 124 72 34
D 121 73 2 122 123 124 8
L 126 76 -37
L 127 78 -36
L 128 76 37
D 125 77 2 126 127 128 8
L 130 74 -35
D 129 73 2 122 130 124 29
D 120 75 2 121 125 129 8
L 134 80 -46
L 135 82 -47
L 136 80 46
D 133 81 2 134 135 136 8
L 138 84 -48
L 140 86 -49
L 141 88 50
L 142 86 49
D 139 87 2 140 141 142 8
L 143 84 48
D 137 85 2 138 139 143 8
L 145 82 47
D 144 81 2 134 145 136 29
D 132 83 2 133 137 144 8
L 149 90 -41
L 150 92 -42
L 151 90 41
D 148 91 2 149 150 151 8
L 153 94 -43
L 155 96 -45
L 156 98 -44
L 157 96 45
D 154 97 2 155 156 157 8
L 158 94 43
D 152 95 2 153 154 158 8
L 160 92 42
D 159 91 2 149 160 151 29
D 147 93 2 148 152 159 8
L 163 100 -51
L 164 102 -52
L 165 100 51
D 162 101 2 163 164 165 8
L 168 104 -53
L 169 106 -54
L 170 104 53
D 167 105 2 168 169 170 8
L 172 108 55
L 174 110 -56
L 176 112 -57
L 178 114 -58
L 180 116 -59
L 181 118 -60
L 182 116 59
D 179 117 2 180 181 182 8
L 183 114 58
D 177 115 2 178 179 183 8
L 184 112 57
D 175 113 2 176 177 184 8
L 185 110 56
D 173 111 2 174 175 185 8
L 186 108 -55
D 171 109 2 172 173 186 8
L 188 106 54
D 187 105 2 168 188 170 29
D 166 107 2 167 171 187 8
L 190 102 52
D 189 101 2 163 190 165 29
D 161 103 2 162 166 189 8
L 194 98 44
D 193 97 2 155 194 157 29
D 192 95 2 153 193 158 29
D 191 93 2 148 192 159 29
D 146 99 2 147 161 191 8
L 198 88 -50
D 197 87 2 140 198 142 8
D 196 85 2 138 197 143 8
D 195 83 2 133 196 144 8
D 202 97 2 157 156 155 8
D 201 95 2 153 202 158 8
D 200 93 2 148 201 159 8
L 210 118 60
D 209 117 2 180 210 182 8
D 208 115 2 178 209 183 8
D 207 113 2 176 208 184 8
D 206 111 2 174 207 185 8
D 205 109 2 186 206 172 8
D 204 107 2 167 205 187 8
D 203 103 2 162 204 189 8
D 213 97 2 157 194 155 29
D 212 95 2 153 213 158 29
D 211 93 2 148 212 159 29
D 199 99 2 200 203 211 8
D 216 87 2 142 198 140 8
D 215 85 2 138 216 143 8
D 214 83 2 133 215 144 8
D 221 111 2 185 175 174 8
D 220 109 2 186 221 172 8
D 219 107 2 167 220 187 8
D 218 103 2 162 219 189 8
D 217 99 2 147 218 191 8
D 223 85 2 143 197 138 8
D 222 83 2 133 223 144 8
D 229 113 2 184 177 176 8
D 228 111 2 174 229 185 8
D 227 109 2 186 228 172 8
D 226 107 2 167 227 187 8
D 225 103 2 162 226 189 8
D 224 99 2 147 225 191 8
D 231 81 2 134 145 136 8
D 232 81 2 134 135 136 29
D 230 83 2 231 196 232 8
D 239 115 2 183 179 178 8
D 238 113 2 176 239 184 8
D 237 111 2 174 238 185 8
D 236 109 2 186 237 172 8
D 235 107 2 167 236 187 8
D 234 103 2 162 235 189 8
D 233 99 2 147 234 191 8
D 241 81 2 136 135 134 8
D 242 81 2 136 145 134 29
D 240 83 2 241 196 242 8
D 250 117 2 182 181 180 8
D 249 115 2 178 250 183 8
D 248 113 2 176 249 184 8
D 247 111 2 174 248 185 8
D 246 109 2 186 247 172 8
D 245 107 2 167 246 187 8
D 244 103 2 162 245 189 8
D 243 99 2 147 244 191 8
D 253 87 2 142 141 140 8
D 254 87 2 140 141 142 29
D 252 85 2 138 253 143 254
D 255 81 2 136 135 134 145
D 256 85 2 138 254 143 29
D 257 81 2 136 145 134 8
D 251 83 3 133 252 255 256 257 29
D 131 89 7 132 146 195 199 214 217 222 224 230 233 240 243 251 8
D 259 73 2 122 130 124 8
L 261 78 36
D 260 77 2 126 261 128 8
D 262 73 2 122 123 124 29
D 258 75 2 259 260 262 8
D 267 105 2 168 188 170 8
D 268 109 2 186 173 172 8
D 269 105 2 168 169 170 29
D 266 107 2 267 268 269 8
D 265 103 2 162 266 189 8
D 264 99 2 147 265 191 8
D 273 97 2 155 194 157 8
D 272 95 2 153 273 158 8
D 271 93 2 148 272 159 8
D 276 97 2 155 156 157 194
D 275 95 2 153 276 158 29
D 274 93 2 148 275 159 29
D 270 99 3 271 203 200 244 274 8
D 263 89 7 132 264 195 270 214 146 222 217 230 224 240 233 251 8
D 278 77 2 128 127 126 8
D 277 75 2 259 278 262 8
D 283 105 2 170 169 168 8
D 284 105 2 170 188 168 29
D 282 107 2 283 268 284 8
D 281 103 2 162 282 189 8
D 280 99 2 147 281 191 8
D 287 95 2 158 154 153 8
D 286 93 2 148 287 159 8
D 289 95 2 153 276 158 193
D 288 93 2 148 289 159 29
D 285 99 4 286 203 271 244 200 234 288 8
D 279 89 7 132 280 195 285 214 264 222 146 230 217 240 224 251 8
D 291 73 2 124 130 122 8
D 292 73 2 124 123 122 29
D 290 75 2 291 125 292 8
D 294 99 2 147 203 191 8
D 297 87 2 140 198 142 141
D 296 85 2 138 297 143 254
D 295 83 3 133 296 255 256 257 29
D 293 89 6 132 217 214 224 222 233 230 243 240 294 295 8
D 299 77 2 126 127 128 261
D 300 73 2 124 130 122 123
D 301 77 2 126 261 128 29
D 302 73 2 124 123 122 8
D 298 75 3 259 299 300 301 302 29
D 119 79 5 120 131 258 263 277 279 290 293 298 8
L 307 70 39
D 306 69 2 112 307 114 8
D 305 67 2 110 306 115 8
D 304 65 2 108 305 116 8
D 303 63 2 103 304 117 8
D 309 75 2 259 125 262 8
D 313 91 2 151 150 149 8
D 314 91 2 151 160 149 29
D 312 93 2 313 152 314 8
D 316 91 2 149 160 151 8
D 317 91 2 149 150 151 29
D 315 93 2 316 152 317 8
D 319 91 2 151 150 149 160
D 320 91 2 151 160 149 8
D 318 93 3 148 289 319 192 320 29
D 311 99 6 312 203 315 244 286 234 271 225 200 218 318 8
D 323 101 2 163 190 165 8
D 324 107 2 167 268 187 8
D 325 101 2 163 164 165 29
D 322 103 2 323 324 325 8
D 321 99 2 147 322 191 8
D 328 101 2 165 164 163 8
D 329 101 2 165 190 163 29
D 327 103 2 328 324 329 8
D 326 99 2 147 327 191 8
D 310 89 7 195 311 222 280 214 321 230 264 132 326 240 146 251 8
D 330 75 2 259 301 262 29
D 308 79 2 309 310 330 8
D 333 67 2 115 111 110 8
D 332 65 2 108 333 116 8
D 331 63 2 103 332 117 8
D 337 93 3 148 289 316 192 151 29
D 336 99 5 315 203 286 244 271 234 200 225 337 8
D 335 89 7 195 336 214 280 132 321 222 264 230 146 240 217 251 8
D 334 79 2 309 335 330 8
D 341 69 2 114 113 112 8
D 340 67 2 110 341 115 8
D 339 65 2 108 340 116 8
D 338 63 2 103 339 117 8
D 344 99 6 312 244 315 234 286 225 271 218 200 161 318 8
D 346 85 2 143 254 138 141
D 345 83 3 133 346 255 256 257 29
D 343 89 6 195 344 230 280 222 321 240 264 214 326 345 8
D 342 79 2 309 343 330 8
D 348 61 2 106 105 104 8
D 349 61 2 106 118 104 29
D 347 63 2 348 107 349 8
D 352 83 3 133 296 231 256 136 29
D 351 89 5 132 224 214 233 222 243 230 294 352 8
D 350 79 2 309 351 330 8
D 354 61 2 104 118 106 8
D 355 61 2 104 105 106 29
D 353 63 2 354 107 355 8
D 358 83 2 133 296 144 29
D 357 89 4 132 233 214 243 222 294 358 8
D 356 79 2 309 357 330 8
D 360 65 2 116 109 108 8
D 359 63 2 103 360 117 8
D 364 85 2 138 297 143 29
D 363 83 2 133 364 144 29
D 362 89 3 132 243 214 294 363 8
D 361 79 2 309 362 330 8
D 368 69 2 114 307 112 8
D 369 69 2 112 307 114 29
D 367 67 2 110 368 115 369
D 370 67 2 110 369 115 29
D 366 65 2 108 367 116 370
D 371 61 2 106 105 104 118
D 372 65 2 108 370 116 29
D 373 61 2 106 118 104 8
D 365 63 3 103 366 371 372 373 29
D 101 71 8 102 119 303 308 331 334 338 342 347 350 353 356 359 361 365 8
D 376 43 2 73 100 75 8
D 375 41 2 71 376 76 8
D 379 51 2 84 95 86 8
D 380 51 2 84 85 86 29
D 378 53 2 379 87 380 8
D 377 49 2 78 378 96 8
D 382 43 2 73 74 75 29
D 381 41 2 71 382 76 29
D 374 45 2 375 377 381 8
D 384 79 5 290 131 120 263 258 279 277 335 298 8
D 387 99 6 312 234 315 225 286 218 271 161 200 265 318 8
D 388 83 3 255 256 133 254 257 29
D 386 89 5 195 387 240 280 230 321 222 326 388 8
D 385 79 2 309 386 330 8
D 389 79 2 309 293 330 8
D 383 71 8 102 384 331 308 303 342 338 385 347 389 353 350 359 356 365 8
D 391 41 2 76 72 71 8
D 392 41 2 76 99 71 29
D 390 45 2 391 377 392 8
D 394 79 5 290 263 120 279 258 335 277 310 298 8
D 397 99 6 312 225 315 218 286 161 271 265 200 281 318 8
D 399 81 2 136 135 134 29
D 398 83 2 399 256 257 29
D 396 89 4 240 321 195 397 230 326 398 8
D 395 79 2 309 396 330 8
D 400 79 2 309 131 330 8
D 393 71 8 102 394 331 342 303 385 338 395 347 400 353 389 359 350 365 8
D 403 43 2 75 74 73 8
D 402 41 2 71 403 76 8
D 405 43 2 75 100 73 29
D 404 41 2 71 405 76 29
D 401 45 2 402 377 404 8
D 407 79 5 290 279 120 335 258 310 277 343 298 8
D 408 79 2 309 263 330 8
D 411 99 6 312 218 315 161 286 265 271 281 200 322 318 8
D 412 83 2 135 256 145 29
D 410 89 3 240 326 195 411 412 8
D 409 79 2 309 410 330 8
D 406 71 8 102 407 347 408 331 385 303 395 353 400 338 409 359 389 365 8
D 416 51 2 86 95 84 8
D 417 51 2 86 85 84 29
D 415 53 2 416 87 417 8
D 414 49 2 78 415 96 8
D 413 45 2 70 414 98 8
D 419 79 5 290 335 120 310 258 343 277 386 298 8
D 420 79 2 309 279 330 8
D 423 99 6 312 161 315 265 286 281 271 322 200 327 318 8
D 424 83 2 133 256 144 29
D 422 89 2 195 423 424 8
D 421 79 2 309 422 330 8
D 418 71 8 102 419 347 420 353 408 331 395 359 400 303 409 338 421 365 8
D 427 47 2 81 80 79 8
D 428 47 2 81 97 79 29
D 426 49 2 427 378 428 8
D 425 45 2 70 426 98 8
D 430 79 5 290 310 120 343 258 386 277 396 298 8
D 436 97 2 155 156 157 29
D 435 95 2 153 436 158 193
D 434 93 3 148 435 319 192 320 29
D 433 99 5 312 265 315 281 286 322 271 327 434 8
D 432 89 2 195 433 424 8
D 431 79 2 309 432 330 8
D 429 71 8 102 430 347 334 353 420 359 408 331 409 303 421 338 431 365 8
D 439 47 2 79 97 81 8
D 440 47 2 79 80 81 29
D 438 49 2 439 378 440 8
D 437 45 2 70 438 98 8
D 442 79 5 290 343 120 386 258 396 277 410 298 8
D 447 95 2 158 193 153 29
D 446 93 3 148 447 319 192 320 29
D 445 99 4 312 281 315 322 286 327 446 8
D 444 89 2 195 445 424 8
D 443 79 2 309 444 330 8
D 441 71 8 102 442 347 308 353 334 359 420 331 421 303 431 338 443 365 8
D 451 55 2 93 89 88 8
D 450 53 2 379 451 380 8
D 449 49 2 78 450 96 8
D 448 45 2 70 449 98 8
D 453 79 5 290 386 120 396 258 410 277 422 298 8
D 458 91 2 149 150 151 160
D 457 93 2 319 192 458 29
D 456 99 3 312 322 315 327 457 8
D 455 89 2 195 456 424 8
D 454 79 2 309 455 330 8
D 452 71 8 102 453 353 308 359 334 347 342 331 431 303 443 338 454 365 8
L 464 58 29
D 463 57 2 90 464 92 8
D 462 55 2 88 463 93 8
D 461 53 2 379 462 380 8
D 460 49 2 78 461 96 8
D 459 45 2 70 460 98 8
D 466 79 5 290 396 120 410 258 422 277 432 298 8
D 470 93 2 313 192 314 29
D 469 99 2 312 327 470 8
D 468 89 2 195 469 424 8
D 467 79 2 309 468 330 8
D 465 71 8 359 308 102 466 353 342 347 385 331 443 303 454 338 467 365 8
D 475 57 2 92 91 90 8
D 474 55 2 88 475 93 8
D 473 53 2 379 474 380 8
D 472 49 2 78 473 96 8
D 471 45 2 70 472 98 8
D 477 79 5 290 410 120 422 258 432 277 444 298 8
D 480 67 2 115 369 110 114
D 479 65 2 108 480 116 370
D 478 63 3 103 479 371 372 373 29
D 476 71 7 359 342 102 477 353 385 347 395 331 454 303 467 478 8
D 483 43 2 75 74 73 100
D 482 41 2 71 483 76 72
D 487 57 2 90 464 92 29
D 486 55 2 88 487 93 29
D 485 53 2 379 486 380 29
D 484 49 2 78 485 96 29
D 489 47 2 81 80 79 97
D 491 51 2 86 95 84 85
D 493 57 2 90 91 92 464
D 492 55 2 93 487 88 493
D 494 51 2 86 85 84 8
D 490 53 3 491 486 379 492 494 29
D 495 47 2 81 97 79 8
D 488 49 3 489 485 78 490 495 29
D 497 43 2 75 100 73 8
D 496 41 2 71 497 76 99
D 481 45 3 482 484 70 488 496 29
D 68 59 11 69 101 374 383 390 393 401 406 413 418 425 429 437 441 448 452 459 465 471 476 481 8
D 501 31 2 53 62 51 8
D 502 31 2 53 52 51 29
D 500 33 2 501 54 502 8
D 499 29 2 45 500 63 8
D 498 25 2 37 499 65 8
D 505 79 5 290 422 120 432 258 444 277 455 298 8
D 507 65 2 116 370 108 369
D 506 63 3 103 507 371 372 373 29
D 504 71 6 359 385 102 505 353 395 347 409 331 467 506 8
D 503 59 11 69 383 374 393 390 406 401 418 413 429 425 441 437 452 448 465 459 476 471 504 481 8
D 509 21 2 43 39 38 8
D 512 31 2 53 52 51 8
D 513 31 2 53 62 51 29
D 511 33 2 512 54 513 8
D 510 29 2 45 511 63 8
D 514 21 2 43 66 38 29
D 508 25 2 509 510 514 8
D 517 79 5 290 432 120 444 258 455 277 468 298 8
D 518 63 3 371 372 103 370 373 29
D 516 71 5 359 395 102 517 353 409 347 421 518 8
D 515 59 11 69 393 374 406 390 418 401 429 413 441 425 452 437 465 448 476 459 504 471 516 481 8
D 521 23 2 40 67 42 8
D 520 21 2 38 521 43 8
D 523 23 2 40 41 42 29
D 522 21 2 38 523 43 29
D 519 25 2 520 510 522 8
D 528 77 2 126 127 128 29
D 527 75 3 259 528 300 301 302 29
D 526 79 4 290 444 120 455 258 468 527 8
D 525 71 5 359 409 102 526 353 421 347 431 518 8
D 524 59 11 69 406 374 418 390 429 401 441 413 452 425 465 437 476 448 504 459 516 471 525 481 8
D 531 23 2 42 41 40 8
D 530 21 2 38 531 43 8
D 533 23 2 42 67 40 29
D 532 21 2 38 533 43 29
D 529 25 2 530 510 532 8
D 538 73 2 122 130 124 123
D 537 75 2 300 301 538 29
D 536 79 3 290 455 120 468 537 8
D 535 71 5 359 421 102 536 353 431 347 443 518 8
D 534 59 11 69 418 374 429 390 441 401 452 413 465 425 476 437 504 448 516 459 525 471 535 481 8
D 541 27 2 48 47 46 8
D 542 27 2 48 64 46 29
D 540 29 2 541 511 542 8
D 539 25 2 37 540 65 8
D 546 75 2 291 301 292 29
D 545 79 2 290 468 546 8
D 544 71 5 359 431 102 545 353 443 347 454 518 8
D 543 59 11 69 429 374 441 390 452 401 465 413 476 425 504 437 516 448 525 459 535 471 544 481 8
D 549 27 2 46 64 48 8
D 550 27 2 46 47 48 29
D 548 29 2 549 511 550 8
D 547 25 2 37 548 65 8
D 554 65 2 116 370 108 29
D 553 63 3 371 372 103 554 373 29
D 552 71 4 359 443 353 454 347 467 553 8
D 551 59 11 69 441 374 452 390 465 401 476 413 504 425 516 437 525 448 535 459 544 471 552 481 8
D 558 35 2 60 56 55 8
D 557 33 2 512 558 513 8
D 556 29 2 45 557 63 8
D 555 25 2 37 556 65 8
D 561 63 3 354 372 103 554 106 29
D 560 71 3 359 454 353 467 561 8
D 559 59 11 69 452 374 465 390 476 401 504 413 516 425 525 437 535 448 544 459 552 471 560 481 8
D 566 37 2 59 58 57 8
D 565 35 2 55 566 60 8
D 564 33 2 512 565 513 8
D 563 29 2 45 564 63 8
D 562 25 2 37 563 65 8
D 569 63 2 103 554 117 29
D 568 71 2 359 467 569 8
D 567 59 11 69 465 374 476 390 504 401 516 413 525 425 535 437 544 448 552 459 560 471 568 481 8
L 575 38 20
D 574 37 2 57 575 59 8
D 573 35 2 55 574 60 8
D 572 33 2 512 573 513 8
D 571 29 2 45 572 63 8
D 570 25 2 37 571 65 8
D 581 57 2 90 91 92 29
D 580 55 2 88 581 93 487
D 579 53 3 379 580 491 486 494 29
D 578 49 3 78 579 489 485 495 29
D 577 45 3 70 578 482 484 496 29
D 576 59 10 69 476 374 504 390 516 401 525 413 535 425 544 437 552 448 560 459 568 577 8
D 584 23 2 42 41 40 67
D 583 21 2 38 584 43 39
D 588 37 2 57 575 59 29
D 587 35 2 55 588 60 29
D 586 33 2 512 587 513 29
D 585 29 2 45 586 63 29
D 590 27 2 48 47 46 64
D 592 31 2 51 52 53 62
D 594 37 2 57 58 59 575
D 593 35 2 60 588 55 594
D 595 31 2 51 62 53 8
D 591 33 3 592 587 512 593 595 29
D 596 27 2 48 64 46 8
D 589 29 3 590 586 45 591 596 29
D 598 23 2 42 67 40 8
D 597 21 2 38 598 43 66
D 582 25 3 583 585 37 589 597 29
D 35 39 11 36 68 498 503 508 515 519 524 529 534 539 543 547 551 555 559 562 567 570 576 582 8
D 601 3 2 5 34 7 8
D 600 1 2 3 601 9 8
D 604 11 2 17 28 19 8
D 605 11 2 17 18 19 29
D 603 13 2 604 20 605 8
D 602 9 2 11 603 30 8
D 607 3 2 5 6 7 29
D 606 1 2 3 607 9 29
D 599 5 2 600 602 606 8
D 613 55 2 93 487 88 29
D 612 53 3 379 613 491 486 494 29
D 611 49 3 78 612 489 485 495 29
D 610 45 3 70 611 482 484 496 29
D 609 59 9 69 504 374 516 390 525 401 535 413 544 425 552 437 560 448 568 610 8
D 608 39 11 36 503 498 515 508 524 519 534 529 543 539 551 547 559 555 567 562 576 570 609 582 8
D 615 1 2 9 4 3 8
D 616 1 2 9 33 3 29
D 614 5 2 615 602 616 8
D 622 51 2 84 95 86 85
D 621 53 2 491 486 622 29
D 620 49 3 78 621 489 485 495 29
D 619 45 3 70 620 482 484 496 29
D 618 59 8 69 516 374 525 390 535 401 544 413 552 425 560 437 568 619 8
D 617 39 11 36 515 498 524 508 534 519 543 529 551 539 559 547 567 555 576 562 609 570 618 582 8
D 625 3 2 7 6 5 8
D 624 1 2 3 625 9 8
D 627 3 2 7 34 5 29
D 626 1 2 3 627 9 29
D 623 5 2 624 602 626 8
D 631 49 3 78 621 427 485 97 29
D 630 45 3 70 631 482 484 496 29
D 629 59 7 69 525 374 535 390 544 401 552 413 560 425 568 630 8
D 628 39 11 36 524 498 534 508 543 519 551 529 559 539 567 547 576 555 609 562 618 570 629 582 8
D 635 11 2 19 28 17 8
D 636 11 2 19 18 17 29
D 634 13 2 635 20 636 8
D 633 9 2 11 634 30 8
D 632 5 2 2 633 32 8
D 640 49 2 78 621 96 29
D 639 45 3 70 640 482 484 496 29
D 638 59 6 69 535 374 544 390 552 401 560 413 568 639 8
D 637 39 11 36 534 498 543 508 551 519 559 529 567 539 576 547 609 555 618 562 629 570 638 582 8
D 643 7 2 14 13 12 8
D 644 7 2 14 31 12 29
D 642 9 2 643 603 644 8
D 641 5 2 2 642 32 8
D 649 53 2 83 486 94 29
D 648 49 2 78 649 96 29
D 647 45 3 70 648 482 484 496 29
D 646 59 5 69 544 374 552 390 560 401 568 647 8
D 645 39 11 36 543 498 551 508 559 519 567 529 576 539 609 547 618 555 629 562 638 570 646 582 8
D 652 7 2 12 31 14 8
D 653 7 2 12 13 14 29
D 651 9 2 652 603 653 8
D 650 5 2 2 651 32 8
D 657 41 2 71 376 76 72
D 658 41 2 76 99 71 75
D 656 45 3 70 648 657 484 658 29
D 655 59 4 69 552 374 560 390 568 656 8
D 654 39 11 36 551 498 559 508 567 519 576 529 609 539 618 547 629 555 638 562 646 570 655 582 8
D 662 15 2 26 22 21 8
D 661 13 2 604 662 605 8
D 660 9 2 11 661 30 8
D 659 5 2 2 660 32 8
D 666 41 2 71 75 76 29
D 665 45 3 70 648 375 484 666 29
D 664 59 3 69 560 374 568 665 8
D 663 39 11 36 559 498 567 508 576 519 609 529 618 539 629 547 638 555 646 562 655 570 664 582 8
L 672 18 9
D 671 17 2 23 672 25 8
D 670 15 2 21 671 26 8
D 669 13 2 604 670 605 8
D 668 9 2 11 669 30 8
D 667 5 2 2 668 32 8
D 675 45 2 70 648 98 29
D 674 59 2 69 568 675 8
D 673 39 11 36 567 498 576 508 609 519 618 529 629 539 638 547 646 555 655 562 664 570 674 582 8
D 680 17 2 25 24 23 8
D 679 15 2 21 680 26 8
D 678 13 2 604 679 605 8
D 677 9 2 11 678 30 8
D 676 5 2 2 677 32 8
D 686 37 2 59 575 57 29
D 685 35 2 55 686 60 588
D 684 33 3 512 685 592 587 595 29
D 683 29 3 45 684 590 586 596 29
D 682 25 3 37 683 583 585 597 29
D 681 39 10 36 576 498 609 508 618 519 629 529 638 539 646 547 655 555 664 562 674 682 8
D 691 17 2 23 24 25 672
D 692 17 2 23 672 25 29
D 690 15 2 21 691 26 692
D 693 11 2 19 28 17 18
D 694 15 2 21 692 26 29
D 695 11 2 19 18 17 8
D 689 13 3 604 690 693 694 695 29
D 696 7 2 14 13 12 31
D 697 13 2 604 694 605 29
D 698 7 2 14 31 12 8
D 688 9 3 11 689 696 697 698 29
D 700 3 2 7 6 5 34
D 699 1 2 3 700 9 4
D 701 9 2 11 697 30 29
D 703 3 2 7 34 5 8
D 702 1 2 3 703 9 33
D 687 5 3 2 688 699 701 702 29
D 0 19 11 1 35 599 608 614 617 623 628 632 637 641 645 650 654 659 663 667 673 676 681 687 8
