c ids of sdd nodes start at 0
c sdd nodes appear bottom-up, children before parents
c
c file syntax:
c sdd count-of-sdd-nodes
c F id-of-false-sdd-node
c T id-of-true-sdd-node
c L id-of-literal-sdd-node id-of-vtree literal
c D id-of-decomposition-sdd-node id-of-vtree number-of-elements {id-of-prime id-of-sub}*
c
sdd 707
L 3 0 -3
L 5 2 -4
L 6 4 -2
L 7 2 4
F 8
D 4 3 2 5 6 7 8
L 9 0 3
D 2 1 2 3 4 9 8
L 12 6 -6
L 13 8 -7
L 14 6 6
D 11 7 2 12 13 14 8
L 17 10 -5
L 18 12 1
L 19 10 5
D 16 11 2 17 18 19 8
L 21 14 -8
L 23 16 -10
L 24 18 -9
L 25 16 10
D 22 17 2 23 24 25 8
L 26 14 8
D 20 15 2 21 22 26 8
L 28 12 -1
T 29
D 27 11 2 17 28 19 29
D 15 13 2 16 20 27 8
L 31 8 7
D 30 7 2 12 31 14 29
D 10 9 2 11 15 30 8
L 34 4 2
D 33 3 2 5 34 7 29
D 32 1 2 3 33 9 29
D 1 5 2 2 10 32 8
L 38 20 -13
L 40 22 -15
L 41 24 -14
L 42 22 15
D 39 23 2 40 41 42 8
L 43 20 13
D 37 21 2 38 39 43 8
L 46 26 -16
L 47 28 -17
L 48 26 16
D 45 27 2 46 47 48 8
L 51 30 11
L 52 32 -12
L 53 30 -11
D 50 31 2 51 52 53 8
L 55 34 -18
L 57 36 -19
L 58 38 -20
L 59 36 19
D 56 37 2 57 58 59 8
L 60 34 18
D 54 35 2 55 56 60 8
L 62 32 12
D 61 31 2 51 62 53 29
D 49 33 2 50 54 61 8
L 64 28 17
D 63 27 2 46 64 48 29
D 44 29 2 45 49 63 8
L 67 24 14
D 66 23 2 40 67 42 29
D 65 21 2 38 66 43 29
D 36 25 2 37 44 65 8
L 71 40 -23
L 73 42 -24
L 74 44 -22
L 75 42 24
D 72 43 2 73 74 75 8
L 76 40 23
D 70 41 2 71 72 76 8
L 79 46 -26
L 80 48 -27
L 81 46 26
D 78 47 2 79 80 81 8
L 84 50 -25
L 85 52 21
L 86 50 25
D 83 51 2 84 85 86 8
L 88 54 -28
L 90 56 -30
L 91 58 -29
L 92 56 30
D 89 57 2 90 91 92 8
L 93 54 28
D 87 55 2 88 89 93 8
L 95 52 -21
D 94 51 2 84 95 86 29
D 82 53 2 83 87 94 8
L 97 48 27
D 96 47 2 79 97 81 29
D 77 49 2 78 82 96 8
L 100 44 22
D 99 43 2 73 100 75 29
D 98 41 2 71 99 76 29
D 69 45 2 70 77 98 8
L 104 60 -33
L 105 62 -32
L 106 60 33
D 103 61 2 104 105 106 8
L 108 64 -31
L 110 66 -38
L 112 68 -40
L 113 70 -39
L 114 68 40
D 111 69 2 112 113 114 8
L 115 66 38
D 109 67 2 110 111 115 8
L 116 64 31
D 107 65 2 108 109 116 8
L 118 62 32
D 117 61 2 104 118 106 29
D 102 63 2 103 107 117 8
L 122 72 -34
L 123 74 -35
L 124 72 34
D 121 73 2 122 123 124 8
L 126 76 -37
L 127 78 36
L 128 76 37
D 125 77 2 126 127 128 8
L 130 74 35
D 129 73 2 122 130 124 29
D 120 75 2 121 125 129 8
L 134 80 -46
L 135 82 -47
L 136 80 46
D 133 81 2 134 135 136 8
L 138 84 -48
L 140 86 -49
L 141 88 50
L 142 86 49
D 139 87 2 140 141 142 8
L 143 84 48
D 137 85 2 138 139 143 8
L 145 82 47
D 144 81 2 134 145 136 29
D 132 83 2 133 137 144 8
L 149 90 -41
L 150 92 -42
L 151 90 41
D 148 91 2 149 150 151 8
L 153 94 -43
L 155 96 -45
L 156 98 -44
L 157 96 45
D 154 97 2 155 156 157 8
L 158 94 43
D 152 95 2 153 154 158 8
L 160 92 42
D 159 91 2 149 160 151 29
D 147 93 2 148 152 159 8
L 163 100 -51
L 164 102 -52
L 165 100 51
D 162 101 2 163 164 165 8
L 168 104 -53
L 169 106 -54
L 170 104 53
D 167 105 2 168 169 170 8
L 172 108 55
L 174 110 -56
L 176 112 -57
L 178 114 -58
L 180 116 -59
L 181 118 -60
L 182 116 59
D 179 117 2 180 181 182 8
L 183 114 58
D 177 115 2 178 179 183 8
L 184 112 57
D 175 113 2 176 177 184 8
L 185 110 56
D 173 111 2 174 175 185 8
L 186 108 -55
D 171 109 2 172 173 186 8
L 188 106 54
D 187 105 2 168 188 170 29
D 166 107 2 167 171 187 8
L 190 102 52
D 189 101 2 163 190 165 29
D 161 103 2 162 166 189 8
L 194 98 44
D 193 97 2 155 194 157 29
D 192 95 2 153 193 158 29
D 191 93 2 148 192 159 29
D 146 99 2 147 161 191 8
L 198 88 -50
D 197 87 2 140 198 142 8
D 196 85 2 138 197 143 8
D 195 83 2 133 196 144 8
D 202 97 2 157 156 155 8
D 201 95 2 153 202 158 8
D 200 93 2 148 201 159 8
L 210 118 60
D 209 117 2 180 210 182 8
D 208 115 2 178 209 183 8
D 207 113 2 176 208 184 8
D 206 111 2 174 207 185 8
D 205 109 2 186 206 172 8
D 204 107 2 167 205 187 8
D 203 103 2 162 204 189 8
D 213 97 2 157 194 155 29
D 212 95 2 153 213 158 29
D 211 93 2 148 212 159 29
D 199 99 2 200 203 211 8
D 216 87 2 142 198 140 8
D 215 85 2 138 216 143 8
D 214 83 2 133 215 144 8
D 221 111 2 185 175 174 8
D 220 109 2 186 221 172 8
D 219 107 2 167 220 187 8
D 218 103 2 162 219 189 8
D 217 99 2 147 218 191 8
D 223 85 2 143 197 138 8
D 222 83 2 133 223 144 8
D 229 113 2 184 177 176 8
D 228 111 2 174 229 185 8
D 227 109 2 186 228 172 8
D 226 107 2 167 227 187 8
D 225 103 2 162 226 189 8
D 224 99 2 147 225 191 8
D 231 81 2 134 145 136 8
D 232 81 2 134 135 136 29
D 230 83 2 231 196 232 8
D 239 115 2 183 179 178 8
D 238 113 2 176 239 184 8
D 237 111 2 174 238 185 8
D 236 109 2 186 237 172 8
D 235 107 2 167 236 187 8
D 234 103 2 162 235 189 8
D 233 99 2 147 234 191 8
D 241 81 2 136 135 134 8
D 242 81 2 136 145 134 29
D 240 83 2 241 196 242 8
D 250 117 2 182 181 180 8
D 249 115 2 178 250 183 8
D 248 113 2 176 249 184 8
D 247 111 2 174 248 185 8
D 246 109 2 186 247 172 8
D 245 107 2 167 246 187 8
D 244 103 2 162 245 189 8
D 243 99 2 147 244 191 8
D 253 87 2 142 141 140 8
D 254 87 2 140 141 142 29
D 252 85 2 138 253 143 254
D 255 81 2 136 135 134 145
D 256 85 2 138 254 143 29
D 257 81 2 136 145 134 8
D 251 83 3 133 252 255 256 257 29
D 131 89 7 132 146 195 199 214 217 222 224 230 233 240 243 251 8
L 260 78 -36
D 259 77 2 128 260 126 8
D 258 75 2 121 259 129 8
D 265 105 2 168 188 170 8
D 266 109 2 186 173 172 8
D 267 105 2 168 169 170 29
D 264 107 2 265 266 267 8
D 263 103 2 162 264 189 8
D 262 99 2 147 263 191 8
D 271 97 2 155 194 157 8
D 270 95 2 153 271 158 8
D 269 93 2 148 270 159 8
D 274 97 2 155 156 157 194
D 273 95 2 153 274 158 29
D 272 93 2 148 273 159 29
D 268 99 3 269 203 200 244 272 8
D 261 89 7 132 262 195 268 214 146 222 217 230 224 240 233 251 8
D 276 73 2 122 130 124 8
D 277 77 2 126 260 128 8
D 278 73 2 122 123 124 29
D 275 75 2 276 277 278 8
D 280 99 2 147 203 191 8
D 283 87 2 140 198 142 141
D 282 85 2 138 283 143 254
D 281 83 3 133 282 255 256 257 29
D 279 89 6 132 217 214 224 222 233 230 243 240 280 281 8
D 285 73 2 124 123 122 8
D 286 73 2 124 130 122 29
D 284 75 2 285 277 286 8
D 288 83 3 133 282 231 256 136 29
D 287 89 5 132 224 214 233 222 243 230 280 288 8
D 290 77 2 126 260 128 127
D 291 73 2 124 123 122 130
D 292 77 2 126 127 128 29
D 293 73 2 124 130 122 8
D 289 75 3 121 290 291 292 293 29
D 119 79 5 120 131 258 261 275 279 284 287 289 8
D 297 69 2 114 113 112 8
D 296 67 2 110 297 115 8
D 295 65 2 108 296 116 8
D 294 63 2 103 295 117 8
D 299 75 2 121 277 129 8
D 303 91 2 151 150 149 8
D 304 91 2 151 160 149 29
D 302 93 2 303 152 304 8
D 306 91 2 149 160 151 8
D 307 91 2 149 150 151 29
D 305 93 2 306 152 307 8
D 309 95 2 158 154 153 8
D 308 93 2 148 309 159 8
D 311 95 2 153 274 158 193
D 312 91 2 151 150 149 160
D 313 91 2 151 160 149 8
D 310 93 3 148 311 312 192 313 29
D 301 99 6 302 203 305 244 308 234 269 225 200 218 310 8
D 317 105 2 170 169 168 8
D 318 105 2 170 188 168 29
D 316 107 2 317 266 318 8
D 315 103 2 162 316 189 8
D 314 99 2 147 315 191 8
D 321 101 2 163 190 165 8
D 322 107 2 167 266 187 8
D 323 101 2 163 164 165 29
D 320 103 2 321 322 323 8
D 319 99 2 147 320 191 8
D 326 101 2 165 164 163 8
D 327 101 2 165 190 163 29
D 325 103 2 326 322 327 8
D 324 99 2 147 325 191 8
D 300 89 7 195 301 222 314 214 319 230 262 132 324 240 146 251 8
D 328 75 2 121 292 129 29
D 298 79 2 299 300 328 8
L 333 70 39
D 332 69 2 112 333 114 8
D 331 67 2 110 332 115 8
D 330 65 2 108 331 116 8
D 329 63 2 103 330 117 8
D 337 93 3 148 311 306 192 151 29
D 336 99 5 305 203 308 244 269 234 200 225 337 8
D 335 89 7 195 336 214 314 132 319 222 262 230 146 240 217 251 8
D 334 79 2 299 335 328 8
D 340 67 2 115 111 110 8
D 339 65 2 108 340 116 8
D 338 63 2 103 339 117 8
D 344 93 2 148 311 159 29
D 343 99 4 308 203 269 244 200 234 344 8
D 342 89 7 132 314 195 343 214 262 222 146 230 217 240 224 251 8
D 341 79 2 299 342 328 8
D 346 65 2 116 109 108 8
D 345 63 2 103 346 117 8
D 351 87 2 140 198 142 29
D 350 85 2 138 351 143 29
D 349 83 2 133 350 144 29
D 348 89 2 132 280 349 8
D 347 79 2 299 348 328 8
D 353 61 2 106 105 104 8
D 354 61 2 106 118 104 29
D 352 63 2 353 107 354 8
D 357 83 2 133 282 144 29
D 356 89 4 132 233 214 243 222 280 357 8
D 355 79 2 299 356 328 8
D 359 61 2 104 118 106 8
D 360 61 2 104 105 106 29
D 358 63 2 359 107 360 8
D 364 85 2 138 283 143 29
D 363 83 2 133 364 144 29
D 362 89 3 132 243 214 280 363 8
D 361 79 2 299 362 328 8
D 368 69 2 114 333 112 8
D 369 69 2 112 333 114 29
D 367 67 2 110 368 115 369
D 370 67 2 110 369 115 29
D 366 65 2 108 367 116 370
D 371 61 2 106 105 104 118
D 372 65 2 108 370 116 29
D 373 61 2 106 118 104 8
D 365 63 3 103 366 371 372 373 29
D 101 71 8 102 119 294 298 329 334 338 341 345 347 352 355 358 361 365 8
D 376 43 2 73 100 75 8
D 375 41 2 71 376 76 8
D 379 51 2 84 95 86 8
D 380 51 2 84 85 86 29
D 378 53 2 379 87 380 8
D 377 49 2 78 378 96 8
D 382 43 2 73 74 75 29
D 381 41 2 71 382 76 29
D 374 45 2 375 377 381 8
D 384 79 5 275 131 120 261 258 342 284 279 289 8
D 387 99 6 302 244 305 234 308 225 269 218 200 161 310 8
D 389 85 2 143 254 138 141
D 388 83 3 133 389 255 256 257 29
D 386 89 6 195 387 230 314 222 319 240 262 214 324 388 8
D 385 79 2 299 386 328 8
D 390 79 2 299 287 328 8
D 383 71 8 102 384 329 298 338 334 294 385 352 390 358 355 345 361 365 8
D 392 41 2 76 72 71 8
D 393 41 2 76 99 71 29
D 391 45 2 392 377 393 8
D 395 79 5 284 131 275 261 120 342 258 335 289 8
D 398 99 6 302 234 305 225 308 218 269 161 200 263 310 8
D 399 83 3 255 256 133 254 257 29
D 397 89 5 195 398 240 314 230 319 222 324 399 8
D 396 79 2 299 397 328 8
D 400 79 2 299 279 328 8
D 394 71 8 102 395 338 298 329 385 294 396 352 400 358 390 345 355 365 8
D 403 43 2 75 74 73 8
D 402 41 2 71 403 76 8
D 405 43 2 75 100 73 29
D 404 41 2 71 405 76 29
D 401 45 2 402 377 404 8
D 407 79 5 284 261 275 342 120 335 258 300 289 8
D 410 99 6 302 225 305 218 308 161 269 263 200 315 310 8
D 412 81 2 136 135 134 29
D 411 83 2 412 256 257 29
D 409 89 4 240 319 195 410 230 324 411 8
D 408 79 2 299 409 328 8
D 413 79 2 299 131 328 8
D 406 71 8 102 407 338 385 329 396 294 408 352 413 358 400 345 390 365 8
D 417 51 2 86 95 84 8
D 418 51 2 86 85 84 29
D 416 53 2 417 87 418 8
D 415 49 2 78 416 96 8
D 414 45 2 70 415 98 8
D 420 79 5 284 342 275 335 120 300 258 386 289 8
D 421 79 2 299 261 328 8
D 424 99 6 302 218 305 161 308 263 269 315 200 320 310 8
D 425 83 2 135 256 145 29
D 423 89 3 240 324 195 424 425 8
D 422 79 2 299 423 328 8
D 419 71 8 102 420 352 421 338 396 329 408 358 413 294 422 345 400 365 8
D 428 47 2 81 80 79 8
D 429 47 2 81 97 79 29
D 427 49 2 428 378 429 8
D 426 45 2 70 427 98 8
D 431 79 5 284 335 275 300 120 386 258 397 289 8
D 434 99 6 302 161 305 263 308 315 269 320 200 325 310 8
D 435 83 2 133 256 144 29
D 433 89 2 195 434 435 8
D 432 79 2 299 433 328 8
D 430 71 8 102 431 352 341 358 421 338 408 345 413 329 422 294 432 365 8
D 438 47 2 79 97 81 8
D 439 47 2 79 80 81 29
D 437 49 2 438 378 439 8
D 436 45 2 70 437 98 8
D 441 79 5 284 300 275 386 120 397 258 409 289 8
D 447 97 2 155 156 157 29
D 446 95 2 153 447 158 193
D 445 93 3 148 446 312 192 313 29
D 444 99 5 302 263 305 315 308 320 269 325 445 8
D 443 89 2 195 444 435 8
D 442 79 2 299 443 328 8
D 440 71 8 102 441 352 334 358 341 345 421 338 422 329 432 294 442 365 8
D 451 55 2 93 89 88 8
D 450 53 2 379 451 380 8
D 449 49 2 78 450 96 8
D 448 45 2 70 449 98 8
D 453 79 5 284 386 275 397 120 409 258 423 289 8
D 458 95 2 158 193 153 29
D 457 93 3 148 458 312 192 313 29
D 456 99 4 302 315 305 320 308 325 457 8
D 455 89 2 195 456 435 8
D 454 79 2 299 455 328 8
D 452 71 8 102 453 352 298 358 334 345 341 338 432 329 442 294 454 365 8
L 464 58 29
D 463 57 2 90 464 92 8
D 462 55 2 88 463 93 8
D 461 53 2 379 462 380 8
D 460 49 2 78 461 96 8
D 459 45 2 70 460 98 8
D 466 79 5 284 397 275 409 120 423 258 433 289 8
D 471 91 2 149 150 151 160
D 470 93 2 312 192 471 29
D 469 99 3 302 320 305 325 470 8
D 468 89 2 195 469 435 8
D 467 79 2 299 468 328 8
D 465 71 8 102 466 358 298 345 334 352 385 338 442 329 454 294 467 365 8
D 476 57 2 92 91 90 8
D 475 55 2 88 476 93 8
D 474 53 2 379 475 380 8
D 473 49 2 78 474 96 8
D 472 45 2 70 473 98 8
D 478 79 5 284 409 275 423 120 433 258 443 289 8
D 482 93 2 303 192 304 29
D 481 99 2 302 325 482 8
D 480 89 2 195 481 435 8
D 479 79 2 299 480 328 8
D 477 71 8 345 298 102 478 358 385 352 396 338 454 329 467 294 479 365 8
D 485 43 2 75 74 73 100
D 484 41 2 71 485 76 72
D 489 57 2 90 464 92 29
D 488 55 2 88 489 93 29
D 487 53 2 379 488 380 29
D 486 49 2 78 487 96 29
D 491 47 2 81 80 79 97
D 493 51 2 86 95 84 85
D 495 57 2 90 91 92 464
D 494 55 2 93 489 88 495
D 496 51 2 86 85 84 8
D 492 53 3 493 488 379 494 496 29
D 497 47 2 81 97 79 8
D 490 49 3 491 487 78 492 497 29
D 499 43 2 75 100 73 8
D 498 41 2 71 499 76 99
D 483 45 3 484 486 70 490 498 29
D 68 59 11 69 101 374 383 391 394 401 406 414 419 426 430 436 440 448 452 459 465 472 477 483 8
D 503 31 2 53 62 51 8
D 504 31 2 53 52 51 29
D 502 33 2 503 54 504 8
D 501 29 2 45 502 63 8
D 500 25 2 37 501 65 8
D 507 79 5 284 423 275 433 120 443 258 455 289 8
D 510 67 2 115 369 110 114
D 509 65 2 108 510 116 370
D 508 63 3 103 509 371 372 373 29
D 506 71 7 345 385 102 507 358 396 352 408 338 467 329 479 508 8
D 505 59 11 69 383 374 394 391 406 401 419 414 430 426 440 436 452 448 465 459 477 472 506 483 8
D 512 21 2 43 39 38 8
D 515 31 2 53 52 51 8
D 516 31 2 53 62 51 29
D 514 33 2 515 54 516 8
D 513 29 2 45 514 63 8
D 517 21 2 43 66 38 29
D 511 25 2 512 513 517 8
D 520 79 5 284 433 275 443 120 455 258 468 289 8
D 522 65 2 116 370 108 369
D 521 63 3 103 522 371 372 373 29
D 519 71 6 345 396 102 520 358 408 352 422 338 479 521 8
D 518 59 11 69 394 374 406 391 419 401 430 414 440 426 452 436 465 448 477 459 506 472 519 483 8
D 525 23 2 40 67 42 8
D 524 21 2 38 525 43 8
D 527 23 2 40 41 42 29
D 526 21 2 38 527 43 29
D 523 25 2 524 513 526 8
D 530 79 5 284 443 275 455 120 468 258 480 289 8
D 531 63 3 371 372 103 370 373 29
D 529 71 5 345 408 102 530 358 422 352 432 531 8
D 528 59 11 69 406 374 419 391 430 401 440 414 452 426 465 436 477 448 506 459 519 472 529 483 8
D 534 23 2 42 41 40 8
D 533 21 2 38 534 43 8
D 536 23 2 42 67 40 29
D 535 21 2 38 536 43 29
D 532 25 2 533 513 535 8
D 541 77 2 126 260 128 29
D 540 75 3 121 541 291 292 293 29
D 539 79 4 284 455 275 468 120 480 540 8
D 538 71 5 345 422 102 539 358 432 352 442 531 8
D 537 59 11 69 419 374 430 391 440 401 452 414 465 426 477 436 506 448 519 459 529 472 538 483 8
D 544 27 2 48 47 46 8
D 545 27 2 48 64 46 29
D 543 29 2 544 514 545 8
D 542 25 2 37 543 65 8
D 550 73 2 122 123 124 130
D 549 75 2 291 292 550 29
D 548 79 3 284 468 275 480 549 8
D 547 71 5 345 432 102 548 358 442 352 454 531 8
D 546 59 11 69 430 374 440 391 452 401 465 414 477 426 506 436 519 448 529 459 538 472 547 483 8
D 553 27 2 46 64 48 8
D 554 27 2 46 47 48 29
D 552 29 2 553 514 554 8
D 551 25 2 37 552 65 8
D 558 75 2 285 292 286 29
D 557 79 2 284 480 558 8
D 556 71 5 345 442 102 557 358 454 352 467 531 8
D 555 59 11 69 440 374 452 391 465 401 477 414 506 426 519 436 529 448 538 459 547 472 556 483 8
D 562 35 2 60 56 55 8
D 561 33 2 515 562 516 8
D 560 29 2 45 561 63 8
D 559 25 2 37 560 65 8
D 566 65 2 116 370 108 29
D 565 63 3 371 372 103 566 373 29
D 564 71 4 345 454 358 467 352 479 565 8
D 563 59 11 69 452 374 465 391 477 401 506 414 519 426 529 436 538 448 547 459 556 472 564 483 8
D 571 37 2 59 58 57 8
D 570 35 2 55 571 60 8
D 569 33 2 515 570 516 8
D 568 29 2 45 569 63 8
D 567 25 2 37 568 65 8
D 574 63 3 359 372 103 566 106 29
D 573 71 3 345 467 358 479 574 8
D 572 59 11 69 465 374 477 391 506 401 519 414 529 426 538 436 547 448 556 459 564 472 573 483 8
L 580 38 20
D 579 37 2 57 580 59 8
D 578 35 2 55 579 60 8
D 577 33 2 515 578 516 8
D 576 29 2 45 577 63 8
D 575 25 2 37 576 65 8
D 583 63 2 103 566 117 29
D 582 71 2 345 479 583 8
D 581 59 11 69 477 374 506 391 519 401 529 414 538 426 547 436 556 448 564 459 573 472 582 483 8
D 586 23 2 42 41 40 67
D 585 21 2 38 586 43 39
D 590 37 2 57 580 59 29
D 589 35 2 55 590 60 29
D 588 33 2 515 589 516 29
D 587 29 2 45 588 63 29
D 592 27 2 48 47 46 64
D 594 31 2 51 52 53 62
D 596 37 2 57 58 59 580
D 595 35 2 60 590 55 596
D 597 31 2 51 62 53 8
D 593 33 3 594 589 515 595 597 29
D 598 27 2 48 64 46 8
D 591 29 3 592 588 45 593 598 29
D 600 23 2 42 67 40 8
D 599 21 2 38 600 43 66
D 584 25 3 585 587 37 591 599 29
D 35 39 11 36 68 500 505 511 518 523 528 532 537 542 546 551 555 559 563 567 572 575 581 584 8
D 603 3 2 5 34 7 8
D 602 1 2 3 603 9 8
D 606 11 2 17 28 19 8
D 607 11 2 17 18 19 29
D 605 13 2 606 20 607 8
D 604 9 2 11 605 30 8
D 609 3 2 5 6 7 29
D 608 1 2 3 609 9 29
D 601 5 2 602 604 608 8
D 616 57 2 90 91 92 29
D 615 55 2 88 616 93 489
D 614 53 3 379 615 493 488 496 29
D 613 49 3 78 614 491 487 497 29
D 612 45 3 70 613 484 486 498 29
D 611 59 10 69 506 374 519 391 529 401 538 414 547 426 556 436 564 448 573 459 582 612 8
D 610 39 11 36 505 500 518 511 528 523 537 532 546 542 555 551 563 559 572 567 581 575 611 584 8
D 618 1 2 9 4 3 8
D 619 1 2 9 33 3 29
D 617 5 2 618 604 619 8
D 625 55 2 93 489 88 29
D 624 53 3 379 625 493 488 496 29
D 623 49 3 78 624 491 487 497 29
D 622 45 3 70 623 484 486 498 29
D 621 59 9 69 519 374 529 391 538 401 547 414 556 426 564 436 573 448 582 622 8
D 620 39 11 36 518 500 528 511 537 523 546 532 555 542 563 551 572 559 581 567 611 575 621 584 8
D 628 3 2 7 6 5 8
D 627 1 2 3 628 9 8
D 630 3 2 7 34 5 29
D 629 1 2 3 630 9 29
D 626 5 2 627 604 629 8
D 636 51 2 84 95 86 85
D 635 53 2 493 488 636 29
D 634 49 3 78 635 491 487 497 29
D 633 45 3 70 634 484 486 498 29
D 632 59 8 69 529 374 538 391 547 401 556 414 564 426 573 436 582 633 8
D 631 39 11 36 528 500 537 511 546 523 555 532 563 542 572 551 581 559 611 567 621 575 632 584 8
D 640 11 2 19 28 17 8
D 641 11 2 19 18 17 29
D 639 13 2 640 20 641 8
D 638 9 2 11 639 30 8
D 637 5 2 2 638 32 8
D 645 49 3 78 635 428 487 97 29
D 644 45 3 70 645 484 486 498 29
D 643 59 7 69 538 374 547 391 556 401 564 414 573 426 582 644 8
D 642 39 11 36 537 500 546 511 555 523 563 532 572 542 581 551 611 559 621 567 632 575 643 584 8
D 648 7 2 14 13 12 8
D 649 7 2 14 31 12 29
D 647 9 2 648 605 649 8
D 646 5 2 2 647 32 8
D 653 49 2 78 635 96 29
D 652 45 3 70 653 484 486 498 29
D 651 59 6 69 547 374 556 391 564 401 573 414 582 652 8
D 650 39 11 36 546 500 555 511 563 523 572 532 581 542 611 551 621 559 632 567 643 575 651 584 8
D 656 7 2 12 31 14 8
D 657 7 2 12 13 14 29
D 655 9 2 656 605 657 8
D 654 5 2 2 655 32 8
D 662 53 2 83 488 94 29
D 661 49 2 78 662 96 29
D 660 45 3 70 661 484 486 498 29
D 659 59 5 69 556 374 564 391 573 401 582 660 8
D 658 39 11 36 555 500 563 511 572 523 581 532 611 542 621 551 632 559 643 567 651 575 659 584 8
D 666 15 2 26 22 21 8
D 665 13 2 606 666 607 8
D 664 9 2 11 665 30 8
D 663 5 2 2 664 32 8
D 670 41 2 71 376 76 72
D 671 41 2 76 99 71 75
D 669 45 3 70 661 670 486 671 29
D 668 59 4 69 564 374 573 391 582 669 8
D 667 39 11 36 563 500 572 511 581 523 611 532 621 542 632 551 643 559 651 567 659 575 668 584 8
L 677 18 9
D 676 17 2 23 677 25 8
D 675 15 2 21 676 26 8
D 674 13 2 606 675 607 8
D 673 9 2 11 674 30 8
D 672 5 2 2 673 32 8
D 681 41 2 71 75 76 29
D 680 45 3 70 661 375 486 681 29
D 679 59 3 69 573 374 582 680 8
D 678 39 11 36 572 500 581 511 611 523 621 532 632 542 643 551 651 559 659 567 668 575 679 584 8
D 686 17 2 25 24 23 8
D 685 15 2 21 686 26 8
D 684 13 2 606 685 607 8
D 683 9 2 11 684 30 8
D 682 5 2 2 683 32 8
D 689 45 2 70 661 98 29
D 688 59 2 69 582 689 8
D 687 39 11 36 581 500 611 511 621 523 632 532 643 542 651 551 659 559 668 567 679 575 688 584 8
D 694 17 2 23 24 25 677
D 695 17 2 23 677 25 29
D 693 15 2 21 694 26 695
D 696 11 2 19 28 17 18
D 697 15 2 21 695 26 29
D 698 11 2 19 18 17 8
D 692 13 3 606 693 696 697 698 29
D 699 7 2 14 13 12 31
D 700 13 2 606 697 607 29
D 701 7 2 14 31 12 8
D 691 9 3 11 692 699 700 701 29
D 703 3 2 7 6 5 34
D 702 1 2 3 703 9 4
D 704 9 2 11 700 30 29
D 706 3 2 7 34 5 8
D 705 1 2 3 706 9 33
D 690 5 3 2 691 702 704 705 29
D 0 19 11 1 35 601 610 617 620 626 631 637 642 646 650 654 658 663 667 672 678 682 687 690 8
