c ids of sdd nodes start at 0
c sdd nodes appear bottom-up, children before parents
c
c file syntax:
c sdd count-of-sdd-nodes
c F id-of-false-sdd-node
c T id-of-true-sdd-node
c L id-of-literal-sdd-node id-of-vtree literal
c D id-of-decomposition-sdd-node id-of-vtree number-of-elements {id-of-prime id-of-sub}*
c
sdd 710
L 3 0 -3
L 5 2 -4
L 6 4 -2
L 7 2 4
F 8
D 4 3 2 5 6 7 8
L 9 0 3
D 2 1 2 3 4 9 8
L 12 6 -6
L 13 8 -7
L 14 6 6
D 11 7 2 12 13 14 8
L 17 10 -5
L 18 12 1
L 19 10 5
D 16 11 2 17 18 19 8
L 21 14 -8
L 23 16 -10
L 24 18 -9
L 25 16 10
D 22 17 2 23 24 25 8
L 26 14 8
D 20 15 2 21 22 26 8
L 28 12 -1
T 29
D 27 11 2 17 28 19 29
D 15 13 2 16 20 27 8
L 31 8 7
D 30 7 2 12 31 14 29
D 10 9 2 11 15 30 8
L 34 4 2
D 33 3 2 5 34 7 29
D 32 1 2 3 33 9 29
D 1 5 2 2 10 32 8
L 38 20 -13
L 40 22 -15
L 41 24 -14
L 42 22 15
D 39 23 2 40 41 42 8
L 43 20 13
D 37 21 2 38 39 43 8
L 46 26 -16
L 47 28 -17
L 48 26 16
D 45 27 2 46 47 48 8
L 51 30 11
L 52 32 -12
L 53 30 -11
D 50 31 2 51 52 53 8
L 55 34 -18
L 57 36 -19
L 58 38 -20
L 59 36 19
D 56 37 2 57 58 59 8
L 60 34 18
D 54 35 2 55 56 60 8
L 62 32 12
D 61 31 2 51 62 53 29
D 49 33 2 50 54 61 8
L 64 28 17
D 63 27 2 46 64 48 29
D 44 29 2 45 49 63 8
L 67 24 14
D 66 23 2 40 67 42 29
D 65 21 2 38 66 43 29
D 36 25 2 37 44 65 8
L 71 40 -23
L 73 42 -24
L 74 44 -22
L 75 42 24
D 72 43 2 73 74 75 8
L 76 40 23
D 70 41 2 71 72 76 8
L 79 46 -26
L 80 48 -27
L 81 46 26
D 78 47 2 79 80 81 8
L 84 50 -25
L 85 52 21
L 86 50 25
D 83 51 2 84 85 86 8
L 88 54 -28
L 90 56 -30
L 91 58 -29
L 92 56 30
D 89 57 2 90 91 92 8
L 93 54 28
D 87 55 2 88 89 93 8
L 95 52 -21
D 94 51 2 84 95 86 29
D 82 53 2 83 87 94 8
L 97 48 27
D 96 47 2 79 97 81 29
D 77 49 2 78 82 96 8
L 100 44 22
D 99 43 2 73 100 75 29
D 98 41 2 71 99 76 29
D 69 45 2 70 77 98 8
L 104 60 -33
L 105 62 -32
L 106 60 33
D 103 61 2 104 105 106 8
L 108 64 -31
L 110 66 -38
L 112 68 40
L 113 70 -39
L 114 68 -40
D 111 69 2 112 113 114 8
L 115 66 38
D 109 67 2 110 111 115 8
L 116 64 31
D 107 65 2 108 109 116 8
L 118 62 32
D 117 61 2 104 118 106 29
D 102 63 2 103 107 117 8
L 122 72 -34
L 123 74 -35
L 124 72 34
D 121 73 2 122 123 124 8
L 126 76 -37
L 127 78 -36
L 128 76 37
D 125 77 2 126 127 128 8
L 130 74 35
D 129 73 2 122 130 124 29
D 120 75 2 121 125 129 8
L 134 80 -46
L 135 82 -47
L 136 80 46
D 133 81 2 134 135 136 8
L 138 84 -48
L 140 86 -49
L 141 88 -50
L 142 86 49
D 139 87 2 140 141 142 8
L 143 84 48
D 137 85 2 138 139 143 8
L 145 82 47
D 144 81 2 134 145 136 29
D 132 83 2 133 137 144 8
L 149 90 -41
L 150 92 42
L 151 90 41
D 148 91 2 149 150 151 8
L 153 94 -43
L 155 96 -45
L 156 98 -44
L 157 96 45
D 154 97 2 155 156 157 8
L 158 94 43
D 152 95 2 153 154 158 8
L 160 92 -42
D 159 91 2 149 160 151 29
D 147 93 2 148 152 159 8
L 163 100 -51
L 164 102 -52
L 165 100 51
D 162 101 2 163 164 165 8
L 168 104 -53
L 169 106 -54
L 170 104 53
D 167 105 2 168 169 170 8
L 172 108 -55
L 174 110 -56
L 176 112 -57
L 178 114 -58
L 180 116 -59
L 181 118 60
L 182 116 59
D 179 117 2 180 181 182 8
L 183 114 58
D 177 115 2 178 179 183 8
L 184 112 57
D 175 113 2 176 177 184 8
L 185 110 56
D 173 111 2 174 175 185 8
L 186 108 55
D 171 109 2 172 173 186 8
L 188 106 54
D 187 105 2 168 188 170 29
D 166 107 2 167 171 187 8
L 190 102 52
D 189 101 2 163 190 165 29
D 161 103 2 162 166 189 8
D 192 91 2 149 160 151 8
D 193 95 2 158 154 153 8
D 194 91 2 149 150 151 29
D 191 93 2 192 193 194 8
L 202 118 -60
D 201 117 2 182 202 180 8
D 200 115 2 178 201 183 8
D 199 113 2 176 200 184 8
D 198 111 2 174 199 185 8
D 197 109 2 172 198 186 8
D 196 107 2 167 197 187 8
D 195 103 2 162 196 189 8
L 206 98 44
D 205 97 2 155 206 157 8
D 204 95 2 153 205 158 8
D 203 93 2 192 204 194 8
D 213 117 2 180 202 182 8
D 212 115 2 183 213 178 8
D 211 113 2 176 212 184 8
D 210 111 2 174 211 185 8
D 209 109 2 172 210 186 8
D 208 107 2 167 209 187 8
D 207 103 2 162 208 189 8
D 216 97 2 157 156 155 8
D 215 95 2 153 216 158 8
D 214 93 2 192 215 194 8
D 222 115 2 178 213 183 8
D 221 113 2 184 222 176 8
D 220 111 2 174 221 185 8
D 219 109 2 172 220 186 8
D 218 107 2 167 219 187 8
D 217 103 2 162 218 189 8
D 225 97 2 155 156 157 206
D 226 97 2 155 206 157 29
D 224 95 2 153 225 158 226
D 227 95 2 153 226 158 29
D 223 93 3 192 224 148 227 151 29
D 146 99 5 147 161 191 195 203 207 214 217 223 8
D 230 87 2 142 141 140 8
D 229 85 2 138 230 143 8
D 228 83 2 133 229 144 8
D 232 93 2 192 152 194 8
D 235 105 2 170 169 168 8
D 238 113 2 176 222 184 8
D 237 111 2 174 238 185 8
D 236 109 2 172 237 186 8
D 239 105 2 170 188 168 29
D 234 107 2 235 236 239 8
D 233 103 2 162 234 189 8
D 240 93 2 192 227 194 29
D 231 99 2 232 233 240 8
L 244 88 50
D 243 87 2 140 244 142 8
D 242 85 2 138 243 143 8
D 241 83 2 133 242 144 8
D 247 101 2 163 190 165 8
D 248 107 2 167 236 187 8
D 249 101 2 163 164 165 29
D 246 103 2 247 248 249 8
D 245 99 2 232 246 240 8
D 251 85 2 143 139 138 8
D 250 83 2 133 251 144 8
D 255 105 2 168 188 170 8
D 256 105 2 168 169 170 29
D 254 107 2 255 236 256 8
D 253 103 2 162 254 189 8
D 252 99 2 232 253 240 8
D 258 81 2 134 145 136 8
D 259 81 2 134 135 136 29
D 257 83 2 258 137 259 8
D 263 109 2 186 237 172 8
D 262 107 2 167 263 187 8
D 261 103 2 162 262 189 8
D 260 99 2 232 261 240 8
D 265 81 2 136 135 134 8
D 266 81 2 136 145 134 29
D 264 83 2 265 137 266 8
D 271 111 2 185 238 174 8
D 270 109 2 172 271 186 8
D 269 107 2 167 270 187 8
D 268 103 2 162 269 189 8
D 267 99 2 232 268 240 8
D 274 87 2 142 244 140 8
D 275 87 2 140 244 142 29
D 273 85 2 138 274 143 275
D 276 81 2 136 135 134 145
D 277 85 2 138 275 143 29
D 278 81 2 136 145 134 8
D 272 83 3 133 273 276 277 278 29
D 131 89 7 132 146 228 231 241 245 250 252 257 260 264 267 272 8
L 281 78 36
D 280 77 2 126 281 128 29
D 279 75 2 121 280 129 29
D 119 79 2 120 131 279 8
D 285 69 2 114 113 112 8
D 284 67 2 110 285 115 8
D 283 65 2 108 284 116 8
D 282 63 2 103 283 117 8
D 288 73 2 124 123 122 8
D 289 73 2 124 130 122 29
D 287 75 2 288 125 289 8
D 291 99 2 232 207 240 8
D 292 99 2 232 195 240 8
D 293 99 2 232 161 240 8
D 296 87 2 140 141 142 244
D 295 85 2 138 296 143 275
D 294 83 2 133 295 144 29
D 290 89 4 241 291 228 292 250 293 294 8
D 298 77 2 128 127 126 8
D 297 75 2 121 298 129 8
D 303 97 2 157 206 155 29
D 302 95 2 153 303 158 29
D 301 93 2 192 302 194 29
D 300 99 2 214 161 301 8
D 304 99 2 232 217 240 8
D 299 89 7 241 260 132 300 228 267 250 304 257 291 264 292 272 8
D 306 77 2 126 281 128 8
D 305 75 2 121 306 129 8
D 308 83 3 133 295 276 277 278 29
D 307 89 6 241 267 228 304 250 291 257 292 264 293 308 8
D 310 73 2 122 130 124 8
D 311 73 2 122 123 124 29
D 309 75 2 310 125 311 8
D 313 83 3 133 295 258 277 136 29
D 312 89 5 241 304 228 291 250 292 257 293 313 8
D 315 77 2 126 127 128 281
D 316 73 2 124 123 122 130
D 317 73 2 124 130 122 8
D 314 75 3 121 315 316 280 317 29
D 286 79 5 287 290 297 299 305 307 309 312 314 8
L 322 70 39
D 321 69 2 114 322 112 8
D 320 67 2 110 321 115 8
D 319 65 2 108 320 116 8
D 318 63 2 103 319 117 8
D 326 93 2 192 224 194 29
D 325 99 4 191 161 203 195 214 207 326 8
D 324 89 7 241 231 132 325 228 252 250 260 257 267 264 304 272 8
D 323 79 2 120 324 279 8
D 328 61 2 104 118 106 8
D 329 61 2 104 105 106 29
D 327 63 2 328 283 329 8
D 334 87 2 140 141 142 29
D 333 85 2 138 334 143 29
D 332 83 2 133 333 144 29
D 331 89 2 241 293 332 8
D 330 79 2 120 331 279 8
D 337 67 2 115 285 110 8
D 336 65 2 108 337 116 8
D 335 63 2 103 336 117 8
D 342 95 2 153 225 158 29
D 341 93 2 192 342 194 29
D 340 99 3 203 161 214 195 341 8
D 339 89 7 241 252 132 340 228 260 250 267 257 304 264 291 272 8
D 338 79 2 120 339 279 8
D 344 61 2 106 105 104 8
D 345 61 2 106 118 104 29
D 343 63 2 344 283 345 8
D 349 85 2 138 296 143 29
D 348 83 2 133 349 144 29
D 347 89 3 241 292 228 293 348 8
D 346 79 2 120 347 279 8
D 353 69 2 112 322 114 8
D 354 69 2 114 322 112 29
D 352 67 2 110 353 115 354
D 351 65 2 108 352 116 29
D 355 61 2 106 105 104 118
D 357 67 2 110 354 115 29
D 356 65 2 108 357 116 29
D 358 61 2 106 118 104 8
D 350 63 3 103 351 355 356 358 29
D 101 71 7 102 119 282 286 318 323 327 330 335 338 343 346 350 8
D 361 43 2 73 100 75 8
D 360 41 2 71 361 76 8
D 364 51 2 84 95 86 8
D 365 51 2 84 85 86 29
D 363 53 2 364 87 365 8
D 362 49 2 78 363 96 8
D 367 43 2 73 74 75 29
D 366 41 2 71 367 76 29
D 359 45 2 360 362 366 8
D 369 79 5 305 299 297 339 309 307 287 312 314 8
D 374 91 2 151 160 149 8
D 375 91 2 151 150 149 29
D 373 93 2 374 152 375 8
D 377 91 2 151 160 149 150
D 378 91 2 151 150 149 8
D 376 93 3 192 224 377 227 378 29
D 372 99 6 373 161 147 195 191 207 203 217 214 268 376 8
D 381 101 2 165 164 163 8
D 382 101 2 165 190 163 29
D 380 103 2 381 248 382 8
D 379 99 2 232 380 240 8
D 371 89 7 132 372 250 231 228 245 257 252 241 379 264 260 272 8
D 370 79 2 120 371 279 8
D 384 65 2 116 284 108 8
D 383 63 2 103 384 117 8
D 385 79 2 120 290 279 8
D 387 65 2 108 352 116 357
D 386 63 3 103 387 355 356 358 29
D 368 71 8 282 369 102 370 318 119 335 323 383 330 343 385 327 346 386 8
D 389 41 2 76 72 71 8
D 390 41 2 76 99 71 29
D 388 45 2 389 362 390 8
D 392 79 5 309 299 305 339 297 324 287 307 314 8
D 395 99 6 373 195 147 207 191 217 203 268 214 261 376 8
D 397 85 2 143 275 138 244
D 396 83 3 133 397 276 277 278 29
D 394 89 6 132 395 257 231 250 245 264 252 228 379 396 8
D 393 79 2 120 394 279 8
D 398 79 2 120 312 279 8
D 391 71 8 282 392 318 370 335 119 102 393 343 398 327 385 383 346 386 8
D 401 43 2 75 74 73 8
D 400 41 2 71 401 76 8
D 403 43 2 75 100 73 29
D 402 41 2 71 403 76 29
D 399 45 2 400 362 402 8
D 405 79 5 287 299 309 339 305 324 297 131 314 8
D 408 99 6 373 207 147 217 191 268 203 261 214 253 376 8
D 409 83 3 276 277 133 275 278 29
D 407 89 5 132 408 264 231 257 245 250 379 409 8
D 406 79 2 120 407 279 8
D 410 79 2 120 307 279 8
D 404 71 8 282 405 335 370 318 393 102 406 343 410 327 398 383 385 386 8
D 414 51 2 86 95 84 8
D 415 51 2 86 85 84 29
D 413 53 2 414 87 415 8
D 412 49 2 78 413 96 8
D 411 45 2 70 412 98 8
D 417 79 5 287 339 309 324 305 131 297 371 314 8
D 420 99 6 373 217 147 268 191 261 203 253 214 233 376 8
D 422 81 2 136 135 134 29
D 421 83 2 422 277 278 29
D 419 89 4 264 245 132 420 257 379 421 8
D 418 79 2 120 419 279 8
D 423 79 2 120 299 279 8
D 416 71 8 282 417 335 393 318 406 102 418 343 423 327 410 383 398 386 8
D 426 47 2 81 80 79 8
D 427 47 2 81 97 79 29
D 425 49 2 426 363 427 8
D 424 45 2 70 425 98 8
D 429 79 5 287 324 309 131 305 371 297 394 314 8
D 432 99 6 373 268 147 261 191 253 203 233 214 246 376 8
D 433 83 2 135 277 145 29
D 431 89 3 264 379 132 432 433 8
D 430 79 2 120 431 279 8
D 428 71 8 282 429 343 338 335 406 318 418 327 423 102 430 383 410 386 8
D 436 47 2 79 97 81 8
D 437 47 2 79 80 81 29
D 435 49 2 436 363 437 8
D 434 45 2 70 435 98 8
D 439 79 5 287 131 309 371 305 394 297 407 314 8
D 442 99 6 373 261 147 253 191 233 203 246 214 380 376 8
D 443 83 2 133 277 144 29
D 441 89 2 132 442 443 8
D 440 79 2 120 441 279 8
D 438 71 8 282 439 343 323 327 338 335 418 383 423 318 430 102 440 386 8
D 447 55 2 93 89 88 8
D 446 53 2 364 447 365 8
D 445 49 2 78 446 96 8
D 444 45 2 70 445 98 8
D 449 79 5 287 371 309 394 305 407 297 419 314 8
D 455 97 2 155 156 157 29
D 454 95 2 153 455 158 226
D 453 93 3 192 454 377 227 378 29
D 452 99 5 373 253 147 233 191 246 203 380 453 8
D 451 89 2 132 452 443 8
D 450 79 2 120 451 279 8
D 448 71 8 282 449 343 119 327 323 383 338 335 430 318 440 102 450 386 8
L 461 58 29
D 460 57 2 90 461 92 8
D 459 55 2 88 460 93 8
D 458 53 2 364 459 365 8
D 457 49 2 78 458 96 8
D 456 45 2 70 457 98 8
D 463 79 5 287 394 309 407 305 419 297 431 314 8
D 468 95 2 158 226 153 29
D 467 93 3 192 468 377 227 378 29
D 466 99 4 373 233 147 246 191 380 467 8
D 465 89 2 132 466 443 8
D 464 79 2 120 465 279 8
D 462 71 8 282 463 343 370 327 119 383 323 335 440 318 450 102 464 386 8
D 473 57 2 92 91 90 8
D 472 55 2 88 473 93 8
D 471 53 2 364 472 365 8
D 470 49 2 78 471 96 8
D 469 45 2 70 470 98 8
D 475 79 5 287 407 309 419 305 431 297 441 314 8
D 480 91 2 149 160 151 150
D 479 93 2 377 227 480 29
D 478 99 3 373 246 147 380 479 8
D 477 89 2 132 478 443 8
D 476 79 2 120 477 279 8
D 474 71 8 282 475 327 370 383 119 343 393 335 450 318 464 102 476 386 8
D 483 43 2 75 74 73 100
D 482 41 2 71 483 76 72
D 487 57 2 90 461 92 29
D 486 55 2 88 487 93 29
D 485 53 2 364 486 365 29
D 484 49 2 78 485 96 29
D 489 47 2 81 80 79 97
D 491 51 2 86 95 84 85
D 493 57 2 90 91 92 461
D 492 55 2 93 487 88 493
D 494 51 2 86 85 84 8
D 490 53 3 491 486 364 492 494 29
D 495 47 2 81 97 79 8
D 488 49 3 489 485 78 490 495 29
D 497 43 2 75 100 73 8
D 496 41 2 71 497 76 99
D 481 45 3 482 484 70 488 496 29
D 68 59 11 69 101 359 368 388 391 399 404 411 416 424 428 434 438 444 448 456 462 469 474 481 8
D 501 31 2 53 62 51 8
D 502 31 2 53 52 51 29
D 500 33 2 501 54 502 8
D 499 29 2 45 500 63 8
D 498 25 2 37 499 65 8
D 505 79 5 287 419 309 431 305 441 297 451 314 8
D 509 93 2 374 227 375 29
D 508 99 2 373 380 509 8
D 507 89 2 132 508 443 8
D 506 79 2 120 507 279 8
D 504 71 8 383 370 282 505 327 393 343 406 335 464 318 476 102 506 386 8
D 503 59 11 69 368 359 391 388 404 399 416 411 428 424 438 434 448 444 462 456 474 469 504 481 8
D 511 21 2 43 39 38 8
D 514 31 2 53 52 51 8
D 515 31 2 53 62 51 29
D 513 33 2 514 54 515 8
D 512 29 2 45 513 63 8
D 516 21 2 43 66 38 29
D 510 25 2 511 512 516 8
D 519 79 5 287 431 309 441 305 451 297 465 314 8
D 522 67 2 115 354 110 112
D 521 65 2 108 522 116 357
D 520 63 3 103 521 355 356 358 29
D 518 71 7 383 393 282 519 327 406 343 418 335 476 318 506 520 8
D 517 59 11 69 391 359 404 388 416 399 428 411 438 424 448 434 462 444 474 456 504 469 518 481 8
D 525 23 2 40 67 42 8
D 524 21 2 38 525 43 8
D 527 23 2 40 41 42 29
D 526 21 2 38 527 43 29
D 523 25 2 524 512 526 8
D 530 79 5 287 441 309 451 305 465 297 477 314 8
D 532 65 2 116 357 108 354
D 531 63 3 103 532 355 356 358 29
D 529 71 6 383 406 282 530 327 418 343 430 335 506 531 8
D 528 59 11 69 404 359 416 388 428 399 438 411 448 424 462 434 474 444 504 456 518 469 529 481 8
D 535 23 2 42 41 40 8
D 534 21 2 38 535 43 8
D 537 23 2 42 67 40 29
D 536 21 2 38 537 43 29
D 533 25 2 534 512 536 8
D 540 79 5 287 451 309 465 305 477 297 507 314 8
D 541 63 3 355 356 103 357 358 29
D 539 71 5 383 418 282 540 327 430 343 440 541 8
D 538 59 11 69 416 359 428 388 438 399 448 411 462 424 474 434 504 444 518 456 529 469 539 481 8
D 544 27 2 48 47 46 8
D 545 27 2 48 64 46 29
D 543 29 2 544 513 545 8
D 542 25 2 37 543 65 8
D 550 77 2 126 127 128 29
D 549 75 3 121 550 316 280 317 29
D 548 79 4 287 465 309 477 305 507 549 8
D 547 71 5 383 430 282 548 327 440 343 450 541 8
D 546 59 11 69 428 359 438 388 448 399 462 411 474 424 504 434 518 444 529 456 539 469 547 481 8
D 553 27 2 46 64 48 8
D 554 27 2 46 47 48 29
D 552 29 2 553 513 554 8
D 551 25 2 37 552 65 8
D 559 73 2 122 123 124 130
D 558 75 2 316 280 559 29
D 557 79 3 287 477 309 507 558 8
D 556 71 5 383 440 282 557 327 450 343 464 541 8
D 555 59 11 69 438 359 448 388 462 399 474 411 504 424 518 434 529 444 539 456 547 469 556 481 8
D 563 35 2 60 56 55 8
D 562 33 2 514 563 515 8
D 561 29 2 45 562 63 8
D 560 25 2 37 561 65 8
D 567 75 2 288 280 289 29
D 566 79 2 287 507 567 8
D 565 71 5 383 450 282 566 327 464 343 476 541 8
D 564 59 11 69 448 359 462 388 474 399 504 411 518 424 529 434 539 444 547 456 556 469 565 481 8
D 572 37 2 59 58 57 8
D 571 35 2 55 572 60 8
D 570 33 2 514 571 515 8
D 569 29 2 45 570 63 8
D 568 25 2 37 569 65 8
D 576 65 2 116 357 108 29
D 575 63 3 355 356 103 576 358 29
D 574 71 4 383 464 327 476 343 506 575 8
D 573 59 11 69 462 359 474 388 504 399 518 411 529 424 539 434 547 444 556 456 565 469 574 481 8
L 582 38 20
D 581 37 2 57 582 59 8
D 580 35 2 55 581 60 8
D 579 33 2 514 580 515 8
D 578 29 2 45 579 63 8
D 577 25 2 37 578 65 8
D 585 63 3 328 356 103 576 106 29
D 584 71 3 383 476 327 506 585 8
D 583 59 11 69 474 359 504 388 518 399 529 411 539 424 547 434 556 444 565 456 574 469 584 481 8
D 588 23 2 42 41 40 67
D 587 21 2 38 588 43 39
D 592 37 2 57 582 59 29
D 591 35 2 55 592 60 29
D 590 33 2 514 591 515 29
D 589 29 2 45 590 63 29
D 594 27 2 48 47 46 64
D 596 31 2 51 52 53 62
D 598 37 2 57 58 59 582
D 597 35 2 60 592 55 598
D 599 31 2 51 62 53 8
D 595 33 3 596 591 514 597 599 29
D 600 27 2 48 64 46 8
D 593 29 3 594 590 45 595 600 29
D 602 23 2 42 67 40 8
D 601 21 2 38 602 43 66
D 586 25 3 587 589 37 593 601 29
D 35 39 11 36 68 498 503 510 517 523 528 533 538 542 546 551 555 560 564 568 573 577 583 586 8
D 605 3 2 5 34 7 8
D 604 1 2 3 605 9 8
D 608 11 2 17 28 19 8
D 609 11 2 17 18 19 29
D 607 13 2 608 20 609 8
D 606 9 2 11 607 30 8
D 611 3 2 5 6 7 29
D 610 1 2 3 611 9 29
D 603 5 2 604 606 610 8
D 615 63 2 103 576 117 29
D 614 71 2 383 506 615 8
D 613 59 11 69 504 359 518 388 529 399 539 411 547 424 556 434 565 444 574 456 584 469 614 481 8
D 612 39 11 36 503 498 517 510 528 523 538 533 546 542 555 551 564 560 573 568 583 577 613 586 8
D 617 1 2 9 4 3 8
D 618 1 2 9 33 3 29
D 616 5 2 617 606 618 8
D 625 57 2 90 91 92 29
D 624 55 2 88 625 93 487
D 623 53 3 364 624 491 486 494 29
D 622 49 3 78 623 489 485 495 29
D 621 45 3 70 622 482 484 496 29
D 620 59 10 69 518 359 529 388 539 399 547 411 556 424 565 434 574 444 584 456 614 621 8
D 619 39 11 36 517 498 528 510 538 523 546 533 555 542 564 551 573 560 583 568 613 577 620 586 8
D 628 3 2 7 6 5 8
D 627 1 2 3 628 9 8
D 630 3 2 7 34 5 29
D 629 1 2 3 630 9 29
D 626 5 2 627 606 629 8
D 636 55 2 93 487 88 29
D 635 53 3 364 636 491 486 494 29
D 634 49 3 78 635 489 485 495 29
D 633 45 3 70 634 482 484 496 29
D 632 59 9 69 529 359 539 388 547 399 556 411 565 424 574 434 584 444 614 633 8
D 631 39 11 36 528 498 538 510 546 523 555 533 564 542 573 551 583 560 613 568 620 577 632 586 8
D 640 11 2 19 28 17 8
D 641 11 2 19 18 17 29
D 639 13 2 640 20 641 8
D 638 9 2 11 639 30 8
D 637 5 2 2 638 32 8
D 647 51 2 84 95 86 85
D 646 53 2 491 486 647 29
D 645 49 3 78 646 489 485 495 29
D 644 45 3 70 645 482 484 496 29
D 643 59 8 69 539 359 547 388 556 399 565 411 574 424 584 434 614 644 8
D 642 39 11 36 538 498 546 510 555 523 564 533 573 542 583 551 613 560 620 568 632 577 643 586 8
D 650 7 2 14 13 12 8
D 651 7 2 14 31 12 29
D 649 9 2 650 607 651 8
D 648 5 2 2 649 32 8
D 655 49 3 78 646 426 485 97 29
D 654 45 3 70 655 482 484 496 29
D 653 59 7 69 547 359 556 388 565 399 574 411 584 424 614 654 8
D 652 39 11 36 546 498 555 510 564 523 573 533 583 542 613 551 620 560 632 568 643 577 653 586 8
D 658 7 2 12 31 14 8
D 659 7 2 12 13 14 29
D 657 9 2 658 607 659 8
D 656 5 2 2 657 32 8
D 663 49 2 78 646 96 29
D 662 45 3 70 663 482 484 496 29
D 661 59 6 69 556 359 565 388 574 399 584 411 614 662 8
D 660 39 11 36 555 498 564 510 573 523 583 533 613 542 620 551 632 560 643 568 653 577 661 586 8
D 667 15 2 26 22 21 8
D 666 13 2 608 667 609 8
D 665 9 2 11 666 30 8
D 664 5 2 2 665 32 8
D 672 53 2 83 486 94 29
D 671 49 2 78 672 96 29
D 670 45 3 70 671 482 484 496 29
D 669 59 5 69 565 359 574 388 584 399 614 670 8
D 668 39 11 36 564 498 573 510 583 523 613 533 620 542 632 551 643 560 653 568 661 577 669 586 8
L 678 18 9
D 677 17 2 23 678 25 8
D 676 15 2 21 677 26 8
D 675 13 2 608 676 609 8
D 674 9 2 11 675 30 8
D 673 5 2 2 674 32 8
D 682 41 2 71 361 76 72
D 683 41 2 76 99 71 75
D 681 45 3 70 671 682 484 683 29
D 680 59 4 69 574 359 584 388 614 681 8
D 679 39 11 36 573 498 583 510 613 523 620 533 632 542 643 551 653 560 661 568 669 577 680 586 8
D 688 17 2 25 24 23 8
D 687 15 2 21 688 26 8
D 686 13 2 608 687 609 8
D 685 9 2 11 686 30 8
D 684 5 2 2 685 32 8
D 692 41 2 71 75 76 29
D 691 45 3 70 671 360 484 692 29
D 690 59 3 69 584 359 614 691 8
D 689 39 11 36 583 498 613 510 620 523 632 533 643 542 653 551 661 560 669 568 680 577 690 586 8
D 697 17 2 23 24 25 678
D 698 17 2 23 678 25 29
D 696 15 2 21 697 26 698
D 699 11 2 19 28 17 18
D 700 15 2 21 698 26 29
D 701 11 2 19 18 17 8
D 695 13 3 608 696 699 700 701 29
D 702 7 2 14 13 12 31
D 703 13 2 608 700 609 29
D 704 7 2 14 31 12 8
D 694 9 3 11 695 702 703 704 29
D 706 3 2 7 6 5 34
D 705 1 2 3 706 9 4
D 707 9 2 11 703 30 29
D 709 3 2 7 34 5 8
D 708 1 2 3 709 9 33
D 693 5 3 2 694 705 707 708 29
D 0 19 11 1 35 603 612 616 619 626 631 637 642 648 652 656 660 664 668 673 679 684 689 693 8
