c ids of sdd nodes start at 0
c sdd nodes appear bottom-up, children before parents
c
c file syntax:
c sdd count-of-sdd-nodes
c F id-of-false-sdd-node
c T id-of-true-sdd-node
c L id-of-literal-sdd-node id-of-vtree literal
c D id-of-decomposition-sdd-node id-of-vtree number-of-elements {id-of-prime id-of-sub}*
c
sdd 711
L 3 0 -3
L 5 2 -4
L 6 4 -2
L 7 2 4
F 8
D 4 3 2 5 6 7 8
L 9 0 3
D 2 1 2 3 4 9 8
L 12 6 -6
L 13 8 -7
L 14 6 6
D 11 7 2 12 13 14 8
L 17 10 -5
L 18 12 1
L 19 10 5
D 16 11 2 17 18 19 8
L 21 14 -8
L 23 16 -10
L 24 18 -9
L 25 16 10
D 22 17 2 23 24 25 8
L 26 14 8
D 20 15 2 21 22 26 8
L 28 12 -1
T 29
D 27 11 2 17 28 19 29
D 15 13 2 16 20 27 8
L 31 8 7
D 30 7 2 12 31 14 29
D 10 9 2 11 15 30 8
L 34 4 2
D 33 3 2 5 34 7 29
D 32 1 2 3 33 9 29
D 1 5 2 2 10 32 8
L 38 20 -13
L 40 22 -15
L 41 24 -14
L 42 22 15
D 39 23 2 40 41 42 8
L 43 20 13
D 37 21 2 38 39 43 8
L 46 26 -16
L 47 28 -17
L 48 26 16
D 45 27 2 46 47 48 8
L 51 30 11
L 52 32 -12
L 53 30 -11
D 50 31 2 51 52 53 8
L 55 34 -18
L 57 36 -19
L 58 38 -20
L 59 36 19
D 56 37 2 57 58 59 8
L 60 34 18
D 54 35 2 55 56 60 8
L 62 32 12
D 61 31 2 51 62 53 29
D 49 33 2 50 54 61 8
L 64 28 17
D 63 27 2 46 64 48 29
D 44 29 2 45 49 63 8
L 67 24 14
D 66 23 2 40 67 42 29
D 65 21 2 38 66 43 29
D 36 25 2 37 44 65 8
L 71 40 -23
L 73 42 -24
L 74 44 -22
L 75 42 24
D 72 43 2 73 74 75 8
L 76 40 23
D 70 41 2 71 72 76 8
L 79 46 -26
L 80 48 -27
L 81 46 26
D 78 47 2 79 80 81 8
L 84 50 -25
L 85 52 21
L 86 50 25
D 83 51 2 84 85 86 8
L 88 54 -28
L 90 56 -30
L 91 58 -29
L 92 56 30
D 89 57 2 90 91 92 8
L 93 54 28
D 87 55 2 88 89 93 8
L 95 52 -21
D 94 51 2 84 95 86 29
D 82 53 2 83 87 94 8
L 97 48 27
D 96 47 2 79 97 81 29
D 77 49 2 78 82 96 8
L 100 44 22
D 99 43 2 73 100 75 29
D 98 41 2 71 99 76 29
D 69 45 2 70 77 98 8
L 104 60 -33
L 105 62 -32
L 106 60 33
D 103 61 2 104 105 106 8
L 108 64 -31
L 110 66 -38
L 112 68 40
L 113 70 -39
L 114 68 -40
D 111 69 2 112 113 114 8
L 115 66 38
D 109 67 2 110 111 115 8
L 116 64 31
D 107 65 2 108 109 116 8
L 118 62 32
D 117 61 2 104 118 106 29
D 102 63 2 103 107 117 8
L 122 72 -34
L 123 74 -35
L 124 72 34
D 121 73 2 122 123 124 8
L 126 76 -37
L 127 78 -36
L 128 76 37
D 125 77 2 126 127 128 8
L 130 74 35
D 129 73 2 122 130 124 29
D 120 75 2 121 125 129 8
L 134 80 -46
L 135 82 -47
L 136 80 46
D 133 81 2 134 135 136 8
L 138 84 -48
L 140 86 -49
L 141 88 50
L 142 86 49
D 139 87 2 140 141 142 8
L 143 84 48
D 137 85 2 138 139 143 8
L 145 82 47
D 144 81 2 134 145 136 29
D 132 83 2 133 137 144 8
L 149 90 -41
L 150 92 -42
L 151 90 41
D 148 91 2 149 150 151 8
L 153 94 -43
L 155 96 -45
L 156 98 -44
L 157 96 45
D 154 97 2 155 156 157 8
L 158 94 43
D 152 95 2 153 154 158 8
L 160 92 42
D 159 91 2 149 160 151 29
D 147 93 2 148 152 159 8
L 163 100 -51
L 164 102 -52
L 165 100 51
D 162 101 2 163 164 165 8
L 168 104 53
L 169 106 -54
L 170 104 -53
D 167 105 2 168 169 170 8
L 172 108 -55
L 174 110 -56
L 176 112 -57
L 178 114 -58
L 180 116 -59
L 181 118 -60
L 182 116 59
D 179 117 2 180 181 182 8
L 183 114 58
D 177 115 2 178 179 183 8
L 184 112 57
D 175 113 2 176 177 184 8
L 185 110 56
D 173 111 2 174 175 185 8
L 186 108 55
D 171 109 2 172 173 186 8
L 188 106 54
D 187 105 2 168 188 170 29
D 166 107 2 167 171 187 8
L 190 102 52
D 189 101 2 163 190 165 29
D 161 103 2 162 166 189 8
L 194 98 44
D 193 97 2 155 194 157 29
D 192 95 2 153 193 158 29
D 191 93 2 148 192 159 29
D 146 99 2 147 161 191 8
L 198 88 -50
D 197 87 2 140 198 142 8
D 196 85 2 138 197 143 8
D 195 83 2 133 196 144 8
D 201 95 2 158 154 153 8
D 200 93 2 148 201 159 8
D 204 105 2 170 169 168 8
L 210 118 60
D 209 117 2 180 210 182 8
D 208 115 2 178 209 183 8
D 207 113 2 176 208 184 8
D 206 111 2 174 207 185 8
D 205 109 2 172 206 186 8
D 211 105 2 170 188 168 29
D 203 107 2 204 205 211 8
D 202 103 2 162 203 189 8
D 214 97 2 155 194 157 8
D 213 95 2 153 214 158 8
D 212 93 2 148 213 159 8
D 221 117 2 182 181 180 8
D 220 115 2 178 221 183 8
D 219 113 2 176 220 184 8
D 218 111 2 174 219 185 8
D 217 109 2 172 218 186 8
D 216 107 2 204 217 211 8
D 215 103 2 162 216 189 8
D 224 97 2 157 156 155 8
D 223 95 2 153 224 158 8
D 222 93 2 148 223 159 8
D 230 115 2 183 179 178 8
D 229 113 2 176 230 184 8
D 228 111 2 174 229 185 8
D 227 109 2 172 228 186 8
D 226 107 2 204 227 211 8
D 225 103 2 162 226 189 8
D 233 97 2 155 156 157 194
D 232 95 2 153 233 158 193
D 231 93 2 148 232 159 29
D 199 99 4 200 202 212 215 222 225 231 8
D 236 87 2 142 198 140 8
D 235 85 2 138 236 143 8
D 234 83 2 133 235 144 8
D 240 105 2 170 188 168 8
D 241 105 2 170 169 168 29
D 239 107 2 240 171 241 8
D 238 103 2 162 239 189 8
D 237 99 2 147 238 191 8
D 243 85 2 143 197 138 8
D 242 83 2 133 243 144 8
D 247 109 2 186 173 172 8
D 246 107 2 204 247 211 8
D 245 103 2 162 246 189 8
D 244 99 2 147 245 191 8
D 249 81 2 134 145 136 8
D 250 81 2 134 135 136 29
D 248 83 2 249 196 250 8
D 255 111 2 185 175 174 8
D 254 109 2 172 255 186 8
D 253 107 2 204 254 211 8
D 252 103 2 162 253 189 8
D 251 99 2 147 252 191 8
D 257 81 2 136 135 134 8
D 258 81 2 136 145 134 29
D 256 83 2 257 196 258 8
D 264 113 2 184 177 176 8
D 263 111 2 174 264 185 8
D 262 109 2 172 263 186 8
D 261 107 2 204 262 211 8
D 260 103 2 162 261 189 8
D 259 99 2 147 260 191 8
D 267 87 2 142 141 140 8
D 268 87 2 140 141 142 29
D 266 85 2 138 267 143 268
D 269 81 2 136 135 134 145
D 270 85 2 138 268 143 29
D 271 81 2 136 145 134 8
D 265 83 3 133 266 269 270 271 29
D 131 89 7 132 146 195 199 234 237 242 244 248 251 256 259 265 8
L 274 78 36
D 273 77 2 126 274 128 29
D 272 75 2 121 273 129 29
D 119 79 2 120 131 272 8
D 276 61 2 106 105 104 8
D 279 69 2 114 113 112 8
D 278 67 2 110 279 115 8
D 277 65 2 108 278 116 8
D 280 61 2 106 118 104 29
D 275 63 2 276 277 280 8
D 283 99 2 147 202 191 8
D 286 87 2 140 198 142 29
D 285 85 2 138 286 143 29
D 284 83 2 133 285 144 29
D 282 89 2 132 283 284 8
D 281 79 2 120 282 272 8
D 287 63 2 103 277 117 8
D 290 73 2 124 123 122 8
D 291 73 2 124 130 122 29
D 289 75 2 290 125 291 8
D 293 99 2 147 215 191 8
D 296 87 2 140 198 142 141
D 295 85 2 138 296 143 29
D 294 83 2 133 295 144 29
D 292 89 3 132 293 234 283 294 8
D 298 73 2 122 130 124 8
D 299 73 2 122 123 124 29
D 297 75 2 298 125 299 8
D 301 99 2 147 225 191 8
D 303 85 2 138 296 143 268
D 302 83 2 133 303 144 29
D 300 89 4 132 301 234 293 242 283 302 8
D 305 77 2 128 127 126 8
D 304 75 2 121 305 129 8
D 307 83 3 133 303 269 270 271 29
D 306 89 6 132 251 234 259 242 301 248 293 256 283 307 8
D 309 77 2 126 274 128 8
D 308 75 2 121 309 129 8
D 311 83 3 133 303 249 270 136 29
D 310 89 5 132 259 234 301 242 293 248 283 311 8
D 313 77 2 126 127 128 274
D 314 73 2 124 123 122 130
D 315 73 2 124 130 122 8
D 312 75 3 121 313 314 273 315 29
D 288 79 5 289 292 297 300 304 306 308 310 312 8
L 320 70 39
D 319 69 2 114 320 112 8
D 318 67 2 110 319 115 8
D 317 65 2 108 318 116 8
D 316 63 2 103 317 117 8
D 325 95 2 153 233 158 29
D 324 93 2 148 325 159 29
D 323 99 3 212 202 222 215 324 8
D 322 89 7 132 237 195 323 234 244 242 251 248 259 256 301 265 8
D 321 79 2 120 322 272 8
D 328 67 2 115 279 110 8
D 327 65 2 108 328 116 8
D 326 63 2 103 327 117 8
D 334 97 2 157 194 155 29
D 333 95 2 153 334 158 29
D 332 93 2 148 333 159 29
D 331 99 2 222 202 332 8
D 330 89 7 132 244 195 331 234 251 242 259 248 301 256 293 265 8
D 329 79 2 120 330 272 8
D 338 69 2 112 320 114 8
D 339 69 2 114 320 112 29
D 337 67 2 110 338 115 339
D 336 65 2 108 337 116 29
D 341 67 2 110 339 115 29
D 340 65 2 108 341 116 29
D 335 63 3 103 336 276 340 118 29
D 101 71 6 102 119 275 281 287 288 316 321 326 329 335 8
D 344 43 2 73 100 75 8
D 343 41 2 71 344 76 8
D 347 51 2 84 95 86 8
D 348 51 2 84 85 86 29
D 346 53 2 347 87 348 8
D 345 49 2 78 346 96 8
D 350 43 2 73 74 75 29
D 349 41 2 71 350 76 29
D 342 45 2 343 345 349 8
D 356 91 2 149 160 151 8
D 357 91 2 149 150 151 29
D 355 93 2 356 152 357 8
D 358 93 3 148 232 356 192 151 29
D 354 99 5 355 202 200 215 212 225 222 260 358 8
D 361 101 2 163 190 165 8
D 362 107 2 204 171 211 8
D 363 101 2 163 164 165 29
D 360 103 2 361 362 363 8
D 359 99 2 147 360 191 8
D 353 89 7 195 354 234 146 132 359 242 237 248 244 256 251 265 8
D 352 79 2 120 353 272 8
D 364 79 5 289 300 304 330 308 306 297 310 312 8
D 366 61 2 104 118 106 8
D 367 61 2 104 105 106 29
D 365 63 2 366 277 367 8
D 368 79 2 120 292 272 8
D 370 61 2 106 105 104 118
D 371 61 2 106 118 104 8
D 369 63 3 103 336 370 340 371 29
D 351 71 7 102 352 287 364 316 119 365 281 326 321 275 368 369 8
D 373 41 2 76 72 71 8
D 374 41 2 76 99 71 29
D 372 45 2 373 345 374 8
D 376 79 5 308 330 304 322 297 306 289 310 312 8
D 381 91 2 151 150 149 8
D 382 91 2 151 160 149 29
D 380 93 2 381 152 382 8
D 384 91 2 151 150 149 160
D 385 91 2 151 160 149 8
D 383 93 3 148 232 384 192 385 29
D 379 99 6 380 202 355 215 200 225 212 260 222 252 383 8
D 388 101 2 165 164 163 8
D 389 101 2 165 190 163 29
D 387 103 2 388 362 389 8
D 386 99 2 147 387 191 8
D 378 89 7 195 379 242 146 234 359 248 237 132 386 256 244 265 8
D 377 79 2 120 378 272 8
D 391 65 2 116 278 108 8
D 390 63 2 103 391 117 8
D 392 79 2 120 300 272 8
D 394 65 2 108 337 116 341
D 393 63 3 103 394 370 340 371 29
D 375 71 8 287 376 102 377 316 352 326 119 390 281 275 392 365 368 393 8
D 397 43 2 75 74 73 8
D 396 41 2 71 397 76 8
D 399 43 2 75 100 73 29
D 398 41 2 71 399 76 29
D 395 45 2 396 345 398 8
D 401 79 5 297 330 308 322 304 131 289 306 312 8
D 404 99 6 380 215 355 225 200 260 212 252 222 245 383 8
D 406 85 2 143 268 138 141
D 405 83 3 133 406 269 270 271 29
D 403 89 6 195 404 248 146 242 359 256 237 234 386 405 8
D 402 79 2 120 403 272 8
D 407 79 2 120 310 272 8
D 400 71 8 287 401 316 377 326 352 102 402 275 407 365 392 390 368 393 8
D 411 51 2 86 95 84 8
D 412 51 2 86 85 84 29
D 410 53 2 411 87 412 8
D 409 49 2 78 410 96 8
D 408 45 2 70 409 98 8
D 414 79 5 289 330 297 322 308 131 304 353 312 8
D 417 99 6 380 225 355 260 200 252 212 245 222 238 383 8
D 418 83 3 269 270 133 268 271 29
D 416 89 5 195 417 256 146 248 359 242 386 418 8
D 415 79 2 120 416 272 8
D 419 79 2 120 306 272 8
D 413 71 8 287 414 326 377 316 402 102 415 275 419 365 407 390 392 393 8
D 422 47 2 81 80 79 8
D 423 47 2 81 97 79 29
D 421 49 2 422 346 423 8
D 420 45 2 70 421 98 8
D 425 79 5 289 322 297 131 308 353 304 378 312 8
D 428 99 6 380 260 355 252 200 245 212 238 222 161 383 8
D 430 81 2 136 135 134 29
D 429 83 2 430 270 271 29
D 427 89 4 256 359 195 428 248 386 429 8
D 426 79 2 120 427 272 8
D 424 71 8 287 425 326 402 316 415 102 426 275 329 365 419 390 407 393 8
D 433 47 2 79 97 81 8
D 434 47 2 79 80 81 29
D 432 49 2 433 346 434 8
D 431 45 2 70 432 98 8
D 436 79 5 289 131 297 353 308 378 304 403 312 8
D 439 99 6 380 252 355 245 200 238 212 161 222 360 383 8
D 440 83 2 135 270 145 29
D 438 89 3 256 386 195 439 440 8
D 437 79 2 120 438 272 8
D 435 71 8 287 436 275 321 326 415 316 426 365 329 102 437 390 419 393 8
D 444 55 2 93 89 88 8
D 443 53 2 347 444 348 8
D 442 49 2 78 443 96 8
D 441 45 2 70 442 98 8
D 446 79 5 289 353 297 378 308 403 304 416 312 8
D 449 99 6 380 245 355 238 200 161 212 360 222 387 383 8
D 450 83 2 133 270 144 29
D 448 89 2 195 449 450 8
D 447 79 2 120 448 272 8
D 445 71 8 287 446 275 119 365 321 326 426 390 329 316 437 102 447 393 8
L 456 58 29
D 455 57 2 90 456 92 8
D 454 55 2 88 455 93 8
D 453 53 2 347 454 348 8
D 452 49 2 78 453 96 8
D 451 45 2 70 452 98 8
D 458 79 5 289 378 297 403 308 416 304 427 312 8
D 464 97 2 155 156 157 29
D 463 95 2 153 464 158 193
D 462 93 3 148 463 384 192 385 29
D 461 99 5 380 238 355 161 200 360 212 387 462 8
D 460 89 2 195 461 450 8
D 459 79 2 120 460 272 8
D 457 71 8 287 458 275 352 365 119 390 321 326 437 316 447 102 459 393 8
D 469 57 2 92 91 90 8
D 468 55 2 88 469 93 8
D 467 53 2 347 468 348 8
D 466 49 2 78 467 96 8
D 465 45 2 70 466 98 8
D 471 79 5 289 403 297 416 308 427 304 438 312 8
D 476 95 2 158 193 153 29
D 475 93 3 148 476 384 192 385 29
D 474 99 4 380 161 355 360 200 387 475 8
D 473 89 2 195 474 450 8
D 472 79 2 120 473 272 8
D 470 71 8 287 471 275 377 365 352 390 119 326 447 316 459 102 472 393 8
D 479 43 2 75 74 73 100
D 478 41 2 71 479 76 72
D 483 57 2 90 456 92 29
D 482 55 2 88 483 93 29
D 481 53 2 347 482 348 29
D 480 49 2 78 481 96 29
D 485 47 2 81 80 79 97
D 487 51 2 86 95 84 85
D 489 57 2 90 91 92 456
D 488 55 2 93 483 88 489
D 490 51 2 86 85 84 8
D 486 53 3 487 482 347 488 490 29
D 491 47 2 81 97 79 8
D 484 49 3 485 481 78 486 491 29
D 493 43 2 75 100 73 8
D 492 41 2 71 493 76 99
D 477 45 3 478 480 70 484 492 29
D 68 59 11 69 101 342 351 372 375 395 400 408 413 420 424 431 435 441 445 451 457 465 470 477 8
D 497 31 2 53 62 51 8
D 498 31 2 53 52 51 29
D 496 33 2 497 54 498 8
D 495 29 2 45 496 63 8
D 494 25 2 37 495 65 8
D 501 79 5 289 416 297 427 308 438 304 448 312 8
D 506 91 2 149 150 151 160
D 505 93 2 384 192 506 29
D 504 99 3 380 360 355 387 505 8
D 503 89 2 195 504 450 8
D 502 79 2 120 503 272 8
D 500 71 8 287 501 365 377 390 352 275 402 326 459 316 472 102 502 393 8
D 499 59 11 69 351 342 375 372 400 395 413 408 424 420 435 431 445 441 457 451 470 465 500 477 8
D 508 21 2 43 39 38 8
D 511 31 2 53 52 51 8
D 512 31 2 53 62 51 29
D 510 33 2 511 54 512 8
D 509 29 2 45 510 63 8
D 513 21 2 43 66 38 29
D 507 25 2 508 509 513 8
D 516 79 5 289 427 297 438 308 448 304 460 312 8
D 520 93 2 381 192 382 29
D 519 99 2 380 387 520 8
D 518 89 2 195 519 450 8
D 517 79 2 120 518 272 8
D 515 71 8 390 377 287 516 365 402 275 415 326 472 316 502 102 517 393 8
D 514 59 11 69 375 342 400 372 413 395 424 408 435 420 445 431 457 441 470 451 500 465 515 477 8
D 523 23 2 40 67 42 8
D 522 21 2 38 523 43 8
D 525 23 2 40 41 42 29
D 524 21 2 38 525 43 29
D 521 25 2 522 509 524 8
D 528 79 5 289 438 297 448 308 460 304 473 312 8
D 531 67 2 115 339 110 112
D 530 65 2 108 531 116 341
D 529 63 3 103 530 370 340 371 29
D 527 71 7 390 402 287 528 365 415 275 426 326 502 316 517 529 8
D 526 59 11 69 400 342 413 372 424 395 435 408 445 420 457 431 470 441 500 451 515 465 527 477 8
D 534 23 2 42 41 40 8
D 533 21 2 38 534 43 8
D 536 23 2 42 67 40 29
D 535 21 2 38 536 43 29
D 532 25 2 533 509 535 8
D 539 79 5 289 448 297 460 308 473 304 503 312 8
D 541 65 2 116 341 108 339
D 540 63 3 103 541 370 340 371 29
D 538 71 6 390 415 287 539 365 426 275 437 326 517 540 8
D 537 59 11 69 413 342 424 372 435 395 445 408 457 420 470 431 500 441 515 451 527 465 538 477 8
D 544 27 2 48 47 46 8
D 545 27 2 48 64 46 29
D 543 29 2 544 510 545 8
D 542 25 2 37 543 65 8
D 548 79 5 289 460 297 473 308 503 304 518 312 8
D 549 63 3 370 340 103 341 371 29
D 547 71 5 390 426 287 548 365 437 275 447 549 8
D 546 59 11 69 424 342 435 372 445 395 457 408 470 420 500 431 515 441 527 451 538 465 547 477 8
D 552 27 2 46 64 48 8
D 553 27 2 46 47 48 29
D 551 29 2 552 510 553 8
D 550 25 2 37 551 65 8
D 558 77 2 126 127 128 29
D 557 75 3 121 558 314 273 315 29
D 556 79 4 289 473 297 503 308 518 557 8
D 555 71 5 390 437 287 556 365 447 275 459 549 8
D 554 59 11 69 435 342 445 372 457 395 470 408 500 420 515 431 527 441 538 451 547 465 555 477 8
D 562 35 2 60 56 55 8
D 561 33 2 511 562 512 8
D 560 29 2 45 561 63 8
D 559 25 2 37 560 65 8
D 567 73 2 122 123 124 130
D 566 75 2 314 273 567 29
D 565 79 3 289 503 297 518 566 8
D 564 71 5 390 447 287 565 365 459 275 472 549 8
D 563 59 11 69 445 342 457 372 470 395 500 408 515 420 527 431 538 441 547 451 555 465 564 477 8
D 572 37 2 59 58 57 8
D 571 35 2 55 572 60 8
D 570 33 2 511 571 512 8
D 569 29 2 45 570 63 8
D 568 25 2 37 569 65 8
D 576 75 2 290 273 291 29
D 575 79 2 289 518 576 8
D 574 71 5 390 459 287 575 365 472 275 502 549 8
D 573 59 11 69 457 342 470 372 500 395 515 408 527 420 538 431 547 441 555 451 564 465 574 477 8
L 582 38 20
D 581 37 2 57 582 59 8
D 580 35 2 55 581 60 8
D 579 33 2 511 580 512 8
D 578 29 2 45 579 63 8
D 577 25 2 37 578 65 8
D 586 65 2 116 341 108 29
D 585 63 3 370 340 103 586 371 29
D 584 71 4 390 472 365 502 275 517 585 8
D 583 59 11 69 470 342 500 372 515 395 527 408 538 420 547 431 555 441 564 451 574 465 584 477 8
D 589 23 2 42 41 40 67
D 588 21 2 38 589 43 39
D 593 37 2 57 582 59 29
D 592 35 2 55 593 60 29
D 591 33 2 511 592 512 29
D 590 29 2 45 591 63 29
D 595 27 2 48 47 46 64
D 597 31 2 51 52 53 62
D 599 37 2 57 58 59 582
D 598 35 2 60 593 55 599
D 600 31 2 51 62 53 8
D 596 33 3 597 592 511 598 600 29
D 601 27 2 48 64 46 8
D 594 29 3 595 591 45 596 601 29
D 603 23 2 42 67 40 8
D 602 21 2 38 603 43 66
D 587 25 3 588 590 37 594 602 29
D 35 39 11 36 68 494 499 507 514 521 526 532 537 542 546 550 554 559 563 568 573 577 583 587 8
D 606 3 2 5 34 7 8
D 605 1 2 3 606 9 8
D 609 11 2 17 28 19 8
D 610 11 2 17 18 19 29
D 608 13 2 609 20 610 8
D 607 9 2 11 608 30 8
D 612 3 2 5 6 7 29
D 611 1 2 3 612 9 29
D 604 5 2 605 607 611 8
D 616 63 3 366 340 103 586 106 29
D 615 71 3 390 502 365 517 616 8
D 614 59 11 69 500 342 515 372 527 395 538 408 547 420 555 431 564 441 574 451 584 465 615 477 8
D 613 39 11 36 499 494 514 507 526 521 537 532 546 542 554 550 563 559 573 568 583 577 614 587 8
D 618 1 2 9 4 3 8
D 619 1 2 9 33 3 29
D 617 5 2 618 607 619 8
D 623 63 2 103 586 117 29
D 622 71 2 390 517 623 8
D 621 59 11 69 515 342 527 372 538 395 547 408 555 420 564 431 574 441 584 451 615 465 622 477 8
D 620 39 11 36 514 494 526 507 537 521 546 532 554 542 563 550 573 559 583 568 614 577 621 587 8
D 626 3 2 7 6 5 8
D 625 1 2 3 626 9 8
D 628 3 2 7 34 5 29
D 627 1 2 3 628 9 29
D 624 5 2 625 607 627 8
D 635 57 2 90 91 92 29
D 634 55 2 88 635 93 483
D 633 53 3 347 634 487 482 490 29
D 632 49 3 78 633 485 481 491 29
D 631 45 3 70 632 478 480 492 29
D 630 59 10 69 527 342 538 372 547 395 555 408 564 420 574 431 584 441 615 451 622 631 8
D 629 39 11 36 526 494 537 507 546 521 554 532 563 542 573 550 583 559 614 568 621 577 630 587 8
D 639 11 2 19 28 17 8
D 640 11 2 19 18 17 29
D 638 13 2 639 20 640 8
D 637 9 2 11 638 30 8
D 636 5 2 2 637 32 8
D 646 55 2 93 483 88 29
D 645 53 3 347 646 487 482 490 29
D 644 49 3 78 645 485 481 491 29
D 643 45 3 70 644 478 480 492 29
D 642 59 9 69 538 342 547 372 555 395 564 408 574 420 584 431 615 441 622 643 8
D 641 39 11 36 537 494 546 507 554 521 563 532 573 542 583 550 614 559 621 568 630 577 642 587 8
D 649 7 2 14 13 12 8
D 650 7 2 14 31 12 29
D 648 9 2 649 608 650 8
D 647 5 2 2 648 32 8
D 656 51 2 84 95 86 85
D 655 53 2 487 482 656 29
D 654 49 3 78 655 485 481 491 29
D 653 45 3 70 654 478 480 492 29
D 652 59 8 69 547 342 555 372 564 395 574 408 584 420 615 431 622 653 8
D 651 39 11 36 546 494 554 507 563 521 573 532 583 542 614 550 621 559 630 568 642 577 652 587 8
D 659 7 2 12 31 14 8
D 660 7 2 12 13 14 29
D 658 9 2 659 608 660 8
D 657 5 2 2 658 32 8
D 664 49 3 78 655 422 481 97 29
D 663 45 3 70 664 478 480 492 29
D 662 59 7 69 555 342 564 372 574 395 584 408 615 420 622 663 8
D 661 39 11 36 554 494 563 507 573 521 583 532 614 542 621 550 630 559 642 568 652 577 662 587 8
D 668 15 2 26 22 21 8
D 667 13 2 609 668 610 8
D 666 9 2 11 667 30 8
D 665 5 2 2 666 32 8
D 672 49 2 78 655 96 29
D 671 45 3 70 672 478 480 492 29
D 670 59 6 69 564 342 574 372 584 395 615 408 622 671 8
D 669 39 11 36 563 494 573 507 583 521 614 532 621 542 630 550 642 559 652 568 662 577 670 587 8
L 678 18 9
D 677 17 2 23 678 25 8
D 676 15 2 21 677 26 8
D 675 13 2 609 676 610 8
D 674 9 2 11 675 30 8
D 673 5 2 2 674 32 8
D 683 53 2 83 482 94 29
D 682 49 2 78 683 96 29
D 681 45 3 70 682 478 480 492 29
D 680 59 5 69 574 342 584 372 615 395 622 681 8
D 679 39 11 36 573 494 583 507 614 521 621 532 630 542 642 550 652 559 662 568 670 577 680 587 8
D 688 17 2 25 24 23 8
D 687 15 2 21 688 26 8
D 686 13 2 609 687 610 8
D 685 9 2 11 686 30 8
D 684 5 2 2 685 32 8
D 692 41 2 71 344 76 72
D 693 41 2 76 99 71 75
D 691 45 3 70 682 692 480 693 29
D 690 59 4 69 584 342 615 372 622 691 8
D 689 39 11 36 583 494 614 507 621 521 630 532 642 542 652 550 662 559 670 568 680 577 690 587 8
D 698 17 2 23 24 25 678
D 699 17 2 23 678 25 29
D 697 15 2 21 698 26 699
D 700 11 2 19 28 17 18
D 701 15 2 21 699 26 29
D 702 11 2 19 18 17 8
D 696 13 3 609 697 700 701 702 29
D 703 7 2 14 13 12 31
D 704 13 2 609 701 610 29
D 705 7 2 14 31 12 8
D 695 9 3 11 696 703 704 705 29
D 707 3 2 7 6 5 34
D 706 1 2 3 707 9 4
D 708 9 2 11 704 30 29
D 710 3 2 7 34 5 8
D 709 1 2 3 710 9 33
D 694 5 3 2 695 706 708 709 29
D 0 19 11 1 35 604 613 617 620 624 629 636 641 647 651 657 661 665 669 673 679 684 689 694 8
