c ids of sdd nodes start at 0
c sdd nodes appear bottom-up, children before parents
c
c file syntax:
c sdd count-of-sdd-nodes
c F id-of-false-sdd-node
c T id-of-true-sdd-node
c L id-of-literal-sdd-node id-of-vtree literal
c D id-of-decomposition-sdd-node id-of-vtree number-of-elements {id-of-prime id-of-sub}*
c
sdd 711
L 3 0 -3
L 5 2 -4
L 6 4 -2
L 7 2 4
F 8
D 4 3 2 5 6 7 8
L 9 0 3
D 2 1 2 3 4 9 8
L 12 6 -6
L 13 8 -7
L 14 6 6
D 11 7 2 12 13 14 8
L 17 10 -5
L 18 12 1
L 19 10 5
D 16 11 2 17 18 19 8
L 21 14 -8
L 23 16 -10
L 24 18 -9
L 25 16 10
D 22 17 2 23 24 25 8
L 26 14 8
D 20 15 2 21 22 26 8
L 28 12 -1
T 29
D 27 11 2 17 28 19 29
D 15 13 2 16 20 27 8
L 31 8 7
D 30 7 2 12 31 14 29
D 10 9 2 11 15 30 8
L 34 4 2
D 33 3 2 5 34 7 29
D 32 1 2 3 33 9 29
D 1 5 2 2 10 32 8
L 38 20 -13
L 40 22 -15
L 41 24 -14
L 42 22 15
D 39 23 2 40 41 42 8
L 43 20 13
D 37 21 2 38 39 43 8
L 46 26 -16
L 47 28 -17
L 48 26 16
D 45 27 2 46 47 48 8
L 51 30 11
L 52 32 -12
L 53 30 -11
D 50 31 2 51 52 53 8
L 55 34 -18
L 57 36 -19
L 58 38 -20
L 59 36 19
D 56 37 2 57 58 59 8
L 60 34 18
D 54 35 2 55 56 60 8
L 62 32 12
D 61 31 2 51 62 53 29
D 49 33 2 50 54 61 8
L 64 28 17
D 63 27 2 46 64 48 29
D 44 29 2 45 49 63 8
L 67 24 14
D 66 23 2 40 67 42 29
D 65 21 2 38 66 43 29
D 36 25 2 37 44 65 8
L 71 40 -23
L 73 42 -24
L 74 44 -22
L 75 42 24
D 72 43 2 73 74 75 8
L 76 40 23
D 70 41 2 71 72 76 8
L 79 46 -26
L 80 48 -27
L 81 46 26
D 78 47 2 79 80 81 8
L 84 50 -25
L 85 52 21
L 86 50 25
D 83 51 2 84 85 86 8
L 88 54 -28
L 90 56 -30
L 91 58 -29
L 92 56 30
D 89 57 2 90 91 92 8
L 93 54 28
D 87 55 2 88 89 93 8
L 95 52 -21
D 94 51 2 84 95 86 29
D 82 53 2 83 87 94 8
L 97 48 27
D 96 47 2 79 97 81 29
D 77 49 2 78 82 96 8
L 100 44 22
D 99 43 2 73 100 75 29
D 98 41 2 71 99 76 29
D 69 45 2 70 77 98 8
L 104 60 -33
L 105 62 -32
L 106 60 33
D 103 61 2 104 105 106 8
L 108 64 -31
L 110 66 -38
L 112 68 40
L 113 70 -39
L 114 68 -40
D 111 69 2 112 113 114 8
L 115 66 38
D 109 67 2 110 111 115 8
L 116 64 31
D 107 65 2 108 109 116 8
L 118 62 32
D 117 61 2 104 118 106 29
D 102 63 2 103 107 117 8
L 122 72 -34
L 123 74 -35
L 124 72 34
D 121 73 2 122 123 124 8
L 126 76 -37
L 127 78 -36
L 128 76 37
D 125 77 2 126 127 128 8
L 130 74 35
D 129 73 2 122 130 124 29
D 120 75 2 121 125 129 8
L 134 80 -46
L 135 82 -47
L 136 80 46
D 133 81 2 134 135 136 8
L 138 84 -48
L 140 86 -49
L 141 88 50
L 142 86 49
D 139 87 2 140 141 142 8
L 143 84 48
D 137 85 2 138 139 143 8
L 145 82 47
D 144 81 2 134 145 136 29
D 132 83 2 133 137 144 8
L 149 90 -41
L 150 92 -42
L 151 90 41
D 148 91 2 149 150 151 8
L 153 94 -43
L 155 96 -45
L 156 98 -44
L 157 96 45
D 154 97 2 155 156 157 8
L 158 94 43
D 152 95 2 153 154 158 8
L 160 92 42
D 159 91 2 149 160 151 29
D 147 93 2 148 152 159 8
L 163 100 -51
L 164 102 -52
L 165 100 51
D 162 101 2 163 164 165 8
L 168 104 -53
L 169 106 54
L 170 104 53
D 167 105 2 168 169 170 8
L 172 108 -55
L 174 110 -56
L 176 112 -57
L 178 114 -58
L 180 116 -59
L 181 118 -60
L 182 116 59
D 179 117 2 180 181 182 8
L 183 114 58
D 177 115 2 178 179 183 8
L 184 112 57
D 175 113 2 176 177 184 8
L 185 110 56
D 173 111 2 174 175 185 8
L 186 108 55
D 171 109 2 172 173 186 8
L 188 106 -54
D 187 105 2 168 188 170 29
D 166 107 2 167 171 187 8
L 190 102 52
D 189 101 2 163 190 165 29
D 161 103 2 162 166 189 8
L 194 98 44
D 193 97 2 155 194 157 29
D 192 95 2 153 193 158 29
D 191 93 2 148 192 159 29
D 146 99 2 147 161 191 8
L 198 88 -50
D 197 87 2 140 198 142 8
D 196 85 2 138 197 143 8
D 195 83 2 133 196 144 8
D 202 97 2 155 194 157 8
D 201 95 2 153 202 158 8
D 200 93 2 148 201 159 8
D 205 105 2 168 188 170 8
L 211 118 60
D 210 117 2 180 211 182 8
D 209 115 2 178 210 183 8
D 208 113 2 176 209 184 8
D 207 111 2 174 208 185 8
D 206 109 2 172 207 186 8
D 212 105 2 168 169 170 29
D 204 107 2 205 206 212 8
D 203 103 2 162 204 189 8
D 215 97 2 157 156 155 8
D 214 95 2 153 215 158 8
D 213 93 2 148 214 159 8
D 222 117 2 182 181 180 8
D 221 115 2 178 222 183 8
D 220 113 2 176 221 184 8
D 219 111 2 174 220 185 8
D 218 109 2 172 219 186 8
D 217 107 2 205 218 212 8
D 216 103 2 162 217 189 8
D 225 97 2 155 156 157 194
D 224 95 2 153 225 158 29
D 223 93 2 148 224 159 29
D 199 99 3 200 203 213 216 223 8
D 228 87 2 142 198 140 8
D 227 85 2 138 228 143 8
D 226 83 2 133 227 144 8
D 232 109 2 186 173 172 8
D 231 107 2 205 232 212 8
D 230 103 2 162 231 189 8
D 229 99 2 147 230 191 8
D 234 85 2 143 197 138 8
D 233 83 2 133 234 144 8
D 239 111 2 185 175 174 8
D 238 109 2 172 239 186 8
D 237 107 2 205 238 212 8
D 236 103 2 162 237 189 8
D 235 99 2 147 236 191 8
D 241 81 2 134 145 136 8
D 242 81 2 134 135 136 29
D 240 83 2 241 196 242 8
D 248 113 2 184 177 176 8
D 247 111 2 174 248 185 8
D 246 109 2 172 247 186 8
D 245 107 2 205 246 212 8
D 244 103 2 162 245 189 8
D 243 99 2 147 244 191 8
D 250 81 2 136 135 134 8
D 251 81 2 136 145 134 29
D 249 83 2 250 196 251 8
D 258 115 2 183 179 178 8
D 257 113 2 176 258 184 8
D 256 111 2 174 257 185 8
D 255 109 2 172 256 186 8
D 254 107 2 205 255 212 8
D 253 103 2 162 254 189 8
D 252 99 2 147 253 191 8
D 261 87 2 142 141 140 8
D 262 87 2 140 141 142 29
D 260 85 2 138 261 143 262
D 263 81 2 136 135 134 145
D 264 85 2 138 262 143 29
D 265 81 2 136 145 134 8
D 259 83 3 133 260 263 264 265 29
D 131 89 7 132 146 195 199 226 229 233 235 240 243 249 252 259 8
L 268 78 36
D 267 77 2 126 268 128 29
D 266 75 2 121 267 129 29
D 119 79 2 120 131 266 8
D 272 69 2 114 113 112 8
D 271 67 2 110 272 115 8
D 270 65 2 108 271 116 8
D 269 63 2 103 270 117 8
D 275 73 2 124 123 122 8
D 276 73 2 124 130 122 29
D 274 75 2 275 125 276 8
D 278 99 2 147 203 191 8
D 281 87 2 140 198 142 29
D 280 85 2 138 281 143 29
D 279 83 2 133 280 144 29
D 277 89 2 132 278 279 8
D 283 73 2 122 130 124 8
D 284 73 2 122 123 124 29
D 282 75 2 283 125 284 8
D 286 99 2 147 216 191 8
D 289 87 2 140 198 142 141
D 288 85 2 138 289 143 29
D 287 83 2 133 288 144 29
D 285 89 3 132 286 226 278 287 8
D 291 77 2 126 268 128 8
D 290 75 2 121 291 129 8
D 294 85 2 138 289 143 262
D 293 83 2 133 294 144 29
D 292 89 4 132 252 226 286 233 278 293 8
D 296 77 2 128 127 126 8
D 295 75 2 121 296 129 8
D 298 83 3 133 294 241 264 136 29
D 297 89 5 132 243 226 252 233 286 240 278 298 8
D 300 77 2 126 127 128 268
D 301 73 2 124 123 122 130
D 302 73 2 124 130 122 8
D 299 75 3 121 300 301 267 302 29
D 273 79 5 274 277 282 285 290 292 295 297 299 8
L 307 70 39
D 306 69 2 114 307 112 8
D 305 67 2 110 306 115 8
D 304 65 2 108 305 116 8
D 303 63 2 103 304 117 8
D 313 97 2 157 194 155 29
D 312 95 2 153 313 158 29
D 311 93 2 148 312 159 29
D 310 99 2 213 203 311 8
D 309 89 7 132 229 195 310 226 235 233 243 240 252 249 286 259 8
D 308 79 2 120 309 266 8
D 316 67 2 115 272 110 8
D 315 65 2 108 316 116 8
D 314 63 2 103 315 117 8
D 319 83 3 133 294 263 264 265 29
D 318 89 6 132 235 226 243 233 252 240 286 249 278 319 8
D 317 79 2 120 318 266 8
D 323 69 2 112 307 114 8
D 324 69 2 114 307 112 29
D 322 67 2 110 323 115 324
D 321 65 2 108 322 116 29
D 320 63 2 103 321 117 29
D 101 71 5 102 119 269 273 303 308 314 317 320 8
D 327 43 2 73 100 75 8
D 326 41 2 71 327 76 8
D 330 51 2 84 95 86 8
D 331 51 2 84 85 86 29
D 329 53 2 330 87 331 8
D 328 49 2 78 329 96 8
D 333 43 2 73 74 75 29
D 332 41 2 71 333 76 29
D 325 45 2 326 328 332 8
D 340 105 2 170 188 168 8
D 341 105 2 170 169 168 29
D 339 107 2 340 171 341 8
D 338 103 2 162 339 189 8
D 337 99 2 147 338 191 8
D 344 95 2 158 154 153 8
D 343 93 2 148 344 159 8
D 346 95 2 153 225 158 193
D 345 93 2 148 346 159 29
D 342 99 4 343 203 200 216 213 253 345 8
D 336 89 7 132 337 195 342 226 146 233 229 240 235 249 243 259 8
D 335 79 2 120 336 266 8
D 348 61 2 106 105 104 8
D 349 61 2 106 118 104 29
D 347 63 2 348 270 349 8
D 350 79 2 120 277 266 8
D 351 79 5 274 285 282 292 295 318 290 297 299 8
D 354 67 2 110 324 115 29
D 353 65 2 108 354 116 29
D 352 63 3 103 321 348 353 118 29
D 334 71 6 102 335 347 350 269 351 303 119 314 308 352 8
D 356 41 2 76 72 71 8
D 357 41 2 76 99 71 29
D 355 45 2 356 328 357 8
D 363 91 2 149 160 151 8
D 364 91 2 149 150 151 29
D 362 93 2 363 152 364 8
D 365 93 3 148 346 363 192 151 29
D 361 99 5 362 203 343 216 200 253 213 244 365 8
D 368 101 2 163 190 165 8
D 369 107 2 205 171 212 8
D 370 101 2 163 164 165 29
D 367 103 2 368 369 370 8
D 366 99 2 147 367 191 8
D 360 89 7 195 361 226 337 132 366 233 146 240 229 249 235 259 8
D 359 79 2 120 360 266 8
D 371 79 5 274 292 295 309 290 318 282 297 299 8
D 373 61 2 104 118 106 8
D 374 61 2 104 105 106 29
D 372 63 2 373 270 374 8
D 375 79 2 120 285 266 8
D 377 61 2 106 105 104 118
D 378 61 2 106 118 104 8
D 376 63 3 103 321 377 353 378 29
D 358 71 7 102 359 269 371 303 335 372 350 314 119 347 375 376 8
D 381 43 2 75 74 73 8
D 380 41 2 71 381 76 8
D 383 43 2 75 100 73 29
D 382 41 2 71 383 76 29
D 379 45 2 380 328 382 8
D 385 79 5 290 309 295 131 282 318 274 297 299 8
D 390 91 2 151 150 149 8
D 391 91 2 151 160 149 29
D 389 93 2 390 152 391 8
D 393 91 2 151 150 149 160
D 394 91 2 151 160 149 8
D 392 93 3 148 346 393 192 394 29
D 388 99 6 389 203 362 216 343 253 200 244 213 236 392 8
D 397 101 2 165 164 163 8
D 398 101 2 165 190 163 29
D 396 103 2 397 369 398 8
D 395 99 2 147 396 191 8
D 387 89 7 195 388 233 337 226 366 240 146 132 395 249 229 259 8
D 386 79 2 120 387 266 8
D 400 65 2 116 271 108 8
D 399 63 2 103 400 117 8
D 401 79 2 120 292 266 8
D 403 65 2 108 322 116 354
D 402 63 3 103 403 377 353 378 29
D 384 71 8 269 385 102 386 303 359 314 335 399 350 347 401 372 375 402 8
D 407 51 2 86 95 84 8
D 408 51 2 86 85 84 29
D 406 53 2 407 87 408 8
D 405 49 2 78 406 96 8
D 404 45 2 70 405 98 8
D 410 79 5 282 309 290 131 295 336 274 318 299 8
D 413 99 6 389 216 362 253 343 244 200 236 213 230 392 8
D 415 85 2 143 262 138 141
D 414 83 3 133 415 263 264 265 29
D 412 89 6 195 413 240 337 233 366 249 146 226 395 414 8
D 411 79 2 120 412 266 8
D 416 79 2 120 297 266 8
D 409 71 8 269 410 303 386 314 359 102 411 347 416 372 401 399 375 402 8
D 419 47 2 81 80 79 8
D 420 47 2 81 97 79 29
D 418 49 2 419 329 420 8
D 417 45 2 70 418 98 8
D 422 79 5 274 309 282 131 290 336 295 360 299 8
D 425 99 6 389 253 362 244 343 236 200 230 213 161 392 8
D 426 83 3 263 264 133 262 265 29
D 424 89 5 195 425 249 337 240 366 233 395 426 8
D 423 79 2 120 424 266 8
D 421 71 8 269 422 314 386 303 411 102 423 347 317 372 416 399 401 402 8
D 429 47 2 79 97 81 8
D 430 47 2 79 80 81 29
D 428 49 2 429 329 430 8
D 427 45 2 70 428 98 8
D 432 79 5 274 131 282 336 290 360 295 387 299 8
D 435 99 6 389 244 362 236 343 230 200 161 213 338 392 8
D 437 81 2 136 135 134 29
D 436 83 2 437 264 265 29
D 434 89 4 249 366 195 435 240 395 436 8
D 433 79 2 120 434 266 8
D 431 71 8 269 432 314 411 303 423 102 433 347 308 372 317 399 416 402 8
D 441 55 2 93 89 88 8
D 440 53 2 330 441 331 8
D 439 49 2 78 440 96 8
D 438 45 2 70 439 98 8
D 443 79 5 274 336 282 360 290 387 295 412 299 8
D 446 99 6 389 236 362 230 343 161 200 338 213 367 392 8
D 447 83 2 135 264 145 29
D 445 89 3 249 395 195 446 447 8
D 444 79 2 120 445 266 8
D 442 71 8 269 443 347 119 314 423 303 433 372 308 102 444 399 317 402 8
L 453 58 29
D 452 57 2 90 453 92 8
D 451 55 2 88 452 93 8
D 450 53 2 330 451 331 8
D 449 49 2 78 450 96 8
D 448 45 2 70 449 98 8
D 455 79 5 274 360 282 387 290 412 295 424 299 8
D 458 99 6 389 230 362 161 343 338 200 367 213 396 392 8
D 459 83 2 133 264 144 29
D 457 89 2 195 458 459 8
D 456 79 2 120 457 266 8
D 454 71 8 269 455 347 335 372 119 314 433 399 308 303 444 102 456 402 8
D 464 57 2 92 91 90 8
D 463 55 2 88 464 93 8
D 462 53 2 330 463 331 8
D 461 49 2 78 462 96 8
D 460 45 2 70 461 98 8
D 466 79 5 274 387 282 412 290 424 295 434 299 8
D 472 97 2 155 156 157 29
D 471 95 2 153 472 158 193
D 470 93 3 148 471 393 192 394 29
D 469 99 5 389 161 362 338 343 367 200 396 470 8
D 468 89 2 195 469 459 8
D 467 79 2 120 468 266 8
D 465 71 8 269 466 347 359 372 335 399 119 314 444 303 456 102 467 402 8
D 475 43 2 75 74 73 100
D 474 41 2 71 475 76 72
D 479 57 2 90 453 92 29
D 478 55 2 88 479 93 29
D 477 53 2 330 478 331 29
D 476 49 2 78 477 96 29
D 481 47 2 81 80 79 97
D 483 51 2 86 95 84 85
D 485 57 2 90 91 92 453
D 484 55 2 93 479 88 485
D 486 51 2 86 85 84 8
D 482 53 3 483 478 330 484 486 29
D 487 47 2 81 97 79 8
D 480 49 3 481 477 78 482 487 29
D 489 43 2 75 100 73 8
D 488 41 2 71 489 76 99
D 473 45 3 474 476 70 480 488 29
D 68 59 11 69 101 325 334 355 358 379 384 404 409 417 421 427 431 438 442 448 454 460 465 473 8
D 493 31 2 53 62 51 8
D 494 31 2 53 52 51 29
D 492 33 2 493 54 494 8
D 491 29 2 45 492 63 8
D 490 25 2 37 491 65 8
D 497 79 5 274 412 282 424 290 434 295 445 299 8
D 502 95 2 158 193 153 29
D 501 93 3 148 502 393 192 394 29
D 500 99 4 389 338 362 367 343 396 501 8
D 499 89 2 195 500 459 8
D 498 79 2 120 499 266 8
D 496 71 8 269 497 347 386 372 359 399 335 314 456 303 467 102 498 402 8
D 495 59 11 69 334 325 358 355 384 379 409 404 421 417 431 427 442 438 454 448 465 460 496 473 8
D 504 21 2 43 39 38 8
D 507 31 2 53 52 51 8
D 508 31 2 53 62 51 29
D 506 33 2 507 54 508 8
D 505 29 2 45 506 63 8
D 509 21 2 43 66 38 29
D 503 25 2 504 505 509 8
D 512 79 5 274 424 282 434 290 445 295 457 299 8
D 517 91 2 149 150 151 160
D 516 93 2 393 192 517 29
D 515 99 3 389 367 362 396 516 8
D 514 89 2 195 515 459 8
D 513 79 2 120 514 266 8
D 511 71 8 269 512 372 386 399 359 347 411 314 467 303 498 102 513 402 8
D 510 59 11 69 358 325 384 355 409 379 421 404 431 417 442 427 454 438 465 448 496 460 511 473 8
D 520 23 2 40 67 42 8
D 519 21 2 38 520 43 8
D 522 23 2 40 41 42 29
D 521 21 2 38 522 43 29
D 518 25 2 519 505 521 8
D 525 79 5 274 434 282 445 290 457 295 468 299 8
D 529 93 2 390 192 391 29
D 528 99 2 389 396 529 8
D 527 89 2 195 528 459 8
D 526 79 2 120 527 266 8
D 524 71 8 399 386 269 525 372 411 347 423 314 498 303 513 102 526 402 8
D 523 59 11 69 384 325 409 355 421 379 431 404 442 417 454 427 465 438 496 448 511 460 524 473 8
D 532 23 2 42 41 40 8
D 531 21 2 38 532 43 8
D 534 23 2 42 67 40 29
D 533 21 2 38 534 43 29
D 530 25 2 531 505 533 8
D 537 79 5 274 445 282 457 290 468 295 499 299 8
D 540 67 2 115 324 110 112
D 539 65 2 108 540 116 354
D 538 63 3 103 539 377 353 378 29
D 536 71 7 399 411 269 537 372 423 347 433 314 513 303 526 538 8
D 535 59 11 69 409 325 421 355 431 379 442 404 454 417 465 427 496 438 511 448 524 460 536 473 8
D 543 27 2 48 47 46 8
D 544 27 2 48 64 46 29
D 542 29 2 543 506 544 8
D 541 25 2 37 542 65 8
D 547 79 5 274 457 282 468 290 499 295 514 299 8
D 549 65 2 116 354 108 324
D 548 63 3 103 549 377 353 378 29
D 546 71 6 399 423 269 547 372 433 347 444 314 526 548 8
D 545 59 11 69 421 325 431 355 442 379 454 404 465 417 496 427 511 438 524 448 536 460 546 473 8
D 552 27 2 46 64 48 8
D 553 27 2 46 47 48 29
D 551 29 2 552 506 553 8
D 550 25 2 37 551 65 8
D 556 79 5 274 468 282 499 290 514 295 527 299 8
D 557 63 3 377 353 103 354 378 29
D 555 71 5 399 433 269 556 372 444 347 456 557 8
D 554 59 11 69 431 325 442 355 454 379 465 404 496 417 511 427 524 438 536 448 546 460 555 473 8
D 561 35 2 60 56 55 8
D 560 33 2 507 561 508 8
D 559 29 2 45 560 63 8
D 558 25 2 37 559 65 8
D 566 77 2 126 127 128 29
D 565 75 3 121 566 301 267 302 29
D 564 79 4 274 499 282 514 290 527 565 8
D 563 71 5 399 444 269 564 372 456 347 467 557 8
D 562 59 11 69 442 325 454 355 465 379 496 404 511 417 524 427 536 438 546 448 555 460 563 473 8
D 571 37 2 59 58 57 8
D 570 35 2 55 571 60 8
D 569 33 2 507 570 508 8
D 568 29 2 45 569 63 8
D 567 25 2 37 568 65 8
D 576 73 2 122 123 124 130
D 575 75 2 301 267 576 29
D 574 79 3 274 514 282 527 575 8
D 573 71 5 399 456 269 574 372 467 347 498 557 8
D 572 59 11 69 454 325 465 355 496 379 511 404 524 417 536 427 546 438 555 448 563 460 573 473 8
L 582 38 20
D 581 37 2 57 582 59 8
D 580 35 2 55 581 60 8
D 579 33 2 507 580 508 8
D 578 29 2 45 579 63 8
D 577 25 2 37 578 65 8
D 586 75 2 275 267 276 29
D 585 79 2 274 527 586 8
D 584 71 5 399 467 269 585 372 498 347 513 557 8
D 583 59 11 69 465 325 496 355 511 379 524 404 536 417 546 427 555 438 563 448 573 460 584 473 8
D 589 23 2 42 41 40 67
D 588 21 2 38 589 43 39
D 593 37 2 57 582 59 29
D 592 35 2 55 593 60 29
D 591 33 2 507 592 508 29
D 590 29 2 45 591 63 29
D 595 27 2 48 47 46 64
D 597 31 2 51 52 53 62
D 599 37 2 57 58 59 582
D 598 35 2 60 593 55 599
D 600 31 2 51 62 53 8
D 596 33 3 597 592 507 598 600 29
D 601 27 2 48 64 46 8
D 594 29 3 595 591 45 596 601 29
D 603 23 2 42 67 40 8
D 602 21 2 38 603 43 66
D 587 25 3 588 590 37 594 602 29
D 35 39 11 36 68 490 495 503 510 518 523 530 535 541 545 550 554 558 562 567 572 577 583 587 8
D 606 3 2 5 34 7 8
D 605 1 2 3 606 9 8
D 609 11 2 17 28 19 8
D 610 11 2 17 18 19 29
D 608 13 2 609 20 610 8
D 607 9 2 11 608 30 8
D 612 3 2 5 6 7 29
D 611 1 2 3 612 9 29
D 604 5 2 605 607 611 8
D 617 65 2 116 354 108 29
D 616 63 3 377 353 103 617 378 29
D 615 71 4 399 498 372 513 347 526 616 8
D 614 59 11 69 496 325 511 355 524 379 536 404 546 417 555 427 563 438 573 448 584 460 615 473 8
D 613 39 11 36 495 490 510 503 523 518 535 530 545 541 554 550 562 558 572 567 583 577 614 587 8
D 619 1 2 9 4 3 8
D 620 1 2 9 33 3 29
D 618 5 2 619 607 620 8
D 624 63 3 373 353 103 617 106 29
D 623 71 3 399 513 372 526 624 8
D 622 59 11 69 511 325 524 355 536 379 546 404 555 417 563 427 573 438 584 448 615 460 623 473 8
D 621 39 11 36 510 490 523 503 535 518 545 530 554 541 562 550 572 558 583 567 614 577 622 587 8
D 627 3 2 7 6 5 8
D 626 1 2 3 627 9 8
D 629 3 2 7 34 5 29
D 628 1 2 3 629 9 29
D 625 5 2 626 607 628 8
D 633 63 2 103 617 117 29
D 632 71 2 399 526 633 8
D 631 59 11 69 524 325 536 355 546 379 555 404 563 417 573 427 584 438 615 448 623 460 632 473 8
D 630 39 11 36 523 490 535 503 545 518 554 530 562 541 572 550 583 558 614 567 622 577 631 587 8
D 637 11 2 19 28 17 8
D 638 11 2 19 18 17 29
D 636 13 2 637 20 638 8
D 635 9 2 11 636 30 8
D 634 5 2 2 635 32 8
D 645 57 2 90 91 92 29
D 644 55 2 88 645 93 479
D 643 53 3 330 644 483 478 486 29
D 642 49 3 78 643 481 477 487 29
D 641 45 3 70 642 474 476 488 29
D 640 59 10 69 536 325 546 355 555 379 563 404 573 417 584 427 615 438 623 448 632 641 8
D 639 39 11 36 535 490 545 503 554 518 562 530 572 541 583 550 614 558 622 567 631 577 640 587 8
D 648 7 2 14 13 12 8
D 649 7 2 14 31 12 29
D 647 9 2 648 608 649 8
D 646 5 2 2 647 32 8
D 655 55 2 93 479 88 29
D 654 53 3 330 655 483 478 486 29
D 653 49 3 78 654 481 477 487 29
D 652 45 3 70 653 474 476 488 29
D 651 59 9 69 546 325 555 355 563 379 573 404 584 417 615 427 623 438 632 652 8
D 650 39 11 36 545 490 554 503 562 518 572 530 583 541 614 550 622 558 631 567 640 577 651 587 8
D 658 7 2 12 31 14 8
D 659 7 2 12 13 14 29
D 657 9 2 658 608 659 8
D 656 5 2 2 657 32 8
D 665 51 2 84 95 86 85
D 664 53 2 483 478 665 29
D 663 49 3 78 664 481 477 487 29
D 662 45 3 70 663 474 476 488 29
D 661 59 8 69 555 325 563 355 573 379 584 404 615 417 623 427 632 662 8
D 660 39 11 36 554 490 562 503 572 518 583 530 614 541 622 550 631 558 640 567 651 577 661 587 8
D 669 15 2 26 22 21 8
D 668 13 2 609 669 610 8
D 667 9 2 11 668 30 8
D 666 5 2 2 667 32 8
D 673 49 3 78 664 419 477 97 29
D 672 45 3 70 673 474 476 488 29
D 671 59 7 69 563 325 573 355 584 379 615 404 623 417 632 672 8
D 670 39 11 36 562 490 572 503 583 518 614 530 622 541 631 550 640 558 651 567 661 577 671 587 8
L 679 18 9
D 678 17 2 23 679 25 8
D 677 15 2 21 678 26 8
D 676 13 2 609 677 610 8
D 675 9 2 11 676 30 8
D 674 5 2 2 675 32 8
D 683 49 2 78 664 96 29
D 682 45 3 70 683 474 476 488 29
D 681 59 6 69 573 325 584 355 615 379 623 404 632 682 8
D 680 39 11 36 572 490 583 503 614 518 622 530 631 541 640 550 651 558 661 567 671 577 681 587 8
D 688 17 2 25 24 23 8
D 687 15 2 21 688 26 8
D 686 13 2 609 687 610 8
D 685 9 2 11 686 30 8
D 684 5 2 2 685 32 8
D 693 53 2 83 478 94 29
D 692 49 2 78 693 96 29
D 691 45 3 70 692 474 476 488 29
D 690 59 5 69 584 325 615 355 623 379 632 691 8
D 689 39 11 36 583 490 614 503 622 518 631 530 640 541 651 550 661 558 671 567 681 577 690 587 8
D 698 17 2 23 24 25 679
D 699 17 2 23 679 25 29
D 697 15 2 21 698 26 699
D 700 11 2 19 28 17 18
D 701 15 2 21 699 26 29
D 702 11 2 19 18 17 8
D 696 13 3 609 697 700 701 702 29
D 703 7 2 14 13 12 31
D 704 13 2 609 701 610 29
D 705 7 2 14 31 12 8
D 695 9 3 11 696 703 704 705 29
D 707 3 2 7 6 5 34
D 706 1 2 3 707 9 4
D 708 9 2 11 704 30 29
D 710 3 2 7 34 5 8
D 709 1 2 3 710 9 33
D 694 5 3 2 695 706 708 709 29
D 0 19 11 1 35 604 613 618 621 625 630 634 639 646 650 656 660 666 670 674 680 684 689 694 8
