c ids of sdd nodes start at 0
c sdd nodes appear bottom-up, children before parents
c
c file syntax:
c sdd count-of-sdd-nodes
c F id-of-false-sdd-node
c T id-of-true-sdd-node
c L id-of-literal-sdd-node id-of-vtree literal
c D id-of-decomposition-sdd-node id-of-vtree number-of-elements {id-of-prime id-of-sub}*
c
sdd 711
L 3 0 -3
L 5 2 -4
L 6 4 -2
L 7 2 4
F 8
D 4 3 2 5 6 7 8
L 9 0 3
D 2 1 2 3 4 9 8
L 12 6 -6
L 13 8 -7
L 14 6 6
D 11 7 2 12 13 14 8
L 17 10 -5
L 18 12 1
L 19 10 5
D 16 11 2 17 18 19 8
L 21 14 -8
L 23 16 -10
L 24 18 -9
L 25 16 10
D 22 17 2 23 24 25 8
L 26 14 8
D 20 15 2 21 22 26 8
L 28 12 -1
T 29
D 27 11 2 17 28 19 29
D 15 13 2 16 20 27 8
L 31 8 7
D 30 7 2 12 31 14 29
D 10 9 2 11 15 30 8
L 34 4 2
D 33 3 2 5 34 7 29
D 32 1 2 3 33 9 29
D 1 5 2 2 10 32 8
L 38 20 -13
L 40 22 -15
L 41 24 -14
L 42 22 15
D 39 23 2 40 41 42 8
L 43 20 13
D 37 21 2 38 39 43 8
L 46 26 -16
L 47 28 -17
L 48 26 16
D 45 27 2 46 47 48 8
L 51 30 11
L 52 32 -12
L 53 30 -11
D 50 31 2 51 52 53 8
L 55 34 -18
L 57 36 -19
L 58 38 -20
L 59 36 19
D 56 37 2 57 58 59 8
L 60 34 18
D 54 35 2 55 56 60 8
L 62 32 12
D 61 31 2 51 62 53 29
D 49 33 2 50 54 61 8
L 64 28 17
D 63 27 2 46 64 48 29
D 44 29 2 45 49 63 8
L 67 24 14
D 66 23 2 40 67 42 29
D 65 21 2 38 66 43 29
D 36 25 2 37 44 65 8
L 71 40 -23
L 73 42 -24
L 74 44 -22
L 75 42 24
D 72 43 2 73 74 75 8
L 76 40 23
D 70 41 2 71 72 76 8
L 79 46 -26
L 80 48 -27
L 81 46 26
D 78 47 2 79 80 81 8
L 84 50 -25
L 85 52 21
L 86 50 25
D 83 51 2 84 85 86 8
L 88 54 -28
L 90 56 -30
L 91 58 -29
L 92 56 30
D 89 57 2 90 91 92 8
L 93 54 28
D 87 55 2 88 89 93 8
L 95 52 -21
D 94 51 2 84 95 86 29
D 82 53 2 83 87 94 8
L 97 48 27
D 96 47 2 79 97 81 29
D 77 49 2 78 82 96 8
L 100 44 22
D 99 43 2 73 100 75 29
D 98 41 2 71 99 76 29
D 69 45 2 70 77 98 8
L 104 60 -33
L 105 62 -32
L 106 60 33
D 103 61 2 104 105 106 8
L 108 64 -31
L 110 66 -38
L 112 68 40
L 113 70 -39
L 114 68 -40
D 111 69 2 112 113 114 8
L 115 66 38
D 109 67 2 110 111 115 8
L 116 64 31
D 107 65 2 108 109 116 8
L 118 62 32
D 117 61 2 104 118 106 29
D 102 63 2 103 107 117 8
L 122 72 -34
L 123 74 -35
L 124 72 34
D 121 73 2 122 123 124 8
L 126 76 -37
L 127 78 -36
L 128 76 37
D 125 77 2 126 127 128 8
L 130 74 35
D 129 73 2 122 130 124 29
D 120 75 2 121 125 129 8
L 134 80 -46
L 135 82 -47
L 136 80 46
D 133 81 2 134 135 136 8
L 138 84 -48
L 140 86 -49
L 141 88 50
L 142 86 49
D 139 87 2 140 141 142 8
L 143 84 48
D 137 85 2 138 139 143 8
L 145 82 47
D 144 81 2 134 145 136 29
D 132 83 2 133 137 144 8
L 149 90 -41
L 150 92 -42
L 151 90 41
D 148 91 2 149 150 151 8
L 153 94 -43
L 155 96 -45
L 156 98 -44
L 157 96 45
D 154 97 2 155 156 157 8
L 158 94 43
D 152 95 2 153 154 158 8
L 160 92 42
D 159 91 2 149 160 151 29
D 147 93 2 148 152 159 8
L 163 100 -51
L 164 102 -52
L 165 100 51
D 162 101 2 163 164 165 8
L 168 104 -53
L 169 106 -54
L 170 104 53
D 167 105 2 168 169 170 8
L 172 108 55
L 174 110 -56
L 176 112 -57
L 178 114 -58
L 180 116 -59
L 181 118 -60
L 182 116 59
D 179 117 2 180 181 182 8
L 183 114 58
D 177 115 2 178 179 183 8
L 184 112 57
D 175 113 2 176 177 184 8
L 185 110 56
D 173 111 2 174 175 185 8
L 186 108 -55
D 171 109 2 172 173 186 8
L 188 106 54
D 187 105 2 168 188 170 29
D 166 107 2 167 171 187 8
L 190 102 52
D 189 101 2 163 190 165 29
D 161 103 2 162 166 189 8
L 194 98 44
D 193 97 2 155 194 157 29
D 192 95 2 153 193 158 29
D 191 93 2 148 192 159 29
D 146 99 2 147 161 191 8
L 198 88 -50
D 197 87 2 140 198 142 8
D 196 85 2 138 197 143 8
D 195 83 2 133 196 144 8
D 202 97 2 157 156 155 8
D 201 95 2 153 202 158 8
D 200 93 2 148 201 159 8
L 210 118 60
D 209 117 2 180 210 182 8
D 208 115 2 178 209 183 8
D 207 113 2 176 208 184 8
D 206 111 2 174 207 185 8
D 205 109 2 186 206 172 8
D 204 107 2 167 205 187 8
D 203 103 2 162 204 189 8
D 213 97 2 157 194 155 29
D 212 95 2 153 213 158 29
D 211 93 2 148 212 159 29
D 199 99 2 200 203 211 8
D 216 87 2 142 198 140 8
D 215 85 2 138 216 143 8
D 214 83 2 133 215 144 8
D 221 111 2 185 175 174 8
D 220 109 2 186 221 172 8
D 219 107 2 167 220 187 8
D 218 103 2 162 219 189 8
D 217 99 2 147 218 191 8
D 223 85 2 143 197 138 8
D 222 83 2 133 223 144 8
D 229 113 2 184 177 176 8
D 228 111 2 174 229 185 8
D 227 109 2 186 228 172 8
D 226 107 2 167 227 187 8
D 225 103 2 162 226 189 8
D 224 99 2 147 225 191 8
D 231 81 2 134 145 136 8
D 232 81 2 134 135 136 29
D 230 83 2 231 196 232 8
D 239 115 2 183 179 178 8
D 238 113 2 176 239 184 8
D 237 111 2 174 238 185 8
D 236 109 2 186 237 172 8
D 235 107 2 167 236 187 8
D 234 103 2 162 235 189 8
D 233 99 2 147 234 191 8
D 241 81 2 136 135 134 8
D 242 81 2 136 145 134 29
D 240 83 2 241 196 242 8
D 250 117 2 182 181 180 8
D 249 115 2 178 250 183 8
D 248 113 2 176 249 184 8
D 247 111 2 174 248 185 8
D 246 109 2 186 247 172 8
D 245 107 2 167 246 187 8
D 244 103 2 162 245 189 8
D 243 99 2 147 244 191 8
D 253 87 2 142 141 140 8
D 254 87 2 140 141 142 29
D 252 85 2 138 253 143 254
D 255 81 2 136 135 134 145
D 256 85 2 138 254 143 29
D 257 81 2 136 145 134 8
D 251 83 3 133 252 255 256 257 29
D 131 89 7 132 146 195 199 214 217 222 224 230 233 240 243 251 8
L 260 78 36
D 259 77 2 126 260 128 29
D 258 75 2 121 259 129 29
D 119 79 2 120 131 258 8
D 264 69 2 114 113 112 8
D 263 67 2 110 264 115 8
D 262 65 2 108 263 116 8
D 261 63 2 103 262 117 8
D 267 73 2 122 130 124 8
D 268 73 2 122 123 124 29
D 266 75 2 267 125 268 8
D 270 99 2 147 203 191 8
D 273 87 2 140 198 142 29
D 272 85 2 138 273 143 29
D 271 83 2 133 272 144 29
D 269 89 2 132 270 271 8
D 275 77 2 126 260 128 8
D 274 75 2 121 275 129 8
D 279 87 2 140 198 142 141
D 278 85 2 138 279 143 29
D 277 83 2 133 278 144 29
D 276 89 3 132 243 214 270 277 8
D 281 77 2 128 127 126 8
D 280 75 2 121 281 129 8
D 284 85 2 138 279 143 254
D 283 83 2 133 284 144 29
D 282 89 4 132 233 214 243 222 270 283 8
D 286 77 2 126 127 128 260
D 285 75 3 121 286 267 259 124 29
D 265 79 4 266 269 274 276 280 282 285 8
L 291 70 39
D 290 69 2 114 291 112 8
D 289 67 2 110 290 115 8
D 288 65 2 108 289 116 8
D 287 63 2 103 288 117 8
D 294 83 3 133 284 255 256 257 29
D 293 89 6 132 217 214 224 222 233 230 243 240 270 294 8
D 292 79 2 120 293 258 8
D 297 67 2 115 264 110 8
D 296 65 2 108 297 116 8
D 295 63 2 103 296 117 8
D 300 83 3 133 284 231 256 136 29
D 299 89 5 132 224 214 233 222 243 230 270 300 8
D 298 79 2 120 299 258 8
D 304 69 2 112 291 114 8
D 305 69 2 114 291 112 29
D 303 67 2 110 304 115 305
D 302 65 2 108 303 116 29
D 301 63 2 103 302 117 29
D 101 71 5 102 119 261 265 287 292 295 298 301 8
D 308 43 2 73 100 75 8
D 307 41 2 71 308 76 8
D 311 51 2 84 95 86 8
D 312 51 2 84 85 86 29
D 310 53 2 311 87 312 8
D 309 49 2 78 310 96 8
D 314 43 2 73 74 75 29
D 313 41 2 71 314 76 29
D 306 45 2 307 309 313 8
D 321 105 2 168 188 170 8
D 322 109 2 186 173 172 8
D 323 105 2 168 169 170 29
D 320 107 2 321 322 323 8
D 319 103 2 162 320 189 8
D 318 99 2 147 319 191 8
D 327 97 2 155 194 157 8
D 326 95 2 153 327 158 8
D 325 93 2 148 326 159 8
D 330 97 2 155 156 157 194
D 329 95 2 153 330 158 29
D 328 93 2 148 329 159 29
D 324 99 3 325 203 200 244 328 8
D 317 89 7 132 318 195 324 214 146 222 217 230 224 240 233 251 8
D 316 79 2 120 317 258 8
D 333 73 2 124 123 122 8
D 334 73 2 124 130 122 29
D 332 75 2 333 125 334 8
D 336 73 2 124 123 122 130
D 337 73 2 124 130 122 8
D 335 75 3 121 286 336 259 337 29
D 331 79 5 332 269 266 276 274 282 280 299 335 8
D 315 71 5 102 316 261 331 287 119 295 292 301 8
D 339 41 2 76 72 71 8
D 340 41 2 76 99 71 29
D 338 45 2 339 309 340 8
D 347 105 2 170 169 168 8
D 348 105 2 170 188 168 29
D 346 107 2 347 322 348 8
D 345 103 2 162 346 189 8
D 344 99 2 147 345 191 8
D 351 95 2 158 154 153 8
D 350 93 2 148 351 159 8
D 353 95 2 153 330 158 193
D 352 93 2 148 353 159 29
D 349 99 4 350 203 325 244 200 234 352 8
D 343 89 7 132 344 195 349 214 318 222 146 230 217 240 224 251 8
D 342 79 2 120 343 258 8
D 355 61 2 106 105 104 8
D 356 61 2 106 118 104 29
D 354 63 2 355 262 356 8
D 357 79 2 120 269 258 8
D 358 79 5 332 276 266 282 280 293 274 299 335 8
D 361 67 2 110 305 115 29
D 360 65 2 108 361 116 29
D 359 63 3 103 302 355 360 118 29
D 341 71 6 102 342 354 357 261 358 287 316 295 119 359 8
D 364 43 2 75 74 73 8
D 363 41 2 71 364 76 8
D 366 43 2 75 100 73 29
D 365 41 2 71 366 76 29
D 362 45 2 363 309 365 8
D 372 91 2 149 160 151 8
D 373 91 2 149 150 151 29
D 371 93 2 372 152 373 8
D 374 93 3 148 353 372 192 151 29
D 370 99 5 371 203 350 244 325 234 200 225 374 8
D 377 101 2 163 190 165 8
D 378 107 2 167 322 187 8
D 379 101 2 163 164 165 29
D 376 103 2 377 378 379 8
D 375 99 2 147 376 191 8
D 369 89 7 195 370 214 344 132 375 222 318 230 146 240 217 251 8
D 368 79 2 120 369 258 8
D 380 79 5 332 282 280 131 274 293 266 299 335 8
D 382 61 2 104 118 106 8
D 383 61 2 104 105 106 29
D 381 63 2 382 262 383 8
D 384 79 2 120 276 258 8
D 386 61 2 106 105 104 118
D 387 61 2 106 118 104 8
D 385 63 3 103 302 386 360 387 29
D 367 71 7 102 368 261 380 287 342 381 357 295 316 354 384 385 8
D 391 51 2 86 95 84 8
D 392 51 2 86 85 84 29
D 390 53 2 391 87 392 8
D 389 49 2 78 390 96 8
D 388 45 2 70 389 98 8
D 394 79 5 274 131 280 317 266 293 332 299 335 8
D 399 91 2 151 150 149 8
D 400 91 2 151 160 149 29
D 398 93 2 399 152 400 8
D 402 91 2 151 150 149 160
D 403 91 2 151 160 149 8
D 401 93 3 148 353 402 192 403 29
D 397 99 6 398 203 371 244 350 234 325 225 200 218 401 8
D 406 101 2 165 164 163 8
D 407 101 2 165 190 163 29
D 405 103 2 406 378 407 8
D 404 99 2 147 405 191 8
D 396 89 7 195 397 222 344 214 375 230 318 132 404 240 146 251 8
D 395 79 2 120 396 258 8
D 409 65 2 116 263 108 8
D 408 63 2 103 409 117 8
D 410 79 2 120 282 258 8
D 412 65 2 108 303 116 361
D 411 63 3 103 412 386 360 387 29
D 393 71 8 261 394 102 395 287 368 295 342 408 357 354 410 381 384 411 8
D 415 47 2 81 80 79 8
D 416 47 2 81 97 79 29
D 414 49 2 415 310 416 8
D 413 45 2 70 414 98 8
D 418 79 5 266 131 274 317 280 343 332 293 335 8
D 421 99 6 398 244 371 234 350 225 325 218 200 161 401 8
D 423 85 2 143 254 138 141
D 422 83 3 133 423 255 256 257 29
D 420 89 6 195 421 230 344 222 375 240 318 214 404 422 8
D 419 79 2 120 420 258 8
D 417 71 8 261 418 287 395 295 368 102 419 354 298 381 410 408 384 411 8
D 426 47 2 79 97 81 8
D 427 47 2 79 80 81 29
D 425 49 2 426 310 427 8
D 424 45 2 70 425 98 8
D 429 79 5 332 131 266 317 274 343 280 369 335 8
D 432 99 6 398 234 371 225 350 218 325 161 200 319 401 8
D 433 83 3 255 256 133 254 257 29
D 431 89 5 195 432 240 344 230 375 222 404 433 8
D 430 79 2 120 431 258 8
D 428 71 8 261 429 295 395 287 419 102 430 354 292 381 298 408 410 411 8
D 437 55 2 93 89 88 8
D 436 53 2 311 437 312 8
D 435 49 2 78 436 96 8
D 434 45 2 70 435 98 8
D 439 79 5 332 317 266 343 274 369 280 396 335 8
D 442 99 6 398 225 371 218 350 161 325 319 200 345 401 8
D 444 81 2 136 135 134 29
D 443 83 2 444 256 257 29
D 441 89 4 240 375 195 442 230 404 443 8
D 440 79 2 120 441 258 8
D 438 71 8 261 439 295 419 287 430 102 440 354 119 381 292 408 298 411 8
L 450 58 29
D 449 57 2 90 450 92 8
D 448 55 2 88 449 93 8
D 447 53 2 311 448 312 8
D 446 49 2 78 447 96 8
D 445 45 2 70 446 98 8
D 452 79 5 332 343 266 369 274 396 280 420 335 8
D 455 99 6 398 218 371 161 350 319 325 345 200 376 401 8
D 456 83 2 135 256 145 29
D 454 89 3 240 404 195 455 456 8
D 453 79 2 120 454 258 8
D 451 71 8 261 452 354 316 295 430 287 440 381 119 102 453 408 292 411 8
D 461 57 2 92 91 90 8
D 460 55 2 88 461 93 8
D 459 53 2 311 460 312 8
D 458 49 2 78 459 96 8
D 457 45 2 70 458 98 8
D 463 79 5 332 369 266 396 274 420 280 431 335 8
D 466 99 6 398 161 371 319 350 345 325 376 200 405 401 8
D 467 83 2 133 256 144 29
D 465 89 2 195 466 467 8
D 464 79 2 120 465 258 8
D 462 71 8 261 463 354 342 381 316 295 440 408 119 287 453 102 464 411 8
D 470 43 2 75 74 73 100
D 469 41 2 71 470 76 72
D 474 57 2 90 450 92 29
D 473 55 2 88 474 93 29
D 472 53 2 311 473 312 29
D 471 49 2 78 472 96 29
D 476 47 2 81 80 79 97
D 478 51 2 86 95 84 85
D 480 57 2 90 91 92 450
D 479 55 2 93 474 88 480
D 481 51 2 86 85 84 8
D 477 53 3 478 473 311 479 481 29
D 482 47 2 81 97 79 8
D 475 49 3 476 472 78 477 482 29
D 484 43 2 75 100 73 8
D 483 41 2 71 484 76 99
D 468 45 3 469 471 70 475 483 29
D 68 59 11 69 101 306 315 338 341 362 367 388 393 413 417 424 428 434 438 445 451 457 462 468 8
D 488 31 2 53 62 51 8
D 489 31 2 53 52 51 29
D 487 33 2 488 54 489 8
D 486 29 2 45 487 63 8
D 485 25 2 37 486 65 8
D 492 79 5 332 396 266 420 274 431 280 441 335 8
D 498 97 2 155 156 157 29
D 497 95 2 153 498 158 193
D 496 93 3 148 497 402 192 403 29
D 495 99 5 398 319 371 345 350 376 325 405 496 8
D 494 89 2 195 495 467 8
D 493 79 2 120 494 258 8
D 491 71 8 261 492 354 368 381 342 408 316 295 453 287 464 102 493 411 8
D 490 59 11 69 315 306 341 338 367 362 393 388 417 413 428 424 438 434 451 445 462 457 491 468 8
D 500 21 2 43 39 38 8
D 503 31 2 53 52 51 8
D 504 31 2 53 62 51 29
D 502 33 2 503 54 504 8
D 501 29 2 45 502 63 8
D 505 21 2 43 66 38 29
D 499 25 2 500 501 505 8
D 508 79 5 332 420 266 431 274 441 280 454 335 8
D 513 95 2 158 193 153 29
D 512 93 3 148 513 402 192 403 29
D 511 99 4 398 345 371 376 350 405 512 8
D 510 89 2 195 511 467 8
D 509 79 2 120 510 258 8
D 507 71 8 261 508 354 395 381 368 408 342 295 464 287 493 102 509 411 8
D 506 59 11 69 341 306 367 338 393 362 417 388 428 413 438 424 451 434 462 445 491 457 507 468 8
D 516 23 2 40 67 42 8
D 515 21 2 38 516 43 8
D 518 23 2 40 41 42 29
D 517 21 2 38 518 43 29
D 514 25 2 515 501 517 8
D 521 79 5 332 431 266 441 274 454 280 465 335 8
D 526 91 2 149 150 151 160
D 525 93 2 402 192 526 29
D 524 99 3 398 376 371 405 525 8
D 523 89 2 195 524 467 8
D 522 79 2 120 523 258 8
D 520 71 8 261 521 381 395 408 368 354 419 295 493 287 509 102 522 411 8
D 519 59 11 69 367 306 393 338 417 362 428 388 438 413 451 424 462 434 491 445 507 457 520 468 8
D 529 23 2 42 41 40 8
D 528 21 2 38 529 43 8
D 531 23 2 42 67 40 29
D 530 21 2 38 531 43 29
D 527 25 2 528 501 530 8
D 534 79 5 332 441 266 454 274 465 280 494 335 8
D 538 93 2 399 192 400 29
D 537 99 2 398 405 538 8
D 536 89 2 195 537 467 8
D 535 79 2 120 536 258 8
D 533 71 8 408 395 261 534 381 419 354 430 295 509 287 522 102 535 411 8
D 532 59 11 69 393 306 417 338 428 362 438 388 451 413 462 424 491 434 507 445 520 457 533 468 8
D 541 27 2 48 47 46 8
D 542 27 2 48 64 46 29
D 540 29 2 541 502 542 8
D 539 25 2 37 540 65 8
D 545 79 5 332 454 266 465 274 494 280 510 335 8
D 548 67 2 115 305 110 112
D 547 65 2 108 548 116 361
D 546 63 3 103 547 386 360 387 29
D 544 71 7 408 419 261 545 381 430 354 440 295 522 287 535 546 8
D 543 59 11 69 417 306 428 338 438 362 451 388 462 413 491 424 507 434 520 445 533 457 544 468 8
D 551 27 2 46 64 48 8
D 552 27 2 46 47 48 29
D 550 29 2 551 502 552 8
D 549 25 2 37 550 65 8
D 555 79 5 332 465 266 494 274 510 280 523 335 8
D 557 65 2 116 361 108 305
D 556 63 3 103 557 386 360 387 29
D 554 71 6 408 430 261 555 381 440 354 453 295 535 556 8
D 553 59 11 69 428 306 438 338 451 362 462 388 491 413 507 424 520 434 533 445 544 457 554 468 8
D 561 35 2 60 56 55 8
D 560 33 2 503 561 504 8
D 559 29 2 45 560 63 8
D 558 25 2 37 559 65 8
D 564 79 5 332 494 266 510 274 523 280 536 335 8
D 565 63 3 386 360 103 361 387 29
D 563 71 5 408 440 261 564 381 453 354 464 565 8
D 562 59 11 69 438 306 451 338 462 362 491 388 507 413 520 424 533 434 544 445 554 457 563 468 8
D 570 37 2 59 58 57 8
D 569 35 2 55 570 60 8
D 568 33 2 503 569 504 8
D 567 29 2 45 568 63 8
D 566 25 2 37 567 65 8
D 575 77 2 126 127 128 29
D 574 75 3 121 575 336 259 337 29
D 573 79 4 332 510 266 523 274 536 574 8
D 572 71 5 408 453 261 573 381 464 354 493 565 8
D 571 59 11 69 451 306 462 338 491 362 507 388 520 413 533 424 544 434 554 445 563 457 572 468 8
L 581 38 20
D 580 37 2 57 581 59 8
D 579 35 2 55 580 60 8
D 578 33 2 503 579 504 8
D 577 29 2 45 578 63 8
D 576 25 2 37 577 65 8
D 586 73 2 122 123 124 130
D 585 75 2 336 259 586 29
D 584 79 3 332 523 266 536 585 8
D 583 71 5 408 464 261 584 381 493 354 509 565 8
D 582 59 11 69 462 306 491 338 507 362 520 388 533 413 544 424 554 434 563 445 572 457 583 468 8
D 589 23 2 42 41 40 67
D 588 21 2 38 589 43 39
D 593 37 2 57 581 59 29
D 592 35 2 55 593 60 29
D 591 33 2 503 592 504 29
D 590 29 2 45 591 63 29
D 595 27 2 48 47 46 64
D 597 31 2 51 52 53 62
D 599 37 2 57 58 59 581
D 598 35 2 60 593 55 599
D 600 31 2 51 62 53 8
D 596 33 3 597 592 503 598 600 29
D 601 27 2 48 64 46 8
D 594 29 3 595 591 45 596 601 29
D 603 23 2 42 67 40 8
D 602 21 2 38 603 43 66
D 587 25 3 588 590 37 594 602 29
D 35 39 11 36 68 485 490 499 506 514 519 527 532 539 543 549 553 558 562 566 571 576 582 587 8
D 606 3 2 5 34 7 8
D 605 1 2 3 606 9 8
D 609 11 2 17 28 19 8
D 610 11 2 17 18 19 29
D 608 13 2 609 20 610 8
D 607 9 2 11 608 30 8
D 612 3 2 5 6 7 29
D 611 1 2 3 612 9 29
D 604 5 2 605 607 611 8
D 617 75 2 333 259 334 29
D 616 79 2 332 536 617 8
D 615 71 5 408 493 261 616 381 509 354 522 565 8
D 614 59 11 69 491 306 507 338 520 362 533 388 544 413 554 424 563 434 572 445 583 457 615 468 8
D 613 39 11 36 490 485 506 499 519 514 532 527 543 539 553 549 562 558 571 566 582 576 614 587 8
D 619 1 2 9 4 3 8
D 620 1 2 9 33 3 29
D 618 5 2 619 607 620 8
D 625 65 2 116 361 108 29
D 624 63 3 386 360 103 625 387 29
D 623 71 4 408 509 381 522 354 535 624 8
D 622 59 11 69 507 306 520 338 533 362 544 388 554 413 563 424 572 434 583 445 615 457 623 468 8
D 621 39 11 36 506 485 519 499 532 514 543 527 553 539 562 549 571 558 582 566 614 576 622 587 8
D 628 3 2 7 6 5 8
D 627 1 2 3 628 9 8
D 630 3 2 7 34 5 29
D 629 1 2 3 630 9 29
D 626 5 2 627 607 629 8
D 634 63 3 382 360 103 625 106 29
D 633 71 3 408 522 381 535 634 8
D 632 59 11 69 520 306 533 338 544 362 554 388 563 413 572 424 583 434 615 445 623 457 633 468 8
D 631 39 11 36 519 485 532 499 543 514 553 527 562 539 571 549 582 558 614 566 622 576 632 587 8
D 638 11 2 19 28 17 8
D 639 11 2 19 18 17 29
D 637 13 2 638 20 639 8
D 636 9 2 11 637 30 8
D 635 5 2 2 636 32 8
D 643 63 2 103 625 117 29
D 642 71 2 408 535 643 8
D 641 59 11 69 533 306 544 338 554 362 563 388 572 413 583 424 615 434 623 445 633 457 642 468 8
D 640 39 11 36 532 485 543 499 553 514 562 527 571 539 582 549 614 558 622 566 632 576 641 587 8
D 646 7 2 14 13 12 8
D 647 7 2 14 31 12 29
D 645 9 2 646 608 647 8
D 644 5 2 2 645 32 8
D 654 57 2 90 91 92 29
D 653 55 2 88 654 93 474
D 652 53 3 311 653 478 473 481 29
D 651 49 3 78 652 476 472 482 29
D 650 45 3 70 651 469 471 483 29
D 649 59 10 69 544 306 554 338 563 362 572 388 583 413 615 424 623 434 633 445 642 650 8
D 648 39 11 36 543 485 553 499 562 514 571 527 582 539 614 549 622 558 632 566 641 576 649 587 8
D 657 7 2 12 31 14 8
D 658 7 2 12 13 14 29
D 656 9 2 657 608 658 8
D 655 5 2 2 656 32 8
D 664 55 2 93 474 88 29
D 663 53 3 311 664 478 473 481 29
D 662 49 3 78 663 476 472 482 29
D 661 45 3 70 662 469 471 483 29
D 660 59 9 69 554 306 563 338 572 362 583 388 615 413 623 424 633 434 642 661 8
D 659 39 11 36 553 485 562 499 571 514 582 527 614 539 622 549 632 558 641 566 649 576 660 587 8
D 668 15 2 26 22 21 8
D 667 13 2 609 668 610 8
D 666 9 2 11 667 30 8
D 665 5 2 2 666 32 8
D 674 51 2 84 95 86 85
D 673 53 2 478 473 674 29
D 672 49 3 78 673 476 472 482 29
D 671 45 3 70 672 469 471 483 29
D 670 59 8 69 563 306 572 338 583 362 615 388 623 413 633 424 642 671 8
D 669 39 11 36 562 485 571 499 582 514 614 527 622 539 632 549 641 558 649 566 660 576 670 587 8
L 680 18 9
D 679 17 2 23 680 25 8
D 678 15 2 21 679 26 8
D 677 13 2 609 678 610 8
D 676 9 2 11 677 30 8
D 675 5 2 2 676 32 8
D 684 49 3 78 673 415 472 97 29
D 683 45 3 70 684 469 471 483 29
D 682 59 7 69 572 306 583 338 615 362 623 388 633 413 642 683 8
D 681 39 11 36 571 485 582 499 614 514 622 527 632 539 641 549 649 558 660 566 670 576 682 587 8
D 689 17 2 25 24 23 8
D 688 15 2 21 689 26 8
D 687 13 2 609 688 610 8
D 686 9 2 11 687 30 8
D 685 5 2 2 686 32 8
D 693 49 2 78 673 96 29
D 692 45 3 70 693 469 471 483 29
D 691 59 6 69 583 306 615 338 623 362 633 388 642 692 8
D 690 39 11 36 582 485 614 499 622 514 632 527 641 539 649 549 660 558 670 566 682 576 691 587 8
D 698 17 2 23 24 25 680
D 699 17 2 23 680 25 29
D 697 15 2 21 698 26 699
D 700 11 2 19 28 17 18
D 701 15 2 21 699 26 29
D 702 11 2 19 18 17 8
D 696 13 3 609 697 700 701 702 29
D 703 7 2 14 13 12 31
D 704 13 2 609 701 610 29
D 705 7 2 14 31 12 8
D 695 9 3 11 696 703 704 705 29
D 707 3 2 7 6 5 34
D 706 1 2 3 707 9 4
D 708 9 2 11 704 30 29
D 710 3 2 7 34 5 8
D 709 1 2 3 710 9 33
D 694 5 3 2 695 706 708 709 29
D 0 19 11 1 35 604 613 618 621 626 631 635 640 644 648 655 659 665 669 675 681 685 690 694 8
