c ids of sdd nodes start at 0
c sdd nodes appear bottom-up, children before parents
c
c file syntax:
c sdd count-of-sdd-nodes
c F id-of-false-sdd-node
c T id-of-true-sdd-node
c L id-of-literal-sdd-node id-of-vtree literal
c D id-of-decomposition-sdd-node id-of-vtree number-of-elements {id-of-prime id-of-sub}*
c
sdd 712
L 3 0 -3
L 5 2 -4
L 6 4 -2
L 7 2 4
F 8
D 4 3 2 5 6 7 8
L 9 0 3
D 2 1 2 3 4 9 8
L 12 6 -6
L 13 8 -7
L 14 6 6
D 11 7 2 12 13 14 8
L 17 10 -5
L 18 12 1
L 19 10 5
D 16 11 2 17 18 19 8
L 21 14 -8
L 23 16 -10
L 24 18 -9
L 25 16 10
D 22 17 2 23 24 25 8
L 26 14 8
D 20 15 2 21 22 26 8
L 28 12 -1
T 29
D 27 11 2 17 28 19 29
D 15 13 2 16 20 27 8
L 31 8 7
D 30 7 2 12 31 14 29
D 10 9 2 11 15 30 8
L 34 4 2
D 33 3 2 5 34 7 29
D 32 1 2 3 33 9 29
D 1 5 2 2 10 32 8
L 38 20 -13
L 40 22 -15
L 41 24 -14
L 42 22 15
D 39 23 2 40 41 42 8
L 43 20 13
D 37 21 2 38 39 43 8
L 46 26 -16
L 47 28 -17
L 48 26 16
D 45 27 2 46 47 48 8
L 51 30 11
L 52 32 -12
L 53 30 -11
D 50 31 2 51 52 53 8
L 55 34 -18
L 57 36 -19
L 58 38 -20
L 59 36 19
D 56 37 2 57 58 59 8
L 60 34 18
D 54 35 2 55 56 60 8
L 62 32 12
D 61 31 2 51 62 53 29
D 49 33 2 50 54 61 8
L 64 28 17
D 63 27 2 46 64 48 29
D 44 29 2 45 49 63 8
L 67 24 14
D 66 23 2 40 67 42 29
D 65 21 2 38 66 43 29
D 36 25 2 37 44 65 8
L 71 40 -23
L 73 42 -24
L 74 44 -22
L 75 42 24
D 72 43 2 73 74 75 8
L 76 40 23
D 70 41 2 71 72 76 8
L 79 46 -26
L 80 48 -27
L 81 46 26
D 78 47 2 79 80 81 8
L 84 50 -25
L 85 52 21
L 86 50 25
D 83 51 2 84 85 86 8
L 88 54 -28
L 90 56 -30
L 91 58 -29
L 92 56 30
D 89 57 2 90 91 92 8
L 93 54 28
D 87 55 2 88 89 93 8
L 95 52 -21
D 94 51 2 84 95 86 29
D 82 53 2 83 87 94 8
L 97 48 27
D 96 47 2 79 97 81 29
D 77 49 2 78 82 96 8
L 100 44 22
D 99 43 2 73 100 75 29
D 98 41 2 71 99 76 29
D 69 45 2 70 77 98 8
L 104 60 -33
L 105 62 -32
L 106 60 33
D 103 61 2 104 105 106 8
L 108 64 -31
L 110 66 -38
L 112 68 40
L 113 70 -39
L 114 68 -40
D 111 69 2 112 113 114 8
L 115 66 38
D 109 67 2 110 111 115 8
L 116 64 31
D 107 65 2 108 109 116 8
L 118 62 32
D 117 61 2 104 118 106 29
D 102 63 2 103 107 117 8
L 122 72 -34
L 123 74 -35
L 124 72 34
D 121 73 2 122 123 124 8
L 126 76 -37
L 127 78 -36
L 128 76 37
D 125 77 2 126 127 128 8
L 130 74 35
D 129 73 2 122 130 124 29
D 120 75 2 121 125 129 8
L 134 80 -46
L 135 82 -47
L 136 80 46
D 133 81 2 134 135 136 8
L 138 84 -48
L 140 86 -49
L 141 88 50
L 142 86 49
D 139 87 2 140 141 142 8
L 143 84 48
D 137 85 2 138 139 143 8
L 145 82 47
D 144 81 2 134 145 136 29
D 132 83 2 133 137 144 8
L 149 90 -41
L 150 92 -42
L 151 90 41
D 148 91 2 149 150 151 8
L 153 94 -43
L 155 96 -45
L 156 98 -44
L 157 96 45
D 154 97 2 155 156 157 8
L 158 94 43
D 152 95 2 153 154 158 8
L 160 92 42
D 159 91 2 149 160 151 29
D 147 93 2 148 152 159 8
L 163 100 -51
L 164 102 -52
L 165 100 51
D 162 101 2 163 164 165 8
L 168 104 -53
L 169 106 -54
L 170 104 53
D 167 105 2 168 169 170 8
L 172 108 -55
L 174 110 56
L 176 112 -57
L 178 114 -58
L 180 116 -59
L 181 118 -60
L 182 116 59
D 179 117 2 180 181 182 8
L 183 114 58
D 177 115 2 178 179 183 8
L 184 112 57
D 175 113 2 176 177 184 8
L 185 110 -56
D 173 111 2 174 175 185 8
L 186 108 55
D 171 109 2 172 173 186 8
L 188 106 54
D 187 105 2 168 188 170 29
D 166 107 2 167 171 187 8
L 190 102 52
D 189 101 2 163 190 165 29
D 161 103 2 162 166 189 8
L 194 98 44
D 193 97 2 155 194 157 29
D 192 95 2 153 193 158 29
D 191 93 2 148 192 159 29
D 146 99 2 147 161 191 8
L 198 88 -50
D 197 87 2 142 198 140 8
D 196 85 2 138 197 143 8
D 195 83 2 133 196 144 8
D 204 113 2 184 177 176 8
D 203 111 2 185 204 174 8
D 202 109 2 172 203 186 8
D 201 107 2 167 202 187 8
D 200 103 2 162 201 189 8
D 199 99 2 147 200 191 8
D 207 87 2 140 198 142 8
D 206 85 2 143 207 138 8
D 205 83 2 133 206 144 8
D 214 115 2 183 179 178 8
D 213 113 2 176 214 184 8
D 212 111 2 185 213 174 8
D 211 109 2 172 212 186 8
D 210 107 2 167 211 187 8
D 209 103 2 162 210 189 8
D 208 99 2 147 209 191 8
D 216 81 2 134 145 136 8
D 217 85 2 138 207 143 8
D 218 81 2 134 135 136 29
D 215 83 2 216 217 218 8
D 226 117 2 182 181 180 8
D 225 115 2 178 226 183 8
D 224 113 2 176 225 184 8
D 223 111 2 185 224 174 8
D 222 109 2 172 223 186 8
D 221 107 2 167 222 187 8
D 220 103 2 162 221 189 8
D 219 99 2 147 220 191 8
D 228 81 2 136 135 134 8
D 229 81 2 136 145 134 29
D 227 83 2 228 217 229 8
L 238 118 60
D 237 117 2 180 238 182 8
D 236 115 2 178 237 183 8
D 235 113 2 176 236 184 8
D 234 111 2 185 235 174 8
D 233 109 2 172 234 186 8
D 232 107 2 167 233 187 8
D 231 103 2 162 232 189 8
D 230 99 2 147 231 191 8
D 241 87 2 140 198 142 141
D 242 87 2 140 141 142 29
D 240 85 2 138 241 143 242
D 243 81 2 136 135 134 145
D 244 85 2 138 242 143 29
D 245 81 2 136 145 134 8
D 239 83 3 133 240 243 244 245 29
D 131 89 6 132 146 195 199 205 208 215 219 227 230 239 8
L 248 78 36
D 247 77 2 126 248 128 29
D 246 75 2 121 247 129 29
D 119 79 2 120 131 246 8
D 252 69 2 114 113 112 8
D 251 67 2 110 252 115 8
D 250 65 2 108 251 116 8
D 249 63 2 103 250 117 8
D 255 77 2 126 248 128 8
D 254 75 2 121 255 129 8
D 259 87 2 140 198 142 29
D 258 85 2 138 259 143 29
D 257 83 2 133 258 144 29
D 256 89 2 132 230 257 8
D 261 77 2 128 127 126 8
D 260 75 2 121 261 129 8
D 264 85 2 138 241 143 29
D 263 83 2 133 264 144 29
D 262 89 3 132 219 195 230 263 8
D 266 77 2 126 127 128 248
D 265 75 2 121 266 129 29
D 253 79 3 254 256 260 262 265 8
L 271 70 39
D 270 69 2 114 271 112 8
D 269 67 2 110 270 115 8
D 268 65 2 108 269 116 8
D 267 63 2 103 268 117 8
D 274 83 3 133 240 216 244 136 29
D 273 89 5 132 199 195 208 205 219 215 230 274 8
D 272 79 2 120 273 246 8
D 277 67 2 115 252 110 8
D 276 65 2 108 277 116 8
D 275 63 2 103 276 117 8
D 280 83 2 133 240 144 29
D 279 89 4 132 208 195 219 205 230 280 8
D 278 79 2 120 279 246 8
D 284 69 2 112 271 114 8
D 285 69 2 114 271 112 29
D 283 67 2 110 284 115 285
D 282 65 2 108 283 116 29
D 281 63 2 103 282 117 29
D 101 71 5 102 119 249 253 267 272 275 278 281 8
D 288 43 2 73 100 75 8
D 287 41 2 71 288 76 8
D 291 51 2 84 95 86 8
D 292 51 2 84 85 86 29
D 290 53 2 291 87 292 8
D 289 49 2 78 290 96 8
D 294 43 2 73 74 75 29
D 293 41 2 71 294 76 29
D 286 45 2 287 289 293 8
D 302 111 2 185 175 174 8
D 301 109 2 186 302 172 8
D 300 107 2 167 301 187 8
D 299 103 2 162 300 189 8
D 298 99 2 147 299 191 8
D 303 83 2 133 217 144 8
D 307 97 2 157 156 155 8
D 306 95 2 153 307 158 8
D 305 93 2 148 306 159 8
D 310 97 2 157 194 155 29
D 309 95 2 153 310 158 29
D 308 93 2 148 309 159 29
D 304 99 2 305 231 308 8
D 313 87 2 142 141 140 8
D 312 85 2 138 313 143 242
D 311 83 3 133 312 243 244 245 29
D 297 89 7 132 298 303 304 195 146 205 199 215 208 227 219 311 8
D 296 79 2 120 297 246 8
D 316 73 2 122 130 124 8
D 317 73 2 122 123 124 29
D 315 75 2 316 125 317 8
D 318 75 3 121 266 316 247 124 29
D 314 79 4 315 256 254 262 260 279 318 8
D 295 71 5 102 296 249 314 267 119 275 272 281 8
D 320 41 2 76 72 71 8
D 321 41 2 76 99 71 29
D 319 45 2 320 289 321 8
D 328 105 2 168 188 170 8
D 329 109 2 172 302 186 8
D 330 105 2 168 169 170 29
D 327 107 2 328 329 330 8
D 326 103 2 162 327 189 8
D 325 99 2 147 326 191 8
D 334 97 2 155 194 157 8
D 333 95 2 153 334 158 8
D 332 93 2 148 333 159 8
D 337 97 2 155 156 157 194
D 336 95 2 153 337 158 29
D 335 93 2 148 336 159 29
D 331 99 3 332 231 305 220 335 8
D 324 89 7 132 325 303 331 195 298 205 146 215 199 227 208 311 8
D 323 79 2 120 324 246 8
D 340 73 2 124 123 122 8
D 341 73 2 124 130 122 29
D 339 75 2 340 125 341 8
D 343 73 2 124 123 122 130
D 344 73 2 124 130 122 8
D 342 75 3 121 266 343 247 344 29
D 338 79 5 339 256 315 262 254 279 260 273 342 8
D 322 71 5 102 323 249 338 267 296 275 119 281 8
D 347 43 2 75 74 73 8
D 346 41 2 71 347 76 8
D 349 43 2 75 100 73 29
D 348 41 2 71 349 76 29
D 345 45 2 346 289 348 8
D 356 105 2 170 169 168 8
D 357 105 2 170 188 168 29
D 355 107 2 356 329 357 8
D 354 103 2 162 355 189 8
D 353 99 2 147 354 191 8
D 360 95 2 158 154 153 8
D 359 93 2 148 360 159 8
D 362 95 2 153 337 158 193
D 361 93 2 148 362 159 29
D 358 99 4 359 231 332 220 305 209 361 8
D 352 89 7 132 353 303 358 195 325 205 298 215 146 227 199 311 8
D 351 79 2 120 352 246 8
D 364 61 2 106 105 104 8
D 365 61 2 106 118 104 29
D 363 63 2 364 250 365 8
D 366 79 2 120 256 246 8
D 367 79 5 339 262 315 279 260 131 254 273 342 8
D 370 67 2 110 285 115 29
D 369 65 2 108 370 116 29
D 368 63 3 103 282 364 369 118 29
D 350 71 6 102 351 363 366 249 367 267 323 275 296 368 8
D 374 51 2 86 95 84 8
D 375 51 2 86 85 84 29
D 373 53 2 374 87 375 8
D 372 49 2 78 373 96 8
D 371 45 2 70 372 98 8
D 381 91 2 149 160 151 8
D 382 91 2 149 150 151 29
D 380 93 2 381 152 382 8
D 383 93 3 148 362 381 192 151 29
D 379 99 5 380 231 359 220 332 209 305 200 383 8
D 386 101 2 163 190 165 8
D 387 107 2 167 329 187 8
D 388 101 2 163 164 165 29
D 385 103 2 386 387 388 8
D 384 99 2 147 385 191 8
D 378 89 7 303 379 195 353 132 384 205 325 215 298 227 146 311 8
D 377 79 2 120 378 246 8
D 389 79 5 339 279 260 297 254 131 315 273 342 8
D 391 61 2 104 118 106 8
D 392 61 2 104 105 106 29
D 390 63 2 391 250 392 8
D 393 79 2 120 262 246 8
D 395 61 2 106 105 104 118
D 396 61 2 106 118 104 8
D 394 63 3 103 282 395 369 396 29
D 376 71 7 102 377 249 389 267 351 390 366 275 323 363 393 394 8
D 399 47 2 81 80 79 8
D 400 47 2 81 97 79 29
D 398 49 2 399 290 400 8
D 397 45 2 70 398 98 8
D 402 79 5 254 297 260 324 315 131 339 273 342 8
D 407 91 2 151 150 149 8
D 408 91 2 151 160 149 29
D 406 93 2 407 152 408 8
D 410 91 2 151 150 149 160
D 411 91 2 151 160 149 8
D 409 93 3 148 362 410 192 411 29
D 405 99 6 406 231 380 220 359 209 332 200 305 161 409 8
D 414 101 2 165 164 163 8
D 415 101 2 165 190 163 29
D 413 103 2 414 387 415 8
D 412 99 2 147 413 191 8
D 404 89 7 303 405 205 353 195 384 215 325 132 412 227 298 311 8
D 403 79 2 120 404 246 8
D 417 65 2 116 251 108 8
D 416 63 2 103 417 117 8
D 419 65 2 108 283 116 370
D 418 63 3 103 419 395 369 396 29
D 401 71 8 249 402 102 403 267 377 275 351 416 366 363 278 390 393 418 8
D 422 47 2 79 97 81 8
D 423 47 2 79 80 81 29
D 421 49 2 422 290 423 8
D 420 45 2 70 421 98 8
D 425 79 5 315 297 254 324 260 352 339 131 342 8
D 428 99 6 406 220 380 209 359 200 332 161 305 299 409 8
D 430 85 2 143 242 138 141
D 429 83 3 133 430 243 244 245 29
D 427 89 6 303 428 215 353 205 384 227 325 195 412 429 8
D 426 79 2 120 427 246 8
D 424 71 8 249 425 267 403 275 377 102 426 363 272 390 278 416 393 418 8
D 434 55 2 93 89 88 8
D 433 53 2 291 434 292 8
D 432 49 2 78 433 96 8
D 431 45 2 70 432 98 8
D 436 79 5 339 297 315 324 254 352 260 378 342 8
D 439 99 6 406 209 380 200 359 161 332 299 305 326 409 8
D 440 83 3 243 244 133 242 245 29
D 438 89 5 303 439 227 353 215 384 205 412 440 8
D 437 79 2 120 438 246 8
D 435 71 8 249 436 275 403 267 426 102 437 363 119 390 272 416 278 418 8
L 446 58 29
D 445 57 2 90 446 92 8
D 444 55 2 88 445 93 8
D 443 53 2 291 444 292 8
D 442 49 2 78 443 96 8
D 441 45 2 70 442 98 8
D 448 79 5 339 324 315 352 254 378 260 404 342 8
D 451 99 6 406 200 380 161 359 299 332 326 305 354 409 8
D 453 81 2 136 135 134 29
D 452 83 2 453 244 245 29
D 450 89 4 227 384 303 451 215 412 452 8
D 449 79 2 120 450 246 8
D 447 71 8 249 448 275 426 267 437 102 449 363 296 390 119 416 272 418 8
D 458 57 2 92 91 90 8
D 457 55 2 88 458 93 8
D 456 53 2 291 457 292 8
D 455 49 2 78 456 96 8
D 454 45 2 70 455 98 8
D 460 79 5 339 352 315 378 254 404 260 427 342 8
D 463 99 6 406 161 380 299 359 326 332 354 305 385 409 8
D 464 83 2 135 244 145 29
D 462 89 3 227 412 303 463 464 8
D 461 79 2 120 462 246 8
D 459 71 8 249 460 363 323 275 437 267 449 390 296 102 461 416 119 418 8
D 467 43 2 75 74 73 100
D 466 41 2 71 467 76 72
D 471 57 2 90 446 92 29
D 470 55 2 88 471 93 29
D 469 53 2 291 470 292 29
D 468 49 2 78 469 96 29
D 473 47 2 81 80 79 97
D 475 51 2 86 95 84 85
D 477 57 2 90 91 92 446
D 476 55 2 93 471 88 477
D 478 51 2 86 85 84 8
D 474 53 3 475 470 291 476 478 29
D 479 47 2 81 97 79 8
D 472 49 3 473 469 78 474 479 29
D 481 43 2 75 100 73 8
D 480 41 2 71 481 76 99
D 465 45 3 466 468 70 472 480 29
D 68 59 11 69 101 286 295 319 322 345 350 371 376 397 401 420 424 431 435 441 447 454 459 465 8
D 485 31 2 53 62 51 8
D 486 31 2 53 52 51 29
D 484 33 2 485 54 486 8
D 483 29 2 45 484 63 8
D 482 25 2 37 483 65 8
D 489 79 5 339 378 315 404 254 427 260 438 342 8
D 492 99 6 406 299 380 326 359 354 332 385 305 413 409 8
D 493 83 2 133 244 144 29
D 491 89 2 303 492 493 8
D 490 79 2 120 491 246 8
D 488 71 8 249 489 363 351 390 323 275 449 416 296 267 461 102 490 418 8
D 487 59 11 69 295 286 322 319 350 345 376 371 401 397 424 420 435 431 447 441 459 454 488 465 8
D 495 21 2 43 39 38 8
D 498 31 2 53 52 51 8
D 499 31 2 53 62 51 29
D 497 33 2 498 54 499 8
D 496 29 2 45 497 63 8
D 500 21 2 43 66 38 29
D 494 25 2 495 496 500 8
D 503 79 5 339 404 315 427 254 438 260 450 342 8
D 509 97 2 155 156 157 29
D 508 95 2 153 509 158 193
D 507 93 3 148 508 410 192 411 29
D 506 99 5 406 326 380 354 359 385 332 413 507 8
D 505 89 2 303 506 493 8
D 504 79 2 120 505 246 8
D 502 71 8 249 503 363 377 390 351 416 323 275 461 267 490 102 504 418 8
D 501 59 11 69 322 286 350 319 376 345 401 371 424 397 435 420 447 431 459 441 488 454 502 465 8
D 512 23 2 40 67 42 8
D 511 21 2 38 512 43 8
D 514 23 2 40 41 42 29
D 513 21 2 38 514 43 29
D 510 25 2 511 496 513 8
D 517 79 5 339 427 315 438 254 450 260 462 342 8
D 522 95 2 158 193 153 29
D 521 93 3 148 522 410 192 411 29
D 520 99 4 406 354 380 385 359 413 521 8
D 519 89 2 303 520 493 8
D 518 79 2 120 519 246 8
D 516 71 8 249 517 363 403 390 377 416 351 275 490 267 504 102 518 418 8
D 515 59 11 69 350 286 376 319 401 345 424 371 435 397 447 420 459 431 488 441 502 454 516 465 8
D 525 23 2 42 41 40 8
D 524 21 2 38 525 43 8
D 527 23 2 42 67 40 29
D 526 21 2 38 527 43 29
D 523 25 2 524 496 526 8
D 530 79 5 339 438 315 450 254 462 260 491 342 8
D 535 91 2 149 150 151 160
D 534 93 2 410 192 535 29
D 533 99 3 406 385 380 413 534 8
D 532 89 2 303 533 493 8
D 531 79 2 120 532 246 8
D 529 71 8 249 530 390 403 416 377 363 426 275 504 267 518 102 531 418 8
D 528 59 11 69 376 286 401 319 424 345 435 371 447 397 459 420 488 431 502 441 516 454 529 465 8
D 538 27 2 48 47 46 8
D 539 27 2 48 64 46 29
D 537 29 2 538 497 539 8
D 536 25 2 37 537 65 8
D 542 79 5 339 450 315 462 254 491 260 505 342 8
D 546 93 2 407 192 408 29
D 545 99 2 406 413 546 8
D 544 89 2 303 545 493 8
D 543 79 2 120 544 246 8
D 541 71 8 416 403 249 542 390 426 363 437 275 518 267 531 102 543 418 8
D 540 59 11 69 401 286 424 319 435 345 447 371 459 397 488 420 502 431 516 441 529 454 541 465 8
D 549 27 2 46 64 48 8
D 550 27 2 46 47 48 29
D 548 29 2 549 497 550 8
D 547 25 2 37 548 65 8
D 553 79 5 339 462 315 491 254 505 260 519 342 8
D 556 67 2 115 285 110 112
D 555 65 2 108 556 116 370
D 554 63 3 103 555 395 369 396 29
D 552 71 7 416 426 249 553 390 437 363 449 275 531 267 543 554 8
D 551 59 11 69 424 286 435 319 447 345 459 371 488 397 502 420 516 431 529 441 541 454 552 465 8
D 560 35 2 60 56 55 8
D 559 33 2 498 560 499 8
D 558 29 2 45 559 63 8
D 557 25 2 37 558 65 8
D 563 79 5 339 491 315 505 254 519 260 532 342 8
D 565 65 2 116 370 108 285
D 564 63 3 103 565 395 369 396 29
D 562 71 6 416 437 249 563 390 449 363 461 275 543 564 8
D 561 59 11 69 435 286 447 319 459 345 488 371 502 397 516 420 529 431 541 441 552 454 562 465 8
D 570 37 2 59 58 57 8
D 569 35 2 55 570 60 8
D 568 33 2 498 569 499 8
D 567 29 2 45 568 63 8
D 566 25 2 37 567 65 8
D 573 79 5 339 505 315 519 254 532 260 544 342 8
D 574 63 3 395 369 103 370 396 29
D 572 71 5 416 449 249 573 390 461 363 490 574 8
D 571 59 11 69 447 286 459 319 488 345 502 371 516 397 529 420 541 431 552 441 562 454 572 465 8
L 580 38 20
D 579 37 2 57 580 59 8
D 578 35 2 55 579 60 8
D 577 33 2 498 578 499 8
D 576 29 2 45 577 63 8
D 575 25 2 37 576 65 8
D 585 77 2 126 127 128 29
D 584 75 3 121 585 343 247 344 29
D 583 79 4 339 519 315 532 254 544 584 8
D 582 71 5 416 461 249 583 390 490 363 504 574 8
D 581 59 11 69 459 286 488 319 502 345 516 371 529 397 541 420 552 431 562 441 572 454 582 465 8
D 588 23 2 42 41 40 67
D 587 21 2 38 588 43 39
D 592 37 2 57 580 59 29
D 591 35 2 55 592 60 29
D 590 33 2 498 591 499 29
D 589 29 2 45 590 63 29
D 594 27 2 48 47 46 64
D 596 31 2 51 52 53 62
D 598 37 2 57 58 59 580
D 597 35 2 60 592 55 598
D 599 31 2 51 62 53 8
D 595 33 3 596 591 498 597 599 29
D 600 27 2 48 64 46 8
D 593 29 3 594 590 45 595 600 29
D 602 23 2 42 67 40 8
D 601 21 2 38 602 43 66
D 586 25 3 587 589 37 593 601 29
D 35 39 11 36 68 482 487 494 501 510 515 523 528 536 540 547 551 557 561 566 571 575 581 586 8
D 605 3 2 5 34 7 8
D 604 1 2 3 605 9 8
D 608 11 2 17 28 19 8
D 609 11 2 17 18 19 29
D 607 13 2 608 20 609 8
D 606 9 2 11 607 30 8
D 611 3 2 5 6 7 29
D 610 1 2 3 611 9 29
D 603 5 2 604 606 610 8
D 617 73 2 122 123 124 130
D 616 75 2 343 247 617 29
D 615 79 3 339 532 315 544 616 8
D 614 71 5 416 490 249 615 390 504 363 518 574 8
D 613 59 11 69 488 286 502 319 516 345 529 371 541 397 552 420 562 431 572 441 582 454 614 465 8
D 612 39 11 36 487 482 501 494 515 510 528 523 540 536 551 547 561 557 571 566 581 575 613 586 8
D 619 1 2 9 4 3 8
D 620 1 2 9 33 3 29
D 618 5 2 619 606 620 8
D 625 75 2 340 247 341 29
D 624 79 2 339 544 625 8
D 623 71 5 416 504 249 624 390 518 363 531 574 8
D 622 59 11 69 502 286 516 319 529 345 541 371 552 397 562 420 572 431 582 441 614 454 623 465 8
D 621 39 11 36 501 482 515 494 528 510 540 523 551 536 561 547 571 557 581 566 613 575 622 586 8
D 628 3 2 7 6 5 8
D 627 1 2 3 628 9 8
D 630 3 2 7 34 5 29
D 629 1 2 3 630 9 29
D 626 5 2 627 606 629 8
D 635 65 2 116 370 108 29
D 634 63 3 395 369 103 635 396 29
D 633 71 4 416 518 390 531 363 543 634 8
D 632 59 11 69 516 286 529 319 541 345 552 371 562 397 572 420 582 431 614 441 623 454 633 465 8
D 631 39 11 36 515 482 528 494 540 510 551 523 561 536 571 547 581 557 613 566 622 575 632 586 8
D 639 11 2 19 28 17 8
D 640 11 2 19 18 17 29
D 638 13 2 639 20 640 8
D 637 9 2 11 638 30 8
D 636 5 2 2 637 32 8
D 644 63 3 391 369 103 635 106 29
D 643 71 3 416 531 390 543 644 8
D 642 59 11 69 529 286 541 319 552 345 562 371 572 397 582 420 614 431 623 441 633 454 643 465 8
D 641 39 11 36 528 482 540 494 551 510 561 523 571 536 581 547 613 557 622 566 632 575 642 586 8
D 647 7 2 14 13 12 8
D 648 7 2 14 31 12 29
D 646 9 2 647 607 648 8
D 645 5 2 2 646 32 8
D 652 63 2 103 635 117 29
D 651 71 2 416 543 652 8
D 650 59 11 69 541 286 552 319 562 345 572 371 582 397 614 420 623 431 633 441 643 454 651 465 8
D 649 39 11 36 540 482 551 494 561 510 571 523 581 536 613 547 622 557 632 566 642 575 650 586 8
D 655 7 2 12 31 14 8
D 656 7 2 12 13 14 29
D 654 9 2 655 607 656 8
D 653 5 2 2 654 32 8
D 663 57 2 90 91 92 29
D 662 55 2 88 663 93 471
D 661 53 3 291 662 475 470 478 29
D 660 49 3 78 661 473 469 479 29
D 659 45 3 70 660 466 468 480 29
D 658 59 10 69 552 286 562 319 572 345 582 371 614 397 623 420 633 431 643 441 651 659 8
D 657 39 11 36 551 482 561 494 571 510 581 523 613 536 622 547 632 557 642 566 650 575 658 586 8
D 667 15 2 26 22 21 8
D 666 13 2 608 667 609 8
D 665 9 2 11 666 30 8
D 664 5 2 2 665 32 8
D 673 55 2 93 471 88 29
D 672 53 3 291 673 475 470 478 29
D 671 49 3 78 672 473 469 479 29
D 670 45 3 70 671 466 468 480 29
D 669 59 9 69 562 286 572 319 582 345 614 371 623 397 633 420 643 431 651 670 8
D 668 39 11 36 561 482 571 494 581 510 613 523 622 536 632 547 642 557 650 566 658 575 669 586 8
L 679 18 9
D 678 17 2 23 679 25 8
D 677 15 2 21 678 26 8
D 676 13 2 608 677 609 8
D 675 9 2 11 676 30 8
D 674 5 2 2 675 32 8
D 685 51 2 84 95 86 85
D 684 53 2 475 470 685 29
D 683 49 3 78 684 473 469 479 29
D 682 45 3 70 683 466 468 480 29
D 681 59 8 69 572 286 582 319 614 345 623 371 633 397 643 420 651 682 8
D 680 39 11 36 571 482 581 494 613 510 622 523 632 536 642 547 650 557 658 566 669 575 681 586 8
D 690 17 2 25 24 23 8
D 689 15 2 21 690 26 8
D 688 13 2 608 689 609 8
D 687 9 2 11 688 30 8
D 686 5 2 2 687 32 8
D 694 49 3 78 684 399 469 97 29
D 693 45 3 70 694 466 468 480 29
D 692 59 7 69 582 286 614 319 623 345 633 371 643 397 651 693 8
D 691 39 11 36 581 482 613 494 622 510 632 523 642 536 650 547 658 557 669 566 681 575 692 586 8
D 699 17 2 23 24 25 679
D 700 17 2 23 679 25 29
D 698 15 2 21 699 26 700
D 701 11 2 19 28 17 18
D 702 15 2 21 700 26 29
D 703 11 2 19 18 17 8
D 697 13 3 608 698 701 702 703 29
D 704 7 2 14 13 12 31
D 705 13 2 608 702 609 29
D 706 7 2 14 31 12 8
D 696 9 3 11 697 704 705 706 29
D 708 3 2 7 6 5 34
D 707 1 2 3 708 9 4
D 709 9 2 11 705 30 29
D 711 3 2 7 34 5 8
D 710 1 2 3 711 9 33
D 695 5 3 2 696 707 709 710 29
D 0 19 11 1 35 603 612 618 621 626 631 636 641 645 649 653 657 664 668 674 680 686 691 695 8
