c ids of sdd nodes start at 0
c sdd nodes appear bottom-up, children before parents
c
c file syntax:
c sdd count-of-sdd-nodes
c F id-of-false-sdd-node
c T id-of-true-sdd-node
c L id-of-literal-sdd-node id-of-vtree literal
c D id-of-decomposition-sdd-node id-of-vtree number-of-elements {id-of-prime id-of-sub}*
c
sdd 714
L 3 0 -3
L 5 2 -4
L 6 4 -2
L 7 2 4
F 8
D 4 3 2 5 6 7 8
L 9 0 3
D 2 1 2 3 4 9 8
L 12 6 -6
L 13 8 -7
L 14 6 6
D 11 7 2 12 13 14 8
L 17 10 -5
L 18 12 1
L 19 10 5
D 16 11 2 17 18 19 8
L 21 14 -8
L 23 16 -10
L 24 18 -9
L 25 16 10
D 22 17 2 23 24 25 8
L 26 14 8
D 20 15 2 21 22 26 8
L 28 12 -1
T 29
D 27 11 2 17 28 19 29
D 15 13 2 16 20 27 8
L 31 8 7
D 30 7 2 12 31 14 29
D 10 9 2 11 15 30 8
L 34 4 2
D 33 3 2 5 34 7 29
D 32 1 2 3 33 9 29
D 1 5 2 2 10 32 8
L 38 20 -13
L 40 22 -15
L 41 24 -14
L 42 22 15
D 39 23 2 40 41 42 8
L 43 20 13
D 37 21 2 38 39 43 8
L 46 26 -16
L 47 28 -17
L 48 26 16
D 45 27 2 46 47 48 8
L 51 30 11
L 52 32 -12
L 53 30 -11
D 50 31 2 51 52 53 8
L 55 34 -18
L 57 36 -19
L 58 38 -20
L 59 36 19
D 56 37 2 57 58 59 8
L 60 34 18
D 54 35 2 55 56 60 8
L 62 32 12
D 61 31 2 51 62 53 29
D 49 33 2 50 54 61 8
L 64 28 17
D 63 27 2 46 64 48 29
D 44 29 2 45 49 63 8
L 67 24 14
D 66 23 2 40 67 42 29
D 65 21 2 38 66 43 29
D 36 25 2 37 44 65 8
L 71 40 -23
L 73 42 -24
L 74 44 -22
L 75 42 24
D 72 43 2 73 74 75 8
L 76 40 23
D 70 41 2 71 72 76 8
L 79 46 -26
L 80 48 -27
L 81 46 26
D 78 47 2 79 80 81 8
L 84 50 -25
L 85 52 21
L 86 50 25
D 83 51 2 84 85 86 8
L 88 54 -28
L 90 56 -30
L 91 58 -29
L 92 56 30
D 89 57 2 90 91 92 8
L 93 54 28
D 87 55 2 88 89 93 8
L 95 52 -21
D 94 51 2 84 95 86 29
D 82 53 2 83 87 94 8
L 97 48 27
D 96 47 2 79 97 81 29
D 77 49 2 78 82 96 8
L 100 44 22
D 99 43 2 73 100 75 29
D 98 41 2 71 99 76 29
D 69 45 2 70 77 98 8
L 104 60 -33
L 105 62 -32
L 106 60 33
D 103 61 2 104 105 106 8
L 108 64 -31
L 110 66 -38
L 112 68 40
L 113 70 -39
L 114 68 -40
D 111 69 2 112 113 114 8
L 115 66 38
D 109 67 2 110 111 115 8
L 116 64 31
D 107 65 2 108 109 116 8
L 118 62 32
D 117 61 2 104 118 106 29
D 102 63 2 103 107 117 8
L 122 72 -34
L 123 74 -35
L 124 72 34
D 121 73 2 122 123 124 8
L 126 76 -37
L 127 78 -36
L 128 76 37
D 125 77 2 126 127 128 8
L 130 74 35
D 129 73 2 122 130 124 29
D 120 75 2 121 125 129 8
L 134 80 -46
L 135 82 -47
L 136 80 46
D 133 81 2 134 135 136 8
L 138 84 -48
L 140 86 -49
L 141 88 50
L 142 86 49
D 139 87 2 140 141 142 8
L 143 84 48
D 137 85 2 138 139 143 8
L 145 82 47
D 144 81 2 134 145 136 29
D 132 83 2 133 137 144 8
L 149 90 -41
L 150 92 -42
L 151 90 41
D 148 91 2 149 150 151 8
L 153 94 -43
L 155 96 -45
L 156 98 -44
L 157 96 45
D 154 97 2 155 156 157 8
L 158 94 43
D 152 95 2 153 154 158 8
L 160 92 42
D 159 91 2 149 160 151 29
D 147 93 2 148 152 159 8
L 163 100 -51
L 164 102 -52
L 165 100 51
D 162 101 2 163 164 165 8
L 168 104 -53
L 169 106 -54
L 170 104 53
D 167 105 2 168 169 170 8
L 172 108 -55
L 174 110 -56
L 176 112 57
L 178 114 -58
L 180 116 -59
L 181 118 -60
L 182 116 59
D 179 117 2 180 181 182 8
L 183 114 58
D 177 115 2 178 179 183 8
L 184 112 -57
D 175 113 2 176 177 184 8
L 185 110 56
D 173 111 2 174 175 185 8
L 186 108 55
D 171 109 2 172 173 186 8
L 188 106 54
D 187 105 2 168 188 170 29
D 166 107 2 167 171 187 8
L 190 102 52
D 189 101 2 163 190 165 29
D 161 103 2 162 166 189 8
L 194 98 44
D 193 97 2 155 194 157 29
D 192 95 2 153 193 158 29
D 191 93 2 148 192 159 29
D 146 99 2 147 161 191 8
L 198 88 -50
D 197 87 2 142 198 140 8
D 196 85 2 138 197 143 8
D 195 83 2 133 196 144 8
D 205 115 2 183 179 178 8
D 204 113 2 184 205 176 8
D 203 111 2 174 204 185 8
D 202 109 2 172 203 186 8
D 201 107 2 167 202 187 8
D 200 103 2 162 201 189 8
D 199 99 2 147 200 191 8
D 208 87 2 140 198 142 8
D 207 85 2 143 208 138 8
D 206 83 2 133 207 144 8
D 216 117 2 182 181 180 8
D 215 115 2 178 216 183 8
D 214 113 2 184 215 176 8
D 213 111 2 174 214 185 8
D 212 109 2 172 213 186 8
D 211 107 2 167 212 187 8
D 210 103 2 162 211 189 8
D 209 99 2 147 210 191 8
D 218 81 2 134 145 136 8
D 219 85 2 138 208 143 8
D 220 81 2 134 135 136 29
D 217 83 2 218 219 220 8
L 229 118 60
D 228 117 2 180 229 182 8
D 227 115 2 178 228 183 8
D 226 113 2 184 227 176 8
D 225 111 2 174 226 185 8
D 224 109 2 172 225 186 8
D 223 107 2 167 224 187 8
D 222 103 2 162 223 189 8
D 221 99 2 147 222 191 8
D 232 87 2 140 198 142 141
D 233 87 2 140 141 142 29
D 231 85 2 138 232 143 233
D 234 85 2 138 233 143 29
D 230 83 3 133 231 218 234 136 29
D 131 89 5 132 146 195 199 206 209 217 221 230 8
L 237 78 36
D 236 77 2 126 237 128 29
D 235 75 2 121 236 129 29
D 119 79 2 120 131 235 8
L 242 70 39
D 241 69 2 114 242 112 8
D 240 67 2 110 241 115 8
D 239 65 2 108 240 116 8
D 238 63 2 103 239 117 8
D 245 83 2 133 231 144 29
D 244 89 4 132 199 195 209 206 221 245 8
D 243 79 2 120 244 235 8
D 249 69 2 114 113 112 8
D 248 67 2 115 249 110 8
D 247 65 2 108 248 116 8
D 246 63 2 103 247 117 8
D 253 85 2 138 232 143 29
D 252 83 2 133 253 144 29
D 251 89 3 132 209 195 221 252 8
D 250 79 2 120 251 235 8
D 256 67 2 110 249 115 8
D 255 65 2 108 256 116 8
D 254 63 2 103 255 117 8
D 259 77 2 128 127 126 8
D 258 75 2 121 259 129 8
D 263 87 2 140 198 142 29
D 262 85 2 138 263 143 29
D 261 83 2 133 262 144 29
D 260 89 2 132 221 261 8
D 265 77 2 128 237 126 29
D 264 75 2 121 265 129 29
D 257 79 2 258 260 264 8
D 269 69 2 112 242 114 8
D 270 69 2 114 242 112 29
D 268 67 2 110 269 115 270
D 267 65 2 108 268 116 29
D 266 63 2 103 267 117 29
D 101 71 5 102 119 238 243 246 250 254 257 266 8
D 273 43 2 73 100 75 8
D 272 41 2 71 273 76 8
D 276 51 2 84 95 86 8
D 277 51 2 84 85 86 29
D 275 53 2 276 87 277 8
D 274 49 2 78 275 96 8
D 279 43 2 73 74 75 29
D 278 41 2 71 279 76 29
D 271 45 2 272 274 278 8
D 288 113 2 184 177 176 8
D 287 111 2 185 288 174 8
D 286 109 2 172 287 186 8
D 285 107 2 167 286 187 8
D 284 103 2 162 285 189 8
D 283 99 2 147 284 191 8
D 290 81 2 136 135 134 8
D 291 81 2 136 145 134 29
D 289 83 2 290 219 291 8
D 293 81 2 136 135 134 145
D 294 81 2 136 145 134 8
D 292 83 3 133 231 293 234 294 29
D 282 89 6 132 283 195 146 206 199 217 209 289 221 292 8
D 281 79 2 120 282 235 8
D 297 77 2 126 237 128 8
D 296 75 2 121 297 129 8
D 299 77 2 126 127 128 237
D 298 75 2 121 299 129 29
D 295 79 3 296 260 258 251 298 8
D 280 71 5 102 281 254 295 238 119 246 243 266 8
D 301 41 2 76 72 71 8
D 302 41 2 76 99 71 29
D 300 45 2 301 274 302 8
D 310 111 2 174 288 185 8
D 309 109 2 186 310 172 8
D 308 107 2 167 309 187 8
D 307 103 2 162 308 189 8
D 306 99 2 147 307 191 8
D 311 83 2 133 219 144 8
D 315 97 2 157 156 155 8
D 314 95 2 153 315 158 8
D 313 93 2 148 314 159 8
D 318 97 2 157 194 155 29
D 317 95 2 153 318 158 29
D 316 93 2 148 317 159 29
D 312 99 2 313 222 316 8
D 321 87 2 142 141 140 8
D 320 85 2 138 321 143 233
D 319 83 3 133 320 293 234 294 29
D 305 89 7 132 306 311 312 195 283 206 146 217 199 289 209 319 8
D 304 79 2 120 305 235 8
D 324 73 2 122 130 124 8
D 325 73 2 122 123 124 29
D 323 75 2 324 125 325 8
D 326 75 3 121 299 324 236 124 29
D 322 79 4 323 260 296 251 258 244 326 8
D 303 71 5 102 304 254 322 238 281 246 119 266 8
D 329 43 2 75 74 73 8
D 328 41 2 71 329 76 8
D 331 43 2 75 100 73 29
D 330 41 2 71 331 76 29
D 327 45 2 328 274 330 8
D 338 105 2 168 188 170 8
D 339 109 2 172 310 186 8
D 340 105 2 168 169 170 29
D 337 107 2 338 339 340 8
D 336 103 2 162 337 189 8
D 335 99 2 147 336 191 8
D 344 97 2 155 194 157 8
D 343 95 2 153 344 158 8
D 342 93 2 148 343 159 8
D 347 97 2 155 156 157 194
D 346 95 2 153 347 158 29
D 345 93 2 148 346 159 29
D 341 99 3 342 222 313 210 345 8
D 334 89 7 132 335 311 341 195 306 206 283 217 146 289 199 319 8
D 333 79 2 120 334 235 8
D 350 73 2 124 123 122 8
D 351 73 2 124 130 122 29
D 349 75 2 350 125 351 8
D 353 73 2 124 123 122 130
D 354 73 2 124 130 122 8
D 352 75 3 121 299 353 236 354 29
D 348 79 5 349 260 323 251 296 244 258 131 352 8
D 332 71 5 102 333 254 348 238 304 246 281 266 8
D 358 51 2 86 95 84 8
D 359 51 2 86 85 84 29
D 357 53 2 358 87 359 8
D 356 49 2 78 357 96 8
D 355 45 2 70 356 98 8
D 366 105 2 170 169 168 8
D 367 105 2 170 188 168 29
D 365 107 2 366 339 367 8
D 364 103 2 162 365 189 8
D 363 99 2 147 364 191 8
D 370 95 2 158 154 153 8
D 369 93 2 148 370 159 8
D 372 95 2 153 347 158 193
D 371 93 2 148 372 159 29
D 368 99 4 369 222 342 210 313 200 371 8
D 362 89 7 132 363 311 368 195 335 206 306 217 283 289 146 319 8
D 361 79 2 120 362 235 8
D 374 61 2 106 105 104 8
D 375 61 2 106 118 104 29
D 373 63 2 374 255 375 8
D 376 79 2 120 260 235 8
D 377 79 5 349 251 323 244 258 282 296 131 352 8
D 380 67 2 110 270 115 29
D 379 65 2 108 380 116 29
D 378 63 3 103 267 374 379 118 29
D 360 71 6 102 361 373 376 254 377 238 333 246 304 378 8
D 383 47 2 81 80 79 8
D 384 47 2 81 97 79 29
D 382 49 2 383 275 384 8
D 381 45 2 70 382 98 8
D 390 91 2 149 160 151 8
D 391 91 2 149 150 151 29
D 389 93 2 390 152 391 8
D 392 93 3 148 372 390 192 151 29
D 388 99 5 389 222 369 210 342 200 313 161 392 8
D 395 101 2 163 190 165 8
D 396 107 2 167 339 187 8
D 397 101 2 163 164 165 29
D 394 103 2 395 396 397 8
D 393 99 2 147 394 191 8
D 387 89 7 311 388 195 363 132 393 206 335 217 306 289 283 319 8
D 386 79 2 120 387 235 8
D 398 79 5 349 244 258 305 296 282 323 131 352 8
D 400 61 2 104 118 106 8
D 401 61 2 104 105 106 29
D 399 63 2 400 255 401 8
D 403 61 2 106 105 104 118
D 404 61 2 106 118 104 8
D 402 63 3 103 267 403 379 404 29
D 385 71 7 102 386 254 398 238 361 399 376 246 333 373 250 402 8
D 407 47 2 79 97 81 8
D 408 47 2 79 80 81 29
D 406 49 2 407 275 408 8
D 405 45 2 70 406 98 8
D 410 79 5 296 305 258 334 323 282 349 131 352 8
D 415 91 2 151 150 149 8
D 416 91 2 151 160 149 29
D 414 93 2 415 152 416 8
D 418 91 2 151 150 149 160
D 419 91 2 151 160 149 8
D 417 93 3 148 372 418 192 419 29
D 413 99 6 414 222 389 210 369 200 342 161 313 284 417 8
D 422 101 2 165 164 163 8
D 423 101 2 165 190 163 29
D 421 103 2 422 396 423 8
D 420 99 2 147 421 191 8
D 412 89 7 311 413 206 363 195 393 217 335 132 420 289 306 319 8
D 411 79 2 120 412 235 8
D 425 65 2 116 256 108 8
D 424 63 2 103 425 117 8
D 427 65 2 108 268 116 380
D 426 63 3 103 427 403 379 404 29
D 409 71 8 254 410 102 411 238 386 246 361 424 376 373 243 399 250 426 8
D 431 55 2 93 89 88 8
D 430 53 2 276 431 277 8
D 429 49 2 78 430 96 8
D 428 45 2 70 429 98 8
D 433 79 5 323 305 296 334 258 362 349 282 352 8
D 436 99 6 414 210 389 200 369 161 342 284 313 307 417 8
D 438 85 2 143 233 138 141
D 437 83 3 133 438 293 234 294 29
D 435 89 6 311 436 217 363 206 393 289 335 195 420 437 8
D 434 79 2 120 435 235 8
D 432 71 8 254 433 238 411 246 386 102 434 373 119 399 243 424 250 426 8
L 444 58 29
D 443 57 2 90 444 92 8
D 442 55 2 88 443 93 8
D 441 53 2 276 442 277 8
D 440 49 2 78 441 96 8
D 439 45 2 70 440 98 8
D 446 79 5 349 305 323 334 296 362 258 387 352 8
D 449 99 6 414 200 389 161 369 284 342 307 313 336 417 8
D 450 83 3 293 234 133 233 294 29
D 448 89 5 311 449 289 363 217 393 206 420 450 8
D 447 79 2 120 448 235 8
D 445 71 8 254 446 246 411 238 434 102 447 373 281 399 119 424 243 426 8
D 455 57 2 92 91 90 8
D 454 55 2 88 455 93 8
D 453 53 2 276 454 277 8
D 452 49 2 78 453 96 8
D 451 45 2 70 452 98 8
D 457 79 5 349 334 323 362 296 387 258 412 352 8
D 460 99 6 414 161 389 284 369 307 342 336 313 364 417 8
D 462 81 2 136 135 134 29
D 461 83 2 462 234 294 29
D 459 89 4 289 393 311 460 217 420 461 8
D 458 79 2 120 459 235 8
D 456 71 8 254 457 246 434 238 447 102 458 373 304 399 281 424 119 426 8
D 465 43 2 75 74 73 100
D 464 41 2 71 465 76 72
D 469 57 2 90 444 92 29
D 468 55 2 88 469 93 29
D 467 53 2 276 468 277 29
D 466 49 2 78 467 96 29
D 471 47 2 81 80 79 97
D 473 51 2 86 95 84 85
D 475 57 2 90 91 92 444
D 474 55 2 93 469 88 475
D 476 51 2 86 85 84 8
D 472 53 3 473 468 276 474 476 29
D 477 47 2 81 97 79 8
D 470 49 3 471 467 78 472 477 29
D 479 43 2 75 100 73 8
D 478 41 2 71 479 76 99
D 463 45 3 464 466 70 470 478 29
D 68 59 11 69 101 271 280 300 303 327 332 355 360 381 385 405 409 428 432 439 445 451 456 463 8
D 483 31 2 53 62 51 8
D 484 31 2 53 52 51 29
D 482 33 2 483 54 484 8
D 481 29 2 45 482 63 8
D 480 25 2 37 481 65 8
D 487 79 5 349 362 323 387 296 412 258 435 352 8
D 490 99 6 414 284 389 307 369 336 342 364 313 394 417 8
D 491 83 2 135 234 145 29
D 489 89 3 289 420 311 490 491 8
D 488 79 2 120 489 235 8
D 486 71 8 254 487 373 333 246 447 238 458 399 304 102 488 424 281 426 8
D 485 59 11 69 280 271 303 300 332 327 360 355 385 381 409 405 432 428 445 439 456 451 486 463 8
D 493 21 2 43 39 38 8
D 496 31 2 53 52 51 8
D 497 31 2 53 62 51 29
D 495 33 2 496 54 497 8
D 494 29 2 45 495 63 8
D 498 21 2 43 66 38 29
D 492 25 2 493 494 498 8
D 501 79 5 349 387 323 412 296 435 258 448 352 8
D 504 99 6 414 307 389 336 369 364 342 394 313 421 417 8
D 505 83 2 133 234 144 29
D 503 89 2 311 504 505 8
D 502 79 2 120 503 235 8
D 500 71 8 254 501 373 361 399 333 246 458 424 304 238 488 102 502 426 8
D 499 59 11 69 303 271 332 300 360 327 385 355 409 381 432 405 445 428 456 439 486 451 500 463 8
D 508 23 2 40 67 42 8
D 507 21 2 38 508 43 8
D 510 23 2 40 41 42 29
D 509 21 2 38 510 43 29
D 506 25 2 507 494 509 8
D 513 79 5 349 412 323 435 296 448 258 459 352 8
D 519 97 2 155 156 157 29
D 518 95 2 153 519 158 193
D 517 93 3 148 518 418 192 419 29
D 516 99 5 414 336 389 364 369 394 342 421 517 8
D 515 89 2 311 516 505 8
D 514 79 2 120 515 235 8
D 512 71 8 254 513 373 386 399 361 424 333 246 488 238 502 102 514 426 8
D 511 59 11 69 332 271 360 300 385 327 409 355 432 381 445 405 456 428 486 439 500 451 512 463 8
D 522 23 2 42 41 40 8
D 521 21 2 38 522 43 8
D 524 23 2 42 67 40 29
D 523 21 2 38 524 43 29
D 520 25 2 521 494 523 8
D 527 79 5 349 435 323 448 296 459 258 489 352 8
D 532 95 2 158 193 153 29
D 531 93 3 148 532 418 192 419 29
D 530 99 4 414 364 389 394 369 421 531 8
D 529 89 2 311 530 505 8
D 528 79 2 120 529 235 8
D 526 71 8 254 527 373 411 399 386 424 361 246 502 238 514 102 528 426 8
D 525 59 11 69 360 271 385 300 409 327 432 355 445 381 456 405 486 428 500 439 512 451 526 463 8
D 535 27 2 48 47 46 8
D 536 27 2 48 64 46 29
D 534 29 2 535 495 536 8
D 533 25 2 37 534 65 8
D 539 79 5 349 448 323 459 296 489 258 503 352 8
D 544 91 2 149 150 151 160
D 543 93 2 418 192 544 29
D 542 99 3 414 394 389 421 543 8
D 541 89 2 311 542 505 8
D 540 79 2 120 541 235 8
D 538 71 8 254 539 399 411 424 386 373 434 246 514 238 528 102 540 426 8
D 537 59 11 69 385 271 409 300 432 327 445 355 456 381 486 405 500 428 512 439 526 451 538 463 8
D 547 27 2 46 64 48 8
D 548 27 2 46 47 48 29
D 546 29 2 547 495 548 8
D 545 25 2 37 546 65 8
D 551 79 5 349 459 323 489 296 503 258 515 352 8
D 555 93 2 415 192 416 29
D 554 99 2 414 421 555 8
D 553 89 2 311 554 505 8
D 552 79 2 120 553 235 8
D 550 71 8 424 411 254 551 399 434 373 447 246 528 238 540 102 552 426 8
D 549 59 11 69 409 271 432 300 445 327 456 355 486 381 500 405 512 428 526 439 538 451 550 463 8
D 559 35 2 60 56 55 8
D 558 33 2 496 559 497 8
D 557 29 2 45 558 63 8
D 556 25 2 37 557 65 8
D 562 79 5 349 489 323 503 296 515 258 529 352 8
D 565 67 2 115 270 110 112
D 564 65 2 108 565 116 380
D 563 63 3 103 564 403 379 404 29
D 561 71 7 424 434 254 562 399 447 373 458 246 540 238 552 563 8
D 560 59 11 69 432 271 445 300 456 327 486 355 500 381 512 405 526 428 538 439 550 451 561 463 8
D 570 37 2 59 58 57 8
D 569 35 2 55 570 60 8
D 568 33 2 496 569 497 8
D 567 29 2 45 568 63 8
D 566 25 2 37 567 65 8
D 573 79 5 349 503 323 515 296 529 258 541 352 8
D 575 65 2 116 380 108 270
D 574 63 3 103 575 403 379 404 29
D 572 71 6 424 447 254 573 399 458 373 488 246 552 574 8
D 571 59 11 69 445 271 456 300 486 327 500 355 512 381 526 405 538 428 550 439 561 451 572 463 8
L 581 38 20
D 580 37 2 57 581 59 8
D 579 35 2 55 580 60 8
D 578 33 2 496 579 497 8
D 577 29 2 45 578 63 8
D 576 25 2 37 577 65 8
D 584 79 5 349 515 323 529 296 541 258 553 352 8
D 585 63 3 403 379 103 380 404 29
D 583 71 5 424 458 254 584 399 488 373 502 585 8
D 582 59 11 69 456 271 486 300 500 327 512 355 526 381 538 405 550 428 561 439 572 451 583 463 8
D 588 23 2 42 41 40 67
D 587 21 2 38 588 43 39
D 592 37 2 57 581 59 29
D 591 35 2 55 592 60 29
D 590 33 2 496 591 497 29
D 589 29 2 45 590 63 29
D 594 27 2 48 47 46 64
D 596 31 2 51 52 53 62
D 598 37 2 57 58 59 581
D 597 35 2 60 592 55 598
D 599 31 2 51 62 53 8
D 595 33 3 596 591 496 597 599 29
D 600 27 2 48 64 46 8
D 593 29 3 594 590 45 595 600 29
D 602 23 2 42 67 40 8
D 601 21 2 38 602 43 66
D 586 25 3 587 589 37 593 601 29
D 35 39 11 36 68 480 485 492 499 506 511 520 525 533 537 545 549 556 560 566 571 576 582 586 8
D 605 3 2 5 34 7 8
D 604 1 2 3 605 9 8
D 608 11 2 17 28 19 8
D 609 11 2 17 18 19 29
D 607 13 2 608 20 609 8
D 606 9 2 11 607 30 8
D 611 3 2 5 6 7 29
D 610 1 2 3 611 9 29
D 603 5 2 604 606 610 8
D 617 77 2 126 127 128 29
D 616 75 3 121 617 353 236 354 29
D 615 79 4 349 529 323 541 296 553 616 8
D 614 71 5 424 488 254 615 399 502 373 514 585 8
D 613 59 11 69 486 271 500 300 512 327 526 355 538 381 550 405 561 428 572 439 583 451 614 463 8
D 612 39 11 36 485 480 499 492 511 506 525 520 537 533 549 545 560 556 571 566 582 576 613 586 8
D 619 1 2 9 4 3 8
D 620 1 2 9 33 3 29
D 618 5 2 619 606 620 8
D 626 73 2 122 123 124 130
D 625 75 2 353 236 626 29
D 624 79 3 349 541 323 553 625 8
D 623 71 5 424 502 254 624 399 514 373 528 585 8
D 622 59 11 69 500 271 512 300 526 327 538 355 550 381 561 405 572 428 583 439 614 451 623 463 8
D 621 39 11 36 499 480 511 492 525 506 537 520 549 533 560 545 571 556 582 566 613 576 622 586 8
D 629 3 2 7 6 5 8
D 628 1 2 3 629 9 8
D 631 3 2 7 34 5 29
D 630 1 2 3 631 9 29
D 627 5 2 628 606 630 8
D 636 75 2 350 236 351 29
D 635 79 2 349 553 636 8
D 634 71 5 424 514 254 635 399 528 373 540 585 8
D 633 59 11 69 512 271 526 300 538 327 550 355 561 381 572 405 583 428 614 439 623 451 634 463 8
D 632 39 11 36 511 480 525 492 537 506 549 520 560 533 571 545 582 556 613 566 622 576 633 586 8
D 640 11 2 19 28 17 8
D 641 11 2 19 18 17 29
D 639 13 2 640 20 641 8
D 638 9 2 11 639 30 8
D 637 5 2 2 638 32 8
D 646 65 2 116 380 108 29
D 645 63 3 403 379 103 646 404 29
D 644 71 4 424 528 399 540 373 552 645 8
D 643 59 11 69 526 271 538 300 550 327 561 355 572 381 583 405 614 428 623 439 634 451 644 463 8
D 642 39 11 36 525 480 537 492 549 506 560 520 571 533 582 545 613 556 622 566 633 576 643 586 8
D 649 7 2 14 13 12 8
D 650 7 2 14 31 12 29
D 648 9 2 649 607 650 8
D 647 5 2 2 648 32 8
D 654 63 3 400 379 103 646 106 29
D 653 71 3 424 540 399 552 654 8
D 652 59 11 69 538 271 550 300 561 327 572 355 583 381 614 405 623 428 634 439 644 451 653 463 8
D 651 39 11 36 537 480 549 492 560 506 571 520 582 533 613 545 622 556 633 566 643 576 652 586 8
D 657 7 2 12 31 14 8
D 658 7 2 12 13 14 29
D 656 9 2 657 607 658 8
D 655 5 2 2 656 32 8
D 662 63 2 103 646 117 29
D 661 71 2 424 552 662 8
D 660 59 11 69 550 271 561 300 572 327 583 355 614 381 623 405 634 428 644 439 653 451 661 463 8
D 659 39 11 36 549 480 560 492 571 506 582 520 613 533 622 545 633 556 643 566 652 576 660 586 8
D 666 15 2 26 22 21 8
D 665 13 2 608 666 609 8
D 664 9 2 11 665 30 8
D 663 5 2 2 664 32 8
D 673 57 2 90 91 92 29
D 672 55 2 88 673 93 469
D 671 53 3 276 672 473 468 476 29
D 670 49 3 78 671 471 467 477 29
D 669 45 3 70 670 464 466 478 29
D 668 59 10 69 561 271 572 300 583 327 614 355 623 381 634 405 644 428 653 439 661 669 8
D 667 39 11 36 560 480 571 492 582 506 613 520 622 533 633 545 643 556 652 566 660 576 668 586 8
L 679 18 9
D 678 17 2 23 679 25 8
D 677 15 2 21 678 26 8
D 676 13 2 608 677 609 8
D 675 9 2 11 676 30 8
D 674 5 2 2 675 32 8
D 685 55 2 93 469 88 29
D 684 53 3 276 685 473 468 476 29
D 683 49 3 78 684 471 467 477 29
D 682 45 3 70 683 464 466 478 29
D 681 59 9 69 572 271 583 300 614 327 623 355 634 381 644 405 653 428 661 682 8
D 680 39 11 36 571 480 582 492 613 506 622 520 633 533 643 545 652 556 660 566 668 576 681 586 8
D 690 17 2 25 24 23 8
D 689 15 2 21 690 26 8
D 688 13 2 608 689 609 8
D 687 9 2 11 688 30 8
D 686 5 2 2 687 32 8
D 696 51 2 84 95 86 85
D 695 53 2 473 468 696 29
D 694 49 3 78 695 471 467 477 29
D 693 45 3 70 694 464 466 478 29
D 692 59 8 69 583 271 614 300 623 327 634 355 644 381 653 405 661 693 8
D 691 39 11 36 582 480 613 492 622 506 633 520 643 533 652 545 660 556 668 566 681 576 692 586 8
D 701 17 2 23 24 25 679
D 702 17 2 23 679 25 29
D 700 15 2 21 701 26 702
D 703 11 2 19 28 17 18
D 704 15 2 21 702 26 29
D 705 11 2 19 18 17 8
D 699 13 3 608 700 703 704 705 29
D 706 7 2 14 13 12 31
D 707 13 2 608 704 609 29
D 708 7 2 14 31 12 8
D 698 9 3 11 699 706 707 708 29
D 710 3 2 7 6 5 34
D 709 1 2 3 710 9 4
D 711 9 2 11 707 30 29
D 713 3 2 7 34 5 8
D 712 1 2 3 713 9 33
D 697 5 3 2 698 709 711 712 29
D 0 19 11 1 35 603 612 618 621 627 632 637 642 647 651 655 659 663 667 674 680 686 691 697 8
