c ids of sdd nodes start at 0
c sdd nodes appear bottom-up, children before parents
c
c file syntax:
c sdd count-of-sdd-nodes
c F id-of-false-sdd-node
c T id-of-true-sdd-node
c L id-of-literal-sdd-node id-of-vtree literal
c D id-of-decomposition-sdd-node id-of-vtree number-of-elements {id-of-prime id-of-sub}*
c
sdd 715
L 3 0 -3
L 5 2 -4
L 6 4 -2
L 7 2 4
F 8
D 4 3 2 5 6 7 8
L 9 0 3
D 2 1 2 3 4 9 8
L 12 6 -6
L 13 8 -7
L 14 6 6
D 11 7 2 12 13 14 8
L 17 10 -5
L 18 12 1
L 19 10 5
D 16 11 2 17 18 19 8
L 21 14 -8
L 23 16 -10
L 24 18 -9
L 25 16 10
D 22 17 2 23 24 25 8
L 26 14 8
D 20 15 2 21 22 26 8
L 28 12 -1
T 29
D 27 11 2 17 28 19 29
D 15 13 2 16 20 27 8
L 31 8 7
D 30 7 2 12 31 14 29
D 10 9 2 11 15 30 8
L 34 4 2
D 33 3 2 5 34 7 29
D 32 1 2 3 33 9 29
D 1 5 2 2 10 32 8
L 38 20 -13
L 40 22 -15
L 41 24 -14
L 42 22 15
D 39 23 2 40 41 42 8
L 43 20 13
D 37 21 2 38 39 43 8
L 46 26 -16
L 47 28 -17
L 48 26 16
D 45 27 2 46 47 48 8
L 51 30 11
L 52 32 -12
L 53 30 -11
D 50 31 2 51 52 53 8
L 55 34 -18
L 57 36 -19
L 58 38 -20
L 59 36 19
D 56 37 2 57 58 59 8
L 60 34 18
D 54 35 2 55 56 60 8
L 62 32 12
D 61 31 2 51 62 53 29
D 49 33 2 50 54 61 8
L 64 28 17
D 63 27 2 46 64 48 29
D 44 29 2 45 49 63 8
L 67 24 14
D 66 23 2 40 67 42 29
D 65 21 2 38 66 43 29
D 36 25 2 37 44 65 8
L 71 40 -23
L 73 42 -24
L 74 44 -22
L 75 42 24
D 72 43 2 73 74 75 8
L 76 40 23
D 70 41 2 71 72 76 8
L 79 46 -26
L 80 48 -27
L 81 46 26
D 78 47 2 79 80 81 8
L 84 50 -25
L 85 52 21
L 86 50 25
D 83 51 2 84 85 86 8
L 88 54 -28
L 90 56 -30
L 91 58 -29
L 92 56 30
D 89 57 2 90 91 92 8
L 93 54 28
D 87 55 2 88 89 93 8
L 95 52 -21
D 94 51 2 84 95 86 29
D 82 53 2 83 87 94 8
L 97 48 27
D 96 47 2 79 97 81 29
D 77 49 2 78 82 96 8
L 100 44 22
D 99 43 2 73 100 75 29
D 98 41 2 71 99 76 29
D 69 45 2 70 77 98 8
L 104 60 -33
L 105 62 -32
L 106 60 33
D 103 61 2 104 105 106 8
L 108 64 -31
L 110 66 38
L 112 68 -40
L 113 70 -39
L 114 68 40
D 111 69 2 112 113 114 8
L 115 66 -38
D 109 67 2 110 111 115 8
L 116 64 31
D 107 65 2 108 109 116 8
L 118 62 32
D 117 61 2 104 118 106 29
D 102 63 2 103 107 117 8
L 122 72 -34
L 123 74 -35
L 124 72 34
D 121 73 2 122 123 124 8
L 126 76 -37
L 127 78 -36
L 128 76 37
D 125 77 2 126 127 128 8
L 130 74 35
D 129 73 2 122 130 124 29
D 120 75 2 121 125 129 8
L 134 80 -46
L 135 82 -47
L 136 80 46
D 133 81 2 134 135 136 8
L 138 84 -48
L 140 86 -49
L 141 88 50
L 142 86 49
D 139 87 2 140 141 142 8
L 143 84 48
D 137 85 2 138 139 143 8
L 145 82 47
D 144 81 2 134 145 136 29
D 132 83 2 133 137 144 8
L 149 90 -41
L 150 92 -42
L 151 90 41
D 148 91 2 149 150 151 8
L 153 94 -43
L 155 96 -45
L 156 98 -44
L 157 96 45
D 154 97 2 155 156 157 8
L 158 94 43
D 152 95 2 153 154 158 8
L 160 92 42
D 159 91 2 149 160 151 29
D 147 93 2 148 152 159 8
L 163 100 -51
L 164 102 -52
L 165 100 51
D 162 101 2 163 164 165 8
L 168 104 -53
L 169 106 -54
L 170 104 53
D 167 105 2 168 169 170 8
L 172 108 -55
L 174 110 -56
L 176 112 -57
L 178 114 -58
L 180 116 -59
L 181 118 60
L 182 116 59
D 179 117 2 180 181 182 8
L 183 114 58
D 177 115 2 178 179 183 8
L 184 112 57
D 175 113 2 176 177 184 8
L 185 110 56
D 173 111 2 174 175 185 8
L 186 108 55
D 171 109 2 172 173 186 8
L 188 106 54
D 187 105 2 168 188 170 29
D 166 107 2 167 171 187 8
L 190 102 52
D 189 101 2 163 190 165 29
D 161 103 2 162 166 189 8
L 194 98 44
D 193 97 2 155 194 157 29
D 192 95 2 153 193 158 29
D 191 93 2 148 192 159 29
D 146 99 2 147 161 191 8
L 198 88 -50
D 197 87 2 140 198 142 29
D 196 85 2 138 197 143 29
D 195 83 2 133 196 144 29
D 131 89 2 132 146 195 8
L 201 78 36
D 200 77 2 126 201 128 29
D 199 75 2 121 200 129 29
D 119 79 2 120 131 199 8
D 205 69 2 114 113 112 8
D 204 67 2 115 205 110 8
D 203 65 2 108 204 116 8
D 202 63 2 103 203 117 8
L 216 118 -60
D 215 117 2 180 216 182 8
D 214 115 2 183 215 178 8
D 213 113 2 176 214 184 8
D 212 111 2 174 213 185 8
D 211 109 2 172 212 186 8
D 210 107 2 167 211 187 8
D 209 103 2 162 210 189 8
D 208 99 2 147 209 191 8
D 219 87 2 142 198 140 8
D 218 85 2 138 219 143 8
D 217 83 2 133 218 144 8
D 227 117 2 182 216 180 8
D 226 115 2 178 227 183 8
D 225 113 2 176 226 184 8
D 224 111 2 174 225 185 8
D 223 109 2 172 224 186 8
D 222 107 2 167 223 187 8
D 221 103 2 162 222 189 8
D 220 99 2 147 221 191 8
D 230 87 2 140 198 142 8
D 229 85 2 143 230 138 8
D 228 83 2 133 229 144 8
D 233 87 2 140 198 142 141
D 234 87 2 140 141 142 29
D 232 85 2 138 233 143 234
D 231 83 2 133 232 144 29
D 207 89 4 132 208 217 220 228 146 231 8
D 206 79 2 120 207 199 8
L 239 70 39
D 238 69 2 112 239 114 8
D 237 67 2 115 238 110 8
D 236 65 2 108 237 116 8
D 235 63 2 103 236 117 8
D 243 85 2 138 233 143 29
D 242 83 2 133 243 144 29
D 241 89 3 132 220 217 146 242 8
D 240 79 2 120 241 199 8
D 247 69 2 112 113 114 239
D 248 69 2 112 239 114 29
D 246 67 2 115 247 110 248
D 245 65 2 108 246 116 29
D 244 63 2 103 245 117 29
D 101 71 4 102 119 202 206 235 240 244 8
D 251 43 2 73 100 75 8
D 250 41 2 71 251 76 8
D 254 51 2 84 95 86 8
D 255 51 2 84 85 86 29
D 253 53 2 254 87 255 8
D 252 49 2 78 253 96 8
D 257 43 2 73 74 75 29
D 256 41 2 71 257 76 29
D 249 45 2 250 252 256 8
D 267 115 2 178 215 183 8
D 266 113 2 184 267 176 8
D 265 111 2 174 266 185 8
D 264 109 2 172 265 186 8
D 263 107 2 167 264 187 8
D 262 103 2 162 263 189 8
D 261 99 2 147 262 191 8
D 269 81 2 134 145 136 8
D 270 85 2 138 230 143 8
D 271 81 2 134 135 136 29
D 268 83 2 269 270 271 8
D 273 85 2 138 234 143 29
D 272 83 3 133 232 269 273 136 29
D 260 89 5 132 261 217 208 228 220 268 146 272 8
D 259 79 2 120 260 199 8
D 276 67 2 115 111 110 8
D 275 65 2 108 276 116 8
D 274 63 2 103 275 117 8
D 279 77 2 128 127 126 8
D 278 75 2 121 279 129 8
D 281 77 2 128 201 126 29
D 280 75 2 121 281 129 29
D 277 79 2 278 131 280 8
D 285 69 2 114 239 112 8
D 284 67 2 115 285 110 248
D 283 65 2 108 284 116 29
D 282 63 2 103 283 117 29
D 258 71 5 202 259 235 206 102 240 274 277 282 8
D 287 41 2 76 72 71 8
D 288 41 2 76 99 71 29
D 286 45 2 287 252 288 8
D 297 113 2 176 267 184 8
D 296 111 2 185 297 174 8
D 295 109 2 172 296 186 8
D 294 107 2 167 295 187 8
D 293 103 2 162 294 189 8
D 292 99 2 147 293 191 8
D 299 81 2 136 135 134 8
D 300 81 2 136 145 134 29
D 298 83 2 299 270 300 8
D 302 81 2 136 135 134 145
D 303 81 2 136 145 134 8
D 301 83 3 133 232 302 273 303 29
D 291 89 6 132 292 217 261 228 208 268 220 298 146 301 8
D 290 79 2 120 291 199 8
D 306 77 2 126 201 128 8
D 305 75 2 121 306 129 8
D 308 77 2 126 127 128 201
D 307 75 2 121 308 129 29
D 304 79 3 305 131 278 241 307 8
D 289 71 5 202 290 274 304 235 259 102 206 282 8
D 311 43 2 75 74 73 8
D 310 41 2 71 311 76 8
D 313 43 2 75 100 73 29
D 312 41 2 71 313 76 29
D 309 45 2 310 252 312 8
D 321 111 2 174 297 185 8
D 320 109 2 186 321 172 8
D 319 107 2 167 320 187 8
D 318 103 2 162 319 189 8
D 317 99 2 147 318 191 8
D 322 83 2 133 270 144 8
D 326 97 2 157 156 155 8
D 325 95 2 153 326 158 8
D 324 93 2 148 325 159 8
D 329 97 2 157 194 155 29
D 328 95 2 153 329 158 29
D 327 93 2 148 328 159 29
D 323 99 2 324 161 327 8
D 332 87 2 142 141 140 8
D 331 85 2 138 332 143 234
D 330 83 3 133 331 302 273 303 29
D 316 89 7 132 317 322 323 217 292 228 261 268 208 298 220 330 8
D 315 79 2 120 316 199 8
D 335 73 2 122 130 124 8
D 336 73 2 122 123 124 29
D 334 75 2 335 125 336 8
D 337 75 3 121 308 335 200 124 29
D 333 79 4 334 131 305 241 278 207 337 8
D 314 71 5 202 315 274 333 235 290 102 259 282 8
D 341 51 2 86 95 84 8
D 342 51 2 86 85 84 29
D 340 53 2 341 87 342 8
D 339 49 2 78 340 96 8
D 338 45 2 70 339 98 8
D 349 105 2 168 188 170 8
D 350 109 2 172 321 186 8
D 351 105 2 168 169 170 29
D 348 107 2 349 350 351 8
D 347 103 2 162 348 189 8
D 346 99 2 147 347 191 8
D 355 97 2 155 194 157 8
D 354 95 2 153 355 158 8
D 353 93 2 148 354 159 8
D 358 97 2 155 156 157 194
D 357 95 2 153 358 158 29
D 356 93 2 148 357 159 29
D 352 99 3 353 161 324 221 356 8
D 345 89 7 132 346 322 352 217 317 228 292 268 261 298 208 330 8
D 344 79 2 120 345 199 8
D 361 73 2 124 123 122 8
D 362 73 2 124 130 122 29
D 360 75 2 361 125 362 8
D 364 73 2 124 123 122 130
D 365 73 2 124 130 122 8
D 363 75 3 121 308 364 200 365 29
D 359 79 5 360 131 334 241 305 207 278 260 363 8
D 343 71 5 202 344 274 359 235 315 102 290 282 8
D 368 47 2 81 80 79 8
D 369 47 2 81 97 79 29
D 367 49 2 368 253 369 8
D 366 45 2 70 367 98 8
D 376 105 2 170 169 168 8
D 377 105 2 170 188 168 29
D 375 107 2 376 350 377 8
D 374 103 2 162 375 189 8
D 373 99 2 147 374 191 8
D 380 95 2 158 154 153 8
D 379 93 2 148 380 159 8
D 382 95 2 153 358 158 193
D 381 93 2 148 382 159 29
D 378 99 4 379 161 353 221 324 209 381 8
D 372 89 7 132 373 322 378 217 346 228 317 268 292 298 261 330 8
D 371 79 2 120 372 199 8
D 384 61 2 106 105 104 8
D 385 61 2 106 118 104 29
D 383 63 2 384 275 385 8
D 386 79 5 360 241 334 207 278 291 305 260 363 8
D 389 67 2 115 248 110 29
D 388 65 2 108 389 116 29
D 387 63 3 103 283 384 388 118 29
D 370 71 6 202 371 383 119 274 386 235 344 102 315 387 8
D 392 47 2 79 97 81 8
D 393 47 2 79 80 81 29
D 391 49 2 392 253 393 8
D 390 45 2 70 391 98 8
D 399 91 2 149 160 151 8
D 400 91 2 149 150 151 29
D 398 93 2 399 152 400 8
D 401 93 3 148 382 399 192 151 29
D 397 99 5 398 161 379 221 353 209 324 262 401 8
D 404 101 2 163 190 165 8
D 405 107 2 167 350 187 8
D 406 101 2 163 164 165 29
D 403 103 2 404 405 406 8
D 402 99 2 147 403 191 8
D 396 89 7 322 397 217 373 132 402 228 346 268 317 298 292 330 8
D 395 79 2 120 396 199 8
D 407 79 5 360 207 278 316 305 291 334 260 363 8
D 409 61 2 104 118 106 8
D 410 61 2 104 105 106 29
D 408 63 2 409 275 410 8
D 412 61 2 106 105 104 118
D 413 61 2 106 118 104 8
D 411 63 3 103 283 412 388 413 29
D 394 71 7 202 395 274 407 235 371 408 119 102 344 383 240 411 8
D 417 55 2 93 89 88 8
D 416 53 2 254 417 255 8
D 415 49 2 78 416 96 8
D 414 45 2 70 415 98 8
D 419 79 5 305 316 278 345 334 291 360 260 363 8
D 424 91 2 151 150 149 8
D 425 91 2 151 160 149 29
D 423 93 2 424 152 425 8
D 427 91 2 151 150 149 160
D 428 91 2 151 160 149 8
D 426 93 3 148 382 427 192 428 29
D 422 99 6 423 161 398 221 379 209 353 262 324 293 426 8
D 431 101 2 165 164 163 8
D 432 101 2 165 190 163 29
D 430 103 2 431 405 432 8
D 429 99 2 147 430 191 8
D 421 89 7 322 422 228 373 217 402 268 346 132 429 298 317 330 8
D 420 79 2 120 421 199 8
D 434 65 2 116 276 108 8
D 433 63 2 103 434 117 8
D 436 65 2 108 284 116 389
D 435 63 3 103 436 412 388 413 29
D 418 71 8 274 419 202 420 235 395 102 371 433 119 383 206 408 240 435 8
L 442 58 29
D 441 57 2 90 442 92 8
D 440 55 2 88 441 93 8
D 439 53 2 254 440 255 8
D 438 49 2 78 439 96 8
D 437 45 2 70 438 98 8
D 444 79 5 334 316 305 345 278 372 360 291 363 8
D 447 99 6 423 221 398 209 379 262 353 293 324 318 426 8
D 449 85 2 143 234 138 141
D 448 83 3 133 449 302 273 303 29
D 446 89 6 322 447 268 373 228 402 298 346 217 429 448 8
D 445 79 2 120 446 199 8
D 443 71 8 274 444 235 420 102 395 202 445 383 259 408 206 433 240 435 8
D 454 57 2 92 91 90 8
D 453 55 2 88 454 93 8
D 452 53 2 254 453 255 8
D 451 49 2 78 452 96 8
D 450 45 2 70 451 98 8
D 456 79 5 360 316 334 345 305 372 278 396 363 8
D 459 99 6 423 209 398 262 379 293 353 318 324 347 426 8
D 460 83 3 302 273 133 234 303 29
D 458 89 5 322 459 298 373 268 402 228 429 460 8
D 457 79 2 120 458 199 8
D 455 71 8 274 456 102 420 235 445 202 457 383 290 408 259 433 206 435 8
D 463 43 2 75 74 73 100
D 462 41 2 71 463 76 72
D 467 57 2 90 442 92 29
D 466 55 2 88 467 93 29
D 465 53 2 254 466 255 29
D 464 49 2 78 465 96 29
D 469 47 2 81 80 79 97
D 471 51 2 86 95 84 85
D 473 57 2 90 91 92 442
D 472 55 2 93 467 88 473
D 474 51 2 86 85 84 8
D 470 53 3 471 466 254 472 474 29
D 475 47 2 81 97 79 8
D 468 49 3 469 465 78 470 475 29
D 477 43 2 75 100 73 8
D 476 41 2 71 477 76 99
D 461 45 3 462 464 70 468 476 29
D 68 59 11 69 101 249 258 286 289 309 314 338 343 366 370 390 394 414 418 437 443 450 455 461 8
D 481 31 2 53 62 51 8
D 482 31 2 53 52 51 29
D 480 33 2 481 54 482 8
D 479 29 2 45 480 63 8
D 478 25 2 37 479 65 8
D 485 79 5 360 345 334 372 305 396 278 421 363 8
D 488 99 6 423 262 398 293 379 318 353 347 324 374 426 8
D 490 81 2 136 135 134 29
D 489 83 2 490 273 303 29
D 487 89 4 298 402 322 488 268 429 489 8
D 486 79 2 120 487 199 8
D 484 71 8 274 485 102 445 235 457 202 486 383 315 408 290 433 259 435 8
D 483 59 11 69 258 249 289 286 314 309 343 338 370 366 394 390 418 414 443 437 455 450 484 461 8
D 492 21 2 43 39 38 8
D 495 31 2 53 52 51 8
D 496 31 2 53 62 51 29
D 494 33 2 495 54 496 8
D 493 29 2 45 494 63 8
D 497 21 2 43 66 38 29
D 491 25 2 492 493 497 8
D 500 79 5 360 372 334 396 305 421 278 446 363 8
D 503 99 6 423 293 398 318 379 347 353 374 324 403 426 8
D 504 83 2 135 273 145 29
D 502 89 3 298 429 322 503 504 8
D 501 79 2 120 502 199 8
D 499 71 8 274 500 383 344 102 457 235 486 408 315 202 501 433 290 435 8
D 498 59 11 69 289 249 314 286 343 309 370 338 394 366 418 390 443 414 455 437 484 450 499 461 8
D 507 23 2 40 67 42 8
D 506 21 2 38 507 43 8
D 509 23 2 40 41 42 29
D 508 21 2 38 509 43 29
D 505 25 2 506 493 508 8
D 512 79 5 360 396 334 421 305 446 278 458 363 8
D 515 99 6 423 318 398 347 379 374 353 403 324 430 426 8
D 516 83 2 133 273 144 29
D 514 89 2 322 515 516 8
D 513 79 2 120 514 199 8
D 511 71 8 274 512 383 371 408 344 102 486 433 315 235 501 202 513 435 8
D 510 59 11 69 314 249 343 286 370 309 394 338 418 366 443 390 455 414 484 437 499 450 511 461 8
D 519 23 2 42 41 40 8
D 518 21 2 38 519 43 8
D 521 23 2 42 67 40 29
D 520 21 2 38 521 43 29
D 517 25 2 518 493 520 8
D 524 79 5 360 421 334 446 305 458 278 487 363 8
D 530 97 2 155 156 157 29
D 529 95 2 153 530 158 193
D 528 93 3 148 529 427 192 428 29
D 527 99 5 423 347 398 374 379 403 353 430 528 8
D 526 89 2 322 527 516 8
D 525 79 2 120 526 199 8
D 523 71 8 274 524 383 395 408 371 433 344 102 501 235 513 202 525 435 8
D 522 59 11 69 343 249 370 286 394 309 418 338 443 366 455 390 484 414 499 437 511 450 523 461 8
D 533 27 2 48 47 46 8
D 534 27 2 48 64 46 29
D 532 29 2 533 494 534 8
D 531 25 2 37 532 65 8
D 537 79 5 360 446 334 458 305 487 278 502 363 8
D 542 95 2 158 193 153 29
D 541 93 3 148 542 427 192 428 29
D 540 99 4 423 374 398 403 379 430 541 8
D 539 89 2 322 540 516 8
D 538 79 2 120 539 199 8
D 536 71 8 274 537 383 420 408 395 433 371 102 513 235 525 202 538 435 8
D 535 59 11 69 370 249 394 286 418 309 443 338 455 366 484 390 499 414 511 437 523 450 536 461 8
D 545 27 2 46 64 48 8
D 546 27 2 46 47 48 29
D 544 29 2 545 494 546 8
D 543 25 2 37 544 65 8
D 549 79 5 360 458 334 487 305 502 278 514 363 8
D 554 91 2 149 150 151 160
D 553 93 2 427 192 554 29
D 552 99 3 423 403 398 430 553 8
D 551 89 2 322 552 516 8
D 550 79 2 120 551 199 8
D 548 71 8 274 549 408 420 433 395 383 445 102 525 235 538 202 550 435 8
D 547 59 11 69 394 249 418 286 443 309 455 338 484 366 499 390 511 414 523 437 536 450 548 461 8
D 558 35 2 60 56 55 8
D 557 33 2 495 558 496 8
D 556 29 2 45 557 63 8
D 555 25 2 37 556 65 8
D 561 79 5 360 487 334 502 305 514 278 526 363 8
D 565 93 2 424 192 425 29
D 564 99 2 423 430 565 8
D 563 89 2 322 564 516 8
D 562 79 2 120 563 199 8
D 560 71 8 433 420 274 561 408 445 383 457 102 538 235 550 202 562 435 8
D 559 59 11 69 418 249 443 286 455 309 484 338 499 366 511 390 523 414 536 437 548 450 560 461 8
D 570 37 2 59 58 57 8
D 569 35 2 55 570 60 8
D 568 33 2 495 569 496 8
D 567 29 2 45 568 63 8
D 566 25 2 37 567 65 8
D 573 79 5 360 502 334 514 305 526 278 539 363 8
D 576 67 2 110 248 115 114
D 575 65 2 108 576 116 389
D 574 63 3 103 575 412 388 413 29
D 572 71 7 433 445 274 573 408 457 383 486 102 550 235 562 574 8
D 571 59 11 69 443 249 455 286 484 309 499 338 511 366 523 390 536 414 548 437 560 450 572 461 8
L 582 38 20
D 581 37 2 57 582 59 8
D 580 35 2 55 581 60 8
D 579 33 2 495 580 496 8
D 578 29 2 45 579 63 8
D 577 25 2 37 578 65 8
D 585 79 5 360 514 334 526 305 539 278 551 363 8
D 587 65 2 116 389 108 248
D 586 63 3 103 587 412 388 413 29
D 584 71 6 433 457 274 585 408 486 383 501 102 562 586 8
D 583 59 11 69 455 249 484 286 499 309 511 338 523 366 536 390 548 414 560 437 572 450 584 461 8
D 590 23 2 42 41 40 67
D 589 21 2 38 590 43 39
D 594 37 2 57 582 59 29
D 593 35 2 55 594 60 29
D 592 33 2 495 593 496 29
D 591 29 2 45 592 63 29
D 596 27 2 48 47 46 64
D 598 31 2 51 52 53 62
D 600 37 2 57 58 59 582
D 599 35 2 60 594 55 600
D 601 31 2 51 62 53 8
D 597 33 3 598 593 495 599 601 29
D 602 27 2 48 64 46 8
D 595 29 3 596 592 45 597 602 29
D 604 23 2 42 67 40 8
D 603 21 2 38 604 43 66
D 588 25 3 589 591 37 595 603 29
D 35 39 11 36 68 478 483 491 498 505 510 517 522 531 535 543 547 555 559 566 571 577 583 588 8
D 607 3 2 5 34 7 8
D 606 1 2 3 607 9 8
D 610 11 2 17 28 19 8
D 611 11 2 17 18 19 29
D 609 13 2 610 20 611 8
D 608 9 2 11 609 30 8
D 613 3 2 5 6 7 29
D 612 1 2 3 613 9 29
D 605 5 2 606 608 612 8
D 617 79 5 360 526 334 539 305 551 278 563 363 8
D 618 63 3 412 388 103 389 413 29
D 616 71 5 433 486 274 617 408 501 383 513 618 8
D 615 59 11 69 484 249 499 286 511 309 523 338 536 366 548 390 560 414 572 437 584 450 616 461 8
D 614 39 11 36 483 478 498 491 510 505 522 517 535 531 547 543 559 555 571 566 583 577 615 588 8
D 620 1 2 9 4 3 8
D 621 1 2 9 33 3 29
D 619 5 2 620 608 621 8
D 627 77 2 126 127 128 29
D 626 75 3 121 627 364 200 365 29
D 625 79 4 360 539 334 551 305 563 626 8
D 624 71 5 433 501 274 625 408 513 383 525 618 8
D 623 59 11 69 499 249 511 286 523 309 536 338 548 366 560 390 572 414 584 437 616 450 624 461 8
D 622 39 11 36 498 478 510 491 522 505 535 517 547 531 559 543 571 555 583 566 615 577 623 588 8
D 630 3 2 7 6 5 8
D 629 1 2 3 630 9 8
D 632 3 2 7 34 5 29
D 631 1 2 3 632 9 29
D 628 5 2 629 608 631 8
D 638 73 2 122 123 124 130
D 637 75 2 364 200 638 29
D 636 79 3 360 551 334 563 637 8
D 635 71 5 433 513 274 636 408 525 383 538 618 8
D 634 59 11 69 511 249 523 286 536 309 548 338 560 366 572 390 584 414 616 437 624 450 635 461 8
D 633 39 11 36 510 478 522 491 535 505 547 517 559 531 571 543 583 555 615 566 623 577 634 588 8
D 642 11 2 19 28 17 8
D 643 11 2 19 18 17 29
D 641 13 2 642 20 643 8
D 640 9 2 11 641 30 8
D 639 5 2 2 640 32 8
D 648 75 2 361 200 362 29
D 647 79 2 360 563 648 8
D 646 71 5 433 525 274 647 408 538 383 550 618 8
D 645 59 11 69 523 249 536 286 548 309 560 338 572 366 584 390 616 414 624 437 635 450 646 461 8
D 644 39 11 36 522 478 535 491 547 505 559 517 571 531 583 543 615 555 623 566 634 577 645 588 8
D 651 7 2 14 13 12 8
D 652 7 2 14 31 12 29
D 650 9 2 651 609 652 8
D 649 5 2 2 650 32 8
D 657 65 2 116 389 108 29
D 656 63 3 412 388 103 657 413 29
D 655 71 4 433 538 408 550 383 562 656 8
D 654 59 11 69 536 249 548 286 560 309 572 338 584 366 616 390 624 414 635 437 646 450 655 461 8
D 653 39 11 36 535 478 547 491 559 505 571 517 583 531 615 543 623 555 634 566 645 577 654 588 8
D 660 7 2 12 31 14 8
D 661 7 2 12 13 14 29
D 659 9 2 660 609 661 8
D 658 5 2 2 659 32 8
D 665 63 3 409 388 103 657 106 29
D 664 71 3 433 550 408 562 665 8
D 663 59 11 69 548 249 560 286 572 309 584 338 616 366 624 390 635 414 646 437 655 450 664 461 8
D 662 39 11 36 547 478 559 491 571 505 583 517 615 531 623 543 634 555 645 566 654 577 663 588 8
D 669 15 2 26 22 21 8
D 668 13 2 610 669 611 8
D 667 9 2 11 668 30 8
D 666 5 2 2 667 32 8
D 673 63 2 103 657 117 29
D 672 71 2 433 562 673 8
D 671 59 11 69 560 249 572 286 584 309 616 338 624 366 635 390 646 414 655 437 664 450 672 461 8
D 670 39 11 36 559 478 571 491 583 505 615 517 623 531 634 543 645 555 654 566 663 577 671 588 8
L 679 18 9
D 678 17 2 23 679 25 8
D 677 15 2 21 678 26 8
D 676 13 2 610 677 611 8
D 675 9 2 11 676 30 8
D 674 5 2 2 675 32 8
D 686 57 2 90 91 92 29
D 685 55 2 88 686 93 467
D 684 53 3 254 685 471 466 474 29
D 683 49 3 78 684 469 465 475 29
D 682 45 3 70 683 462 464 476 29
D 681 59 10 69 572 249 584 286 616 309 624 338 635 366 646 390 655 414 664 437 672 682 8
D 680 39 11 36 571 478 583 491 615 505 623 517 634 531 645 543 654 555 663 566 671 577 681 588 8
D 691 17 2 25 24 23 8
D 690 15 2 21 691 26 8
D 689 13 2 610 690 611 8
D 688 9 2 11 689 30 8
D 687 5 2 2 688 32 8
D 697 55 2 93 467 88 29
D 696 53 3 254 697 471 466 474 29
D 695 49 3 78 696 469 465 475 29
D 694 45 3 70 695 462 464 476 29
D 693 59 9 69 584 249 616 286 624 309 635 338 646 366 655 390 664 414 672 694 8
D 692 39 11 36 583 478 615 491 623 505 634 517 645 531 654 543 663 555 671 566 681 577 693 588 8
D 702 17 2 23 24 25 679
D 703 17 2 23 679 25 29
D 701 15 2 21 702 26 703
D 704 11 2 19 28 17 18
D 705 15 2 21 703 26 29
D 706 11 2 19 18 17 8
D 700 13 3 610 701 704 705 706 29
D 707 7 2 14 13 12 31
D 708 13 2 610 705 611 29
D 709 7 2 14 31 12 8
D 699 9 3 11 700 707 708 709 29
D 711 3 2 7 6 5 34
D 710 1 2 3 711 9 4
D 712 9 2 11 708 30 29
D 714 3 2 7 34 5 8
D 713 1 2 3 714 9 33
D 698 5 3 2 699 710 712 713 29
D 0 19 11 1 35 605 614 619 622 628 633 639 644 649 653 658 662 666 670 674 680 687 692 698 8
