c ids of sdd nodes start at 0
c sdd nodes appear bottom-up, children before parents
c
c file syntax:
c sdd count-of-sdd-nodes
c F id-of-false-sdd-node
c T id-of-true-sdd-node
c L id-of-literal-sdd-node id-of-vtree literal
c D id-of-decomposition-sdd-node id-of-vtree number-of-elements {id-of-prime id-of-sub}*
c
sdd 715
L 3 0 -3
L 5 2 -4
L 6 4 -2
L 7 2 4
F 8
D 4 3 2 5 6 7 8
L 9 0 3
D 2 1 2 3 4 9 8
L 12 6 -6
L 13 8 -7
L 14 6 6
D 11 7 2 12 13 14 8
L 17 10 -5
L 18 12 1
L 19 10 5
D 16 11 2 17 18 19 8
L 21 14 -8
L 23 16 -10
L 24 18 -9
L 25 16 10
D 22 17 2 23 24 25 8
L 26 14 8
D 20 15 2 21 22 26 8
L 28 12 -1
T 29
D 27 11 2 17 28 19 29
D 15 13 2 16 20 27 8
L 31 8 7
D 30 7 2 12 31 14 29
D 10 9 2 11 15 30 8
L 34 4 2
D 33 3 2 5 34 7 29
D 32 1 2 3 33 9 29
D 1 5 2 2 10 32 8
L 38 20 -13
L 40 22 -15
L 41 24 -14
L 42 22 15
D 39 23 2 40 41 42 8
L 43 20 13
D 37 21 2 38 39 43 8
L 46 26 -16
L 47 28 -17
L 48 26 16
D 45 27 2 46 47 48 8
L 51 30 11
L 52 32 -12
L 53 30 -11
D 50 31 2 51 52 53 8
L 55 34 -18
L 57 36 -19
L 58 38 -20
L 59 36 19
D 56 37 2 57 58 59 8
L 60 34 18
D 54 35 2 55 56 60 8
L 62 32 12
D 61 31 2 51 62 53 29
D 49 33 2 50 54 61 8
L 64 28 17
D 63 27 2 46 64 48 29
D 44 29 2 45 49 63 8
L 67 24 14
D 66 23 2 40 67 42 29
D 65 21 2 38 66 43 29
D 36 25 2 37 44 65 8
L 71 40 -23
L 73 42 -24
L 74 44 -22
L 75 42 24
D 72 43 2 73 74 75 8
L 76 40 23
D 70 41 2 71 72 76 8
L 79 46 -26
L 80 48 -27
L 81 46 26
D 78 47 2 79 80 81 8
L 84 50 -25
L 85 52 21
L 86 50 25
D 83 51 2 84 85 86 8
L 88 54 -28
L 90 56 -30
L 91 58 -29
L 92 56 30
D 89 57 2 90 91 92 8
L 93 54 28
D 87 55 2 88 89 93 8
L 95 52 -21
D 94 51 2 84 95 86 29
D 82 53 2 83 87 94 8
L 97 48 27
D 96 47 2 79 97 81 29
D 77 49 2 78 82 96 8
L 100 44 22
D 99 43 2 73 100 75 29
D 98 41 2 71 99 76 29
D 69 45 2 70 77 98 8
L 104 60 -33
L 105 62 -32
L 106 60 33
D 103 61 2 104 105 106 8
L 108 64 -31
L 110 66 -38
L 112 68 -40
L 113 70 39
L 114 68 40
D 111 69 2 112 113 114 8
L 115 66 38
D 109 67 2 110 111 115 8
L 116 64 31
D 107 65 2 108 109 116 8
L 118 62 32
D 117 61 2 104 118 106 29
D 102 63 2 103 107 117 8
L 122 72 -34
L 123 74 -35
L 124 72 34
D 121 73 2 122 123 124 8
L 126 76 -37
L 127 78 -36
L 128 76 37
D 125 77 2 126 127 128 8
L 130 74 35
D 129 73 2 122 130 124 29
D 120 75 2 121 125 129 8
L 134 80 -46
L 135 82 -47
L 136 80 46
D 133 81 2 134 135 136 8
L 138 84 -48
L 140 86 -49
L 141 88 50
L 142 86 49
D 139 87 2 140 141 142 8
L 143 84 48
D 137 85 2 138 139 143 8
L 145 82 47
D 144 81 2 134 145 136 29
D 132 83 2 133 137 144 8
L 149 90 -41
L 150 92 -42
L 151 90 41
D 148 91 2 149 150 151 8
L 153 94 -43
L 155 96 -45
L 156 98 -44
L 157 96 45
D 154 97 2 155 156 157 8
L 158 94 43
D 152 95 2 153 154 158 8
L 160 92 42
D 159 91 2 149 160 151 29
D 147 93 2 148 152 159 8
L 163 100 -51
L 164 102 -52
L 165 100 51
D 162 101 2 163 164 165 8
L 168 104 -53
L 169 106 -54
L 170 104 53
D 167 105 2 168 169 170 8
L 172 108 -55
L 174 110 -56
L 176 112 -57
L 178 114 -58
L 180 116 -59
L 181 118 60
L 182 116 59
D 179 117 2 180 181 182 8
L 183 114 58
D 177 115 2 178 179 183 8
L 184 112 57
D 175 113 2 176 177 184 8
L 185 110 56
D 173 111 2 174 175 185 8
L 186 108 55
D 171 109 2 172 173 186 8
L 188 106 54
D 187 105 2 168 188 170 29
D 166 107 2 167 171 187 8
L 190 102 52
D 189 101 2 163 190 165 29
D 161 103 2 162 166 189 8
L 194 98 44
D 193 97 2 155 194 157 29
D 192 95 2 153 193 158 29
D 191 93 2 148 192 159 29
D 146 99 2 147 161 191 8
L 198 88 -50
D 197 87 2 140 198 142 29
D 196 85 2 138 197 143 29
D 195 83 2 133 196 144 29
D 131 89 2 132 146 195 8
L 201 78 36
D 200 77 2 126 201 128 29
D 199 75 2 121 200 129 29
D 119 79 2 120 131 199 8
L 206 70 -39
D 205 69 2 114 206 112 8
D 204 67 2 110 205 115 8
D 203 65 2 108 204 116 8
D 202 63 2 103 203 117 8
L 217 118 -60
D 216 117 2 182 217 180 8
D 215 115 2 178 216 183 8
D 214 113 2 176 215 184 8
D 213 111 2 174 214 185 8
D 212 109 2 172 213 186 8
D 211 107 2 167 212 187 8
D 210 103 2 162 211 189 8
D 209 99 2 147 210 191 8
D 220 87 2 142 198 140 8
D 219 85 2 138 220 143 8
D 218 83 2 133 219 144 8
D 223 87 2 140 198 142 141
D 222 85 2 138 223 143 29
D 221 83 2 133 222 144 29
D 208 89 3 132 209 218 146 221 8
D 207 79 2 120 208 199 8
D 227 69 2 112 206 114 113
D 226 67 2 110 227 115 29
D 225 65 2 108 226 116 29
D 224 63 2 103 225 117 29
D 101 71 3 102 119 202 207 224 8
D 230 43 2 73 100 75 8
D 229 41 2 71 230 76 8
D 233 51 2 84 95 86 8
D 234 51 2 84 85 86 29
D 232 53 2 233 87 234 8
D 231 49 2 78 232 96 8
D 236 43 2 73 74 75 29
D 235 41 2 71 236 76 29
D 228 45 2 229 231 235 8
D 241 69 2 112 206 114 8
D 240 67 2 115 241 110 8
D 239 65 2 108 240 116 8
D 238 63 2 103 239 117 8
D 251 117 2 180 217 182 8
D 250 115 2 183 251 178 8
D 249 113 2 176 250 184 8
D 248 111 2 174 249 185 8
D 247 109 2 172 248 186 8
D 246 107 2 167 247 187 8
D 245 103 2 162 246 189 8
D 244 99 2 147 245 191 8
D 254 87 2 140 198 142 8
D 253 85 2 143 254 138 8
D 252 83 2 133 253 144 8
D 257 87 2 140 141 142 29
D 256 85 2 138 223 143 257
D 255 83 2 133 256 144 29
D 243 89 4 132 244 218 209 252 146 255 8
D 242 79 2 120 243 199 8
D 261 69 2 112 113 114 29
D 260 67 2 110 227 115 261
D 259 65 2 108 260 116 29
D 258 63 2 103 259 117 29
D 237 71 4 238 119 202 242 102 207 258 8
D 263 41 2 76 72 71 8
D 264 41 2 76 99 71 29
D 262 45 2 263 231 264 8
D 274 115 2 178 251 183 8
D 273 113 2 184 274 176 8
D 272 111 2 174 273 185 8
D 271 109 2 172 272 186 8
D 270 107 2 167 271 187 8
D 269 103 2 162 270 189 8
D 268 99 2 147 269 191 8
D 276 81 2 134 145 136 8
D 277 85 2 138 254 143 8
D 278 81 2 134 135 136 29
D 275 83 2 276 277 278 8
D 280 85 2 138 257 143 29
D 279 83 3 133 256 276 280 136 29
D 267 89 5 132 268 218 244 252 209 275 146 279 8
D 266 79 2 120 267 199 8
D 283 67 2 110 241 115 8
D 282 65 2 108 283 116 8
D 281 63 2 103 282 117 8
D 286 77 2 128 127 126 8
D 285 75 2 121 286 129 8
D 288 77 2 128 201 126 29
D 287 75 2 121 288 129 29
D 284 79 2 285 131 287 8
D 292 69 2 114 113 112 8
D 291 67 2 110 292 115 261
D 290 65 2 108 291 116 29
D 289 63 2 103 290 117 29
D 265 71 5 202 266 102 242 238 207 281 284 289 8
D 295 43 2 75 74 73 8
D 294 41 2 71 295 76 8
D 297 43 2 75 100 73 29
D 296 41 2 71 297 76 29
D 293 45 2 294 231 296 8
D 306 113 2 176 274 184 8
D 305 111 2 185 306 174 8
D 304 109 2 172 305 186 8
D 303 107 2 167 304 187 8
D 302 103 2 162 303 189 8
D 301 99 2 147 302 191 8
D 308 81 2 136 135 134 8
D 309 81 2 136 145 134 29
D 307 83 2 308 277 309 8
D 311 81 2 136 135 134 145
D 312 81 2 136 145 134 8
D 310 83 3 133 256 311 280 312 29
D 300 89 6 132 301 218 268 252 244 275 209 307 146 310 8
D 299 79 2 120 300 199 8
D 315 77 2 126 201 128 8
D 314 75 2 121 315 129 8
D 317 77 2 126 127 128 201
D 316 75 2 121 317 129 29
D 313 79 3 314 131 285 208 316 8
D 298 71 5 202 299 281 313 102 266 238 242 289 8
D 321 51 2 86 95 84 8
D 322 51 2 86 85 84 29
D 320 53 2 321 87 322 8
D 319 49 2 78 320 96 8
D 318 45 2 70 319 98 8
D 330 111 2 174 306 185 8
D 329 109 2 186 330 172 8
D 328 107 2 167 329 187 8
D 327 103 2 162 328 189 8
D 326 99 2 147 327 191 8
D 331 83 2 133 277 144 8
D 335 97 2 157 156 155 8
D 334 95 2 153 335 158 8
D 333 93 2 148 334 159 8
D 338 97 2 157 194 155 29
D 337 95 2 153 338 158 29
D 336 93 2 148 337 159 29
D 332 99 2 333 161 336 8
D 341 87 2 142 141 140 8
D 340 85 2 138 341 143 257
D 339 83 3 133 340 311 280 312 29
D 325 89 7 132 326 331 332 218 301 252 268 275 244 307 209 339 8
D 324 79 2 120 325 199 8
D 344 73 2 122 130 124 8
D 345 73 2 122 123 124 29
D 343 75 2 344 125 345 8
D 346 75 3 121 317 344 200 124 29
D 342 79 4 343 131 314 208 285 243 346 8
D 323 71 5 202 324 281 342 102 299 238 266 289 8
D 349 47 2 81 80 79 8
D 350 47 2 81 97 79 29
D 348 49 2 349 232 350 8
D 347 45 2 70 348 98 8
D 357 105 2 168 188 170 8
D 358 109 2 172 330 186 8
D 359 105 2 168 169 170 29
D 356 107 2 357 358 359 8
D 355 103 2 162 356 189 8
D 354 99 2 147 355 191 8
D 363 97 2 155 194 157 8
D 362 95 2 153 363 158 8
D 361 93 2 148 362 159 8
D 366 97 2 155 156 157 194
D 365 95 2 153 366 158 29
D 364 93 2 148 365 159 29
D 360 99 3 361 161 333 210 364 8
D 353 89 7 132 354 331 360 218 326 252 301 275 268 307 244 339 8
D 352 79 2 120 353 199 8
D 369 73 2 124 123 122 8
D 370 73 2 124 130 122 29
D 368 75 2 369 125 370 8
D 372 73 2 124 123 122 130
D 373 73 2 124 130 122 8
D 371 75 3 121 317 372 200 373 29
D 367 79 5 368 131 343 208 314 243 285 267 371 8
D 351 71 5 202 352 281 367 102 324 238 299 289 8
D 376 47 2 79 97 81 8
D 377 47 2 79 80 81 29
D 375 49 2 376 232 377 8
D 374 45 2 70 375 98 8
D 384 105 2 170 169 168 8
D 385 105 2 170 188 168 29
D 383 107 2 384 358 385 8
D 382 103 2 162 383 189 8
D 381 99 2 147 382 191 8
D 388 95 2 158 154 153 8
D 387 93 2 148 388 159 8
D 390 95 2 153 366 158 193
D 389 93 2 148 390 159 29
D 386 99 4 387 161 361 210 333 245 389 8
D 380 89 7 132 381 331 386 218 354 252 326 275 301 307 268 339 8
D 379 79 2 120 380 199 8
D 392 61 2 106 105 104 8
D 393 61 2 106 118 104 29
D 391 63 2 392 282 393 8
D 394 79 5 368 208 343 243 285 300 314 267 371 8
D 397 67 2 110 261 115 29
D 396 65 2 108 397 116 29
D 395 63 3 103 290 392 396 118 29
D 378 71 6 202 379 391 119 281 394 102 352 238 324 395 8
D 401 55 2 93 89 88 8
D 400 53 2 233 401 234 8
D 399 49 2 78 400 96 8
D 398 45 2 70 399 98 8
D 407 91 2 149 160 151 8
D 408 91 2 149 150 151 29
D 406 93 2 407 152 408 8
D 409 93 3 148 390 407 192 151 29
D 405 99 5 406 161 387 210 361 245 333 269 409 8
D 412 101 2 163 190 165 8
D 413 107 2 167 358 187 8
D 414 101 2 163 164 165 29
D 411 103 2 412 413 414 8
D 410 99 2 147 411 191 8
D 404 89 7 331 405 218 381 132 410 252 354 275 326 307 301 339 8
D 403 79 2 120 404 199 8
D 415 79 5 368 243 285 325 314 300 343 267 371 8
D 417 61 2 104 118 106 8
D 418 61 2 104 105 106 29
D 416 63 2 417 282 418 8
D 420 61 2 106 105 104 118
D 421 61 2 106 118 104 8
D 419 63 3 103 290 420 396 421 29
D 402 71 7 202 403 281 415 102 379 416 119 238 352 391 207 419 8
L 427 58 29
D 426 57 2 90 427 92 8
D 425 55 2 88 426 93 8
D 424 53 2 233 425 234 8
D 423 49 2 78 424 96 8
D 422 45 2 70 423 98 8
D 429 79 5 314 325 285 353 343 300 368 267 371 8
D 434 91 2 151 150 149 8
D 435 91 2 151 160 149 29
D 433 93 2 434 152 435 8
D 437 91 2 151 150 149 160
D 438 91 2 151 160 149 8
D 436 93 3 148 390 437 192 438 29
D 432 99 6 433 161 406 210 387 245 361 269 333 302 436 8
D 441 101 2 165 164 163 8
D 442 101 2 165 190 163 29
D 440 103 2 441 413 442 8
D 439 99 2 147 440 191 8
D 431 89 7 331 432 252 381 218 410 275 354 132 439 307 326 339 8
D 430 79 2 120 431 199 8
D 444 65 2 116 283 108 8
D 443 63 2 103 444 117 8
D 446 65 2 108 291 116 397
D 445 63 3 103 446 420 396 421 29
D 428 71 8 281 429 202 430 102 403 238 379 443 119 391 242 416 207 445 8
D 451 57 2 92 91 90 8
D 450 55 2 88 451 93 8
D 449 53 2 233 450 234 8
D 448 49 2 78 449 96 8
D 447 45 2 70 448 98 8
D 453 79 5 343 325 314 353 285 380 368 300 371 8
D 456 99 6 433 210 406 245 387 269 361 302 333 327 436 8
D 458 85 2 143 257 138 141
D 457 83 3 133 458 311 280 312 29
D 455 89 6 331 456 275 381 252 410 307 354 218 439 457 8
D 454 79 2 120 455 199 8
D 452 71 8 281 453 102 430 238 403 202 454 391 266 416 242 443 207 445 8
D 461 43 2 75 74 73 100
D 460 41 2 71 461 76 72
D 465 57 2 90 427 92 29
D 464 55 2 88 465 93 29
D 463 53 2 233 464 234 29
D 462 49 2 78 463 96 29
D 467 47 2 81 80 79 97
D 469 51 2 86 95 84 85
D 471 57 2 90 91 92 427
D 470 55 2 93 465 88 471
D 472 51 2 86 85 84 8
D 468 53 3 469 464 233 470 472 29
D 473 47 2 81 97 79 8
D 466 49 3 467 463 78 468 473 29
D 475 43 2 75 100 73 8
D 474 41 2 71 475 76 99
D 459 45 3 460 462 70 466 474 29
D 68 59 11 69 101 228 237 262 265 293 298 318 323 347 351 374 378 398 402 422 428 447 452 459 8
D 479 31 2 53 62 51 8
D 480 31 2 53 52 51 29
D 478 33 2 479 54 480 8
D 477 29 2 45 478 63 8
D 476 25 2 37 477 65 8
D 483 79 5 368 325 343 353 314 380 285 404 371 8
D 486 99 6 433 245 406 269 387 302 361 327 333 355 436 8
D 487 83 3 311 280 133 257 312 29
D 485 89 5 331 486 307 381 275 410 252 439 487 8
D 484 79 2 120 485 199 8
D 482 71 8 281 483 238 430 102 454 202 484 391 299 416 266 443 242 445 8
D 481 59 11 69 237 228 265 262 298 293 323 318 351 347 378 374 402 398 428 422 452 447 482 459 8
D 489 21 2 43 39 38 8
D 492 31 2 53 52 51 8
D 493 31 2 53 62 51 29
D 491 33 2 492 54 493 8
D 490 29 2 45 491 63 8
D 494 21 2 43 66 38 29
D 488 25 2 489 490 494 8
D 497 79 5 368 353 343 380 314 404 285 431 371 8
D 500 99 6 433 269 406 302 387 327 361 355 333 382 436 8
D 502 81 2 136 135 134 29
D 501 83 2 502 280 312 29
D 499 89 4 307 410 331 500 275 439 501 8
D 498 79 2 120 499 199 8
D 496 71 8 281 497 238 454 102 484 202 498 391 324 416 299 443 266 445 8
D 495 59 11 69 265 228 298 262 323 293 351 318 378 347 402 374 428 398 452 422 482 447 496 459 8
D 505 23 2 40 67 42 8
D 504 21 2 38 505 43 8
D 507 23 2 40 41 42 29
D 506 21 2 38 507 43 29
D 503 25 2 504 490 506 8
D 510 79 5 368 380 343 404 314 431 285 455 371 8
D 513 99 6 433 302 406 327 387 355 361 382 333 411 436 8
D 514 83 2 135 280 145 29
D 512 89 3 307 439 331 513 514 8
D 511 79 2 120 512 199 8
D 509 71 8 281 510 391 352 238 484 102 498 416 324 202 511 443 299 445 8
D 508 59 11 69 298 228 323 262 351 293 378 318 402 347 428 374 452 398 482 422 496 447 509 459 8
D 517 23 2 42 41 40 8
D 516 21 2 38 517 43 8
D 519 23 2 42 67 40 29
D 518 21 2 38 519 43 29
D 515 25 2 516 490 518 8
D 522 79 5 368 404 343 431 314 455 285 485 371 8
D 525 99 6 433 327 406 355 387 382 361 411 333 440 436 8
D 526 83 2 133 280 144 29
D 524 89 2 331 525 526 8
D 523 79 2 120 524 199 8
D 521 71 8 281 522 391 379 416 352 238 498 443 324 102 511 202 523 445 8
D 520 59 11 69 323 228 351 262 378 293 402 318 428 347 452 374 482 398 496 422 509 447 521 459 8
D 529 27 2 48 47 46 8
D 530 27 2 48 64 46 29
D 528 29 2 529 491 530 8
D 527 25 2 37 528 65 8
D 533 79 5 368 431 343 455 314 485 285 499 371 8
D 539 97 2 155 156 157 29
D 538 95 2 153 539 158 193
D 537 93 3 148 538 437 192 438 29
D 536 99 5 433 355 406 382 387 411 361 440 537 8
D 535 89 2 331 536 526 8
D 534 79 2 120 535 199 8
D 532 71 8 281 533 391 403 416 379 443 352 238 511 102 523 202 534 445 8
D 531 59 11 69 351 228 378 262 402 293 428 318 452 347 482 374 496 398 509 422 521 447 532 459 8
D 542 27 2 46 64 48 8
D 543 27 2 46 47 48 29
D 541 29 2 542 491 543 8
D 540 25 2 37 541 65 8
D 546 79 5 368 455 343 485 314 499 285 512 371 8
D 551 95 2 158 193 153 29
D 550 93 3 148 551 437 192 438 29
D 549 99 4 433 382 406 411 387 440 550 8
D 548 89 2 331 549 526 8
D 547 79 2 120 548 199 8
D 545 71 8 281 546 391 430 416 403 443 379 238 523 102 534 202 547 445 8
D 544 59 11 69 378 228 402 262 428 293 452 318 482 347 496 374 509 398 521 422 532 447 545 459 8
D 555 35 2 60 56 55 8
D 554 33 2 492 555 493 8
D 553 29 2 45 554 63 8
D 552 25 2 37 553 65 8
D 558 79 5 368 485 343 499 314 512 285 524 371 8
D 563 91 2 149 150 151 160
D 562 93 2 437 192 563 29
D 561 99 3 433 411 406 440 562 8
D 560 89 2 331 561 526 8
D 559 79 2 120 560 199 8
D 557 71 8 281 558 416 430 443 403 391 454 238 534 102 547 202 559 445 8
D 556 59 11 69 402 228 428 262 452 293 482 318 496 347 509 374 521 398 532 422 545 447 557 459 8
D 568 37 2 59 58 57 8
D 567 35 2 55 568 60 8
D 566 33 2 492 567 493 8
D 565 29 2 45 566 63 8
D 564 25 2 37 565 65 8
D 571 79 5 368 499 343 512 314 524 285 535 371 8
D 575 93 2 434 192 435 29
D 574 99 2 433 440 575 8
D 573 89 2 331 574 526 8
D 572 79 2 120 573 199 8
D 570 71 8 443 430 281 571 416 454 391 484 238 547 102 559 202 572 445 8
D 569 59 11 69 428 228 452 262 482 293 496 318 509 347 521 374 532 398 545 422 557 447 570 459 8
L 581 38 20
D 580 37 2 57 581 59 8
D 579 35 2 55 580 60 8
D 578 33 2 492 579 493 8
D 577 29 2 45 578 63 8
D 576 25 2 37 577 65 8
D 584 79 5 368 512 343 524 314 535 285 548 371 8
D 587 67 2 115 261 110 114
D 586 65 2 108 587 116 397
D 585 63 3 103 586 420 396 421 29
D 583 71 7 443 454 281 584 416 484 391 498 238 559 102 572 585 8
D 582 59 11 69 452 228 482 262 496 293 509 318 521 347 532 374 545 398 557 422 570 447 583 459 8
D 590 23 2 42 41 40 67
D 589 21 2 38 590 43 39
D 594 37 2 57 581 59 29
D 593 35 2 55 594 60 29
D 592 33 2 492 593 493 29
D 591 29 2 45 592 63 29
D 596 27 2 48 47 46 64
D 598 31 2 51 52 53 62
D 600 37 2 57 58 59 581
D 599 35 2 60 594 55 600
D 601 31 2 51 62 53 8
D 597 33 3 598 593 492 599 601 29
D 602 27 2 48 64 46 8
D 595 29 3 596 592 45 597 602 29
D 604 23 2 42 67 40 8
D 603 21 2 38 604 43 66
D 588 25 3 589 591 37 595 603 29
D 35 39 11 36 68 476 481 488 495 503 508 515 520 527 531 540 544 552 556 564 569 576 582 588 8
D 607 3 2 5 34 7 8
D 606 1 2 3 607 9 8
D 610 11 2 17 28 19 8
D 611 11 2 17 18 19 29
D 609 13 2 610 20 611 8
D 608 9 2 11 609 30 8
D 613 3 2 5 6 7 29
D 612 1 2 3 613 9 29
D 605 5 2 606 608 612 8
D 617 79 5 368 524 343 535 314 548 285 560 371 8
D 619 65 2 116 397 108 261
D 618 63 3 103 619 420 396 421 29
D 616 71 6 443 484 281 617 416 498 391 511 238 572 618 8
D 615 59 11 69 482 228 496 262 509 293 521 318 532 347 545 374 557 398 570 422 583 447 616 459 8
D 614 39 11 36 481 476 495 488 508 503 520 515 531 527 544 540 556 552 569 564 582 576 615 588 8
D 621 1 2 9 4 3 8
D 622 1 2 9 33 3 29
D 620 5 2 621 608 622 8
D 626 79 5 368 535 343 548 314 560 285 573 371 8
D 627 63 3 420 396 103 397 421 29
D 625 71 5 443 498 281 626 416 511 391 523 627 8
D 624 59 11 69 496 228 509 262 521 293 532 318 545 347 557 374 570 398 583 422 616 447 625 459 8
D 623 39 11 36 495 476 508 488 520 503 531 515 544 527 556 540 569 552 582 564 615 576 624 588 8
D 630 3 2 7 6 5 8
D 629 1 2 3 630 9 8
D 632 3 2 7 34 5 29
D 631 1 2 3 632 9 29
D 628 5 2 629 608 631 8
D 638 77 2 126 127 128 29
D 637 75 3 121 638 372 200 373 29
D 636 79 4 368 548 343 560 314 573 637 8
D 635 71 5 443 511 281 636 416 523 391 534 627 8
D 634 59 11 69 509 228 521 262 532 293 545 318 557 347 570 374 583 398 616 422 625 447 635 459 8
D 633 39 11 36 508 476 520 488 531 503 544 515 556 527 569 540 582 552 615 564 624 576 634 588 8
D 642 11 2 19 28 17 8
D 643 11 2 19 18 17 29
D 641 13 2 642 20 643 8
D 640 9 2 11 641 30 8
D 639 5 2 2 640 32 8
D 649 73 2 122 123 124 130
D 648 75 2 372 200 649 29
D 647 79 3 368 560 343 573 648 8
D 646 71 5 443 523 281 647 416 534 391 547 627 8
D 645 59 11 69 521 228 532 262 545 293 557 318 570 347 583 374 616 398 625 422 635 447 646 459 8
D 644 39 11 36 520 476 531 488 544 503 556 515 569 527 582 540 615 552 624 564 634 576 645 588 8
D 652 7 2 14 13 12 8
D 653 7 2 14 31 12 29
D 651 9 2 652 609 653 8
D 650 5 2 2 651 32 8
D 658 75 2 369 200 370 29
D 657 79 2 368 573 658 8
D 656 71 5 443 534 281 657 416 547 391 559 627 8
D 655 59 11 69 532 228 545 262 557 293 570 318 583 347 616 374 625 398 635 422 646 447 656 459 8
D 654 39 11 36 531 476 544 488 556 503 569 515 582 527 615 540 624 552 634 564 645 576 655 588 8
D 661 7 2 12 31 14 8
D 662 7 2 12 13 14 29
D 660 9 2 661 609 662 8
D 659 5 2 2 660 32 8
D 667 65 2 116 397 108 29
D 666 63 3 420 396 103 667 421 29
D 665 71 4 443 547 416 559 391 572 666 8
D 664 59 11 69 545 228 557 262 570 293 583 318 616 347 625 374 635 398 646 422 656 447 665 459 8
D 663 39 11 36 544 476 556 488 569 503 582 515 615 527 624 540 634 552 645 564 655 576 664 588 8
D 671 15 2 26 22 21 8
D 670 13 2 610 671 611 8
D 669 9 2 11 670 30 8
D 668 5 2 2 669 32 8
D 675 63 3 417 396 103 667 106 29
D 674 71 3 443 559 416 572 675 8
D 673 59 11 69 557 228 570 262 583 293 616 318 625 347 635 374 646 398 656 422 665 447 674 459 8
D 672 39 11 36 556 476 569 488 582 503 615 515 624 527 634 540 645 552 655 564 664 576 673 588 8
L 681 18 9
D 680 17 2 23 681 25 8
D 679 15 2 21 680 26 8
D 678 13 2 610 679 611 8
D 677 9 2 11 678 30 8
D 676 5 2 2 677 32 8
D 685 63 2 103 667 117 29
D 684 71 2 443 572 685 8
D 683 59 11 69 570 228 583 262 616 293 625 318 635 347 646 374 656 398 665 422 674 447 684 459 8
D 682 39 11 36 569 476 582 488 615 503 624 515 634 527 645 540 655 552 664 564 673 576 683 588 8
D 690 17 2 25 24 23 8
D 689 15 2 21 690 26 8
D 688 13 2 610 689 611 8
D 687 9 2 11 688 30 8
D 686 5 2 2 687 32 8
D 697 57 2 90 91 92 29
D 696 55 2 88 697 93 465
D 695 53 3 233 696 469 464 472 29
D 694 49 3 78 695 467 463 473 29
D 693 45 3 70 694 460 462 474 29
D 692 59 10 69 583 228 616 262 625 293 635 318 646 347 656 374 665 398 674 422 684 693 8
D 691 39 11 36 582 476 615 488 624 503 634 515 645 527 655 540 664 552 673 564 683 576 692 588 8
D 702 17 2 23 24 25 681
D 703 17 2 23 681 25 29
D 701 15 2 21 702 26 703
D 704 11 2 19 28 17 18
D 705 15 2 21 703 26 29
D 706 11 2 19 18 17 8
D 700 13 3 610 701 704 705 706 29
D 707 7 2 14 13 12 31
D 708 13 2 610 705 611 29
D 709 7 2 14 31 12 8
D 699 9 3 11 700 707 708 709 29
D 711 3 2 7 6 5 34
D 710 1 2 3 711 9 4
D 712 9 2 11 708 30 29
D 714 3 2 7 34 5 8
D 713 1 2 3 714 9 33
D 698 5 3 2 699 710 712 713 29
D 0 19 11 1 35 605 614 620 623 628 633 639 644 650 654 659 663 668 672 676 682 686 691 698 8
