c ids of sdd nodes start at 0
c sdd nodes appear bottom-up, children before parents
c
c file syntax:
c sdd count-of-sdd-nodes
c F id-of-false-sdd-node
c T id-of-true-sdd-node
c L id-of-literal-sdd-node id-of-vtree literal
c D id-of-decomposition-sdd-node id-of-vtree number-of-elements {id-of-prime id-of-sub}*
c
sdd 716
L 3 0 -3
L 5 2 -4
L 6 4 -2
L 7 2 4
F 8
D 4 3 2 5 6 7 8
L 9 0 3
D 2 1 2 3 4 9 8
L 12 6 -6
L 13 8 -7
L 14 6 6
D 11 7 2 12 13 14 8
L 17 10 -5
L 18 12 1
L 19 10 5
D 16 11 2 17 18 19 8
L 21 14 -8
L 23 16 -10
L 24 18 -9
L 25 16 10
D 22 17 2 23 24 25 8
L 26 14 8
D 20 15 2 21 22 26 8
L 28 12 -1
T 29
D 27 11 2 17 28 19 29
D 15 13 2 16 20 27 8
L 31 8 7
D 30 7 2 12 31 14 29
D 10 9 2 11 15 30 8
L 34 4 2
D 33 3 2 5 34 7 29
D 32 1 2 3 33 9 29
D 1 5 2 2 10 32 8
L 38 20 -13
L 40 22 -15
L 41 24 -14
L 42 22 15
D 39 23 2 40 41 42 8
L 43 20 13
D 37 21 2 38 39 43 8
L 46 26 -16
L 47 28 -17
L 48 26 16
D 45 27 2 46 47 48 8
L 51 30 11
L 52 32 -12
L 53 30 -11
D 50 31 2 51 52 53 8
L 55 34 -18
L 57 36 -19
L 58 38 -20
L 59 36 19
D 56 37 2 57 58 59 8
L 60 34 18
D 54 35 2 55 56 60 8
L 62 32 12
D 61 31 2 51 62 53 29
D 49 33 2 50 54 61 8
L 64 28 17
D 63 27 2 46 64 48 29
D 44 29 2 45 49 63 8
L 67 24 14
D 66 23 2 40 67 42 29
D 65 21 2 38 66 43 29
D 36 25 2 37 44 65 8
L 71 40 -23
L 73 42 -24
L 74 44 22
L 75 42 24
D 72 43 2 73 74 75 8
L 76 40 23
D 70 41 2 71 72 76 8
L 79 46 -26
L 80 48 -27
L 81 46 26
D 78 47 2 79 80 81 8
L 84 50 -25
L 85 52 -21
L 86 50 25
D 83 51 2 84 85 86 8
L 88 54 -28
L 90 56 -30
L 91 58 -29
L 92 56 30
D 89 57 2 90 91 92 8
L 93 54 28
D 87 55 2 88 89 93 8
L 95 52 21
D 94 51 2 84 95 86 29
D 82 53 2 83 87 94 8
L 97 48 27
D 96 47 2 79 97 81 29
D 77 49 2 78 82 96 8
L 100 44 -22
D 99 43 2 73 100 75 29
D 98 41 2 71 99 76 29
D 69 45 2 70 77 98 8
L 104 60 -33
L 105 62 -32
L 106 60 33
D 103 61 2 104 105 106 8
L 108 64 -31
L 110 66 -38
L 112 68 40
L 113 70 -39
L 114 68 -40
D 111 69 2 112 113 114 8
L 115 66 38
D 109 67 2 110 111 115 8
L 116 64 31
D 107 65 2 108 109 116 8
L 118 62 32
D 117 61 2 104 118 106 29
D 102 63 2 103 107 117 8
L 122 72 -34
L 123 74 -35
L 124 72 34
D 121 73 2 122 123 124 8
L 126 76 -37
L 127 78 -36
L 128 76 37
D 125 77 2 126 127 128 8
L 130 74 35
D 129 73 2 122 130 124 29
D 120 75 2 121 125 129 8
L 134 80 -46
L 135 82 -47
L 136 80 46
D 133 81 2 134 135 136 8
L 138 84 -48
L 140 86 -49
L 141 88 50
L 142 86 49
D 139 87 2 140 141 142 8
L 143 84 48
D 137 85 2 138 139 143 8
L 145 82 47
D 144 81 2 134 145 136 29
D 132 83 2 133 137 144 8
L 149 90 -41
L 150 92 -42
L 151 90 41
D 148 91 2 149 150 151 8
L 153 94 -43
L 155 96 -45
L 156 98 -44
L 157 96 45
D 154 97 2 155 156 157 8
L 158 94 43
D 152 95 2 153 154 158 8
L 160 92 42
D 159 91 2 149 160 151 29
D 147 93 2 148 152 159 8
L 163 100 -51
L 164 102 -52
L 165 100 51
D 162 101 2 163 164 165 8
L 168 104 -53
L 169 106 -54
L 170 104 53
D 167 105 2 168 169 170 8
L 172 108 -55
L 174 110 -56
L 176 112 -57
L 178 114 -58
L 180 116 -59
L 181 118 60
L 182 116 59
D 179 117 2 180 181 182 8
L 183 114 58
D 177 115 2 178 179 183 8
L 184 112 57
D 175 113 2 176 177 184 8
L 185 110 56
D 173 111 2 174 175 185 8
L 186 108 55
D 171 109 2 172 173 186 8
L 188 106 54
D 187 105 2 168 188 170 29
D 166 107 2 167 171 187 8
L 190 102 52
D 189 101 2 163 190 165 29
D 161 103 2 162 166 189 8
L 194 98 44
D 193 97 2 155 194 157 29
D 192 95 2 153 193 158 29
D 191 93 2 148 192 159 29
D 146 99 2 147 161 191 8
L 198 88 -50
D 197 87 2 140 198 142 29
D 196 85 2 138 197 143 29
D 195 83 2 133 196 144 29
D 131 89 2 132 146 195 8
L 201 78 36
D 200 77 2 126 201 128 29
D 199 75 2 121 200 129 29
D 119 79 2 120 131 199 8
L 206 70 39
D 205 69 2 112 206 114 29
D 204 67 2 110 205 115 29
D 203 65 2 108 204 116 29
D 202 63 2 103 203 117 29
D 101 71 2 102 119 202 8
D 209 43 2 73 100 75 8
D 208 41 2 76 209 71 8
D 211 43 2 73 74 75 29
D 210 41 2 76 211 71 29
D 207 45 2 208 77 210 8
D 216 69 2 114 206 112 8
D 215 67 2 110 216 115 8
D 214 65 2 108 215 116 8
D 213 63 2 103 214 117 8
L 227 118 -60
D 226 117 2 182 227 180 8
D 225 115 2 178 226 183 8
D 224 113 2 176 225 184 8
D 223 111 2 174 224 185 8
D 222 109 2 172 223 186 8
D 221 107 2 167 222 187 8
D 220 103 2 162 221 189 8
D 219 99 2 147 220 191 8
D 230 87 2 142 198 140 8
D 229 85 2 138 230 143 8
D 228 83 2 133 229 144 8
D 233 87 2 140 198 142 141
D 232 85 2 138 233 143 29
D 231 83 2 133 232 144 29
D 218 89 3 132 219 228 146 231 8
D 217 79 2 120 218 199 8
D 237 69 2 114 113 112 206
D 236 67 2 110 237 115 29
D 235 65 2 108 236 116 29
D 234 63 2 103 235 117 29
D 212 71 3 213 119 102 217 234 8
D 240 43 2 75 100 73 8
D 239 41 2 71 240 76 8
D 242 43 2 75 74 73 29
D 241 41 2 71 242 76 29
D 238 45 2 239 77 241 8
D 247 69 2 114 113 112 8
D 246 67 2 115 247 110 8
D 245 65 2 108 246 116 8
D 244 63 2 103 245 117 8
D 257 117 2 180 227 182 8
D 256 115 2 183 257 178 8
D 255 113 2 176 256 184 8
D 254 111 2 174 255 185 8
D 253 109 2 172 254 186 8
D 252 107 2 167 253 187 8
D 251 103 2 162 252 189 8
D 250 99 2 147 251 191 8
D 260 87 2 140 198 142 8
D 259 85 2 143 260 138 8
D 258 83 2 133 259 144 8
D 263 87 2 140 141 142 29
D 262 85 2 138 233 143 263
D 261 83 2 133 262 144 29
D 249 89 4 132 250 228 219 258 146 261 8
D 248 79 2 120 249 199 8
D 267 69 2 114 206 112 29
D 266 67 2 110 237 115 267
D 265 65 2 108 266 116 29
D 264 63 2 103 265 117 29
D 243 71 4 244 119 102 248 213 217 264 8
D 269 41 2 71 209 76 8
D 272 51 2 86 85 84 8
D 273 51 2 86 95 84 29
D 271 53 2 272 87 273 8
D 270 49 2 78 271 96 8
D 274 41 2 71 211 76 29
D 268 45 2 269 270 274 8
D 284 115 2 178 257 183 8
D 283 113 2 184 284 176 8
D 282 111 2 174 283 185 8
D 281 109 2 172 282 186 8
D 280 107 2 167 281 187 8
D 279 103 2 162 280 189 8
D 278 99 2 147 279 191 8
D 286 81 2 134 145 136 8
D 287 85 2 138 260 143 8
D 288 81 2 134 135 136 29
D 285 83 2 286 287 288 8
D 290 85 2 138 263 143 29
D 289 83 3 133 262 286 290 136 29
D 277 89 5 132 278 228 250 258 219 285 146 289 8
D 276 79 2 120 277 199 8
D 293 67 2 110 247 115 8
D 292 65 2 108 293 116 8
D 291 63 2 103 292 117 8
D 296 77 2 128 127 126 8
D 295 75 2 121 296 129 8
D 298 77 2 128 201 126 29
D 297 75 2 121 298 129 29
D 294 79 2 295 131 297 8
D 302 69 2 112 206 114 8
D 301 67 2 110 302 115 267
D 300 65 2 108 301 116 29
D 299 63 2 103 300 117 29
D 275 71 5 102 276 213 248 244 217 291 294 299 8
D 305 47 2 81 80 79 8
D 306 47 2 81 97 79 29
D 304 49 2 305 82 306 8
D 303 45 2 269 304 274 8
D 315 113 2 176 284 184 8
D 314 111 2 185 315 174 8
D 313 109 2 172 314 186 8
D 312 107 2 167 313 187 8
D 311 103 2 162 312 189 8
D 310 99 2 147 311 191 8
D 317 81 2 136 135 134 8
D 318 81 2 136 145 134 29
D 316 83 2 317 287 318 8
D 320 81 2 136 135 134 145
D 321 81 2 136 145 134 8
D 319 83 3 133 262 320 290 321 29
D 309 89 6 132 310 228 278 258 250 285 219 316 146 319 8
D 308 79 2 120 309 199 8
D 324 77 2 126 201 128 8
D 323 75 2 121 324 129 8
D 326 77 2 126 127 128 201
D 325 75 2 121 326 129 29
D 322 79 3 323 131 295 218 325 8
D 307 71 5 102 308 291 322 213 276 244 248 299 8
D 329 47 2 79 97 81 8
D 330 47 2 79 80 81 29
D 328 49 2 329 82 330 8
D 327 45 2 269 328 274 8
D 338 111 2 174 315 185 8
D 337 109 2 186 338 172 8
D 336 107 2 167 337 187 8
D 335 103 2 162 336 189 8
D 334 99 2 147 335 191 8
D 339 83 2 133 287 144 8
D 343 97 2 157 156 155 8
D 342 95 2 153 343 158 8
D 341 93 2 148 342 159 8
D 346 97 2 157 194 155 29
D 345 95 2 153 346 158 29
D 344 93 2 148 345 159 29
D 340 99 2 341 161 344 8
D 349 87 2 142 141 140 8
D 348 85 2 138 349 143 263
D 347 83 3 133 348 320 290 321 29
D 333 89 7 132 334 339 340 228 310 258 278 285 250 316 219 347 8
D 332 79 2 120 333 199 8
D 352 73 2 122 130 124 8
D 353 73 2 122 123 124 29
D 351 75 2 352 125 353 8
D 354 75 3 121 326 352 200 124 29
D 350 79 4 351 131 323 218 295 249 354 8
D 331 71 5 102 332 291 350 213 308 244 276 299 8
D 358 55 2 93 89 88 8
D 357 53 2 83 358 94 8
D 356 49 2 78 357 96 8
D 355 45 2 269 356 274 8
D 365 105 2 168 188 170 8
D 366 109 2 172 338 186 8
D 367 105 2 168 169 170 29
D 364 107 2 365 366 367 8
D 363 103 2 162 364 189 8
D 362 99 2 147 363 191 8
D 371 97 2 155 194 157 8
D 370 95 2 153 371 158 8
D 369 93 2 148 370 159 8
D 374 97 2 155 156 157 194
D 373 95 2 153 374 158 29
D 372 93 2 148 373 159 29
D 368 99 3 369 161 341 220 372 8
D 361 89 7 132 362 339 368 228 334 258 310 285 278 316 250 347 8
D 360 79 2 120 361 199 8
D 377 73 2 124 123 122 8
D 378 73 2 124 130 122 29
D 376 75 2 377 125 378 8
D 380 73 2 124 123 122 130
D 381 73 2 124 130 122 8
D 379 75 3 121 326 380 200 381 29
D 375 79 5 376 131 351 218 323 249 295 277 379 8
D 359 71 5 102 360 291 375 213 332 244 308 299 8
L 387 58 29
D 386 57 2 90 387 92 8
D 385 55 2 88 386 93 8
D 384 53 2 83 385 94 8
D 383 49 2 78 384 96 8
D 382 45 2 269 383 274 8
D 394 105 2 170 169 168 8
D 395 105 2 170 188 168 29
D 393 107 2 394 366 395 8
D 392 103 2 162 393 189 8
D 391 99 2 147 392 191 8
D 398 95 2 158 154 153 8
D 397 93 2 148 398 159 8
D 400 95 2 153 374 158 193
D 399 93 2 148 400 159 29
D 396 99 4 397 161 369 220 341 251 399 8
D 390 89 7 132 391 339 396 228 362 258 334 285 310 316 278 347 8
D 389 79 2 120 390 199 8
D 402 61 2 106 105 104 8
D 403 61 2 106 118 104 29
D 401 63 2 402 292 403 8
D 404 79 5 376 218 351 249 295 309 323 277 379 8
D 407 67 2 110 267 115 29
D 406 65 2 108 407 116 29
D 405 63 3 103 300 402 406 118 29
D 388 71 6 102 389 401 119 291 404 213 360 244 332 405 8
D 412 57 2 92 91 90 8
D 411 55 2 88 412 93 8
D 410 53 2 83 411 94 8
D 409 49 2 78 410 96 8
D 408 45 2 269 409 274 8
D 418 91 2 149 160 151 8
D 419 91 2 149 150 151 29
D 417 93 2 418 152 419 8
D 420 93 3 148 400 418 192 151 29
D 416 99 5 417 161 397 220 369 251 341 279 420 8
D 423 101 2 163 190 165 8
D 424 107 2 167 366 187 8
D 425 101 2 163 164 165 29
D 422 103 2 423 424 425 8
D 421 99 2 147 422 191 8
D 415 89 7 339 416 228 391 132 421 258 362 285 334 316 310 347 8
D 414 79 2 120 415 199 8
D 426 79 5 376 249 295 333 323 309 351 277 379 8
D 428 61 2 104 118 106 8
D 429 61 2 104 105 106 29
D 427 63 2 428 292 429 8
D 431 61 2 106 105 104 118
D 432 61 2 106 118 104 8
D 430 63 3 103 300 431 406 432 29
D 413 71 7 102 414 291 426 213 389 427 119 244 360 401 217 430 8
D 437 57 2 90 387 92 29
D 436 55 2 88 437 93 29
D 439 57 2 90 91 92 387
D 438 55 2 93 437 88 439
D 435 53 3 272 436 83 438 95 29
D 440 47 2 81 80 79 97
D 441 53 2 83 436 94 29
D 442 47 2 81 97 79 8
D 434 49 3 78 435 440 441 442 29
D 444 43 2 75 100 73 74
D 443 41 2 71 444 76 209
D 445 49 2 78 441 96 29
D 447 43 2 75 74 73 8
D 446 41 2 71 447 76 211
D 433 45 3 269 434 443 445 446 29
D 68 59 10 69 101 207 212 238 243 268 275 303 307 327 331 355 359 382 388 408 413 433 8
D 451 31 2 53 62 51 8
D 452 31 2 53 52 51 29
D 450 33 2 451 54 452 8
D 449 29 2 45 450 63 8
D 448 25 2 37 449 65 8
D 457 51 2 84 95 86 8
D 458 51 2 84 85 86 29
D 456 53 2 457 87 458 8
D 455 49 2 78 456 96 8
D 454 45 2 269 455 274 8
D 460 79 5 323 333 295 361 351 309 376 277 379 8
D 465 91 2 151 150 149 8
D 466 91 2 151 160 149 29
D 464 93 2 465 152 466 8
D 468 91 2 151 150 149 160
D 469 91 2 151 160 149 8
D 467 93 3 148 400 468 192 469 29
D 463 99 6 464 161 417 220 397 251 369 279 341 311 467 8
D 472 101 2 165 164 163 8
D 473 101 2 165 190 163 29
D 471 103 2 472 424 473 8
D 470 99 2 147 471 191 8
D 462 89 7 339 463 258 391 228 421 285 362 132 470 316 334 347 8
D 461 79 2 120 462 199 8
D 475 65 2 116 293 108 8
D 474 63 2 103 475 117 8
D 477 65 2 108 301 116 407
D 476 63 3 103 477 431 406 432 29
D 459 71 8 291 460 102 461 213 414 244 389 474 119 401 248 427 217 476 8
D 481 51 2 86 85 84 95
D 482 51 2 86 95 84 8
D 480 53 3 481 436 83 438 482 29
D 479 49 3 440 441 78 480 442 29
D 478 45 3 443 445 269 479 446 29
D 453 59 11 454 101 69 212 207 243 238 275 268 307 303 331 327 359 355 388 382 413 408 459 478 8
D 484 21 2 43 39 38 8
D 487 31 2 53 52 51 8
D 488 31 2 53 62 51 29
D 486 33 2 487 54 488 8
D 485 29 2 45 486 63 8
D 489 21 2 43 66 38 29
D 483 25 2 484 485 489 8
D 492 79 5 351 333 323 361 295 390 376 309 379 8
D 495 99 6 464 220 417 251 397 279 369 311 341 335 467 8
D 497 85 2 143 263 138 141
D 496 83 3 133 497 320 290 321 29
D 494 89 6 339 495 285 391 258 421 316 362 228 470 496 8
D 493 79 2 120 494 199 8
D 491 71 8 291 492 213 461 244 414 102 493 401 276 427 248 474 217 476 8
D 490 59 11 454 212 69 243 207 275 238 307 268 331 303 359 327 388 355 413 382 459 408 491 478 8
D 500 23 2 40 67 42 8
D 499 21 2 38 500 43 8
D 502 23 2 40 41 42 29
D 501 21 2 38 502 43 29
D 498 25 2 499 485 501 8
D 505 79 5 376 333 351 361 323 390 295 415 379 8
D 508 99 6 464 251 417 279 397 311 369 335 341 363 467 8
D 509 83 3 320 290 133 263 321 29
D 507 89 5 339 508 316 391 285 421 258 470 509 8
D 506 79 2 120 507 199 8
D 504 71 8 291 505 244 461 213 493 102 506 401 308 427 276 474 248 476 8
D 503 59 11 454 243 69 275 207 307 238 331 268 359 303 388 327 413 355 459 382 491 408 504 478 8
D 512 23 2 42 41 40 8
D 511 21 2 38 512 43 8
D 514 23 2 42 67 40 29
D 513 21 2 38 514 43 29
D 510 25 2 511 485 513 8
D 517 79 5 376 361 351 390 323 415 295 462 379 8
D 520 99 6 464 279 417 311 397 335 369 363 341 392 467 8
D 522 81 2 136 135 134 29
D 521 83 2 522 290 321 29
D 519 89 4 316 421 339 520 285 470 521 8
D 518 79 2 120 519 199 8
D 516 71 8 291 517 244 493 213 506 102 518 401 332 427 308 474 276 476 8
D 515 59 11 454 275 69 307 207 331 238 359 268 388 303 413 327 459 355 491 382 504 408 516 478 8
D 525 27 2 48 47 46 8
D 526 27 2 48 64 46 29
D 524 29 2 525 486 526 8
D 523 25 2 37 524 65 8
D 529 79 5 376 390 351 415 323 462 295 494 379 8
D 532 99 6 464 311 417 335 397 363 369 392 341 422 467 8
D 533 83 2 135 290 145 29
D 531 89 3 316 470 339 532 533 8
D 530 79 2 120 531 199 8
D 528 71 8 291 529 401 360 244 506 213 518 427 332 102 530 474 308 476 8
D 527 59 11 454 307 69 331 207 359 238 388 268 413 303 459 327 491 355 504 382 516 408 528 478 8
D 536 27 2 46 64 48 8
D 537 27 2 46 47 48 29
D 535 29 2 536 486 537 8
D 534 25 2 37 535 65 8
D 540 79 5 376 415 351 462 323 494 295 507 379 8
D 543 99 6 464 335 417 363 397 392 369 422 341 471 467 8
D 544 83 2 133 290 144 29
D 542 89 2 339 543 544 8
D 541 79 2 120 542 199 8
D 539 71 8 291 540 401 389 427 360 244 518 474 332 213 530 102 541 476 8
D 538 59 11 454 331 69 359 207 388 238 413 268 459 303 491 327 504 355 516 382 528 408 539 478 8
D 548 35 2 60 56 55 8
D 547 33 2 487 548 488 8
D 546 29 2 45 547 63 8
D 545 25 2 37 546 65 8
D 551 79 5 376 462 351 494 323 507 295 519 379 8
D 557 97 2 155 156 157 29
D 556 95 2 153 557 158 193
D 555 93 3 148 556 468 192 469 29
D 554 99 5 464 363 417 392 397 422 369 471 555 8
D 553 89 2 339 554 544 8
D 552 79 2 120 553 199 8
D 550 71 8 291 551 401 414 427 389 474 360 244 530 213 541 102 552 476 8
D 549 59 11 454 359 69 388 207 413 238 459 268 491 303 504 327 516 355 528 382 539 408 550 478 8
D 562 37 2 59 58 57 8
D 561 35 2 55 562 60 8
D 560 33 2 487 561 488 8
D 559 29 2 45 560 63 8
D 558 25 2 37 559 65 8
D 565 79 5 376 494 351 507 323 519 295 531 379 8
D 570 95 2 158 193 153 29
D 569 93 3 148 570 468 192 469 29
D 568 99 4 464 392 417 422 397 471 569 8
D 567 89 2 339 568 544 8
D 566 79 2 120 567 199 8
D 564 71 8 291 565 401 461 427 414 474 389 244 541 213 552 102 566 476 8
D 563 59 11 454 388 69 413 207 459 238 491 268 504 303 516 327 528 355 539 382 550 408 564 478 8
L 576 38 20
D 575 37 2 57 576 59 8
D 574 35 2 55 575 60 8
D 573 33 2 487 574 488 8
D 572 29 2 45 573 63 8
D 571 25 2 37 572 65 8
D 579 79 5 376 507 351 519 323 531 295 542 379 8
D 584 91 2 149 150 151 160
D 583 93 2 468 192 584 29
D 582 99 3 464 422 417 471 583 8
D 581 89 2 339 582 544 8
D 580 79 2 120 581 199 8
D 578 71 8 291 579 427 461 474 414 401 493 244 552 213 566 102 580 476 8
D 577 59 11 454 413 69 459 207 491 238 504 268 516 303 528 327 539 355 550 382 564 408 578 478 8
D 587 23 2 42 41 40 67
D 586 21 2 38 587 43 39
D 591 37 2 57 576 59 29
D 590 35 2 55 591 60 29
D 589 33 2 487 590 488 29
D 588 29 2 45 589 63 29
D 593 27 2 48 47 46 64
D 595 31 2 51 52 53 62
D 597 37 2 57 58 59 576
D 596 35 2 60 591 55 597
D 598 31 2 51 62 53 8
D 594 33 3 595 590 487 596 598 29
D 599 27 2 48 64 46 8
D 592 29 3 593 589 45 594 599 29
D 601 23 2 42 67 40 8
D 600 21 2 38 601 43 66
D 585 25 3 586 588 37 592 600 29
D 35 39 11 36 68 448 453 483 490 498 503 510 515 523 527 534 538 545 549 558 563 571 577 585 8
D 604 3 2 5 34 7 8
D 603 1 2 3 604 9 8
D 607 11 2 17 28 19 8
D 608 11 2 17 18 19 29
D 606 13 2 607 20 608 8
D 605 9 2 11 606 30 8
D 610 3 2 5 6 7 29
D 609 1 2 3 610 9 29
D 602 5 2 603 605 609 8
D 614 79 5 376 519 351 531 323 542 295 553 379 8
D 618 93 2 465 192 466 29
D 617 99 2 464 471 618 8
D 616 89 2 339 617 544 8
D 615 79 2 120 616 199 8
D 613 71 8 474 461 291 614 427 493 401 506 244 566 213 580 102 615 476 8
D 612 59 11 454 459 69 491 207 504 238 516 268 528 303 539 327 550 355 564 382 578 408 613 478 8
D 611 39 11 36 453 448 490 483 503 498 515 510 527 523 538 534 549 545 563 558 577 571 612 585 8
D 620 1 2 9 4 3 8
D 621 1 2 9 33 3 29
D 619 5 2 620 605 621 8
D 625 79 5 376 531 351 542 323 553 295 567 379 8
D 628 67 2 115 267 110 112
D 627 65 2 108 628 116 407
D 626 63 3 103 627 431 406 432 29
D 624 71 7 474 493 291 625 427 506 401 518 244 580 213 615 626 8
D 623 59 11 454 491 69 504 207 516 238 528 268 539 303 550 327 564 355 578 382 613 408 624 478 8
D 622 39 11 36 490 448 503 483 515 498 527 510 538 523 549 534 563 545 577 558 612 571 623 585 8
D 631 3 2 7 6 5 8
D 630 1 2 3 631 9 8
D 633 3 2 7 34 5 29
D 632 1 2 3 633 9 29
D 629 5 2 630 605 632 8
D 637 79 5 376 542 351 553 323 567 295 581 379 8
D 639 65 2 116 407 108 267
D 638 63 3 103 639 431 406 432 29
D 636 71 6 474 506 291 637 427 518 401 530 244 615 638 8
D 635 59 11 454 504 69 516 207 528 238 539 268 550 303 564 327 578 355 613 382 624 408 636 478 8
D 634 39 11 36 503 448 515 483 527 498 538 510 549 523 563 534 577 545 612 558 623 571 635 585 8
D 643 11 2 19 28 17 8
D 644 11 2 19 18 17 29
D 642 13 2 643 20 644 8
D 641 9 2 11 642 30 8
D 640 5 2 2 641 32 8
D 648 79 5 376 553 351 567 323 581 295 616 379 8
D 649 63 3 431 406 103 407 432 29
D 647 71 5 474 518 291 648 427 530 401 541 649 8
D 646 59 11 454 516 69 528 207 539 238 550 268 564 303 578 327 613 355 624 382 636 408 647 478 8
D 645 39 11 36 515 448 527 483 538 498 549 510 563 523 577 534 612 545 623 558 635 571 646 585 8
D 652 7 2 14 13 12 8
D 653 7 2 14 31 12 29
D 651 9 2 652 606 653 8
D 650 5 2 2 651 32 8
D 659 77 2 126 127 128 29
D 658 75 3 121 659 380 200 381 29
D 657 79 4 376 567 351 581 323 616 658 8
D 656 71 5 474 530 291 657 427 541 401 552 649 8
D 655 59 11 454 528 69 539 207 550 238 564 268 578 303 613 327 624 355 636 382 647 408 656 478 8
D 654 39 11 36 527 448 538 483 549 498 563 510 577 523 612 534 623 545 635 558 646 571 655 585 8
D 662 7 2 12 31 14 8
D 663 7 2 12 13 14 29
D 661 9 2 662 606 663 8
D 660 5 2 2 661 32 8
D 669 73 2 122 123 124 130
D 668 75 2 380 200 669 29
D 667 79 3 376 581 351 616 668 8
D 666 71 5 474 541 291 667 427 552 401 566 649 8
D 665 59 11 454 539 69 550 207 564 238 578 268 613 303 624 327 636 355 647 382 656 408 666 478 8
D 664 39 11 36 538 448 549 483 563 498 577 510 612 523 623 534 635 545 646 558 655 571 665 585 8
D 673 15 2 26 22 21 8
D 672 13 2 607 673 608 8
D 671 9 2 11 672 30 8
D 670 5 2 2 671 32 8
D 678 75 2 377 200 378 29
D 677 79 2 376 616 678 8
D 676 71 5 474 552 291 677 427 566 401 580 649 8
D 675 59 11 454 550 69 564 207 578 238 613 268 624 303 636 327 647 355 656 382 666 408 676 478 8
D 674 39 11 36 549 448 563 483 577 498 612 510 623 523 635 534 646 545 655 558 665 571 675 585 8
L 684 18 9
D 683 17 2 23 684 25 8
D 682 15 2 21 683 26 8
D 681 13 2 607 682 608 8
D 680 9 2 11 681 30 8
D 679 5 2 2 680 32 8
D 689 65 2 116 407 108 29
D 688 63 3 431 406 103 689 432 29
D 687 71 4 474 566 427 580 401 615 688 8
D 686 59 11 454 564 69 578 207 613 238 624 268 636 303 647 327 656 355 666 382 676 408 687 478 8
D 685 39 11 36 563 448 577 483 612 498 623 510 635 523 646 534 655 545 665 558 675 571 686 585 8
D 694 17 2 25 24 23 8
D 693 15 2 21 694 26 8
D 692 13 2 607 693 608 8
D 691 9 2 11 692 30 8
D 690 5 2 2 691 32 8
D 698 63 3 428 406 103 689 106 29
D 697 71 3 474 580 427 615 698 8
D 696 59 11 454 578 69 613 207 624 238 636 268 647 303 656 327 666 355 676 382 687 408 697 478 8
D 695 39 11 36 577 448 612 483 623 498 635 510 646 523 655 534 665 545 675 558 686 571 696 585 8
D 703 17 2 23 24 25 684
D 704 17 2 23 684 25 29
D 702 15 2 21 703 26 704
D 705 11 2 19 28 17 18
D 706 15 2 21 704 26 29
D 707 11 2 19 18 17 8
D 701 13 3 607 702 705 706 707 29
D 708 7 2 14 13 12 31
D 709 13 2 607 706 608 29
D 710 7 2 14 31 12 8
D 700 9 3 11 701 708 709 710 29
D 712 3 2 7 6 5 34
D 711 1 2 3 712 9 4
D 713 9 2 11 709 30 29
D 715 3 2 7 34 5 8
D 714 1 2 3 715 9 33
D 699 5 3 2 700 711 713 714 29
D 0 19 11 1 35 602 611 619 622 629 634 640 645 650 654 660 664 670 674 679 685 690 695 699 8
