c ids of sdd nodes start at 0
c sdd nodes appear bottom-up, children before parents
c
c file syntax:
c sdd count-of-sdd-nodes
c F id-of-false-sdd-node
c T id-of-true-sdd-node
c L id-of-literal-sdd-node id-of-vtree literal
c D id-of-decomposition-sdd-node id-of-vtree number-of-elements {id-of-prime id-of-sub}*
c
sdd 717
L 3 0 -3
L 5 2 -4
L 6 4 -2
L 7 2 4
F 8
D 4 3 2 5 6 7 8
L 9 0 3
D 2 1 2 3 4 9 8
L 12 6 -6
L 13 8 -7
L 14 6 6
D 11 7 2 12 13 14 8
L 17 10 -5
L 18 12 1
L 19 10 5
D 16 11 2 17 18 19 8
L 21 14 -8
L 23 16 -10
L 24 18 -9
L 25 16 10
D 22 17 2 23 24 25 8
L 26 14 8
D 20 15 2 21 22 26 8
L 28 12 -1
T 29
D 27 11 2 17 28 19 29
D 15 13 2 16 20 27 8
L 31 8 7
D 30 7 2 12 31 14 29
D 10 9 2 11 15 30 8
L 34 4 2
D 33 3 2 5 34 7 29
D 32 1 2 3 33 9 29
D 1 5 2 2 10 32 8
L 38 20 -13
L 40 22 -15
L 41 24 -14
L 42 22 15
D 39 23 2 40 41 42 8
L 43 20 13
D 37 21 2 38 39 43 8
L 46 26 -16
L 47 28 -17
L 48 26 16
D 45 27 2 46 47 48 8
L 51 30 11
L 52 32 -12
L 53 30 -11
D 50 31 2 51 52 53 8
L 55 34 -18
L 57 36 -19
L 58 38 -20
L 59 36 19
D 56 37 2 57 58 59 8
L 60 34 18
D 54 35 2 55 56 60 8
L 62 32 12
D 61 31 2 51 62 53 29
D 49 33 2 50 54 61 8
L 64 28 17
D 63 27 2 46 64 48 29
D 44 29 2 45 49 63 8
L 67 24 14
D 66 23 2 40 67 42 29
D 65 21 2 38 66 43 29
D 36 25 2 37 44 65 8
L 71 40 23
L 73 42 -24
L 74 44 -22
L 75 42 24
D 72 43 2 73 74 75 8
L 76 40 -23
D 70 41 2 71 72 76 8
L 79 46 -26
L 80 48 -27
L 81 46 26
D 78 47 2 79 80 81 8
L 84 50 -25
L 85 52 -21
L 86 50 25
D 83 51 2 84 85 86 8
L 88 54 -28
L 90 56 -30
L 91 58 -29
L 92 56 30
D 89 57 2 90 91 92 8
L 93 54 28
D 87 55 2 88 89 93 8
L 95 52 21
D 94 51 2 84 95 86 29
D 82 53 2 83 87 94 8
L 97 48 27
D 96 47 2 79 97 81 29
D 77 49 2 78 82 96 8
L 100 44 22
D 99 43 2 73 100 75 29
D 98 41 2 71 99 76 29
D 69 45 2 70 77 98 8
L 104 60 -33
L 105 62 -32
L 106 60 33
D 103 61 2 104 105 106 8
L 108 64 -31
L 110 66 -38
L 112 68 40
L 113 70 -39
L 114 68 -40
D 111 69 2 112 113 114 8
L 115 66 38
D 109 67 2 110 111 115 8
L 116 64 31
D 107 65 2 108 109 116 8
L 118 62 32
D 117 61 2 104 118 106 29
D 102 63 2 103 107 117 8
L 122 72 -34
L 123 74 -35
L 124 72 34
D 121 73 2 122 123 124 8
L 126 76 -37
L 127 78 -36
L 128 76 37
D 125 77 2 126 127 128 8
L 130 74 35
D 129 73 2 122 130 124 29
D 120 75 2 121 125 129 8
L 134 80 -46
L 135 82 -47
L 136 80 46
D 133 81 2 134 135 136 8
L 138 84 -48
L 140 86 -49
L 141 88 50
L 142 86 49
D 139 87 2 140 141 142 8
L 143 84 48
D 137 85 2 138 139 143 8
L 145 82 47
D 144 81 2 134 145 136 29
D 132 83 2 133 137 144 8
L 149 90 -41
L 150 92 -42
L 151 90 41
D 148 91 2 149 150 151 8
L 153 94 -43
L 155 96 -45
L 156 98 -44
L 157 96 45
D 154 97 2 155 156 157 8
L 158 94 43
D 152 95 2 153 154 158 8
L 160 92 42
D 159 91 2 149 160 151 29
D 147 93 2 148 152 159 8
L 163 100 -51
L 164 102 -52
L 165 100 51
D 162 101 2 163 164 165 8
L 168 104 -53
L 169 106 -54
L 170 104 53
D 167 105 2 168 169 170 8
L 172 108 -55
L 174 110 -56
L 176 112 -57
L 178 114 -58
L 180 116 -59
L 181 118 60
L 182 116 59
D 179 117 2 180 181 182 8
L 183 114 58
D 177 115 2 178 179 183 8
L 184 112 57
D 175 113 2 176 177 184 8
L 185 110 56
D 173 111 2 174 175 185 8
L 186 108 55
D 171 109 2 172 173 186 8
L 188 106 54
D 187 105 2 168 188 170 29
D 166 107 2 167 171 187 8
L 190 102 52
D 189 101 2 163 190 165 29
D 161 103 2 162 166 189 8
L 194 98 44
D 193 97 2 155 194 157 29
D 192 95 2 153 193 158 29
D 191 93 2 148 192 159 29
D 146 99 2 147 161 191 8
L 198 88 -50
D 197 87 2 140 198 142 29
D 196 85 2 138 197 143 29
D 195 83 2 133 196 144 29
D 131 89 2 132 146 195 8
L 201 78 36
D 200 77 2 126 201 128 29
D 199 75 2 121 200 129 29
D 119 79 2 120 131 199 8
L 206 70 39
D 205 69 2 112 206 114 29
D 204 67 2 110 205 115 29
D 203 65 2 108 204 116 29
D 202 63 2 103 203 117 29
D 101 71 2 102 119 202 8
D 209 43 2 75 74 73 8
D 208 41 2 76 209 71 8
D 211 43 2 75 100 73 29
D 210 41 2 76 211 71 29
D 207 45 2 208 77 210 8
D 216 69 2 114 206 112 8
D 215 67 2 110 216 115 8
D 214 65 2 108 215 116 8
D 213 63 2 103 214 117 8
L 227 118 -60
D 226 117 2 182 227 180 8
D 225 115 2 178 226 183 8
D 224 113 2 176 225 184 8
D 223 111 2 174 224 185 8
D 222 109 2 172 223 186 8
D 221 107 2 167 222 187 8
D 220 103 2 162 221 189 8
D 219 99 2 147 220 191 8
D 230 87 2 142 198 140 8
D 229 85 2 138 230 143 8
D 228 83 2 133 229 144 8
D 233 87 2 140 198 142 141
D 232 85 2 138 233 143 29
D 231 83 2 133 232 144 29
D 218 89 3 132 219 228 146 231 8
D 217 79 2 120 218 199 8
D 237 69 2 114 113 112 206
D 236 67 2 110 237 115 29
D 235 65 2 108 236 116 29
D 234 63 2 103 235 117 29
D 212 71 3 213 119 102 217 234 8
D 239 41 2 76 72 71 8
D 242 51 2 86 85 84 8
D 243 51 2 86 95 84 29
D 241 53 2 242 87 243 8
D 240 49 2 78 241 96 8
D 244 41 2 76 99 71 29
D 238 45 2 239 240 244 8
D 249 69 2 114 113 112 8
D 248 67 2 115 249 110 8
D 247 65 2 108 248 116 8
D 246 63 2 103 247 117 8
D 259 117 2 180 227 182 8
D 258 115 2 183 259 178 8
D 257 113 2 176 258 184 8
D 256 111 2 174 257 185 8
D 255 109 2 172 256 186 8
D 254 107 2 167 255 187 8
D 253 103 2 162 254 189 8
D 252 99 2 147 253 191 8
D 262 87 2 140 198 142 8
D 261 85 2 143 262 138 8
D 260 83 2 133 261 144 8
D 265 87 2 140 141 142 29
D 264 85 2 138 233 143 265
D 263 83 2 133 264 144 29
D 251 89 4 132 252 228 219 260 146 263 8
D 250 79 2 120 251 199 8
D 269 69 2 114 206 112 29
D 268 67 2 110 237 115 269
D 267 65 2 108 268 116 29
D 266 63 2 103 267 117 29
D 245 71 4 246 119 102 250 213 217 266 8
D 272 47 2 81 80 79 8
D 273 47 2 81 97 79 29
D 271 49 2 272 82 273 8
D 270 45 2 239 271 244 8
D 283 115 2 178 259 183 8
D 282 113 2 184 283 176 8
D 281 111 2 174 282 185 8
D 280 109 2 172 281 186 8
D 279 107 2 167 280 187 8
D 278 103 2 162 279 189 8
D 277 99 2 147 278 191 8
D 285 81 2 134 145 136 8
D 286 85 2 138 262 143 8
D 287 81 2 134 135 136 29
D 284 83 2 285 286 287 8
D 289 85 2 138 265 143 29
D 288 83 3 133 264 285 289 136 29
D 276 89 5 132 277 228 252 260 219 284 146 288 8
D 275 79 2 120 276 199 8
D 292 67 2 110 249 115 8
D 291 65 2 108 292 116 8
D 290 63 2 103 291 117 8
D 295 77 2 128 127 126 8
D 294 75 2 121 295 129 8
D 297 77 2 128 201 126 29
D 296 75 2 121 297 129 29
D 293 79 2 294 131 296 8
D 301 69 2 112 206 114 8
D 300 67 2 110 301 115 269
D 299 65 2 108 300 116 29
D 298 63 2 103 299 117 29
D 274 71 5 102 275 213 250 246 217 290 293 298 8
D 304 47 2 79 97 81 8
D 305 47 2 79 80 81 29
D 303 49 2 304 82 305 8
D 302 45 2 239 303 244 8
D 314 113 2 176 283 184 8
D 313 111 2 185 314 174 8
D 312 109 2 172 313 186 8
D 311 107 2 167 312 187 8
D 310 103 2 162 311 189 8
D 309 99 2 147 310 191 8
D 316 81 2 136 135 134 8
D 317 81 2 136 145 134 29
D 315 83 2 316 286 317 8
D 319 81 2 136 135 134 145
D 320 81 2 136 145 134 8
D 318 83 3 133 264 319 289 320 29
D 308 89 6 132 309 228 277 260 252 284 219 315 146 318 8
D 307 79 2 120 308 199 8
D 323 77 2 126 201 128 8
D 322 75 2 121 323 129 8
D 325 77 2 126 127 128 201
D 324 75 2 121 325 129 29
D 321 79 3 322 131 294 218 324 8
D 306 71 5 102 307 290 321 213 275 246 250 298 8
D 329 55 2 93 89 88 8
D 328 53 2 83 329 94 8
D 327 49 2 78 328 96 8
D 326 45 2 239 327 244 8
D 337 111 2 174 314 185 8
D 336 109 2 186 337 172 8
D 335 107 2 167 336 187 8
D 334 103 2 162 335 189 8
D 333 99 2 147 334 191 8
D 338 83 2 133 286 144 8
D 342 97 2 157 156 155 8
D 341 95 2 153 342 158 8
D 340 93 2 148 341 159 8
D 345 97 2 157 194 155 29
D 344 95 2 153 345 158 29
D 343 93 2 148 344 159 29
D 339 99 2 340 161 343 8
D 348 87 2 142 141 140 8
D 347 85 2 138 348 143 265
D 346 83 3 133 347 319 289 320 29
D 332 89 7 132 333 338 339 228 309 260 277 284 252 315 219 346 8
D 331 79 2 120 332 199 8
D 351 73 2 122 130 124 8
D 352 73 2 122 123 124 29
D 350 75 2 351 125 352 8
D 353 75 3 121 325 351 200 124 29
D 349 79 4 350 131 322 218 294 251 353 8
D 330 71 5 102 331 290 349 213 307 246 275 298 8
L 359 58 29
D 358 57 2 90 359 92 8
D 357 55 2 88 358 93 8
D 356 53 2 83 357 94 8
D 355 49 2 78 356 96 8
D 354 45 2 239 355 244 8
D 366 105 2 168 188 170 8
D 367 109 2 172 337 186 8
D 368 105 2 168 169 170 29
D 365 107 2 366 367 368 8
D 364 103 2 162 365 189 8
D 363 99 2 147 364 191 8
D 372 97 2 155 194 157 8
D 371 95 2 153 372 158 8
D 370 93 2 148 371 159 8
D 375 97 2 155 156 157 194
D 374 95 2 153 375 158 29
D 373 93 2 148 374 159 29
D 369 99 3 370 161 340 220 373 8
D 362 89 7 132 363 338 369 228 333 260 309 284 277 315 252 346 8
D 361 79 2 120 362 199 8
D 378 73 2 124 123 122 8
D 379 73 2 124 130 122 29
D 377 75 2 378 125 379 8
D 381 73 2 124 123 122 130
D 382 73 2 124 130 122 8
D 380 75 3 121 325 381 200 382 29
D 376 79 5 377 131 350 218 322 251 294 276 380 8
D 360 71 5 102 361 290 376 213 331 246 307 298 8
D 387 57 2 92 91 90 8
D 386 55 2 88 387 93 8
D 385 53 2 83 386 94 8
D 384 49 2 78 385 96 8
D 383 45 2 239 384 244 8
D 394 105 2 170 169 168 8
D 395 105 2 170 188 168 29
D 393 107 2 394 367 395 8
D 392 103 2 162 393 189 8
D 391 99 2 147 392 191 8
D 398 95 2 158 154 153 8
D 397 93 2 148 398 159 8
D 400 95 2 153 375 158 193
D 399 93 2 148 400 159 29
D 396 99 4 397 161 370 220 340 253 399 8
D 390 89 7 132 391 338 396 228 363 260 333 284 309 315 277 346 8
D 389 79 2 120 390 199 8
D 402 61 2 106 105 104 8
D 403 61 2 106 118 104 29
D 401 63 2 402 291 403 8
D 404 79 5 377 218 350 251 294 308 322 276 380 8
D 407 67 2 110 269 115 29
D 406 65 2 108 407 116 29
D 405 63 3 103 299 402 406 118 29
D 388 71 6 102 389 401 119 290 404 213 361 246 331 405 8
D 412 57 2 90 359 92 29
D 411 55 2 88 412 93 29
D 414 57 2 90 91 92 359
D 413 55 2 93 412 88 414
D 410 53 3 242 411 83 413 95 29
D 415 47 2 81 80 79 97
D 416 53 2 83 411 94 29
D 417 47 2 81 97 79 8
D 409 49 3 78 410 415 416 417 29
D 418 41 2 76 209 71 72
D 419 49 2 78 416 96 29
D 420 41 2 71 99 76 100
D 408 45 3 239 409 418 419 420 29
D 68 59 9 69 101 207 212 238 245 270 274 302 306 326 330 354 360 383 388 408 8
D 424 31 2 53 62 51 8
D 425 31 2 53 52 51 29
D 423 33 2 424 54 425 8
D 422 29 2 45 423 63 8
D 421 25 2 37 422 65 8
D 429 43 2 73 100 75 8
D 428 41 2 76 429 71 8
D 431 43 2 73 74 75 29
D 430 41 2 76 431 71 29
D 427 45 2 428 77 430 8
D 437 91 2 149 160 151 8
D 438 91 2 149 150 151 29
D 436 93 2 437 152 438 8
D 439 93 3 148 400 437 192 151 29
D 435 99 5 436 161 397 220 370 253 340 278 439 8
D 442 101 2 163 190 165 8
D 443 107 2 167 367 187 8
D 444 101 2 163 164 165 29
D 441 103 2 442 443 444 8
D 440 99 2 147 441 191 8
D 434 89 7 338 435 228 391 132 440 260 363 284 333 315 309 346 8
D 433 79 2 120 434 199 8
D 445 79 5 377 251 294 332 322 308 350 276 380 8
D 447 61 2 104 118 106 8
D 448 61 2 104 105 106 29
D 446 63 2 447 291 448 8
D 450 61 2 106 105 104 118
D 451 61 2 106 118 104 8
D 449 63 3 103 299 450 406 451 29
D 432 71 7 102 433 290 445 213 389 446 119 246 361 401 217 449 8
D 454 43 2 75 74 73 100
D 453 41 2 76 454 71 72
D 456 43 2 75 100 73 8
D 455 41 2 76 456 71 99
D 452 45 3 239 409 453 419 455 29
D 426 59 10 427 101 69 212 207 245 238 274 270 306 302 330 326 360 354 388 383 432 452 8
D 458 21 2 43 39 38 8
D 461 31 2 53 52 51 8
D 462 31 2 53 62 51 29
D 460 33 2 461 54 462 8
D 459 29 2 45 460 63 8
D 463 21 2 43 66 38 29
D 457 25 2 458 459 463 8
D 468 51 2 84 95 86 8
D 469 51 2 84 85 86 29
D 467 53 2 468 87 469 8
D 466 49 2 78 467 96 8
D 465 45 2 239 466 244 8
D 471 79 5 322 332 294 362 350 308 377 276 380 8
D 476 91 2 151 150 149 8
D 477 91 2 151 160 149 29
D 475 93 2 476 152 477 8
D 479 91 2 151 150 149 160
D 480 91 2 151 160 149 8
D 478 93 3 148 400 479 192 480 29
D 474 99 6 475 161 436 220 397 253 370 278 340 310 478 8
D 483 101 2 165 164 163 8
D 484 101 2 165 190 163 29
D 482 103 2 483 443 484 8
D 481 99 2 147 482 191 8
D 473 89 7 338 474 260 391 228 440 284 363 132 481 315 333 346 8
D 472 79 2 120 473 199 8
D 486 65 2 116 292 108 8
D 485 63 2 103 486 117 8
D 488 65 2 108 300 116 407
D 487 63 3 103 488 450 406 451 29
D 470 71 8 290 471 102 472 213 433 246 389 485 119 401 250 446 217 487 8
D 492 51 2 86 85 84 95
D 493 51 2 86 95 84 8
D 491 53 3 492 411 83 413 493 29
D 490 49 3 415 416 78 491 417 29
D 489 45 3 453 419 239 490 455 29
D 464 59 11 465 101 427 212 69 245 207 274 238 306 270 330 302 360 326 388 354 432 383 470 489 8
D 496 23 2 40 67 42 8
D 495 21 2 38 496 43 8
D 498 23 2 40 41 42 29
D 497 21 2 38 498 43 29
D 494 25 2 495 459 497 8
D 501 79 5 350 332 322 362 294 390 377 308 380 8
D 504 99 6 475 220 436 253 397 278 370 310 340 334 478 8
D 506 85 2 143 265 138 141
D 505 83 3 133 506 319 289 320 29
D 503 89 6 338 504 284 391 260 440 315 363 228 481 505 8
D 502 79 2 120 503 199 8
D 500 71 8 290 501 213 472 246 433 102 502 401 275 446 250 485 217 487 8
D 499 59 11 465 212 427 245 69 274 207 306 238 330 270 360 302 388 326 432 354 470 383 500 489 8
D 509 23 2 42 41 40 8
D 508 21 2 38 509 43 8
D 511 23 2 42 67 40 29
D 510 21 2 38 511 43 29
D 507 25 2 508 459 510 8
D 514 79 5 377 332 350 362 322 390 294 434 380 8
D 517 99 6 475 253 436 278 397 310 370 334 340 364 478 8
D 518 83 3 319 289 133 265 320 29
D 516 89 5 338 517 315 391 284 440 260 481 518 8
D 515 79 2 120 516 199 8
D 513 71 8 290 514 246 472 213 502 102 515 401 307 446 275 485 250 487 8
D 512 59 11 465 245 427 274 69 306 207 330 238 360 270 388 302 432 326 470 354 500 383 513 489 8
D 521 27 2 48 47 46 8
D 522 27 2 48 64 46 29
D 520 29 2 521 460 522 8
D 519 25 2 37 520 65 8
D 525 79 5 377 362 350 390 322 434 294 473 380 8
D 528 99 6 475 278 436 310 397 334 370 364 340 392 478 8
D 530 81 2 136 135 134 29
D 529 83 2 530 289 320 29
D 527 89 4 315 440 338 528 284 481 529 8
D 526 79 2 120 527 199 8
D 524 71 8 290 525 246 502 213 515 102 526 401 331 446 307 485 275 487 8
D 523 59 11 465 274 427 306 69 330 207 360 238 388 270 432 302 470 326 500 354 513 383 524 489 8
D 533 27 2 46 64 48 8
D 534 27 2 46 47 48 29
D 532 29 2 533 460 534 8
D 531 25 2 37 532 65 8
D 537 79 5 377 390 350 434 322 473 294 503 380 8
D 540 99 6 475 310 436 334 397 364 370 392 340 441 478 8
D 541 83 2 135 289 145 29
D 539 89 3 315 481 338 540 541 8
D 538 79 2 120 539 199 8
D 536 71 8 290 537 401 361 246 515 213 526 446 331 102 538 485 307 487 8
D 535 59 11 465 306 427 330 69 360 207 388 238 432 270 470 302 500 326 513 354 524 383 536 489 8
D 545 35 2 60 56 55 8
D 544 33 2 461 545 462 8
D 543 29 2 45 544 63 8
D 542 25 2 37 543 65 8
D 548 79 5 377 434 350 473 322 503 294 516 380 8
D 551 99 6 475 334 436 364 397 392 370 441 340 482 478 8
D 552 83 2 133 289 144 29
D 550 89 2 338 551 552 8
D 549 79 2 120 550 199 8
D 547 71 8 290 548 401 389 446 361 246 526 485 331 213 538 102 549 487 8
D 546 59 11 465 330 427 360 69 388 207 432 238 470 270 500 302 513 326 524 354 536 383 547 489 8
D 557 37 2 59 58 57 8
D 556 35 2 55 557 60 8
D 555 33 2 461 556 462 8
D 554 29 2 45 555 63 8
D 553 25 2 37 554 65 8
D 560 79 5 377 473 350 503 322 516 294 527 380 8
D 566 97 2 155 156 157 29
D 565 95 2 153 566 158 193
D 564 93 3 148 565 479 192 480 29
D 563 99 5 475 364 436 392 397 441 370 482 564 8
D 562 89 2 338 563 552 8
D 561 79 2 120 562 199 8
D 559 71 8 290 560 401 433 446 389 485 361 246 538 213 549 102 561 487 8
D 558 59 11 465 360 427 388 69 432 207 470 238 500 270 513 302 524 326 536 354 547 383 559 489 8
L 572 38 20
D 571 37 2 57 572 59 8
D 570 35 2 55 571 60 8
D 569 33 2 461 570 462 8
D 568 29 2 45 569 63 8
D 567 25 2 37 568 65 8
D 575 79 5 377 503 350 516 322 527 294 539 380 8
D 580 95 2 158 193 153 29
D 579 93 3 148 580 479 192 480 29
D 578 99 4 475 392 436 441 397 482 579 8
D 577 89 2 338 578 552 8
D 576 79 2 120 577 199 8
D 574 71 8 290 575 401 472 446 433 485 389 246 549 213 561 102 576 487 8
D 573 59 11 465 388 427 432 69 470 207 500 238 513 270 524 302 536 326 547 354 559 383 574 489 8
D 583 23 2 42 41 40 67
D 582 21 2 38 583 43 39
D 587 37 2 57 572 59 29
D 586 35 2 55 587 60 29
D 585 33 2 461 586 462 29
D 584 29 2 45 585 63 29
D 589 27 2 48 47 46 64
D 591 31 2 51 52 53 62
D 593 37 2 57 58 59 572
D 592 35 2 60 587 55 593
D 594 31 2 51 62 53 8
D 590 33 3 591 586 461 592 594 29
D 595 27 2 48 64 46 8
D 588 29 3 589 585 45 590 595 29
D 597 23 2 42 67 40 8
D 596 21 2 38 597 43 66
D 581 25 3 582 584 37 588 596 29
D 35 39 11 36 68 421 426 457 464 494 499 507 512 519 523 531 535 542 546 553 558 567 573 581 8
D 600 3 2 5 34 7 8
D 599 1 2 3 600 9 8
D 603 11 2 17 28 19 8
D 604 11 2 17 18 19 29
D 602 13 2 603 20 604 8
D 601 9 2 11 602 30 8
D 606 3 2 5 6 7 29
D 605 1 2 3 606 9 29
D 598 5 2 599 601 605 8
D 610 79 5 377 516 350 527 322 539 294 550 380 8
D 615 91 2 149 150 151 160
D 614 93 2 479 192 615 29
D 613 99 3 475 441 436 482 614 8
D 612 89 2 338 613 552 8
D 611 79 2 120 612 199 8
D 609 71 8 290 610 446 472 485 433 401 502 246 561 213 576 102 611 487 8
D 608 59 11 465 432 427 470 69 500 207 513 238 524 270 536 302 547 326 559 354 574 383 609 489 8
D 607 39 11 36 426 421 464 457 499 494 512 507 523 519 535 531 546 542 558 553 573 567 608 581 8
D 617 1 2 9 4 3 8
D 618 1 2 9 33 3 29
D 616 5 2 617 601 618 8
D 622 79 5 377 527 350 539 322 550 294 562 380 8
D 626 93 2 476 192 477 29
D 625 99 2 475 482 626 8
D 624 89 2 338 625 552 8
D 623 79 2 120 624 199 8
D 621 71 8 485 472 290 622 446 502 401 515 246 576 213 611 102 623 487 8
D 620 59 11 465 470 427 500 69 513 207 524 238 536 270 547 302 559 326 574 354 609 383 621 489 8
D 619 39 11 36 464 421 499 457 512 494 523 507 535 519 546 531 558 542 573 553 608 567 620 581 8
D 629 3 2 7 6 5 8
D 628 1 2 3 629 9 8
D 631 3 2 7 34 5 29
D 630 1 2 3 631 9 29
D 627 5 2 628 601 630 8
D 635 79 5 377 539 350 550 322 562 294 577 380 8
D 638 67 2 115 269 110 112
D 637 65 2 108 638 116 407
D 636 63 3 103 637 450 406 451 29
D 634 71 7 485 502 290 635 446 515 401 526 246 611 213 623 636 8
D 633 59 11 465 500 427 513 69 524 207 536 238 547 270 559 302 574 326 609 354 621 383 634 489 8
D 632 39 11 36 499 421 512 457 523 494 535 507 546 519 558 531 573 542 608 553 620 567 633 581 8
D 642 11 2 19 28 17 8
D 643 11 2 19 18 17 29
D 641 13 2 642 20 643 8
D 640 9 2 11 641 30 8
D 639 5 2 2 640 32 8
D 647 79 5 377 550 350 562 322 577 294 612 380 8
D 649 65 2 116 407 108 269
D 648 63 3 103 649 450 406 451 29
D 646 71 6 485 515 290 647 446 526 401 538 246 623 648 8
D 645 59 11 465 513 427 524 69 536 207 547 238 559 270 574 302 609 326 621 354 634 383 646 489 8
D 644 39 11 36 512 421 523 457 535 494 546 507 558 519 573 531 608 542 620 553 633 567 645 581 8
D 652 7 2 14 13 12 8
D 653 7 2 14 31 12 29
D 651 9 2 652 602 653 8
D 650 5 2 2 651 32 8
D 657 79 5 377 562 350 577 322 612 294 624 380 8
D 658 63 3 450 406 103 407 451 29
D 656 71 5 485 526 290 657 446 538 401 549 658 8
D 655 59 11 465 524 427 536 69 547 207 559 238 574 270 609 302 621 326 634 354 646 383 656 489 8
D 654 39 11 36 523 421 535 457 546 494 558 507 573 519 608 531 620 542 633 553 645 567 655 581 8
D 661 7 2 12 31 14 8
D 662 7 2 12 13 14 29
D 660 9 2 661 602 662 8
D 659 5 2 2 660 32 8
D 668 77 2 126 127 128 29
D 667 75 3 121 668 381 200 382 29
D 666 79 4 377 577 350 612 322 624 667 8
D 665 71 5 485 538 290 666 446 549 401 561 658 8
D 664 59 11 465 536 427 547 69 559 207 574 238 609 270 621 302 634 326 646 354 656 383 665 489 8
D 663 39 11 36 535 421 546 457 558 494 573 507 608 519 620 531 633 542 645 553 655 567 664 581 8
D 672 15 2 26 22 21 8
D 671 13 2 603 672 604 8
D 670 9 2 11 671 30 8
D 669 5 2 2 670 32 8
D 678 73 2 122 123 124 130
D 677 75 2 381 200 678 29
D 676 79 3 377 612 350 624 677 8
D 675 71 5 485 549 290 676 446 561 401 576 658 8
D 674 59 11 465 547 427 559 69 574 207 609 238 621 270 634 302 646 326 656 354 665 383 675 489 8
D 673 39 11 36 546 421 558 457 573 494 608 507 620 519 633 531 645 542 655 553 664 567 674 581 8
L 684 18 9
D 683 17 2 23 684 25 8
D 682 15 2 21 683 26 8
D 681 13 2 603 682 604 8
D 680 9 2 11 681 30 8
D 679 5 2 2 680 32 8
D 689 75 2 378 200 379 29
D 688 79 2 377 624 689 8
D 687 71 5 485 561 290 688 446 576 401 611 658 8
D 686 59 11 465 559 427 574 69 609 207 621 238 634 270 646 302 656 326 665 354 675 383 687 489 8
D 685 39 11 36 558 421 573 457 608 494 620 507 633 519 645 531 655 542 664 553 674 567 686 581 8
D 694 17 2 25 24 23 8
D 693 15 2 21 694 26 8
D 692 13 2 603 693 604 8
D 691 9 2 11 692 30 8
D 690 5 2 2 691 32 8
D 699 65 2 116 407 108 29
D 698 63 3 450 406 103 699 451 29
D 697 71 4 485 576 446 611 401 623 698 8
D 696 59 11 465 574 427 609 69 621 207 634 238 646 270 656 302 665 326 675 354 687 383 697 489 8
D 695 39 11 36 573 421 608 457 620 494 633 507 645 519 655 531 664 542 674 553 686 567 696 581 8
D 704 17 2 23 24 25 684
D 705 17 2 23 684 25 29
D 703 15 2 21 704 26 705
D 706 11 2 19 28 17 18
D 707 15 2 21 705 26 29
D 708 11 2 19 18 17 8
D 702 13 3 603 703 706 707 708 29
D 709 7 2 14 13 12 31
D 710 13 2 603 707 604 29
D 711 7 2 14 31 12 8
D 701 9 3 11 702 709 710 711 29
D 713 3 2 7 6 5 34
D 712 1 2 3 713 9 4
D 714 9 2 11 710 30 29
D 716 3 2 7 34 5 8
D 715 1 2 3 716 9 33
D 700 5 3 2 701 712 714 715 29
D 0 19 11 1 35 598 607 616 619 627 632 639 644 650 654 659 663 669 673 679 685 690 695 700 8
