c ids of sdd nodes start at 0
c sdd nodes appear bottom-up, children before parents
c
c file syntax:
c sdd count-of-sdd-nodes
c F id-of-false-sdd-node
c T id-of-true-sdd-node
c L id-of-literal-sdd-node id-of-vtree literal
c D id-of-decomposition-sdd-node id-of-vtree number-of-elements {id-of-prime id-of-sub}*
c
sdd 716
L 3 0 -3
L 5 2 -4
L 6 4 -2
L 7 2 4
F 8
D 4 3 2 5 6 7 8
L 9 0 3
D 2 1 2 3 4 9 8
L 12 6 -6
L 13 8 -7
L 14 6 6
D 11 7 2 12 13 14 8
L 17 10 -5
L 18 12 1
L 19 10 5
D 16 11 2 17 18 19 8
L 21 14 -8
L 23 16 -10
L 24 18 -9
L 25 16 10
D 22 17 2 23 24 25 8
L 26 14 8
D 20 15 2 21 22 26 8
L 28 12 -1
T 29
D 27 11 2 17 28 19 29
D 15 13 2 16 20 27 8
L 31 8 7
D 30 7 2 12 31 14 29
D 10 9 2 11 15 30 8
L 34 4 2
D 33 3 2 5 34 7 29
D 32 1 2 3 33 9 29
D 1 5 2 2 10 32 8
L 38 20 -13
L 40 22 -15
L 41 24 -14
L 42 22 15
D 39 23 2 40 41 42 8
L 43 20 13
D 37 21 2 38 39 43 8
L 46 26 -16
L 47 28 -17
L 48 26 16
D 45 27 2 46 47 48 8
L 51 30 11
L 52 32 -12
L 53 30 -11
D 50 31 2 51 52 53 8
L 55 34 -18
L 57 36 -19
L 58 38 -20
L 59 36 19
D 56 37 2 57 58 59 8
L 60 34 18
D 54 35 2 55 56 60 8
L 62 32 12
D 61 31 2 51 62 53 29
D 49 33 2 50 54 61 8
L 64 28 17
D 63 27 2 46 64 48 29
D 44 29 2 45 49 63 8
L 67 24 14
D 66 23 2 40 67 42 29
D 65 21 2 38 66 43 29
D 36 25 2 37 44 65 8
L 71 40 -23
L 73 42 24
L 74 44 -22
L 75 42 -24
D 72 43 2 73 74 75 8
L 76 40 23
D 70 41 2 71 72 76 8
L 79 46 -26
L 80 48 -27
L 81 46 26
D 78 47 2 79 80 81 8
L 84 50 -25
L 85 52 -21
L 86 50 25
D 83 51 2 84 85 86 8
L 88 54 -28
L 90 56 -30
L 91 58 -29
L 92 56 30
D 89 57 2 90 91 92 8
L 93 54 28
D 87 55 2 88 89 93 8
L 95 52 21
D 94 51 2 84 95 86 29
D 82 53 2 83 87 94 8
L 97 48 27
D 96 47 2 79 97 81 29
D 77 49 2 78 82 96 8
L 100 44 22
D 99 43 2 73 100 75 29
D 98 41 2 71 99 76 29
D 69 45 2 70 77 98 8
L 104 60 -33
L 105 62 -32
L 106 60 33
D 103 61 2 104 105 106 8
L 108 64 -31
L 110 66 -38
L 112 68 40
L 113 70 -39
L 114 68 -40
D 111 69 2 112 113 114 8
L 115 66 38
D 109 67 2 110 111 115 8
L 116 64 31
D 107 65 2 108 109 116 8
L 118 62 32
D 117 61 2 104 118 106 29
D 102 63 2 103 107 117 8
L 122 72 -34
L 123 74 -35
L 124 72 34
D 121 73 2 122 123 124 8
L 126 76 -37
L 127 78 -36
L 128 76 37
D 125 77 2 126 127 128 8
L 130 74 35
D 129 73 2 122 130 124 29
D 120 75 2 121 125 129 8
L 134 80 -46
L 135 82 -47
L 136 80 46
D 133 81 2 134 135 136 8
L 138 84 -48
L 140 86 -49
L 141 88 50
L 142 86 49
D 139 87 2 140 141 142 8
L 143 84 48
D 137 85 2 138 139 143 8
L 145 82 47
D 144 81 2 134 145 136 29
D 132 83 2 133 137 144 8
L 149 90 -41
L 150 92 -42
L 151 90 41
D 148 91 2 149 150 151 8
L 153 94 -43
L 155 96 -45
L 156 98 -44
L 157 96 45
D 154 97 2 155 156 157 8
L 158 94 43
D 152 95 2 153 154 158 8
L 160 92 42
D 159 91 2 149 160 151 29
D 147 93 2 148 152 159 8
L 163 100 -51
L 164 102 -52
L 165 100 51
D 162 101 2 163 164 165 8
L 168 104 -53
L 169 106 -54
L 170 104 53
D 167 105 2 168 169 170 8
L 172 108 -55
L 174 110 -56
L 176 112 -57
L 178 114 -58
L 180 116 -59
L 181 118 60
L 182 116 59
D 179 117 2 180 181 182 8
L 183 114 58
D 177 115 2 178 179 183 8
L 184 112 57
D 175 113 2 176 177 184 8
L 185 110 56
D 173 111 2 174 175 185 8
L 186 108 55
D 171 109 2 172 173 186 8
L 188 106 54
D 187 105 2 168 188 170 29
D 166 107 2 167 171 187 8
L 190 102 52
D 189 101 2 163 190 165 29
D 161 103 2 162 166 189 8
L 194 98 44
D 193 97 2 155 194 157 29
D 192 95 2 153 193 158 29
D 191 93 2 148 192 159 29
D 146 99 2 147 161 191 8
L 198 88 -50
D 197 87 2 140 198 142 29
D 196 85 2 138 197 143 29
D 195 83 2 133 196 144 29
D 131 89 2 132 146 195 8
L 201 78 36
D 200 77 2 126 201 128 29
D 199 75 2 121 200 129 29
D 119 79 2 120 131 199 8
L 206 70 39
D 205 69 2 112 206 114 29
D 204 67 2 110 205 115 29
D 203 65 2 108 204 116 29
D 202 63 2 103 203 117 29
D 101 71 2 102 119 202 8
D 209 43 2 75 74 73 8
D 208 41 2 71 209 76 8
D 212 51 2 86 85 84 8
D 213 51 2 86 95 84 29
D 211 53 2 212 87 213 8
D 210 49 2 78 211 96 8
D 215 43 2 75 100 73 29
D 214 41 2 71 215 76 29
D 207 45 2 208 210 214 8
D 220 69 2 114 206 112 8
D 219 67 2 110 220 115 8
D 218 65 2 108 219 116 8
D 217 63 2 103 218 117 8
L 231 118 -60
D 230 117 2 182 231 180 8
D 229 115 2 178 230 183 8
D 228 113 2 176 229 184 8
D 227 111 2 174 228 185 8
D 226 109 2 172 227 186 8
D 225 107 2 167 226 187 8
D 224 103 2 162 225 189 8
D 223 99 2 147 224 191 8
D 234 87 2 142 198 140 8
D 233 85 2 138 234 143 8
D 232 83 2 133 233 144 8
D 237 87 2 140 198 142 141
D 236 85 2 138 237 143 29
D 235 83 2 133 236 144 29
D 222 89 3 132 223 232 146 235 8
D 221 79 2 120 222 199 8
D 241 69 2 114 113 112 206
D 240 67 2 110 241 115 29
D 239 65 2 108 240 116 29
D 238 63 2 103 239 117 29
D 216 71 3 217 119 102 221 238 8
D 244 47 2 81 80 79 8
D 245 47 2 81 97 79 29
D 243 49 2 244 82 245 8
D 242 45 2 208 243 214 8
D 250 69 2 114 113 112 8
D 249 67 2 115 250 110 8
D 248 65 2 108 249 116 8
D 247 63 2 103 248 117 8
D 260 117 2 180 231 182 8
D 259 115 2 183 260 178 8
D 258 113 2 176 259 184 8
D 257 111 2 174 258 185 8
D 256 109 2 172 257 186 8
D 255 107 2 167 256 187 8
D 254 103 2 162 255 189 8
D 253 99 2 147 254 191 8
D 263 87 2 140 198 142 8
D 262 85 2 143 263 138 8
D 261 83 2 133 262 144 8
D 266 87 2 140 141 142 29
D 265 85 2 138 237 143 266
D 264 83 2 133 265 144 29
D 252 89 4 132 253 232 223 261 146 264 8
D 251 79 2 120 252 199 8
D 270 69 2 114 206 112 29
D 269 67 2 110 241 115 270
D 268 65 2 108 269 116 29
D 267 63 2 103 268 117 29
D 246 71 4 247 119 102 251 217 221 267 8
D 273 47 2 79 97 81 8
D 274 47 2 79 80 81 29
D 272 49 2 273 82 274 8
D 271 45 2 208 272 214 8
D 284 115 2 178 260 183 8
D 283 113 2 184 284 176 8
D 282 111 2 174 283 185 8
D 281 109 2 172 282 186 8
D 280 107 2 167 281 187 8
D 279 103 2 162 280 189 8
D 278 99 2 147 279 191 8
D 286 81 2 134 145 136 8
D 287 85 2 138 263 143 8
D 288 81 2 134 135 136 29
D 285 83 2 286 287 288 8
D 290 85 2 138 266 143 29
D 289 83 3 133 265 286 290 136 29
D 277 89 5 132 278 232 253 261 223 285 146 289 8
D 276 79 2 120 277 199 8
D 293 67 2 110 250 115 8
D 292 65 2 108 293 116 8
D 291 63 2 103 292 117 8
D 296 77 2 128 127 126 8
D 295 75 2 121 296 129 8
D 298 77 2 128 201 126 29
D 297 75 2 121 298 129 29
D 294 79 2 295 131 297 8
D 302 69 2 112 206 114 8
D 301 67 2 110 302 115 270
D 300 65 2 108 301 116 29
D 299 63 2 103 300 117 29
D 275 71 5 102 276 217 251 247 221 291 294 299 8
D 306 55 2 93 89 88 8
D 305 53 2 83 306 94 8
D 304 49 2 78 305 96 8
D 303 45 2 208 304 214 8
D 315 113 2 176 284 184 8
D 314 111 2 185 315 174 8
D 313 109 2 172 314 186 8
D 312 107 2 167 313 187 8
D 311 103 2 162 312 189 8
D 310 99 2 147 311 191 8
D 317 81 2 136 135 134 8
D 318 81 2 136 145 134 29
D 316 83 2 317 287 318 8
D 320 81 2 136 135 134 145
D 321 81 2 136 145 134 8
D 319 83 3 133 265 320 290 321 29
D 309 89 6 132 310 232 278 261 253 285 223 316 146 319 8
D 308 79 2 120 309 199 8
D 324 77 2 126 201 128 8
D 323 75 2 121 324 129 8
D 326 77 2 126 127 128 201
D 325 75 2 121 326 129 29
D 322 79 3 323 131 295 222 325 8
D 307 71 5 102 308 291 322 217 276 247 251 299 8
L 332 58 29
D 331 57 2 90 332 92 8
D 330 55 2 88 331 93 8
D 329 53 2 83 330 94 8
D 328 49 2 78 329 96 8
D 327 45 2 208 328 214 8
D 340 111 2 174 315 185 8
D 339 109 2 186 340 172 8
D 338 107 2 167 339 187 8
D 337 103 2 162 338 189 8
D 336 99 2 147 337 191 8
D 341 83 2 133 287 144 8
D 345 97 2 157 156 155 8
D 344 95 2 153 345 158 8
D 343 93 2 148 344 159 8
D 348 97 2 157 194 155 29
D 347 95 2 153 348 158 29
D 346 93 2 148 347 159 29
D 342 99 2 343 161 346 8
D 351 87 2 142 141 140 8
D 350 85 2 138 351 143 266
D 349 83 3 133 350 320 290 321 29
D 335 89 7 132 336 341 342 232 310 261 278 285 253 316 223 349 8
D 334 79 2 120 335 199 8
D 354 73 2 122 130 124 8
D 355 73 2 122 123 124 29
D 353 75 2 354 125 355 8
D 356 75 3 121 326 354 200 124 29
D 352 79 4 353 131 323 222 295 252 356 8
D 333 71 5 102 334 291 352 217 308 247 276 299 8
D 361 57 2 92 91 90 8
D 360 55 2 88 361 93 8
D 359 53 2 83 360 94 8
D 358 49 2 78 359 96 8
D 357 45 2 208 358 214 8
D 368 105 2 168 188 170 8
D 369 109 2 172 340 186 8
D 370 105 2 168 169 170 29
D 367 107 2 368 369 370 8
D 366 103 2 162 367 189 8
D 365 99 2 147 366 191 8
D 374 97 2 155 194 157 8
D 373 95 2 153 374 158 8
D 372 93 2 148 373 159 8
D 377 97 2 155 156 157 194
D 376 95 2 153 377 158 29
D 375 93 2 148 376 159 29
D 371 99 3 372 161 343 224 375 8
D 364 89 7 132 365 341 371 232 336 261 310 285 278 316 253 349 8
D 363 79 2 120 364 199 8
D 380 73 2 124 123 122 8
D 381 73 2 124 130 122 29
D 379 75 2 380 125 381 8
D 383 73 2 124 123 122 130
D 384 73 2 124 130 122 8
D 382 75 3 121 326 383 200 384 29
D 378 79 5 379 131 353 222 323 252 295 277 382 8
D 362 71 5 102 363 291 378 217 334 247 308 299 8
D 389 57 2 90 332 92 29
D 388 55 2 88 389 93 29
D 391 57 2 90 91 92 332
D 390 55 2 93 389 88 391
D 387 53 3 212 388 83 390 95 29
D 392 47 2 81 80 79 97
D 393 53 2 83 388 94 29
D 394 47 2 81 97 79 8
D 386 49 3 78 387 392 393 394 29
D 395 49 2 78 393 96 29
D 396 41 2 71 100 76 29
D 385 45 3 208 386 70 395 396 29
D 68 59 8 69 101 207 216 242 246 271 275 303 307 327 333 357 362 385 8
D 400 31 2 53 62 51 8
D 401 31 2 53 52 51 29
D 399 33 2 400 54 401 8
D 398 29 2 45 399 63 8
D 397 25 2 37 398 65 8
D 404 41 2 76 209 71 8
D 405 41 2 76 215 71 29
D 403 45 2 404 77 405 8
D 412 105 2 170 169 168 8
D 413 105 2 170 188 168 29
D 411 107 2 412 369 413 8
D 410 103 2 162 411 189 8
D 409 99 2 147 410 191 8
D 416 95 2 158 154 153 8
D 415 93 2 148 416 159 8
D 418 95 2 153 377 158 193
D 417 93 2 148 418 159 29
D 414 99 4 415 161 372 224 343 254 417 8
D 408 89 7 132 409 341 414 232 365 261 336 285 310 316 278 349 8
D 407 79 2 120 408 199 8
D 420 61 2 106 105 104 8
D 421 61 2 106 118 104 29
D 419 63 2 420 292 421 8
D 422 79 5 379 222 353 252 295 309 323 277 382 8
D 425 67 2 110 270 115 29
D 424 65 2 108 425 116 29
D 423 63 3 103 300 420 424 118 29
D 406 71 6 102 407 419 119 291 422 217 363 247 334 423 8
D 427 41 2 71 72 76 209
D 428 41 2 76 215 71 100
D 426 45 3 208 386 427 395 428 29
D 402 59 9 403 101 69 216 207 246 242 275 271 307 303 333 327 362 357 406 426 8
D 430 21 2 43 39 38 8
D 433 31 2 53 52 51 8
D 434 31 2 53 62 51 29
D 432 33 2 433 54 434 8
D 431 29 2 45 432 63 8
D 435 21 2 43 66 38 29
D 429 25 2 430 431 435 8
D 439 43 2 75 100 73 8
D 438 41 2 71 439 76 8
D 441 43 2 75 74 73 29
D 440 41 2 71 441 76 29
D 437 45 2 438 77 440 8
D 447 91 2 149 160 151 8
D 448 91 2 149 150 151 29
D 446 93 2 447 152 448 8
D 449 93 3 148 418 447 192 151 29
D 445 99 5 446 161 415 224 372 254 343 279 449 8
D 452 101 2 163 190 165 8
D 453 107 2 167 369 187 8
D 454 101 2 163 164 165 29
D 451 103 2 452 453 454 8
D 450 99 2 147 451 191 8
D 444 89 7 341 445 232 409 132 450 261 365 285 336 316 310 349 8
D 443 79 2 120 444 199 8
D 455 79 5 379 252 295 335 323 309 353 277 382 8
D 457 61 2 104 118 106 8
D 458 61 2 104 105 106 29
D 456 63 2 457 292 458 8
D 460 61 2 106 105 104 118
D 461 61 2 106 118 104 8
D 459 63 3 103 300 460 424 461 29
D 442 71 7 102 443 291 455 217 407 456 119 247 363 419 221 459 8
D 464 43 2 73 74 75 100
D 463 41 2 71 464 76 209
D 466 43 2 73 100 75 8
D 465 41 2 71 466 76 215
D 462 45 3 208 386 463 395 465 29
D 436 59 10 437 101 403 216 69 246 207 275 242 307 271 333 303 362 327 406 357 442 462 8
D 469 23 2 40 67 42 8
D 468 21 2 38 469 43 8
D 471 23 2 40 41 42 29
D 470 21 2 38 471 43 29
D 467 25 2 468 431 470 8
D 476 51 2 84 95 86 8
D 477 51 2 84 85 86 29
D 475 53 2 476 87 477 8
D 474 49 2 78 475 96 8
D 473 45 2 208 474 214 8
D 479 79 5 323 335 295 364 353 309 379 277 382 8
D 484 91 2 151 150 149 8
D 485 91 2 151 160 149 29
D 483 93 2 484 152 485 8
D 487 91 2 151 150 149 160
D 488 91 2 151 160 149 8
D 486 93 3 148 418 487 192 488 29
D 482 99 6 483 161 446 224 415 254 372 279 343 311 486 8
D 491 101 2 165 164 163 8
D 492 101 2 165 190 163 29
D 490 103 2 491 453 492 8
D 489 99 2 147 490 191 8
D 481 89 7 341 482 261 409 232 450 285 365 132 489 316 336 349 8
D 480 79 2 120 481 199 8
D 494 65 2 116 293 108 8
D 493 63 2 103 494 117 8
D 496 65 2 108 301 116 425
D 495 63 3 103 496 460 424 461 29
D 478 71 8 291 479 102 480 217 443 247 407 493 119 419 251 456 221 495 8
D 500 51 2 86 85 84 95
D 501 51 2 86 95 84 8
D 499 53 3 500 388 83 390 501 29
D 498 49 3 392 393 78 499 394 29
D 497 45 3 463 395 208 498 465 29
D 472 59 11 473 101 437 216 403 246 69 275 207 307 242 333 271 362 303 406 327 442 357 478 497 8
D 504 23 2 42 41 40 8
D 503 21 2 38 504 43 8
D 506 23 2 42 67 40 29
D 505 21 2 38 506 43 29
D 502 25 2 503 431 505 8
D 509 79 5 353 335 323 364 295 408 379 309 382 8
D 512 99 6 483 224 446 254 415 279 372 311 343 337 486 8
D 514 85 2 143 266 138 141
D 513 83 3 133 514 320 290 321 29
D 511 89 6 341 512 285 409 261 450 316 365 232 489 513 8
D 510 79 2 120 511 199 8
D 508 71 8 291 509 217 480 247 443 102 510 419 276 456 251 493 221 495 8
D 507 59 11 473 216 437 246 403 275 69 307 207 333 242 362 271 406 303 442 327 478 357 508 497 8
D 517 27 2 48 47 46 8
D 518 27 2 48 64 46 29
D 516 29 2 517 432 518 8
D 515 25 2 37 516 65 8
D 521 79 5 379 335 353 364 323 408 295 444 382 8
D 524 99 6 483 254 446 279 415 311 372 337 343 366 486 8
D 525 83 3 320 290 133 266 321 29
D 523 89 5 341 524 316 409 285 450 261 489 525 8
D 522 79 2 120 523 199 8
D 520 71 8 291 521 247 480 217 510 102 522 419 308 456 276 493 251 495 8
D 519 59 11 473 246 437 275 403 307 69 333 207 362 242 406 271 442 303 478 327 508 357 520 497 8
D 528 27 2 46 64 48 8
D 529 27 2 46 47 48 29
D 527 29 2 528 432 529 8
D 526 25 2 37 527 65 8
D 532 79 5 379 364 353 408 323 444 295 481 382 8
D 535 99 6 483 279 446 311 415 337 372 366 343 410 486 8
D 537 81 2 136 135 134 29
D 536 83 2 537 290 321 29
D 534 89 4 316 450 341 535 285 489 536 8
D 533 79 2 120 534 199 8
D 531 71 8 291 532 247 510 217 522 102 533 419 334 456 308 493 276 495 8
D 530 59 11 473 275 437 307 403 333 69 362 207 406 242 442 271 478 303 508 327 520 357 531 497 8
D 541 35 2 60 56 55 8
D 540 33 2 433 541 434 8
D 539 29 2 45 540 63 8
D 538 25 2 37 539 65 8
D 544 79 5 379 408 353 444 323 481 295 511 382 8
D 547 99 6 483 311 446 337 415 366 372 410 343 451 486 8
D 548 83 2 135 290 145 29
D 546 89 3 316 489 341 547 548 8
D 545 79 2 120 546 199 8
D 543 71 8 291 544 419 363 247 522 217 533 456 334 102 545 493 308 495 8
D 542 59 11 473 307 437 333 403 362 69 406 207 442 242 478 271 508 303 520 327 531 357 543 497 8
D 553 37 2 59 58 57 8
D 552 35 2 55 553 60 8
D 551 33 2 433 552 434 8
D 550 29 2 45 551 63 8
D 549 25 2 37 550 65 8
D 556 79 5 379 444 353 481 323 511 295 523 382 8
D 559 99 6 483 337 446 366 415 410 372 451 343 490 486 8
D 560 83 2 133 290 144 29
D 558 89 2 341 559 560 8
D 557 79 2 120 558 199 8
D 555 71 8 291 556 419 407 456 363 247 533 493 334 217 545 102 557 495 8
D 554 59 11 473 333 437 362 403 406 69 442 207 478 242 508 271 520 303 531 327 543 357 555 497 8
L 566 38 20
D 565 37 2 57 566 59 8
D 564 35 2 55 565 60 8
D 563 33 2 433 564 434 8
D 562 29 2 45 563 63 8
D 561 25 2 37 562 65 8
D 569 79 5 379 481 353 511 323 523 295 534 382 8
D 575 97 2 155 156 157 29
D 574 95 2 153 575 158 193
D 573 93 3 148 574 487 192 488 29
D 572 99 5 483 366 446 410 415 451 372 490 573 8
D 571 89 2 341 572 560 8
D 570 79 2 120 571 199 8
D 568 71 8 291 569 419 443 456 407 493 363 247 545 217 557 102 570 495 8
D 567 59 11 473 362 437 406 403 442 69 478 207 508 242 520 271 531 303 543 327 555 357 568 497 8
D 578 23 2 42 41 40 67
D 577 21 2 38 578 43 39
D 582 37 2 57 566 59 29
D 581 35 2 55 582 60 29
D 580 33 2 433 581 434 29
D 579 29 2 45 580 63 29
D 584 27 2 48 47 46 64
D 586 31 2 51 52 53 62
D 588 37 2 57 58 59 566
D 587 35 2 60 582 55 588
D 589 31 2 51 62 53 8
D 585 33 3 586 581 433 587 589 29
D 590 27 2 48 64 46 8
D 583 29 3 584 580 45 585 590 29
D 592 23 2 42 67 40 8
D 591 21 2 38 592 43 66
D 576 25 3 577 579 37 583 591 29
D 35 39 11 36 68 397 402 429 436 467 472 502 507 515 519 526 530 538 542 549 554 561 567 576 8
D 595 3 2 5 34 7 8
D 594 1 2 3 595 9 8
D 598 11 2 17 28 19 8
D 599 11 2 17 18 19 29
D 597 13 2 598 20 599 8
D 596 9 2 11 597 30 8
D 601 3 2 5 6 7 29
D 600 1 2 3 601 9 29
D 593 5 2 594 596 600 8
D 605 79 5 379 511 353 523 323 534 295 546 382 8
D 610 95 2 158 193 153 29
D 609 93 3 148 610 487 192 488 29
D 608 99 4 483 410 446 451 415 490 609 8
D 607 89 2 341 608 560 8
D 606 79 2 120 607 199 8
D 604 71 8 291 605 419 480 456 443 493 407 247 557 217 570 102 606 495 8
D 603 59 11 473 406 437 442 403 478 69 508 207 520 242 531 271 543 303 555 327 568 357 604 497 8
D 602 39 11 36 402 397 436 429 472 467 507 502 519 515 530 526 542 538 554 549 567 561 603 576 8
D 612 1 2 9 4 3 8
D 613 1 2 9 33 3 29
D 611 5 2 612 596 613 8
D 617 79 5 379 523 353 534 323 546 295 558 382 8
D 622 91 2 149 150 151 160
D 621 93 2 487 192 622 29
D 620 99 3 483 451 446 490 621 8
D 619 89 2 341 620 560 8
D 618 79 2 120 619 199 8
D 616 71 8 291 617 456 480 493 443 419 510 247 570 217 606 102 618 495 8
D 615 59 11 473 442 437 478 403 508 69 520 207 531 242 543 271 555 303 568 327 604 357 616 497 8
D 614 39 11 36 436 397 472 429 507 467 519 502 530 515 542 526 554 538 567 549 603 561 615 576 8
D 625 3 2 7 6 5 8
D 624 1 2 3 625 9 8
D 627 3 2 7 34 5 29
D 626 1 2 3 627 9 29
D 623 5 2 624 596 626 8
D 631 79 5 379 534 353 546 323 558 295 571 382 8
D 635 93 2 484 192 485 29
D 634 99 2 483 490 635 8
D 633 89 2 341 634 560 8
D 632 79 2 120 633 199 8
D 630 71 8 493 480 291 631 456 510 419 522 247 606 217 618 102 632 495 8
D 629 59 11 473 478 437 508 403 520 69 531 207 543 242 555 271 568 303 604 327 616 357 630 497 8
D 628 39 11 36 472 397 507 429 519 467 530 502 542 515 554 526 567 538 603 549 615 561 629 576 8
D 639 11 2 19 28 17 8
D 640 11 2 19 18 17 29
D 638 13 2 639 20 640 8
D 637 9 2 11 638 30 8
D 636 5 2 2 637 32 8
D 644 79 5 379 546 353 558 323 571 295 607 382 8
D 647 67 2 115 270 110 112
D 646 65 2 108 647 116 425
D 645 63 3 103 646 460 424 461 29
D 643 71 7 493 510 291 644 456 522 419 533 247 618 217 632 645 8
D 642 59 11 473 508 437 520 403 531 69 543 207 555 242 568 271 604 303 616 327 630 357 643 497 8
D 641 39 11 36 507 397 519 429 530 467 542 502 554 515 567 526 603 538 615 549 629 561 642 576 8
D 650 7 2 14 13 12 8
D 651 7 2 14 31 12 29
D 649 9 2 650 597 651 8
D 648 5 2 2 649 32 8
D 655 79 5 379 558 353 571 323 607 295 619 382 8
D 657 65 2 116 425 108 270
D 656 63 3 103 657 460 424 461 29
D 654 71 6 493 522 291 655 456 533 419 545 247 632 656 8
D 653 59 11 473 520 437 531 403 543 69 555 207 568 242 604 271 616 303 630 327 643 357 654 497 8
D 652 39 11 36 519 397 530 429 542 467 554 502 567 515 603 526 615 538 629 549 642 561 653 576 8
D 660 7 2 12 31 14 8
D 661 7 2 12 13 14 29
D 659 9 2 660 597 661 8
D 658 5 2 2 659 32 8
D 665 79 5 379 571 353 607 323 619 295 633 382 8
D 666 63 3 460 424 103 425 461 29
D 664 71 5 493 533 291 665 456 545 419 557 666 8
D 663 59 11 473 531 437 543 403 555 69 568 207 604 242 616 271 630 303 643 327 654 357 664 497 8
D 662 39 11 36 530 397 542 429 554 467 567 502 603 515 615 526 629 538 642 549 653 561 663 576 8
D 670 15 2 26 22 21 8
D 669 13 2 598 670 599 8
D 668 9 2 11 669 30 8
D 667 5 2 2 668 32 8
D 676 77 2 126 127 128 29
D 675 75 3 121 676 383 200 384 29
D 674 79 4 379 607 353 619 323 633 675 8
D 673 71 5 493 545 291 674 456 557 419 570 666 8
D 672 59 11 473 543 437 555 403 568 69 604 207 616 242 630 271 643 303 654 327 664 357 673 497 8
D 671 39 11 36 542 397 554 429 567 467 603 502 615 515 629 526 642 538 653 549 663 561 672 576 8
L 682 18 9
D 681 17 2 23 682 25 8
D 680 15 2 21 681 26 8
D 679 13 2 598 680 599 8
D 678 9 2 11 679 30 8
D 677 5 2 2 678 32 8
D 688 73 2 122 123 124 130
D 687 75 2 383 200 688 29
D 686 79 3 379 619 353 633 687 8
D 685 71 5 493 557 291 686 456 570 419 606 666 8
D 684 59 11 473 555 437 568 403 604 69 616 207 630 242 643 271 654 303 664 327 673 357 685 497 8
D 683 39 11 36 554 397 567 429 603 467 615 502 629 515 642 526 653 538 663 549 672 561 684 576 8
D 693 17 2 25 24 23 8
D 692 15 2 21 693 26 8
D 691 13 2 598 692 599 8
D 690 9 2 11 691 30 8
D 689 5 2 2 690 32 8
D 698 75 2 380 200 381 29
D 697 79 2 379 633 698 8
D 696 71 5 493 570 291 697 456 606 419 618 666 8
D 695 59 11 473 568 437 604 403 616 69 630 207 643 242 654 271 664 303 673 327 685 357 696 497 8
D 694 39 11 36 567 397 603 429 615 467 629 502 642 515 653 526 663 538 672 549 684 561 695 576 8
D 703 17 2 23 24 25 682
D 704 17 2 23 682 25 29
D 702 15 2 21 703 26 704
D 705 11 2 19 28 17 18
D 706 15 2 21 704 26 29
D 707 11 2 19 18 17 8
D 701 13 3 598 702 705 706 707 29
D 708 7 2 14 13 12 31
D 709 13 2 598 706 599 29
D 710 7 2 14 31 12 8
D 700 9 3 11 701 708 709 710 29
D 712 3 2 7 6 5 34
D 711 1 2 3 712 9 4
D 713 9 2 11 709 30 29
D 715 3 2 7 34 5 8
D 714 1 2 3 715 9 33
D 699 5 3 2 700 711 713 714 29
D 0 19 11 1 35 593 602 611 614 623 628 636 641 648 652 658 662 667 671 677 683 689 694 699 8
