c ids of sdd nodes start at 0
c sdd nodes appear bottom-up, children before parents
c
c file syntax:
c sdd count-of-sdd-nodes
c F id-of-false-sdd-node
c T id-of-true-sdd-node
c L id-of-literal-sdd-node id-of-vtree literal
c D id-of-decomposition-sdd-node id-of-vtree number-of-elements {id-of-prime id-of-sub}*
c
sdd 713
L 3 0 -3
L 5 2 -4
L 6 4 -2
L 7 2 4
F 8
D 4 3 2 5 6 7 8
L 9 0 3
D 2 1 2 3 4 9 8
L 12 6 -6
L 13 8 -7
L 14 6 6
D 11 7 2 12 13 14 8
L 17 10 -5
L 18 12 1
L 19 10 5
D 16 11 2 17 18 19 8
L 21 14 -8
L 23 16 -10
L 24 18 -9
L 25 16 10
D 22 17 2 23 24 25 8
L 26 14 8
D 20 15 2 21 22 26 8
L 28 12 -1
T 29
D 27 11 2 17 28 19 29
D 15 13 2 16 20 27 8
L 31 8 7
D 30 7 2 12 31 14 29
D 10 9 2 11 15 30 8
L 34 4 2
D 33 3 2 5 34 7 29
D 32 1 2 3 33 9 29
D 1 5 2 2 10 32 8
L 38 20 -13
L 40 22 -15
L 41 24 -14
L 42 22 15
D 39 23 2 40 41 42 8
L 43 20 13
D 37 21 2 38 39 43 8
L 46 26 -16
L 47 28 -17
L 48 26 16
D 45 27 2 46 47 48 8
L 51 30 11
L 52 32 -12
L 53 30 -11
D 50 31 2 51 52 53 8
L 55 34 -18
L 57 36 -19
L 58 38 -20
L 59 36 19
D 56 37 2 57 58 59 8
L 60 34 18
D 54 35 2 55 56 60 8
L 62 32 12
D 61 31 2 51 62 53 29
D 49 33 2 50 54 61 8
L 64 28 17
D 63 27 2 46 64 48 29
D 44 29 2 45 49 63 8
L 67 24 14
D 66 23 2 40 67 42 29
D 65 21 2 38 66 43 29
D 36 25 2 37 44 65 8
L 71 40 -23
L 73 42 -24
L 74 44 -22
L 75 42 24
D 72 43 2 73 74 75 8
L 76 40 23
D 70 41 2 71 72 76 8
L 79 46 26
L 80 48 -27
L 81 46 -26
D 78 47 2 79 80 81 8
L 84 50 -25
L 85 52 -21
L 86 50 25
D 83 51 2 84 85 86 8
L 88 54 -28
L 90 56 -30
L 91 58 -29
L 92 56 30
D 89 57 2 90 91 92 8
L 93 54 28
D 87 55 2 88 89 93 8
L 95 52 21
D 94 51 2 84 95 86 29
D 82 53 2 83 87 94 8
L 97 48 27
D 96 47 2 79 97 81 29
D 77 49 2 78 82 96 8
L 100 44 22
D 99 43 2 73 100 75 29
D 98 41 2 71 99 76 29
D 69 45 2 70 77 98 8
L 104 60 -33
L 105 62 -32
L 106 60 33
D 103 61 2 104 105 106 8
L 108 64 -31
L 110 66 -38
L 112 68 40
L 113 70 -39
L 114 68 -40
D 111 69 2 112 113 114 8
L 115 66 38
D 109 67 2 110 111 115 8
L 116 64 31
D 107 65 2 108 109 116 8
L 118 62 32
D 117 61 2 104 118 106 29
D 102 63 2 103 107 117 8
L 122 72 -34
L 123 74 -35
L 124 72 34
D 121 73 2 122 123 124 8
L 126 76 -37
L 127 78 -36
L 128 76 37
D 125 77 2 126 127 128 8
L 130 74 35
D 129 73 2 122 130 124 29
D 120 75 2 121 125 129 8
L 134 80 -46
L 135 82 -47
L 136 80 46
D 133 81 2 134 135 136 8
L 138 84 -48
L 140 86 -49
L 141 88 50
L 142 86 49
D 139 87 2 140 141 142 8
L 143 84 48
D 137 85 2 138 139 143 8
L 145 82 47
D 144 81 2 134 145 136 29
D 132 83 2 133 137 144 8
L 149 90 -41
L 150 92 -42
L 151 90 41
D 148 91 2 149 150 151 8
L 153 94 -43
L 155 96 -45
L 156 98 -44
L 157 96 45
D 154 97 2 155 156 157 8
L 158 94 43
D 152 95 2 153 154 158 8
L 160 92 42
D 159 91 2 149 160 151 29
D 147 93 2 148 152 159 8
L 163 100 -51
L 164 102 -52
L 165 100 51
D 162 101 2 163 164 165 8
L 168 104 -53
L 169 106 -54
L 170 104 53
D 167 105 2 168 169 170 8
L 172 108 -55
L 174 110 -56
L 176 112 -57
L 178 114 -58
L 180 116 -59
L 181 118 60
L 182 116 59
D 179 117 2 180 181 182 8
L 183 114 58
D 177 115 2 178 179 183 8
L 184 112 57
D 175 113 2 176 177 184 8
L 185 110 56
D 173 111 2 174 175 185 8
L 186 108 55
D 171 109 2 172 173 186 8
L 188 106 54
D 187 105 2 168 188 170 29
D 166 107 2 167 171 187 8
L 190 102 52
D 189 101 2 163 190 165 29
D 161 103 2 162 166 189 8
L 194 98 44
D 193 97 2 155 194 157 29
D 192 95 2 153 193 158 29
D 191 93 2 148 192 159 29
D 146 99 2 147 161 191 8
L 198 88 -50
D 197 87 2 140 198 142 29
D 196 85 2 138 197 143 29
D 195 83 2 133 196 144 29
D 131 89 2 132 146 195 8
L 201 78 36
D 200 77 2 126 201 128 29
D 199 75 2 121 200 129 29
D 119 79 2 120 131 199 8
L 206 70 39
D 205 69 2 112 206 114 29
D 204 67 2 110 205 115 29
D 203 65 2 108 204 116 29
D 202 63 2 103 203 117 29
D 101 71 2 102 119 202 8
D 209 47 2 81 97 79 8
D 210 47 2 81 80 79 29
D 208 49 2 209 82 210 8
D 207 45 2 70 208 98 8
D 215 69 2 114 206 112 8
D 214 67 2 110 215 115 8
D 213 65 2 108 214 116 8
D 212 63 2 103 213 117 8
L 226 118 -60
D 225 117 2 182 226 180 8
D 224 115 2 178 225 183 8
D 223 113 2 176 224 184 8
D 222 111 2 174 223 185 8
D 221 109 2 172 222 186 8
D 220 107 2 167 221 187 8
D 219 103 2 162 220 189 8
D 218 99 2 147 219 191 8
D 229 87 2 142 198 140 8
D 228 85 2 138 229 143 8
D 227 83 2 133 228 144 8
D 232 87 2 140 198 142 141
D 231 85 2 138 232 143 29
D 230 83 2 133 231 144 29
D 217 89 3 132 218 227 146 230 8
D 216 79 2 120 217 199 8
D 236 69 2 114 113 112 206
D 235 67 2 110 236 115 29
D 234 65 2 108 235 116 29
D 233 63 2 103 234 117 29
D 211 71 3 212 119 102 216 233 8
D 239 47 2 81 80 79 8
D 241 55 2 93 89 88 8
D 240 53 2 83 241 94 8
D 242 47 2 81 97 79 29
D 238 49 2 239 240 242 8
D 237 45 2 70 238 98 8
D 247 69 2 114 113 112 8
D 246 67 2 115 247 110 8
D 245 65 2 108 246 116 8
D 244 63 2 103 245 117 8
D 257 117 2 180 226 182 8
D 256 115 2 183 257 178 8
D 255 113 2 176 256 184 8
D 254 111 2 174 255 185 8
D 253 109 2 172 254 186 8
D 252 107 2 167 253 187 8
D 251 103 2 162 252 189 8
D 250 99 2 147 251 191 8
D 260 87 2 140 198 142 8
D 259 85 2 143 260 138 8
D 258 83 2 133 259 144 8
D 263 87 2 140 141 142 29
D 262 85 2 138 232 143 263
D 261 83 2 133 262 144 29
D 249 89 4 132 250 227 218 258 146 261 8
D 248 79 2 120 249 199 8
D 267 69 2 114 206 112 29
D 266 67 2 110 236 115 267
D 265 65 2 108 266 116 29
D 264 63 2 103 265 117 29
D 243 71 4 244 119 102 248 212 216 264 8
L 273 58 29
D 272 57 2 90 273 92 8
D 271 55 2 88 272 93 8
D 270 53 2 83 271 94 8
D 269 49 2 239 270 242 8
D 268 45 2 70 269 98 8
D 283 115 2 178 257 183 8
D 282 113 2 184 283 176 8
D 281 111 2 174 282 185 8
D 280 109 2 172 281 186 8
D 279 107 2 167 280 187 8
D 278 103 2 162 279 189 8
D 277 99 2 147 278 191 8
D 285 81 2 134 145 136 8
D 286 85 2 138 260 143 8
D 287 81 2 134 135 136 29
D 284 83 2 285 286 287 8
D 289 85 2 138 263 143 29
D 288 83 3 133 262 285 289 136 29
D 276 89 5 132 277 227 250 258 218 284 146 288 8
D 275 79 2 120 276 199 8
D 292 67 2 110 247 115 8
D 291 65 2 108 292 116 8
D 290 63 2 103 291 117 8
D 295 77 2 128 127 126 8
D 294 75 2 121 295 129 8
D 297 77 2 128 201 126 29
D 296 75 2 121 297 129 29
D 293 79 2 294 131 296 8
D 301 69 2 112 206 114 8
D 300 67 2 110 301 115 267
D 299 65 2 108 300 116 29
D 298 63 2 103 299 117 29
D 274 71 5 102 275 212 248 244 216 290 293 298 8
D 306 57 2 92 91 90 8
D 305 55 2 88 306 93 8
D 304 53 2 83 305 94 8
D 303 49 2 239 304 242 8
D 302 45 2 70 303 98 8
D 315 113 2 176 283 184 8
D 314 111 2 185 315 174 8
D 313 109 2 172 314 186 8
D 312 107 2 167 313 187 8
D 311 103 2 162 312 189 8
D 310 99 2 147 311 191 8
D 317 81 2 136 135 134 8
D 318 81 2 136 145 134 29
D 316 83 2 317 286 318 8
D 320 81 2 136 135 134 145
D 321 81 2 136 145 134 8
D 319 83 3 133 262 320 289 321 29
D 309 89 6 132 310 227 277 258 250 284 218 316 146 319 8
D 308 79 2 120 309 199 8
D 324 77 2 126 201 128 8
D 323 75 2 121 324 129 8
D 326 77 2 126 127 128 201
D 325 75 2 121 326 129 29
D 322 79 3 323 131 294 217 325 8
D 307 71 5 102 308 290 322 212 275 244 248 298 8
D 331 57 2 90 273 92 29
D 332 57 2 90 91 92 273
D 330 55 2 93 331 88 332
D 329 53 2 83 330 94 29
D 333 47 2 79 80 81 97
D 335 55 2 88 331 93 29
D 334 53 2 83 335 94 29
D 336 47 2 79 97 81 8
D 328 49 3 239 329 333 334 336 29
D 327 45 2 70 328 98 29
D 68 59 6 69 101 207 211 237 243 268 274 302 307 327 8
D 340 31 2 53 62 51 8
D 341 31 2 53 52 51 29
D 339 33 2 340 54 341 8
D 338 29 2 45 339 63 8
D 337 25 2 37 338 65 8
D 346 51 2 86 85 84 8
D 347 51 2 86 95 84 29
D 345 53 2 346 87 347 8
D 344 49 2 239 345 242 8
D 343 45 2 70 344 98 8
D 355 111 2 174 315 185 8
D 354 109 2 186 355 172 8
D 353 107 2 167 354 187 8
D 352 103 2 162 353 189 8
D 351 99 2 147 352 191 8
D 356 83 2 133 286 144 8
D 360 97 2 157 156 155 8
D 359 95 2 153 360 158 8
D 358 93 2 148 359 159 8
D 363 97 2 157 194 155 29
D 362 95 2 153 363 158 29
D 361 93 2 148 362 159 29
D 357 99 2 358 161 361 8
D 366 87 2 142 141 140 8
D 365 85 2 138 366 143 263
D 364 83 3 133 365 320 289 321 29
D 350 89 7 132 351 356 357 227 310 258 277 284 250 316 218 364 8
D 349 79 2 120 350 199 8
D 369 73 2 122 130 124 8
D 370 73 2 122 123 124 29
D 368 75 2 369 125 370 8
D 371 75 3 121 326 369 200 124 29
D 367 79 4 368 131 323 217 294 249 371 8
D 348 71 5 102 349 290 367 212 308 244 275 298 8
D 374 53 3 346 335 83 330 95 29
D 373 49 3 239 374 333 334 336 29
D 372 45 2 70 373 98 29
D 342 59 7 343 101 69 211 207 243 237 274 268 307 302 348 372 8
D 376 21 2 43 39 38 8
D 379 31 2 53 52 51 8
D 380 31 2 53 62 51 29
D 378 33 2 379 54 380 8
D 377 29 2 45 378 63 8
D 381 21 2 43 66 38 29
D 375 25 2 376 377 381 8
D 385 43 2 75 74 73 8
D 384 41 2 71 385 76 8
D 386 49 2 239 82 242 8
D 388 43 2 75 100 73 29
D 387 41 2 71 388 76 29
D 383 45 2 384 386 387 8
D 395 105 2 168 188 170 8
D 396 109 2 172 355 186 8
D 397 105 2 168 169 170 29
D 394 107 2 395 396 397 8
D 393 103 2 162 394 189 8
D 392 99 2 147 393 191 8
D 401 97 2 155 194 157 8
D 400 95 2 153 401 158 8
D 399 93 2 148 400 159 8
D 404 97 2 155 156 157 194
D 403 95 2 153 404 158 29
D 402 93 2 148 403 159 29
D 398 99 3 399 161 358 219 402 8
D 391 89 7 132 392 356 398 227 351 258 310 284 277 316 250 364 8
D 390 79 2 120 391 199 8
D 407 73 2 124 123 122 8
D 408 73 2 124 130 122 29
D 406 75 2 407 125 408 8
D 410 73 2 124 123 122 130
D 411 73 2 124 130 122 8
D 409 75 3 121 326 410 200 411 29
D 405 79 5 406 131 368 217 323 249 294 276 409 8
D 389 71 5 102 390 290 405 212 349 244 308 298 8
D 413 49 2 239 334 242 29
D 414 41 2 71 100 76 29
D 412 45 3 70 373 384 413 414 29
D 382 59 8 383 101 343 211 69 243 207 274 237 307 268 348 302 389 412 8
D 417 23 2 40 67 42 8
D 416 21 2 38 417 43 8
D 419 23 2 40 41 42 29
D 418 21 2 38 419 43 29
D 415 25 2 416 377 418 8
D 422 41 2 76 72 71 8
D 423 41 2 76 99 71 29
D 421 45 2 422 386 423 8
D 430 105 2 170 169 168 8
D 431 105 2 170 188 168 29
D 429 107 2 430 396 431 8
D 428 103 2 162 429 189 8
D 427 99 2 147 428 191 8
D 434 95 2 158 154 153 8
D 433 93 2 148 434 159 8
D 436 95 2 153 404 158 193
D 435 93 2 148 436 159 29
D 432 99 4 433 161 399 219 358 251 435 8
D 426 89 7 132 427 356 432 227 392 258 351 284 310 316 277 364 8
D 425 79 2 120 426 199 8
D 438 61 2 106 105 104 8
D 439 61 2 106 118 104 29
D 437 63 2 438 291 439 8
D 440 79 5 406 217 368 249 294 309 323 276 409 8
D 443 67 2 110 267 115 29
D 442 65 2 108 443 116 29
D 441 63 3 103 299 438 442 118 29
D 424 71 6 102 425 437 119 290 440 212 390 244 349 441 8
D 445 41 2 71 385 76 72
D 446 41 2 76 99 71 100
D 444 45 3 70 373 445 413 446 29
D 420 59 9 421 101 383 211 343 243 69 274 207 307 237 348 268 389 302 424 444 8
D 449 23 2 42 41 40 8
D 448 21 2 38 449 43 8
D 451 23 2 42 67 40 29
D 450 21 2 38 451 43 29
D 447 25 2 448 377 450 8
D 455 43 2 73 100 75 8
D 454 41 2 71 455 76 8
D 457 43 2 73 74 75 29
D 456 41 2 71 457 76 29
D 453 45 2 454 386 456 8
D 463 91 2 149 160 151 8
D 464 91 2 149 150 151 29
D 462 93 2 463 152 464 8
D 465 93 3 148 436 463 192 151 29
D 461 99 5 462 161 433 219 399 251 358 278 465 8
D 468 101 2 163 190 165 8
D 469 107 2 167 396 187 8
D 470 101 2 163 164 165 29
D 467 103 2 468 469 470 8
D 466 99 2 147 467 191 8
D 460 89 7 356 461 227 427 132 466 258 392 284 351 316 310 364 8
D 459 79 2 120 460 199 8
D 471 79 5 406 249 294 350 323 309 368 276 409 8
D 473 61 2 104 118 106 8
D 474 61 2 104 105 106 29
D 472 63 2 473 291 474 8
D 476 61 2 106 105 104 118
D 477 61 2 106 118 104 8
D 475 63 3 103 299 476 442 477 29
D 458 71 7 102 459 290 471 212 425 472 119 244 390 437 216 475 8
D 480 43 2 75 74 73 100
D 479 41 2 71 480 76 72
D 482 43 2 75 100 73 8
D 481 41 2 71 482 76 99
D 478 45 3 70 373 479 413 481 29
D 452 59 10 453 101 421 211 383 243 343 274 69 307 207 348 237 389 268 424 302 458 478 8
D 485 27 2 48 47 46 8
D 486 27 2 48 64 46 29
D 484 29 2 485 378 486 8
D 483 25 2 37 484 65 8
D 491 51 2 84 95 86 8
D 492 51 2 84 85 86 29
D 490 53 2 491 87 492 8
D 489 49 2 239 490 242 8
D 488 45 2 70 489 98 8
D 494 79 5 323 350 294 391 368 309 406 276 409 8
D 499 91 2 151 150 149 8
D 500 91 2 151 160 149 29
D 498 93 2 499 152 500 8
D 502 91 2 151 150 149 160
D 503 91 2 151 160 149 8
D 501 93 3 148 436 502 192 503 29
D 497 99 6 498 161 462 219 433 251 399 278 358 311 501 8
D 506 101 2 165 164 163 8
D 507 101 2 165 190 163 29
D 505 103 2 506 469 507 8
D 504 99 2 147 505 191 8
D 496 89 7 356 497 258 427 227 466 284 392 132 504 316 351 364 8
D 495 79 2 120 496 199 8
D 509 65 2 116 292 108 8
D 508 63 2 103 509 117 8
D 511 65 2 108 300 116 443
D 510 63 3 103 511 476 442 477 29
D 493 71 8 290 494 102 495 212 459 244 425 508 119 437 248 472 216 510 8
D 515 51 2 86 85 84 95
D 516 51 2 86 95 84 8
D 514 53 3 515 335 83 330 516 29
D 513 49 3 333 334 239 514 336 29
D 512 45 3 479 413 70 513 481 29
D 487 59 11 488 101 453 211 421 243 383 274 343 307 69 348 207 389 237 424 268 458 302 493 512 8
D 519 27 2 46 64 48 8
D 520 27 2 46 47 48 29
D 518 29 2 519 378 520 8
D 517 25 2 37 518 65 8
D 523 79 5 368 350 323 391 294 426 406 309 409 8
D 526 99 6 498 219 462 251 433 278 399 311 358 352 501 8
D 528 85 2 143 263 138 141
D 527 83 3 133 528 320 289 321 29
D 525 89 6 356 526 284 427 258 466 316 392 227 504 527 8
D 524 79 2 120 525 199 8
D 522 71 8 290 523 212 495 244 459 102 524 437 275 472 248 508 216 510 8
D 521 59 11 488 211 453 243 421 274 383 307 343 348 69 389 207 424 237 458 268 493 302 522 512 8
D 532 35 2 60 56 55 8
D 531 33 2 379 532 380 8
D 530 29 2 45 531 63 8
D 529 25 2 37 530 65 8
D 535 79 5 406 350 368 391 323 426 294 460 409 8
D 538 99 6 498 251 462 278 433 311 399 352 358 393 501 8
D 539 83 3 320 289 133 263 321 29
D 537 89 5 356 538 316 427 284 466 258 504 539 8
D 536 79 2 120 537 199 8
D 534 71 8 290 535 244 495 212 524 102 536 437 308 472 275 508 248 510 8
D 533 59 11 488 243 453 274 421 307 383 348 343 389 69 424 207 458 237 493 268 522 302 534 512 8
D 544 37 2 59 58 57 8
D 543 35 2 55 544 60 8
D 542 33 2 379 543 380 8
D 541 29 2 45 542 63 8
D 540 25 2 37 541 65 8
D 547 79 5 406 391 368 426 323 460 294 496 409 8
D 550 99 6 498 278 462 311 433 352 399 393 358 428 501 8
D 552 81 2 136 135 134 29
D 551 83 2 552 289 321 29
D 549 89 4 316 466 356 550 284 504 551 8
D 548 79 2 120 549 199 8
D 546 71 8 290 547 244 524 212 536 102 548 437 349 472 308 508 275 510 8
D 545 59 11 488 274 453 307 421 348 383 389 343 424 69 458 207 493 237 522 268 534 302 546 512 8
L 558 38 20
D 557 37 2 57 558 59 8
D 556 35 2 55 557 60 8
D 555 33 2 379 556 380 8
D 554 29 2 45 555 63 8
D 553 25 2 37 554 65 8
D 561 79 5 406 426 368 460 323 496 294 525 409 8
D 564 99 6 498 311 462 352 433 393 399 428 358 467 501 8
D 565 83 2 135 289 145 29
D 563 89 3 316 504 356 564 565 8
D 562 79 2 120 563 199 8
D 560 71 8 290 561 437 390 244 536 212 548 472 349 102 562 508 308 510 8
D 559 59 11 488 307 453 348 421 389 383 424 343 458 69 493 207 522 237 534 268 546 302 560 512 8
D 568 23 2 42 41 40 67
D 567 21 2 38 568 43 39
D 572 37 2 57 558 59 29
D 571 35 2 55 572 60 29
D 570 33 2 379 571 380 29
D 569 29 2 45 570 63 29
D 574 27 2 48 47 46 64
D 576 31 2 51 52 53 62
D 578 37 2 57 58 59 558
D 577 35 2 60 572 55 578
D 579 31 2 51 62 53 8
D 575 33 3 576 571 379 577 579 29
D 580 27 2 48 64 46 8
D 573 29 3 574 570 45 575 580 29
D 582 23 2 42 67 40 8
D 581 21 2 38 582 43 66
D 566 25 3 567 569 37 573 581 29
D 35 39 11 36 68 337 342 375 382 415 420 447 452 483 487 517 521 529 533 540 545 553 559 566 8
D 585 3 2 5 34 7 8
D 584 1 2 3 585 9 8
D 588 11 2 17 28 19 8
D 589 11 2 17 18 19 29
D 587 13 2 588 20 589 8
D 586 9 2 11 587 30 8
D 591 3 2 5 6 7 29
D 590 1 2 3 591 9 29
D 583 5 2 584 586 590 8
D 595 79 5 406 460 368 496 323 525 294 537 409 8
D 598 99 6 498 352 462 393 433 428 399 467 358 505 501 8
D 599 83 2 133 289 144 29
D 597 89 2 356 598 599 8
D 596 79 2 120 597 199 8
D 594 71 8 290 595 437 425 472 390 244 548 508 349 212 562 102 596 510 8
D 593 59 11 488 348 453 389 421 424 383 458 343 493 69 522 207 534 237 546 268 560 302 594 512 8
D 592 39 11 36 342 337 382 375 420 415 452 447 487 483 521 517 533 529 545 540 559 553 593 566 8
D 601 1 2 9 4 3 8
D 602 1 2 9 33 3 29
D 600 5 2 601 586 602 8
D 606 79 5 406 496 368 525 323 537 294 549 409 8
D 612 97 2 155 156 157 29
D 611 95 2 153 612 158 193
D 610 93 3 148 611 502 192 503 29
D 609 99 5 498 393 462 428 433 467 399 505 610 8
D 608 89 2 356 609 599 8
D 607 79 2 120 608 199 8
D 605 71 8 290 606 437 459 472 425 508 390 244 562 212 596 102 607 510 8
D 604 59 11 488 389 453 424 421 458 383 493 343 522 69 534 207 546 237 560 268 594 302 605 512 8
D 603 39 11 36 382 337 420 375 452 415 487 447 521 483 533 517 545 529 559 540 593 553 604 566 8
D 615 3 2 7 6 5 8
D 614 1 2 3 615 9 8
D 617 3 2 7 34 5 29
D 616 1 2 3 617 9 29
D 613 5 2 614 586 616 8
D 621 79 5 406 525 368 537 323 549 294 563 409 8
D 626 95 2 158 193 153 29
D 625 93 3 148 626 502 192 503 29
D 624 99 4 498 428 462 467 433 505 625 8
D 623 89 2 356 624 599 8
D 622 79 2 120 623 199 8
D 620 71 8 290 621 437 495 472 459 508 425 244 596 212 607 102 622 510 8
D 619 59 11 488 424 453 458 421 493 383 522 343 534 69 546 207 560 237 594 268 605 302 620 512 8
D 618 39 11 36 420 337 452 375 487 415 521 447 533 483 545 517 559 529 593 540 604 553 619 566 8
D 630 11 2 19 28 17 8
D 631 11 2 19 18 17 29
D 629 13 2 630 20 631 8
D 628 9 2 11 629 30 8
D 627 5 2 2 628 32 8
D 635 79 5 406 537 368 549 323 563 294 597 409 8
D 640 91 2 149 150 151 160
D 639 93 2 502 192 640 29
D 638 99 3 498 467 462 505 639 8
D 637 89 2 356 638 599 8
D 636 79 2 120 637 199 8
D 634 71 8 290 635 472 495 508 459 437 524 244 607 212 622 102 636 510 8
D 633 59 11 488 458 453 493 421 522 383 534 343 546 69 560 207 594 237 605 268 620 302 634 512 8
D 632 39 11 36 452 337 487 375 521 415 533 447 545 483 559 517 593 529 604 540 619 553 633 566 8
D 643 7 2 14 13 12 8
D 644 7 2 14 31 12 29
D 642 9 2 643 587 644 8
D 641 5 2 2 642 32 8
D 648 79 5 406 549 368 563 323 597 294 608 409 8
D 652 93 2 499 192 500 29
D 651 99 2 498 505 652 8
D 650 89 2 356 651 599 8
D 649 79 2 120 650 199 8
D 647 71 8 508 495 290 648 472 524 437 536 244 622 212 636 102 649 510 8
D 646 59 11 488 493 453 522 421 534 383 546 343 560 69 594 207 605 237 620 268 634 302 647 512 8
D 645 39 11 36 487 337 521 375 533 415 545 447 559 483 593 517 604 529 619 540 633 553 646 566 8
D 655 7 2 12 31 14 8
D 656 7 2 12 13 14 29
D 654 9 2 655 587 656 8
D 653 5 2 2 654 32 8
D 660 79 5 406 563 368 597 323 608 294 623 409 8
D 663 67 2 115 267 110 112
D 662 65 2 108 663 116 443
D 661 63 3 103 662 476 442 477 29
D 659 71 7 508 524 290 660 472 536 437 548 244 636 212 649 661 8
D 658 59 11 488 522 453 534 421 546 383 560 343 594 69 605 207 620 237 634 268 647 302 659 512 8
D 657 39 11 36 521 337 533 375 545 415 559 447 593 483 604 517 619 529 633 540 646 553 658 566 8
D 667 15 2 26 22 21 8
D 666 13 2 588 667 589 8
D 665 9 2 11 666 30 8
D 664 5 2 2 665 32 8
D 671 79 5 406 597 368 608 323 623 294 637 409 8
D 673 65 2 116 443 108 267
D 672 63 3 103 673 476 442 477 29
D 670 71 6 508 536 290 671 472 548 437 562 244 649 672 8
D 669 59 11 488 534 453 546 421 560 383 594 343 605 69 620 207 634 237 647 268 659 302 670 512 8
D 668 39 11 36 533 337 545 375 559 415 593 447 604 483 619 517 633 529 646 540 658 553 669 566 8
L 679 18 9
D 678 17 2 23 679 25 8
D 677 15 2 21 678 26 8
D 676 13 2 588 677 589 8
D 675 9 2 11 676 30 8
D 674 5 2 2 675 32 8
D 683 79 5 406 608 368 623 323 637 294 650 409 8
D 684 63 3 476 442 103 443 477 29
D 682 71 5 508 548 290 683 472 562 437 596 684 8
D 681 59 11 488 546 453 560 421 594 383 605 343 620 69 634 207 647 237 659 268 670 302 682 512 8
D 680 39 11 36 545 337 559 375 593 415 604 447 619 483 633 517 646 529 658 540 669 553 681 566 8
D 689 17 2 25 24 23 8
D 688 15 2 21 689 26 8
D 687 13 2 588 688 589 8
D 686 9 2 11 687 30 8
D 685 5 2 2 686 32 8
D 695 77 2 126 127 128 29
D 694 75 3 121 695 410 200 411 29
D 693 79 4 406 623 368 637 323 650 694 8
D 692 71 5 508 562 290 693 472 596 437 607 684 8
D 691 59 11 488 560 453 594 421 605 383 620 343 634 69 647 207 659 237 670 268 682 302 692 512 8
D 690 39 11 36 559 337 593 375 604 415 619 447 633 483 646 517 658 529 669 540 681 553 691 566 8
D 700 17 2 23 24 25 679
D 701 17 2 23 679 25 29
D 699 15 2 21 700 26 701
D 702 11 2 19 28 17 18
D 703 15 2 21 701 26 29
D 704 11 2 19 18 17 8
D 698 13 3 588 699 702 703 704 29
D 705 7 2 14 13 12 31
D 706 13 2 588 703 589 29
D 707 7 2 14 31 12 8
D 697 9 3 11 698 705 706 707 29
D 709 3 2 7 6 5 34
D 708 1 2 3 709 9 4
D 710 9 2 11 706 30 29
D 712 3 2 7 34 5 8
D 711 1 2 3 712 9 33
D 696 5 3 2 697 708 710 711 29
D 0 19 11 1 35 583 592 600 603 613 618 627 632 641 645 653 657 664 668 674 680 685 690 696 8
