c ids of sdd nodes start at 0
c sdd nodes appear bottom-up, children before parents
c
c file syntax:
c sdd count-of-sdd-nodes
c F id-of-false-sdd-node
c T id-of-true-sdd-node
c L id-of-literal-sdd-node id-of-vtree literal
c D id-of-decomposition-sdd-node id-of-vtree number-of-elements {id-of-prime id-of-sub}*
c
sdd 711
L 3 0 -3
L 5 2 -4
L 6 4 -2
L 7 2 4
F 8
D 4 3 2 5 6 7 8
L 9 0 3
D 2 1 2 3 4 9 8
L 12 6 -6
L 13 8 -7
L 14 6 6
D 11 7 2 12 13 14 8
L 17 10 -5
L 18 12 1
L 19 10 5
D 16 11 2 17 18 19 8
L 21 14 -8
L 23 16 -10
L 24 18 -9
L 25 16 10
D 22 17 2 23 24 25 8
L 26 14 8
D 20 15 2 21 22 26 8
L 28 12 -1
T 29
D 27 11 2 17 28 19 29
D 15 13 2 16 20 27 8
L 31 8 7
D 30 7 2 12 31 14 29
D 10 9 2 11 15 30 8
L 34 4 2
D 33 3 2 5 34 7 29
D 32 1 2 3 33 9 29
D 1 5 2 2 10 32 8
L 38 20 -13
L 40 22 -15
L 41 24 -14
L 42 22 15
D 39 23 2 40 41 42 8
L 43 20 13
D 37 21 2 38 39 43 8
L 46 26 -16
L 47 28 -17
L 48 26 16
D 45 27 2 46 47 48 8
L 51 30 11
L 52 32 -12
L 53 30 -11
D 50 31 2 51 52 53 8
L 55 34 -18
L 57 36 -19
L 58 38 -20
L 59 36 19
D 56 37 2 57 58 59 8
L 60 34 18
D 54 35 2 55 56 60 8
L 62 32 12
D 61 31 2 51 62 53 29
D 49 33 2 50 54 61 8
L 64 28 17
D 63 27 2 46 64 48 29
D 44 29 2 45 49 63 8
L 67 24 14
D 66 23 2 40 67 42 29
D 65 21 2 38 66 43 29
D 36 25 2 37 44 65 8
L 71 40 -23
L 73 42 -24
L 74 44 -22
L 75 42 24
D 72 43 2 73 74 75 8
L 76 40 23
D 70 41 2 71 72 76 8
L 79 46 -26
L 80 48 27
L 81 46 26
D 78 47 2 79 80 81 8
L 84 50 -25
L 85 52 -21
L 86 50 25
D 83 51 2 84 85 86 8
L 88 54 -28
L 90 56 -30
L 91 58 -29
L 92 56 30
D 89 57 2 90 91 92 8
L 93 54 28
D 87 55 2 88 89 93 8
L 95 52 21
D 94 51 2 84 95 86 29
D 82 53 2 83 87 94 8
L 97 48 -27
D 96 47 2 79 97 81 29
D 77 49 2 78 82 96 8
L 100 44 22
D 99 43 2 73 100 75 29
D 98 41 2 71 99 76 29
D 69 45 2 70 77 98 8
L 104 60 -33
L 105 62 -32
L 106 60 33
D 103 61 2 104 105 106 8
L 108 64 -31
L 110 66 -38
L 112 68 40
L 113 70 -39
L 114 68 -40
D 111 69 2 112 113 114 8
L 115 66 38
D 109 67 2 110 111 115 8
L 116 64 31
D 107 65 2 108 109 116 8
L 118 62 32
D 117 61 2 104 118 106 29
D 102 63 2 103 107 117 8
L 122 72 -34
L 123 74 -35
L 124 72 34
D 121 73 2 122 123 124 8
L 126 76 -37
L 127 78 -36
L 128 76 37
D 125 77 2 126 127 128 8
L 130 74 35
D 129 73 2 122 130 124 29
D 120 75 2 121 125 129 8
L 134 80 -46
L 135 82 -47
L 136 80 46
D 133 81 2 134 135 136 8
L 138 84 -48
L 140 86 -49
L 141 88 50
L 142 86 49
D 139 87 2 140 141 142 8
L 143 84 48
D 137 85 2 138 139 143 8
L 145 82 47
D 144 81 2 134 145 136 29
D 132 83 2 133 137 144 8
L 149 90 -41
L 150 92 -42
L 151 90 41
D 148 91 2 149 150 151 8
L 153 94 -43
L 155 96 -45
L 156 98 -44
L 157 96 45
D 154 97 2 155 156 157 8
L 158 94 43
D 152 95 2 153 154 158 8
L 160 92 42
D 159 91 2 149 160 151 29
D 147 93 2 148 152 159 8
L 163 100 -51
L 164 102 -52
L 165 100 51
D 162 101 2 163 164 165 8
L 168 104 -53
L 169 106 -54
L 170 104 53
D 167 105 2 168 169 170 8
L 172 108 -55
L 174 110 -56
L 176 112 -57
L 178 114 -58
L 180 116 -59
L 181 118 60
L 182 116 59
D 179 117 2 180 181 182 8
L 183 114 58
D 177 115 2 178 179 183 8
L 184 112 57
D 175 113 2 176 177 184 8
L 185 110 56
D 173 111 2 174 175 185 8
L 186 108 55
D 171 109 2 172 173 186 8
L 188 106 54
D 187 105 2 168 188 170 29
D 166 107 2 167 171 187 8
L 190 102 52
D 189 101 2 163 190 165 29
D 161 103 2 162 166 189 8
L 194 98 44
D 193 97 2 155 194 157 29
D 192 95 2 153 193 158 29
D 191 93 2 148 192 159 29
D 146 99 2 147 161 191 8
L 198 88 -50
D 197 87 2 140 198 142 29
D 196 85 2 138 197 143 29
D 195 83 2 133 196 144 29
D 131 89 2 132 146 195 8
L 201 78 36
D 200 77 2 126 201 128 29
D 199 75 2 121 200 129 29
D 119 79 2 120 131 199 8
L 206 70 39
D 205 69 2 112 206 114 29
D 204 67 2 110 205 115 29
D 203 65 2 108 204 116 29
D 202 63 2 103 203 117 29
D 101 71 2 102 119 202 8
D 209 47 2 79 97 81 8
D 211 55 2 93 89 88 8
D 210 53 2 83 211 94 8
D 212 47 2 79 80 81 29
D 208 49 2 209 210 212 8
D 207 45 2 70 208 98 8
D 217 69 2 114 206 112 8
D 216 67 2 110 217 115 8
D 215 65 2 108 216 116 8
D 214 63 2 103 215 117 8
L 228 118 -60
D 227 117 2 182 228 180 8
D 226 115 2 178 227 183 8
D 225 113 2 176 226 184 8
D 224 111 2 174 225 185 8
D 223 109 2 172 224 186 8
D 222 107 2 167 223 187 8
D 221 103 2 162 222 189 8
D 220 99 2 147 221 191 8
D 231 87 2 142 198 140 8
D 230 85 2 138 231 143 8
D 229 83 2 133 230 144 8
D 234 87 2 140 198 142 141
D 233 85 2 138 234 143 29
D 232 83 2 133 233 144 29
D 219 89 3 132 220 229 146 232 8
D 218 79 2 120 219 199 8
D 238 69 2 114 113 112 206
D 237 67 2 110 238 115 29
D 236 65 2 108 237 116 29
D 235 63 2 103 236 117 29
D 213 71 3 214 119 102 218 235 8
L 244 58 29
D 243 57 2 90 244 92 8
D 242 55 2 88 243 93 8
D 241 53 2 83 242 94 8
D 240 49 2 209 241 212 8
D 239 45 2 70 240 98 8
D 249 69 2 114 113 112 8
D 248 67 2 115 249 110 8
D 247 65 2 108 248 116 8
D 246 63 2 103 247 117 8
D 259 117 2 180 228 182 8
D 258 115 2 183 259 178 8
D 257 113 2 176 258 184 8
D 256 111 2 174 257 185 8
D 255 109 2 172 256 186 8
D 254 107 2 167 255 187 8
D 253 103 2 162 254 189 8
D 252 99 2 147 253 191 8
D 262 87 2 140 198 142 8
D 261 85 2 143 262 138 8
D 260 83 2 133 261 144 8
D 265 87 2 140 141 142 29
D 264 85 2 138 234 143 265
D 263 83 2 133 264 144 29
D 251 89 4 132 252 229 220 260 146 263 8
D 250 79 2 120 251 199 8
D 269 69 2 114 206 112 29
D 268 67 2 110 238 115 269
D 267 65 2 108 268 116 29
D 266 63 2 103 267 117 29
D 245 71 4 246 119 102 250 214 218 266 8
D 274 57 2 92 91 90 8
D 273 55 2 88 274 93 8
D 272 53 2 83 273 94 8
D 271 49 2 209 272 212 8
D 270 45 2 70 271 98 8
D 284 115 2 178 259 183 8
D 283 113 2 184 284 176 8
D 282 111 2 174 283 185 8
D 281 109 2 172 282 186 8
D 280 107 2 167 281 187 8
D 279 103 2 162 280 189 8
D 278 99 2 147 279 191 8
D 286 81 2 134 145 136 8
D 287 85 2 138 262 143 8
D 288 81 2 134 135 136 29
D 285 83 2 286 287 288 8
D 290 85 2 138 265 143 29
D 289 83 3 133 264 286 290 136 29
D 277 89 5 132 278 229 252 260 220 285 146 289 8
D 276 79 2 120 277 199 8
D 293 67 2 110 249 115 8
D 292 65 2 108 293 116 8
D 291 63 2 103 292 117 8
D 296 77 2 128 127 126 8
D 295 75 2 121 296 129 8
D 298 77 2 128 201 126 29
D 297 75 2 121 298 129 29
D 294 79 2 295 131 297 8
D 302 69 2 112 206 114 8
D 301 67 2 110 302 115 269
D 300 65 2 108 301 116 29
D 299 63 2 103 300 117 29
D 275 71 5 102 276 214 250 246 218 291 294 299 8
D 307 57 2 90 244 92 29
D 308 57 2 90 91 92 244
D 306 55 2 93 307 88 308
D 305 53 2 83 306 94 29
D 310 55 2 88 307 93 29
D 309 53 2 83 310 94 29
D 304 49 3 209 305 78 309 81 29
D 303 45 2 70 304 98 29
D 68 59 5 69 101 207 213 239 245 270 275 303 8
D 314 31 2 53 62 51 8
D 315 31 2 53 52 51 29
D 313 33 2 314 54 315 8
D 312 29 2 45 313 63 8
D 311 25 2 37 312 65 8
D 319 47 2 81 97 79 8
D 320 47 2 81 80 79 29
D 318 49 2 319 82 320 8
D 317 45 2 70 318 98 8
D 329 113 2 176 284 184 8
D 328 111 2 185 329 174 8
D 327 109 2 172 328 186 8
D 326 107 2 167 327 187 8
D 325 103 2 162 326 189 8
D 324 99 2 147 325 191 8
D 331 81 2 136 135 134 8
D 332 81 2 136 145 134 29
D 330 83 2 331 287 332 8
D 334 81 2 136 135 134 145
D 335 81 2 136 145 134 8
D 333 83 3 133 264 334 290 335 29
D 323 89 6 132 324 229 278 260 252 285 220 330 146 333 8
D 322 79 2 120 323 199 8
D 338 77 2 126 201 128 8
D 337 75 2 121 338 129 8
D 340 77 2 126 127 128 201
D 339 75 2 121 340 129 29
D 336 79 3 337 131 295 219 339 8
D 321 71 5 102 322 291 336 214 276 246 250 299 8
D 343 47 2 81 97 79 80
D 344 47 2 81 80 79 8
D 342 49 3 209 305 343 309 344 29
D 341 45 2 70 342 98 29
D 316 59 6 317 101 69 213 207 245 239 275 270 321 341 8
D 346 21 2 43 39 38 8
D 349 31 2 53 52 51 8
D 350 31 2 53 62 51 29
D 348 33 2 349 54 350 8
D 347 29 2 45 348 63 8
D 351 21 2 43 66 38 29
D 345 25 2 346 347 351 8
D 356 51 2 86 85 84 8
D 357 51 2 86 95 84 29
D 355 53 2 356 87 357 8
D 354 49 2 209 355 212 8
D 353 45 2 70 354 98 8
D 365 111 2 174 329 185 8
D 364 109 2 186 365 172 8
D 363 107 2 167 364 187 8
D 362 103 2 162 363 189 8
D 361 99 2 147 362 191 8
D 366 83 2 133 287 144 8
D 370 97 2 157 156 155 8
D 369 95 2 153 370 158 8
D 368 93 2 148 369 159 8
D 373 97 2 157 194 155 29
D 372 95 2 153 373 158 29
D 371 93 2 148 372 159 29
D 367 99 2 368 161 371 8
D 376 87 2 142 141 140 8
D 375 85 2 138 376 143 265
D 374 83 3 133 375 334 290 335 29
D 360 89 7 132 361 366 367 229 324 260 278 285 252 330 220 374 8
D 359 79 2 120 360 199 8
D 379 73 2 122 130 124 8
D 380 73 2 122 123 124 29
D 378 75 2 379 125 380 8
D 381 75 3 121 340 379 200 124 29
D 377 79 4 378 131 337 219 295 251 381 8
D 358 71 5 102 359 291 377 214 322 246 276 299 8
D 384 53 3 356 310 83 306 95 29
D 383 49 3 209 384 343 309 344 29
D 382 45 2 70 383 98 29
D 352 59 7 353 101 317 213 69 245 207 275 239 321 270 358 382 8
D 387 23 2 40 67 42 8
D 386 21 2 38 387 43 8
D 389 23 2 40 41 42 29
D 388 21 2 38 389 43 29
D 385 25 2 386 347 388 8
D 393 43 2 75 74 73 8
D 392 41 2 71 393 76 8
D 394 49 2 209 82 212 8
D 396 43 2 75 100 73 29
D 395 41 2 71 396 76 29
D 391 45 2 392 394 395 8
D 403 105 2 168 188 170 8
D 404 109 2 172 365 186 8
D 405 105 2 168 169 170 29
D 402 107 2 403 404 405 8
D 401 103 2 162 402 189 8
D 400 99 2 147 401 191 8
D 409 97 2 155 194 157 8
D 408 95 2 153 409 158 8
D 407 93 2 148 408 159 8
D 412 97 2 155 156 157 194
D 411 95 2 153 412 158 29
D 410 93 2 148 411 159 29
D 406 99 3 407 161 368 221 410 8
D 399 89 7 132 400 366 406 229 361 260 324 285 278 330 252 374 8
D 398 79 2 120 399 199 8
D 415 73 2 124 123 122 8
D 416 73 2 124 130 122 29
D 414 75 2 415 125 416 8
D 418 73 2 124 123 122 130
D 419 73 2 124 130 122 8
D 417 75 3 121 340 418 200 419 29
D 413 79 5 414 131 378 219 337 251 295 277 417 8
D 397 71 5 102 398 291 413 214 359 246 322 299 8
D 421 49 2 209 309 212 29
D 422 41 2 71 100 76 29
D 420 45 3 70 383 392 421 422 29
D 390 59 8 391 101 353 213 317 245 69 275 207 321 239 358 270 397 420 8
D 425 23 2 42 41 40 8
D 424 21 2 38 425 43 8
D 427 23 2 42 67 40 29
D 426 21 2 38 427 43 29
D 423 25 2 424 347 426 8
D 430 41 2 76 72 71 8
D 431 41 2 76 99 71 29
D 429 45 2 430 394 431 8
D 438 105 2 170 169 168 8
D 439 105 2 170 188 168 29
D 437 107 2 438 404 439 8
D 436 103 2 162 437 189 8
D 435 99 2 147 436 191 8
D 442 95 2 158 154 153 8
D 441 93 2 148 442 159 8
D 444 95 2 153 412 158 193
D 443 93 2 148 444 159 29
D 440 99 4 441 161 407 221 368 253 443 8
D 434 89 7 132 435 366 440 229 400 260 361 285 324 330 278 374 8
D 433 79 2 120 434 199 8
D 446 61 2 106 105 104 8
D 447 61 2 106 118 104 29
D 445 63 2 446 292 447 8
D 448 79 5 414 219 378 251 295 323 337 277 417 8
D 451 67 2 110 269 115 29
D 450 65 2 108 451 116 29
D 449 63 3 103 300 446 450 118 29
D 432 71 6 102 433 445 119 291 448 214 398 246 359 449 8
D 453 41 2 71 393 76 72
D 454 41 2 76 99 71 100
D 452 45 3 70 383 453 421 454 29
D 428 59 9 429 101 391 213 353 245 317 275 69 321 207 358 239 397 270 432 452 8
D 457 27 2 48 47 46 8
D 458 27 2 48 64 46 29
D 456 29 2 457 348 458 8
D 455 25 2 37 456 65 8
D 462 43 2 73 100 75 8
D 461 41 2 71 462 76 8
D 464 43 2 73 74 75 29
D 463 41 2 71 464 76 29
D 460 45 2 461 394 463 8
D 470 91 2 149 160 151 8
D 471 91 2 149 150 151 29
D 469 93 2 470 152 471 8
D 472 93 3 148 444 470 192 151 29
D 468 99 5 469 161 441 221 407 253 368 279 472 8
D 475 101 2 163 190 165 8
D 476 107 2 167 404 187 8
D 477 101 2 163 164 165 29
D 474 103 2 475 476 477 8
D 473 99 2 147 474 191 8
D 467 89 7 366 468 229 435 132 473 260 400 285 361 330 324 374 8
D 466 79 2 120 467 199 8
D 478 79 5 414 251 295 360 337 323 378 277 417 8
D 480 61 2 104 118 106 8
D 481 61 2 104 105 106 29
D 479 63 2 480 292 481 8
D 483 61 2 106 105 104 118
D 484 61 2 106 118 104 8
D 482 63 3 103 300 483 450 484 29
D 465 71 7 102 466 291 478 214 433 479 119 246 398 445 218 482 8
D 487 43 2 75 74 73 100
D 486 41 2 71 487 76 72
D 489 43 2 75 100 73 8
D 488 41 2 71 489 76 99
D 485 45 3 70 383 486 421 488 29
D 459 59 10 460 101 429 213 391 245 353 275 317 321 69 358 207 397 239 432 270 465 485 8
D 492 27 2 46 64 48 8
D 493 27 2 46 47 48 29
D 491 29 2 492 348 493 8
D 490 25 2 37 491 65 8
D 498 51 2 84 95 86 8
D 499 51 2 84 85 86 29
D 497 53 2 498 87 499 8
D 496 49 2 209 497 212 8
D 495 45 2 70 496 98 8
D 501 79 5 337 360 295 399 378 323 414 277 417 8
D 506 91 2 151 150 149 8
D 507 91 2 151 160 149 29
D 505 93 2 506 152 507 8
D 509 91 2 151 150 149 160
D 510 91 2 151 160 149 8
D 508 93 3 148 444 509 192 510 29
D 504 99 6 505 161 469 221 441 253 407 279 368 325 508 8
D 513 101 2 165 164 163 8
D 514 101 2 165 190 163 29
D 512 103 2 513 476 514 8
D 511 99 2 147 512 191 8
D 503 89 7 366 504 260 435 229 473 285 400 132 511 330 361 374 8
D 502 79 2 120 503 199 8
D 516 65 2 116 293 108 8
D 515 63 2 103 516 117 8
D 518 65 2 108 301 116 451
D 517 63 3 103 518 483 450 484 29
D 500 71 8 291 501 102 502 214 466 246 433 515 119 445 250 479 218 517 8
D 522 51 2 86 85 84 95
D 523 51 2 86 95 84 8
D 521 53 3 522 310 83 306 523 29
D 520 49 3 343 309 209 521 344 29
D 519 45 3 486 421 70 520 488 29
D 494 59 11 495 101 460 213 429 245 391 275 353 321 317 358 69 397 207 432 239 465 270 500 519 8
D 527 35 2 60 56 55 8
D 526 33 2 349 527 350 8
D 525 29 2 45 526 63 8
D 524 25 2 37 525 65 8
D 530 79 5 378 360 337 399 295 434 414 323 417 8
D 533 99 6 505 221 469 253 441 279 407 325 368 362 508 8
D 535 85 2 143 265 138 141
D 534 83 3 133 535 334 290 335 29
D 532 89 6 366 533 285 435 260 473 330 400 229 511 534 8
D 531 79 2 120 532 199 8
D 529 71 8 291 530 214 502 246 466 102 531 445 276 479 250 515 218 517 8
D 528 59 11 495 213 460 245 429 275 391 321 353 358 317 397 69 432 207 465 239 500 270 529 519 8
D 540 37 2 59 58 57 8
D 539 35 2 55 540 60 8
D 538 33 2 349 539 350 8
D 537 29 2 45 538 63 8
D 536 25 2 37 537 65 8
D 543 79 5 414 360 378 399 337 434 295 467 417 8
D 546 99 6 505 253 469 279 441 325 407 362 368 401 508 8
D 547 83 3 334 290 133 265 335 29
D 545 89 5 366 546 330 435 285 473 260 511 547 8
D 544 79 2 120 545 199 8
D 542 71 8 291 543 246 502 214 531 102 544 445 322 479 276 515 250 517 8
D 541 59 11 495 245 460 275 429 321 391 358 353 397 317 432 69 465 207 500 239 529 270 542 519 8
L 553 38 20
D 552 37 2 57 553 59 8
D 551 35 2 55 552 60 8
D 550 33 2 349 551 350 8
D 549 29 2 45 550 63 8
D 548 25 2 37 549 65 8
D 556 79 5 414 399 378 434 337 467 295 503 417 8
D 559 99 6 505 279 469 325 441 362 407 401 368 436 508 8
D 561 81 2 136 135 134 29
D 560 83 2 561 290 335 29
D 558 89 4 330 473 366 559 285 511 560 8
D 557 79 2 120 558 199 8
D 555 71 8 291 556 246 531 214 544 102 557 445 359 479 322 515 276 517 8
D 554 59 11 495 275 460 321 429 358 391 397 353 432 317 465 69 500 207 529 239 542 270 555 519 8
D 564 23 2 42 41 40 67
D 563 21 2 38 564 43 39
D 568 37 2 57 553 59 29
D 567 35 2 55 568 60 29
D 566 33 2 349 567 350 29
D 565 29 2 45 566 63 29
D 570 27 2 48 47 46 64
D 572 31 2 51 52 53 62
D 574 37 2 57 58 59 553
D 573 35 2 60 568 55 574
D 575 31 2 51 62 53 8
D 571 33 3 572 567 349 573 575 29
D 576 27 2 48 64 46 8
D 569 29 3 570 566 45 571 576 29
D 578 23 2 42 67 40 8
D 577 21 2 38 578 43 66
D 562 25 3 563 565 37 569 577 29
D 35 39 11 36 68 311 316 345 352 385 390 423 428 455 459 490 494 524 528 536 541 548 554 562 8
D 581 3 2 5 34 7 8
D 580 1 2 3 581 9 8
D 584 11 2 17 28 19 8
D 585 11 2 17 18 19 29
D 583 13 2 584 20 585 8
D 582 9 2 11 583 30 8
D 587 3 2 5 6 7 29
D 586 1 2 3 587 9 29
D 579 5 2 580 582 586 8
D 591 79 5 414 434 378 467 337 503 295 532 417 8
D 594 99 6 505 325 469 362 441 401 407 436 368 474 508 8
D 595 83 2 135 290 145 29
D 593 89 3 330 511 366 594 595 8
D 592 79 2 120 593 199 8
D 590 71 8 291 591 445 398 246 544 214 557 479 359 102 592 515 322 517 8
D 589 59 11 495 321 460 358 429 397 391 432 353 465 317 500 69 529 207 542 239 555 270 590 519 8
D 588 39 11 36 316 311 352 345 390 385 428 423 459 455 494 490 528 524 541 536 554 548 589 562 8
D 597 1 2 9 4 3 8
D 598 1 2 9 33 3 29
D 596 5 2 597 582 598 8
D 602 79 5 414 467 378 503 337 532 295 545 417 8
D 605 99 6 505 362 469 401 441 436 407 474 368 512 508 8
D 606 83 2 133 290 144 29
D 604 89 2 366 605 606 8
D 603 79 2 120 604 199 8
D 601 71 8 291 602 445 433 479 398 246 557 515 359 214 592 102 603 517 8
D 600 59 11 495 358 460 397 429 432 391 465 353 500 317 529 69 542 207 555 239 590 270 601 519 8
D 599 39 11 36 352 311 390 345 428 385 459 423 494 455 528 490 541 524 554 536 589 548 600 562 8
D 609 3 2 7 6 5 8
D 608 1 2 3 609 9 8
D 611 3 2 7 34 5 29
D 610 1 2 3 611 9 29
D 607 5 2 608 582 610 8
D 615 79 5 414 503 378 532 337 545 295 558 417 8
D 621 97 2 155 156 157 29
D 620 95 2 153 621 158 193
D 619 93 3 148 620 509 192 510 29
D 618 99 5 505 401 469 436 441 474 407 512 619 8
D 617 89 2 366 618 606 8
D 616 79 2 120 617 199 8
D 614 71 8 291 615 445 466 479 433 515 398 246 592 214 603 102 616 517 8
D 613 59 11 495 397 460 432 429 465 391 500 353 529 317 542 69 555 207 590 239 601 270 614 519 8
D 612 39 11 36 390 311 428 345 459 385 494 423 528 455 541 490 554 524 589 536 600 548 613 562 8
D 625 11 2 19 28 17 8
D 626 11 2 19 18 17 29
D 624 13 2 625 20 626 8
D 623 9 2 11 624 30 8
D 622 5 2 2 623 32 8
D 630 79 5 414 532 378 545 337 558 295 593 417 8
D 635 95 2 158 193 153 29
D 634 93 3 148 635 509 192 510 29
D 633 99 4 505 436 469 474 441 512 634 8
D 632 89 2 366 633 606 8
D 631 79 2 120 632 199 8
D 629 71 8 291 630 445 502 479 466 515 433 246 603 214 616 102 631 517 8
D 628 59 11 495 432 460 465 429 500 391 529 353 542 317 555 69 590 207 601 239 614 270 629 519 8
D 627 39 11 36 428 311 459 345 494 385 528 423 541 455 554 490 589 524 600 536 613 548 628 562 8
D 638 7 2 14 13 12 8
D 639 7 2 14 31 12 29
D 637 9 2 638 583 639 8
D 636 5 2 2 637 32 8
D 643 79 5 414 545 378 558 337 593 295 604 417 8
D 648 91 2 149 150 151 160
D 647 93 2 509 192 648 29
D 646 99 3 505 474 469 512 647 8
D 645 89 2 366 646 606 8
D 644 79 2 120 645 199 8
D 642 71 8 291 643 479 502 515 466 445 531 246 616 214 631 102 644 517 8
D 641 59 11 495 465 460 500 429 529 391 542 353 555 317 590 69 601 207 614 239 629 270 642 519 8
D 640 39 11 36 459 311 494 345 528 385 541 423 554 455 589 490 600 524 613 536 628 548 641 562 8
D 651 7 2 12 31 14 8
D 652 7 2 12 13 14 29
D 650 9 2 651 583 652 8
D 649 5 2 2 650 32 8
D 656 79 5 414 558 378 593 337 604 295 617 417 8
D 660 93 2 506 192 507 29
D 659 99 2 505 512 660 8
D 658 89 2 366 659 606 8
D 657 79 2 120 658 199 8
D 655 71 8 515 502 291 656 479 531 445 544 246 631 214 644 102 657 517 8
D 654 59 11 495 500 460 529 429 542 391 555 353 590 317 601 69 614 207 629 239 642 270 655 519 8
D 653 39 11 36 494 311 528 345 541 385 554 423 589 455 600 490 613 524 628 536 641 548 654 562 8
D 664 15 2 26 22 21 8
D 663 13 2 584 664 585 8
D 662 9 2 11 663 30 8
D 661 5 2 2 662 32 8
D 668 79 5 414 593 378 604 337 617 295 632 417 8
D 671 67 2 115 269 110 112
D 670 65 2 108 671 116 451
D 669 63 3 103 670 483 450 484 29
D 667 71 7 515 531 291 668 479 544 445 557 246 644 214 657 669 8
D 666 59 11 495 529 460 542 429 555 391 590 353 601 317 614 69 629 207 642 239 655 270 667 519 8
D 665 39 11 36 528 311 541 345 554 385 589 423 600 455 613 490 628 524 641 536 654 548 666 562 8
L 677 18 9
D 676 17 2 23 677 25 8
D 675 15 2 21 676 26 8
D 674 13 2 584 675 585 8
D 673 9 2 11 674 30 8
D 672 5 2 2 673 32 8
D 681 79 5 414 604 378 617 337 632 295 645 417 8
D 683 65 2 116 451 108 269
D 682 63 3 103 683 483 450 484 29
D 680 71 6 515 544 291 681 479 557 445 592 246 657 682 8
D 679 59 11 495 542 460 555 429 590 391 601 353 614 317 629 69 642 207 655 239 667 270 680 519 8
D 678 39 11 36 541 311 554 345 589 385 600 423 613 455 628 490 641 524 654 536 666 548 679 562 8
D 688 17 2 25 24 23 8
D 687 15 2 21 688 26 8
D 686 13 2 584 687 585 8
D 685 9 2 11 686 30 8
D 684 5 2 2 685 32 8
D 692 79 5 414 617 378 632 337 645 295 658 417 8
D 693 63 3 483 450 103 451 484 29
D 691 71 5 515 557 291 692 479 592 445 603 693 8
D 690 59 11 495 555 460 590 429 601 391 614 353 629 317 642 69 655 207 667 239 680 270 691 519 8
D 689 39 11 36 554 311 589 345 600 385 613 423 628 455 641 490 654 524 666 536 679 548 690 562 8
D 698 17 2 23 24 25 677
D 699 17 2 23 677 25 29
D 697 15 2 21 698 26 699
D 700 11 2 19 28 17 18
D 701 15 2 21 699 26 29
D 702 11 2 19 18 17 8
D 696 13 3 584 697 700 701 702 29
D 703 7 2 14 13 12 31
D 704 13 2 584 701 585 29
D 705 7 2 14 31 12 8
D 695 9 3 11 696 703 704 705 29
D 707 3 2 7 6 5 34
D 706 1 2 3 707 9 4
D 708 9 2 11 704 30 29
D 710 3 2 7 34 5 8
D 709 1 2 3 710 9 33
D 694 5 3 2 695 706 708 709 29
D 0 19 11 1 35 579 588 596 599 607 612 622 627 636 640 649 653 661 665 672 678 684 689 694 8
