c ids of sdd nodes start at 0
c sdd nodes appear bottom-up, children before parents
c
c file syntax:
c sdd count-of-sdd-nodes
c F id-of-false-sdd-node
c T id-of-true-sdd-node
c L id-of-literal-sdd-node id-of-vtree literal
c D id-of-decomposition-sdd-node id-of-vtree number-of-elements {id-of-prime id-of-sub}*
c
sdd 710
L 3 0 -3
L 5 2 -4
L 6 4 -2
L 7 2 4
F 8
D 4 3 2 5 6 7 8
L 9 0 3
D 2 1 2 3 4 9 8
L 12 6 -6
L 13 8 -7
L 14 6 6
D 11 7 2 12 13 14 8
L 17 10 -5
L 18 12 1
L 19 10 5
D 16 11 2 17 18 19 8
L 21 14 -8
L 23 16 -10
L 24 18 -9
L 25 16 10
D 22 17 2 23 24 25 8
L 26 14 8
D 20 15 2 21 22 26 8
L 28 12 -1
T 29
D 27 11 2 17 28 19 29
D 15 13 2 16 20 27 8
L 31 8 7
D 30 7 2 12 31 14 29
D 10 9 2 11 15 30 8
L 34 4 2
D 33 3 2 5 34 7 29
D 32 1 2 3 33 9 29
D 1 5 2 2 10 32 8
L 38 20 -13
L 40 22 -15
L 41 24 -14
L 42 22 15
D 39 23 2 40 41 42 8
L 43 20 13
D 37 21 2 38 39 43 8
L 46 26 -16
L 47 28 -17
L 48 26 16
D 45 27 2 46 47 48 8
L 51 30 11
L 52 32 -12
L 53 30 -11
D 50 31 2 51 52 53 8
L 55 34 -18
L 57 36 -19
L 58 38 -20
L 59 36 19
D 56 37 2 57 58 59 8
L 60 34 18
D 54 35 2 55 56 60 8
L 62 32 12
D 61 31 2 51 62 53 29
D 49 33 2 50 54 61 8
L 64 28 17
D 63 27 2 46 64 48 29
D 44 29 2 45 49 63 8
L 67 24 14
D 66 23 2 40 67 42 29
D 65 21 2 38 66 43 29
D 36 25 2 37 44 65 8
L 71 40 -23
L 73 42 -24
L 74 44 -22
L 75 42 24
D 72 43 2 73 74 75 8
L 76 40 23
D 70 41 2 71 72 76 8
L 79 46 -26
L 80 48 -27
L 81 46 26
D 78 47 2 79 80 81 8
L 84 50 -25
L 85 52 -21
L 86 50 25
D 83 51 2 84 85 86 8
L 88 54 28
L 90 56 -30
L 91 58 -29
L 92 56 30
D 89 57 2 90 91 92 8
L 93 54 -28
D 87 55 2 88 89 93 8
L 95 52 21
D 94 51 2 84 95 86 29
D 82 53 2 83 87 94 8
L 97 48 27
D 96 47 2 79 97 81 29
D 77 49 2 78 82 96 8
L 100 44 22
D 99 43 2 73 100 75 29
D 98 41 2 71 99 76 29
D 69 45 2 70 77 98 8
L 104 60 -33
L 105 62 -32
L 106 60 33
D 103 61 2 104 105 106 8
L 108 64 -31
L 110 66 -38
L 112 68 40
L 113 70 -39
L 114 68 -40
D 111 69 2 112 113 114 8
L 115 66 38
D 109 67 2 110 111 115 8
L 116 64 31
D 107 65 2 108 109 116 8
L 118 62 32
D 117 61 2 104 118 106 29
D 102 63 2 103 107 117 8
L 122 72 -34
L 123 74 -35
L 124 72 34
D 121 73 2 122 123 124 8
L 126 76 -37
L 127 78 -36
L 128 76 37
D 125 77 2 126 127 128 8
L 130 74 35
D 129 73 2 122 130 124 29
D 120 75 2 121 125 129 8
L 134 80 -46
L 135 82 -47
L 136 80 46
D 133 81 2 134 135 136 8
L 138 84 -48
L 140 86 -49
L 141 88 50
L 142 86 49
D 139 87 2 140 141 142 8
L 143 84 48
D 137 85 2 138 139 143 8
L 145 82 47
D 144 81 2 134 145 136 29
D 132 83 2 133 137 144 8
L 149 90 -41
L 150 92 -42
L 151 90 41
D 148 91 2 149 150 151 8
L 153 94 -43
L 155 96 -45
L 156 98 -44
L 157 96 45
D 154 97 2 155 156 157 8
L 158 94 43
D 152 95 2 153 154 158 8
L 160 92 42
D 159 91 2 149 160 151 29
D 147 93 2 148 152 159 8
L 163 100 -51
L 164 102 -52
L 165 100 51
D 162 101 2 163 164 165 8
L 168 104 -53
L 169 106 -54
L 170 104 53
D 167 105 2 168 169 170 8
L 172 108 -55
L 174 110 -56
L 176 112 -57
L 178 114 -58
L 180 116 -59
L 181 118 60
L 182 116 59
D 179 117 2 180 181 182 8
L 183 114 58
D 177 115 2 178 179 183 8
L 184 112 57
D 175 113 2 176 177 184 8
L 185 110 56
D 173 111 2 174 175 185 8
L 186 108 55
D 171 109 2 172 173 186 8
L 188 106 54
D 187 105 2 168 188 170 29
D 166 107 2 167 171 187 8
L 190 102 52
D 189 101 2 163 190 165 29
D 161 103 2 162 166 189 8
L 194 98 44
D 193 97 2 155 194 157 29
D 192 95 2 153 193 158 29
D 191 93 2 148 192 159 29
D 146 99 2 147 161 191 8
L 198 88 -50
D 197 87 2 140 198 142 29
D 196 85 2 138 197 143 29
D 195 83 2 133 196 144 29
D 131 89 2 132 146 195 8
L 201 78 36
D 200 77 2 126 201 128 29
D 199 75 2 121 200 129 29
D 119 79 2 120 131 199 8
L 206 70 39
D 205 69 2 112 206 114 29
D 204 67 2 110 205 115 29
D 203 65 2 108 204 116 29
D 202 63 2 103 203 117 29
D 101 71 2 102 119 202 8
L 212 58 29
D 211 57 2 90 212 92 8
D 210 55 2 93 211 88 8
D 209 53 2 83 210 94 8
D 208 49 2 78 209 96 8
D 207 45 2 70 208 98 8
D 217 69 2 114 206 112 8
D 216 67 2 110 217 115 8
D 215 65 2 108 216 116 8
D 214 63 2 103 215 117 8
L 228 118 -60
D 227 117 2 182 228 180 8
D 226 115 2 178 227 183 8
D 225 113 2 176 226 184 8
D 224 111 2 174 225 185 8
D 223 109 2 172 224 186 8
D 222 107 2 167 223 187 8
D 221 103 2 162 222 189 8
D 220 99 2 147 221 191 8
D 231 87 2 142 198 140 8
D 230 85 2 138 231 143 8
D 229 83 2 133 230 144 8
D 234 87 2 140 198 142 141
D 233 85 2 138 234 143 29
D 232 83 2 133 233 144 29
D 219 89 3 132 220 229 146 232 8
D 218 79 2 120 219 199 8
D 238 69 2 114 113 112 206
D 237 67 2 110 238 115 29
D 236 65 2 108 237 116 29
D 235 63 2 103 236 117 29
D 213 71 3 214 119 102 218 235 8
D 243 57 2 92 91 90 8
D 242 55 2 93 243 88 8
D 241 53 2 83 242 94 8
D 240 49 2 78 241 96 8
D 239 45 2 70 240 98 8
D 248 69 2 114 113 112 8
D 247 67 2 115 248 110 8
D 246 65 2 108 247 116 8
D 245 63 2 103 246 117 8
D 258 117 2 180 228 182 8
D 257 115 2 183 258 178 8
D 256 113 2 176 257 184 8
D 255 111 2 174 256 185 8
D 254 109 2 172 255 186 8
D 253 107 2 167 254 187 8
D 252 103 2 162 253 189 8
D 251 99 2 147 252 191 8
D 261 87 2 140 198 142 8
D 260 85 2 143 261 138 8
D 259 83 2 133 260 144 8
D 264 87 2 140 141 142 29
D 263 85 2 138 234 143 264
D 262 83 2 133 263 144 29
D 250 89 4 132 251 229 220 259 146 262 8
D 249 79 2 120 250 199 8
D 268 69 2 114 206 112 29
D 267 67 2 110 238 115 268
D 266 65 2 108 267 116 29
D 265 63 2 103 266 117 29
D 244 71 4 245 119 102 249 214 218 265 8
D 273 57 2 90 212 92 29
D 274 57 2 90 91 92 212
D 272 55 2 88 273 93 274
D 271 53 2 83 272 94 29
D 270 49 2 78 271 96 29
D 269 45 2 70 270 98 29
D 68 59 4 69 101 207 213 239 244 269 8
D 278 31 2 53 62 51 8
D 279 31 2 53 52 51 29
D 277 33 2 278 54 279 8
D 276 29 2 45 277 63 8
D 275 25 2 37 276 65 8
D 283 47 2 79 97 81 8
D 285 55 2 93 89 88 8
D 284 53 2 83 285 94 8
D 286 47 2 79 80 81 29
D 282 49 2 283 284 286 8
D 281 45 2 70 282 98 8
D 296 115 2 178 258 183 8
D 295 113 2 184 296 176 8
D 294 111 2 174 295 185 8
D 293 109 2 172 294 186 8
D 292 107 2 167 293 187 8
D 291 103 2 162 292 189 8
D 290 99 2 147 291 191 8
D 298 81 2 134 145 136 8
D 299 85 2 138 261 143 8
D 300 81 2 134 135 136 29
D 297 83 2 298 299 300 8
D 302 85 2 138 264 143 29
D 301 83 3 133 263 298 302 136 29
D 289 89 5 132 290 229 251 259 220 297 146 301 8
D 288 79 2 120 289 199 8
D 305 67 2 110 248 115 8
D 304 65 2 108 305 116 8
D 303 63 2 103 304 117 8
D 308 77 2 128 127 126 8
D 307 75 2 121 308 129 8
D 310 77 2 128 201 126 29
D 309 75 2 121 310 129 29
D 306 79 2 307 131 309 8
D 314 69 2 112 206 114 8
D 313 67 2 110 314 115 268
D 312 65 2 108 313 116 29
D 311 63 2 103 312 117 29
D 287 71 5 102 288 214 249 245 218 303 306 311 8
D 318 55 2 93 273 88 29
D 317 53 2 83 318 94 29
D 316 49 3 78 271 283 317 81 29
D 315 45 2 70 316 98 29
D 280 59 5 281 101 69 213 207 244 239 287 315 8
D 320 21 2 43 39 38 8
D 323 31 2 53 52 51 8
D 324 31 2 53 62 51 29
D 322 33 2 323 54 324 8
D 321 29 2 45 322 63 8
D 325 21 2 43 66 38 29
D 319 25 2 320 321 325 8
D 329 47 2 81 80 79 8
D 330 47 2 81 97 79 29
D 328 49 2 329 284 330 8
D 327 45 2 70 328 98 8
D 339 113 2 176 296 184 8
D 338 111 2 185 339 174 8
D 337 109 2 172 338 186 8
D 336 107 2 167 337 187 8
D 335 103 2 162 336 189 8
D 334 99 2 147 335 191 8
D 341 81 2 136 135 134 8
D 342 81 2 136 145 134 29
D 340 83 2 341 299 342 8
D 344 81 2 136 135 134 145
D 345 81 2 136 145 134 8
D 343 83 3 133 263 344 302 345 29
D 333 89 6 132 334 229 290 259 251 297 220 340 146 343 8
D 332 79 2 120 333 199 8
D 348 77 2 126 201 128 8
D 347 75 2 121 348 129 8
D 350 77 2 126 127 128 201
D 349 75 2 121 350 129 29
D 346 79 3 347 131 307 219 349 8
D 331 71 5 102 332 303 346 214 288 245 249 311 8
D 353 47 2 81 80 79 97
D 354 47 2 81 97 79 8
D 352 49 3 78 271 353 317 354 29
D 351 45 2 70 352 98 29
D 326 59 6 327 101 281 213 69 244 207 287 239 331 351 8
D 357 23 2 40 67 42 8
D 356 21 2 38 357 43 8
D 359 23 2 40 41 42 29
D 358 21 2 38 359 43 29
D 355 25 2 356 321 358 8
D 364 51 2 86 85 84 8
D 365 51 2 86 95 84 29
D 363 53 2 364 285 365 8
D 362 49 2 78 363 96 8
D 361 45 2 70 362 98 8
D 373 111 2 174 339 185 8
D 372 109 2 186 373 172 8
D 371 107 2 167 372 187 8
D 370 103 2 162 371 189 8
D 369 99 2 147 370 191 8
D 374 83 2 133 299 144 8
D 378 97 2 157 156 155 8
D 377 95 2 153 378 158 8
D 376 93 2 148 377 159 8
D 381 97 2 157 194 155 29
D 380 95 2 153 381 158 29
D 379 93 2 148 380 159 29
D 375 99 2 376 161 379 8
D 384 87 2 142 141 140 8
D 383 85 2 138 384 143 264
D 382 83 3 133 383 344 302 345 29
D 368 89 7 132 369 374 375 229 334 259 290 297 251 340 220 382 8
D 367 79 2 120 368 199 8
D 387 73 2 122 130 124 8
D 388 73 2 122 123 124 29
D 386 75 2 387 125 388 8
D 389 75 3 121 350 387 200 124 29
D 385 79 4 386 131 347 219 307 250 389 8
D 366 71 5 102 367 303 385 214 332 245 288 311 8
D 392 53 3 364 318 83 272 95 29
D 391 49 3 78 392 353 317 354 29
D 390 45 2 70 391 98 29
D 360 59 7 361 101 327 213 281 244 69 287 207 331 239 366 390 8
D 395 23 2 42 41 40 8
D 394 21 2 38 395 43 8
D 397 23 2 42 67 40 29
D 396 21 2 38 397 43 29
D 393 25 2 394 321 396 8
D 401 43 2 75 74 73 8
D 400 41 2 71 401 76 8
D 402 49 2 78 284 96 8
D 404 43 2 75 100 73 29
D 403 41 2 71 404 76 29
D 399 45 2 400 402 403 8
D 411 105 2 168 188 170 8
D 412 109 2 172 373 186 8
D 413 105 2 168 169 170 29
D 410 107 2 411 412 413 8
D 409 103 2 162 410 189 8
D 408 99 2 147 409 191 8
D 417 97 2 155 194 157 8
D 416 95 2 153 417 158 8
D 415 93 2 148 416 159 8
D 420 97 2 155 156 157 194
D 419 95 2 153 420 158 29
D 418 93 2 148 419 159 29
D 414 99 3 415 161 376 221 418 8
D 407 89 7 132 408 374 414 229 369 259 334 297 290 340 251 382 8
D 406 79 2 120 407 199 8
D 423 73 2 124 123 122 8
D 424 73 2 124 130 122 29
D 422 75 2 423 125 424 8
D 426 73 2 124 123 122 130
D 427 73 2 124 130 122 8
D 425 75 3 121 350 426 200 427 29
D 421 79 5 422 131 386 219 347 250 307 289 425 8
D 405 71 5 102 406 303 421 214 367 245 332 311 8
D 429 49 2 78 317 96 29
D 430 41 2 71 100 76 29
D 428 45 3 70 391 400 429 430 29
D 398 59 8 399 101 361 213 327 244 281 287 69 331 207 366 239 405 428 8
D 433 27 2 48 47 46 8
D 434 27 2 48 64 46 29
D 432 29 2 433 322 434 8
D 431 25 2 37 432 65 8
D 437 41 2 76 72 71 8
D 438 41 2 76 99 71 29
D 436 45 2 437 402 438 8
D 445 105 2 170 169 168 8
D 446 105 2 170 188 168 29
D 444 107 2 445 412 446 8
D 443 103 2 162 444 189 8
D 442 99 2 147 443 191 8
D 449 95 2 158 154 153 8
D 448 93 2 148 449 159 8
D 451 95 2 153 420 158 193
D 450 93 2 148 451 159 29
D 447 99 4 448 161 415 221 376 252 450 8
D 441 89 7 132 442 374 447 229 408 259 369 297 334 340 290 382 8
D 440 79 2 120 441 199 8
D 453 61 2 106 105 104 8
D 454 61 2 106 118 104 29
D 452 63 2 453 304 454 8
D 455 79 5 422 219 386 250 307 333 347 289 425 8
D 458 67 2 110 268 115 29
D 457 65 2 108 458 116 29
D 456 63 3 103 312 453 457 118 29
D 439 71 6 102 440 452 119 303 455 214 406 245 367 456 8
D 460 41 2 71 401 76 72
D 461 41 2 76 99 71 100
D 459 45 3 70 391 460 429 461 29
D 435 59 9 436 101 399 213 361 244 327 287 281 331 69 366 207 405 239 439 459 8
D 464 27 2 46 64 48 8
D 465 27 2 46 47 48 29
D 463 29 2 464 322 465 8
D 462 25 2 37 463 65 8
D 469 43 2 73 100 75 8
D 468 41 2 71 469 76 8
D 471 43 2 73 74 75 29
D 470 41 2 71 471 76 29
D 467 45 2 468 402 470 8
D 477 91 2 149 160 151 8
D 478 91 2 149 150 151 29
D 476 93 2 477 152 478 8
D 479 93 3 148 451 477 192 151 29
D 475 99 5 476 161 448 221 415 252 376 291 479 8
D 482 101 2 163 190 165 8
D 483 107 2 167 412 187 8
D 484 101 2 163 164 165 29
D 481 103 2 482 483 484 8
D 480 99 2 147 481 191 8
D 474 89 7 374 475 229 442 132 480 259 408 297 369 340 334 382 8
D 473 79 2 120 474 199 8
D 485 79 5 422 250 307 368 347 333 386 289 425 8
D 487 61 2 104 118 106 8
D 488 61 2 104 105 106 29
D 486 63 2 487 304 488 8
D 490 61 2 106 105 104 118
D 491 61 2 106 118 104 8
D 489 63 3 103 312 490 457 491 29
D 472 71 7 102 473 303 485 214 440 486 119 245 406 452 218 489 8
D 494 43 2 75 74 73 100
D 493 41 2 71 494 76 72
D 496 43 2 75 100 73 8
D 495 41 2 71 496 76 99
D 492 45 3 70 391 493 429 495 29
D 466 59 10 467 101 436 213 399 244 361 287 327 331 281 366 69 405 207 439 239 472 492 8
D 500 35 2 60 56 55 8
D 499 33 2 323 500 324 8
D 498 29 2 45 499 63 8
D 497 25 2 37 498 65 8
D 505 51 2 84 95 86 8
D 506 51 2 84 85 86 29
D 504 53 2 505 285 506 8
D 503 49 2 78 504 96 8
D 502 45 2 70 503 98 8
D 508 79 5 347 368 307 407 386 333 422 289 425 8
D 513 91 2 151 150 149 8
D 514 91 2 151 160 149 29
D 512 93 2 513 152 514 8
D 516 91 2 151 150 149 160
D 517 91 2 151 160 149 8
D 515 93 3 148 451 516 192 517 29
D 511 99 6 512 161 476 221 448 252 415 291 376 335 515 8
D 520 101 2 165 164 163 8
D 521 101 2 165 190 163 29
D 519 103 2 520 483 521 8
D 518 99 2 147 519 191 8
D 510 89 7 374 511 259 442 229 480 297 408 132 518 340 369 382 8
D 509 79 2 120 510 199 8
D 523 65 2 116 305 108 8
D 522 63 2 103 523 117 8
D 525 65 2 108 313 116 458
D 524 63 3 103 525 490 457 491 29
D 507 71 8 303 508 102 509 214 473 245 440 522 119 452 249 486 218 524 8
D 529 51 2 86 85 84 95
D 530 51 2 86 95 84 8
D 528 53 3 529 318 83 272 530 29
D 527 49 3 353 317 78 528 354 29
D 526 45 3 493 429 70 527 495 29
D 501 59 11 502 101 467 213 436 244 399 287 361 331 327 366 281 405 69 439 207 472 239 507 526 8
D 535 37 2 59 58 57 8
D 534 35 2 55 535 60 8
D 533 33 2 323 534 324 8
D 532 29 2 45 533 63 8
D 531 25 2 37 532 65 8
D 538 79 5 386 368 347 407 307 441 422 333 425 8
D 541 99 6 512 221 476 252 448 291 415 335 376 370 515 8
D 543 85 2 143 264 138 141
D 542 83 3 133 543 344 302 345 29
D 540 89 6 374 541 297 442 259 480 340 408 229 518 542 8
D 539 79 2 120 540 199 8
D 537 71 8 303 538 214 509 245 473 102 539 452 288 486 249 522 218 524 8
D 536 59 11 502 213 467 244 436 287 399 331 361 366 327 405 281 439 69 472 207 507 239 537 526 8
L 549 38 20
D 548 37 2 57 549 59 8
D 547 35 2 55 548 60 8
D 546 33 2 323 547 324 8
D 545 29 2 45 546 63 8
D 544 25 2 37 545 65 8
D 552 79 5 422 368 386 407 347 441 307 474 425 8
D 555 99 6 512 252 476 291 448 335 415 370 376 409 515 8
D 556 83 3 344 302 133 264 345 29
D 554 89 5 374 555 340 442 297 480 259 518 556 8
D 553 79 2 120 554 199 8
D 551 71 8 303 552 245 509 214 539 102 553 452 332 486 288 522 249 524 8
D 550 59 11 502 244 467 287 436 331 399 366 361 405 327 439 281 472 69 507 207 537 239 551 526 8
D 559 23 2 42 41 40 67
D 558 21 2 38 559 43 39
D 563 37 2 57 549 59 29
D 562 35 2 55 563 60 29
D 561 33 2 323 562 324 29
D 560 29 2 45 561 63 29
D 565 27 2 48 47 46 64
D 567 31 2 51 52 53 62
D 569 37 2 57 58 59 549
D 568 35 2 60 563 55 569
D 570 31 2 51 62 53 8
D 566 33 3 567 562 323 568 570 29
D 571 27 2 48 64 46 8
D 564 29 3 565 561 45 566 571 29
D 573 23 2 42 67 40 8
D 572 21 2 38 573 43 66
D 557 25 3 558 560 37 564 572 29
D 35 39 11 36 68 275 280 319 326 355 360 393 398 431 435 462 466 497 501 531 536 544 550 557 8
D 576 3 2 5 34 7 8
D 575 1 2 3 576 9 8
D 579 11 2 17 28 19 8
D 580 11 2 17 18 19 29
D 578 13 2 579 20 580 8
D 577 9 2 11 578 30 8
D 582 3 2 5 6 7 29
D 581 1 2 3 582 9 29
D 574 5 2 575 577 581 8
D 586 79 5 422 407 386 441 347 474 307 510 425 8
D 589 99 6 512 291 476 335 448 370 415 409 376 443 515 8
D 591 81 2 136 135 134 29
D 590 83 2 591 302 345 29
D 588 89 4 340 480 374 589 297 518 590 8
D 587 79 2 120 588 199 8
D 585 71 8 303 586 245 539 214 553 102 587 452 367 486 332 522 288 524 8
D 584 59 11 502 287 467 331 436 366 399 405 361 439 327 472 281 507 69 537 207 551 239 585 526 8
D 583 39 11 36 280 275 326 319 360 355 398 393 435 431 466 462 501 497 536 531 550 544 584 557 8
D 593 1 2 9 4 3 8
D 594 1 2 9 33 3 29
D 592 5 2 593 577 594 8
D 598 79 5 422 441 386 474 347 510 307 540 425 8
D 601 99 6 512 335 476 370 448 409 415 443 376 481 515 8
D 602 83 2 135 302 145 29
D 600 89 3 340 518 374 601 602 8
D 599 79 2 120 600 199 8
D 597 71 8 303 598 452 406 245 553 214 587 486 367 102 599 522 332 524 8
D 596 59 11 502 331 467 366 436 405 399 439 361 472 327 507 281 537 69 551 207 585 239 597 526 8
D 595 39 11 36 326 275 360 319 398 355 435 393 466 431 501 462 536 497 550 531 584 544 596 557 8
D 605 3 2 7 6 5 8
D 604 1 2 3 605 9 8
D 607 3 2 7 34 5 29
D 606 1 2 3 607 9 29
D 603 5 2 604 577 606 8
D 611 79 5 422 474 386 510 347 540 307 554 425 8
D 614 99 6 512 370 476 409 448 443 415 481 376 519 515 8
D 615 83 2 133 302 144 29
D 613 89 2 374 614 615 8
D 612 79 2 120 613 199 8
D 610 71 8 303 611 452 440 486 406 245 587 522 367 214 599 102 612 524 8
D 609 59 11 502 366 467 405 436 439 399 472 361 507 327 537 281 551 69 585 207 597 239 610 526 8
D 608 39 11 36 360 275 398 319 435 355 466 393 501 431 536 462 550 497 584 531 596 544 609 557 8
D 619 11 2 19 28 17 8
D 620 11 2 19 18 17 29
D 618 13 2 619 20 620 8
D 617 9 2 11 618 30 8
D 616 5 2 2 617 32 8
D 624 79 5 422 510 386 540 347 554 307 588 425 8
D 630 97 2 155 156 157 29
D 629 95 2 153 630 158 193
D 628 93 3 148 629 516 192 517 29
D 627 99 5 512 409 476 443 448 481 415 519 628 8
D 626 89 2 374 627 615 8
D 625 79 2 120 626 199 8
D 623 71 8 303 624 452 473 486 440 522 406 245 599 214 612 102 625 524 8
D 622 59 11 502 405 467 439 436 472 399 507 361 537 327 551 281 585 69 597 207 610 239 623 526 8
D 621 39 11 36 398 275 435 319 466 355 501 393 536 431 550 462 584 497 596 531 609 544 622 557 8
D 633 7 2 14 13 12 8
D 634 7 2 14 31 12 29
D 632 9 2 633 578 634 8
D 631 5 2 2 632 32 8
D 638 79 5 422 540 386 554 347 588 307 600 425 8
D 643 95 2 158 193 153 29
D 642 93 3 148 643 516 192 517 29
D 641 99 4 512 443 476 481 448 519 642 8
D 640 89 2 374 641 615 8
D 639 79 2 120 640 199 8
D 637 71 8 303 638 452 509 486 473 522 440 245 612 214 625 102 639 524 8
D 636 59 11 502 439 467 472 436 507 399 537 361 551 327 585 281 597 69 610 207 623 239 637 526 8
D 635 39 11 36 435 275 466 319 501 355 536 393 550 431 584 462 596 497 609 531 622 544 636 557 8
D 646 7 2 12 31 14 8
D 647 7 2 12 13 14 29
D 645 9 2 646 578 647 8
D 644 5 2 2 645 32 8
D 651 79 5 422 554 386 588 347 600 307 613 425 8
D 656 91 2 149 150 151 160
D 655 93 2 516 192 656 29
D 654 99 3 512 481 476 519 655 8
D 653 89 2 374 654 615 8
D 652 79 2 120 653 199 8
D 650 71 8 303 651 486 509 522 473 452 539 245 625 214 639 102 652 524 8
D 649 59 11 502 472 467 507 436 537 399 551 361 585 327 597 281 610 69 623 207 637 239 650 526 8
D 648 39 11 36 466 275 501 319 536 355 550 393 584 431 596 462 609 497 622 531 636 544 649 557 8
D 660 15 2 26 22 21 8
D 659 13 2 579 660 580 8
D 658 9 2 11 659 30 8
D 657 5 2 2 658 32 8
D 664 79 5 422 588 386 600 347 613 307 626 425 8
D 668 93 2 513 192 514 29
D 667 99 2 512 519 668 8
D 666 89 2 374 667 615 8
D 665 79 2 120 666 199 8
D 663 71 8 522 509 303 664 486 539 452 553 245 639 214 652 102 665 524 8
D 662 59 11 502 507 467 537 436 551 399 585 361 597 327 610 281 623 69 637 207 650 239 663 526 8
D 661 39 11 36 501 275 536 319 550 355 584 393 596 431 609 462 622 497 636 531 649 544 662 557 8
L 674 18 9
D 673 17 2 23 674 25 8
D 672 15 2 21 673 26 8
D 671 13 2 579 672 580 8
D 670 9 2 11 671 30 8
D 669 5 2 2 670 32 8
D 678 79 5 422 600 386 613 347 626 307 640 425 8
D 681 67 2 115 268 110 112
D 680 65 2 108 681 116 458
D 679 63 3 103 680 490 457 491 29
D 677 71 7 522 539 303 678 486 553 452 587 245 652 214 665 679 8
D 676 59 11 502 537 467 551 436 585 399 597 361 610 327 623 281 637 69 650 207 663 239 677 526 8
D 675 39 11 36 536 275 550 319 584 355 596 393 609 431 622 462 636 497 649 531 662 544 676 557 8
D 686 17 2 25 24 23 8
D 685 15 2 21 686 26 8
D 684 13 2 579 685 580 8
D 683 9 2 11 684 30 8
D 682 5 2 2 683 32 8
D 690 79 5 422 613 386 626 347 640 307 653 425 8
D 692 65 2 116 458 108 268
D 691 63 3 103 692 490 457 491 29
D 689 71 6 522 553 303 690 486 587 452 599 245 665 691 8
D 688 59 11 502 551 467 585 436 597 399 610 361 623 327 637 281 650 69 663 207 677 239 689 526 8
D 687 39 11 36 550 275 584 319 596 355 609 393 622 431 636 462 649 497 662 531 676 544 688 557 8
D 697 17 2 23 24 25 674
D 698 17 2 23 674 25 29
D 696 15 2 21 697 26 698
D 699 11 2 19 28 17 18
D 700 15 2 21 698 26 29
D 701 11 2 19 18 17 8
D 695 13 3 579 696 699 700 701 29
D 702 7 2 14 13 12 31
D 703 13 2 579 700 580 29
D 704 7 2 14 31 12 8
D 694 9 3 11 695 702 703 704 29
D 706 3 2 7 6 5 34
D 705 1 2 3 706 9 4
D 707 9 2 11 703 30 29
D 709 3 2 7 34 5 8
D 708 1 2 3 709 9 33
D 693 5 3 2 694 705 707 708 29
D 0 19 11 1 35 574 583 592 595 603 608 616 621 631 635 644 648 657 661 669 675 682 687 693 8
