c ids of sdd nodes start at 0
c sdd nodes appear bottom-up, children before parents
c
c file syntax:
c sdd count-of-sdd-nodes
c F id-of-false-sdd-node
c T id-of-true-sdd-node
c L id-of-literal-sdd-node id-of-vtree literal
c D id-of-decomposition-sdd-node id-of-vtree number-of-elements {id-of-prime id-of-sub}*
c
sdd 710
L 3 0 -3
L 5 2 -4
L 6 4 -2
L 7 2 4
F 8
D 4 3 2 5 6 7 8
L 9 0 3
D 2 1 2 3 4 9 8
L 12 6 -6
L 13 8 -7
L 14 6 6
D 11 7 2 12 13 14 8
L 17 10 -5
L 18 12 1
L 19 10 5
D 16 11 2 17 18 19 8
L 21 14 -8
L 23 16 -10
L 24 18 -9
L 25 16 10
D 22 17 2 23 24 25 8
L 26 14 8
D 20 15 2 21 22 26 8
L 28 12 -1
T 29
D 27 11 2 17 28 19 29
D 15 13 2 16 20 27 8
L 31 8 7
D 30 7 2 12 31 14 29
D 10 9 2 11 15 30 8
L 34 4 2
D 33 3 2 5 34 7 29
D 32 1 2 3 33 9 29
D 1 5 2 2 10 32 8
L 38 20 -13
L 40 22 -15
L 41 24 -14
L 42 22 15
D 39 23 2 40 41 42 8
L 43 20 13
D 37 21 2 38 39 43 8
L 46 26 -16
L 47 28 -17
L 48 26 16
D 45 27 2 46 47 48 8
L 51 30 11
L 52 32 -12
L 53 30 -11
D 50 31 2 51 52 53 8
L 55 34 -18
L 57 36 -19
L 58 38 -20
L 59 36 19
D 56 37 2 57 58 59 8
L 60 34 18
D 54 35 2 55 56 60 8
L 62 32 12
D 61 31 2 51 62 53 29
D 49 33 2 50 54 61 8
L 64 28 17
D 63 27 2 46 64 48 29
D 44 29 2 45 49 63 8
L 67 24 14
D 66 23 2 40 67 42 29
D 65 21 2 38 66 43 29
D 36 25 2 37 44 65 8
L 71 40 -23
L 73 42 -24
L 74 44 -22
L 75 42 24
D 72 43 2 73 74 75 8
L 76 40 23
D 70 41 2 71 72 76 8
L 79 46 -26
L 80 48 -27
L 81 46 26
D 78 47 2 79 80 81 8
L 84 50 -25
L 85 52 -21
L 86 50 25
D 83 51 2 84 85 86 8
L 88 54 -28
L 90 56 30
L 91 58 -29
L 92 56 -30
D 89 57 2 90 91 92 8
L 93 54 28
D 87 55 2 88 89 93 8
L 95 52 21
D 94 51 2 84 95 86 29
D 82 53 2 83 87 94 8
L 97 48 27
D 96 47 2 79 97 81 29
D 77 49 2 78 82 96 8
L 100 44 22
D 99 43 2 73 100 75 29
D 98 41 2 71 99 76 29
D 69 45 2 70 77 98 8
L 104 60 -33
L 105 62 -32
L 106 60 33
D 103 61 2 104 105 106 8
L 108 64 -31
L 110 66 -38
L 112 68 40
L 113 70 -39
L 114 68 -40
D 111 69 2 112 113 114 8
L 115 66 38
D 109 67 2 110 111 115 8
L 116 64 31
D 107 65 2 108 109 116 8
L 118 62 32
D 117 61 2 104 118 106 29
D 102 63 2 103 107 117 8
L 122 72 -34
L 123 74 -35
L 124 72 34
D 121 73 2 122 123 124 8
L 126 76 -37
L 127 78 -36
L 128 76 37
D 125 77 2 126 127 128 8
L 130 74 35
D 129 73 2 122 130 124 29
D 120 75 2 121 125 129 8
L 134 80 -46
L 135 82 -47
L 136 80 46
D 133 81 2 134 135 136 8
L 138 84 -48
L 140 86 -49
L 141 88 50
L 142 86 49
D 139 87 2 140 141 142 8
L 143 84 48
D 137 85 2 138 139 143 8
L 145 82 47
D 144 81 2 134 145 136 29
D 132 83 2 133 137 144 8
L 149 90 -41
L 150 92 -42
L 151 90 41
D 148 91 2 149 150 151 8
L 153 94 -43
L 155 96 -45
L 156 98 -44
L 157 96 45
D 154 97 2 155 156 157 8
L 158 94 43
D 152 95 2 153 154 158 8
L 160 92 42
D 159 91 2 149 160 151 29
D 147 93 2 148 152 159 8
L 163 100 -51
L 164 102 -52
L 165 100 51
D 162 101 2 163 164 165 8
L 168 104 -53
L 169 106 -54
L 170 104 53
D 167 105 2 168 169 170 8
L 172 108 -55
L 174 110 -56
L 176 112 -57
L 178 114 -58
L 180 116 -59
L 181 118 60
L 182 116 59
D 179 117 2 180 181 182 8
L 183 114 58
D 177 115 2 178 179 183 8
L 184 112 57
D 175 113 2 176 177 184 8
L 185 110 56
D 173 111 2 174 175 185 8
L 186 108 55
D 171 109 2 172 173 186 8
L 188 106 54
D 187 105 2 168 188 170 29
D 166 107 2 167 171 187 8
L 190 102 52
D 189 101 2 163 190 165 29
D 161 103 2 162 166 189 8
L 194 98 44
D 193 97 2 155 194 157 29
D 192 95 2 153 193 158 29
D 191 93 2 148 192 159 29
D 146 99 2 147 161 191 8
L 198 88 -50
D 197 87 2 140 198 142 29
D 196 85 2 138 197 143 29
D 195 83 2 133 196 144 29
D 131 89 2 132 146 195 8
L 201 78 36
D 200 77 2 126 201 128 29
D 199 75 2 121 200 129 29
D 119 79 2 120 131 199 8
L 206 70 39
D 205 69 2 112 206 114 29
D 204 67 2 110 205 115 29
D 203 65 2 108 204 116 29
D 202 63 2 103 203 117 29
D 101 71 2 102 119 202 8
L 212 58 29
D 211 57 2 90 212 92 29
D 210 55 2 88 211 93 29
D 209 53 2 83 210 94 29
D 208 49 2 78 209 96 29
D 207 45 2 70 208 98 29
D 68 59 2 69 101 207 8
D 216 31 2 53 62 51 8
D 217 31 2 53 52 51 29
D 215 33 2 216 54 217 8
D 214 29 2 45 215 63 8
D 213 25 2 37 214 65 8
D 223 57 2 92 212 90 8
D 222 55 2 88 223 93 8
D 221 53 2 83 222 94 8
D 220 49 2 78 221 96 8
D 219 45 2 70 220 98 8
D 228 69 2 114 206 112 8
D 227 67 2 110 228 115 8
D 226 65 2 108 227 116 8
D 225 63 2 103 226 117 8
L 239 118 -60
D 238 117 2 182 239 180 8
D 237 115 2 178 238 183 8
D 236 113 2 176 237 184 8
D 235 111 2 174 236 185 8
D 234 109 2 172 235 186 8
D 233 107 2 167 234 187 8
D 232 103 2 162 233 189 8
D 231 99 2 147 232 191 8
D 242 87 2 142 198 140 8
D 241 85 2 138 242 143 8
D 240 83 2 133 241 144 8
D 245 87 2 140 198 142 141
D 244 85 2 138 245 143 29
D 243 83 2 133 244 144 29
D 230 89 3 132 231 240 146 243 8
D 229 79 2 120 230 199 8
D 249 69 2 114 113 112 206
D 248 67 2 110 249 115 29
D 247 65 2 108 248 116 29
D 246 63 2 103 247 117 29
D 224 71 3 225 119 102 229 246 8
D 254 57 2 92 91 90 212
D 253 55 2 88 254 93 29
D 252 53 2 83 253 94 29
D 251 49 2 78 252 96 29
D 250 45 2 70 251 98 29
D 218 59 3 219 101 69 224 250 8
D 256 21 2 43 39 38 8
D 259 31 2 53 52 51 8
D 260 31 2 53 62 51 29
D 258 33 2 259 54 260 8
D 257 29 2 45 258 63 8
D 261 21 2 43 66 38 29
D 255 25 2 256 257 261 8
D 267 57 2 92 91 90 8
D 266 55 2 93 267 88 8
D 265 53 2 83 266 94 8
D 264 49 2 78 265 96 8
D 263 45 2 70 264 98 8
D 272 69 2 114 113 112 8
D 271 67 2 115 272 110 8
D 270 65 2 108 271 116 8
D 269 63 2 103 270 117 8
D 282 117 2 180 239 182 8
D 281 115 2 183 282 178 8
D 280 113 2 176 281 184 8
D 279 111 2 174 280 185 8
D 278 109 2 172 279 186 8
D 277 107 2 167 278 187 8
D 276 103 2 162 277 189 8
D 275 99 2 147 276 191 8
D 285 87 2 140 198 142 8
D 284 85 2 143 285 138 8
D 283 83 2 133 284 144 8
D 288 87 2 140 141 142 29
D 287 85 2 138 245 143 288
D 286 83 2 133 287 144 29
D 274 89 4 132 275 240 231 283 146 286 8
D 273 79 2 120 274 199 8
D 292 69 2 114 206 112 29
D 291 67 2 110 249 115 292
D 290 65 2 108 291 116 29
D 289 63 2 103 290 117 29
D 268 71 4 269 119 102 273 225 229 289 8
D 297 57 2 92 212 90 29
D 296 55 2 93 297 88 254
D 295 53 2 83 296 94 29
D 294 49 2 78 295 96 29
D 293 45 2 70 294 98 29
D 262 59 4 263 101 219 224 69 268 293 8
D 300 23 2 40 67 42 8
D 299 21 2 38 300 43 8
D 302 23 2 40 41 42 29
D 301 21 2 38 302 43 29
D 298 25 2 299 257 301 8
D 306 47 2 79 97 81 8
D 308 55 2 88 267 93 8
D 307 53 2 83 308 94 8
D 309 47 2 79 80 81 29
D 305 49 2 306 307 309 8
D 304 45 2 70 305 98 8
D 319 115 2 178 282 183 8
D 318 113 2 184 319 176 8
D 317 111 2 174 318 185 8
D 316 109 2 172 317 186 8
D 315 107 2 167 316 187 8
D 314 103 2 162 315 189 8
D 313 99 2 147 314 191 8
D 321 81 2 134 145 136 8
D 322 85 2 138 285 143 8
D 323 81 2 134 135 136 29
D 320 83 2 321 322 323 8
D 325 85 2 138 288 143 29
D 324 83 3 133 287 321 325 136 29
D 312 89 5 132 313 240 275 283 231 320 146 324 8
D 311 79 2 120 312 199 8
D 328 67 2 110 272 115 8
D 327 65 2 108 328 116 8
D 326 63 2 103 327 117 8
D 331 77 2 128 127 126 8
D 330 75 2 121 331 129 8
D 333 77 2 128 201 126 29
D 332 75 2 121 333 129 29
D 329 79 2 330 131 332 8
D 337 69 2 112 206 114 8
D 336 67 2 110 337 115 292
D 335 65 2 108 336 116 29
D 334 63 2 103 335 117 29
D 310 71 5 102 311 225 273 269 229 326 329 334 8
D 341 55 2 88 297 93 29
D 340 53 2 83 341 94 29
D 339 49 3 78 295 306 340 81 29
D 338 45 2 70 339 98 29
D 303 59 5 304 101 263 224 219 268 69 310 338 8
D 344 23 2 42 41 40 8
D 343 21 2 38 344 43 8
D 346 23 2 42 67 40 29
D 345 21 2 38 346 43 29
D 342 25 2 343 257 345 8
D 350 47 2 81 80 79 8
D 351 47 2 81 97 79 29
D 349 49 2 350 307 351 8
D 348 45 2 70 349 98 8
D 360 113 2 176 319 184 8
D 359 111 2 185 360 174 8
D 358 109 2 172 359 186 8
D 357 107 2 167 358 187 8
D 356 103 2 162 357 189 8
D 355 99 2 147 356 191 8
D 362 81 2 136 135 134 8
D 363 81 2 136 145 134 29
D 361 83 2 362 322 363 8
D 365 81 2 136 135 134 145
D 366 81 2 136 145 134 8
D 364 83 3 133 287 365 325 366 29
D 354 89 6 132 355 240 313 283 275 320 231 361 146 364 8
D 353 79 2 120 354 199 8
D 369 77 2 126 201 128 8
D 368 75 2 121 369 129 8
D 371 77 2 126 127 128 201
D 370 75 2 121 371 129 29
D 367 79 3 368 131 330 230 370 8
D 352 71 5 102 353 326 367 225 311 269 273 334 8
D 374 47 2 81 80 79 97
D 375 47 2 81 97 79 8
D 373 49 3 78 295 374 340 375 29
D 372 45 2 70 373 98 29
D 347 59 6 348 101 304 224 263 268 219 310 69 352 372 8
D 378 27 2 48 47 46 8
D 379 27 2 48 64 46 29
D 377 29 2 378 258 379 8
D 376 25 2 37 377 65 8
D 384 51 2 86 85 84 8
D 385 51 2 86 95 84 29
D 383 53 2 384 308 385 8
D 382 49 2 78 383 96 8
D 381 45 2 70 382 98 8
D 393 111 2 174 360 185 8
D 392 109 2 186 393 172 8
D 391 107 2 167 392 187 8
D 390 103 2 162 391 189 8
D 389 99 2 147 390 191 8
D 394 83 2 133 322 144 8
D 398 97 2 157 156 155 8
D 397 95 2 153 398 158 8
D 396 93 2 148 397 159 8
D 401 97 2 157 194 155 29
D 400 95 2 153 401 158 29
D 399 93 2 148 400 159 29
D 395 99 2 396 161 399 8
D 404 87 2 142 141 140 8
D 403 85 2 138 404 143 288
D 402 83 3 133 403 365 325 366 29
D 388 89 7 132 389 394 395 240 355 283 313 320 275 361 231 402 8
D 387 79 2 120 388 199 8
D 407 73 2 122 130 124 8
D 408 73 2 122 123 124 29
D 406 75 2 407 125 408 8
D 409 75 3 121 371 407 200 124 29
D 405 79 4 406 131 368 230 330 274 409 8
D 386 71 5 102 387 326 405 225 353 269 311 334 8
D 412 53 3 384 341 83 296 95 29
D 411 49 3 78 412 374 340 375 29
D 410 45 2 70 411 98 29
D 380 59 7 381 101 348 224 304 268 263 310 219 352 69 386 410 8
D 415 27 2 46 64 48 8
D 416 27 2 46 47 48 29
D 414 29 2 415 258 416 8
D 413 25 2 37 414 65 8
D 420 43 2 75 74 73 8
D 419 41 2 71 420 76 8
D 421 49 2 78 307 96 8
D 423 43 2 75 100 73 29
D 422 41 2 71 423 76 29
D 418 45 2 419 421 422 8
D 430 105 2 168 188 170 8
D 431 109 2 172 393 186 8
D 432 105 2 168 169 170 29
D 429 107 2 430 431 432 8
D 428 103 2 162 429 189 8
D 427 99 2 147 428 191 8
D 436 97 2 155 194 157 8
D 435 95 2 153 436 158 8
D 434 93 2 148 435 159 8
D 439 97 2 155 156 157 194
D 438 95 2 153 439 158 29
D 437 93 2 148 438 159 29
D 433 99 3 434 161 396 232 437 8
D 426 89 7 132 427 394 433 240 389 283 355 320 313 361 275 402 8
D 425 79 2 120 426 199 8
D 442 73 2 124 123 122 8
D 443 73 2 124 130 122 29
D 441 75 2 442 125 443 8
D 445 73 2 124 123 122 130
D 446 73 2 124 130 122 8
D 444 75 3 121 371 445 200 446 29
D 440 79 5 441 131 406 230 368 274 330 312 444 8
D 424 71 5 102 425 326 440 225 387 269 353 334 8
D 448 49 2 78 340 96 29
D 449 41 2 71 100 76 29
D 447 45 3 70 411 419 448 449 29
D 417 59 8 418 101 381 224 348 268 304 310 263 352 219 386 69 424 447 8
D 453 35 2 60 56 55 8
D 452 33 2 259 453 260 8
D 451 29 2 45 452 63 8
D 450 25 2 37 451 65 8
D 456 41 2 76 72 71 8
D 457 41 2 76 99 71 29
D 455 45 2 456 421 457 8
D 464 105 2 170 169 168 8
D 465 105 2 170 188 168 29
D 463 107 2 464 431 465 8
D 462 103 2 162 463 189 8
D 461 99 2 147 462 191 8
D 468 95 2 158 154 153 8
D 467 93 2 148 468 159 8
D 470 95 2 153 439 158 193
D 469 93 2 148 470 159 29
D 466 99 4 467 161 434 232 396 276 469 8
D 460 89 7 132 461 394 466 240 427 283 389 320 355 361 313 402 8
D 459 79 2 120 460 199 8
D 472 61 2 106 105 104 8
D 473 61 2 106 118 104 29
D 471 63 2 472 327 473 8
D 474 79 5 441 230 406 274 330 354 368 312 444 8
D 477 67 2 110 292 115 29
D 476 65 2 108 477 116 29
D 475 63 3 103 335 472 476 118 29
D 458 71 6 102 459 471 119 326 474 225 425 269 387 475 8
D 479 41 2 71 420 76 72
D 480 41 2 76 99 71 100
D 478 45 3 70 411 479 448 480 29
D 454 59 9 455 101 418 224 381 268 348 310 304 352 263 386 219 424 69 458 478 8
D 485 37 2 59 58 57 8
D 484 35 2 55 485 60 8
D 483 33 2 259 484 260 8
D 482 29 2 45 483 63 8
D 481 25 2 37 482 65 8
D 489 43 2 73 100 75 8
D 488 41 2 71 489 76 8
D 491 43 2 73 74 75 29
D 490 41 2 71 491 76 29
D 487 45 2 488 421 490 8
D 497 91 2 149 160 151 8
D 498 91 2 149 150 151 29
D 496 93 2 497 152 498 8
D 499 93 3 148 470 497 192 151 29
D 495 99 5 496 161 467 232 434 276 396 314 499 8
D 502 101 2 163 190 165 8
D 503 107 2 167 431 187 8
D 504 101 2 163 164 165 29
D 501 103 2 502 503 504 8
D 500 99 2 147 501 191 8
D 494 89 7 394 495 240 461 132 500 283 427 320 389 361 355 402 8
D 493 79 2 120 494 199 8
D 505 79 5 441 274 330 388 368 354 406 312 444 8
D 507 61 2 104 118 106 8
D 508 61 2 104 105 106 29
D 506 63 2 507 327 508 8
D 510 61 2 106 105 104 118
D 511 61 2 106 118 104 8
D 509 63 3 103 335 510 476 511 29
D 492 71 7 102 493 326 505 225 459 506 119 269 425 471 229 509 8
D 514 43 2 75 74 73 100
D 513 41 2 71 514 76 72
D 516 43 2 75 100 73 8
D 515 41 2 71 516 76 99
D 512 45 3 70 411 513 448 515 29
D 486 59 10 487 101 455 224 418 268 381 310 348 352 304 386 263 424 219 458 69 492 512 8
L 522 38 20
D 521 37 2 57 522 59 8
D 520 35 2 55 521 60 8
D 519 33 2 259 520 260 8
D 518 29 2 45 519 63 8
D 517 25 2 37 518 65 8
D 527 51 2 84 95 86 8
D 528 51 2 84 85 86 29
D 526 53 2 527 308 528 8
D 525 49 2 78 526 96 8
D 524 45 2 70 525 98 8
D 530 79 5 368 388 330 426 406 354 441 312 444 8
D 535 91 2 151 150 149 8
D 536 91 2 151 160 149 29
D 534 93 2 535 152 536 8
D 538 91 2 151 150 149 160
D 539 91 2 151 160 149 8
D 537 93 3 148 470 538 192 539 29
D 533 99 6 534 161 496 232 467 276 434 314 396 356 537 8
D 542 101 2 165 164 163 8
D 543 101 2 165 190 163 29
D 541 103 2 542 503 543 8
D 540 99 2 147 541 191 8
D 532 89 7 394 533 283 461 240 500 320 427 132 540 361 389 402 8
D 531 79 2 120 532 199 8
D 545 65 2 116 328 108 8
D 544 63 2 103 545 117 8
D 547 65 2 108 336 116 477
D 546 63 3 103 547 510 476 511 29
D 529 71 8 326 530 102 531 225 493 269 459 544 119 471 273 506 229 546 8
D 551 51 2 86 85 84 95
D 552 51 2 86 95 84 8
D 550 53 3 551 341 83 296 552 29
D 549 49 3 374 340 78 550 375 29
D 548 45 3 513 448 70 549 515 29
D 523 59 11 524 101 487 224 455 268 418 310 381 352 348 386 304 424 263 458 219 492 69 529 548 8
D 555 23 2 42 41 40 67
D 554 21 2 38 555 43 39
D 559 37 2 57 522 59 29
D 558 35 2 55 559 60 29
D 557 33 2 259 558 260 29
D 556 29 2 45 557 63 29
D 561 27 2 48 47 46 64
D 563 31 2 51 52 53 62
D 565 37 2 57 58 59 522
D 564 35 2 60 559 55 565
D 566 31 2 51 62 53 8
D 562 33 3 563 558 259 564 566 29
D 567 27 2 48 64 46 8
D 560 29 3 561 557 45 562 567 29
D 569 23 2 42 67 40 8
D 568 21 2 38 569 43 66
D 553 25 3 554 556 37 560 568 29
D 35 39 11 36 68 213 218 255 262 298 303 342 347 376 380 413 417 450 454 481 486 517 523 553 8
D 572 3 2 5 34 7 8
D 571 1 2 3 572 9 8
D 575 11 2 17 28 19 8
D 576 11 2 17 18 19 29
D 574 13 2 575 20 576 8
D 573 9 2 11 574 30 8
D 578 3 2 5 6 7 29
D 577 1 2 3 578 9 29
D 570 5 2 571 573 577 8
D 582 79 5 406 388 368 426 330 460 441 354 444 8
D 585 99 6 534 232 496 276 467 314 434 356 396 390 537 8
D 587 85 2 143 288 138 141
D 586 83 3 133 587 365 325 366 29
D 584 89 6 394 585 320 461 283 500 361 427 240 540 586 8
D 583 79 2 120 584 199 8
D 581 71 8 326 582 225 531 269 493 102 583 471 311 506 273 544 229 546 8
D 580 59 11 524 224 487 268 455 310 418 352 381 386 348 424 304 458 263 492 219 529 69 581 548 8
D 579 39 11 36 218 213 262 255 303 298 347 342 380 376 417 413 454 450 486 481 523 517 580 553 8
D 589 1 2 9 4 3 8
D 590 1 2 9 33 3 29
D 588 5 2 589 573 590 8
D 594 79 5 441 388 406 426 368 460 330 494 444 8
D 597 99 6 534 276 496 314 467 356 434 390 396 428 537 8
D 598 83 3 365 325 133 288 366 29
D 596 89 5 394 597 361 461 320 500 283 540 598 8
D 595 79 2 120 596 199 8
D 593 71 8 326 594 269 531 225 583 102 595 471 353 506 311 544 273 546 8
D 592 59 11 524 268 487 310 455 352 418 386 381 424 348 458 304 492 263 529 219 581 69 593 548 8
D 591 39 11 36 262 213 303 255 347 298 380 342 417 376 454 413 486 450 523 481 580 517 592 553 8
D 601 3 2 7 6 5 8
D 600 1 2 3 601 9 8
D 603 3 2 7 34 5 29
D 602 1 2 3 603 9 29
D 599 5 2 600 573 602 8
D 607 79 5 441 426 406 460 368 494 330 532 444 8
D 610 99 6 534 314 496 356 467 390 434 428 396 462 537 8
D 612 81 2 136 135 134 29
D 611 83 2 612 325 366 29
D 609 89 4 361 500 394 610 320 540 611 8
D 608 79 2 120 609 199 8
D 606 71 8 326 607 269 583 225 595 102 608 471 387 506 353 544 311 546 8
D 605 59 11 524 310 487 352 455 386 418 424 381 458 348 492 304 529 263 581 219 593 69 606 548 8
D 604 39 11 36 303 213 347 255 380 298 417 342 454 376 486 413 523 450 580 481 592 517 605 553 8
D 616 11 2 19 28 17 8
D 617 11 2 19 18 17 29
D 615 13 2 616 20 617 8
D 614 9 2 11 615 30 8
D 613 5 2 2 614 32 8
D 621 79 5 441 460 406 494 368 532 330 584 444 8
D 624 99 6 534 356 496 390 467 428 434 462 396 501 537 8
D 625 83 2 135 325 145 29
D 623 89 3 361 540 394 624 625 8
D 622 79 2 120 623 199 8
D 620 71 8 326 621 471 425 269 595 225 608 506 387 102 622 544 353 546 8
D 619 59 11 524 352 487 386 455 424 418 458 381 492 348 529 304 581 263 593 219 606 69 620 548 8
D 618 39 11 36 347 213 380 255 417 298 454 342 486 376 523 413 580 450 592 481 605 517 619 553 8
D 628 7 2 14 13 12 8
D 629 7 2 14 31 12 29
D 627 9 2 628 574 629 8
D 626 5 2 2 627 32 8
D 633 79 5 441 494 406 532 368 584 330 596 444 8
D 636 99 6 534 390 496 428 467 462 434 501 396 541 537 8
D 637 83 2 133 325 144 29
D 635 89 2 394 636 637 8
D 634 79 2 120 635 199 8
D 632 71 8 326 633 471 459 506 425 269 608 544 387 225 622 102 634 546 8
D 631 59 11 524 386 487 424 455 458 418 492 381 529 348 581 304 593 263 606 219 620 69 632 548 8
D 630 39 11 36 380 213 417 255 454 298 486 342 523 376 580 413 592 450 605 481 619 517 631 553 8
D 640 7 2 12 31 14 8
D 641 7 2 12 13 14 29
D 639 9 2 640 574 641 8
D 638 5 2 2 639 32 8
D 645 79 5 441 532 406 584 368 596 330 609 444 8
D 651 97 2 155 156 157 29
D 650 95 2 153 651 158 193
D 649 93 3 148 650 538 192 539 29
D 648 99 5 534 428 496 462 467 501 434 541 649 8
D 647 89 2 394 648 637 8
D 646 79 2 120 647 199 8
D 644 71 8 326 645 471 493 506 459 544 425 269 622 225 634 102 646 546 8
D 643 59 11 524 424 487 458 455 492 418 529 381 581 348 593 304 606 263 620 219 632 69 644 548 8
D 642 39 11 36 417 213 454 255 486 298 523 342 580 376 592 413 605 450 619 481 631 517 643 553 8
D 655 15 2 26 22 21 8
D 654 13 2 575 655 576 8
D 653 9 2 11 654 30 8
D 652 5 2 2 653 32 8
D 659 79 5 441 584 406 596 368 609 330 623 444 8
D 664 95 2 158 193 153 29
D 663 93 3 148 664 538 192 539 29
D 662 99 4 534 462 496 501 467 541 663 8
D 661 89 2 394 662 637 8
D 660 79 2 120 661 199 8
D 658 71 8 326 659 471 531 506 493 544 459 269 634 225 646 102 660 546 8
D 657 59 11 524 458 487 492 455 529 418 581 381 593 348 606 304 620 263 632 219 644 69 658 548 8
D 656 39 11 36 454 213 486 255 523 298 580 342 592 376 605 413 619 450 631 481 643 517 657 553 8
L 670 18 9
D 669 17 2 23 670 25 8
D 668 15 2 21 669 26 8
D 667 13 2 575 668 576 8
D 666 9 2 11 667 30 8
D 665 5 2 2 666 32 8
D 674 79 5 441 596 406 609 368 623 330 635 444 8
D 679 91 2 149 150 151 160
D 678 93 2 538 192 679 29
D 677 99 3 534 501 496 541 678 8
D 676 89 2 394 677 637 8
D 675 79 2 120 676 199 8
D 673 71 8 326 674 506 531 544 493 471 583 269 646 225 660 102 675 546 8
D 672 59 11 524 492 487 529 455 581 418 593 381 606 348 620 304 632 263 644 219 658 69 673 548 8
D 671 39 11 36 486 213 523 255 580 298 592 342 605 376 619 413 631 450 643 481 657 517 672 553 8
D 684 17 2 25 24 23 8
D 683 15 2 21 684 26 8
D 682 13 2 575 683 576 8
D 681 9 2 11 682 30 8
D 680 5 2 2 681 32 8
D 688 79 5 441 609 406 623 368 635 330 647 444 8
D 692 93 2 535 192 536 29
D 691 99 2 534 541 692 8
D 690 89 2 394 691 637 8
D 689 79 2 120 690 199 8
D 687 71 8 544 531 326 688 506 583 471 595 269 660 225 675 102 689 546 8
D 686 59 11 524 529 487 581 455 593 418 606 381 620 348 632 304 644 263 658 219 673 69 687 548 8
D 685 39 11 36 523 213 580 255 592 298 605 342 619 376 631 413 643 450 657 481 672 517 686 553 8
D 697 17 2 23 24 25 670
D 698 17 2 23 670 25 29
D 696 15 2 21 697 26 698
D 699 11 2 19 28 17 18
D 700 15 2 21 698 26 29
D 701 11 2 19 18 17 8
D 695 13 3 575 696 699 700 701 29
D 702 7 2 14 13 12 31
D 703 13 2 575 700 576 29
D 704 7 2 14 31 12 8
D 694 9 3 11 695 702 703 704 29
D 706 3 2 7 6 5 34
D 705 1 2 3 706 9 4
D 707 9 2 11 703 30 29
D 709 3 2 7 34 5 8
D 708 1 2 3 709 9 33
D 693 5 3 2 694 705 707 708 29
D 0 19 11 1 35 570 579 588 591 599 604 613 618 626 630 638 642 652 656 665 671 680 685 693 8
