c ids of sdd nodes start at 0
c sdd nodes appear bottom-up, children before parents
c
c file syntax:
c sdd count-of-sdd-nodes
c F id-of-false-sdd-node
c T id-of-true-sdd-node
c L id-of-literal-sdd-node id-of-vtree literal
c D id-of-decomposition-sdd-node id-of-vtree number-of-elements {id-of-prime id-of-sub}*
c
sdd 706
L 3 0 -3
L 5 2 -4
L 6 4 -2
L 7 2 4
F 8
D 4 3 2 5 6 7 8
L 9 0 3
D 2 1 2 3 4 9 8
L 12 6 -6
L 13 8 -7
L 14 6 6
D 11 7 2 12 13 14 8
L 17 10 -5
L 18 12 1
L 19 10 5
D 16 11 2 17 18 19 8
L 21 14 -8
L 23 16 -10
L 24 18 -9
L 25 16 10
D 22 17 2 23 24 25 8
L 26 14 8
D 20 15 2 21 22 26 8
L 28 12 -1
T 29
D 27 11 2 17 28 19 29
D 15 13 2 16 20 27 8
L 31 8 7
D 30 7 2 12 31 14 29
D 10 9 2 11 15 30 8
L 34 4 2
D 33 3 2 5 34 7 29
D 32 1 2 3 33 9 29
D 1 5 2 2 10 32 8
L 38 20 -13
L 40 22 -15
L 41 24 -14
L 42 22 15
D 39 23 2 40 41 42 8
L 43 20 13
D 37 21 2 38 39 43 8
L 46 26 -16
L 47 28 -17
L 48 26 16
D 45 27 2 46 47 48 8
L 51 30 -11
L 52 32 12
L 53 30 11
D 50 31 2 51 52 53 8
L 55 34 -18
L 57 36 -19
L 58 38 -20
L 59 36 19
D 56 37 2 57 58 59 8
L 60 34 18
D 54 35 2 55 56 60 8
L 62 32 -12
D 61 31 2 51 62 53 29
D 49 33 2 50 54 61 8
L 64 28 17
D 63 27 2 46 64 48 29
D 44 29 2 45 49 63 8
L 67 24 14
D 66 23 2 40 67 42 29
D 65 21 2 38 66 43 29
D 36 25 2 37 44 65 8
L 71 40 -23
L 73 42 -24
L 74 44 -22
L 75 42 24
D 72 43 2 73 74 75 8
L 76 40 23
D 70 41 2 71 72 76 8
L 79 46 -26
L 80 48 -27
L 81 46 26
D 78 47 2 79 80 81 8
L 84 50 -25
L 85 52 -21
L 86 50 25
D 83 51 2 84 85 86 8
L 88 54 -28
L 90 56 30
L 91 58 -29
L 92 56 -30
D 89 57 2 90 91 92 8
L 93 54 28
D 87 55 2 88 89 93 8
L 95 52 21
D 94 51 2 84 95 86 29
D 82 53 2 83 87 94 8
L 97 48 27
D 96 47 2 79 97 81 29
D 77 49 2 78 82 96 8
L 100 44 22
D 99 43 2 73 100 75 29
D 98 41 2 71 99 76 29
D 69 45 2 70 77 98 8
L 104 60 -33
L 105 62 -32
L 106 60 33
D 103 61 2 104 105 106 8
L 108 64 -31
L 110 66 -38
L 112 68 40
L 113 70 -39
L 114 68 -40
D 111 69 2 112 113 114 8
L 115 66 38
D 109 67 2 110 111 115 8
L 116 64 31
D 107 65 2 108 109 116 8
L 118 62 32
D 117 61 2 104 118 106 29
D 102 63 2 103 107 117 8
L 122 72 -34
L 123 74 -35
L 124 72 34
D 121 73 2 122 123 124 8
L 126 76 -37
L 127 78 -36
L 128 76 37
D 125 77 2 126 127 128 8
L 130 74 35
D 129 73 2 122 130 124 29
D 120 75 2 121 125 129 8
L 134 80 -46
L 135 82 -47
L 136 80 46
D 133 81 2 134 135 136 8
L 138 84 -48
L 140 86 -49
L 141 88 50
L 142 86 49
D 139 87 2 140 141 142 8
L 143 84 48
D 137 85 2 138 139 143 8
L 145 82 47
D 144 81 2 134 145 136 29
D 132 83 2 133 137 144 8
L 149 90 -41
L 150 92 -42
L 151 90 41
D 148 91 2 149 150 151 8
L 153 94 -43
L 155 96 -45
L 156 98 -44
L 157 96 45
D 154 97 2 155 156 157 8
L 158 94 43
D 152 95 2 153 154 158 8
L 160 92 42
D 159 91 2 149 160 151 29
D 147 93 2 148 152 159 8
L 163 100 -51
L 164 102 -52
L 165 100 51
D 162 101 2 163 164 165 8
L 168 104 -53
L 169 106 -54
L 170 104 53
D 167 105 2 168 169 170 8
L 172 108 -55
L 174 110 -56
L 176 112 -57
L 178 114 -58
L 180 116 -59
L 181 118 60
L 182 116 59
D 179 117 2 180 181 182 8
L 183 114 58
D 177 115 2 178 179 183 8
L 184 112 57
D 175 113 2 176 177 184 8
L 185 110 56
D 173 111 2 174 175 185 8
L 186 108 55
D 171 109 2 172 173 186 8
L 188 106 54
D 187 105 2 168 188 170 29
D 166 107 2 167 171 187 8
L 190 102 52
D 189 101 2 163 190 165 29
D 161 103 2 162 166 189 8
L 194 98 44
D 193 97 2 155 194 157 29
D 192 95 2 153 193 158 29
D 191 93 2 148 192 159 29
D 146 99 2 147 161 191 8
L 198 88 -50
D 197 87 2 140 198 142 29
D 196 85 2 138 197 143 29
D 195 83 2 133 196 144 29
D 131 89 2 132 146 195 8
L 201 78 36
D 200 77 2 126 201 128 29
D 199 75 2 121 200 129 29
D 119 79 2 120 131 199 8
L 206 70 39
D 205 69 2 112 206 114 29
D 204 67 2 110 205 115 29
D 203 65 2 108 204 116 29
D 202 63 2 103 203 117 29
D 101 71 2 102 119 202 8
L 212 58 29
D 211 57 2 90 212 92 29
D 210 55 2 88 211 93 29
D 209 53 2 83 210 94 29
D 208 49 2 78 209 96 29
D 207 45 2 70 208 98 29
D 68 59 2 69 101 207 8
D 214 21 2 43 39 38 8
D 217 31 2 51 62 53 8
D 218 31 2 51 52 53 29
D 216 33 2 217 54 218 8
D 215 29 2 45 216 63 8
D 219 21 2 43 66 38 29
D 213 25 2 214 215 219 8
D 225 57 2 92 212 90 8
D 224 55 2 88 225 93 8
D 223 53 2 83 224 94 8
D 222 49 2 78 223 96 8
D 221 45 2 70 222 98 8
D 230 69 2 114 206 112 8
D 229 67 2 110 230 115 8
D 228 65 2 108 229 116 8
D 227 63 2 103 228 117 8
L 241 118 -60
D 240 117 2 182 241 180 8
D 239 115 2 178 240 183 8
D 238 113 2 176 239 184 8
D 237 111 2 174 238 185 8
D 236 109 2 172 237 186 8
D 235 107 2 167 236 187 8
D 234 103 2 162 235 189 8
D 233 99 2 147 234 191 8
D 244 87 2 142 198 140 8
D 243 85 2 138 244 143 8
D 242 83 2 133 243 144 8
D 247 87 2 140 198 142 141
D 246 85 2 138 247 143 29
D 245 83 2 133 246 144 29
D 232 89 3 132 233 242 146 245 8
D 231 79 2 120 232 199 8
D 251 69 2 114 113 112 206
D 250 67 2 110 251 115 29
D 249 65 2 108 250 116 29
D 248 63 2 103 249 117 29
D 226 71 3 227 119 102 231 248 8
D 256 57 2 92 91 90 212
D 255 55 2 88 256 93 29
D 254 53 2 83 255 94 29
D 253 49 2 78 254 96 29
D 252 45 2 70 253 98 29
D 220 59 3 221 101 69 226 252 8
D 259 23 2 40 67 42 8
D 258 21 2 38 259 43 8
D 261 23 2 40 41 42 29
D 260 21 2 38 261 43 29
D 257 25 2 258 215 260 8
D 267 57 2 92 91 90 8
D 266 55 2 93 267 88 8
D 265 53 2 83 266 94 8
D 264 49 2 78 265 96 8
D 263 45 2 70 264 98 8
D 272 69 2 114 113 112 8
D 271 67 2 115 272 110 8
D 270 65 2 108 271 116 8
D 269 63 2 103 270 117 8
D 282 117 2 180 241 182 8
D 281 115 2 183 282 178 8
D 280 113 2 176 281 184 8
D 279 111 2 174 280 185 8
D 278 109 2 172 279 186 8
D 277 107 2 167 278 187 8
D 276 103 2 162 277 189 8
D 275 99 2 147 276 191 8
D 285 87 2 140 198 142 8
D 284 85 2 143 285 138 8
D 283 83 2 133 284 144 8
D 288 87 2 140 141 142 29
D 287 85 2 138 247 143 288
D 286 83 2 133 287 144 29
D 274 89 4 132 275 242 233 283 146 286 8
D 273 79 2 120 274 199 8
D 292 69 2 114 206 112 29
D 291 67 2 110 251 115 292
D 290 65 2 108 291 116 29
D 289 63 2 103 290 117 29
D 268 71 4 269 119 102 273 227 231 289 8
D 297 57 2 92 212 90 29
D 296 55 2 93 297 88 256
D 295 53 2 83 296 94 29
D 294 49 2 78 295 96 29
D 293 45 2 70 294 98 29
D 262 59 4 263 101 221 226 69 268 293 8
D 300 23 2 42 41 40 8
D 299 21 2 38 300 43 8
D 302 23 2 42 67 40 29
D 301 21 2 38 302 43 29
D 298 25 2 299 215 301 8
D 306 47 2 79 97 81 8
D 308 55 2 88 267 93 8
D 307 53 2 83 308 94 8
D 309 47 2 79 80 81 29
D 305 49 2 306 307 309 8
D 304 45 2 70 305 98 8
D 319 115 2 178 282 183 8
D 318 113 2 184 319 176 8
D 317 111 2 174 318 185 8
D 316 109 2 172 317 186 8
D 315 107 2 167 316 187 8
D 314 103 2 162 315 189 8
D 313 99 2 147 314 191 8
D 321 81 2 134 145 136 8
D 322 85 2 138 285 143 8
D 323 81 2 134 135 136 29
D 320 83 2 321 322 323 8
D 325 85 2 138 288 143 29
D 324 83 3 133 287 321 325 136 29
D 312 89 5 132 313 242 275 283 233 320 146 324 8
D 311 79 2 120 312 199 8
D 328 67 2 110 272 115 8
D 327 65 2 108 328 116 8
D 326 63 2 103 327 117 8
D 331 77 2 128 127 126 8
D 330 75 2 121 331 129 8
D 333 77 2 128 201 126 29
D 332 75 2 121 333 129 29
D 329 79 2 330 131 332 8
D 337 69 2 112 206 114 8
D 336 67 2 110 337 115 292
D 335 65 2 108 336 116 29
D 334 63 2 103 335 117 29
D 310 71 5 102 311 227 273 269 231 326 329 334 8
D 341 55 2 88 297 93 29
D 340 53 2 83 341 94 29
D 339 49 3 78 295 306 340 81 29
D 338 45 2 70 339 98 29
D 303 59 5 304 101 263 226 221 268 69 310 338 8
D 344 27 2 48 47 46 8
D 345 27 2 48 64 46 29
D 343 29 2 344 216 345 8
D 342 25 2 37 343 65 8
D 349 47 2 81 80 79 8
D 350 47 2 81 97 79 29
D 348 49 2 349 307 350 8
D 347 45 2 70 348 98 8
D 359 113 2 176 319 184 8
D 358 111 2 185 359 174 8
D 357 109 2 172 358 186 8
D 356 107 2 167 357 187 8
D 355 103 2 162 356 189 8
D 354 99 2 147 355 191 8
D 361 81 2 136 135 134 8
D 362 81 2 136 145 134 29
D 360 83 2 361 322 362 8
D 364 81 2 136 135 134 145
D 365 81 2 136 145 134 8
D 363 83 3 133 287 364 325 365 29
D 353 89 6 132 354 242 313 283 275 320 233 360 146 363 8
D 352 79 2 120 353 199 8
D 368 77 2 126 201 128 8
D 367 75 2 121 368 129 8
D 370 77 2 126 127 128 201
D 369 75 2 121 370 129 29
D 366 79 3 367 131 330 232 369 8
D 351 71 5 102 352 326 366 227 311 269 273 334 8
D 373 47 2 81 80 79 97
D 374 47 2 81 97 79 8
D 372 49 3 78 295 373 340 374 29
D 371 45 2 70 372 98 29
D 346 59 6 347 101 304 226 263 268 221 310 69 351 371 8
D 377 27 2 46 64 48 8
D 378 27 2 46 47 48 29
D 376 29 2 377 216 378 8
D 375 25 2 37 376 65 8
D 383 51 2 86 85 84 8
D 384 51 2 86 95 84 29
D 382 53 2 383 308 384 8
D 381 49 2 78 382 96 8
D 380 45 2 70 381 98 8
D 392 111 2 174 359 185 8
D 391 109 2 186 392 172 8
D 390 107 2 167 391 187 8
D 389 103 2 162 390 189 8
D 388 99 2 147 389 191 8
D 393 83 2 133 322 144 8
D 397 97 2 157 156 155 8
D 396 95 2 153 397 158 8
D 395 93 2 148 396 159 8
D 400 97 2 157 194 155 29
D 399 95 2 153 400 158 29
D 398 93 2 148 399 159 29
D 394 99 2 395 161 398 8
D 403 87 2 142 141 140 8
D 402 85 2 138 403 143 288
D 401 83 3 133 402 364 325 365 29
D 387 89 7 132 388 393 394 242 354 283 313 320 275 360 233 401 8
D 386 79 2 120 387 199 8
D 406 73 2 122 130 124 8
D 407 73 2 122 123 124 29
D 405 75 2 406 125 407 8
D 408 75 3 121 370 406 200 124 29
D 404 79 4 405 131 367 232 330 274 408 8
D 385 71 5 102 386 326 404 227 352 269 311 334 8
D 411 53 3 383 341 83 296 95 29
D 410 49 3 78 411 373 340 374 29
D 409 45 2 70 410 98 29
D 379 59 7 380 101 347 226 304 268 263 310 221 351 69 385 409 8
D 415 35 2 60 56 55 8
D 414 33 2 217 415 218 8
D 413 29 2 45 414 63 8
D 412 25 2 37 413 65 8
D 419 43 2 75 74 73 8
D 418 41 2 71 419 76 8
D 420 49 2 78 307 96 8
D 422 43 2 75 100 73 29
D 421 41 2 71 422 76 29
D 417 45 2 418 420 421 8
D 429 105 2 168 188 170 8
D 430 109 2 172 392 186 8
D 431 105 2 168 169 170 29
D 428 107 2 429 430 431 8
D 427 103 2 162 428 189 8
D 426 99 2 147 427 191 8
D 435 97 2 155 194 157 8
D 434 95 2 153 435 158 8
D 433 93 2 148 434 159 8
D 438 97 2 155 156 157 194
D 437 95 2 153 438 158 29
D 436 93 2 148 437 159 29
D 432 99 3 433 161 395 234 436 8
D 425 89 7 132 426 393 432 242 388 283 354 320 313 360 275 401 8
D 424 79 2 120 425 199 8
D 441 73 2 124 123 122 8
D 442 73 2 124 130 122 29
D 440 75 2 441 125 442 8
D 444 73 2 124 123 122 130
D 445 73 2 124 130 122 8
D 443 75 3 121 370 444 200 445 29
D 439 79 5 440 131 405 232 367 274 330 312 443 8
D 423 71 5 102 424 326 439 227 386 269 352 334 8
D 447 49 2 78 340 96 29
D 448 41 2 71 100 76 29
D 446 45 3 70 410 418 447 448 29
D 416 59 8 417 101 380 226 347 268 304 310 263 351 221 385 69 423 446 8
D 453 37 2 59 58 57 8
D 452 35 2 55 453 60 8
D 451 33 2 217 452 218 8
D 450 29 2 45 451 63 8
D 449 25 2 37 450 65 8
D 456 41 2 76 72 71 8
D 457 41 2 76 99 71 29
D 455 45 2 456 420 457 8
D 464 105 2 170 169 168 8
D 465 105 2 170 188 168 29
D 463 107 2 464 430 465 8
D 462 103 2 162 463 189 8
D 461 99 2 147 462 191 8
D 468 95 2 158 154 153 8
D 467 93 2 148 468 159 8
D 470 95 2 153 438 158 193
D 469 93 2 148 470 159 29
D 466 99 4 467 161 433 234 395 276 469 8
D 460 89 7 132 461 393 466 242 426 283 388 320 354 360 313 401 8
D 459 79 2 120 460 199 8
D 472 61 2 106 105 104 8
D 473 61 2 106 118 104 29
D 471 63 2 472 327 473 8
D 474 79 5 440 232 405 274 330 353 367 312 443 8
D 477 67 2 110 292 115 29
D 476 65 2 108 477 116 29
D 475 63 3 103 335 472 476 118 29
D 458 71 6 102 459 471 119 326 474 227 424 269 386 475 8
D 479 41 2 71 419 76 72
D 480 41 2 76 99 71 100
D 478 45 3 70 410 479 447 480 29
D 454 59 9 455 101 417 226 380 268 347 310 304 351 263 385 221 423 69 458 478 8
L 486 38 20
D 485 37 2 57 486 59 8
D 484 35 2 55 485 60 8
D 483 33 2 217 484 218 8
D 482 29 2 45 483 63 8
D 481 25 2 37 482 65 8
D 490 43 2 73 100 75 8
D 489 41 2 71 490 76 8
D 492 43 2 73 74 75 29
D 491 41 2 71 492 76 29
D 488 45 2 489 420 491 8
D 498 91 2 149 160 151 8
D 499 91 2 149 150 151 29
D 497 93 2 498 152 499 8
D 500 93 3 148 470 498 192 151 29
D 496 99 5 497 161 467 234 433 276 395 314 500 8
D 503 101 2 163 190 165 8
D 504 107 2 167 430 187 8
D 505 101 2 163 164 165 29
D 502 103 2 503 504 505 8
D 501 99 2 147 502 191 8
D 495 89 7 393 496 242 461 132 501 283 426 320 388 360 354 401 8
D 494 79 2 120 495 199 8
D 506 79 5 440 274 330 387 367 353 405 312 443 8
D 508 61 2 104 118 106 8
D 509 61 2 104 105 106 29
D 507 63 2 508 327 509 8
D 511 61 2 106 105 104 118
D 512 61 2 106 118 104 8
D 510 63 3 103 335 511 476 512 29
D 493 71 7 102 494 326 506 227 459 507 119 269 424 471 231 510 8
D 515 43 2 75 74 73 100
D 514 41 2 71 515 76 72
D 517 43 2 75 100 73 8
D 516 41 2 71 517 76 99
D 513 45 3 70 410 514 447 516 29
D 487 59 10 488 101 455 226 417 268 380 310 347 351 304 385 263 423 221 458 69 493 513 8
D 522 37 2 57 486 59 29
D 521 35 2 55 522 60 29
D 524 37 2 57 58 59 486
D 523 35 2 60 522 55 524
D 520 33 3 50 521 217 523 53 29
D 525 27 2 48 47 46 64
D 526 33 2 217 521 218 29
D 527 27 2 48 64 46 8
D 519 29 3 45 520 525 526 527 29
D 529 23 2 42 41 40 67
D 528 21 2 38 529 43 39
D 530 29 2 45 526 63 29
D 532 23 2 42 67 40 8
D 531 21 2 38 532 43 66
D 518 25 3 37 519 528 530 531 29
D 35 39 10 36 68 213 220 257 262 298 303 342 346 375 379 412 416 449 454 481 487 518 8
D 535 3 2 5 34 7 8
D 534 1 2 3 535 9 8
D 538 11 2 17 28 19 8
D 539 11 2 17 18 19 29
D 537 13 2 538 20 539 8
D 536 9 2 11 537 30 8
D 541 3 2 5 6 7 29
D 540 1 2 3 541 9 29
D 533 5 2 534 536 540 8
D 546 31 2 53 62 51 8
D 547 31 2 53 52 51 29
D 545 33 2 546 54 547 8
D 544 29 2 45 545 63 8
D 543 25 2 37 544 65 8
D 552 51 2 84 95 86 8
D 553 51 2 84 85 86 29
D 551 53 2 552 308 553 8
D 550 49 2 78 551 96 8
D 549 45 2 70 550 98 8
D 555 79 5 367 387 330 425 405 353 440 312 443 8
D 560 91 2 151 150 149 8
D 561 91 2 151 160 149 29
D 559 93 2 560 152 561 8
D 563 91 2 151 150 149 160
D 564 91 2 151 160 149 8
D 562 93 3 148 470 563 192 564 29
D 558 99 6 559 161 497 234 467 276 433 314 395 355 562 8
D 567 101 2 165 164 163 8
D 568 101 2 165 190 163 29
D 566 103 2 567 504 568 8
D 565 99 2 147 566 191 8
D 557 89 7 393 558 283 461 242 501 320 426 132 565 360 388 401 8
D 556 79 2 120 557 199 8
D 570 65 2 116 328 108 8
D 569 63 2 103 570 117 8
D 572 65 2 108 336 116 477
D 571 63 3 103 572 511 476 512 29
D 554 71 8 326 555 102 556 227 494 269 459 569 119 471 273 507 231 571 8
D 576 51 2 86 85 84 95
D 577 51 2 86 95 84 8
D 575 53 3 576 341 83 296 577 29
D 574 49 3 373 340 78 575 374 29
D 573 45 3 514 447 70 574 516 29
D 548 59 11 549 101 488 226 455 268 417 310 380 351 347 385 304 423 263 458 221 493 69 554 573 8
D 581 31 2 53 62 51 52
D 582 31 2 53 52 51 8
D 580 33 3 581 521 217 523 582 29
D 579 29 3 525 526 45 580 527 29
D 578 25 3 528 530 37 579 531 29
D 542 39 11 543 68 36 220 213 262 257 303 298 346 342 379 375 416 412 454 449 487 481 548 578 8
D 584 1 2 9 4 3 8
D 585 1 2 9 33 3 29
D 583 5 2 584 536 585 8
D 589 79 5 405 387 367 425 330 460 440 353 443 8
D 592 99 6 559 234 497 276 467 314 433 355 395 389 562 8
D 594 85 2 143 288 138 141
D 593 83 3 133 594 364 325 365 29
D 591 89 6 393 592 320 461 283 501 360 426 242 565 593 8
D 590 79 2 120 591 199 8
D 588 71 8 326 589 227 556 269 494 102 590 471 311 507 273 569 231 571 8
D 587 59 11 549 226 488 268 455 310 417 351 380 385 347 423 304 458 263 493 221 554 69 588 573 8
D 586 39 11 543 220 36 262 213 303 257 346 298 379 342 416 375 454 412 487 449 548 481 587 578 8
D 597 3 2 7 6 5 8
D 596 1 2 3 597 9 8
D 599 3 2 7 34 5 29
D 598 1 2 3 599 9 29
D 595 5 2 596 536 598 8
D 603 79 5 440 387 405 425 367 460 330 495 443 8
D 606 99 6 559 276 497 314 467 355 433 389 395 427 562 8
D 607 83 3 364 325 133 288 365 29
D 605 89 5 393 606 360 461 320 501 283 565 607 8
D 604 79 2 120 605 199 8
D 602 71 8 326 603 269 556 227 590 102 604 471 352 507 311 569 273 571 8
D 601 59 11 549 268 488 310 455 351 417 385 380 423 347 458 304 493 263 554 221 588 69 602 573 8
D 600 39 11 543 262 36 303 213 346 257 379 298 416 342 454 375 487 412 548 449 587 481 601 578 8
D 611 11 2 19 28 17 8
D 612 11 2 19 18 17 29
D 610 13 2 611 20 612 8
D 609 9 2 11 610 30 8
D 608 5 2 2 609 32 8
D 616 79 5 440 425 405 460 367 495 330 557 443 8
D 619 99 6 559 314 497 355 467 389 433 427 395 462 562 8
D 621 81 2 136 135 134 29
D 620 83 2 621 325 365 29
D 618 89 4 360 501 393 619 320 565 620 8
D 617 79 2 120 618 199 8
D 615 71 8 326 616 269 590 227 604 102 617 471 386 507 352 569 311 571 8
D 614 59 11 549 310 488 351 455 385 417 423 380 458 347 493 304 554 263 588 221 602 69 615 573 8
D 613 39 11 543 303 36 346 213 379 257 416 298 454 342 487 375 548 412 587 449 601 481 614 578 8
D 624 7 2 14 13 12 8
D 625 7 2 14 31 12 29
D 623 9 2 624 537 625 8
D 622 5 2 2 623 32 8
D 629 79 5 440 460 405 495 367 557 330 591 443 8
D 632 99 6 559 355 497 389 467 427 433 462 395 502 562 8
D 633 83 2 135 325 145 29
D 631 89 3 360 565 393 632 633 8
D 630 79 2 120 631 199 8
D 628 71 8 326 629 471 424 269 604 227 617 507 386 102 630 569 352 571 8
D 627 59 11 549 351 488 385 455 423 417 458 380 493 347 554 304 588 263 602 221 615 69 628 573 8
D 626 39 11 543 346 36 379 213 416 257 454 298 487 342 548 375 587 412 601 449 614 481 627 578 8
D 636 7 2 12 31 14 8
D 637 7 2 12 13 14 29
D 635 9 2 636 537 637 8
D 634 5 2 2 635 32 8
D 641 79 5 440 495 405 557 367 591 330 605 443 8
D 644 99 6 559 389 497 427 467 462 433 502 395 566 562 8
D 645 83 2 133 325 144 29
D 643 89 2 393 644 645 8
D 642 79 2 120 643 199 8
D 640 71 8 326 641 471 459 507 424 269 617 569 386 227 630 102 642 571 8
D 639 59 11 549 385 488 423 455 458 417 493 380 554 347 588 304 602 263 615 221 628 69 640 573 8
D 638 39 11 543 379 36 416 213 454 257 487 298 548 342 587 375 601 412 614 449 627 481 639 578 8
D 649 15 2 26 22 21 8
D 648 13 2 538 649 539 8
D 647 9 2 11 648 30 8
D 646 5 2 2 647 32 8
D 653 79 5 440 557 405 591 367 605 330 618 443 8
D 659 97 2 155 156 157 29
D 658 95 2 153 659 158 193
D 657 93 3 148 658 563 192 564 29
D 656 99 5 559 427 497 462 467 502 433 566 657 8
D 655 89 2 393 656 645 8
D 654 79 2 120 655 199 8
D 652 71 8 326 653 471 494 507 459 569 424 269 630 227 642 102 654 571 8
D 651 59 11 549 423 488 458 455 493 417 554 380 588 347 602 304 615 263 628 221 640 69 652 573 8
D 650 39 11 543 416 36 454 213 487 257 548 298 587 342 601 375 614 412 627 449 639 481 651 578 8
L 665 18 9
D 664 17 2 23 665 25 8
D 663 15 2 21 664 26 8
D 662 13 2 538 663 539 8
D 661 9 2 11 662 30 8
D 660 5 2 2 661 32 8
D 669 79 5 440 591 405 605 367 618 330 631 443 8
D 674 95 2 158 193 153 29
D 673 93 3 148 674 563 192 564 29
D 672 99 4 559 462 497 502 467 566 673 8
D 671 89 2 393 672 645 8
D 670 79 2 120 671 199 8
D 668 71 8 326 669 471 556 507 494 569 459 269 642 227 654 102 670 571 8
D 667 59 11 549 458 488 493 455 554 417 588 380 602 347 615 304 628 263 640 221 652 69 668 573 8
D 666 39 11 543 454 36 487 213 548 257 587 298 601 342 614 375 627 412 639 449 651 481 667 578 8
D 679 17 2 25 24 23 8
D 678 15 2 21 679 26 8
D 677 13 2 538 678 539 8
D 676 9 2 11 677 30 8
D 675 5 2 2 676 32 8
D 683 79 5 440 605 405 618 367 631 330 643 443 8
D 688 91 2 149 150 151 160
D 687 93 2 563 192 688 29
D 686 99 3 559 502 497 566 687 8
D 685 89 2 393 686 645 8
D 684 79 2 120 685 199 8
D 682 71 8 326 683 507 556 569 494 471 590 269 654 227 670 102 684 571 8
D 681 59 11 549 493 488 554 455 588 417 602 380 615 347 628 304 640 263 652 221 668 69 682 573 8
D 680 39 11 543 487 36 548 213 587 257 601 298 614 342 627 375 639 412 651 449 667 481 681 578 8
D 693 17 2 23 24 25 665
D 694 17 2 23 665 25 29
D 692 15 2 21 693 26 694
D 695 11 2 19 28 17 18
D 696 15 2 21 694 26 29
D 697 11 2 19 18 17 8
D 691 13 3 538 692 695 696 697 29
D 698 7 2 14 13 12 31
D 699 13 2 538 696 539 29
D 700 7 2 14 31 12 8
D 690 9 3 11 691 698 699 700 29
D 702 3 2 7 6 5 34
D 701 1 2 3 702 9 4
D 703 9 2 11 699 30 29
D 705 3 2 7 34 5 8
D 704 1 2 3 705 9 33
D 689 5 3 2 690 701 703 704 29
D 0 19 11 1 35 533 542 583 586 595 600 608 613 622 626 634 638 646 650 660 666 675 680 689 8
