c ids of sdd nodes start at 0
c sdd nodes appear bottom-up, children before parents
c
c file syntax:
c sdd count-of-sdd-nodes
c F id-of-false-sdd-node
c T id-of-true-sdd-node
c L id-of-literal-sdd-node id-of-vtree literal
c D id-of-decomposition-sdd-node id-of-vtree number-of-elements {id-of-prime id-of-sub}*
c
sdd 701
L 3 0 -3
L 5 2 -4
L 6 4 -2
L 7 2 4
F 8
D 4 3 2 5 6 7 8
L 9 0 3
D 2 1 2 3 4 9 8
L 12 6 -6
L 13 8 -7
L 14 6 6
D 11 7 2 12 13 14 8
L 17 10 -5
L 18 12 1
L 19 10 5
D 16 11 2 17 18 19 8
L 21 14 -8
L 23 16 -10
L 24 18 -9
L 25 16 10
D 22 17 2 23 24 25 8
L 26 14 8
D 20 15 2 21 22 26 8
L 28 12 -1
T 29
D 27 11 2 17 28 19 29
D 15 13 2 16 20 27 8
L 31 8 7
D 30 7 2 12 31 14 29
D 10 9 2 11 15 30 8
L 34 4 2
D 33 3 2 5 34 7 29
D 32 1 2 3 33 9 29
D 1 5 2 2 10 32 8
L 38 20 13
L 40 22 -15
L 41 24 -14
L 42 22 15
D 39 23 2 40 41 42 8
L 43 20 -13
D 37 21 2 38 39 43 8
L 46 26 -16
L 47 28 -17
L 48 26 16
D 45 27 2 46 47 48 8
L 51 30 -11
L 52 32 -12
L 53 30 11
D 50 31 2 51 52 53 8
L 55 34 -18
L 57 36 -19
L 58 38 -20
L 59 36 19
D 56 37 2 57 58 59 8
L 60 34 18
D 54 35 2 55 56 60 8
L 62 32 12
D 61 31 2 51 62 53 29
D 49 33 2 50 54 61 8
L 64 28 17
D 63 27 2 46 64 48 29
D 44 29 2 45 49 63 8
L 67 24 14
D 66 23 2 40 67 42 29
D 65 21 2 38 66 43 29
D 36 25 2 37 44 65 8
L 71 40 -23
L 73 42 -24
L 74 44 -22
L 75 42 24
D 72 43 2 73 74 75 8
L 76 40 23
D 70 41 2 71 72 76 8
L 79 46 -26
L 80 48 -27
L 81 46 26
D 78 47 2 79 80 81 8
L 84 50 -25
L 85 52 -21
L 86 50 25
D 83 51 2 84 85 86 8
L 88 54 -28
L 90 56 30
L 91 58 -29
L 92 56 -30
D 89 57 2 90 91 92 8
L 93 54 28
D 87 55 2 88 89 93 8
L 95 52 21
D 94 51 2 84 95 86 29
D 82 53 2 83 87 94 8
L 97 48 27
D 96 47 2 79 97 81 29
D 77 49 2 78 82 96 8
L 100 44 22
D 99 43 2 73 100 75 29
D 98 41 2 71 99 76 29
D 69 45 2 70 77 98 8
L 104 60 -33
L 105 62 -32
L 106 60 33
D 103 61 2 104 105 106 8
L 108 64 -31
L 110 66 -38
L 112 68 40
L 113 70 -39
L 114 68 -40
D 111 69 2 112 113 114 8
L 115 66 38
D 109 67 2 110 111 115 8
L 116 64 31
D 107 65 2 108 109 116 8
L 118 62 32
D 117 61 2 104 118 106 29
D 102 63 2 103 107 117 8
L 122 72 -34
L 123 74 -35
L 124 72 34
D 121 73 2 122 123 124 8
L 126 76 -37
L 127 78 -36
L 128 76 37
D 125 77 2 126 127 128 8
L 130 74 35
D 129 73 2 122 130 124 29
D 120 75 2 121 125 129 8
L 134 80 -46
L 135 82 -47
L 136 80 46
D 133 81 2 134 135 136 8
L 138 84 -48
L 140 86 -49
L 141 88 50
L 142 86 49
D 139 87 2 140 141 142 8
L 143 84 48
D 137 85 2 138 139 143 8
L 145 82 47
D 144 81 2 134 145 136 29
D 132 83 2 133 137 144 8
L 149 90 -41
L 150 92 -42
L 151 90 41
D 148 91 2 149 150 151 8
L 153 94 -43
L 155 96 -45
L 156 98 -44
L 157 96 45
D 154 97 2 155 156 157 8
L 158 94 43
D 152 95 2 153 154 158 8
L 160 92 42
D 159 91 2 149 160 151 29
D 147 93 2 148 152 159 8
L 163 100 -51
L 164 102 -52
L 165 100 51
D 162 101 2 163 164 165 8
L 168 104 -53
L 169 106 -54
L 170 104 53
D 167 105 2 168 169 170 8
L 172 108 -55
L 174 110 -56
L 176 112 -57
L 178 114 -58
L 180 116 -59
L 181 118 60
L 182 116 59
D 179 117 2 180 181 182 8
L 183 114 58
D 177 115 2 178 179 183 8
L 184 112 57
D 175 113 2 176 177 184 8
L 185 110 56
D 173 111 2 174 175 185 8
L 186 108 55
D 171 109 2 172 173 186 8
L 188 106 54
D 187 105 2 168 188 170 29
D 166 107 2 167 171 187 8
L 190 102 52
D 189 101 2 163 190 165 29
D 161 103 2 162 166 189 8
L 194 98 44
D 193 97 2 155 194 157 29
D 192 95 2 153 193 158 29
D 191 93 2 148 192 159 29
D 146 99 2 147 161 191 8
L 198 88 -50
D 197 87 2 140 198 142 29
D 196 85 2 138 197 143 29
D 195 83 2 133 196 144 29
D 131 89 2 132 146 195 8
L 201 78 36
D 200 77 2 126 201 128 29
D 199 75 2 121 200 129 29
D 119 79 2 120 131 199 8
L 206 70 39
D 205 69 2 112 206 114 29
D 204 67 2 110 205 115 29
D 203 65 2 108 204 116 29
D 202 63 2 103 203 117 29
D 101 71 2 102 119 202 8
L 212 58 29
D 211 57 2 90 212 92 29
D 210 55 2 88 211 93 29
D 209 53 2 83 210 94 29
D 208 49 2 78 209 96 29
D 207 45 2 70 208 98 29
D 68 59 2 69 101 207 8
D 215 23 2 40 67 42 8
D 214 21 2 43 215 38 8
D 217 23 2 40 41 42 29
D 216 21 2 43 217 38 29
D 213 25 2 214 44 216 8
D 223 57 2 92 212 90 8
D 222 55 2 88 223 93 8
D 221 53 2 83 222 94 8
D 220 49 2 78 221 96 8
D 219 45 2 70 220 98 8
D 228 69 2 114 206 112 8
D 227 67 2 110 228 115 8
D 226 65 2 108 227 116 8
D 225 63 2 103 226 117 8
L 239 118 -60
D 238 117 2 182 239 180 8
D 237 115 2 178 238 183 8
D 236 113 2 176 237 184 8
D 235 111 2 174 236 185 8
D 234 109 2 172 235 186 8
D 233 107 2 167 234 187 8
D 232 103 2 162 233 189 8
D 231 99 2 147 232 191 8
D 242 87 2 142 198 140 8
D 241 85 2 138 242 143 8
D 240 83 2 133 241 144 8
D 245 87 2 140 198 142 141
D 244 85 2 138 245 143 29
D 243 83 2 133 244 144 29
D 230 89 3 132 231 240 146 243 8
D 229 79 2 120 230 199 8
D 249 69 2 114 113 112 206
D 248 67 2 110 249 115 29
D 247 65 2 108 248 116 29
D 246 63 2 103 247 117 29
D 224 71 3 225 119 102 229 246 8
D 254 57 2 92 91 90 212
D 253 55 2 88 254 93 29
D 252 53 2 83 253 94 29
D 251 49 2 78 252 96 29
D 250 45 2 70 251 98 29
D 218 59 3 219 101 69 224 250 8
D 257 23 2 42 41 40 8
D 256 21 2 43 257 38 8
D 259 23 2 42 67 40 29
D 258 21 2 43 259 38 29
D 255 25 2 256 44 258 8
D 265 57 2 92 91 90 8
D 264 55 2 93 265 88 8
D 263 53 2 83 264 94 8
D 262 49 2 78 263 96 8
D 261 45 2 70 262 98 8
D 270 69 2 114 113 112 8
D 269 67 2 115 270 110 8
D 268 65 2 108 269 116 8
D 267 63 2 103 268 117 8
D 280 117 2 180 239 182 8
D 279 115 2 183 280 178 8
D 278 113 2 176 279 184 8
D 277 111 2 174 278 185 8
D 276 109 2 172 277 186 8
D 275 107 2 167 276 187 8
D 274 103 2 162 275 189 8
D 273 99 2 147 274 191 8
D 283 87 2 140 198 142 8
D 282 85 2 143 283 138 8
D 281 83 2 133 282 144 8
D 286 87 2 140 141 142 29
D 285 85 2 138 245 143 286
D 284 83 2 133 285 144 29
D 272 89 4 132 273 240 231 281 146 284 8
D 271 79 2 120 272 199 8
D 290 69 2 114 206 112 29
D 289 67 2 110 249 115 290
D 288 65 2 108 289 116 29
D 287 63 2 103 288 117 29
D 266 71 4 267 119 102 271 225 229 287 8
D 295 57 2 92 212 90 29
D 294 55 2 93 295 88 254
D 293 53 2 83 294 94 29
D 292 49 2 78 293 96 29
D 291 45 2 70 292 98 29
D 260 59 4 261 101 219 224 69 266 291 8
D 297 21 2 43 39 38 8
D 299 27 2 48 47 46 8
D 300 27 2 48 64 46 29
D 298 29 2 299 49 300 8
D 301 21 2 43 66 38 29
D 296 25 2 297 298 301 8
D 305 47 2 79 97 81 8
D 307 55 2 88 265 93 8
D 306 53 2 83 307 94 8
D 308 47 2 79 80 81 29
D 304 49 2 305 306 308 8
D 303 45 2 70 304 98 8
D 318 115 2 178 280 183 8
D 317 113 2 184 318 176 8
D 316 111 2 174 317 185 8
D 315 109 2 172 316 186 8
D 314 107 2 167 315 187 8
D 313 103 2 162 314 189 8
D 312 99 2 147 313 191 8
D 320 81 2 134 145 136 8
D 321 85 2 138 283 143 8
D 322 81 2 134 135 136 29
D 319 83 2 320 321 322 8
D 324 85 2 138 286 143 29
D 323 83 3 133 285 320 324 136 29
D 311 89 5 132 312 240 273 281 231 319 146 323 8
D 310 79 2 120 311 199 8
D 327 67 2 110 270 115 8
D 326 65 2 108 327 116 8
D 325 63 2 103 326 117 8
D 330 77 2 128 127 126 8
D 329 75 2 121 330 129 8
D 332 77 2 128 201 126 29
D 331 75 2 121 332 129 29
D 328 79 2 329 131 331 8
D 336 69 2 112 206 114 8
D 335 67 2 110 336 115 290
D 334 65 2 108 335 116 29
D 333 63 2 103 334 117 29
D 309 71 5 102 310 225 271 267 229 325 328 333 8
D 340 55 2 88 295 93 29
D 339 53 2 83 340 94 29
D 338 49 3 78 293 305 339 81 29
D 337 45 2 70 338 98 29
D 302 59 5 303 101 261 224 219 266 69 309 337 8
D 343 27 2 46 64 48 8
D 344 27 2 46 47 48 29
D 342 29 2 343 49 344 8
D 341 25 2 297 342 301 8
D 348 47 2 81 80 79 8
D 349 47 2 81 97 79 29
D 347 49 2 348 306 349 8
D 346 45 2 70 347 98 8
D 358 113 2 176 318 184 8
D 357 111 2 185 358 174 8
D 356 109 2 172 357 186 8
D 355 107 2 167 356 187 8
D 354 103 2 162 355 189 8
D 353 99 2 147 354 191 8
D 360 81 2 136 135 134 8
D 361 81 2 136 145 134 29
D 359 83 2 360 321 361 8
D 363 81 2 136 135 134 145
D 364 81 2 136 145 134 8
D 362 83 3 133 285 363 324 364 29
D 352 89 6 132 353 240 312 281 273 319 231 359 146 362 8
D 351 79 2 120 352 199 8
D 367 77 2 126 201 128 8
D 366 75 2 121 367 129 8
D 369 77 2 126 127 128 201
D 368 75 2 121 369 129 29
D 365 79 3 366 131 329 230 368 8
D 350 71 5 102 351 325 365 225 310 267 271 333 8
D 372 47 2 81 80 79 97
D 373 47 2 81 97 79 8
D 371 49 3 78 293 372 339 373 29
D 370 45 2 70 371 98 29
D 345 59 6 346 101 303 224 261 266 219 309 69 350 370 8
D 377 35 2 60 56 55 8
D 376 33 2 50 377 61 8
D 375 29 2 45 376 63 8
D 374 25 2 297 375 301 8
D 382 51 2 86 85 84 8
D 383 51 2 86 95 84 29
D 381 53 2 382 307 383 8
D 380 49 2 78 381 96 8
D 379 45 2 70 380 98 8
D 391 111 2 174 358 185 8
D 390 109 2 186 391 172 8
D 389 107 2 167 390 187 8
D 388 103 2 162 389 189 8
D 387 99 2 147 388 191 8
D 392 83 2 133 321 144 8
D 396 97 2 157 156 155 8
D 395 95 2 153 396 158 8
D 394 93 2 148 395 159 8
D 399 97 2 157 194 155 29
D 398 95 2 153 399 158 29
D 397 93 2 148 398 159 29
D 393 99 2 394 161 397 8
D 402 87 2 142 141 140 8
D 401 85 2 138 402 143 286
D 400 83 3 133 401 363 324 364 29
D 386 89 7 132 387 392 393 240 353 281 312 319 273 359 231 400 8
D 385 79 2 120 386 199 8
D 405 73 2 122 130 124 8
D 406 73 2 122 123 124 29
D 404 75 2 405 125 406 8
D 407 75 3 121 369 405 200 124 29
D 403 79 4 404 131 366 230 329 272 407 8
D 384 71 5 102 385 325 403 225 351 267 310 333 8
D 410 53 3 382 340 83 294 95 29
D 409 49 3 78 410 372 339 373 29
D 408 45 2 70 409 98 29
D 378 59 7 379 101 346 224 303 266 261 309 219 350 69 384 408 8
D 415 37 2 59 58 57 8
D 414 35 2 55 415 60 8
D 413 33 2 50 414 61 8
D 412 29 2 45 413 63 8
D 411 25 2 297 412 301 8
D 419 43 2 75 74 73 8
D 418 41 2 71 419 76 8
D 420 49 2 78 306 96 8
D 422 43 2 75 100 73 29
D 421 41 2 71 422 76 29
D 417 45 2 418 420 421 8
D 429 105 2 168 188 170 8
D 430 109 2 172 391 186 8
D 431 105 2 168 169 170 29
D 428 107 2 429 430 431 8
D 427 103 2 162 428 189 8
D 426 99 2 147 427 191 8
D 435 97 2 155 194 157 8
D 434 95 2 153 435 158 8
D 433 93 2 148 434 159 8
D 438 97 2 155 156 157 194
D 437 95 2 153 438 158 29
D 436 93 2 148 437 159 29
D 432 99 3 433 161 394 232 436 8
D 425 89 7 132 426 392 432 240 387 281 353 319 312 359 273 400 8
D 424 79 2 120 425 199 8
D 441 73 2 124 123 122 8
D 442 73 2 124 130 122 29
D 440 75 2 441 125 442 8
D 444 73 2 124 123 122 130
D 445 73 2 124 130 122 8
D 443 75 3 121 369 444 200 445 29
D 439 79 5 440 131 404 230 366 272 329 311 443 8
D 423 71 5 102 424 325 439 225 385 267 351 333 8
D 447 49 2 78 339 96 29
D 448 41 2 71 100 76 29
D 446 45 3 70 409 418 447 448 29
D 416 59 8 417 101 379 224 346 266 303 309 261 350 219 384 69 423 446 8
L 454 38 20
D 453 37 2 57 454 59 8
D 452 35 2 55 453 60 8
D 451 33 2 50 452 61 8
D 450 29 2 45 451 63 8
D 449 25 2 297 450 301 8
D 457 41 2 76 72 71 8
D 458 41 2 76 99 71 29
D 456 45 2 457 420 458 8
D 465 105 2 170 169 168 8
D 466 105 2 170 188 168 29
D 464 107 2 465 430 466 8
D 463 103 2 162 464 189 8
D 462 99 2 147 463 191 8
D 469 95 2 158 154 153 8
D 468 93 2 148 469 159 8
D 471 95 2 153 438 158 193
D 470 93 2 148 471 159 29
D 467 99 4 468 161 433 232 394 274 470 8
D 461 89 7 132 462 392 467 240 426 281 387 319 353 359 312 400 8
D 460 79 2 120 461 199 8
D 473 61 2 106 105 104 8
D 474 61 2 106 118 104 29
D 472 63 2 473 326 474 8
D 475 79 5 440 230 404 272 329 352 366 311 443 8
D 478 67 2 110 290 115 29
D 477 65 2 108 478 116 29
D 476 63 3 103 334 473 477 118 29
D 459 71 6 102 460 472 119 325 475 225 424 267 385 476 8
D 480 41 2 71 419 76 72
D 481 41 2 76 99 71 100
D 479 45 3 70 409 480 447 481 29
D 455 59 9 456 101 417 224 379 266 346 309 303 350 261 384 219 423 69 459 479 8
D 486 37 2 57 454 59 29
D 487 37 2 57 58 59 454
D 485 35 2 60 486 55 487
D 484 33 2 50 485 61 29
D 488 27 2 48 47 46 64
D 490 35 2 55 486 60 29
D 489 33 2 50 490 61 29
D 491 27 2 48 64 46 8
D 483 29 3 45 484 488 489 491 29
D 493 23 2 42 41 40 67
D 492 21 2 43 493 38 39
D 494 29 2 45 489 63 29
D 496 23 2 42 67 40 8
D 495 21 2 43 496 38 66
D 482 25 3 297 483 492 494 495 29
D 35 39 9 36 68 213 218 255 260 296 302 341 345 374 378 411 416 449 455 482 8
D 499 3 2 5 34 7 8
D 498 1 2 3 499 9 8
D 502 11 2 17 28 19 8
D 503 11 2 17 18 19 29
D 501 13 2 502 20 503 8
D 500 9 2 11 501 30 8
D 505 3 2 5 6 7 29
D 504 1 2 3 505 9 29
D 497 5 2 498 500 504 8
D 510 31 2 51 62 53 8
D 511 31 2 51 52 53 29
D 509 33 2 510 54 511 8
D 508 29 2 45 509 63 8
D 507 25 2 297 508 301 8
D 515 43 2 73 100 75 8
D 514 41 2 71 515 76 8
D 517 43 2 73 74 75 29
D 516 41 2 71 517 76 29
D 513 45 2 514 420 516 8
D 523 91 2 149 160 151 8
D 524 91 2 149 150 151 29
D 522 93 2 523 152 524 8
D 525 93 3 148 471 523 192 151 29
D 521 99 5 522 161 468 232 433 274 394 313 525 8
D 528 101 2 163 190 165 8
D 529 107 2 167 430 187 8
D 530 101 2 163 164 165 29
D 527 103 2 528 529 530 8
D 526 99 2 147 527 191 8
D 520 89 7 392 521 240 462 132 526 281 426 319 387 359 353 400 8
D 519 79 2 120 520 199 8
D 531 79 5 440 272 329 386 366 352 404 311 443 8
D 533 61 2 104 118 106 8
D 534 61 2 104 105 106 29
D 532 63 2 533 326 534 8
D 536 61 2 106 105 104 118
D 537 61 2 106 118 104 8
D 535 63 3 103 334 536 477 537 29
D 518 71 7 102 519 325 531 225 460 532 119 267 424 472 229 535 8
D 540 43 2 75 74 73 100
D 539 41 2 71 540 76 72
D 542 43 2 75 100 73 8
D 541 41 2 71 542 76 99
D 538 45 3 70 409 539 447 541 29
D 512 59 10 513 101 456 224 417 266 379 309 346 350 303 384 261 423 219 459 69 518 538 8
D 545 33 3 510 490 50 485 53 29
D 544 29 3 45 545 488 489 491 29
D 543 25 3 297 544 492 494 495 29
D 506 39 10 507 68 36 218 213 260 255 302 296 345 341 378 374 416 411 455 449 512 543 8
D 547 1 2 9 4 3 8
D 548 1 2 9 33 3 29
D 546 5 2 547 500 548 8
D 553 31 2 53 52 51 8
D 554 31 2 53 62 51 29
D 552 33 2 553 54 554 8
D 551 29 2 45 552 63 8
D 550 25 2 297 551 301 8
D 559 51 2 84 95 86 8
D 560 51 2 84 85 86 29
D 558 53 2 559 307 560 8
D 557 49 2 78 558 96 8
D 556 45 2 70 557 98 8
D 562 79 5 366 386 329 425 404 352 440 311 443 8
D 567 91 2 151 150 149 8
D 568 91 2 151 160 149 29
D 566 93 2 567 152 568 8
D 570 91 2 151 150 149 160
D 571 91 2 151 160 149 8
D 569 93 3 148 471 570 192 571 29
D 565 99 6 566 161 522 232 468 274 433 313 394 354 569 8
D 574 101 2 165 164 163 8
D 575 101 2 165 190 163 29
D 573 103 2 574 529 575 8
D 572 99 2 147 573 191 8
D 564 89 7 392 565 281 462 240 526 319 426 132 572 359 387 400 8
D 563 79 2 120 564 199 8
D 577 65 2 116 327 108 8
D 576 63 2 103 577 117 8
D 579 65 2 108 335 116 478
D 578 63 3 103 579 536 477 537 29
D 561 71 8 325 562 102 563 225 519 267 460 576 119 472 271 532 229 578 8
D 583 51 2 86 85 84 95
D 584 51 2 86 95 84 8
D 582 53 3 583 340 83 294 584 29
D 581 49 3 372 339 78 582 373 29
D 580 45 3 539 447 70 581 541 29
D 555 59 11 556 101 513 224 456 266 417 309 379 350 346 384 303 423 261 459 219 518 69 561 580 8
D 588 31 2 53 52 51 62
D 589 31 2 53 62 51 8
D 587 33 3 588 490 50 485 589 29
D 586 29 3 488 489 45 587 491 29
D 585 25 3 492 494 297 586 495 29
D 549 39 11 550 68 507 218 36 260 213 302 255 345 296 378 341 416 374 455 411 512 449 555 585 8
D 592 3 2 7 6 5 8
D 591 1 2 3 592 9 8
D 594 3 2 7 34 5 29
D 593 1 2 3 594 9 29
D 590 5 2 591 500 593 8
D 598 79 5 404 386 366 425 329 461 440 352 443 8
D 601 99 6 566 232 522 274 468 313 433 354 394 388 569 8
D 603 85 2 143 286 138 141
D 602 83 3 133 603 363 324 364 29
D 600 89 6 392 601 319 462 281 526 359 426 240 572 602 8
D 599 79 2 120 600 199 8
D 597 71 8 325 598 225 563 267 519 102 599 472 310 532 271 576 229 578 8
D 596 59 11 556 224 513 266 456 309 417 350 379 384 346 423 303 459 261 518 219 561 69 597 580 8
D 595 39 11 550 218 507 260 36 302 213 345 255 378 296 416 341 455 374 512 411 555 449 596 585 8
D 607 11 2 19 28 17 8
D 608 11 2 19 18 17 29
D 606 13 2 607 20 608 8
D 605 9 2 11 606 30 8
D 604 5 2 2 605 32 8
D 612 79 5 440 386 404 425 366 461 329 520 443 8
D 615 99 6 566 274 522 313 468 354 433 388 394 427 569 8
D 616 83 3 363 324 133 286 364 29
D 614 89 5 392 615 359 462 319 526 281 572 616 8
D 613 79 2 120 614 199 8
D 611 71 8 325 612 267 563 225 599 102 613 472 351 532 310 576 271 578 8
D 610 59 11 556 266 513 309 456 350 417 384 379 423 346 459 303 518 261 561 219 597 69 611 580 8
D 609 39 11 550 260 507 302 36 345 213 378 255 416 296 455 341 512 374 555 411 596 449 610 585 8
D 619 7 2 14 13 12 8
D 620 7 2 14 31 12 29
D 618 9 2 619 501 620 8
D 617 5 2 2 618 32 8
D 624 79 5 440 425 404 461 366 520 329 564 443 8
D 627 99 6 566 313 522 354 468 388 433 427 394 463 569 8
D 629 81 2 136 135 134 29
D 628 83 2 629 324 364 29
D 626 89 4 359 526 392 627 319 572 628 8
D 625 79 2 120 626 199 8
D 623 71 8 325 624 267 599 225 613 102 625 472 385 532 351 576 310 578 8
D 622 59 11 556 309 513 350 456 384 417 423 379 459 346 518 303 561 261 597 219 611 69 623 580 8
D 621 39 11 550 302 507 345 36 378 213 416 255 455 296 512 341 555 374 596 411 610 449 622 585 8
D 632 7 2 12 31 14 8
D 633 7 2 12 13 14 29
D 631 9 2 632 501 633 8
D 630 5 2 2 631 32 8
D 637 79 5 440 461 404 520 366 564 329 600 443 8
D 640 99 6 566 354 522 388 468 427 433 463 394 527 569 8
D 641 83 2 135 324 145 29
D 639 89 3 359 572 392 640 641 8
D 638 79 2 120 639 199 8
D 636 71 8 325 637 472 424 267 613 225 625 532 385 102 638 576 351 578 8
D 635 59 11 556 350 513 384 456 423 417 459 379 518 346 561 303 597 261 611 219 623 69 636 580 8
D 634 39 11 550 345 507 378 36 416 213 455 255 512 296 555 341 596 374 610 411 622 449 635 585 8
D 645 15 2 26 22 21 8
D 644 13 2 502 645 503 8
D 643 9 2 11 644 30 8
D 642 5 2 2 643 32 8
D 649 79 5 440 520 404 564 366 600 329 614 443 8
D 652 99 6 566 388 522 427 468 463 433 527 394 573 569 8
D 653 83 2 133 324 144 29
D 651 89 2 392 652 653 8
D 650 79 2 120 651 199 8
D 648 71 8 325 649 472 460 532 424 267 625 576 385 225 638 102 650 578 8
D 647 59 11 556 384 513 423 456 459 417 518 379 561 346 597 303 611 261 623 219 636 69 648 580 8
D 646 39 11 550 378 507 416 36 455 213 512 255 555 296 596 341 610 374 622 411 635 449 647 585 8
L 659 18 9
D 658 17 2 23 659 25 8
D 657 15 2 21 658 26 8
D 656 13 2 502 657 503 8
D 655 9 2 11 656 30 8
D 654 5 2 2 655 32 8
D 663 79 5 440 564 404 600 366 614 329 626 443 8
D 669 97 2 155 156 157 29
D 668 95 2 153 669 158 193
D 667 93 3 148 668 570 192 571 29
D 666 99 5 566 427 522 463 468 527 433 573 667 8
D 665 89 2 392 666 653 8
D 664 79 2 120 665 199 8
D 662 71 8 325 663 472 519 532 460 576 424 267 638 225 650 102 664 578 8
D 661 59 11 556 423 513 459 456 518 417 561 379 597 346 611 303 623 261 636 219 648 69 662 580 8
D 660 39 11 550 416 507 455 36 512 213 555 255 596 296 610 341 622 374 635 411 647 449 661 585 8
D 674 17 2 25 24 23 8
D 673 15 2 21 674 26 8
D 672 13 2 502 673 503 8
D 671 9 2 11 672 30 8
D 670 5 2 2 671 32 8
D 678 79 5 440 600 404 614 366 626 329 639 443 8
D 683 95 2 158 193 153 29
D 682 93 3 148 683 570 192 571 29
D 681 99 4 566 463 522 527 468 573 682 8
D 680 89 2 392 681 653 8
D 679 79 2 120 680 199 8
D 677 71 8 325 678 472 563 532 519 576 460 267 650 225 664 102 679 578 8
D 676 59 11 556 459 513 518 456 561 417 597 379 611 346 623 303 636 261 648 219 662 69 677 580 8
D 675 39 11 550 455 507 512 36 555 213 596 255 610 296 622 341 635 374 647 411 661 449 676 585 8
D 688 17 2 23 24 25 659
D 689 17 2 23 659 25 29
D 687 15 2 21 688 26 689
D 690 11 2 19 28 17 18
D 691 15 2 21 689 26 29
D 692 11 2 19 18 17 8
D 686 13 3 502 687 690 691 692 29
D 693 7 2 14 13 12 31
D 694 13 2 502 691 503 29
D 695 7 2 14 31 12 8
D 685 9 3 11 686 693 694 695 29
D 697 3 2 7 6 5 34
D 696 1 2 3 697 9 4
D 698 9 2 11 694 30 29
D 700 3 2 7 34 5 8
D 699 1 2 3 700 9 33
D 684 5 3 2 685 696 698 699 29
D 0 19 11 1 35 497 506 546 549 590 595 604 609 617 621 630 634 642 646 654 660 670 675 684 8
