c ids of sdd nodes start at 0
c sdd nodes appear bottom-up, children before parents
c
c file syntax:
c sdd count-of-sdd-nodes
c F id-of-false-sdd-node
c T id-of-true-sdd-node
c L id-of-literal-sdd-node id-of-vtree literal
c D id-of-decomposition-sdd-node id-of-vtree number-of-elements {id-of-prime id-of-sub}*
c
sdd 696
L 3 0 -3
L 5 2 -4
L 6 4 -2
L 7 2 4
F 8
D 4 3 2 5 6 7 8
L 9 0 3
D 2 1 2 3 4 9 8
L 12 6 -6
L 13 8 -7
L 14 6 6
D 11 7 2 12 13 14 8
L 17 10 -5
L 18 12 1
L 19 10 5
D 16 11 2 17 18 19 8
L 21 14 -8
L 23 16 -10
L 24 18 -9
L 25 16 10
D 22 17 2 23 24 25 8
L 26 14 8
D 20 15 2 21 22 26 8
L 28 12 -1
T 29
D 27 11 2 17 28 19 29
D 15 13 2 16 20 27 8
L 31 8 7
D 30 7 2 12 31 14 29
D 10 9 2 11 15 30 8
L 34 4 2
D 33 3 2 5 34 7 29
D 32 1 2 3 33 9 29
D 1 5 2 2 10 32 8
L 38 20 -13
L 40 22 -15
L 41 24 14
L 42 22 15
D 39 23 2 40 41 42 8
L 43 20 13
D 37 21 2 38 39 43 8
L 46 26 -16
L 47 28 -17
L 48 26 16
D 45 27 2 46 47 48 8
L 51 30 -11
L 52 32 -12
L 53 30 11
D 50 31 2 51 52 53 8
L 55 34 -18
L 57 36 -19
L 58 38 -20
L 59 36 19
D 56 37 2 57 58 59 8
L 60 34 18
D 54 35 2 55 56 60 8
L 62 32 12
D 61 31 2 51 62 53 29
D 49 33 2 50 54 61 8
L 64 28 17
D 63 27 2 46 64 48 29
D 44 29 2 45 49 63 8
L 67 24 -14
D 66 23 2 40 67 42 29
D 65 21 2 38 66 43 29
D 36 25 2 37 44 65 8
L 71 40 -23
L 73 42 -24
L 74 44 -22
L 75 42 24
D 72 43 2 73 74 75 8
L 76 40 23
D 70 41 2 71 72 76 8
L 79 46 -26
L 80 48 -27
L 81 46 26
D 78 47 2 79 80 81 8
L 84 50 -25
L 85 52 -21
L 86 50 25
D 83 51 2 84 85 86 8
L 88 54 -28
L 90 56 30
L 91 58 -29
L 92 56 -30
D 89 57 2 90 91 92 8
L 93 54 28
D 87 55 2 88 89 93 8
L 95 52 21
D 94 51 2 84 95 86 29
D 82 53 2 83 87 94 8
L 97 48 27
D 96 47 2 79 97 81 29
D 77 49 2 78 82 96 8
L 100 44 22
D 99 43 2 73 100 75 29
D 98 41 2 71 99 76 29
D 69 45 2 70 77 98 8
L 104 60 -33
L 105 62 -32
L 106 60 33
D 103 61 2 104 105 106 8
L 108 64 -31
L 110 66 -38
L 112 68 40
L 113 70 -39
L 114 68 -40
D 111 69 2 112 113 114 8
L 115 66 38
D 109 67 2 110 111 115 8
L 116 64 31
D 107 65 2 108 109 116 8
L 118 62 32
D 117 61 2 104 118 106 29
D 102 63 2 103 107 117 8
L 122 72 -34
L 123 74 -35
L 124 72 34
D 121 73 2 122 123 124 8
L 126 76 -37
L 127 78 -36
L 128 76 37
D 125 77 2 126 127 128 8
L 130 74 35
D 129 73 2 122 130 124 29
D 120 75 2 121 125 129 8
L 134 80 -46
L 135 82 -47
L 136 80 46
D 133 81 2 134 135 136 8
L 138 84 -48
L 140 86 -49
L 141 88 50
L 142 86 49
D 139 87 2 140 141 142 8
L 143 84 48
D 137 85 2 138 139 143 8
L 145 82 47
D 144 81 2 134 145 136 29
D 132 83 2 133 137 144 8
L 149 90 -41
L 150 92 -42
L 151 90 41
D 148 91 2 149 150 151 8
L 153 94 -43
L 155 96 -45
L 156 98 -44
L 157 96 45
D 154 97 2 155 156 157 8
L 158 94 43
D 152 95 2 153 154 158 8
L 160 92 42
D 159 91 2 149 160 151 29
D 147 93 2 148 152 159 8
L 163 100 -51
L 164 102 -52
L 165 100 51
D 162 101 2 163 164 165 8
L 168 104 -53
L 169 106 -54
L 170 104 53
D 167 105 2 168 169 170 8
L 172 108 -55
L 174 110 -56
L 176 112 -57
L 178 114 -58
L 180 116 -59
L 181 118 60
L 182 116 59
D 179 117 2 180 181 182 8
L 183 114 58
D 177 115 2 178 179 183 8
L 184 112 57
D 175 113 2 176 177 184 8
L 185 110 56
D 173 111 2 174 175 185 8
L 186 108 55
D 171 109 2 172 173 186 8
L 188 106 54
D 187 105 2 168 188 170 29
D 166 107 2 167 171 187 8
L 190 102 52
D 189 101 2 163 190 165 29
D 161 103 2 162 166 189 8
L 194 98 44
D 193 97 2 155 194 157 29
D 192 95 2 153 193 158 29
D 191 93 2 148 192 159 29
D 146 99 2 147 161 191 8
L 198 88 -50
D 197 87 2 140 198 142 29
D 196 85 2 138 197 143 29
D 195 83 2 133 196 144 29
D 131 89 2 132 146 195 8
L 201 78 36
D 200 77 2 126 201 128 29
D 199 75 2 121 200 129 29
D 119 79 2 120 131 199 8
L 206 70 39
D 205 69 2 112 206 114 29
D 204 67 2 110 205 115 29
D 203 65 2 108 204 116 29
D 202 63 2 103 203 117 29
D 101 71 2 102 119 202 8
L 212 58 29
D 211 57 2 90 212 92 29
D 210 55 2 88 211 93 29
D 209 53 2 83 210 94 29
D 208 49 2 78 209 96 29
D 207 45 2 70 208 98 29
D 68 59 2 69 101 207 8
D 215 23 2 42 67 40 8
D 214 21 2 38 215 43 8
D 217 23 2 42 41 40 29
D 216 21 2 38 217 43 29
D 213 25 2 214 44 216 8
D 223 57 2 92 212 90 8
D 222 55 2 88 223 93 8
D 221 53 2 83 222 94 8
D 220 49 2 78 221 96 8
D 219 45 2 70 220 98 8
D 228 69 2 114 206 112 8
D 227 67 2 110 228 115 8
D 226 65 2 108 227 116 8
D 225 63 2 103 226 117 8
L 239 118 -60
D 238 117 2 182 239 180 8
D 237 115 2 178 238 183 8
D 236 113 2 176 237 184 8
D 235 111 2 174 236 185 8
D 234 109 2 172 235 186 8
D 233 107 2 167 234 187 8
D 232 103 2 162 233 189 8
D 231 99 2 147 232 191 8
D 242 87 2 142 198 140 8
D 241 85 2 138 242 143 8
D 240 83 2 133 241 144 8
D 245 87 2 140 198 142 141
D 244 85 2 138 245 143 29
D 243 83 2 133 244 144 29
D 230 89 3 132 231 240 146 243 8
D 229 79 2 120 230 199 8
D 249 69 2 114 113 112 206
D 248 67 2 110 249 115 29
D 247 65 2 108 248 116 29
D 246 63 2 103 247 117 29
D 224 71 3 225 119 102 229 246 8
D 254 57 2 92 91 90 212
D 253 55 2 88 254 93 29
D 252 53 2 83 253 94 29
D 251 49 2 78 252 96 29
D 250 45 2 70 251 98 29
D 218 59 3 219 101 69 224 250 8
D 257 23 2 40 67 42 8
D 256 21 2 38 257 43 8
D 259 27 2 48 47 46 8
D 260 27 2 48 64 46 29
D 258 29 2 259 49 260 8
D 262 23 2 40 41 42 29
D 261 21 2 38 262 43 29
D 255 25 2 256 258 261 8
D 268 57 2 92 91 90 8
D 267 55 2 93 268 88 8
D 266 53 2 83 267 94 8
D 265 49 2 78 266 96 8
D 264 45 2 70 265 98 8
D 273 69 2 114 113 112 8
D 272 67 2 115 273 110 8
D 271 65 2 108 272 116 8
D 270 63 2 103 271 117 8
D 283 117 2 180 239 182 8
D 282 115 2 183 283 178 8
D 281 113 2 176 282 184 8
D 280 111 2 174 281 185 8
D 279 109 2 172 280 186 8
D 278 107 2 167 279 187 8
D 277 103 2 162 278 189 8
D 276 99 2 147 277 191 8
D 286 87 2 140 198 142 8
D 285 85 2 143 286 138 8
D 284 83 2 133 285 144 8
D 289 87 2 140 141 142 29
D 288 85 2 138 245 143 289
D 287 83 2 133 288 144 29
D 275 89 4 132 276 240 231 284 146 287 8
D 274 79 2 120 275 199 8
D 293 69 2 114 206 112 29
D 292 67 2 110 249 115 293
D 291 65 2 108 292 116 29
D 290 63 2 103 291 117 29
D 269 71 4 270 119 102 274 225 229 290 8
D 298 57 2 92 212 90 29
D 297 55 2 93 298 88 254
D 296 53 2 83 297 94 29
D 295 49 2 78 296 96 29
D 294 45 2 70 295 98 29
D 263 59 4 264 101 219 224 69 269 294 8
D 301 27 2 46 64 48 8
D 302 27 2 46 47 48 29
D 300 29 2 301 49 302 8
D 299 25 2 256 300 261 8
D 306 47 2 79 97 81 8
D 308 55 2 88 268 93 8
D 307 53 2 83 308 94 8
D 309 47 2 79 80 81 29
D 305 49 2 306 307 309 8
D 304 45 2 70 305 98 8
D 319 115 2 178 283 183 8
D 318 113 2 184 319 176 8
D 317 111 2 174 318 185 8
D 316 109 2 172 317 186 8
D 315 107 2 167 316 187 8
D 314 103 2 162 315 189 8
D 313 99 2 147 314 191 8
D 321 81 2 134 145 136 8
D 322 85 2 138 286 143 8
D 323 81 2 134 135 136 29
D 320 83 2 321 322 323 8
D 325 85 2 138 289 143 29
D 324 83 3 133 288 321 325 136 29
D 312 89 5 132 313 240 276 284 231 320 146 324 8
D 311 79 2 120 312 199 8
D 328 67 2 110 273 115 8
D 327 65 2 108 328 116 8
D 326 63 2 103 327 117 8
D 331 77 2 128 127 126 8
D 330 75 2 121 331 129 8
D 333 77 2 128 201 126 29
D 332 75 2 121 333 129 29
D 329 79 2 330 131 332 8
D 337 69 2 112 206 114 8
D 336 67 2 110 337 115 293
D 335 65 2 108 336 116 29
D 334 63 2 103 335 117 29
D 310 71 5 102 311 225 274 270 229 326 329 334 8
D 341 55 2 88 298 93 29
D 340 53 2 83 341 94 29
D 339 49 3 78 296 306 340 81 29
D 338 45 2 70 339 98 29
D 303 59 5 304 101 264 224 219 269 69 310 338 8
D 345 35 2 60 56 55 8
D 344 33 2 50 345 61 8
D 343 29 2 45 344 63 8
D 342 25 2 256 343 261 8
D 349 47 2 81 80 79 8
D 350 47 2 81 97 79 29
D 348 49 2 349 307 350 8
D 347 45 2 70 348 98 8
D 359 113 2 176 319 184 8
D 358 111 2 185 359 174 8
D 357 109 2 172 358 186 8
D 356 107 2 167 357 187 8
D 355 103 2 162 356 189 8
D 354 99 2 147 355 191 8
D 361 81 2 136 135 134 8
D 362 81 2 136 145 134 29
D 360 83 2 361 322 362 8
D 364 81 2 136 135 134 145
D 365 81 2 136 145 134 8
D 363 83 3 133 288 364 325 365 29
D 353 89 6 132 354 240 313 284 276 320 231 360 146 363 8
D 352 79 2 120 353 199 8
D 368 77 2 126 201 128 8
D 367 75 2 121 368 129 8
D 370 77 2 126 127 128 201
D 369 75 2 121 370 129 29
D 366 79 3 367 131 330 230 369 8
D 351 71 5 102 352 326 366 225 311 270 274 334 8
D 373 47 2 81 80 79 97
D 374 47 2 81 97 79 8
D 372 49 3 78 296 373 340 374 29
D 371 45 2 70 372 98 29
D 346 59 6 347 101 304 224 264 269 219 310 69 351 371 8
D 379 37 2 59 58 57 8
D 378 35 2 55 379 60 8
D 377 33 2 50 378 61 8
D 376 29 2 45 377 63 8
D 375 25 2 256 376 261 8
D 384 51 2 86 85 84 8
D 385 51 2 86 95 84 29
D 383 53 2 384 308 385 8
D 382 49 2 78 383 96 8
D 381 45 2 70 382 98 8
D 393 111 2 174 359 185 8
D 392 109 2 186 393 172 8
D 391 107 2 167 392 187 8
D 390 103 2 162 391 189 8
D 389 99 2 147 390 191 8
D 394 83 2 133 322 144 8
D 398 97 2 157 156 155 8
D 397 95 2 153 398 158 8
D 396 93 2 148 397 159 8
D 401 97 2 157 194 155 29
D 400 95 2 153 401 158 29
D 399 93 2 148 400 159 29
D 395 99 2 396 161 399 8
D 404 87 2 142 141 140 8
D 403 85 2 138 404 143 289
D 402 83 3 133 403 364 325 365 29
D 388 89 7 132 389 394 395 240 354 284 313 320 276 360 231 402 8
D 387 79 2 120 388 199 8
D 407 73 2 122 130 124 8
D 408 73 2 122 123 124 29
D 406 75 2 407 125 408 8
D 409 75 3 121 370 407 200 124 29
D 405 79 4 406 131 367 230 330 275 409 8
D 386 71 5 102 387 326 405 225 352 270 311 334 8
D 412 53 3 384 341 83 297 95 29
D 411 49 3 78 412 373 340 374 29
D 410 45 2 70 411 98 29
D 380 59 7 381 101 347 224 304 269 264 310 219 351 69 386 410 8
L 418 38 20
D 417 37 2 57 418 59 8
D 416 35 2 55 417 60 8
D 415 33 2 50 416 61 8
D 414 29 2 45 415 63 8
D 413 25 2 256 414 261 8
D 422 43 2 75 74 73 8
D 421 41 2 71 422 76 8
D 423 49 2 78 307 96 8
D 425 43 2 75 100 73 29
D 424 41 2 71 425 76 29
D 420 45 2 421 423 424 8
D 432 105 2 168 188 170 8
D 433 109 2 172 393 186 8
D 434 105 2 168 169 170 29
D 431 107 2 432 433 434 8
D 430 103 2 162 431 189 8
D 429 99 2 147 430 191 8
D 438 97 2 155 194 157 8
D 437 95 2 153 438 158 8
D 436 93 2 148 437 159 8
D 441 97 2 155 156 157 194
D 440 95 2 153 441 158 29
D 439 93 2 148 440 159 29
D 435 99 3 436 161 396 232 439 8
D 428 89 7 132 429 394 435 240 389 284 354 320 313 360 276 402 8
D 427 79 2 120 428 199 8
D 444 73 2 124 123 122 8
D 445 73 2 124 130 122 29
D 443 75 2 444 125 445 8
D 447 73 2 124 123 122 130
D 448 73 2 124 130 122 8
D 446 75 3 121 370 447 200 448 29
D 442 79 5 443 131 406 230 367 275 330 312 446 8
D 426 71 5 102 427 326 442 225 387 270 352 334 8
D 450 49 2 78 340 96 29
D 451 41 2 71 100 76 29
D 449 45 3 70 411 421 450 451 29
D 419 59 8 420 101 381 224 347 269 304 310 264 351 219 386 69 426 449 8
D 456 37 2 57 418 59 29
D 457 37 2 57 58 59 418
D 455 35 2 60 456 55 457
D 454 33 2 50 455 61 29
D 458 27 2 48 47 46 64
D 460 35 2 55 456 60 29
D 459 33 2 50 460 61 29
D 461 27 2 48 64 46 8
D 453 29 3 45 454 458 459 461 29
D 463 23 2 42 67 40 41
D 462 21 2 38 463 43 8
D 464 29 2 45 459 63 29
D 466 23 2 42 41 40 8
D 465 21 2 38 466 43 29
D 452 25 3 256 453 462 464 465 29
D 35 39 8 36 68 213 218 255 263 299 303 342 346 375 380 413 419 452 8
D 469 3 2 5 34 7 8
D 468 1 2 3 469 9 8
D 472 11 2 17 28 19 8
D 473 11 2 17 18 19 29
D 471 13 2 472 20 473 8
D 470 9 2 11 471 30 8
D 475 3 2 5 6 7 29
D 474 1 2 3 475 9 29
D 467 5 2 468 470 474 8
D 478 21 2 43 257 38 8
D 479 21 2 43 262 38 29
D 477 25 2 478 44 479 8
D 482 41 2 76 72 71 8
D 483 41 2 76 99 71 29
D 481 45 2 482 423 483 8
D 490 105 2 170 169 168 8
D 491 105 2 170 188 168 29
D 489 107 2 490 433 491 8
D 488 103 2 162 489 189 8
D 487 99 2 147 488 191 8
D 494 95 2 158 154 153 8
D 493 93 2 148 494 159 8
D 496 95 2 153 441 158 193
D 495 93 2 148 496 159 29
D 492 99 4 493 161 436 232 396 277 495 8
D 486 89 7 132 487 394 492 240 429 284 389 320 354 360 313 402 8
D 485 79 2 120 486 199 8
D 498 61 2 106 105 104 8
D 499 61 2 106 118 104 29
D 497 63 2 498 327 499 8
D 500 79 5 443 230 406 275 330 353 367 312 446 8
D 503 67 2 110 293 115 29
D 502 65 2 108 503 116 29
D 501 63 3 103 335 498 502 118 29
D 484 71 6 102 485 497 119 326 500 225 427 270 387 501 8
D 505 41 2 71 422 76 72
D 506 41 2 76 99 71 100
D 504 45 3 70 411 505 450 506 29
D 480 59 9 481 101 420 224 381 269 347 310 304 351 264 386 219 426 69 484 504 8
D 508 21 2 38 463 43 257
D 509 21 2 38 466 43 262
D 507 25 3 256 453 508 464 509 29
D 476 39 9 477 68 36 218 213 263 255 303 299 346 342 380 375 419 413 480 507 8
D 511 1 2 9 4 3 8
D 512 1 2 9 33 3 29
D 510 5 2 511 470 512 8
D 517 31 2 51 62 53 8
D 518 31 2 51 52 53 29
D 516 33 2 517 54 518 8
D 515 29 2 45 516 63 8
D 514 25 2 256 515 261 8
D 522 43 2 73 100 75 8
D 521 41 2 71 522 76 8
D 524 43 2 73 74 75 29
D 523 41 2 71 524 76 29
D 520 45 2 521 423 523 8
D 530 91 2 149 160 151 8
D 531 91 2 149 150 151 29
D 529 93 2 530 152 531 8
D 532 93 3 148 496 530 192 151 29
D 528 99 5 529 161 493 232 436 277 396 314 532 8
D 535 101 2 163 190 165 8
D 536 107 2 167 433 187 8
D 537 101 2 163 164 165 29
D 534 103 2 535 536 537 8
D 533 99 2 147 534 191 8
D 527 89 7 394 528 240 487 132 533 284 429 320 389 360 354 402 8
D 526 79 2 120 527 199 8
D 538 79 5 443 275 330 388 367 353 406 312 446 8
D 540 61 2 104 118 106 8
D 541 61 2 104 105 106 29
D 539 63 2 540 327 541 8
D 543 61 2 106 105 104 118
D 544 61 2 106 118 104 8
D 542 63 3 103 335 543 502 544 29
D 525 71 7 102 526 326 538 225 485 539 119 270 427 497 229 542 8
D 547 43 2 75 74 73 100
D 546 41 2 71 547 76 72
D 549 43 2 75 100 73 8
D 548 41 2 71 549 76 99
D 545 45 3 70 411 546 450 548 29
D 519 59 10 520 101 481 224 420 269 381 310 347 351 304 386 264 426 219 484 69 525 545 8
D 552 33 3 517 460 50 455 53 29
D 551 29 3 45 552 458 459 461 29
D 550 25 3 256 551 508 464 509 29
D 513 39 10 514 68 477 218 36 263 213 303 255 346 299 380 342 419 375 480 413 519 550 8
D 555 3 2 7 6 5 8
D 554 1 2 3 555 9 8
D 557 3 2 7 34 5 29
D 556 1 2 3 557 9 29
D 553 5 2 554 470 556 8
D 562 31 2 53 52 51 8
D 563 31 2 53 62 51 29
D 561 33 2 562 54 563 8
D 560 29 2 45 561 63 8
D 559 25 2 256 560 261 8
D 568 51 2 84 95 86 8
D 569 51 2 84 85 86 29
D 567 53 2 568 308 569 8
D 566 49 2 78 567 96 8
D 565 45 2 70 566 98 8
D 571 79 5 367 388 330 428 406 353 443 312 446 8
D 576 91 2 151 150 149 8
D 577 91 2 151 160 149 29
D 575 93 2 576 152 577 8
D 579 91 2 151 150 149 160
D 580 91 2 151 160 149 8
D 578 93 3 148 496 579 192 580 29
D 574 99 6 575 161 529 232 493 277 436 314 396 355 578 8
D 583 101 2 165 164 163 8
D 584 101 2 165 190 163 29
D 582 103 2 583 536 584 8
D 581 99 2 147 582 191 8
D 573 89 7 394 574 284 487 240 533 320 429 132 581 360 389 402 8
D 572 79 2 120 573 199 8
D 586 65 2 116 328 108 8
D 585 63 2 103 586 117 8
D 588 65 2 108 336 116 503
D 587 63 3 103 588 543 502 544 29
D 570 71 8 326 571 102 572 225 526 270 485 585 119 497 274 539 229 587 8
D 592 51 2 86 85 84 95
D 593 51 2 86 95 84 8
D 591 53 3 592 341 83 297 593 29
D 590 49 3 373 340 78 591 374 29
D 589 45 3 546 450 70 590 548 29
D 564 59 11 565 101 520 224 481 269 420 310 381 351 347 386 304 426 264 484 219 525 69 570 589 8
D 597 31 2 53 52 51 62
D 598 31 2 53 62 51 8
D 596 33 3 597 460 50 455 598 29
D 595 29 3 458 459 45 596 461 29
D 594 25 3 508 464 256 595 509 29
D 558 39 11 559 68 514 218 477 263 36 303 213 346 255 380 299 419 342 480 375 519 413 564 594 8
D 602 11 2 19 28 17 8
D 603 11 2 19 18 17 29
D 601 13 2 602 20 603 8
D 600 9 2 11 601 30 8
D 599 5 2 2 600 32 8
D 607 79 5 406 388 367 428 330 486 443 353 446 8
D 610 99 6 575 232 529 277 493 314 436 355 396 390 578 8
D 612 85 2 143 289 138 141
D 611 83 3 133 612 364 325 365 29
D 609 89 6 394 610 320 487 284 533 360 429 240 581 611 8
D 608 79 2 120 609 199 8
D 606 71 8 326 607 225 572 270 526 102 608 497 311 539 274 585 229 587 8
D 605 59 11 565 224 520 269 481 310 420 351 381 386 347 426 304 484 264 525 219 570 69 606 589 8
D 604 39 11 559 218 514 263 477 303 36 346 213 380 255 419 299 480 342 519 375 564 413 605 594 8
D 615 7 2 14 13 12 8
D 616 7 2 14 31 12 29
D 614 9 2 615 471 616 8
D 613 5 2 2 614 32 8
D 620 79 5 443 388 406 428 367 486 330 527 446 8
D 623 99 6 575 277 529 314 493 355 436 390 396 430 578 8
D 624 83 3 364 325 133 289 365 29
D 622 89 5 394 623 360 487 320 533 284 581 624 8
D 621 79 2 120 622 199 8
D 619 71 8 326 620 270 572 225 608 102 621 497 352 539 311 585 274 587 8
D 618 59 11 565 269 520 310 481 351 420 386 381 426 347 484 304 525 264 570 219 606 69 619 589 8
D 617 39 11 559 263 514 303 477 346 36 380 213 419 255 480 299 519 342 564 375 605 413 618 594 8
D 627 7 2 12 31 14 8
D 628 7 2 12 13 14 29
D 626 9 2 627 471 628 8
D 625 5 2 2 626 32 8
D 632 79 5 443 428 406 486 367 527 330 573 446 8
D 635 99 6 575 314 529 355 493 390 436 430 396 488 578 8
D 637 81 2 136 135 134 29
D 636 83 2 637 325 365 29
D 634 89 4 360 533 394 635 320 581 636 8
D 633 79 2 120 634 199 8
D 631 71 8 326 632 270 608 225 621 102 633 497 387 539 352 585 311 587 8
D 630 59 11 565 310 520 351 481 386 420 426 381 484 347 525 304 570 264 606 219 619 69 631 589 8
D 629 39 11 559 303 514 346 477 380 36 419 213 480 255 519 299 564 342 605 375 618 413 630 594 8
D 641 15 2 26 22 21 8
D 640 13 2 472 641 473 8
D 639 9 2 11 640 30 8
D 638 5 2 2 639 32 8
D 645 79 5 443 486 406 527 367 573 330 609 446 8
D 648 99 6 575 355 529 390 493 430 436 488 396 534 578 8
D 649 83 2 135 325 145 29
D 647 89 3 360 581 394 648 649 8
D 646 79 2 120 647 199 8
D 644 71 8 326 645 497 427 270 621 225 633 539 387 102 646 585 352 587 8
D 643 59 11 565 351 520 386 481 426 420 484 381 525 347 570 304 606 264 619 219 631 69 644 589 8
D 642 39 11 559 346 514 380 477 419 36 480 213 519 255 564 299 605 342 618 375 630 413 643 594 8
L 655 18 9
D 654 17 2 23 655 25 8
D 653 15 2 21 654 26 8
D 652 13 2 472 653 473 8
D 651 9 2 11 652 30 8
D 650 5 2 2 651 32 8
D 659 79 5 443 527 406 573 367 609 330 622 446 8
D 662 99 6 575 390 529 430 493 488 436 534 396 582 578 8
D 663 83 2 133 325 144 29
D 661 89 2 394 662 663 8
D 660 79 2 120 661 199 8
D 658 71 8 326 659 497 485 539 427 270 633 585 387 225 646 102 660 587 8
D 657 59 11 565 386 520 426 481 484 420 525 381 570 347 606 304 619 264 631 219 644 69 658 589 8
D 656 39 11 559 380 514 419 477 480 36 519 213 564 255 605 299 618 342 630 375 643 413 657 594 8
D 668 17 2 25 24 23 8
D 667 15 2 21 668 26 8
D 666 13 2 472 667 473 8
D 665 9 2 11 666 30 8
D 664 5 2 2 665 32 8
D 672 79 5 443 573 406 609 367 622 330 634 446 8
D 678 97 2 155 156 157 29
D 677 95 2 153 678 158 193
D 676 93 3 148 677 579 192 580 29
D 675 99 5 575 430 529 488 493 534 436 582 676 8
D 674 89 2 394 675 663 8
D 673 79 2 120 674 199 8
D 671 71 8 326 672 497 526 539 485 585 427 270 646 225 660 102 673 587 8
D 670 59 11 565 426 520 484 481 525 420 570 381 606 347 619 304 631 264 644 219 658 69 671 589 8
D 669 39 11 559 419 514 480 477 519 36 564 213 605 255 618 299 630 342 643 375 657 413 670 594 8
D 683 17 2 23 24 25 655
D 684 17 2 23 655 25 29
D 682 15 2 21 683 26 684
D 685 11 2 19 28 17 18
D 686 15 2 21 684 26 29
D 687 11 2 19 18 17 8
D 681 13 3 472 682 685 686 687 29
D 688 7 2 14 13 12 31
D 689 13 2 472 686 473 29
D 690 7 2 14 31 12 8
D 680 9 3 11 681 688 689 690 29
D 692 3 2 7 6 5 34
D 691 1 2 3 692 9 4
D 693 9 2 11 689 30 29
D 695 3 2 7 34 5 8
D 694 1 2 3 695 9 33
D 679 5 3 2 680 691 693 694 29
D 0 19 11 1 35 467 476 510 513 553 558 599 604 613 617 625 629 638 642 650 656 664 669 679 8
