c ids of sdd nodes start at 0
c sdd nodes appear bottom-up, children before parents
c
c file syntax:
c sdd count-of-sdd-nodes
c F id-of-false-sdd-node
c T id-of-true-sdd-node
c L id-of-literal-sdd-node id-of-vtree literal
c D id-of-decomposition-sdd-node id-of-vtree number-of-elements {id-of-prime id-of-sub}*
c
sdd 423
L 3 0 -3
L 5 2 -4
L 6 4 -2
L 7 2 4
F 8
D 4 3 2 5 6 7 8
L 9 0 3
D 2 1 2 3 4 9 8
L 12 6 -6
L 13 8 -7
L 14 6 6
D 11 7 2 12 13 14 8
L 17 10 -5
L 18 12 1
L 19 10 5
D 16 11 2 17 18 19 8
L 21 14 -8
L 23 16 -10
L 24 18 -9
L 25 16 10
D 22 17 2 23 24 25 8
L 26 14 8
D 20 15 2 21 22 26 8
L 28 12 -1
T 29
D 27 11 2 17 28 19 29
D 15 13 2 16 20 27 8
L 31 8 7
D 30 7 2 12 31 14 29
D 10 9 2 11 15 30 8
L 34 4 2
D 33 3 2 5 34 7 29
D 32 1 2 3 33 9 29
D 1 5 2 2 10 32 8
L 38 20 -13
L 40 22 -15
L 41 24 -14
L 42 22 15
D 39 23 2 40 41 42 8
L 43 20 13
D 37 21 2 38 39 43 8
L 46 26 -16
L 47 28 -17
L 48 26 16
D 45 27 2 46 47 48 8
L 51 30 11
L 52 32 -12
L 53 30 -11
D 50 31 2 51 52 53 8
L 55 34 -18
L 57 36 -19
L 58 38 -20
L 59 36 19
D 56 37 2 57 58 59 8
L 60 34 18
D 54 35 2 55 56 60 8
L 62 32 12
D 61 31 2 51 62 53 29
D 49 33 2 50 54 61 8
L 64 28 17
D 63 27 2 46 64 48 29
D 44 29 2 45 49 63 8
L 67 24 14
D 66 23 2 40 67 42 29
D 65 21 2 38 66 43 29
D 36 25 2 37 44 65 8
L 71 40 -23
L 73 42 -24
L 74 44 -22
L 75 42 24
D 72 43 2 73 74 75 8
L 76 40 23
D 70 41 2 71 72 76 8
L 79 46 -26
L 80 48 -27
L 81 46 26
D 78 47 2 79 80 81 8
L 84 50 -25
L 85 52 21
L 86 50 25
D 83 51 2 84 85 86 8
L 88 54 -28
L 90 56 -30
L 91 58 -29
L 92 56 30
D 89 57 2 90 91 92 8
L 93 54 28
D 87 55 2 88 89 93 8
L 95 52 -21
D 94 51 2 84 95 86 29
D 82 53 2 83 87 94 8
L 97 48 27
D 96 47 2 79 97 81 29
D 77 49 2 78 82 96 8
L 100 44 22
D 99 43 2 73 100 75 29
D 98 41 2 71 99 76 29
D 69 45 2 70 77 98 8
L 104 60 -33
L 105 62 -32
L 106 60 33
D 103 61 2 104 105 106 8
L 108 64 31
L 110 66 -38
L 112 68 -40
L 113 70 -39
L 114 68 40
D 111 69 2 112 113 114 8
L 115 66 38
D 109 67 2 110 111 115 8
L 116 64 -31
D 107 65 2 108 109 116 8
L 118 62 32
D 117 61 2 104 118 106 29
D 102 63 2 103 107 117 8
L 122 72 -34
L 123 74 -35
L 124 72 34
D 121 73 2 122 123 124 8
L 126 76 -37
L 127 78 -36
L 128 76 37
D 125 77 2 126 127 128 8
L 130 74 35
D 129 73 2 122 130 124 29
D 120 75 2 121 125 129 8
L 134 80 -46
L 135 82 -47
L 136 80 46
D 133 81 2 134 135 136 8
L 138 84 -48
L 140 86 -49
L 141 88 -50
L 142 86 49
D 139 87 2 140 141 142 8
L 143 84 48
D 137 85 2 138 139 143 8
L 145 82 47
D 144 81 2 134 145 136 29
D 132 83 2 133 137 144 8
L 149 90 41
L 150 92 -42
L 151 90 -41
D 148 91 2 149 150 151 8
L 153 94 -43
L 155 96 -45
L 156 98 -44
L 157 96 45
D 154 97 2 155 156 157 8
L 158 94 43
D 152 95 2 153 154 158 8
L 160 92 42
D 159 91 2 149 160 151 29
D 147 93 2 148 152 159 8
L 163 100 -51
L 164 102 -52
L 165 100 51
D 162 101 2 163 164 165 8
L 168 104 -53
L 169 106 -54
L 170 104 53
D 167 105 2 168 169 170 8
L 172 108 55
L 174 110 -56
L 176 112 -57
L 178 114 -58
L 180 116 -59
L 181 118 -60
L 182 116 59
D 179 117 2 180 181 182 8
L 183 114 58
D 177 115 2 178 179 183 8
L 184 112 57
D 175 113 2 176 177 184 8
L 185 110 56
D 173 111 2 174 175 185 8
L 186 108 -55
D 171 109 2 172 173 186 8
L 188 106 54
D 187 105 2 168 188 170 29
D 166 107 2 167 171 187 8
L 190 102 52
D 189 101 2 163 190 165 29
D 161 103 2 162 166 189 8
D 192 91 2 151 160 149 8
D 193 91 2 151 150 149 29
D 191 93 2 192 152 193 8
D 196 105 2 168 188 170 8
D 197 109 2 186 173 172 8
D 198 105 2 168 169 170 29
D 195 107 2 196 197 198 8
D 194 103 2 162 195 189 8
D 200 91 2 151 150 149 8
D 201 95 2 158 154 153 8
D 202 91 2 151 160 149 29
D 199 93 2 200 201 202 8
D 205 105 2 170 169 168 8
D 206 105 2 170 188 168 29
D 204 107 2 205 197 206 8
D 203 103 2 162 204 189 8
L 210 98 44
D 209 97 2 155 210 157 8
D 208 95 2 153 209 158 8
D 207 93 2 200 208 202 8
D 212 101 2 163 190 165 8
D 213 107 2 167 197 187 8
D 214 101 2 163 164 165 29
D 211 103 2 212 213 214 8
D 217 97 2 157 156 155 8
D 216 95 2 153 217 158 8
D 215 93 2 200 216 202 8
D 219 101 2 165 164 163 8
D 220 101 2 165 190 163 29
D 218 103 2 219 213 220 8
D 223 97 2 155 156 157 210
D 224 97 2 155 210 157 29
D 222 95 2 153 223 158 224
D 225 91 2 149 150 151 160
D 226 95 2 153 224 158 29
D 227 91 2 149 160 151 8
D 221 93 3 200 222 225 226 227 29
D 146 99 6 147 161 191 194 199 203 207 211 215 218 221 8
L 231 88 50
D 230 87 2 140 231 142 29
D 229 85 2 138 230 143 29
D 228 83 2 133 229 144 29
D 131 89 2 132 146 228 8
L 234 78 36
D 233 77 2 126 234 128 29
D 232 75 2 121 233 129 29
D 119 79 2 120 131 232 8
D 236 65 2 116 109 108 8
D 235 63 2 103 236 117 8
D 239 73 2 124 123 122 8
D 240 73 2 124 130 122 29
D 238 75 2 239 125 240 8
D 244 91 2 151 150 149 160
D 243 93 2 225 226 244 29
D 242 99 3 147 211 191 218 243 8
D 241 89 2 132 242 228 8
D 246 73 2 122 130 124 8
D 247 73 2 122 123 124 29
D 245 75 2 246 125 247 8
D 250 93 2 148 226 159 29
D 249 99 2 147 218 250 8
D 248 89 2 132 249 228 8
D 252 73 2 124 123 122 130
D 253 73 2 122 123 124 130
D 251 75 2 252 233 253 29
D 237 79 3 238 241 245 248 251 8
D 255 61 2 104 118 106 8
D 256 61 2 104 105 106 29
D 254 63 2 255 236 256 8
D 262 97 2 155 156 157 29
D 261 95 2 153 262 158 224
D 260 93 3 200 261 225 226 227 29
D 259 99 5 147 194 191 203 199 211 207 218 260 8
D 258 89 2 132 259 228 8
D 257 79 2 120 258 232 8
D 264 61 2 106 105 104 8
D 265 61 2 106 118 104 29
D 263 63 2 264 236 265 8
D 270 95 2 158 224 153 29
D 269 93 3 200 270 225 226 227 29
D 268 99 4 147 203 191 211 199 218 269 8
D 267 89 2 132 268 228 8
D 266 79 2 120 267 232 8
D 272 61 2 106 105 104 118
L 276 70 39
D 275 69 2 112 276 114 29
D 274 67 2 110 275 115 29
D 273 65 2 116 274 108 29
D 277 61 2 106 118 104 8
D 271 63 3 272 273 103 274 277 29
D 101 71 5 102 119 235 237 254 257 263 266 271 8
D 280 43 2 73 100 75 8
D 279 41 2 71 280 76 8
D 283 51 2 84 95 86 8
D 284 51 2 84 85 86 29
D 282 53 2 283 87 284 8
D 281 49 2 78 282 96 8
D 286 43 2 73 74 75 29
D 285 41 2 71 286 76 29
D 278 45 2 279 281 285 8
D 289 75 2 239 233 240 29
D 288 79 2 238 248 289 8
D 290 79 2 120 241 232 8
D 287 71 5 102 257 235 288 254 266 263 290 271 8
D 292 41 2 76 72 71 8
D 293 41 2 76 99 71 29
D 291 45 2 292 281 293 8
D 295 79 2 120 248 232 8
D 297 65 2 108 274 116 29
D 296 63 3 272 273 103 297 277 29
D 294 71 4 102 266 254 290 263 295 296 8
D 300 43 2 75 74 73 8
D 299 41 2 71 300 76 8
D 302 43 2 75 100 73 29
D 301 41 2 71 302 76 29
D 298 45 2 299 281 301 8
D 304 63 3 255 273 103 297 106 29
D 303 71 3 102 290 254 295 304 8
D 308 51 2 86 95 84 8
D 309 51 2 86 85 84 29
D 307 53 2 308 87 309 8
D 306 49 2 78 307 96 8
D 305 45 2 70 306 98 8
D 311 63 2 103 297 117 29
D 310 71 2 102 295 311 8
D 315 51 2 86 95 84 85
L 318 58 29
D 317 57 2 90 318 92 29
D 316 55 2 88 317 93 29
D 319 51 2 84 95 86 85
D 314 53 2 315 316 319 29
D 313 49 2 78 314 96 29
D 321 43 2 75 74 73 100
D 320 41 2 71 321 76 72
D 323 53 2 283 316 284 29
D 322 49 2 78 323 96 29
D 325 43 2 75 100 73 8
D 324 41 2 71 325 76 99
D 312 45 3 70 313 320 322 324 29
D 68 59 6 69 101 278 287 291 294 298 303 305 310 312 8
D 329 31 2 53 62 51 8
D 330 31 2 53 52 51 29
D 328 33 2 329 54 330 8
D 327 29 2 45 328 63 8
D 326 25 2 37 327 65 8
D 334 53 2 83 316 94 29
D 333 49 2 78 334 96 29
D 332 45 3 70 333 320 322 324 29
D 331 59 5 69 287 278 294 291 303 298 310 332 8
D 336 21 2 43 39 38 8
D 339 31 2 53 52 51 8
D 340 31 2 53 62 51 29
D 338 33 2 339 54 340 8
D 337 29 2 45 338 63 8
D 341 21 2 43 66 38 29
D 335 25 2 336 337 341 8
D 344 41 2 71 280 76 72
D 345 41 2 76 99 71 75
D 343 45 3 70 333 344 322 345 29
D 342 59 4 69 294 278 303 291 310 343 8
D 348 23 2 40 67 42 8
D 347 21 2 38 348 43 8
D 350 23 2 40 41 42 29
D 349 21 2 38 350 43 29
D 346 25 2 347 337 349 8
D 353 41 2 71 75 76 29
D 352 45 3 70 333 279 322 353 29
D 351 59 3 69 303 278 310 352 8
D 356 23 2 42 41 40 8
D 355 21 2 38 356 43 8
D 358 23 2 42 67 40 29
D 357 21 2 38 358 43 29
D 354 25 2 355 337 357 8
D 360 45 2 70 333 98 29
D 359 59 2 69 310 360 8
D 364 31 2 51 52 53 62
L 367 38 20
D 366 37 2 57 367 59 29
D 365 35 2 55 366 60 29
D 368 31 2 53 52 51 62
D 363 33 2 364 365 368 29
D 362 29 2 45 363 63 29
D 370 23 2 42 41 40 67
D 369 21 2 38 370 43 39
D 372 33 2 339 365 340 29
D 371 29 2 45 372 63 29
D 374 23 2 42 67 40 8
D 373 21 2 38 374 43 66
D 361 25 3 37 362 369 371 373 29
D 35 39 6 36 68 326 331 335 342 346 351 354 359 361 8
D 377 3 2 5 34 7 8
D 376 1 2 3 377 9 8
D 380 11 2 17 28 19 8
D 381 11 2 17 18 19 29
D 379 13 2 380 20 381 8
D 378 9 2 11 379 30 8
D 383 3 2 5 6 7 29
D 382 1 2 3 383 9 29
D 375 5 2 376 378 382 8
D 386 21 2 38 348 43 39
D 387 21 2 43 66 38 42
D 385 25 3 37 362 386 371 387 29
D 384 39 5 36 331 326 342 335 351 346 359 385 8
D 389 1 2 9 4 3 8
D 390 1 2 9 33 3 29
D 388 5 2 389 378 390 8
D 392 25 3 37 362 336 371 66 29
D 391 39 4 36 342 326 351 335 359 392 8
D 395 3 2 7 6 5 8
D 394 1 2 3 395 9 8
D 397 3 2 7 34 5 29
D 396 1 2 3 397 9 29
D 393 5 2 394 378 396 8
D 399 25 2 37 362 65 29
D 398 39 3 36 351 326 359 399 8
D 403 11 2 19 28 17 8
D 404 11 2 19 18 17 29
D 402 13 2 403 20 404 8
D 401 9 2 11 402 30 8
D 400 5 2 2 401 32 8
D 408 33 2 50 365 61 29
D 407 29 2 45 408 63 29
D 406 25 2 37 407 65 29
D 405 39 2 36 359 406 8
D 412 11 2 19 28 17 18
L 415 18 9
D 414 17 2 23 415 25 29
D 413 15 2 21 414 26 29
D 416 11 2 17 28 19 18
D 411 13 2 412 413 416 29
D 410 9 2 11 411 30 29
D 418 3 2 7 6 5 34
D 417 1 2 3 418 9 4
D 420 13 2 380 413 381 29
D 419 9 2 11 420 30 29
D 422 3 2 7 34 5 8
D 421 1 2 3 422 9 33
D 409 5 3 2 410 417 419 421 29
D 0 19 6 1 35 375 384 388 391 393 398 400 405 409 8
