c ids of sdd nodes start at 0
c sdd nodes appear bottom-up, children before parents
c
c file syntax:
c sdd count-of-sdd-nodes
c F id-of-false-sdd-node
c T id-of-true-sdd-node
c L id-of-literal-sdd-node id-of-vtree literal
c D id-of-decomposition-sdd-node id-of-vtree number-of-elements {id-of-prime id-of-sub}*
c
sdd 689
L 3 0 -3
L 5 2 -4
L 6 4 -2
L 7 2 4
F 8
D 4 3 2 5 6 7 8
L 9 0 3
D 2 1 2 3 4 9 8
L 12 6 -6
L 13 8 -7
L 14 6 6
D 11 7 2 12 13 14 8
L 17 10 -5
L 18 12 1
L 19 10 5
D 16 11 2 17 18 19 8
L 21 14 -8
L 23 16 -10
L 24 18 -9
L 25 16 10
D 22 17 2 23 24 25 8
L 26 14 8
D 20 15 2 21 22 26 8
L 28 12 -1
T 29
D 27 11 2 17 28 19 29
D 15 13 2 16 20 27 8
L 31 8 7
D 30 7 2 12 31 14 29
D 10 9 2 11 15 30 8
L 34 4 2
D 33 3 2 5 34 7 29
D 32 1 2 3 33 9 29
D 1 5 2 2 10 32 8
L 38 20 -13
L 40 22 15
L 41 24 -14
L 42 22 -15
D 39 23 2 40 41 42 8
L 43 20 13
D 37 21 2 38 39 43 8
L 46 26 -16
L 47 28 -17
L 48 26 16
D 45 27 2 46 47 48 8
L 51 30 -11
L 52 32 -12
L 53 30 11
D 50 31 2 51 52 53 8
L 55 34 -18
L 57 36 -19
L 58 38 -20
L 59 36 19
D 56 37 2 57 58 59 8
L 60 34 18
D 54 35 2 55 56 60 8
L 62 32 12
D 61 31 2 51 62 53 29
D 49 33 2 50 54 61 8
L 64 28 17
D 63 27 2 46 64 48 29
D 44 29 2 45 49 63 8
L 67 24 14
D 66 23 2 40 67 42 29
D 65 21 2 38 66 43 29
D 36 25 2 37 44 65 8
L 71 40 -23
L 73 42 -24
L 74 44 -22
L 75 42 24
D 72 43 2 73 74 75 8
L 76 40 23
D 70 41 2 71 72 76 8
L 79 46 -26
L 80 48 -27
L 81 46 26
D 78 47 2 79 80 81 8
L 84 50 -25
L 85 52 -21
L 86 50 25
D 83 51 2 84 85 86 8
L 88 54 -28
L 90 56 30
L 91 58 -29
L 92 56 -30
D 89 57 2 90 91 92 8
L 93 54 28
D 87 55 2 88 89 93 8
L 95 52 21
D 94 51 2 84 95 86 29
D 82 53 2 83 87 94 8
L 97 48 27
D 96 47 2 79 97 81 29
D 77 49 2 78 82 96 8
L 100 44 22
D 99 43 2 73 100 75 29
D 98 41 2 71 99 76 29
D 69 45 2 70 77 98 8
L 104 60 -33
L 105 62 -32
L 106 60 33
D 103 61 2 104 105 106 8
L 108 64 -31
L 110 66 -38
L 112 68 40
L 113 70 -39
L 114 68 -40
D 111 69 2 112 113 114 8
L 115 66 38
D 109 67 2 110 111 115 8
L 116 64 31
D 107 65 2 108 109 116 8
L 118 62 32
D 117 61 2 104 118 106 29
D 102 63 2 103 107 117 8
L 122 72 -34
L 123 74 -35
L 124 72 34
D 121 73 2 122 123 124 8
L 126 76 -37
L 127 78 -36
L 128 76 37
D 125 77 2 126 127 128 8
L 130 74 35
D 129 73 2 122 130 124 29
D 120 75 2 121 125 129 8
L 134 80 -46
L 135 82 -47
L 136 80 46
D 133 81 2 134 135 136 8
L 138 84 -48
L 140 86 -49
L 141 88 50
L 142 86 49
D 139 87 2 140 141 142 8
L 143 84 48
D 137 85 2 138 139 143 8
L 145 82 47
D 144 81 2 134 145 136 29
D 132 83 2 133 137 144 8
L 149 90 -41
L 150 92 -42
L 151 90 41
D 148 91 2 149 150 151 8
L 153 94 -43
L 155 96 -45
L 156 98 -44
L 157 96 45
D 154 97 2 155 156 157 8
L 158 94 43
D 152 95 2 153 154 158 8
L 160 92 42
D 159 91 2 149 160 151 29
D 147 93 2 148 152 159 8
L 163 100 -51
L 164 102 -52
L 165 100 51
D 162 101 2 163 164 165 8
L 168 104 -53
L 169 106 -54
L 170 104 53
D 167 105 2 168 169 170 8
L 172 108 -55
L 174 110 -56
L 176 112 -57
L 178 114 -58
L 180 116 -59
L 181 118 60
L 182 116 59
D 179 117 2 180 181 182 8
L 183 114 58
D 177 115 2 178 179 183 8
L 184 112 57
D 175 113 2 176 177 184 8
L 185 110 56
D 173 111 2 174 175 185 8
L 186 108 55
D 171 109 2 172 173 186 8
L 188 106 54
D 187 105 2 168 188 170 29
D 166 107 2 167 171 187 8
L 190 102 52
D 189 101 2 163 190 165 29
D 161 103 2 162 166 189 8
L 194 98 44
D 193 97 2 155 194 157 29
D 192 95 2 153 193 158 29
D 191 93 2 148 192 159 29
D 146 99 2 147 161 191 8
L 198 88 -50
D 197 87 2 140 198 142 29
D 196 85 2 138 197 143 29
D 195 83 2 133 196 144 29
D 131 89 2 132 146 195 8
L 201 78 36
D 200 77 2 126 201 128 29
D 199 75 2 121 200 129 29
D 119 79 2 120 131 199 8
L 206 70 39
D 205 69 2 112 206 114 29
D 204 67 2 110 205 115 29
D 203 65 2 108 204 116 29
D 202 63 2 103 203 117 29
D 101 71 2 102 119 202 8
L 212 58 29
D 211 57 2 90 212 92 29
D 210 55 2 88 211 93 29
D 209 53 2 83 210 94 29
D 208 49 2 78 209 96 29
D 207 45 2 70 208 98 29
D 68 59 2 69 101 207 8
D 215 23 2 42 41 40 8
D 214 21 2 38 215 43 8
D 217 27 2 48 47 46 8
D 218 27 2 48 64 46 29
D 216 29 2 217 49 218 8
D 220 23 2 42 67 40 29
D 219 21 2 38 220 43 29
D 213 25 2 214 216 219 8
D 226 57 2 92 212 90 8
D 225 55 2 88 226 93 8
D 224 53 2 83 225 94 8
D 223 49 2 78 224 96 8
D 222 45 2 70 223 98 8
D 231 69 2 114 206 112 8
D 230 67 2 110 231 115 8
D 229 65 2 108 230 116 8
D 228 63 2 103 229 117 8
L 242 118 -60
D 241 117 2 182 242 180 8
D 240 115 2 178 241 183 8
D 239 113 2 176 240 184 8
D 238 111 2 174 239 185 8
D 237 109 2 172 238 186 8
D 236 107 2 167 237 187 8
D 235 103 2 162 236 189 8
D 234 99 2 147 235 191 8
D 245 87 2 142 198 140 8
D 244 85 2 138 245 143 8
D 243 83 2 133 244 144 8
D 248 87 2 140 198 142 141
D 247 85 2 138 248 143 29
D 246 83 2 133 247 144 29
D 233 89 3 132 234 243 146 246 8
D 232 79 2 120 233 199 8
D 252 69 2 114 113 112 206
D 251 67 2 110 252 115 29
D 250 65 2 108 251 116 29
D 249 63 2 103 250 117 29
D 227 71 3 228 119 102 232 249 8
D 257 57 2 92 91 90 212
D 256 55 2 88 257 93 29
D 255 53 2 83 256 94 29
D 254 49 2 78 255 96 29
D 253 45 2 70 254 98 29
D 221 59 3 222 101 69 227 253 8
D 260 27 2 46 64 48 8
D 261 27 2 46 47 48 29
D 259 29 2 260 49 261 8
D 258 25 2 214 259 219 8
D 267 57 2 92 91 90 8
D 266 55 2 93 267 88 8
D 265 53 2 83 266 94 8
D 264 49 2 78 265 96 8
D 263 45 2 70 264 98 8
D 272 69 2 114 113 112 8
D 271 67 2 115 272 110 8
D 270 65 2 108 271 116 8
D 269 63 2 103 270 117 8
D 282 117 2 180 242 182 8
D 281 115 2 183 282 178 8
D 280 113 2 176 281 184 8
D 279 111 2 174 280 185 8
D 278 109 2 172 279 186 8
D 277 107 2 167 278 187 8
D 276 103 2 162 277 189 8
D 275 99 2 147 276 191 8
D 285 87 2 140 198 142 8
D 284 85 2 143 285 138 8
D 283 83 2 133 284 144 8
D 288 87 2 140 141 142 29
D 287 85 2 138 248 143 288
D 286 83 2 133 287 144 29
D 274 89 4 132 275 243 234 283 146 286 8
D 273 79 2 120 274 199 8
D 292 69 2 114 206 112 29
D 291 67 2 110 252 115 292
D 290 65 2 108 291 116 29
D 289 63 2 103 290 117 29
D 268 71 4 269 119 102 273 228 232 289 8
D 297 57 2 92 212 90 29
D 296 55 2 93 297 88 257
D 295 53 2 83 296 94 29
D 294 49 2 78 295 96 29
D 293 45 2 70 294 98 29
D 262 59 4 263 101 222 227 69 268 293 8
D 301 35 2 60 56 55 8
D 300 33 2 50 301 61 8
D 299 29 2 45 300 63 8
D 298 25 2 214 299 219 8
D 305 47 2 79 97 81 8
D 307 55 2 88 267 93 8
D 306 53 2 83 307 94 8
D 308 47 2 79 80 81 29
D 304 49 2 305 306 308 8
D 303 45 2 70 304 98 8
D 318 115 2 178 282 183 8
D 317 113 2 184 318 176 8
D 316 111 2 174 317 185 8
D 315 109 2 172 316 186 8
D 314 107 2 167 315 187 8
D 313 103 2 162 314 189 8
D 312 99 2 147 313 191 8
D 320 81 2 134 145 136 8
D 321 85 2 138 285 143 8
D 322 81 2 134 135 136 29
D 319 83 2 320 321 322 8
D 324 85 2 138 288 143 29
D 323 83 3 133 287 320 324 136 29
D 311 89 5 132 312 243 275 283 234 319 146 323 8
D 310 79 2 120 311 199 8
D 327 67 2 110 272 115 8
D 326 65 2 108 327 116 8
D 325 63 2 103 326 117 8
D 330 77 2 128 127 126 8
D 329 75 2 121 330 129 8
D 332 77 2 128 201 126 29
D 331 75 2 121 332 129 29
D 328 79 2 329 131 331 8
D 336 69 2 112 206 114 8
D 335 67 2 110 336 115 292
D 334 65 2 108 335 116 29
D 333 63 2 103 334 117 29
D 309 71 5 102 310 228 273 269 232 325 328 333 8
D 340 55 2 88 297 93 29
D 339 53 2 83 340 94 29
D 338 49 3 78 295 305 339 81 29
D 337 45 2 70 338 98 29
D 302 59 5 303 101 263 227 222 268 69 309 337 8
D 345 37 2 59 58 57 8
D 344 35 2 55 345 60 8
D 343 33 2 50 344 61 8
D 342 29 2 45 343 63 8
D 341 25 2 214 342 219 8
D 349 47 2 81 80 79 8
D 350 47 2 81 97 79 29
D 348 49 2 349 306 350 8
D 347 45 2 70 348 98 8
D 359 113 2 176 318 184 8
D 358 111 2 185 359 174 8
D 357 109 2 172 358 186 8
D 356 107 2 167 357 187 8
D 355 103 2 162 356 189 8
D 354 99 2 147 355 191 8
D 361 81 2 136 135 134 8
D 362 81 2 136 145 134 29
D 360 83 2 361 321 362 8
D 364 81 2 136 135 134 145
D 365 81 2 136 145 134 8
D 363 83 3 133 287 364 324 365 29
D 353 89 6 132 354 243 312 283 275 319 234 360 146 363 8
D 352 79 2 120 353 199 8
D 368 77 2 126 201 128 8
D 367 75 2 121 368 129 8
D 370 77 2 126 127 128 201
D 369 75 2 121 370 129 29
D 366 79 3 367 131 329 233 369 8
D 351 71 5 102 352 325 366 228 310 269 273 333 8
D 373 47 2 81 80 79 97
D 374 47 2 81 97 79 8
D 372 49 3 78 295 373 339 374 29
D 371 45 2 70 372 98 29
D 346 59 6 347 101 303 227 263 268 222 309 69 351 371 8
L 380 38 20
D 379 37 2 57 380 59 8
D 378 35 2 55 379 60 8
D 377 33 2 50 378 61 8
D 376 29 2 45 377 63 8
D 375 25 2 214 376 219 8
D 385 51 2 86 85 84 8
D 386 51 2 86 95 84 29
D 384 53 2 385 307 386 8
D 383 49 2 78 384 96 8
D 382 45 2 70 383 98 8
D 394 111 2 174 359 185 8
D 393 109 2 186 394 172 8
D 392 107 2 167 393 187 8
D 391 103 2 162 392 189 8
D 390 99 2 147 391 191 8
D 395 83 2 133 321 144 8
D 399 97 2 157 156 155 8
D 398 95 2 153 399 158 8
D 397 93 2 148 398 159 8
D 402 97 2 157 194 155 29
D 401 95 2 153 402 158 29
D 400 93 2 148 401 159 29
D 396 99 2 397 161 400 8
D 405 87 2 142 141 140 8
D 404 85 2 138 405 143 288
D 403 83 3 133 404 364 324 365 29
D 389 89 7 132 390 395 396 243 354 283 312 319 275 360 234 403 8
D 388 79 2 120 389 199 8
D 408 73 2 122 130 124 8
D 409 73 2 122 123 124 29
D 407 75 2 408 125 409 8
D 410 75 3 121 370 408 200 124 29
D 406 79 4 407 131 367 233 329 274 410 8
D 387 71 5 102 388 325 406 228 352 269 310 333 8
D 413 53 3 385 340 83 296 95 29
D 412 49 3 78 413 373 339 374 29
D 411 45 2 70 412 98 29
D 381 59 7 382 101 347 227 303 268 263 309 222 351 69 387 411 8
D 418 37 2 57 380 59 29
D 419 37 2 57 58 59 380
D 417 35 2 60 418 55 419
D 416 33 2 50 417 61 29
D 420 27 2 48 47 46 64
D 422 35 2 55 418 60 29
D 421 33 2 50 422 61 29
D 423 27 2 48 64 46 8
D 415 29 3 45 416 420 421 423 29
D 424 29 2 45 421 63 29
D 425 21 2 38 67 43 29
D 414 25 3 214 415 37 424 425 29
D 35 39 7 36 68 213 221 258 262 298 302 341 346 375 381 414 8
D 428 3 2 5 34 7 8
D 427 1 2 3 428 9 8
D 431 11 2 17 28 19 8
D 432 11 2 17 18 19 29
D 430 13 2 431 20 432 8
D 429 9 2 11 430 30 8
D 434 3 2 5 6 7 29
D 433 1 2 3 434 9 29
D 426 5 2 427 429 433 8
D 438 23 2 42 67 40 8
D 437 21 2 38 438 43 8
D 440 23 2 42 41 40 29
D 439 21 2 38 440 43 29
D 436 25 2 437 44 439 8
D 444 43 2 75 74 73 8
D 443 41 2 71 444 76 8
D 445 49 2 78 306 96 8
D 447 43 2 75 100 73 29
D 446 41 2 71 447 76 29
D 442 45 2 443 445 446 8
D 454 105 2 168 188 170 8
D 455 109 2 172 394 186 8
D 456 105 2 168 169 170 29
D 453 107 2 454 455 456 8
D 452 103 2 162 453 189 8
D 451 99 2 147 452 191 8
D 460 97 2 155 194 157 8
D 459 95 2 153 460 158 8
D 458 93 2 148 459 159 8
D 463 97 2 155 156 157 194
D 462 95 2 153 463 158 29
D 461 93 2 148 462 159 29
D 457 99 3 458 161 397 235 461 8
D 450 89 7 132 451 395 457 243 390 283 354 319 312 360 275 403 8
D 449 79 2 120 450 199 8
D 466 73 2 124 123 122 8
D 467 73 2 124 130 122 29
D 465 75 2 466 125 467 8
D 469 73 2 124 123 122 130
D 470 73 2 124 130 122 8
D 468 75 3 121 370 469 200 470 29
D 464 79 5 465 131 407 233 367 274 329 311 468 8
D 448 71 5 102 449 325 464 228 388 269 352 333 8
D 472 49 2 78 339 96 29
D 473 41 2 71 100 76 29
D 471 45 3 70 412 443 472 473 29
D 441 59 8 442 101 382 227 347 268 303 309 263 351 222 387 69 448 471 8
D 476 23 2 40 41 42 67
D 475 21 2 38 476 43 8
D 478 23 2 40 67 42 8
D 477 21 2 38 478 43 29
D 474 25 3 214 415 475 424 477 29
D 435 39 8 436 68 36 221 213 262 258 302 298 346 341 381 375 441 474 8
D 480 1 2 9 4 3 8
D 481 1 2 9 33 3 29
D 479 5 2 480 429 481 8
D 484 21 2 43 215 38 8
D 485 21 2 43 220 38 29
D 483 25 2 484 44 485 8
D 488 41 2 76 72 71 8
D 489 41 2 76 99 71 29
D 487 45 2 488 445 489 8
D 496 105 2 170 169 168 8
D 497 105 2 170 188 168 29
D 495 107 2 496 455 497 8
D 494 103 2 162 495 189 8
D 493 99 2 147 494 191 8
D 500 95 2 158 154 153 8
D 499 93 2 148 500 159 8
D 502 95 2 153 463 158 193
D 501 93 2 148 502 159 29
D 498 99 4 499 161 458 235 397 276 501 8
D 492 89 7 132 493 395 498 243 451 283 390 319 354 360 312 403 8
D 491 79 2 120 492 199 8
D 504 61 2 106 105 104 8
D 505 61 2 106 118 104 29
D 503 63 2 504 326 505 8
D 506 79 5 465 233 407 274 329 353 367 311 468 8
D 509 67 2 110 292 115 29
D 508 65 2 108 509 116 29
D 507 63 3 103 334 504 508 118 29
D 490 71 6 102 491 503 119 325 506 228 449 269 388 507 8
D 511 41 2 71 444 76 72
D 512 41 2 76 99 71 100
D 510 45 3 70 412 511 472 512 29
D 486 59 9 487 101 442 227 382 268 347 309 303 351 263 387 222 448 69 490 510 8
D 514 21 2 38 476 43 215
D 515 21 2 38 478 43 220
D 513 25 3 214 415 514 424 515 29
D 482 39 9 483 68 436 221 36 262 213 302 258 346 298 381 341 441 375 486 513 8
D 518 3 2 7 6 5 8
D 517 1 2 3 518 9 8
D 520 3 2 7 34 5 29
D 519 1 2 3 520 9 29
D 516 5 2 517 429 519 8
D 525 31 2 51 62 53 8
D 526 31 2 51 52 53 29
D 524 33 2 525 54 526 8
D 523 29 2 45 524 63 8
D 522 25 2 214 523 219 8
D 530 43 2 73 100 75 8
D 529 41 2 71 530 76 8
D 532 43 2 73 74 75 29
D 531 41 2 71 532 76 29
D 528 45 2 529 445 531 8
D 538 91 2 149 160 151 8
D 539 91 2 149 150 151 29
D 537 93 2 538 152 539 8
D 540 93 3 148 502 538 192 151 29
D 536 99 5 537 161 499 235 458 276 397 313 540 8
D 543 101 2 163 190 165 8
D 544 107 2 167 455 187 8
D 545 101 2 163 164 165 29
D 542 103 2 543 544 545 8
D 541 99 2 147 542 191 8
D 535 89 7 395 536 243 493 132 541 283 451 319 390 360 354 403 8
D 534 79 2 120 535 199 8
D 546 79 5 465 274 329 389 367 353 407 311 468 8
D 548 61 2 104 118 106 8
D 549 61 2 104 105 106 29
D 547 63 2 548 326 549 8
D 551 61 2 106 105 104 118
D 552 61 2 106 118 104 8
D 550 63 3 103 334 551 508 552 29
D 533 71 7 102 534 325 546 228 491 547 119 269 449 503 232 550 8
D 555 43 2 75 74 73 100
D 554 41 2 71 555 76 72
D 557 43 2 75 100 73 8
D 556 41 2 71 557 76 99
D 553 45 3 70 412 554 472 556 29
D 527 59 10 528 101 487 227 442 268 382 309 347 351 303 387 263 448 222 490 69 533 553 8
D 560 33 3 525 422 50 417 53 29
D 559 29 3 45 560 420 421 423 29
D 558 25 3 214 559 514 424 515 29
D 521 39 10 522 68 483 221 436 262 36 302 213 346 258 381 298 441 341 486 375 527 558 8
D 564 11 2 19 28 17 8
D 565 11 2 19 18 17 29
D 563 13 2 564 20 565 8
D 562 9 2 11 563 30 8
D 561 5 2 2 562 32 8
D 570 31 2 53 52 51 8
D 571 31 2 53 62 51 29
D 569 33 2 570 54 571 8
D 568 29 2 45 569 63 8
D 567 25 2 214 568 219 8
D 576 51 2 84 95 86 8
D 577 51 2 84 85 86 29
D 575 53 2 576 307 577 8
D 574 49 2 78 575 96 8
D 573 45 2 70 574 98 8
D 579 79 5 367 389 329 450 407 353 465 311 468 8
D 584 91 2 151 150 149 8
D 585 91 2 151 160 149 29
D 583 93 2 584 152 585 8
D 587 91 2 151 150 149 160
D 588 91 2 151 160 149 8
D 586 93 3 148 502 587 192 588 29
D 582 99 6 583 161 537 235 499 276 458 313 397 355 586 8
D 591 101 2 165 164 163 8
D 592 101 2 165 190 163 29
D 590 103 2 591 544 592 8
D 589 99 2 147 590 191 8
D 581 89 7 395 582 283 493 243 541 319 451 132 589 360 390 403 8
D 580 79 2 120 581 199 8
D 594 65 2 116 327 108 8
D 593 63 2 103 594 117 8
D 596 65 2 108 335 116 509
D 595 63 3 103 596 551 508 552 29
D 578 71 8 325 579 102 580 228 534 269 491 593 119 503 273 547 232 595 8
D 600 51 2 86 85 84 95
D 601 51 2 86 95 84 8
D 599 53 3 600 340 83 296 601 29
D 598 49 3 373 339 78 599 374 29
D 597 45 3 554 472 70 598 556 29
D 572 59 11 573 101 528 227 487 268 442 309 382 351 347 387 303 448 263 490 222 533 69 578 597 8
D 605 31 2 53 52 51 62
D 606 31 2 53 62 51 8
D 604 33 3 605 422 50 417 606 29
D 603 29 3 420 421 45 604 423 29
D 602 25 3 514 424 214 603 515 29
D 566 39 11 567 68 522 221 483 262 436 302 36 346 213 381 258 441 298 486 341 527 375 572 602 8
D 609 7 2 14 13 12 8
D 610 7 2 14 31 12 29
D 608 9 2 609 430 610 8
D 607 5 2 2 608 32 8
D 614 79 5 407 389 367 450 329 492 465 353 468 8
D 617 99 6 583 235 537 276 499 313 458 355 397 391 586 8
D 619 85 2 143 288 138 141
D 618 83 3 133 619 364 324 365 29
D 616 89 6 395 617 319 493 283 541 360 451 243 589 618 8
D 615 79 2 120 616 199 8
D 613 71 8 325 614 228 580 269 534 102 615 503 310 547 273 593 232 595 8
D 612 59 11 573 227 528 268 487 309 442 351 382 387 347 448 303 490 263 533 222 578 69 613 597 8
D 611 39 11 567 221 522 262 483 302 436 346 36 381 213 441 258 486 298 527 341 572 375 612 602 8
D 622 7 2 12 31 14 8
D 623 7 2 12 13 14 29
D 621 9 2 622 430 623 8
D 620 5 2 2 621 32 8
D 627 79 5 465 389 407 450 367 492 329 535 468 8
D 630 99 6 583 276 537 313 499 355 458 391 397 452 586 8
D 631 83 3 364 324 133 288 365 29
D 629 89 5 395 630 360 493 319 541 283 589 631 8
D 628 79 2 120 629 199 8
D 626 71 8 325 627 269 580 228 615 102 628 503 352 547 310 593 273 595 8
D 625 59 11 573 268 528 309 487 351 442 387 382 448 347 490 303 533 263 578 222 613 69 626 597 8
D 624 39 11 567 262 522 302 483 346 436 381 36 441 213 486 258 527 298 572 341 612 375 625 602 8
D 635 15 2 26 22 21 8
D 634 13 2 431 635 432 8
D 633 9 2 11 634 30 8
D 632 5 2 2 633 32 8
D 639 79 5 465 450 407 492 367 535 329 581 468 8
D 642 99 6 583 313 537 355 499 391 458 452 397 494 586 8
D 644 81 2 136 135 134 29
D 643 83 2 644 324 365 29
D 641 89 4 360 541 395 642 319 589 643 8
D 640 79 2 120 641 199 8
D 638 71 8 325 639 269 615 228 628 102 640 503 388 547 352 593 310 595 8
D 637 59 11 573 309 528 351 487 387 442 448 382 490 347 533 303 578 263 613 222 626 69 638 597 8
D 636 39 11 567 302 522 346 483 381 436 441 36 486 213 527 258 572 298 612 341 625 375 637 602 8
L 650 18 9
D 649 17 2 23 650 25 8
D 648 15 2 21 649 26 8
D 647 13 2 431 648 432 8
D 646 9 2 11 647 30 8
D 645 5 2 2 646 32 8
D 654 79 5 465 492 407 535 367 581 329 616 468 8
D 657 99 6 583 355 537 391 499 452 458 494 397 542 586 8
D 658 83 2 135 324 145 29
D 656 89 3 360 589 395 657 658 8
D 655 79 2 120 656 199 8
D 653 71 8 325 654 503 449 269 628 228 640 547 388 102 655 593 352 595 8
D 652 59 11 573 351 528 387 487 448 442 490 382 533 347 578 303 613 263 626 222 638 69 653 597 8
D 651 39 11 567 346 522 381 483 441 436 486 36 527 213 572 258 612 298 625 341 637 375 652 602 8
D 663 17 2 25 24 23 8
D 662 15 2 21 663 26 8
D 661 13 2 431 662 432 8
D 660 9 2 11 661 30 8
D 659 5 2 2 660 32 8
D 667 79 5 465 535 407 581 367 616 329 629 468 8
D 670 99 6 583 391 537 452 499 494 458 542 397 590 586 8
D 671 83 2 133 324 144 29
D 669 89 2 395 670 671 8
D 668 79 2 120 669 199 8
D 666 71 8 325 667 503 491 547 449 269 640 593 388 228 655 102 668 595 8
D 665 59 11 573 387 528 448 487 490 442 533 382 578 347 613 303 626 263 638 222 653 69 666 597 8
D 664 39 11 567 381 522 441 483 486 436 527 36 572 213 612 258 625 298 637 341 652 375 665 602 8
D 676 17 2 23 24 25 650
D 677 17 2 23 650 25 29
D 675 15 2 21 676 26 677
D 678 11 2 19 28 17 18
D 679 15 2 21 677 26 29
D 680 11 2 19 18 17 8
D 674 13 3 431 675 678 679 680 29
D 681 7 2 14 13 12 31
D 682 13 2 431 679 432 29
D 683 7 2 14 31 12 8
D 673 9 3 11 674 681 682 683 29
D 685 3 2 7 6 5 34
D 684 1 2 3 685 9 4
D 686 9 2 11 682 30 29
D 688 3 2 7 34 5 8
D 687 1 2 3 688 9 33
D 672 5 3 2 673 684 686 687 29
D 0 19 11 1 35 426 435 479 482 516 521 561 566 607 611 620 624 632 636 645 651 659 664 672 8
