c ids of sdd nodes start at 0
c sdd nodes appear bottom-up, children before parents
c
c file syntax:
c sdd count-of-sdd-nodes
c F id-of-false-sdd-node
c T id-of-true-sdd-node
c L id-of-literal-sdd-node id-of-vtree literal
c D id-of-decomposition-sdd-node id-of-vtree number-of-elements {id-of-prime id-of-sub}*
c
sdd 683
L 3 0 -3
L 5 2 -4
L 6 4 -2
L 7 2 4
F 8
D 4 3 2 5 6 7 8
L 9 0 3
D 2 1 2 3 4 9 8
L 12 6 -6
L 13 8 -7
L 14 6 6
D 11 7 2 12 13 14 8
L 17 10 -5
L 18 12 1
L 19 10 5
D 16 11 2 17 18 19 8
L 21 14 -8
L 23 16 -10
L 24 18 -9
L 25 16 10
D 22 17 2 23 24 25 8
L 26 14 8
D 20 15 2 21 22 26 8
L 28 12 -1
T 29
D 27 11 2 17 28 19 29
D 15 13 2 16 20 27 8
L 31 8 7
D 30 7 2 12 31 14 29
D 10 9 2 11 15 30 8
L 34 4 2
D 33 3 2 5 34 7 29
D 32 1 2 3 33 9 29
D 1 5 2 2 10 32 8
L 38 20 -13
L 40 22 -15
L 41 24 -14
L 42 22 15
D 39 23 2 40 41 42 8
L 43 20 13
D 37 21 2 38 39 43 8
L 46 26 16
L 47 28 -17
L 48 26 -16
D 45 27 2 46 47 48 8
L 51 30 -11
L 52 32 -12
L 53 30 11
D 50 31 2 51 52 53 8
L 55 34 -18
L 57 36 -19
L 58 38 -20
L 59 36 19
D 56 37 2 57 58 59 8
L 60 34 18
D 54 35 2 55 56 60 8
L 62 32 12
D 61 31 2 51 62 53 29
D 49 33 2 50 54 61 8
L 64 28 17
D 63 27 2 46 64 48 29
D 44 29 2 45 49 63 8
L 67 24 14
D 66 23 2 40 67 42 29
D 65 21 2 38 66 43 29
D 36 25 2 37 44 65 8
L 71 40 -23
L 73 42 -24
L 74 44 -22
L 75 42 24
D 72 43 2 73 74 75 8
L 76 40 23
D 70 41 2 71 72 76 8
L 79 46 -26
L 80 48 -27
L 81 46 26
D 78 47 2 79 80 81 8
L 84 50 -25
L 85 52 -21
L 86 50 25
D 83 51 2 84 85 86 8
L 88 54 -28
L 90 56 30
L 91 58 -29
L 92 56 -30
D 89 57 2 90 91 92 8
L 93 54 28
D 87 55 2 88 89 93 8
L 95 52 21
D 94 51 2 84 95 86 29
D 82 53 2 83 87 94 8
L 97 48 27
D 96 47 2 79 97 81 29
D 77 49 2 78 82 96 8
L 100 44 22
D 99 43 2 73 100 75 29
D 98 41 2 71 99 76 29
D 69 45 2 70 77 98 8
L 104 60 -33
L 105 62 -32
L 106 60 33
D 103 61 2 104 105 106 8
L 108 64 -31
L 110 66 -38
L 112 68 40
L 113 70 -39
L 114 68 -40
D 111 69 2 112 113 114 8
L 115 66 38
D 109 67 2 110 111 115 8
L 116 64 31
D 107 65 2 108 109 116 8
L 118 62 32
D 117 61 2 104 118 106 29
D 102 63 2 103 107 117 8
L 122 72 -34
L 123 74 -35
L 124 72 34
D 121 73 2 122 123 124 8
L 126 76 -37
L 127 78 -36
L 128 76 37
D 125 77 2 126 127 128 8
L 130 74 35
D 129 73 2 122 130 124 29
D 120 75 2 121 125 129 8
L 134 80 -46
L 135 82 -47
L 136 80 46
D 133 81 2 134 135 136 8
L 138 84 -48
L 140 86 -49
L 141 88 50
L 142 86 49
D 139 87 2 140 141 142 8
L 143 84 48
D 137 85 2 138 139 143 8
L 145 82 47
D 144 81 2 134 145 136 29
D 132 83 2 133 137 144 8
L 149 90 -41
L 150 92 -42
L 151 90 41
D 148 91 2 149 150 151 8
L 153 94 -43
L 155 96 -45
L 156 98 -44
L 157 96 45
D 154 97 2 155 156 157 8
L 158 94 43
D 152 95 2 153 154 158 8
L 160 92 42
D 159 91 2 149 160 151 29
D 147 93 2 148 152 159 8
L 163 100 -51
L 164 102 -52
L 165 100 51
D 162 101 2 163 164 165 8
L 168 104 -53
L 169 106 -54
L 170 104 53
D 167 105 2 168 169 170 8
L 172 108 -55
L 174 110 -56
L 176 112 -57
L 178 114 -58
L 180 116 -59
L 181 118 60
L 182 116 59
D 179 117 2 180 181 182 8
L 183 114 58
D 177 115 2 178 179 183 8
L 184 112 57
D 175 113 2 176 177 184 8
L 185 110 56
D 173 111 2 174 175 185 8
L 186 108 55
D 171 109 2 172 173 186 8
L 188 106 54
D 187 105 2 168 188 170 29
D 166 107 2 167 171 187 8
L 190 102 52
D 189 101 2 163 190 165 29
D 161 103 2 162 166 189 8
L 194 98 44
D 193 97 2 155 194 157 29
D 192 95 2 153 193 158 29
D 191 93 2 148 192 159 29
D 146 99 2 147 161 191 8
L 198 88 -50
D 197 87 2 140 198 142 29
D 196 85 2 138 197 143 29
D 195 83 2 133 196 144 29
D 131 89 2 132 146 195 8
L 201 78 36
D 200 77 2 126 201 128 29
D 199 75 2 121 200 129 29
D 119 79 2 120 131 199 8
L 206 70 39
D 205 69 2 112 206 114 29
D 204 67 2 110 205 115 29
D 203 65 2 108 204 116 29
D 202 63 2 103 203 117 29
D 101 71 2 102 119 202 8
L 212 58 29
D 211 57 2 90 212 92 29
D 210 55 2 88 211 93 29
D 209 53 2 83 210 94 29
D 208 49 2 78 209 96 29
D 207 45 2 70 208 98 29
D 68 59 2 69 101 207 8
D 215 27 2 48 64 46 8
D 216 27 2 48 47 46 29
D 214 29 2 215 49 216 8
D 213 25 2 37 214 65 8
D 222 57 2 92 212 90 8
D 221 55 2 88 222 93 8
D 220 53 2 83 221 94 8
D 219 49 2 78 220 96 8
D 218 45 2 70 219 98 8
D 227 69 2 114 206 112 8
D 226 67 2 110 227 115 8
D 225 65 2 108 226 116 8
D 224 63 2 103 225 117 8
L 238 118 -60
D 237 117 2 182 238 180 8
D 236 115 2 178 237 183 8
D 235 113 2 176 236 184 8
D 234 111 2 174 235 185 8
D 233 109 2 172 234 186 8
D 232 107 2 167 233 187 8
D 231 103 2 162 232 189 8
D 230 99 2 147 231 191 8
D 241 87 2 142 198 140 8
D 240 85 2 138 241 143 8
D 239 83 2 133 240 144 8
D 244 87 2 140 198 142 141
D 243 85 2 138 244 143 29
D 242 83 2 133 243 144 29
D 229 89 3 132 230 239 146 242 8
D 228 79 2 120 229 199 8
D 248 69 2 114 113 112 206
D 247 67 2 110 248 115 29
D 246 65 2 108 247 116 29
D 245 63 2 103 246 117 29
D 223 71 3 224 119 102 228 245 8
D 253 57 2 92 91 90 212
D 252 55 2 88 253 93 29
D 251 53 2 83 252 94 29
D 250 49 2 78 251 96 29
D 249 45 2 70 250 98 29
D 217 59 3 218 101 69 223 249 8
D 256 27 2 48 47 46 8
D 258 35 2 60 56 55 8
D 257 33 2 50 258 61 8
D 259 27 2 48 64 46 29
D 255 29 2 256 257 259 8
D 254 25 2 37 255 65 8
D 265 57 2 92 91 90 8
D 264 55 2 93 265 88 8
D 263 53 2 83 264 94 8
D 262 49 2 78 263 96 8
D 261 45 2 70 262 98 8
D 270 69 2 114 113 112 8
D 269 67 2 115 270 110 8
D 268 65 2 108 269 116 8
D 267 63 2 103 268 117 8
D 280 117 2 180 238 182 8
D 279 115 2 183 280 178 8
D 278 113 2 176 279 184 8
D 277 111 2 174 278 185 8
D 276 109 2 172 277 186 8
D 275 107 2 167 276 187 8
D 274 103 2 162 275 189 8
D 273 99 2 147 274 191 8
D 283 87 2 140 198 142 8
D 282 85 2 143 283 138 8
D 281 83 2 133 282 144 8
D 286 87 2 140 141 142 29
D 285 85 2 138 244 143 286
D 284 83 2 133 285 144 29
D 272 89 4 132 273 239 230 281 146 284 8
D 271 79 2 120 272 199 8
D 290 69 2 114 206 112 29
D 289 67 2 110 248 115 290
D 288 65 2 108 289 116 29
D 287 63 2 103 288 117 29
D 266 71 4 267 119 102 271 224 228 287 8
D 295 57 2 92 212 90 29
D 294 55 2 93 295 88 253
D 293 53 2 83 294 94 29
D 292 49 2 78 293 96 29
D 291 45 2 70 292 98 29
D 260 59 4 261 101 218 223 69 266 291 8
D 300 37 2 59 58 57 8
D 299 35 2 55 300 60 8
D 298 33 2 50 299 61 8
D 297 29 2 256 298 259 8
D 296 25 2 37 297 65 8
D 304 47 2 79 97 81 8
D 306 55 2 88 265 93 8
D 305 53 2 83 306 94 8
D 307 47 2 79 80 81 29
D 303 49 2 304 305 307 8
D 302 45 2 70 303 98 8
D 317 115 2 178 280 183 8
D 316 113 2 184 317 176 8
D 315 111 2 174 316 185 8
D 314 109 2 172 315 186 8
D 313 107 2 167 314 187 8
D 312 103 2 162 313 189 8
D 311 99 2 147 312 191 8
D 319 81 2 134 145 136 8
D 320 85 2 138 283 143 8
D 321 81 2 134 135 136 29
D 318 83 2 319 320 321 8
D 323 85 2 138 286 143 29
D 322 83 3 133 285 319 323 136 29
D 310 89 5 132 311 239 273 281 230 318 146 322 8
D 309 79 2 120 310 199 8
D 326 67 2 110 270 115 8
D 325 65 2 108 326 116 8
D 324 63 2 103 325 117 8
D 329 77 2 128 127 126 8
D 328 75 2 121 329 129 8
D 331 77 2 128 201 126 29
D 330 75 2 121 331 129 29
D 327 79 2 328 131 330 8
D 335 69 2 112 206 114 8
D 334 67 2 110 335 115 290
D 333 65 2 108 334 116 29
D 332 63 2 103 333 117 29
D 308 71 5 102 309 224 271 267 228 324 327 332 8
D 339 55 2 88 295 93 29
D 338 53 2 83 339 94 29
D 337 49 3 78 293 304 338 81 29
D 336 45 2 70 337 98 29
D 301 59 5 302 101 261 223 218 266 69 308 336 8
L 345 38 20
D 344 37 2 57 345 59 8
D 343 35 2 55 344 60 8
D 342 33 2 50 343 61 8
D 341 29 2 256 342 259 8
D 340 25 2 37 341 65 8
D 349 47 2 81 80 79 8
D 350 47 2 81 97 79 29
D 348 49 2 349 305 350 8
D 347 45 2 70 348 98 8
D 359 113 2 176 317 184 8
D 358 111 2 185 359 174 8
D 357 109 2 172 358 186 8
D 356 107 2 167 357 187 8
D 355 103 2 162 356 189 8
D 354 99 2 147 355 191 8
D 361 81 2 136 135 134 8
D 362 81 2 136 145 134 29
D 360 83 2 361 320 362 8
D 364 81 2 136 135 134 145
D 365 81 2 136 145 134 8
D 363 83 3 133 285 364 323 365 29
D 353 89 6 132 354 239 311 281 273 318 230 360 146 363 8
D 352 79 2 120 353 199 8
D 368 77 2 126 201 128 8
D 367 75 2 121 368 129 8
D 370 77 2 126 127 128 201
D 369 75 2 121 370 129 29
D 366 79 3 367 131 328 229 369 8
D 351 71 5 102 352 324 366 224 309 267 271 332 8
D 373 47 2 81 80 79 97
D 374 47 2 81 97 79 8
D 372 49 3 78 293 373 338 374 29
D 371 45 2 70 372 98 29
D 346 59 6 347 101 302 223 261 266 218 308 69 351 371 8
D 379 37 2 57 345 59 29
D 380 37 2 57 58 59 345
D 378 35 2 60 379 55 380
D 377 33 2 50 378 61 29
D 381 27 2 46 47 48 64
D 383 35 2 55 379 60 29
D 382 33 2 50 383 61 29
D 384 27 2 46 64 48 8
D 376 29 3 256 377 381 382 384 29
D 375 25 2 37 376 65 29
D 35 39 6 36 68 213 217 254 260 296 301 340 346 375 8
D 387 3 2 5 34 7 8
D 386 1 2 3 387 9 8
D 390 11 2 17 28 19 8
D 391 11 2 17 18 19 29
D 389 13 2 390 20 391 8
D 388 9 2 11 389 30 8
D 393 3 2 5 6 7 29
D 392 1 2 3 393 9 29
D 385 5 2 386 388 392 8
D 397 23 2 42 41 40 8
D 396 21 2 38 397 43 8
D 398 29 2 256 49 259 8
D 400 23 2 42 67 40 29
D 399 21 2 38 400 43 29
D 395 25 2 396 398 399 8
D 405 51 2 86 85 84 8
D 406 51 2 86 95 84 29
D 404 53 2 405 306 406 8
D 403 49 2 78 404 96 8
D 402 45 2 70 403 98 8
D 414 111 2 174 359 185 8
D 413 109 2 186 414 172 8
D 412 107 2 167 413 187 8
D 411 103 2 162 412 189 8
D 410 99 2 147 411 191 8
D 415 83 2 133 320 144 8
D 419 97 2 157 156 155 8
D 418 95 2 153 419 158 8
D 417 93 2 148 418 159 8
D 422 97 2 157 194 155 29
D 421 95 2 153 422 158 29
D 420 93 2 148 421 159 29
D 416 99 2 417 161 420 8
D 425 87 2 142 141 140 8
D 424 85 2 138 425 143 286
D 423 83 3 133 424 364 323 365 29
D 409 89 7 132 410 415 416 239 354 281 311 318 273 360 230 423 8
D 408 79 2 120 409 199 8
D 428 73 2 122 130 124 8
D 429 73 2 122 123 124 29
D 427 75 2 428 125 429 8
D 430 75 3 121 370 428 200 124 29
D 426 79 4 427 131 367 229 328 272 430 8
D 407 71 5 102 408 324 426 224 352 267 309 332 8
D 433 53 3 405 339 83 294 95 29
D 432 49 3 78 433 373 338 374 29
D 431 45 2 70 432 98 29
D 401 59 7 402 101 347 223 302 266 261 308 218 351 69 407 431 8
D 435 29 2 256 382 259 29
D 436 21 2 38 67 43 29
D 434 25 3 37 376 396 435 436 29
D 394 39 7 395 68 36 217 213 260 254 301 296 346 340 401 434 8
D 438 1 2 9 4 3 8
D 439 1 2 9 33 3 29
D 437 5 2 438 388 439 8
D 443 23 2 40 67 42 8
D 442 21 2 38 443 43 8
D 445 23 2 40 41 42 29
D 444 21 2 38 445 43 29
D 441 25 2 442 398 444 8
D 449 43 2 75 74 73 8
D 448 41 2 71 449 76 8
D 450 49 2 78 305 96 8
D 452 43 2 75 100 73 29
D 451 41 2 71 452 76 29
D 447 45 2 448 450 451 8
D 459 105 2 168 188 170 8
D 460 109 2 172 414 186 8
D 461 105 2 168 169 170 29
D 458 107 2 459 460 461 8
D 457 103 2 162 458 189 8
D 456 99 2 147 457 191 8
D 465 97 2 155 194 157 8
D 464 95 2 153 465 158 8
D 463 93 2 148 464 159 8
D 468 97 2 155 156 157 194
D 467 95 2 153 468 158 29
D 466 93 2 148 467 159 29
D 462 99 3 463 161 417 231 466 8
D 455 89 7 132 456 415 462 239 410 281 354 318 311 360 273 423 8
D 454 79 2 120 455 199 8
D 471 73 2 124 123 122 8
D 472 73 2 124 130 122 29
D 470 75 2 471 125 472 8
D 474 73 2 124 123 122 130
D 475 73 2 124 130 122 8
D 473 75 3 121 370 474 200 475 29
D 469 79 5 470 131 427 229 367 272 328 310 473 8
D 453 71 5 102 454 324 469 224 408 267 352 332 8
D 477 49 2 78 338 96 29
D 478 41 2 71 100 76 29
D 476 45 3 70 432 448 477 478 29
D 446 59 8 447 101 402 223 347 266 302 308 261 351 218 407 69 453 476 8
D 481 23 2 42 41 40 67
D 480 21 2 38 481 43 8
D 483 23 2 42 67 40 8
D 482 21 2 38 483 43 29
D 479 25 3 37 376 480 435 482 29
D 440 39 8 441 68 395 217 36 260 213 301 254 346 296 401 340 446 479 8
D 486 3 2 7 6 5 8
D 485 1 2 3 486 9 8
D 488 3 2 7 34 5 29
D 487 1 2 3 488 9 29
D 484 5 2 485 388 487 8
D 491 21 2 43 39 38 8
D 492 21 2 43 66 38 29
D 490 25 2 491 398 492 8
D 495 41 2 76 72 71 8
D 496 41 2 76 99 71 29
D 494 45 2 495 450 496 8
D 503 105 2 170 169 168 8
D 504 105 2 170 188 168 29
D 502 107 2 503 460 504 8
D 501 103 2 162 502 189 8
D 500 99 2 147 501 191 8
D 507 95 2 158 154 153 8
D 506 93 2 148 507 159 8
D 509 95 2 153 468 158 193
D 508 93 2 148 509 159 29
D 505 99 4 506 161 463 231 417 274 508 8
D 499 89 7 132 500 415 505 239 456 281 410 318 354 360 311 423 8
D 498 79 2 120 499 199 8
D 511 61 2 106 105 104 8
D 512 61 2 106 118 104 29
D 510 63 2 511 325 512 8
D 513 79 5 470 229 427 272 328 353 367 310 473 8
D 516 67 2 110 290 115 29
D 515 65 2 108 516 116 29
D 514 63 3 103 333 511 515 118 29
D 497 71 6 102 498 510 119 324 513 224 454 267 408 514 8
D 518 41 2 71 449 76 72
D 519 41 2 76 99 71 100
D 517 45 3 70 432 518 477 519 29
D 493 59 9 494 101 447 223 402 266 347 308 302 351 261 407 218 453 69 497 517 8
D 521 21 2 38 481 43 39
D 522 21 2 38 483 43 66
D 520 25 3 37 376 521 435 522 29
D 489 39 9 490 68 441 217 395 260 36 301 213 346 254 401 296 446 340 493 520 8
D 526 11 2 19 28 17 8
D 527 11 2 19 18 17 29
D 525 13 2 526 20 527 8
D 524 9 2 11 525 30 8
D 523 5 2 2 524 32 8
D 532 31 2 51 62 53 8
D 533 31 2 51 52 53 29
D 531 33 2 532 54 533 8
D 530 29 2 256 531 259 8
D 529 25 2 37 530 65 8
D 537 43 2 73 100 75 8
D 536 41 2 71 537 76 8
D 539 43 2 73 74 75 29
D 538 41 2 71 539 76 29
D 535 45 2 536 450 538 8
D 545 91 2 149 160 151 8
D 546 91 2 149 150 151 29
D 544 93 2 545 152 546 8
D 547 93 3 148 509 545 192 151 29
D 543 99 5 544 161 506 231 463 274 417 312 547 8
D 550 101 2 163 190 165 8
D 551 107 2 167 460 187 8
D 552 101 2 163 164 165 29
D 549 103 2 550 551 552 8
D 548 99 2 147 549 191 8
D 542 89 7 415 543 239 500 132 548 281 456 318 410 360 354 423 8
D 541 79 2 120 542 199 8
D 553 79 5 470 272 328 409 367 353 427 310 473 8
D 555 61 2 104 118 106 8
D 556 61 2 104 105 106 29
D 554 63 2 555 325 556 8
D 558 61 2 106 105 104 118
D 559 61 2 106 118 104 8
D 557 63 3 103 333 558 515 559 29
D 540 71 7 102 541 324 553 224 498 554 119 267 454 510 228 557 8
D 562 43 2 75 74 73 100
D 561 41 2 71 562 76 72
D 564 43 2 75 100 73 8
D 563 41 2 71 564 76 99
D 560 45 3 70 432 561 477 563 29
D 534 59 10 535 101 494 223 447 266 402 308 347 351 302 407 261 453 218 497 69 540 560 8
D 567 33 3 532 383 50 378 53 29
D 566 29 3 256 567 381 382 384 29
D 565 25 3 37 566 521 435 522 29
D 528 39 10 529 68 490 217 441 260 395 301 36 346 213 401 254 446 296 493 340 534 565 8
D 570 7 2 14 13 12 8
D 571 7 2 14 31 12 29
D 569 9 2 570 389 571 8
D 568 5 2 2 569 32 8
D 576 31 2 53 52 51 8
D 577 31 2 53 62 51 29
D 575 33 2 576 54 577 8
D 574 29 2 256 575 259 8
D 573 25 2 37 574 65 8
D 582 51 2 84 95 86 8
D 583 51 2 84 85 86 29
D 581 53 2 582 306 583 8
D 580 49 2 78 581 96 8
D 579 45 2 70 580 98 8
D 585 79 5 367 409 328 455 427 353 470 310 473 8
D 590 91 2 151 150 149 8
D 591 91 2 151 160 149 29
D 589 93 2 590 152 591 8
D 593 91 2 151 150 149 160
D 594 91 2 151 160 149 8
D 592 93 3 148 509 593 192 594 29
D 588 99 6 589 161 544 231 506 274 463 312 417 355 592 8
D 597 101 2 165 164 163 8
D 598 101 2 165 190 163 29
D 596 103 2 597 551 598 8
D 595 99 2 147 596 191 8
D 587 89 7 415 588 281 500 239 548 318 456 132 595 360 410 423 8
D 586 79 2 120 587 199 8
D 600 65 2 116 326 108 8
D 599 63 2 103 600 117 8
D 602 65 2 108 334 116 516
D 601 63 3 103 602 558 515 559 29
D 584 71 8 324 585 102 586 224 541 267 498 599 119 510 271 554 228 601 8
D 606 51 2 86 85 84 95
D 607 51 2 86 95 84 8
D 605 53 3 606 339 83 294 607 29
D 604 49 3 373 338 78 605 374 29
D 603 45 3 561 477 70 604 563 29
D 578 59 11 579 101 535 223 494 266 447 308 402 351 347 407 302 453 261 497 218 540 69 584 603 8
D 611 31 2 53 52 51 62
D 612 31 2 53 62 51 8
D 610 33 3 611 383 50 378 612 29
D 609 29 3 381 382 256 610 384 29
D 608 25 3 521 435 37 609 522 29
D 572 39 11 573 68 529 217 490 260 441 301 395 346 36 401 213 446 254 493 296 534 340 578 608 8
D 615 7 2 12 31 14 8
D 616 7 2 12 13 14 29
D 614 9 2 615 389 616 8
D 613 5 2 2 614 32 8
D 620 79 5 427 409 367 455 328 499 470 353 473 8
D 623 99 6 589 231 544 274 506 312 463 355 417 411 592 8
D 625 85 2 143 286 138 141
D 624 83 3 133 625 364 323 365 29
D 622 89 6 415 623 318 500 281 548 360 456 239 595 624 8
D 621 79 2 120 622 199 8
D 619 71 8 324 620 224 586 267 541 102 621 510 309 554 271 599 228 601 8
D 618 59 11 579 223 535 266 494 308 447 351 402 407 347 453 302 497 261 540 218 584 69 619 603 8
D 617 39 11 573 217 529 260 490 301 441 346 395 401 36 446 213 493 254 534 296 578 340 618 608 8
D 629 15 2 26 22 21 8
D 628 13 2 390 629 391 8
D 627 9 2 11 628 30 8
D 626 5 2 2 627 32 8
D 633 79 5 470 409 427 455 367 499 328 542 473 8
D 636 99 6 589 274 544 312 506 355 463 411 417 457 592 8
D 637 83 3 364 323 133 286 365 29
D 635 89 5 415 636 360 500 318 548 281 595 637 8
D 634 79 2 120 635 199 8
D 632 71 8 324 633 267 586 224 621 102 634 510 352 554 309 599 271 601 8
D 631 59 11 579 266 535 308 494 351 447 407 402 453 347 497 302 540 261 584 218 619 69 632 603 8
D 630 39 11 573 260 529 301 490 346 441 401 395 446 36 493 213 534 254 578 296 618 340 631 608 8
L 643 18 9
D 642 17 2 23 643 25 8
D 641 15 2 21 642 26 8
D 640 13 2 390 641 391 8
D 639 9 2 11 640 30 8
D 638 5 2 2 639 32 8
D 647 79 5 470 455 427 499 367 542 328 587 473 8
D 650 99 6 589 312 544 355 506 411 463 457 417 501 592 8
D 652 81 2 136 135 134 29
D 651 83 2 652 323 365 29
D 649 89 4 360 548 415 650 318 595 651 8
D 648 79 2 120 649 199 8
D 646 71 8 324 647 267 621 224 634 102 648 510 408 554 352 599 309 601 8
D 645 59 11 579 308 535 351 494 407 447 453 402 497 347 540 302 584 261 619 218 632 69 646 603 8
D 644 39 11 573 301 529 346 490 401 441 446 395 493 36 534 213 578 254 618 296 631 340 645 608 8
D 657 17 2 25 24 23 8
D 656 15 2 21 657 26 8
D 655 13 2 390 656 391 8
D 654 9 2 11 655 30 8
D 653 5 2 2 654 32 8
D 661 79 5 470 499 427 542 367 587 328 622 473 8
D 664 99 6 589 355 544 411 506 457 463 501 417 549 592 8
D 665 83 2 135 323 145 29
D 663 89 3 360 595 415 664 665 8
D 662 79 2 120 663 199 8
D 660 71 8 324 661 510 454 267 634 224 648 554 408 102 662 599 352 601 8
D 659 59 11 579 351 535 407 494 453 447 497 402 540 347 584 302 619 261 632 218 646 69 660 603 8
D 658 39 11 573 346 529 401 490 446 441 493 395 534 36 578 213 618 254 631 296 645 340 659 608 8
D 670 17 2 23 24 25 643
D 671 17 2 23 643 25 29
D 669 15 2 21 670 26 671
D 672 11 2 19 28 17 18
D 673 15 2 21 671 26 29
D 674 11 2 19 18 17 8
D 668 13 3 390 669 672 673 674 29
D 675 7 2 14 13 12 31
D 676 13 2 390 673 391 29
D 677 7 2 14 31 12 8
D 667 9 3 11 668 675 676 677 29
D 679 3 2 7 6 5 34
D 678 1 2 3 679 9 4
D 680 9 2 11 676 30 29
D 682 3 2 7 34 5 8
D 681 1 2 3 682 9 33
D 666 5 3 2 667 678 680 681 29
D 0 19 11 1 35 385 394 437 440 484 489 523 528 568 572 613 617 626 630 638 644 653 658 666 8
