c ids of sdd nodes start at 0
c sdd nodes appear bottom-up, children before parents
c
c file syntax:
c sdd count-of-sdd-nodes
c F id-of-false-sdd-node
c T id-of-true-sdd-node
c L id-of-literal-sdd-node id-of-vtree literal
c D id-of-decomposition-sdd-node id-of-vtree number-of-elements {id-of-prime id-of-sub}*
c
sdd 678
L 3 0 -3
L 5 2 -4
L 6 4 -2
L 7 2 4
F 8
D 4 3 2 5 6 7 8
L 9 0 3
D 2 1 2 3 4 9 8
L 12 6 -6
L 13 8 -7
L 14 6 6
D 11 7 2 12 13 14 8
L 17 10 -5
L 18 12 1
L 19 10 5
D 16 11 2 17 18 19 8
L 21 14 -8
L 23 16 -10
L 24 18 -9
L 25 16 10
D 22 17 2 23 24 25 8
L 26 14 8
D 20 15 2 21 22 26 8
L 28 12 -1
T 29
D 27 11 2 17 28 19 29
D 15 13 2 16 20 27 8
L 31 8 7
D 30 7 2 12 31 14 29
D 10 9 2 11 15 30 8
L 34 4 2
D 33 3 2 5 34 7 29
D 32 1 2 3 33 9 29
D 1 5 2 2 10 32 8
L 38 20 -13
L 40 22 -15
L 41 24 -14
L 42 22 15
D 39 23 2 40 41 42 8
L 43 20 13
D 37 21 2 38 39 43 8
L 46 26 -16
L 47 28 17
L 48 26 16
D 45 27 2 46 47 48 8
L 51 30 -11
L 52 32 -12
L 53 30 11
D 50 31 2 51 52 53 8
L 55 34 -18
L 57 36 -19
L 58 38 -20
L 59 36 19
D 56 37 2 57 58 59 8
L 60 34 18
D 54 35 2 55 56 60 8
L 62 32 12
D 61 31 2 51 62 53 29
D 49 33 2 50 54 61 8
L 64 28 -17
D 63 27 2 46 64 48 29
D 44 29 2 45 49 63 8
L 67 24 14
D 66 23 2 40 67 42 29
D 65 21 2 38 66 43 29
D 36 25 2 37 44 65 8
L 71 40 -23
L 73 42 -24
L 74 44 -22
L 75 42 24
D 72 43 2 73 74 75 8
L 76 40 23
D 70 41 2 71 72 76 8
L 79 46 -26
L 80 48 -27
L 81 46 26
D 78 47 2 79 80 81 8
L 84 50 -25
L 85 52 -21
L 86 50 25
D 83 51 2 84 85 86 8
L 88 54 -28
L 90 56 30
L 91 58 -29
L 92 56 -30
D 89 57 2 90 91 92 8
L 93 54 28
D 87 55 2 88 89 93 8
L 95 52 21
D 94 51 2 84 95 86 29
D 82 53 2 83 87 94 8
L 97 48 27
D 96 47 2 79 97 81 29
D 77 49 2 78 82 96 8
L 100 44 22
D 99 43 2 73 100 75 29
D 98 41 2 71 99 76 29
D 69 45 2 70 77 98 8
L 104 60 -33
L 105 62 -32
L 106 60 33
D 103 61 2 104 105 106 8
L 108 64 -31
L 110 66 -38
L 112 68 40
L 113 70 -39
L 114 68 -40
D 111 69 2 112 113 114 8
L 115 66 38
D 109 67 2 110 111 115 8
L 116 64 31
D 107 65 2 108 109 116 8
L 118 62 32
D 117 61 2 104 118 106 29
D 102 63 2 103 107 117 8
L 122 72 -34
L 123 74 -35
L 124 72 34
D 121 73 2 122 123 124 8
L 126 76 -37
L 127 78 -36
L 128 76 37
D 125 77 2 126 127 128 8
L 130 74 35
D 129 73 2 122 130 124 29
D 120 75 2 121 125 129 8
L 134 80 -46
L 135 82 -47
L 136 80 46
D 133 81 2 134 135 136 8
L 138 84 -48
L 140 86 -49
L 141 88 50
L 142 86 49
D 139 87 2 140 141 142 8
L 143 84 48
D 137 85 2 138 139 143 8
L 145 82 47
D 144 81 2 134 145 136 29
D 132 83 2 133 137 144 8
L 149 90 -41
L 150 92 -42
L 151 90 41
D 148 91 2 149 150 151 8
L 153 94 -43
L 155 96 -45
L 156 98 -44
L 157 96 45
D 154 97 2 155 156 157 8
L 158 94 43
D 152 95 2 153 154 158 8
L 160 92 42
D 159 91 2 149 160 151 29
D 147 93 2 148 152 159 8
L 163 100 -51
L 164 102 -52
L 165 100 51
D 162 101 2 163 164 165 8
L 168 104 -53
L 169 106 -54
L 170 104 53
D 167 105 2 168 169 170 8
L 172 108 -55
L 174 110 -56
L 176 112 -57
L 178 114 -58
L 180 116 -59
L 181 118 60
L 182 116 59
D 179 117 2 180 181 182 8
L 183 114 58
D 177 115 2 178 179 183 8
L 184 112 57
D 175 113 2 176 177 184 8
L 185 110 56
D 173 111 2 174 175 185 8
L 186 108 55
D 171 109 2 172 173 186 8
L 188 106 54
D 187 105 2 168 188 170 29
D 166 107 2 167 171 187 8
L 190 102 52
D 189 101 2 163 190 165 29
D 161 103 2 162 166 189 8
L 194 98 44
D 193 97 2 155 194 157 29
D 192 95 2 153 193 158 29
D 191 93 2 148 192 159 29
D 146 99 2 147 161 191 8
L 198 88 -50
D 197 87 2 140 198 142 29
D 196 85 2 138 197 143 29
D 195 83 2 133 196 144 29
D 131 89 2 132 146 195 8
L 201 78 36
D 200 77 2 126 201 128 29
D 199 75 2 121 200 129 29
D 119 79 2 120 131 199 8
L 206 70 39
D 205 69 2 112 206 114 29
D 204 67 2 110 205 115 29
D 203 65 2 108 204 116 29
D 202 63 2 103 203 117 29
D 101 71 2 102 119 202 8
L 212 58 29
D 211 57 2 90 212 92 29
D 210 55 2 88 211 93 29
D 209 53 2 83 210 94 29
D 208 49 2 78 209 96 29
D 207 45 2 70 208 98 29
D 68 59 2 69 101 207 8
D 215 27 2 46 64 48 8
D 217 35 2 60 56 55 8
D 216 33 2 50 217 61 8
D 218 27 2 46 47 48 29
D 214 29 2 215 216 218 8
D 213 25 2 37 214 65 8
D 224 57 2 92 212 90 8
D 223 55 2 88 224 93 8
D 222 53 2 83 223 94 8
D 221 49 2 78 222 96 8
D 220 45 2 70 221 98 8
D 229 69 2 114 206 112 8
D 228 67 2 110 229 115 8
D 227 65 2 108 228 116 8
D 226 63 2 103 227 117 8
L 240 118 -60
D 239 117 2 182 240 180 8
D 238 115 2 178 239 183 8
D 237 113 2 176 238 184 8
D 236 111 2 174 237 185 8
D 235 109 2 172 236 186 8
D 234 107 2 167 235 187 8
D 233 103 2 162 234 189 8
D 232 99 2 147 233 191 8
D 243 87 2 142 198 140 8
D 242 85 2 138 243 143 8
D 241 83 2 133 242 144 8
D 246 87 2 140 198 142 141
D 245 85 2 138 246 143 29
D 244 83 2 133 245 144 29
D 231 89 3 132 232 241 146 244 8
D 230 79 2 120 231 199 8
D 250 69 2 114 113 112 206
D 249 67 2 110 250 115 29
D 248 65 2 108 249 116 29
D 247 63 2 103 248 117 29
D 225 71 3 226 119 102 230 247 8
D 255 57 2 92 91 90 212
D 254 55 2 88 255 93 29
D 253 53 2 83 254 94 29
D 252 49 2 78 253 96 29
D 251 45 2 70 252 98 29
D 219 59 3 220 101 69 225 251 8
D 260 37 2 59 58 57 8
D 259 35 2 55 260 60 8
D 258 33 2 50 259 61 8
D 257 29 2 215 258 218 8
D 256 25 2 37 257 65 8
D 266 57 2 92 91 90 8
D 265 55 2 93 266 88 8
D 264 53 2 83 265 94 8
D 263 49 2 78 264 96 8
D 262 45 2 70 263 98 8
D 271 69 2 114 113 112 8
D 270 67 2 115 271 110 8
D 269 65 2 108 270 116 8
D 268 63 2 103 269 117 8
D 281 117 2 180 240 182 8
D 280 115 2 183 281 178 8
D 279 113 2 176 280 184 8
D 278 111 2 174 279 185 8
D 277 109 2 172 278 186 8
D 276 107 2 167 277 187 8
D 275 103 2 162 276 189 8
D 274 99 2 147 275 191 8
D 284 87 2 140 198 142 8
D 283 85 2 143 284 138 8
D 282 83 2 133 283 144 8
D 287 87 2 140 141 142 29
D 286 85 2 138 246 143 287
D 285 83 2 133 286 144 29
D 273 89 4 132 274 241 232 282 146 285 8
D 272 79 2 120 273 199 8
D 291 69 2 114 206 112 29
D 290 67 2 110 250 115 291
D 289 65 2 108 290 116 29
D 288 63 2 103 289 117 29
D 267 71 4 268 119 102 272 226 230 288 8
D 296 57 2 92 212 90 29
D 295 55 2 93 296 88 255
D 294 53 2 83 295 94 29
D 293 49 2 78 294 96 29
D 292 45 2 70 293 98 29
D 261 59 4 262 101 220 225 69 267 292 8
L 302 38 20
D 301 37 2 57 302 59 8
D 300 35 2 55 301 60 8
D 299 33 2 50 300 61 8
D 298 29 2 215 299 218 8
D 297 25 2 37 298 65 8
D 306 47 2 79 97 81 8
D 308 55 2 88 266 93 8
D 307 53 2 83 308 94 8
D 309 47 2 79 80 81 29
D 305 49 2 306 307 309 8
D 304 45 2 70 305 98 8
D 319 115 2 178 281 183 8
D 318 113 2 184 319 176 8
D 317 111 2 174 318 185 8
D 316 109 2 172 317 186 8
D 315 107 2 167 316 187 8
D 314 103 2 162 315 189 8
D 313 99 2 147 314 191 8
D 321 81 2 134 145 136 8
D 322 85 2 138 284 143 8
D 323 81 2 134 135 136 29
D 320 83 2 321 322 323 8
D 325 85 2 138 287 143 29
D 324 83 3 133 286 321 325 136 29
D 312 89 5 132 313 241 274 282 232 320 146 324 8
D 311 79 2 120 312 199 8
D 328 67 2 110 271 115 8
D 327 65 2 108 328 116 8
D 326 63 2 103 327 117 8
D 331 77 2 128 127 126 8
D 330 75 2 121 331 129 8
D 333 77 2 128 201 126 29
D 332 75 2 121 333 129 29
D 329 79 2 330 131 332 8
D 337 69 2 112 206 114 8
D 336 67 2 110 337 115 291
D 335 65 2 108 336 116 29
D 334 63 2 103 335 117 29
D 310 71 5 102 311 226 272 268 230 326 329 334 8
D 341 55 2 88 296 93 29
D 340 53 2 83 341 94 29
D 339 49 3 78 294 306 340 81 29
D 338 45 2 70 339 98 29
D 303 59 5 304 101 262 225 220 267 69 310 338 8
D 346 37 2 57 302 59 29
D 347 37 2 57 58 59 302
D 345 35 2 60 346 55 347
D 344 33 2 50 345 61 29
D 349 35 2 55 346 60 29
D 348 33 2 50 349 61 29
D 343 29 3 215 344 45 348 48 29
D 342 25 2 37 343 65 29
D 35 39 5 36 68 213 219 256 261 297 303 342 8
D 352 3 2 5 34 7 8
D 351 1 2 3 352 9 8
D 355 11 2 17 28 19 8
D 356 11 2 17 18 19 29
D 354 13 2 355 20 356 8
D 353 9 2 11 354 30 8
D 358 3 2 5 6 7 29
D 357 1 2 3 358 9 29
D 350 5 2 351 353 357 8
D 362 27 2 48 64 46 8
D 363 27 2 48 47 46 29
D 361 29 2 362 49 363 8
D 360 25 2 37 361 65 8
D 367 47 2 81 80 79 8
D 368 47 2 81 97 79 29
D 366 49 2 367 307 368 8
D 365 45 2 70 366 98 8
D 377 113 2 176 319 184 8
D 376 111 2 185 377 174 8
D 375 109 2 172 376 186 8
D 374 107 2 167 375 187 8
D 373 103 2 162 374 189 8
D 372 99 2 147 373 191 8
D 379 81 2 136 135 134 8
D 380 81 2 136 145 134 29
D 378 83 2 379 322 380 8
D 382 81 2 136 135 134 145
D 383 81 2 136 145 134 8
D 381 83 3 133 286 382 325 383 29
D 371 89 6 132 372 241 313 282 274 320 232 378 146 381 8
D 370 79 2 120 371 199 8
D 386 77 2 126 201 128 8
D 385 75 2 121 386 129 8
D 388 77 2 126 127 128 201
D 387 75 2 121 388 129 29
D 384 79 3 385 131 330 231 387 8
D 369 71 5 102 370 326 384 226 311 268 272 334 8
D 391 47 2 81 80 79 97
D 392 47 2 81 97 79 8
D 390 49 3 78 294 391 340 392 29
D 389 45 2 70 390 98 29
D 364 59 6 365 101 304 225 262 267 220 310 69 369 389 8
D 395 27 2 48 64 46 47
D 396 27 2 48 47 46 8
D 394 29 3 215 344 395 348 396 29
D 393 25 2 37 394 65 29
D 359 39 6 360 68 36 219 213 261 256 303 297 364 393 8
D 398 1 2 9 4 3 8
D 399 1 2 9 33 3 29
D 397 5 2 398 353 399 8
D 403 23 2 42 41 40 8
D 402 21 2 38 403 43 8
D 404 29 2 215 49 218 8
D 406 23 2 42 67 40 29
D 405 21 2 38 406 43 29
D 401 25 2 402 404 405 8
D 411 51 2 86 85 84 8
D 412 51 2 86 95 84 29
D 410 53 2 411 308 412 8
D 409 49 2 78 410 96 8
D 408 45 2 70 409 98 8
D 420 111 2 174 377 185 8
D 419 109 2 186 420 172 8
D 418 107 2 167 419 187 8
D 417 103 2 162 418 189 8
D 416 99 2 147 417 191 8
D 421 83 2 133 322 144 8
D 425 97 2 157 156 155 8
D 424 95 2 153 425 158 8
D 423 93 2 148 424 159 8
D 428 97 2 157 194 155 29
D 427 95 2 153 428 158 29
D 426 93 2 148 427 159 29
D 422 99 2 423 161 426 8
D 431 87 2 142 141 140 8
D 430 85 2 138 431 143 287
D 429 83 3 133 430 382 325 383 29
D 415 89 7 132 416 421 422 241 372 282 313 320 274 378 232 429 8
D 414 79 2 120 415 199 8
D 434 73 2 122 130 124 8
D 435 73 2 122 123 124 29
D 433 75 2 434 125 435 8
D 436 75 3 121 388 434 200 124 29
D 432 79 4 433 131 385 231 330 273 436 8
D 413 71 5 102 414 326 432 226 370 268 311 334 8
D 439 53 3 411 341 83 295 95 29
D 438 49 3 78 439 391 340 392 29
D 437 45 2 70 438 98 29
D 407 59 7 408 101 365 225 304 267 262 310 220 369 69 413 437 8
D 441 29 2 215 348 218 29
D 442 21 2 38 67 43 29
D 440 25 3 37 394 402 441 442 29
D 400 39 7 401 68 360 219 36 261 213 303 256 364 297 407 440 8
D 445 3 2 7 6 5 8
D 444 1 2 3 445 9 8
D 447 3 2 7 34 5 29
D 446 1 2 3 447 9 29
D 443 5 2 444 353 446 8
D 451 23 2 40 67 42 8
D 450 21 2 38 451 43 8
D 453 23 2 40 41 42 29
D 452 21 2 38 453 43 29
D 449 25 2 450 404 452 8
D 457 43 2 75 74 73 8
D 456 41 2 71 457 76 8
D 458 49 2 78 307 96 8
D 460 43 2 75 100 73 29
D 459 41 2 71 460 76 29
D 455 45 2 456 458 459 8
D 467 105 2 168 188 170 8
D 468 109 2 172 420 186 8
D 469 105 2 168 169 170 29
D 466 107 2 467 468 469 8
D 465 103 2 162 466 189 8
D 464 99 2 147 465 191 8
D 473 97 2 155 194 157 8
D 472 95 2 153 473 158 8
D 471 93 2 148 472 159 8
D 476 97 2 155 156 157 194
D 475 95 2 153 476 158 29
D 474 93 2 148 475 159 29
D 470 99 3 471 161 423 233 474 8
D 463 89 7 132 464 421 470 241 416 282 372 320 313 378 274 429 8
D 462 79 2 120 463 199 8
D 479 73 2 124 123 122 8
D 480 73 2 124 130 122 29
D 478 75 2 479 125 480 8
D 482 73 2 124 123 122 130
D 483 73 2 124 130 122 8
D 481 75 3 121 388 482 200 483 29
D 477 79 5 478 131 433 231 385 273 330 312 481 8
D 461 71 5 102 462 326 477 226 414 268 370 334 8
D 485 49 2 78 340 96 29
D 486 41 2 71 100 76 29
D 484 45 3 70 438 456 485 486 29
D 454 59 8 455 101 408 225 365 267 304 310 262 369 220 413 69 461 484 8
D 489 23 2 42 41 40 67
D 488 21 2 38 489 43 8
D 491 23 2 42 67 40 8
D 490 21 2 38 491 43 29
D 487 25 3 37 394 488 441 490 29
D 448 39 8 449 68 401 219 360 261 36 303 213 364 256 407 297 454 487 8
D 495 11 2 19 28 17 8
D 496 11 2 19 18 17 29
D 494 13 2 495 20 496 8
D 493 9 2 11 494 30 8
D 492 5 2 2 493 32 8
D 499 21 2 43 39 38 8
D 500 21 2 43 66 38 29
D 498 25 2 499 404 500 8
D 503 41 2 76 72 71 8
D 504 41 2 76 99 71 29
D 502 45 2 503 458 504 8
D 511 105 2 170 169 168 8
D 512 105 2 170 188 168 29
D 510 107 2 511 468 512 8
D 509 103 2 162 510 189 8
D 508 99 2 147 509 191 8
D 515 95 2 158 154 153 8
D 514 93 2 148 515 159 8
D 517 95 2 153 476 158 193
D 516 93 2 148 517 159 29
D 513 99 4 514 161 471 233 423 275 516 8
D 507 89 7 132 508 421 513 241 464 282 416 320 372 378 313 429 8
D 506 79 2 120 507 199 8
D 519 61 2 106 105 104 8
D 520 61 2 106 118 104 29
D 518 63 2 519 327 520 8
D 521 79 5 478 231 433 273 330 371 385 312 481 8
D 524 67 2 110 291 115 29
D 523 65 2 108 524 116 29
D 522 63 3 103 335 519 523 118 29
D 505 71 6 102 506 518 119 326 521 226 462 268 414 522 8
D 526 41 2 71 457 76 72
D 527 41 2 76 99 71 100
D 525 45 3 70 438 526 485 527 29
D 501 59 9 502 101 455 225 408 267 365 310 304 369 262 413 220 461 69 505 525 8
D 529 21 2 38 489 43 39
D 530 21 2 38 491 43 66
D 528 25 3 37 394 529 441 530 29
D 497 39 9 498 68 449 219 401 261 360 303 36 364 213 407 256 454 297 501 528 8
D 533 7 2 14 13 12 8
D 534 7 2 14 31 12 29
D 532 9 2 533 354 534 8
D 531 5 2 2 532 32 8
D 539 31 2 51 62 53 8
D 540 31 2 51 52 53 29
D 538 33 2 539 54 540 8
D 537 29 2 215 538 218 8
D 536 25 2 37 537 65 8
D 544 43 2 73 100 75 8
D 543 41 2 71 544 76 8
D 546 43 2 73 74 75 29
D 545 41 2 71 546 76 29
D 542 45 2 543 458 545 8
D 552 91 2 149 160 151 8
D 553 91 2 149 150 151 29
D 551 93 2 552 152 553 8
D 554 93 3 148 517 552 192 151 29
D 550 99 5 551 161 514 233 471 275 423 314 554 8
D 557 101 2 163 190 165 8
D 558 107 2 167 468 187 8
D 559 101 2 163 164 165 29
D 556 103 2 557 558 559 8
D 555 99 2 147 556 191 8
D 549 89 7 421 550 241 508 132 555 282 464 320 416 378 372 429 8
D 548 79 2 120 549 199 8
D 560 79 5 478 273 330 415 385 371 433 312 481 8
D 562 61 2 104 118 106 8
D 563 61 2 104 105 106 29
D 561 63 2 562 327 563 8
D 565 61 2 106 105 104 118
D 566 61 2 106 118 104 8
D 564 63 3 103 335 565 523 566 29
D 547 71 7 102 548 326 560 226 506 561 119 268 462 518 230 564 8
D 569 43 2 75 74 73 100
D 568 41 2 71 569 76 72
D 571 43 2 75 100 73 8
D 570 41 2 71 571 76 99
D 567 45 3 70 438 568 485 570 29
D 541 59 10 542 101 502 225 455 267 408 310 365 369 304 413 262 461 220 505 69 547 567 8
D 574 33 3 539 349 50 345 53 29
D 573 29 3 215 574 395 348 396 29
D 572 25 3 37 573 529 441 530 29
D 535 39 10 536 68 498 219 449 261 401 303 360 364 36 407 213 454 256 501 297 541 572 8
D 577 7 2 12 31 14 8
D 578 7 2 12 13 14 29
D 576 9 2 577 354 578 8
D 575 5 2 2 576 32 8
D 583 31 2 53 52 51 8
D 584 31 2 53 62 51 29
D 582 33 2 583 54 584 8
D 581 29 2 215 582 218 8
D 580 25 2 37 581 65 8
D 589 51 2 84 95 86 8
D 590 51 2 84 85 86 29
D 588 53 2 589 308 590 8
D 587 49 2 78 588 96 8
D 586 45 2 70 587 98 8
D 592 79 5 385 415 330 463 433 371 478 312 481 8
D 597 91 2 151 150 149 8
D 598 91 2 151 160 149 29
D 596 93 2 597 152 598 8
D 600 91 2 151 150 149 160
D 601 91 2 151 160 149 8
D 599 93 3 148 517 600 192 601 29
D 595 99 6 596 161 551 233 514 275 471 314 423 373 599 8
D 604 101 2 165 164 163 8
D 605 101 2 165 190 163 29
D 603 103 2 604 558 605 8
D 602 99 2 147 603 191 8
D 594 89 7 421 595 282 508 241 555 320 464 132 602 378 416 429 8
D 593 79 2 120 594 199 8
D 607 65 2 116 328 108 8
D 606 63 2 103 607 117 8
D 609 65 2 108 336 116 524
D 608 63 3 103 609 565 523 566 29
D 591 71 8 326 592 102 593 226 548 268 506 606 119 518 272 561 230 608 8
D 613 51 2 86 85 84 95
D 614 51 2 86 95 84 8
D 612 53 3 613 341 83 295 614 29
D 611 49 3 391 340 78 612 392 29
D 610 45 3 568 485 70 611 570 29
D 585 59 11 586 101 542 225 502 267 455 310 408 369 365 413 304 461 262 505 220 547 69 591 610 8
D 618 31 2 53 52 51 62
D 619 31 2 53 62 51 8
D 617 33 3 618 349 50 345 619 29
D 616 29 3 395 348 215 617 396 29
D 615 25 3 529 441 37 616 530 29
D 579 39 11 580 68 536 219 498 261 449 303 401 364 360 407 36 454 213 501 256 541 297 585 615 8
D 623 15 2 26 22 21 8
D 622 13 2 355 623 356 8
D 621 9 2 11 622 30 8
D 620 5 2 2 621 32 8
D 627 79 5 433 415 385 463 330 507 478 371 481 8
D 630 99 6 596 233 551 275 514 314 471 373 423 417 599 8
D 632 85 2 143 287 138 141
D 631 83 3 133 632 382 325 383 29
D 629 89 6 421 630 320 508 282 555 378 464 241 602 631 8
D 628 79 2 120 629 199 8
D 626 71 8 326 627 226 593 268 548 102 628 518 311 561 272 606 230 608 8
D 625 59 11 586 225 542 267 502 310 455 369 408 413 365 461 304 505 262 547 220 591 69 626 610 8
D 624 39 11 580 219 536 261 498 303 449 364 401 407 360 454 36 501 213 541 256 585 297 625 615 8
L 638 18 9
D 637 17 2 23 638 25 8
D 636 15 2 21 637 26 8
D 635 13 2 355 636 356 8
D 634 9 2 11 635 30 8
D 633 5 2 2 634 32 8
D 642 79 5 478 415 433 463 385 507 330 549 481 8
D 645 99 6 596 275 551 314 514 373 471 417 423 465 599 8
D 646 83 3 382 325 133 287 383 29
D 644 89 5 421 645 378 508 320 555 282 602 646 8
D 643 79 2 120 644 199 8
D 641 71 8 326 642 268 593 226 628 102 643 518 370 561 311 606 272 608 8
D 640 59 11 586 267 542 310 502 369 455 413 408 461 365 505 304 547 262 591 220 626 69 641 610 8
D 639 39 11 580 261 536 303 498 364 449 407 401 454 360 501 36 541 213 585 256 625 297 640 615 8
D 651 17 2 25 24 23 8
D 650 15 2 21 651 26 8
D 649 13 2 355 650 356 8
D 648 9 2 11 649 30 8
D 647 5 2 2 648 32 8
D 655 79 5 478 463 433 507 385 549 330 594 481 8
D 658 99 6 596 314 551 373 514 417 471 465 423 509 599 8
D 660 81 2 136 135 134 29
D 659 83 2 660 325 383 29
D 657 89 4 378 555 421 658 320 602 659 8
D 656 79 2 120 657 199 8
D 654 71 8 326 655 268 628 226 643 102 656 518 414 561 370 606 311 608 8
D 653 59 11 586 310 542 369 502 413 455 461 408 505 365 547 304 591 262 626 220 641 69 654 610 8
D 652 39 11 580 303 536 364 498 407 449 454 401 501 360 541 36 585 213 625 256 640 297 653 615 8
D 665 17 2 23 24 25 638
D 666 17 2 23 638 25 29
D 664 15 2 21 665 26 666
D 667 11 2 19 28 17 18
D 668 15 2 21 666 26 29
D 669 11 2 19 18 17 8
D 663 13 3 355 664 667 668 669 29
D 670 7 2 14 13 12 31
D 671 13 2 355 668 356 29
D 672 7 2 14 31 12 8
D 662 9 3 11 663 670 671 672 29
D 674 3 2 7 6 5 34
D 673 1 2 3 674 9 4
D 675 9 2 11 671 30 29
D 677 3 2 7 34 5 8
D 676 1 2 3 677 9 33
D 661 5 3 2 662 673 675 676 29
D 0 19 11 1 35 350 359 397 400 443 448 492 497 531 535 575 579 620 624 633 639 647 652 661 8
