c ids of sdd nodes start at 0
c sdd nodes appear bottom-up, children before parents
c
c file syntax:
c sdd count-of-sdd-nodes
c F id-of-false-sdd-node
c T id-of-true-sdd-node
c L id-of-literal-sdd-node id-of-vtree literal
c D id-of-decomposition-sdd-node id-of-vtree number-of-elements {id-of-prime id-of-sub}*
c
sdd 672
L 3 0 -3
L 5 2 -4
L 6 4 -2
L 7 2 4
F 8
D 4 3 2 5 6 7 8
L 9 0 3
D 2 1 2 3 4 9 8
L 12 6 -6
L 13 8 -7
L 14 6 6
D 11 7 2 12 13 14 8
L 17 10 -5
L 18 12 1
L 19 10 5
D 16 11 2 17 18 19 8
L 21 14 -8
L 23 16 -10
L 24 18 -9
L 25 16 10
D 22 17 2 23 24 25 8
L 26 14 8
D 20 15 2 21 22 26 8
L 28 12 -1
T 29
D 27 11 2 17 28 19 29
D 15 13 2 16 20 27 8
L 31 8 7
D 30 7 2 12 31 14 29
D 10 9 2 11 15 30 8
L 34 4 2
D 33 3 2 5 34 7 29
D 32 1 2 3 33 9 29
D 1 5 2 2 10 32 8
L 38 20 -13
L 40 22 -15
L 41 24 -14
L 42 22 15
D 39 23 2 40 41 42 8
L 43 20 13
D 37 21 2 38 39 43 8
L 46 26 -16
L 47 28 -17
L 48 26 16
D 45 27 2 46 47 48 8
L 51 30 -11
L 52 32 -12
L 53 30 11
D 50 31 2 51 52 53 8
L 55 34 18
L 57 36 -19
L 58 38 -20
L 59 36 19
D 56 37 2 57 58 59 8
L 60 34 -18
D 54 35 2 55 56 60 8
L 62 32 12
D 61 31 2 51 62 53 29
D 49 33 2 50 54 61 8
L 64 28 17
D 63 27 2 46 64 48 29
D 44 29 2 45 49 63 8
L 67 24 14
D 66 23 2 40 67 42 29
D 65 21 2 38 66 43 29
D 36 25 2 37 44 65 8
L 71 40 -23
L 73 42 -24
L 74 44 -22
L 75 42 24
D 72 43 2 73 74 75 8
L 76 40 23
D 70 41 2 71 72 76 8
L 79 46 -26
L 80 48 -27
L 81 46 26
D 78 47 2 79 80 81 8
L 84 50 -25
L 85 52 -21
L 86 50 25
D 83 51 2 84 85 86 8
L 88 54 -28
L 90 56 30
L 91 58 -29
L 92 56 -30
D 89 57 2 90 91 92 8
L 93 54 28
D 87 55 2 88 89 93 8
L 95 52 21
D 94 51 2 84 95 86 29
D 82 53 2 83 87 94 8
L 97 48 27
D 96 47 2 79 97 81 29
D 77 49 2 78 82 96 8
L 100 44 22
D 99 43 2 73 100 75 29
D 98 41 2 71 99 76 29
D 69 45 2 70 77 98 8
L 104 60 -33
L 105 62 -32
L 106 60 33
D 103 61 2 104 105 106 8
L 108 64 -31
L 110 66 -38
L 112 68 40
L 113 70 -39
L 114 68 -40
D 111 69 2 112 113 114 8
L 115 66 38
D 109 67 2 110 111 115 8
L 116 64 31
D 107 65 2 108 109 116 8
L 118 62 32
D 117 61 2 104 118 106 29
D 102 63 2 103 107 117 8
L 122 72 -34
L 123 74 -35
L 124 72 34
D 121 73 2 122 123 124 8
L 126 76 -37
L 127 78 -36
L 128 76 37
D 125 77 2 126 127 128 8
L 130 74 35
D 129 73 2 122 130 124 29
D 120 75 2 121 125 129 8
L 134 80 -46
L 135 82 -47
L 136 80 46
D 133 81 2 134 135 136 8
L 138 84 -48
L 140 86 -49
L 141 88 50
L 142 86 49
D 139 87 2 140 141 142 8
L 143 84 48
D 137 85 2 138 139 143 8
L 145 82 47
D 144 81 2 134 145 136 29
D 132 83 2 133 137 144 8
L 149 90 -41
L 150 92 -42
L 151 90 41
D 148 91 2 149 150 151 8
L 153 94 -43
L 155 96 -45
L 156 98 -44
L 157 96 45
D 154 97 2 155 156 157 8
L 158 94 43
D 152 95 2 153 154 158 8
L 160 92 42
D 159 91 2 149 160 151 29
D 147 93 2 148 152 159 8
L 163 100 -51
L 164 102 -52
L 165 100 51
D 162 101 2 163 164 165 8
L 168 104 -53
L 169 106 -54
L 170 104 53
D 167 105 2 168 169 170 8
L 172 108 -55
L 174 110 -56
L 176 112 -57
L 178 114 -58
L 180 116 -59
L 181 118 60
L 182 116 59
D 179 117 2 180 181 182 8
L 183 114 58
D 177 115 2 178 179 183 8
L 184 112 57
D 175 113 2 176 177 184 8
L 185 110 56
D 173 111 2 174 175 185 8
L 186 108 55
D 171 109 2 172 173 186 8
L 188 106 54
D 187 105 2 168 188 170 29
D 166 107 2 167 171 187 8
L 190 102 52
D 189 101 2 163 190 165 29
D 161 103 2 162 166 189 8
L 194 98 44
D 193 97 2 155 194 157 29
D 192 95 2 153 193 158 29
D 191 93 2 148 192 159 29
D 146 99 2 147 161 191 8
L 198 88 -50
D 197 87 2 140 198 142 29
D 196 85 2 138 197 143 29
D 195 83 2 133 196 144 29
D 131 89 2 132 146 195 8
L 201 78 36
D 200 77 2 126 201 128 29
D 199 75 2 121 200 129 29
D 119 79 2 120 131 199 8
L 206 70 39
D 205 69 2 112 206 114 29
D 204 67 2 110 205 115 29
D 203 65 2 108 204 116 29
D 202 63 2 103 203 117 29
D 101 71 2 102 119 202 8
L 212 58 29
D 211 57 2 90 212 92 29
D 210 55 2 88 211 93 29
D 209 53 2 83 210 94 29
D 208 49 2 78 209 96 29
D 207 45 2 70 208 98 29
D 68 59 2 69 101 207 8
D 217 37 2 59 58 57 8
D 216 35 2 60 217 55 8
D 215 33 2 50 216 61 8
D 214 29 2 45 215 63 8
D 213 25 2 37 214 65 8
D 223 57 2 92 212 90 8
D 222 55 2 88 223 93 8
D 221 53 2 83 222 94 8
D 220 49 2 78 221 96 8
D 219 45 2 70 220 98 8
D 228 69 2 114 206 112 8
D 227 67 2 110 228 115 8
D 226 65 2 108 227 116 8
D 225 63 2 103 226 117 8
L 239 118 -60
D 238 117 2 182 239 180 8
D 237 115 2 178 238 183 8
D 236 113 2 176 237 184 8
D 235 111 2 174 236 185 8
D 234 109 2 172 235 186 8
D 233 107 2 167 234 187 8
D 232 103 2 162 233 189 8
D 231 99 2 147 232 191 8
D 242 87 2 142 198 140 8
D 241 85 2 138 242 143 8
D 240 83 2 133 241 144 8
D 245 87 2 140 198 142 141
D 244 85 2 138 245 143 29
D 243 83 2 133 244 144 29
D 230 89 3 132 231 240 146 243 8
D 229 79 2 120 230 199 8
D 249 69 2 114 113 112 206
D 248 67 2 110 249 115 29
D 247 65 2 108 248 116 29
D 246 63 2 103 247 117 29
D 224 71 3 225 119 102 229 246 8
D 254 57 2 92 91 90 212
D 253 55 2 88 254 93 29
D 252 53 2 83 253 94 29
D 251 49 2 78 252 96 29
D 250 45 2 70 251 98 29
D 218 59 3 219 101 69 224 250 8
L 260 38 20
D 259 37 2 57 260 59 8
D 258 35 2 60 259 55 8
D 257 33 2 50 258 61 8
D 256 29 2 45 257 63 8
D 255 25 2 37 256 65 8
D 266 57 2 92 91 90 8
D 265 55 2 93 266 88 8
D 264 53 2 83 265 94 8
D 263 49 2 78 264 96 8
D 262 45 2 70 263 98 8
D 271 69 2 114 113 112 8
D 270 67 2 115 271 110 8
D 269 65 2 108 270 116 8
D 268 63 2 103 269 117 8
D 281 117 2 180 239 182 8
D 280 115 2 183 281 178 8
D 279 113 2 176 280 184 8
D 278 111 2 174 279 185 8
D 277 109 2 172 278 186 8
D 276 107 2 167 277 187 8
D 275 103 2 162 276 189 8
D 274 99 2 147 275 191 8
D 284 87 2 140 198 142 8
D 283 85 2 143 284 138 8
D 282 83 2 133 283 144 8
D 287 87 2 140 141 142 29
D 286 85 2 138 245 143 287
D 285 83 2 133 286 144 29
D 273 89 4 132 274 240 231 282 146 285 8
D 272 79 2 120 273 199 8
D 291 69 2 114 206 112 29
D 290 67 2 110 249 115 291
D 289 65 2 108 290 116 29
D 288 63 2 103 289 117 29
D 267 71 4 268 119 102 272 225 229 288 8
D 296 57 2 92 212 90 29
D 295 55 2 93 296 88 254
D 294 53 2 83 295 94 29
D 293 49 2 78 294 96 29
D 292 45 2 70 293 98 29
D 261 59 4 262 101 219 224 69 267 292 8
D 301 37 2 57 260 59 29
D 302 37 2 57 58 59 260
D 300 35 2 55 301 60 302
D 299 33 2 50 300 61 29
D 298 29 2 45 299 63 29
D 297 25 2 37 298 65 29
D 35 39 4 36 68 213 218 255 261 297 8
D 305 3 2 5 34 7 8
D 304 1 2 3 305 9 8
D 308 11 2 17 28 19 8
D 309 11 2 17 18 19 29
D 307 13 2 308 20 309 8
D 306 9 2 11 307 30 8
D 311 3 2 5 6 7 29
D 310 1 2 3 311 9 29
D 303 5 2 304 306 310 8
D 315 27 2 46 64 48 8
D 317 35 2 60 56 55 8
D 316 33 2 50 317 61 8
D 318 27 2 46 47 48 29
D 314 29 2 315 316 318 8
D 313 25 2 37 314 65 8
D 322 47 2 79 97 81 8
D 324 55 2 88 266 93 8
D 323 53 2 83 324 94 8
D 325 47 2 79 80 81 29
D 321 49 2 322 323 325 8
D 320 45 2 70 321 98 8
D 335 115 2 178 281 183 8
D 334 113 2 184 335 176 8
D 333 111 2 174 334 185 8
D 332 109 2 172 333 186 8
D 331 107 2 167 332 187 8
D 330 103 2 162 331 189 8
D 329 99 2 147 330 191 8
D 337 81 2 134 145 136 8
D 338 85 2 138 284 143 8
D 339 81 2 134 135 136 29
D 336 83 2 337 338 339 8
D 341 85 2 138 287 143 29
D 340 83 3 133 286 337 341 136 29
D 328 89 5 132 329 240 274 282 231 336 146 340 8
D 327 79 2 120 328 199 8
D 344 67 2 110 271 115 8
D 343 65 2 108 344 116 8
D 342 63 2 103 343 117 8
D 347 77 2 128 127 126 8
D 346 75 2 121 347 129 8
D 349 77 2 128 201 126 29
D 348 75 2 121 349 129 29
D 345 79 2 346 131 348 8
D 353 69 2 112 206 114 8
D 352 67 2 110 353 115 291
D 351 65 2 108 352 116 29
D 350 63 2 103 351 117 29
D 326 71 5 102 327 225 272 268 229 342 345 350 8
D 357 55 2 88 296 93 29
D 356 53 2 83 357 94 29
D 355 49 3 78 294 322 356 81 29
D 354 45 2 70 355 98 29
D 319 59 5 320 101 262 224 219 267 69 326 354 8
D 361 35 2 60 301 55 29
D 360 33 2 50 361 61 29
D 359 29 3 45 299 315 360 48 29
D 358 25 2 37 359 65 29
D 312 39 5 313 68 36 218 213 261 255 319 358 8
D 363 1 2 9 4 3 8
D 364 1 2 9 33 3 29
D 362 5 2 363 306 364 8
D 368 27 2 48 47 46 8
D 369 27 2 48 64 46 29
D 367 29 2 368 316 369 8
D 366 25 2 37 367 65 8
D 373 47 2 81 80 79 8
D 374 47 2 81 97 79 29
D 372 49 2 373 323 374 8
D 371 45 2 70 372 98 8
D 383 113 2 176 335 184 8
D 382 111 2 185 383 174 8
D 381 109 2 172 382 186 8
D 380 107 2 167 381 187 8
D 379 103 2 162 380 189 8
D 378 99 2 147 379 191 8
D 385 81 2 136 135 134 8
D 386 81 2 136 145 134 29
D 384 83 2 385 338 386 8
D 388 81 2 136 135 134 145
D 389 81 2 136 145 134 8
D 387 83 3 133 286 388 341 389 29
D 377 89 6 132 378 240 329 282 274 336 231 384 146 387 8
D 376 79 2 120 377 199 8
D 392 77 2 126 201 128 8
D 391 75 2 121 392 129 8
D 394 77 2 126 127 128 201
D 393 75 2 121 394 129 29
D 390 79 3 391 131 346 230 393 8
D 375 71 5 102 376 342 390 225 327 268 272 350 8
D 397 47 2 81 80 79 97
D 398 47 2 81 97 79 8
D 396 49 3 78 294 397 356 398 29
D 395 45 2 70 396 98 29
D 370 59 6 371 101 320 224 262 267 219 326 69 375 395 8
D 401 27 2 48 47 46 64
D 402 27 2 48 64 46 8
D 400 29 3 45 299 401 360 402 29
D 399 25 2 37 400 65 29
D 365 39 6 366 68 313 218 36 261 213 319 255 370 399 8
D 405 3 2 7 6 5 8
D 404 1 2 3 405 9 8
D 407 3 2 7 34 5 29
D 406 1 2 3 407 9 29
D 403 5 2 404 306 406 8
D 411 23 2 42 41 40 8
D 410 21 2 38 411 43 8
D 412 29 2 45 316 63 8
D 414 23 2 42 67 40 29
D 413 21 2 38 414 43 29
D 409 25 2 410 412 413 8
D 419 51 2 86 85 84 8
D 420 51 2 86 95 84 29
D 418 53 2 419 324 420 8
D 417 49 2 78 418 96 8
D 416 45 2 70 417 98 8
D 428 111 2 174 383 185 8
D 427 109 2 186 428 172 8
D 426 107 2 167 427 187 8
D 425 103 2 162 426 189 8
D 424 99 2 147 425 191 8
D 429 83 2 133 338 144 8
D 433 97 2 157 156 155 8
D 432 95 2 153 433 158 8
D 431 93 2 148 432 159 8
D 436 97 2 157 194 155 29
D 435 95 2 153 436 158 29
D 434 93 2 148 435 159 29
D 430 99 2 431 161 434 8
D 439 87 2 142 141 140 8
D 438 85 2 138 439 143 287
D 437 83 3 133 438 388 341 389 29
D 423 89 7 132 424 429 430 240 378 282 329 336 274 384 231 437 8
D 422 79 2 120 423 199 8
D 442 73 2 122 130 124 8
D 443 73 2 122 123 124 29
D 441 75 2 442 125 443 8
D 444 75 3 121 394 442 200 124 29
D 440 79 4 441 131 391 230 346 273 444 8
D 421 71 5 102 422 342 440 225 376 268 327 350 8
D 447 53 3 419 357 83 295 95 29
D 446 49 3 78 447 397 356 398 29
D 445 45 2 70 446 98 29
D 415 59 7 416 101 371 224 320 267 262 326 219 375 69 421 445 8
D 449 29 2 45 360 63 29
D 450 21 2 38 67 43 29
D 448 25 3 37 400 410 449 450 29
D 408 39 7 409 68 366 218 313 261 36 319 213 370 255 415 448 8
D 454 11 2 19 28 17 8
D 455 11 2 19 18 17 29
D 453 13 2 454 20 455 8
D 452 9 2 11 453 30 8
D 451 5 2 2 452 32 8
D 459 23 2 40 67 42 8
D 458 21 2 38 459 43 8
D 461 23 2 40 41 42 29
D 460 21 2 38 461 43 29
D 457 25 2 458 412 460 8
D 465 43 2 75 74 73 8
D 464 41 2 71 465 76 8
D 466 49 2 78 323 96 8
D 468 43 2 75 100 73 29
D 467 41 2 71 468 76 29
D 463 45 2 464 466 467 8
D 475 105 2 168 188 170 8
D 476 109 2 172 428 186 8
D 477 105 2 168 169 170 29
D 474 107 2 475 476 477 8
D 473 103 2 162 474 189 8
D 472 99 2 147 473 191 8
D 481 97 2 155 194 157 8
D 480 95 2 153 481 158 8
D 479 93 2 148 480 159 8
D 484 97 2 155 156 157 194
D 483 95 2 153 484 158 29
D 482 93 2 148 483 159 29
D 478 99 3 479 161 431 232 482 8
D 471 89 7 132 472 429 478 240 424 282 378 336 329 384 274 437 8
D 470 79 2 120 471 199 8
D 487 73 2 124 123 122 8
D 488 73 2 124 130 122 29
D 486 75 2 487 125 488 8
D 490 73 2 124 123 122 130
D 491 73 2 124 130 122 8
D 489 75 3 121 394 490 200 491 29
D 485 79 5 486 131 441 230 391 273 346 328 489 8
D 469 71 5 102 470 342 485 225 422 268 376 350 8
D 493 49 2 78 356 96 29
D 494 41 2 71 100 76 29
D 492 45 3 70 446 464 493 494 29
D 462 59 8 463 101 416 224 371 267 320 326 262 375 219 421 69 469 492 8
D 497 23 2 42 41 40 67
D 496 21 2 38 497 43 8
D 499 23 2 42 67 40 8
D 498 21 2 38 499 43 29
D 495 25 3 37 400 496 449 498 29
D 456 39 8 457 68 409 218 366 261 313 319 36 370 213 415 255 462 495 8
D 502 7 2 14 13 12 8
D 503 7 2 14 31 12 29
D 501 9 2 502 307 503 8
D 500 5 2 2 501 32 8
D 506 21 2 43 39 38 8
D 507 21 2 43 66 38 29
D 505 25 2 506 412 507 8
D 510 41 2 76 72 71 8
D 511 41 2 76 99 71 29
D 509 45 2 510 466 511 8
D 518 105 2 170 169 168 8
D 519 105 2 170 188 168 29
D 517 107 2 518 476 519 8
D 516 103 2 162 517 189 8
D 515 99 2 147 516 191 8
D 522 95 2 158 154 153 8
D 521 93 2 148 522 159 8
D 524 95 2 153 484 158 193
D 523 93 2 148 524 159 29
D 520 99 4 521 161 479 232 431 275 523 8
D 514 89 7 132 515 429 520 240 472 282 424 336 378 384 329 437 8
D 513 79 2 120 514 199 8
D 526 61 2 106 105 104 8
D 527 61 2 106 118 104 29
D 525 63 2 526 343 527 8
D 528 79 5 486 230 441 273 346 377 391 328 489 8
D 531 67 2 110 291 115 29
D 530 65 2 108 531 116 29
D 529 63 3 103 351 526 530 118 29
D 512 71 6 102 513 525 119 342 528 225 470 268 422 529 8
D 533 41 2 71 465 76 72
D 534 41 2 76 99 71 100
D 532 45 3 70 446 533 493 534 29
D 508 59 9 509 101 463 224 416 267 371 326 320 375 262 421 219 469 69 512 532 8
D 536 21 2 38 497 43 39
D 537 21 2 38 499 43 66
D 535 25 3 37 400 536 449 537 29
D 504 39 9 505 68 457 218 409 261 366 319 313 370 36 415 213 462 255 508 535 8
D 540 7 2 12 31 14 8
D 541 7 2 12 13 14 29
D 539 9 2 540 307 541 8
D 538 5 2 2 539 32 8
D 546 31 2 51 62 53 8
D 547 31 2 51 52 53 29
D 545 33 2 546 317 547 8
D 544 29 2 45 545 63 8
D 543 25 2 37 544 65 8
D 551 43 2 73 100 75 8
D 550 41 2 71 551 76 8
D 553 43 2 73 74 75 29
D 552 41 2 71 553 76 29
D 549 45 2 550 466 552 8
D 559 91 2 149 160 151 8
D 560 91 2 149 150 151 29
D 558 93 2 559 152 560 8
D 561 93 3 148 524 559 192 151 29
D 557 99 5 558 161 521 232 479 275 431 330 561 8
D 564 101 2 163 190 165 8
D 565 107 2 167 476 187 8
D 566 101 2 163 164 165 29
D 563 103 2 564 565 566 8
D 562 99 2 147 563 191 8
D 556 89 7 429 557 240 515 132 562 282 472 336 424 384 378 437 8
D 555 79 2 120 556 199 8
D 567 79 5 486 273 346 423 391 377 441 328 489 8
D 569 61 2 104 118 106 8
D 570 61 2 104 105 106 29
D 568 63 2 569 343 570 8
D 572 61 2 106 105 104 118
D 573 61 2 106 118 104 8
D 571 63 3 103 351 572 530 573 29
D 554 71 7 102 555 342 567 225 513 568 119 268 470 525 229 571 8
D 576 43 2 75 74 73 100
D 575 41 2 71 576 76 72
D 578 43 2 75 100 73 8
D 577 41 2 71 578 76 99
D 574 45 3 70 446 575 493 577 29
D 548 59 10 549 101 509 224 463 267 416 326 371 375 320 421 262 469 219 512 69 554 574 8
D 581 33 3 546 361 50 300 53 29
D 580 29 3 45 581 401 360 402 29
D 579 25 3 37 580 536 449 537 29
D 542 39 10 543 68 505 218 457 261 409 319 366 370 313 415 36 462 213 508 255 548 579 8
D 585 15 2 26 22 21 8
D 584 13 2 308 585 309 8
D 583 9 2 11 584 30 8
D 582 5 2 2 583 32 8
D 590 31 2 53 52 51 8
D 591 31 2 53 62 51 29
D 589 33 2 590 317 591 8
D 588 29 2 45 589 63 8
D 587 25 2 37 588 65 8
D 596 51 2 84 95 86 8
D 597 51 2 84 85 86 29
D 595 53 2 596 324 597 8
D 594 49 2 78 595 96 8
D 593 45 2 70 594 98 8
D 599 79 5 391 423 346 471 441 377 486 328 489 8
D 604 91 2 151 150 149 8
D 605 91 2 151 160 149 29
D 603 93 2 604 152 605 8
D 607 91 2 151 150 149 160
D 608 91 2 151 160 149 8
D 606 93 3 148 524 607 192 608 29
D 602 99 6 603 161 558 232 521 275 479 330 431 379 606 8
D 611 101 2 165 164 163 8
D 612 101 2 165 190 163 29
D 610 103 2 611 565 612 8
D 609 99 2 147 610 191 8
D 601 89 7 429 602 282 515 240 562 336 472 132 609 384 424 437 8
D 600 79 2 120 601 199 8
D 614 65 2 116 344 108 8
D 613 63 2 103 614 117 8
D 616 65 2 108 352 116 531
D 615 63 3 103 616 572 530 573 29
D 598 71 8 342 599 102 600 225 555 268 513 613 119 525 272 568 229 615 8
D 620 51 2 86 85 84 95
D 621 51 2 86 95 84 8
D 619 53 3 620 357 83 295 621 29
D 618 49 3 397 356 78 619 398 29
D 617 45 3 575 493 70 618 577 29
D 592 59 11 593 101 549 224 509 267 463 326 416 375 371 421 320 469 262 512 219 554 69 598 617 8
D 625 31 2 53 52 51 62
D 626 31 2 53 62 51 8
D 624 33 3 625 361 50 300 626 29
D 623 29 3 401 360 45 624 402 29
D 622 25 3 536 449 37 623 537 29
D 586 39 11 587 68 543 218 505 261 457 319 409 370 366 415 313 462 36 508 213 548 255 592 622 8
L 632 18 9
D 631 17 2 23 632 25 8
D 630 15 2 21 631 26 8
D 629 13 2 308 630 309 8
D 628 9 2 11 629 30 8
D 627 5 2 2 628 32 8
D 636 79 5 441 423 391 471 346 514 486 377 489 8
D 639 99 6 603 232 558 275 521 330 479 379 431 425 606 8
D 641 85 2 143 287 138 141
D 640 83 3 133 641 388 341 389 29
D 638 89 6 429 639 336 515 282 562 384 472 240 609 640 8
D 637 79 2 120 638 199 8
D 635 71 8 342 636 225 600 268 555 102 637 525 327 568 272 613 229 615 8
D 634 59 11 593 224 549 267 509 326 463 375 416 421 371 469 320 512 262 554 219 598 69 635 617 8
D 633 39 11 587 218 543 261 505 319 457 370 409 415 366 462 313 508 36 548 213 592 255 634 622 8
D 646 17 2 25 24 23 8
D 645 15 2 21 646 26 8
D 644 13 2 308 645 309 8
D 643 9 2 11 644 30 8
D 642 5 2 2 643 32 8
D 650 79 5 486 423 441 471 391 514 346 556 489 8
D 653 99 6 603 275 558 330 521 379 479 425 431 473 606 8
D 654 83 3 388 341 133 287 389 29
D 652 89 5 429 653 384 515 336 562 282 609 654 8
D 651 79 2 120 652 199 8
D 649 71 8 342 650 268 600 225 637 102 651 525 376 568 327 613 272 615 8
D 648 59 11 593 267 549 326 509 375 463 421 416 469 371 512 320 554 262 598 219 635 69 649 617 8
D 647 39 11 587 261 543 319 505 370 457 415 409 462 366 508 313 548 36 592 213 634 255 648 622 8
D 659 17 2 23 24 25 632
D 660 17 2 23 632 25 29
D 658 15 2 21 659 26 660
D 661 11 2 19 28 17 18
D 662 15 2 21 660 26 29
D 663 11 2 19 18 17 8
D 657 13 3 308 658 661 662 663 29
D 664 7 2 14 13 12 31
D 665 13 2 308 662 309 29
D 666 7 2 14 31 12 8
D 656 9 3 11 657 664 665 666 29
D 668 3 2 7 6 5 34
D 667 1 2 3 668 9 4
D 669 9 2 11 665 30 29
D 671 3 2 7 34 5 8
D 670 1 2 3 671 9 33
D 655 5 3 2 656 667 669 670 29
D 0 19 11 1 35 303 312 362 365 403 408 451 456 500 504 538 542 582 586 627 633 642 647 655 8
