c ids of sdd nodes start at 0
c sdd nodes appear bottom-up, children before parents
c
c file syntax:
c sdd count-of-sdd-nodes
c F id-of-false-sdd-node
c T id-of-true-sdd-node
c L id-of-literal-sdd-node id-of-vtree literal
c D id-of-decomposition-sdd-node id-of-vtree number-of-elements {id-of-prime id-of-sub}*
c
sdd 666
L 3 0 -3
L 5 2 -4
L 6 4 -2
L 7 2 4
F 8
D 4 3 2 5 6 7 8
L 9 0 3
D 2 1 2 3 4 9 8
L 12 6 -6
L 13 8 -7
L 14 6 6
D 11 7 2 12 13 14 8
L 17 10 -5
L 18 12 1
L 19 10 5
D 16 11 2 17 18 19 8
L 21 14 -8
L 23 16 -10
L 24 18 -9
L 25 16 10
D 22 17 2 23 24 25 8
L 26 14 8
D 20 15 2 21 22 26 8
L 28 12 -1
T 29
D 27 11 2 17 28 19 29
D 15 13 2 16 20 27 8
L 31 8 7
D 30 7 2 12 31 14 29
D 10 9 2 11 15 30 8
L 34 4 2
D 33 3 2 5 34 7 29
D 32 1 2 3 33 9 29
D 1 5 2 2 10 32 8
L 38 20 -13
L 40 22 -15
L 41 24 -14
L 42 22 15
D 39 23 2 40 41 42 8
L 43 20 13
D 37 21 2 38 39 43 8
L 46 26 -16
L 47 28 -17
L 48 26 16
D 45 27 2 46 47 48 8
L 51 30 -11
L 52 32 -12
L 53 30 11
D 50 31 2 51 52 53 8
L 55 34 -18
L 57 36 -19
L 58 38 20
L 59 36 19
D 56 37 2 57 58 59 8
L 60 34 18
D 54 35 2 55 56 60 8
L 62 32 12
D 61 31 2 51 62 53 29
D 49 33 2 50 54 61 8
L 64 28 17
D 63 27 2 46 64 48 29
D 44 29 2 45 49 63 8
L 67 24 14
D 66 23 2 40 67 42 29
D 65 21 2 38 66 43 29
D 36 25 2 37 44 65 8
L 71 40 -23
L 73 42 -24
L 74 44 -22
L 75 42 24
D 72 43 2 73 74 75 8
L 76 40 23
D 70 41 2 71 72 76 8
L 79 46 -26
L 80 48 -27
L 81 46 26
D 78 47 2 79 80 81 8
L 84 50 -25
L 85 52 -21
L 86 50 25
D 83 51 2 84 85 86 8
L 88 54 -28
L 90 56 30
L 91 58 -29
L 92 56 -30
D 89 57 2 90 91 92 8
L 93 54 28
D 87 55 2 88 89 93 8
L 95 52 21
D 94 51 2 84 95 86 29
D 82 53 2 83 87 94 8
L 97 48 27
D 96 47 2 79 97 81 29
D 77 49 2 78 82 96 8
L 100 44 22
D 99 43 2 73 100 75 29
D 98 41 2 71 99 76 29
D 69 45 2 70 77 98 8
L 104 60 -33
L 105 62 -32
L 106 60 33
D 103 61 2 104 105 106 8
L 108 64 -31
L 110 66 -38
L 112 68 40
L 113 70 -39
L 114 68 -40
D 111 69 2 112 113 114 8
L 115 66 38
D 109 67 2 110 111 115 8
L 116 64 31
D 107 65 2 108 109 116 8
L 118 62 32
D 117 61 2 104 118 106 29
D 102 63 2 103 107 117 8
L 122 72 -34
L 123 74 -35
L 124 72 34
D 121 73 2 122 123 124 8
L 126 76 -37
L 127 78 -36
L 128 76 37
D 125 77 2 126 127 128 8
L 130 74 35
D 129 73 2 122 130 124 29
D 120 75 2 121 125 129 8
L 134 80 -46
L 135 82 -47
L 136 80 46
D 133 81 2 134 135 136 8
L 138 84 -48
L 140 86 -49
L 141 88 50
L 142 86 49
D 139 87 2 140 141 142 8
L 143 84 48
D 137 85 2 138 139 143 8
L 145 82 47
D 144 81 2 134 145 136 29
D 132 83 2 133 137 144 8
L 149 90 -41
L 150 92 -42
L 151 90 41
D 148 91 2 149 150 151 8
L 153 94 -43
L 155 96 -45
L 156 98 -44
L 157 96 45
D 154 97 2 155 156 157 8
L 158 94 43
D 152 95 2 153 154 158 8
L 160 92 42
D 159 91 2 149 160 151 29
D 147 93 2 148 152 159 8
L 163 100 -51
L 164 102 -52
L 165 100 51
D 162 101 2 163 164 165 8
L 168 104 -53
L 169 106 -54
L 170 104 53
D 167 105 2 168 169 170 8
L 172 108 -55
L 174 110 -56
L 176 112 -57
L 178 114 -58
L 180 116 -59
L 181 118 60
L 182 116 59
D 179 117 2 180 181 182 8
L 183 114 58
D 177 115 2 178 179 183 8
L 184 112 57
D 175 113 2 176 177 184 8
L 185 110 56
D 173 111 2 174 175 185 8
L 186 108 55
D 171 109 2 172 173 186 8
L 188 106 54
D 187 105 2 168 188 170 29
D 166 107 2 167 171 187 8
L 190 102 52
D 189 101 2 163 190 165 29
D 161 103 2 162 166 189 8
L 194 98 44
D 193 97 2 155 194 157 29
D 192 95 2 153 193 158 29
D 191 93 2 148 192 159 29
D 146 99 2 147 161 191 8
L 198 88 -50
D 197 87 2 140 198 142 29
D 196 85 2 138 197 143 29
D 195 83 2 133 196 144 29
D 131 89 2 132 146 195 8
L 201 78 36
D 200 77 2 126 201 128 29
D 199 75 2 121 200 129 29
D 119 79 2 120 131 199 8
L 206 70 39
D 205 69 2 112 206 114 29
D 204 67 2 110 205 115 29
D 203 65 2 108 204 116 29
D 202 63 2 103 203 117 29
D 101 71 2 102 119 202 8
L 212 58 29
D 211 57 2 90 212 92 29
D 210 55 2 88 211 93 29
D 209 53 2 83 210 94 29
D 208 49 2 78 209 96 29
D 207 45 2 70 208 98 29
D 68 59 2 69 101 207 8
L 218 38 -20
D 217 37 2 57 218 59 29
D 216 35 2 55 217 60 29
D 215 33 2 50 216 61 29
D 214 29 2 45 215 63 29
D 213 25 2 37 214 65 29
D 35 39 2 36 68 213 8
D 221 3 2 5 34 7 8
D 220 1 2 3 221 9 8
D 224 11 2 17 28 19 8
D 225 11 2 17 18 19 29
D 223 13 2 224 20 225 8
D 222 9 2 11 223 30 8
D 227 3 2 5 6 7 29
D 226 1 2 3 227 9 29
D 219 5 2 220 222 226 8
D 233 37 2 59 218 57 8
D 232 35 2 55 233 60 8
D 231 33 2 50 232 61 8
D 230 29 2 45 231 63 8
D 229 25 2 37 230 65 8
D 239 57 2 92 212 90 8
D 238 55 2 88 239 93 8
D 237 53 2 83 238 94 8
D 236 49 2 78 237 96 8
D 235 45 2 70 236 98 8
D 244 69 2 114 206 112 8
D 243 67 2 110 244 115 8
D 242 65 2 108 243 116 8
D 241 63 2 103 242 117 8
L 255 118 -60
D 254 117 2 182 255 180 8
D 253 115 2 178 254 183 8
D 252 113 2 176 253 184 8
D 251 111 2 174 252 185 8
D 250 109 2 172 251 186 8
D 249 107 2 167 250 187 8
D 248 103 2 162 249 189 8
D 247 99 2 147 248 191 8
D 258 87 2 142 198 140 8
D 257 85 2 138 258 143 8
D 256 83 2 133 257 144 8
D 261 87 2 140 198 142 141
D 260 85 2 138 261 143 29
D 259 83 2 133 260 144 29
D 246 89 3 132 247 256 146 259 8
D 245 79 2 120 246 199 8
D 265 69 2 114 113 112 206
D 264 67 2 110 265 115 29
D 263 65 2 108 264 116 29
D 262 63 2 103 263 117 29
D 240 71 3 241 119 102 245 262 8
D 270 57 2 92 91 90 212
D 269 55 2 88 270 93 29
D 268 53 2 83 269 94 29
D 267 49 2 78 268 96 29
D 266 45 2 70 267 98 29
D 234 59 3 235 101 69 240 266 8
D 275 37 2 57 218 59 58
D 274 35 2 55 275 60 29
D 273 33 2 50 274 61 29
D 272 29 2 45 273 63 29
D 271 25 2 37 272 65 29
D 228 39 3 229 68 36 234 271 8
D 277 1 2 9 4 3 8
D 278 1 2 9 33 3 29
D 276 5 2 277 222 278 8
D 284 37 2 57 218 59 8
D 283 35 2 60 284 55 8
D 282 33 2 50 283 61 8
D 281 29 2 45 282 63 8
D 280 25 2 37 281 65 8
D 290 57 2 92 91 90 8
D 289 55 2 93 290 88 8
D 288 53 2 83 289 94 8
D 287 49 2 78 288 96 8
D 286 45 2 70 287 98 8
D 295 69 2 114 113 112 8
D 294 67 2 115 295 110 8
D 293 65 2 108 294 116 8
D 292 63 2 103 293 117 8
D 305 117 2 180 255 182 8
D 304 115 2 183 305 178 8
D 303 113 2 176 304 184 8
D 302 111 2 174 303 185 8
D 301 109 2 172 302 186 8
D 300 107 2 167 301 187 8
D 299 103 2 162 300 189 8
D 298 99 2 147 299 191 8
D 308 87 2 140 198 142 8
D 307 85 2 143 308 138 8
D 306 83 2 133 307 144 8
D 311 87 2 140 141 142 29
D 310 85 2 138 261 143 311
D 309 83 2 133 310 144 29
D 297 89 4 132 298 256 247 306 146 309 8
D 296 79 2 120 297 199 8
D 315 69 2 114 206 112 29
D 314 67 2 110 265 115 315
D 313 65 2 108 314 116 29
D 312 63 2 103 313 117 29
D 291 71 4 292 119 102 296 241 245 312 8
D 320 57 2 92 212 90 29
D 319 55 2 93 320 88 270
D 318 53 2 83 319 94 29
D 317 49 2 78 318 96 29
D 316 45 2 70 317 98 29
D 285 59 4 286 101 235 240 69 291 316 8
D 325 37 2 57 58 59 29
D 324 35 2 60 325 55 275
D 323 33 2 50 324 61 29
D 322 29 2 45 323 63 29
D 321 25 2 37 322 65 29
D 279 39 4 280 68 229 234 36 285 321 8
D 328 3 2 7 6 5 8
D 327 1 2 3 328 9 8
D 330 3 2 7 34 5 29
D 329 1 2 3 330 9 29
D 326 5 2 327 222 329 8
D 334 27 2 46 64 48 8
D 336 35 2 55 284 60 8
D 335 33 2 50 336 61 8
D 337 27 2 46 47 48 29
D 333 29 2 334 335 337 8
D 332 25 2 37 333 65 8
D 341 47 2 79 97 81 8
D 343 55 2 88 290 93 8
D 342 53 2 83 343 94 8
D 344 47 2 79 80 81 29
D 340 49 2 341 342 344 8
D 339 45 2 70 340 98 8
D 354 115 2 178 305 183 8
D 353 113 2 184 354 176 8
D 352 111 2 174 353 185 8
D 351 109 2 172 352 186 8
D 350 107 2 167 351 187 8
D 349 103 2 162 350 189 8
D 348 99 2 147 349 191 8
D 356 81 2 134 145 136 8
D 357 85 2 138 308 143 8
D 358 81 2 134 135 136 29
D 355 83 2 356 357 358 8
D 360 85 2 138 311 143 29
D 359 83 3 133 310 356 360 136 29
D 347 89 5 132 348 256 298 306 247 355 146 359 8
D 346 79 2 120 347 199 8
D 363 67 2 110 295 115 8
D 362 65 2 108 363 116 8
D 361 63 2 103 362 117 8
D 366 77 2 128 127 126 8
D 365 75 2 121 366 129 8
D 368 77 2 128 201 126 29
D 367 75 2 121 368 129 29
D 364 79 2 365 131 367 8
D 372 69 2 112 206 114 8
D 371 67 2 110 372 115 315
D 370 65 2 108 371 116 29
D 369 63 2 103 370 117 29
D 345 71 5 102 346 241 296 292 245 361 364 369 8
D 376 55 2 88 320 93 29
D 375 53 2 83 376 94 29
D 374 49 3 78 318 341 375 81 29
D 373 45 2 70 374 98 29
D 338 59 5 339 101 286 240 235 291 69 345 373 8
D 380 35 2 55 325 60 29
D 379 33 2 50 380 61 29
D 378 29 3 45 323 334 379 48 29
D 377 25 2 37 378 65 29
D 331 39 5 332 68 280 234 229 285 36 338 377 8
D 384 11 2 19 28 17 8
D 385 11 2 19 18 17 29
D 383 13 2 384 20 385 8
D 382 9 2 11 383 30 8
D 381 5 2 2 382 32 8
D 389 27 2 48 47 46 8
D 390 27 2 48 64 46 29
D 388 29 2 389 335 390 8
D 387 25 2 37 388 65 8
D 394 47 2 81 80 79 8
D 395 47 2 81 97 79 29
D 393 49 2 394 342 395 8
D 392 45 2 70 393 98 8
D 404 113 2 176 354 184 8
D 403 111 2 185 404 174 8
D 402 109 2 172 403 186 8
D 401 107 2 167 402 187 8
D 400 103 2 162 401 189 8
D 399 99 2 147 400 191 8
D 406 81 2 136 135 134 8
D 407 81 2 136 145 134 29
D 405 83 2 406 357 407 8
D 409 81 2 136 135 134 145
D 410 81 2 136 145 134 8
D 408 83 3 133 310 409 360 410 29
D 398 89 6 132 399 256 348 306 298 355 247 405 146 408 8
D 397 79 2 120 398 199 8
D 413 77 2 126 201 128 8
D 412 75 2 121 413 129 8
D 415 77 2 126 127 128 201
D 414 75 2 121 415 129 29
D 411 79 3 412 131 365 246 414 8
D 396 71 5 102 397 361 411 241 346 292 296 369 8
D 418 47 2 81 80 79 97
D 419 47 2 81 97 79 8
D 417 49 3 78 318 418 375 419 29
D 416 45 2 70 417 98 29
D 391 59 6 392 101 339 240 286 291 235 345 69 396 416 8
D 422 27 2 48 47 46 64
D 423 27 2 48 64 46 8
D 421 29 3 45 323 422 379 423 29
D 420 25 2 37 421 65 29
D 386 39 6 387 68 332 234 280 285 229 338 36 391 420 8
D 426 7 2 14 13 12 8
D 427 7 2 14 31 12 29
D 425 9 2 426 223 427 8
D 424 5 2 2 425 32 8
D 431 23 2 42 41 40 8
D 430 21 2 38 431 43 8
D 432 29 2 45 335 63 8
D 434 23 2 42 67 40 29
D 433 21 2 38 434 43 29
D 429 25 2 430 432 433 8
D 439 51 2 86 85 84 8
D 440 51 2 86 95 84 29
D 438 53 2 439 343 440 8
D 437 49 2 78 438 96 8
D 436 45 2 70 437 98 8
D 448 111 2 174 404 185 8
D 447 109 2 186 448 172 8
D 446 107 2 167 447 187 8
D 445 103 2 162 446 189 8
D 444 99 2 147 445 191 8
D 449 83 2 133 357 144 8
D 453 97 2 157 156 155 8
D 452 95 2 153 453 158 8
D 451 93 2 148 452 159 8
D 456 97 2 157 194 155 29
D 455 95 2 153 456 158 29
D 454 93 2 148 455 159 29
D 450 99 2 451 161 454 8
D 459 87 2 142 141 140 8
D 458 85 2 138 459 143 311
D 457 83 3 133 458 409 360 410 29
D 443 89 7 132 444 449 450 256 399 306 348 355 298 405 247 457 8
D 442 79 2 120 443 199 8
D 462 73 2 122 130 124 8
D 463 73 2 122 123 124 29
D 461 75 2 462 125 463 8
D 464 75 3 121 415 462 200 124 29
D 460 79 4 461 131 412 246 365 297 464 8
D 441 71 5 102 442 361 460 241 397 292 346 369 8
D 467 53 3 439 376 83 319 95 29
D 466 49 3 78 467 418 375 419 29
D 465 45 2 70 466 98 29
D 435 59 7 436 101 392 240 339 291 286 345 235 396 69 441 465 8
D 469 29 2 45 379 63 29
D 470 21 2 38 67 43 29
D 468 25 3 37 421 430 469 470 29
D 428 39 7 429 68 387 234 332 285 280 338 229 391 36 435 468 8
D 473 7 2 12 31 14 8
D 474 7 2 12 13 14 29
D 472 9 2 473 223 474 8
D 471 5 2 2 472 32 8
D 478 23 2 40 67 42 8
D 477 21 2 38 478 43 8
D 480 23 2 40 41 42 29
D 479 21 2 38 480 43 29
D 476 25 2 477 432 479 8
D 484 43 2 75 74 73 8
D 483 41 2 71 484 76 8
D 485 49 2 78 342 96 8
D 487 43 2 75 100 73 29
D 486 41 2 71 487 76 29
D 482 45 2 483 485 486 8
D 494 105 2 168 188 170 8
D 495 109 2 172 448 186 8
D 496 105 2 168 169 170 29
D 493 107 2 494 495 496 8
D 492 103 2 162 493 189 8
D 491 99 2 147 492 191 8
D 500 97 2 155 194 157 8
D 499 95 2 153 500 158 8
D 498 93 2 148 499 159 8
D 503 97 2 155 156 157 194
D 502 95 2 153 503 158 29
D 501 93 2 148 502 159 29
D 497 99 3 498 161 451 248 501 8
D 490 89 7 132 491 449 497 256 444 306 399 355 348 405 298 457 8
D 489 79 2 120 490 199 8
D 506 73 2 124 123 122 8
D 507 73 2 124 130 122 29
D 505 75 2 506 125 507 8
D 509 73 2 124 123 122 130
D 510 73 2 124 130 122 8
D 508 75 3 121 415 509 200 510 29
D 504 79 5 505 131 461 246 412 297 365 347 508 8
D 488 71 5 102 489 361 504 241 442 292 397 369 8
D 512 49 2 78 375 96 29
D 513 41 2 71 100 76 29
D 511 45 3 70 466 483 512 513 29
D 481 59 8 482 101 436 240 392 291 339 345 286 396 235 441 69 488 511 8
D 516 23 2 42 41 40 67
D 515 21 2 38 516 43 8
D 518 23 2 42 67 40 8
D 517 21 2 38 518 43 29
D 514 25 3 37 421 515 469 517 29
D 475 39 8 476 68 429 234 387 285 332 338 280 391 229 435 36 481 514 8
D 522 15 2 26 22 21 8
D 521 13 2 224 522 225 8
D 520 9 2 11 521 30 8
D 519 5 2 2 520 32 8
D 525 21 2 43 39 38 8
D 526 21 2 43 66 38 29
D 524 25 2 525 432 526 8
D 529 41 2 76 72 71 8
D 530 41 2 76 99 71 29
D 528 45 2 529 485 530 8
D 537 105 2 170 169 168 8
D 538 105 2 170 188 168 29
D 536 107 2 537 495 538 8
D 535 103 2 162 536 189 8
D 534 99 2 147 535 191 8
D 541 95 2 158 154 153 8
D 540 93 2 148 541 159 8
D 543 95 2 153 503 158 193
D 542 93 2 148 543 159 29
D 539 99 4 540 161 498 248 451 299 542 8
D 533 89 7 132 534 449 539 256 491 306 444 355 399 405 348 457 8
D 532 79 2 120 533 199 8
D 545 61 2 106 105 104 8
D 546 61 2 106 118 104 29
D 544 63 2 545 362 546 8
D 547 79 5 505 246 461 297 365 398 412 347 508 8
D 550 67 2 110 315 115 29
D 549 65 2 108 550 116 29
D 548 63 3 103 370 545 549 118 29
D 531 71 6 102 532 544 119 361 547 241 489 292 442 548 8
D 552 41 2 71 484 76 72
D 553 41 2 76 99 71 100
D 551 45 3 70 466 552 512 553 29
D 527 59 9 528 101 482 240 436 291 392 345 339 396 286 441 235 488 69 531 551 8
D 555 21 2 38 516 43 39
D 556 21 2 38 518 43 66
D 554 25 3 37 421 555 469 556 29
D 523 39 9 524 68 476 234 429 285 387 338 332 391 280 435 229 481 36 527 554 8
L 562 18 9
D 561 17 2 23 562 25 8
D 560 15 2 21 561 26 8
D 559 13 2 224 560 225 8
D 558 9 2 11 559 30 8
D 557 5 2 2 558 32 8
D 567 31 2 51 62 53 8
D 568 31 2 51 52 53 29
D 566 33 2 567 336 568 8
D 565 29 2 45 566 63 8
D 564 25 2 37 565 65 8
D 572 43 2 73 100 75 8
D 571 41 2 71 572 76 8
D 574 43 2 73 74 75 29
D 573 41 2 71 574 76 29
D 570 45 2 571 485 573 8
D 580 91 2 149 160 151 8
D 581 91 2 149 150 151 29
D 579 93 2 580 152 581 8
D 582 93 3 148 543 580 192 151 29
D 578 99 5 579 161 540 248 498 299 451 349 582 8
D 585 101 2 163 190 165 8
D 586 107 2 167 495 187 8
D 587 101 2 163 164 165 29
D 584 103 2 585 586 587 8
D 583 99 2 147 584 191 8
D 577 89 7 449 578 256 534 132 583 306 491 355 444 405 399 457 8
D 576 79 2 120 577 199 8
D 588 79 5 505 297 365 443 412 398 461 347 508 8
D 590 61 2 104 118 106 8
D 591 61 2 104 105 106 29
D 589 63 2 590 362 591 8
D 593 61 2 106 105 104 118
D 594 61 2 106 118 104 8
D 592 63 3 103 370 593 549 594 29
D 575 71 7 102 576 361 588 241 532 589 119 292 489 544 245 592 8
D 597 43 2 75 74 73 100
D 596 41 2 71 597 76 72
D 599 43 2 75 100 73 8
D 598 41 2 71 599 76 99
D 595 45 3 70 466 596 512 598 29
D 569 59 10 570 101 528 240 482 291 436 345 392 396 339 441 286 488 235 531 69 575 595 8
D 602 33 3 567 380 50 324 53 29
D 601 29 3 45 602 422 379 423 29
D 600 25 3 37 601 555 469 556 29
D 563 39 10 564 68 524 234 476 285 429 338 387 391 332 435 280 481 229 527 36 569 600 8
D 607 17 2 25 24 23 8
D 606 15 2 21 607 26 8
D 605 13 2 224 606 225 8
D 604 9 2 11 605 30 8
D 603 5 2 2 604 32 8
D 612 31 2 53 52 51 8
D 613 31 2 53 62 51 29
D 611 33 2 612 336 613 8
D 610 29 2 45 611 63 8
D 609 25 2 37 610 65 8
D 618 51 2 84 95 86 8
D 619 51 2 84 85 86 29
D 617 53 2 618 343 619 8
D 616 49 2 78 617 96 8
D 615 45 2 70 616 98 8
D 621 79 5 412 443 365 490 461 398 505 347 508 8
D 626 91 2 151 150 149 8
D 627 91 2 151 160 149 29
D 625 93 2 626 152 627 8
D 629 91 2 151 150 149 160
D 630 91 2 151 160 149 8
D 628 93 3 148 543 629 192 630 29
D 624 99 6 625 161 579 248 540 299 498 349 451 400 628 8
D 633 101 2 165 164 163 8
D 634 101 2 165 190 163 29
D 632 103 2 633 586 634 8
D 631 99 2 147 632 191 8
D 623 89 7 449 624 306 534 256 583 355 491 132 631 405 444 457 8
D 622 79 2 120 623 199 8
D 636 65 2 116 363 108 8
D 635 63 2 103 636 117 8
D 638 65 2 108 371 116 550
D 637 63 3 103 638 593 549 594 29
D 620 71 8 361 621 102 622 241 576 292 532 635 119 544 296 589 245 637 8
D 642 51 2 86 85 84 95
D 643 51 2 86 95 84 8
D 641 53 3 642 376 83 319 643 29
D 640 49 3 418 375 78 641 419 29
D 639 45 3 596 512 70 640 598 29
D 614 59 11 615 101 570 240 528 291 482 345 436 396 392 441 339 488 286 531 235 575 69 620 639 8
D 647 31 2 53 52 51 62
D 648 31 2 53 62 51 8
D 646 33 3 647 380 50 324 648 29
D 645 29 3 422 379 45 646 423 29
D 644 25 3 555 469 37 645 556 29
D 608 39 11 609 68 564 234 524 285 476 338 429 391 387 435 332 481 280 527 229 569 36 614 644 8
D 653 17 2 23 24 25 562
D 654 17 2 23 562 25 29
D 652 15 2 21 653 26 654
D 655 11 2 19 28 17 18
D 656 15 2 21 654 26 29
D 657 11 2 19 18 17 8
D 651 13 3 224 652 655 656 657 29
D 658 7 2 14 13 12 31
D 659 13 2 224 656 225 29
D 660 7 2 14 31 12 8
D 650 9 3 11 651 658 659 660 29
D 662 3 2 7 6 5 34
D 661 1 2 3 662 9 4
D 663 9 2 11 659 30 29
D 665 3 2 7 34 5 8
D 664 1 2 3 665 9 33
D 649 5 3 2 650 661 663 664 29
D 0 19 11 1 35 219 228 276 279 326 331 381 386 424 428 471 475 519 523 557 563 603 608 649 8
