c ids of sdd nodes start at 0
c sdd nodes appear bottom-up, children before parents
c
c file syntax:
c sdd count-of-sdd-nodes
c F id-of-false-sdd-node
c T id-of-true-sdd-node
c L id-of-literal-sdd-node id-of-vtree literal
c D id-of-decomposition-sdd-node id-of-vtree number-of-elements {id-of-prime id-of-sub}*
c
sdd 618
L 3 0 -3
L 5 2 -4
L 6 4 2
L 7 2 4
F 8
D 4 3 2 5 6 7 8
L 9 0 3
D 2 1 2 3 4 9 8
L 12 6 -6
L 13 8 -7
L 14 6 6
D 11 7 2 12 13 14 8
L 17 10 -5
L 18 12 -1
L 19 10 5
D 16 11 2 17 18 19 8
L 21 14 -8
L 23 16 -10
L 24 18 -9
L 25 16 10
D 22 17 2 23 24 25 8
L 26 14 8
D 20 15 2 21 22 26 8
L 28 12 1
T 29
D 27 11 2 17 28 19 29
D 15 13 2 16 20 27 8
L 31 8 7
D 30 7 2 12 31 14 29
D 10 9 2 11 15 30 8
L 34 4 -2
D 33 3 2 5 34 7 29
D 32 1 2 3 33 9 29
D 1 5 2 2 10 32 8
L 38 20 -13
L 40 22 -15
L 41 24 -14
L 42 22 15
D 39 23 2 40 41 42 8
L 43 20 13
D 37 21 2 38 39 43 8
L 46 26 -16
L 47 28 -17
L 48 26 16
D 45 27 2 46 47 48 8
L 51 30 -11
L 52 32 -12
L 53 30 11
D 50 31 2 51 52 53 8
L 55 34 -18
L 57 36 -19
L 58 38 20
L 59 36 19
D 56 37 2 57 58 59 8
L 60 34 18
D 54 35 2 55 56 60 8
L 62 32 12
D 61 31 2 51 62 53 29
D 49 33 2 50 54 61 8
L 64 28 17
D 63 27 2 46 64 48 29
D 44 29 2 45 49 63 8
L 67 24 14
D 66 23 2 40 67 42 29
D 65 21 2 38 66 43 29
D 36 25 2 37 44 65 8
L 71 40 -23
L 73 42 -24
L 74 44 -22
L 75 42 24
D 72 43 2 73 74 75 8
L 76 40 23
D 70 41 2 71 72 76 8
L 79 46 -26
L 80 48 -27
L 81 46 26
D 78 47 2 79 80 81 8
L 84 50 -25
L 85 52 -21
L 86 50 25
D 83 51 2 84 85 86 8
L 88 54 -28
L 90 56 30
L 91 58 -29
L 92 56 -30
D 89 57 2 90 91 92 8
L 93 54 28
D 87 55 2 88 89 93 8
L 95 52 21
D 94 51 2 84 95 86 29
D 82 53 2 83 87 94 8
L 97 48 27
D 96 47 2 79 97 81 29
D 77 49 2 78 82 96 8
L 100 44 22
D 99 43 2 73 100 75 29
D 98 41 2 71 99 76 29
D 69 45 2 70 77 98 8
L 104 60 -33
L 105 62 -32
L 106 60 33
D 103 61 2 104 105 106 8
L 108 64 -31
L 110 66 -38
L 112 68 40
L 113 70 -39
L 114 68 -40
D 111 69 2 112 113 114 8
L 115 66 38
D 109 67 2 110 111 115 8
L 116 64 31
D 107 65 2 108 109 116 8
L 118 62 32
D 117 61 2 104 118 106 29
D 102 63 2 103 107 117 8
L 122 72 -34
L 123 74 -35
L 124 72 34
D 121 73 2 122 123 124 8
L 126 76 -37
L 127 78 -36
L 128 76 37
D 125 77 2 126 127 128 8
L 130 74 35
D 129 73 2 122 130 124 29
D 120 75 2 121 125 129 8
L 134 80 -46
L 135 82 -47
L 136 80 46
D 133 81 2 134 135 136 8
L 138 84 -48
L 140 86 -49
L 141 88 50
L 142 86 49
D 139 87 2 140 141 142 8
L 143 84 48
D 137 85 2 138 139 143 8
L 145 82 47
D 144 81 2 134 145 136 29
D 132 83 2 133 137 144 8
L 149 90 -41
L 150 92 -42
L 151 90 41
D 148 91 2 149 150 151 8
L 153 94 -43
L 155 96 -45
L 156 98 -44
L 157 96 45
D 154 97 2 155 156 157 8
L 158 94 43
D 152 95 2 153 154 158 8
L 160 92 42
D 159 91 2 149 160 151 29
D 147 93 2 148 152 159 8
L 163 100 -51
L 164 102 -52
L 165 100 51
D 162 101 2 163 164 165 8
L 168 104 -53
L 169 106 -54
L 170 104 53
D 167 105 2 168 169 170 8
L 172 108 -55
L 174 110 -56
L 176 112 -57
L 178 114 -58
L 180 116 -59
L 181 118 60
L 182 116 59
D 179 117 2 180 181 182 8
L 183 114 58
D 177 115 2 178 179 183 8
L 184 112 57
D 175 113 2 176 177 184 8
L 185 110 56
D 173 111 2 174 175 185 8
L 186 108 55
D 171 109 2 172 173 186 8
L 188 106 54
D 187 105 2 168 188 170 29
D 166 107 2 167 171 187 8
L 190 102 52
D 189 101 2 163 190 165 29
D 161 103 2 162 166 189 8
L 194 98 44
D 193 97 2 155 194 157 29
D 192 95 2 153 193 158 29
D 191 93 2 148 192 159 29
D 146 99 2 147 161 191 8
L 198 88 -50
D 197 87 2 140 198 142 29
D 196 85 2 138 197 143 29
D 195 83 2 133 196 144 29
D 131 89 2 132 146 195 8
L 201 78 36
D 200 77 2 126 201 128 29
D 199 75 2 121 200 129 29
D 119 79 2 120 131 199 8
L 206 70 39
D 205 69 2 112 206 114 29
D 204 67 2 110 205 115 29
D 203 65 2 108 204 116 29
D 202 63 2 103 203 117 29
D 101 71 2 102 119 202 8
L 212 58 29
D 211 57 2 90 212 92 29
D 210 55 2 88 211 93 29
D 209 53 2 83 210 94 29
D 208 49 2 78 209 96 29
D 207 45 2 70 208 98 29
D 68 59 2 69 101 207 8
L 218 38 -20
D 217 37 2 57 218 59 29
D 216 35 2 55 217 60 29
D 215 33 2 50 216 61 29
D 214 29 2 45 215 63 29
D 213 25 2 37 214 65 29
D 35 39 2 36 68 213 8
D 221 3 2 5 34 7 8
D 220 1 2 9 221 3 8
D 223 3 2 5 6 7 29
D 222 1 2 9 223 3 29
D 219 5 2 220 10 222 8
D 229 37 2 59 218 57 8
D 228 35 2 55 229 60 8
D 227 33 2 50 228 61 8
D 226 29 2 45 227 63 8
D 225 25 2 37 226 65 8
D 235 57 2 92 212 90 8
D 234 55 2 88 235 93 8
D 233 53 2 83 234 94 8
D 232 49 2 78 233 96 8
D 231 45 2 70 232 98 8
D 240 69 2 114 206 112 8
D 239 67 2 110 240 115 8
D 238 65 2 108 239 116 8
D 237 63 2 103 238 117 8
L 251 118 -60
D 250 117 2 182 251 180 8
D 249 115 2 178 250 183 8
D 248 113 2 176 249 184 8
D 247 111 2 174 248 185 8
D 246 109 2 172 247 186 8
D 245 107 2 167 246 187 8
D 244 103 2 162 245 189 8
D 243 99 2 147 244 191 8
D 254 87 2 142 198 140 8
D 253 85 2 138 254 143 8
D 252 83 2 133 253 144 8
D 257 87 2 140 198 142 141
D 256 85 2 138 257 143 29
D 255 83 2 133 256 144 29
D 242 89 3 132 243 252 146 255 8
D 241 79 2 120 242 199 8
D 261 69 2 114 113 112 206
D 260 67 2 110 261 115 29
D 259 65 2 108 260 116 29
D 258 63 2 103 259 117 29
D 236 71 3 237 119 102 241 258 8
D 266 57 2 92 91 90 212
D 265 55 2 88 266 93 29
D 264 53 2 83 265 94 29
D 263 49 2 78 264 96 29
D 262 45 2 70 263 98 29
D 230 59 3 231 101 69 236 262 8
D 271 37 2 57 218 59 58
D 270 35 2 55 271 60 29
D 269 33 2 50 270 61 29
D 268 29 2 45 269 63 29
D 267 25 2 37 268 65 29
D 224 39 3 225 68 36 230 267 8
D 274 3 2 7 34 5 8
D 273 1 2 3 274 9 8
D 276 3 2 7 6 5 29
D 275 1 2 3 276 9 29
D 272 5 2 273 10 275 8
D 282 37 2 57 218 59 8
D 281 35 2 60 282 55 8
D 280 33 2 50 281 61 8
D 279 29 2 45 280 63 8
D 278 25 2 37 279 65 8
D 288 57 2 92 91 90 8
D 287 55 2 93 288 88 8
D 286 53 2 83 287 94 8
D 285 49 2 78 286 96 8
D 284 45 2 70 285 98 8
D 293 69 2 114 113 112 8
D 292 67 2 115 293 110 8
D 291 65 2 108 292 116 8
D 290 63 2 103 291 117 8
D 303 117 2 180 251 182 8
D 302 115 2 183 303 178 8
D 301 113 2 176 302 184 8
D 300 111 2 174 301 185 8
D 299 109 2 172 300 186 8
D 298 107 2 167 299 187 8
D 297 103 2 162 298 189 8
D 296 99 2 147 297 191 8
D 306 87 2 140 198 142 8
D 305 85 2 143 306 138 8
D 304 83 2 133 305 144 8
D 309 87 2 140 141 142 29
D 308 85 2 138 257 143 309
D 307 83 2 133 308 144 29
D 295 89 4 132 296 252 243 304 146 307 8
D 294 79 2 120 295 199 8
D 313 69 2 114 206 112 29
D 312 67 2 110 261 115 313
D 311 65 2 108 312 116 29
D 310 63 2 103 311 117 29
D 289 71 4 290 119 102 294 237 241 310 8
D 318 57 2 92 212 90 29
D 317 55 2 93 318 88 266
D 316 53 2 83 317 94 29
D 315 49 2 78 316 96 29
D 314 45 2 70 315 98 29
D 283 59 4 284 101 231 236 69 289 314 8
D 323 37 2 57 58 59 29
D 322 35 2 60 323 55 271
D 321 33 2 50 322 61 29
D 320 29 2 45 321 63 29
D 319 25 2 37 320 65 29
D 277 39 4 278 68 225 230 36 283 319 8
D 325 1 2 3 221 9 8
D 328 11 2 19 18 17 8
D 329 11 2 19 28 17 29
D 327 13 2 328 20 329 8
D 326 9 2 11 327 30 8
D 330 1 2 3 223 9 29
D 324 5 2 325 326 330 8
D 334 27 2 46 64 48 8
D 336 35 2 55 282 60 8
D 335 33 2 50 336 61 8
D 337 27 2 46 47 48 29
D 333 29 2 334 335 337 8
D 332 25 2 37 333 65 8
D 341 47 2 79 97 81 8
D 343 55 2 88 288 93 8
D 342 53 2 83 343 94 8
D 344 47 2 79 80 81 29
D 340 49 2 341 342 344 8
D 339 45 2 70 340 98 8
D 354 115 2 178 303 183 8
D 353 113 2 184 354 176 8
D 352 111 2 174 353 185 8
D 351 109 2 172 352 186 8
D 350 107 2 167 351 187 8
D 349 103 2 162 350 189 8
D 348 99 2 147 349 191 8
D 356 81 2 134 145 136 8
D 357 85 2 138 306 143 8
D 358 81 2 134 135 136 29
D 355 83 2 356 357 358 8
D 360 85 2 138 309 143 29
D 359 83 3 133 308 356 360 136 29
D 347 89 5 132 348 252 296 304 243 355 146 359 8
D 346 79 2 120 347 199 8
D 363 67 2 110 293 115 8
D 362 65 2 108 363 116 8
D 361 63 2 103 362 117 8
D 366 77 2 128 127 126 8
D 365 75 2 121 366 129 8
D 368 77 2 128 201 126 29
D 367 75 2 121 368 129 29
D 364 79 2 365 131 367 8
D 372 69 2 112 206 114 8
D 371 67 2 110 372 115 313
D 370 65 2 108 371 116 29
D 369 63 2 103 370 117 29
D 345 71 5 102 346 237 294 290 241 361 364 369 8
D 376 55 2 88 318 93 29
D 375 53 2 83 376 94 29
D 374 49 3 78 316 341 375 81 29
D 373 45 2 70 374 98 29
D 338 59 5 339 101 284 236 231 289 69 345 373 8
D 380 35 2 55 323 60 29
D 379 33 2 50 380 61 29
D 378 29 3 45 321 334 379 48 29
D 377 25 2 37 378 65 29
D 331 39 5 332 68 278 230 225 283 36 338 377 8
D 383 7 2 14 13 12 8
D 384 7 2 14 31 12 29
D 382 9 2 383 15 384 8
D 381 5 2 325 382 330 8
D 388 27 2 48 47 46 8
D 389 27 2 48 64 46 29
D 387 29 2 388 335 389 8
D 386 25 2 37 387 65 8
D 393 47 2 81 80 79 8
D 394 47 2 81 97 79 29
D 392 49 2 393 342 394 8
D 391 45 2 70 392 98 8
D 403 113 2 176 354 184 8
D 402 111 2 185 403 174 8
D 401 109 2 172 402 186 8
D 400 107 2 167 401 187 8
D 399 103 2 162 400 189 8
D 398 99 2 147 399 191 8
D 405 81 2 136 135 134 8
D 406 81 2 136 145 134 29
D 404 83 2 405 357 406 8
D 408 81 2 136 135 134 145
D 409 81 2 136 145 134 8
D 407 83 3 133 308 408 360 409 29
D 397 89 6 132 398 252 348 304 296 355 243 404 146 407 8
D 396 79 2 120 397 199 8
D 412 77 2 126 201 128 8
D 411 75 2 121 412 129 8
D 414 77 2 126 127 128 201
D 413 75 2 121 414 129 29
D 410 79 3 411 131 365 242 413 8
D 395 71 5 102 396 361 410 237 346 290 294 369 8
D 417 47 2 81 80 79 97
D 418 47 2 81 97 79 8
D 416 49 3 78 316 417 375 418 29
D 415 45 2 70 416 98 29
D 390 59 6 391 101 339 236 284 289 231 345 69 395 415 8
D 421 27 2 48 47 46 64
D 422 27 2 48 64 46 8
D 420 29 3 45 321 421 379 422 29
D 419 25 2 37 420 65 29
D 385 39 6 386 68 332 230 278 283 225 338 36 390 419 8
D 425 7 2 12 31 14 8
D 426 7 2 12 13 14 29
D 424 9 2 425 15 426 8
D 423 5 2 325 424 330 8
D 430 23 2 42 41 40 8
D 429 21 2 38 430 43 8
D 431 29 2 45 335 63 8
D 433 23 2 42 67 40 29
D 432 21 2 38 433 43 29
D 428 25 2 429 431 432 8
D 438 51 2 86 85 84 8
D 439 51 2 86 95 84 29
D 437 53 2 438 343 439 8
D 436 49 2 78 437 96 8
D 435 45 2 70 436 98 8
D 447 111 2 174 403 185 8
D 446 109 2 186 447 172 8
D 445 107 2 167 446 187 8
D 444 103 2 162 445 189 8
D 443 99 2 147 444 191 8
D 448 83 2 133 357 144 8
D 452 97 2 157 156 155 8
D 451 95 2 153 452 158 8
D 450 93 2 148 451 159 8
D 455 97 2 157 194 155 29
D 454 95 2 153 455 158 29
D 453 93 2 148 454 159 29
D 449 99 2 450 161 453 8
D 458 87 2 142 141 140 8
D 457 85 2 138 458 143 309
D 456 83 3 133 457 408 360 409 29
D 442 89 7 132 443 448 449 252 398 304 348 355 296 404 243 456 8
D 441 79 2 120 442 199 8
D 461 73 2 122 130 124 8
D 462 73 2 122 123 124 29
D 460 75 2 461 125 462 8
D 463 75 3 121 414 461 200 124 29
D 459 79 4 460 131 411 242 365 295 463 8
D 440 71 5 102 441 361 459 237 396 290 346 369 8
D 466 53 3 438 376 83 317 95 29
D 465 49 3 78 466 417 375 418 29
D 464 45 2 70 465 98 29
D 434 59 7 435 101 391 236 339 289 284 345 231 395 69 440 464 8
D 468 29 2 45 379 63 29
D 469 21 2 38 67 43 29
D 467 25 3 37 420 429 468 469 29
D 427 39 7 428 68 386 230 332 283 278 338 225 390 36 434 467 8
D 473 15 2 26 22 21 8
D 472 13 2 16 473 27 8
D 471 9 2 11 472 30 8
D 470 5 2 325 471 330 8
D 477 23 2 40 67 42 8
D 476 21 2 38 477 43 8
D 479 23 2 40 41 42 29
D 478 21 2 38 479 43 29
D 475 25 2 476 431 478 8
D 483 43 2 75 74 73 8
D 482 41 2 71 483 76 8
D 484 49 2 78 342 96 8
D 486 43 2 75 100 73 29
D 485 41 2 71 486 76 29
D 481 45 2 482 484 485 8
D 493 105 2 168 188 170 8
D 494 109 2 172 447 186 8
D 495 105 2 168 169 170 29
D 492 107 2 493 494 495 8
D 491 103 2 162 492 189 8
D 490 99 2 147 491 191 8
D 499 97 2 155 194 157 8
D 498 95 2 153 499 158 8
D 497 93 2 148 498 159 8
D 502 97 2 155 156 157 194
D 501 95 2 153 502 158 29
D 500 93 2 148 501 159 29
D 496 99 3 497 161 450 244 500 8
D 489 89 7 132 490 448 496 252 443 304 398 355 348 404 296 456 8
D 488 79 2 120 489 199 8
D 505 73 2 124 123 122 8
D 506 73 2 124 130 122 29
D 504 75 2 505 125 506 8
D 508 73 2 124 123 122 130
D 509 73 2 124 130 122 8
D 507 75 3 121 414 508 200 509 29
D 503 79 5 504 131 460 242 411 295 365 347 507 8
D 487 71 5 102 488 361 503 237 441 290 396 369 8
D 511 49 2 78 375 96 29
D 512 41 2 71 100 76 29
D 510 45 3 70 465 482 511 512 29
D 480 59 8 481 101 435 236 391 289 339 345 284 395 231 440 69 487 510 8
D 515 23 2 42 41 40 67
D 514 21 2 38 515 43 8
D 517 23 2 42 67 40 8
D 516 21 2 38 517 43 29
D 513 25 3 37 420 514 468 516 29
D 474 39 8 475 68 428 230 386 283 332 338 278 390 225 434 36 480 513 8
L 523 18 9
D 522 17 2 23 523 25 8
D 521 15 2 21 522 26 8
D 520 13 2 16 521 27 8
D 519 9 2 11 520 30 8
D 518 5 2 325 519 330 8
D 526 21 2 43 39 38 8
D 527 21 2 43 66 38 29
D 525 25 2 526 431 527 8
D 530 41 2 76 72 71 8
D 531 41 2 76 99 71 29
D 529 45 2 530 484 531 8
D 538 105 2 170 169 168 8
D 539 105 2 170 188 168 29
D 537 107 2 538 494 539 8
D 536 103 2 162 537 189 8
D 535 99 2 147 536 191 8
D 542 95 2 158 154 153 8
D 541 93 2 148 542 159 8
D 544 95 2 153 502 158 193
D 543 93 2 148 544 159 29
D 540 99 4 541 161 497 244 450 297 543 8
D 534 89 7 132 535 448 540 252 490 304 443 355 398 404 348 456 8
D 533 79 2 120 534 199 8
D 546 61 2 106 105 104 8
D 547 61 2 106 118 104 29
D 545 63 2 546 362 547 8
D 548 79 5 504 242 460 295 365 397 411 347 507 8
D 551 67 2 110 313 115 29
D 550 65 2 108 551 116 29
D 549 63 3 103 370 546 550 118 29
D 532 71 6 102 533 545 119 361 548 237 488 290 441 549 8
D 553 41 2 71 483 76 72
D 554 41 2 76 99 71 100
D 552 45 3 70 465 553 511 554 29
D 528 59 9 529 101 481 236 435 289 391 345 339 395 284 440 231 487 69 532 552 8
D 556 21 2 38 515 43 39
D 557 21 2 38 517 43 66
D 555 25 3 37 420 556 468 557 29
D 524 39 9 525 68 475 230 428 283 386 338 332 390 278 434 225 480 36 528 555 8
D 562 17 2 25 24 23 8
D 561 15 2 21 562 26 8
D 560 13 2 16 561 27 8
D 559 9 2 11 560 30 8
D 558 5 2 325 559 330 8
D 567 31 2 51 62 53 8
D 568 31 2 51 52 53 29
D 566 33 2 567 336 568 8
D 565 29 2 45 566 63 8
D 564 25 2 37 565 65 8
D 572 43 2 73 100 75 8
D 571 41 2 71 572 76 8
D 574 43 2 73 74 75 29
D 573 41 2 71 574 76 29
D 570 45 2 571 484 573 8
D 580 91 2 149 160 151 8
D 581 91 2 149 150 151 29
D 579 93 2 580 152 581 8
D 582 93 3 148 544 580 192 151 29
D 578 99 5 579 161 541 244 497 297 450 349 582 8
D 585 101 2 163 190 165 8
D 586 107 2 167 494 187 8
D 587 101 2 163 164 165 29
D 584 103 2 585 586 587 8
D 583 99 2 147 584 191 8
D 577 89 7 448 578 252 535 132 583 304 490 355 443 404 398 456 8
D 576 79 2 120 577 199 8
D 588 79 5 504 295 365 442 411 397 460 347 507 8
D 590 61 2 104 118 106 8
D 591 61 2 104 105 106 29
D 589 63 2 590 362 591 8
D 593 61 2 106 105 104 118
D 594 61 2 106 118 104 8
D 592 63 3 103 370 593 550 594 29
D 575 71 7 102 576 361 588 237 533 589 119 290 488 545 241 592 8
D 597 43 2 75 74 73 100
D 596 41 2 71 597 76 72
D 599 43 2 75 100 73 8
D 598 41 2 71 599 76 99
D 595 45 3 70 465 596 511 598 29
D 569 59 10 570 101 529 236 481 289 435 345 391 395 339 440 284 487 231 532 69 575 595 8
D 602 33 3 567 380 50 322 53 29
D 601 29 3 45 602 421 379 422 29
D 600 25 3 37 601 556 468 557 29
D 563 39 10 564 68 525 230 475 283 428 338 386 390 332 434 278 480 225 528 36 569 600 8
D 605 3 2 7 34 5 6
D 604 1 2 3 605 9 221
D 609 17 2 23 523 25 29
D 608 15 2 21 609 26 29
D 607 13 2 16 608 27 29
D 606 9 2 11 607 30 29
D 613 17 2 23 24 25 523
D 612 15 2 21 613 26 609
D 611 13 3 16 612 328 608 28 29
D 614 7 2 14 13 12 31
D 615 7 2 14 31 12 8
D 610 9 3 11 611 614 607 615 29
D 617 3 2 7 6 5 8
D 616 1 2 3 617 9 223
D 603 5 3 604 606 325 610 616 29
D 0 19 10 1 35 219 224 272 277 324 331 381 385 423 427 470 474 518 524 558 563 603 8
