c ids of sdd nodes start at 0
c sdd nodes appear bottom-up, children before parents
c
c file syntax:
c sdd count-of-sdd-nodes
c F id-of-false-sdd-node
c T id-of-true-sdd-node
c L id-of-literal-sdd-node id-of-vtree literal
c D id-of-decomposition-sdd-node id-of-vtree number-of-elements {id-of-prime id-of-sub}*
c
sdd 571
L 3 0 3
L 5 2 -4
L 6 4 -2
L 7 2 4
F 8
D 4 3 2 5 6 7 8
L 9 0 -3
D 2 1 2 3 4 9 8
L 12 6 -6
L 13 8 -7
L 14 6 6
D 11 7 2 12 13 14 8
L 17 10 -5
L 18 12 -1
L 19 10 5
D 16 11 2 17 18 19 8
L 21 14 -8
L 23 16 -10
L 24 18 -9
L 25 16 10
D 22 17 2 23 24 25 8
L 26 14 8
D 20 15 2 21 22 26 8
L 28 12 1
T 29
D 27 11 2 17 28 19 29
D 15 13 2 16 20 27 8
L 31 8 7
D 30 7 2 12 31 14 29
D 10 9 2 11 15 30 8
L 34 4 2
D 33 3 2 5 34 7 29
D 32 1 2 3 33 9 29
D 1 5 2 2 10 32 8
L 38 20 -13
L 40 22 -15
L 41 24 -14
L 42 22 15
D 39 23 2 40 41 42 8
L 43 20 13
D 37 21 2 38 39 43 8
L 46 26 -16
L 47 28 -17
L 48 26 16
D 45 27 2 46 47 48 8
L 51 30 -11
L 52 32 -12
L 53 30 11
D 50 31 2 51 52 53 8
L 55 34 -18
L 57 36 -19
L 58 38 20
L 59 36 19
D 56 37 2 57 58 59 8
L 60 34 18
D 54 35 2 55 56 60 8
L 62 32 12
D 61 31 2 51 62 53 29
D 49 33 2 50 54 61 8
L 64 28 17
D 63 27 2 46 64 48 29
D 44 29 2 45 49 63 8
L 67 24 14
D 66 23 2 40 67 42 29
D 65 21 2 38 66 43 29
D 36 25 2 37 44 65 8
L 71 40 -23
L 73 42 -24
L 74 44 -22
L 75 42 24
D 72 43 2 73 74 75 8
L 76 40 23
D 70 41 2 71 72 76 8
L 79 46 -26
L 80 48 -27
L 81 46 26
D 78 47 2 79 80 81 8
L 84 50 -25
L 85 52 -21
L 86 50 25
D 83 51 2 84 85 86 8
L 88 54 -28
L 90 56 30
L 91 58 -29
L 92 56 -30
D 89 57 2 90 91 92 8
L 93 54 28
D 87 55 2 88 89 93 8
L 95 52 21
D 94 51 2 84 95 86 29
D 82 53 2 83 87 94 8
L 97 48 27
D 96 47 2 79 97 81 29
D 77 49 2 78 82 96 8
L 100 44 22
D 99 43 2 73 100 75 29
D 98 41 2 71 99 76 29
D 69 45 2 70 77 98 8
L 104 60 -33
L 105 62 -32
L 106 60 33
D 103 61 2 104 105 106 8
L 108 64 -31
L 110 66 -38
L 112 68 40
L 113 70 -39
L 114 68 -40
D 111 69 2 112 113 114 8
L 115 66 38
D 109 67 2 110 111 115 8
L 116 64 31
D 107 65 2 108 109 116 8
L 118 62 32
D 117 61 2 104 118 106 29
D 102 63 2 103 107 117 8
L 122 72 -34
L 123 74 -35
L 124 72 34
D 121 73 2 122 123 124 8
L 126 76 -37
L 127 78 -36
L 128 76 37
D 125 77 2 126 127 128 8
L 130 74 35
D 129 73 2 122 130 124 29
D 120 75 2 121 125 129 8
L 134 80 -46
L 135 82 -47
L 136 80 46
D 133 81 2 134 135 136 8
L 138 84 -48
L 140 86 -49
L 141 88 50
L 142 86 49
D 139 87 2 140 141 142 8
L 143 84 48
D 137 85 2 138 139 143 8
L 145 82 47
D 144 81 2 134 145 136 29
D 132 83 2 133 137 144 8
L 149 90 -41
L 150 92 -42
L 151 90 41
D 148 91 2 149 150 151 8
L 153 94 -43
L 155 96 -45
L 156 98 -44
L 157 96 45
D 154 97 2 155 156 157 8
L 158 94 43
D 152 95 2 153 154 158 8
L 160 92 42
D 159 91 2 149 160 151 29
D 147 93 2 148 152 159 8
L 163 100 -51
L 164 102 -52
L 165 100 51
D 162 101 2 163 164 165 8
L 168 104 -53
L 169 106 -54
L 170 104 53
D 167 105 2 168 169 170 8
L 172 108 -55
L 174 110 -56
L 176 112 -57
L 178 114 -58
L 180 116 -59
L 181 118 60
L 182 116 59
D 179 117 2 180 181 182 8
L 183 114 58
D 177 115 2 178 179 183 8
L 184 112 57
D 175 113 2 176 177 184 8
L 185 110 56
D 173 111 2 174 175 185 8
L 186 108 55
D 171 109 2 172 173 186 8
L 188 106 54
D 187 105 2 168 188 170 29
D 166 107 2 167 171 187 8
L 190 102 52
D 189 101 2 163 190 165 29
D 161 103 2 162 166 189 8
L 194 98 44
D 193 97 2 155 194 157 29
D 192 95 2 153 193 158 29
D 191 93 2 148 192 159 29
D 146 99 2 147 161 191 8
L 198 88 -50
D 197 87 2 140 198 142 29
D 196 85 2 138 197 143 29
D 195 83 2 133 196 144 29
D 131 89 2 132 146 195 8
L 201 78 36
D 200 77 2 126 201 128 29
D 199 75 2 121 200 129 29
D 119 79 2 120 131 199 8
L 206 70 39
D 205 69 2 112 206 114 29
D 204 67 2 110 205 115 29
D 203 65 2 108 204 116 29
D 202 63 2 103 203 117 29
D 101 71 2 102 119 202 8
L 212 58 29
D 211 57 2 90 212 92 29
D 210 55 2 88 211 93 29
D 209 53 2 83 210 94 29
D 208 49 2 78 209 96 29
D 207 45 2 70 208 98 29
D 68 59 2 69 101 207 8
L 218 38 -20
D 217 37 2 57 218 59 29
D 216 35 2 55 217 60 29
D 215 33 2 50 216 61 29
D 214 29 2 45 215 63 29
D 213 25 2 37 214 65 29
D 35 39 2 36 68 213 8
D 221 3 2 7 6 5 8
D 220 1 2 9 221 3 8
D 223 3 2 7 34 5 29
D 222 1 2 9 223 3 29
D 219 5 2 220 10 222 8
D 229 37 2 59 218 57 8
D 228 35 2 55 229 60 8
D 227 33 2 50 228 61 8
D 226 29 2 45 227 63 8
D 225 25 2 37 226 65 8
D 235 57 2 92 212 90 8
D 234 55 2 88 235 93 8
D 233 53 2 83 234 94 8
D 232 49 2 78 233 96 8
D 231 45 2 70 232 98 8
D 240 69 2 114 206 112 8
D 239 67 2 110 240 115 8
D 238 65 2 108 239 116 8
D 237 63 2 103 238 117 8
L 251 118 -60
D 250 117 2 182 251 180 8
D 249 115 2 178 250 183 8
D 248 113 2 176 249 184 8
D 247 111 2 174 248 185 8
D 246 109 2 172 247 186 8
D 245 107 2 167 246 187 8
D 244 103 2 162 245 189 8
D 243 99 2 147 244 191 8
D 254 87 2 142 198 140 8
D 253 85 2 138 254 143 8
D 252 83 2 133 253 144 8
D 257 87 2 140 198 142 141
D 256 85 2 138 257 143 29
D 255 83 2 133 256 144 29
D 242 89 3 132 243 252 146 255 8
D 241 79 2 120 242 199 8
D 261 69 2 114 113 112 206
D 260 67 2 110 261 115 29
D 259 65 2 108 260 116 29
D 258 63 2 103 259 117 29
D 236 71 3 237 119 102 241 258 8
D 266 57 2 92 91 90 212
D 265 55 2 88 266 93 29
D 264 53 2 83 265 94 29
D 263 49 2 78 264 96 29
D 262 45 2 70 263 98 29
D 230 59 3 231 101 69 236 262 8
D 271 37 2 57 218 59 58
D 270 35 2 55 271 60 29
D 269 33 2 50 270 61 29
D 268 29 2 45 269 63 29
D 267 25 2 37 268 65 29
D 224 39 3 225 68 36 230 267 8
D 273 1 2 9 4 3 8
D 276 11 2 19 18 17 8
D 277 11 2 19 28 17 29
D 275 13 2 276 20 277 8
D 274 9 2 11 275 30 8
D 278 1 2 9 33 3 29
D 272 5 2 273 274 278 8
D 284 37 2 57 218 59 8
D 283 35 2 60 284 55 8
D 282 33 2 50 283 61 8
D 281 29 2 45 282 63 8
D 280 25 2 37 281 65 8
D 290 57 2 92 91 90 8
D 289 55 2 93 290 88 8
D 288 53 2 83 289 94 8
D 287 49 2 78 288 96 8
D 286 45 2 70 287 98 8
D 295 69 2 114 113 112 8
D 294 67 2 115 295 110 8
D 293 65 2 108 294 116 8
D 292 63 2 103 293 117 8
D 305 117 2 180 251 182 8
D 304 115 2 183 305 178 8
D 303 113 2 176 304 184 8
D 302 111 2 174 303 185 8
D 301 109 2 172 302 186 8
D 300 107 2 167 301 187 8
D 299 103 2 162 300 189 8
D 298 99 2 147 299 191 8
D 308 87 2 140 198 142 8
D 307 85 2 143 308 138 8
D 306 83 2 133 307 144 8
D 311 87 2 140 141 142 29
D 310 85 2 138 257 143 311
D 309 83 2 133 310 144 29
D 297 89 4 132 298 252 243 306 146 309 8
D 296 79 2 120 297 199 8
D 315 69 2 114 206 112 29
D 314 67 2 110 261 115 315
D 313 65 2 108 314 116 29
D 312 63 2 103 313 117 29
D 291 71 4 292 119 102 296 237 241 312 8
D 320 57 2 92 212 90 29
D 319 55 2 93 320 88 266
D 318 53 2 83 319 94 29
D 317 49 2 78 318 96 29
D 316 45 2 70 317 98 29
D 285 59 4 286 101 231 236 69 291 316 8
D 325 37 2 57 58 59 29
D 324 35 2 60 325 55 271
D 323 33 2 50 324 61 29
D 322 29 2 45 323 63 29
D 321 25 2 37 322 65 29
D 279 39 4 280 68 225 230 36 285 321 8
D 328 7 2 14 13 12 8
D 329 7 2 14 31 12 29
D 327 9 2 328 15 329 8
D 326 5 2 273 327 278 8
D 333 27 2 46 64 48 8
D 335 35 2 55 284 60 8
D 334 33 2 50 335 61 8
D 336 27 2 46 47 48 29
D 332 29 2 333 334 336 8
D 331 25 2 37 332 65 8
D 340 47 2 79 97 81 8
D 342 55 2 88 290 93 8
D 341 53 2 83 342 94 8
D 343 47 2 79 80 81 29
D 339 49 2 340 341 343 8
D 338 45 2 70 339 98 8
D 353 115 2 178 305 183 8
D 352 113 2 184 353 176 8
D 351 111 2 174 352 185 8
D 350 109 2 172 351 186 8
D 349 107 2 167 350 187 8
D 348 103 2 162 349 189 8
D 347 99 2 147 348 191 8
D 355 81 2 134 145 136 8
D 356 85 2 138 308 143 8
D 357 81 2 134 135 136 29
D 354 83 2 355 356 357 8
D 359 85 2 138 311 143 29
D 358 83 3 133 310 355 359 136 29
D 346 89 5 132 347 252 298 306 243 354 146 358 8
D 345 79 2 120 346 199 8
D 362 67 2 110 295 115 8
D 361 65 2 108 362 116 8
D 360 63 2 103 361 117 8
D 365 77 2 128 127 126 8
D 364 75 2 121 365 129 8
D 367 77 2 128 201 126 29
D 366 75 2 121 367 129 29
D 363 79 2 364 131 366 8
D 371 69 2 112 206 114 8
D 370 67 2 110 371 115 315
D 369 65 2 108 370 116 29
D 368 63 2 103 369 117 29
D 344 71 5 102 345 237 296 292 241 360 363 368 8
D 375 55 2 88 320 93 29
D 374 53 2 83 375 94 29
D 373 49 3 78 318 340 374 81 29
D 372 45 2 70 373 98 29
D 337 59 5 338 101 286 236 231 291 69 344 372 8
D 379 35 2 55 325 60 29
D 378 33 2 50 379 61 29
D 377 29 3 45 323 333 378 48 29
D 376 25 2 37 377 65 29
D 330 39 5 331 68 280 230 225 285 36 337 376 8
D 382 7 2 12 31 14 8
D 383 7 2 12 13 14 29
D 381 9 2 382 15 383 8
D 380 5 2 273 381 278 8
D 387 27 2 48 47 46 8
D 388 27 2 48 64 46 29
D 386 29 2 387 334 388 8
D 385 25 2 37 386 65 8
D 392 47 2 81 80 79 8
D 393 47 2 81 97 79 29
D 391 49 2 392 341 393 8
D 390 45 2 70 391 98 8
D 402 113 2 176 353 184 8
D 401 111 2 185 402 174 8
D 400 109 2 172 401 186 8
D 399 107 2 167 400 187 8
D 398 103 2 162 399 189 8
D 397 99 2 147 398 191 8
D 404 81 2 136 135 134 8
D 405 81 2 136 145 134 29
D 403 83 2 404 356 405 8
D 407 81 2 136 135 134 145
D 408 81 2 136 145 134 8
D 406 83 3 133 310 407 359 408 29
D 396 89 6 132 397 252 347 306 298 354 243 403 146 406 8
D 395 79 2 120 396 199 8
D 411 77 2 126 201 128 8
D 410 75 2 121 411 129 8
D 413 77 2 126 127 128 201
D 412 75 2 121 413 129 29
D 409 79 3 410 131 364 242 412 8
D 394 71 5 102 395 360 409 237 345 292 296 368 8
D 416 47 2 81 80 79 97
D 417 47 2 81 97 79 8
D 415 49 3 78 318 416 374 417 29
D 414 45 2 70 415 98 29
D 389 59 6 390 101 338 236 286 291 231 344 69 394 414 8
D 420 27 2 48 47 46 64
D 421 27 2 48 64 46 8
D 419 29 3 45 323 420 378 421 29
D 418 25 2 37 419 65 29
D 384 39 6 385 68 331 230 280 285 225 337 36 389 418 8
D 425 15 2 26 22 21 8
D 424 13 2 16 425 27 8
D 423 9 2 11 424 30 8
D 422 5 2 273 423 278 8
D 429 23 2 42 41 40 8
D 428 21 2 38 429 43 8
D 430 29 2 45 334 63 8
D 432 23 2 42 67 40 29
D 431 21 2 38 432 43 29
D 427 25 2 428 430 431 8
D 437 51 2 86 85 84 8
D 438 51 2 86 95 84 29
D 436 53 2 437 342 438 8
D 435 49 2 78 436 96 8
D 434 45 2 70 435 98 8
D 446 111 2 174 402 185 8
D 445 109 2 186 446 172 8
D 444 107 2 167 445 187 8
D 443 103 2 162 444 189 8
D 442 99 2 147 443 191 8
D 447 83 2 133 356 144 8
D 451 97 2 157 156 155 8
D 450 95 2 153 451 158 8
D 449 93 2 148 450 159 8
D 454 97 2 157 194 155 29
D 453 95 2 153 454 158 29
D 452 93 2 148 453 159 29
D 448 99 2 449 161 452 8
D 457 87 2 142 141 140 8
D 456 85 2 138 457 143 311
D 455 83 3 133 456 407 359 408 29
D 441 89 7 132 442 447 448 252 397 306 347 354 298 403 243 455 8
D 440 79 2 120 441 199 8
D 460 73 2 122 130 124 8
D 461 73 2 122 123 124 29
D 459 75 2 460 125 461 8
D 462 75 3 121 413 460 200 124 29
D 458 79 4 459 131 410 242 364 297 462 8
D 439 71 5 102 440 360 458 237 395 292 345 368 8
D 465 53 3 437 375 83 319 95 29
D 464 49 3 78 465 416 374 417 29
D 463 45 2 70 464 98 29
D 433 59 7 434 101 390 236 338 291 286 344 231 394 69 439 463 8
D 467 29 2 45 378 63 29
D 468 21 2 38 67 43 29
D 466 25 3 37 419 428 467 468 29
D 426 39 7 427 68 385 230 331 285 280 337 225 389 36 433 466 8
L 474 18 9
D 473 17 2 23 474 25 8
D 472 15 2 21 473 26 8
D 471 13 2 16 472 27 8
D 470 9 2 11 471 30 8
D 469 5 2 273 470 278 8
D 478 23 2 40 67 42 8
D 477 21 2 38 478 43 8
D 480 23 2 40 41 42 29
D 479 21 2 38 480 43 29
D 476 25 2 477 430 479 8
D 484 43 2 75 74 73 8
D 483 41 2 71 484 76 8
D 485 49 2 78 341 96 8
D 487 43 2 75 100 73 29
D 486 41 2 71 487 76 29
D 482 45 2 483 485 486 8
D 494 105 2 168 188 170 8
D 495 109 2 172 446 186 8
D 496 105 2 168 169 170 29
D 493 107 2 494 495 496 8
D 492 103 2 162 493 189 8
D 491 99 2 147 492 191 8
D 500 97 2 155 194 157 8
D 499 95 2 153 500 158 8
D 498 93 2 148 499 159 8
D 503 97 2 155 156 157 194
D 502 95 2 153 503 158 29
D 501 93 2 148 502 159 29
D 497 99 3 498 161 449 244 501 8
D 490 89 7 132 491 447 497 252 442 306 397 354 347 403 298 455 8
D 489 79 2 120 490 199 8
D 506 73 2 124 123 122 8
D 507 73 2 124 130 122 29
D 505 75 2 506 125 507 8
D 509 73 2 124 123 122 130
D 510 73 2 124 130 122 8
D 508 75 3 121 413 509 200 510 29
D 504 79 5 505 131 459 242 410 297 364 346 508 8
D 488 71 5 102 489 360 504 237 440 292 395 368 8
D 512 49 2 78 374 96 29
D 513 41 2 71 100 76 29
D 511 45 3 70 464 483 512 513 29
D 481 59 8 482 101 434 236 390 291 338 344 286 394 231 439 69 488 511 8
D 516 23 2 42 41 40 67
D 515 21 2 38 516 43 8
D 518 23 2 42 67 40 8
D 517 21 2 38 518 43 29
D 514 25 3 37 419 515 467 517 29
D 475 39 8 476 68 427 230 385 285 331 337 280 389 225 433 36 481 514 8
D 523 17 2 25 24 23 8
D 522 15 2 21 523 26 8
D 521 13 2 16 522 27 8
D 520 9 2 11 521 30 8
D 519 5 2 273 520 278 8
D 526 21 2 43 39 38 8
D 527 21 2 43 66 38 29
D 525 25 2 526 430 527 8
D 530 41 2 76 72 71 8
D 531 41 2 76 99 71 29
D 529 45 2 530 485 531 8
D 538 105 2 170 169 168 8
D 539 105 2 170 188 168 29
D 537 107 2 538 495 539 8
D 536 103 2 162 537 189 8
D 535 99 2 147 536 191 8
D 542 95 2 158 154 153 8
D 541 93 2 148 542 159 8
D 544 95 2 153 503 158 193
D 543 93 2 148 544 159 29
D 540 99 4 541 161 498 244 449 299 543 8
D 534 89 7 132 535 447 540 252 491 306 442 354 397 403 347 455 8
D 533 79 2 120 534 199 8
D 546 61 2 106 105 104 8
D 547 61 2 106 118 104 29
D 545 63 2 546 361 547 8
D 548 79 5 505 242 459 297 364 396 410 346 508 8
D 551 67 2 110 315 115 29
D 550 65 2 108 551 116 29
D 549 63 3 103 369 546 550 118 29
D 532 71 6 102 533 545 119 360 548 237 489 292 440 549 8
D 553 41 2 71 484 76 72
D 554 41 2 76 99 71 100
D 552 45 3 70 464 553 512 554 29
D 528 59 9 529 101 482 236 434 291 390 344 338 394 286 439 231 488 69 532 552 8
D 556 21 2 38 516 43 39
D 557 21 2 38 518 43 66
D 555 25 3 37 419 556 467 557 29
D 524 39 9 525 68 476 230 427 285 385 337 331 389 280 433 225 481 36 528 555 8
D 559 1 2 9 221 3 4
D 563 17 2 23 474 25 29
D 562 15 2 21 563 26 29
D 561 13 2 16 562 27 29
D 560 9 2 11 561 30 29
D 567 17 2 23 24 25 474
D 566 15 2 21 567 26 563
D 565 13 3 16 566 276 562 28 29
D 568 7 2 14 13 12 31
D 569 7 2 14 31 12 8
D 564 9 3 11 565 568 561 569 29
D 570 1 2 3 33 9 34
D 558 5 3 559 560 273 564 570 29
D 0 19 9 1 35 219 224 272 279 326 330 380 384 422 426 469 475 519 524 558 8
