c ids of sdd nodes start at 0
c sdd nodes appear bottom-up, children before parents
c
c file syntax:
c sdd count-of-sdd-nodes
c F id-of-false-sdd-node
c T id-of-true-sdd-node
c L id-of-literal-sdd-node id-of-vtree literal
c D id-of-decomposition-sdd-node id-of-vtree number-of-elements {id-of-prime id-of-sub}*
c
sdd 533
L 3 0 -3
L 5 2 4
L 6 4 -2
L 7 2 -4
F 8
D 4 3 2 5 6 7 8
L 9 0 3
D 2 1 2 3 4 9 8
L 12 6 -6
L 13 8 -7
L 14 6 6
D 11 7 2 12 13 14 8
L 17 10 -5
L 18 12 -1
L 19 10 5
D 16 11 2 17 18 19 8
L 21 14 -8
L 23 16 -10
L 24 18 -9
L 25 16 10
D 22 17 2 23 24 25 8
L 26 14 8
D 20 15 2 21 22 26 8
L 28 12 1
T 29
D 27 11 2 17 28 19 29
D 15 13 2 16 20 27 8
L 31 8 7
D 30 7 2 12 31 14 29
D 10 9 2 11 15 30 8
L 34 4 2
D 33 3 2 5 34 7 29
D 32 1 2 3 33 9 29
D 1 5 2 2 10 32 8
L 38 20 -13
L 40 22 -15
L 41 24 -14
L 42 22 15
D 39 23 2 40 41 42 8
L 43 20 13
D 37 21 2 38 39 43 8
L 46 26 -16
L 47 28 -17
L 48 26 16
D 45 27 2 46 47 48 8
L 51 30 -11
L 52 32 -12
L 53 30 11
D 50 31 2 51 52 53 8
L 55 34 -18
L 57 36 -19
L 58 38 20
L 59 36 19
D 56 37 2 57 58 59 8
L 60 34 18
D 54 35 2 55 56 60 8
L 62 32 12
D 61 31 2 51 62 53 29
D 49 33 2 50 54 61 8
L 64 28 17
D 63 27 2 46 64 48 29
D 44 29 2 45 49 63 8
L 67 24 14
D 66 23 2 40 67 42 29
D 65 21 2 38 66 43 29
D 36 25 2 37 44 65 8
L 71 40 -23
L 73 42 -24
L 74 44 -22
L 75 42 24
D 72 43 2 73 74 75 8
L 76 40 23
D 70 41 2 71 72 76 8
L 79 46 -26
L 80 48 -27
L 81 46 26
D 78 47 2 79 80 81 8
L 84 50 -25
L 85 52 -21
L 86 50 25
D 83 51 2 84 85 86 8
L 88 54 -28
L 90 56 30
L 91 58 -29
L 92 56 -30
D 89 57 2 90 91 92 8
L 93 54 28
D 87 55 2 88 89 93 8
L 95 52 21
D 94 51 2 84 95 86 29
D 82 53 2 83 87 94 8
L 97 48 27
D 96 47 2 79 97 81 29
D 77 49 2 78 82 96 8
L 100 44 22
D 99 43 2 73 100 75 29
D 98 41 2 71 99 76 29
D 69 45 2 70 77 98 8
L 104 60 -33
L 105 62 -32
L 106 60 33
D 103 61 2 104 105 106 8
L 108 64 -31
L 110 66 -38
L 112 68 40
L 113 70 -39
L 114 68 -40
D 111 69 2 112 113 114 8
L 115 66 38
D 109 67 2 110 111 115 8
L 116 64 31
D 107 65 2 108 109 116 8
L 118 62 32
D 117 61 2 104 118 106 29
D 102 63 2 103 107 117 8
L 122 72 -34
L 123 74 -35
L 124 72 34
D 121 73 2 122 123 124 8
L 126 76 -37
L 127 78 -36
L 128 76 37
D 125 77 2 126 127 128 8
L 130 74 35
D 129 73 2 122 130 124 29
D 120 75 2 121 125 129 8
L 134 80 -46
L 135 82 -47
L 136 80 46
D 133 81 2 134 135 136 8
L 138 84 -48
L 140 86 -49
L 141 88 50
L 142 86 49
D 139 87 2 140 141 142 8
L 143 84 48
D 137 85 2 138 139 143 8
L 145 82 47
D 144 81 2 134 145 136 29
D 132 83 2 133 137 144 8
L 149 90 -41
L 150 92 -42
L 151 90 41
D 148 91 2 149 150 151 8
L 153 94 -43
L 155 96 -45
L 156 98 -44
L 157 96 45
D 154 97 2 155 156 157 8
L 158 94 43
D 152 95 2 153 154 158 8
L 160 92 42
D 159 91 2 149 160 151 29
D 147 93 2 148 152 159 8
L 163 100 -51
L 164 102 -52
L 165 100 51
D 162 101 2 163 164 165 8
L 168 104 -53
L 169 106 -54
L 170 104 53
D 167 105 2 168 169 170 8
L 172 108 -55
L 174 110 -56
L 176 112 -57
L 178 114 -58
L 180 116 -59
L 181 118 60
L 182 116 59
D 179 117 2 180 181 182 8
L 183 114 58
D 177 115 2 178 179 183 8
L 184 112 57
D 175 113 2 176 177 184 8
L 185 110 56
D 173 111 2 174 175 185 8
L 186 108 55
D 171 109 2 172 173 186 8
L 188 106 54
D 187 105 2 168 188 170 29
D 166 107 2 167 171 187 8
L 190 102 52
D 189 101 2 163 190 165 29
D 161 103 2 162 166 189 8
L 194 98 44
D 193 97 2 155 194 157 29
D 192 95 2 153 193 158 29
D 191 93 2 148 192 159 29
D 146 99 2 147 161 191 8
L 198 88 -50
D 197 87 2 140 198 142 29
D 196 85 2 138 197 143 29
D 195 83 2 133 196 144 29
D 131 89 2 132 146 195 8
L 201 78 36
D 200 77 2 126 201 128 29
D 199 75 2 121 200 129 29
D 119 79 2 120 131 199 8
L 206 70 39
D 205 69 2 112 206 114 29
D 204 67 2 110 205 115 29
D 203 65 2 108 204 116 29
D 202 63 2 103 203 117 29
D 101 71 2 102 119 202 8
L 212 58 29
D 211 57 2 90 212 92 29
D 210 55 2 88 211 93 29
D 209 53 2 83 210 94 29
D 208 49 2 78 209 96 29
D 207 45 2 70 208 98 29
D 68 59 2 69 101 207 8
L 218 38 -20
D 217 37 2 57 218 59 29
D 216 35 2 55 217 60 29
D 215 33 2 50 216 61 29
D 214 29 2 45 215 63 29
D 213 25 2 37 214 65 29
D 35 39 2 36 68 213 8
D 221 3 2 7 6 5 8
D 220 1 2 3 221 9 8
D 224 11 2 19 18 17 8
D 225 11 2 19 28 17 29
D 223 13 2 224 20 225 8
D 222 9 2 11 223 30 8
D 227 3 2 7 34 5 29
D 226 1 2 3 227 9 29
D 219 5 2 220 222 226 8
D 233 37 2 59 218 57 8
D 232 35 2 55 233 60 8
D 231 33 2 50 232 61 8
D 230 29 2 45 231 63 8
D 229 25 2 37 230 65 8
D 239 57 2 92 212 90 8
D 238 55 2 88 239 93 8
D 237 53 2 83 238 94 8
D 236 49 2 78 237 96 8
D 235 45 2 70 236 98 8
D 244 69 2 114 206 112 8
D 243 67 2 110 244 115 8
D 242 65 2 108 243 116 8
D 241 63 2 103 242 117 8
L 255 118 -60
D 254 117 2 182 255 180 8
D 253 115 2 178 254 183 8
D 252 113 2 176 253 184 8
D 251 111 2 174 252 185 8
D 250 109 2 172 251 186 8
D 249 107 2 167 250 187 8
D 248 103 2 162 249 189 8
D 247 99 2 147 248 191 8
D 258 87 2 142 198 140 8
D 257 85 2 138 258 143 8
D 256 83 2 133 257 144 8
D 261 87 2 140 198 142 141
D 260 85 2 138 261 143 29
D 259 83 2 133 260 144 29
D 246 89 3 132 247 256 146 259 8
D 245 79 2 120 246 199 8
D 265 69 2 114 113 112 206
D 264 67 2 110 265 115 29
D 263 65 2 108 264 116 29
D 262 63 2 103 263 117 29
D 240 71 3 241 119 102 245 262 8
D 270 57 2 92 91 90 212
D 269 55 2 88 270 93 29
D 268 53 2 83 269 94 29
D 267 49 2 78 268 96 29
D 266 45 2 70 267 98 29
D 234 59 3 235 101 69 240 266 8
D 275 37 2 57 218 59 58
D 274 35 2 55 275 60 29
D 273 33 2 50 274 61 29
D 272 29 2 45 273 63 29
D 271 25 2 37 272 65 29
D 228 39 3 229 68 36 234 271 8
D 278 7 2 14 13 12 8
D 279 7 2 14 31 12 29
D 277 9 2 278 15 279 8
D 276 5 2 220 277 226 8
D 285 37 2 57 218 59 8
D 284 35 2 60 285 55 8
D 283 33 2 50 284 61 8
D 282 29 2 45 283 63 8
D 281 25 2 37 282 65 8
D 291 57 2 92 91 90 8
D 290 55 2 93 291 88 8
D 289 53 2 83 290 94 8
D 288 49 2 78 289 96 8
D 287 45 2 70 288 98 8
D 296 69 2 114 113 112 8
D 295 67 2 115 296 110 8
D 294 65 2 108 295 116 8
D 293 63 2 103 294 117 8
D 306 117 2 180 255 182 8
D 305 115 2 183 306 178 8
D 304 113 2 176 305 184 8
D 303 111 2 174 304 185 8
D 302 109 2 172 303 186 8
D 301 107 2 167 302 187 8
D 300 103 2 162 301 189 8
D 299 99 2 147 300 191 8
D 309 87 2 140 198 142 8
D 308 85 2 143 309 138 8
D 307 83 2 133 308 144 8
D 312 87 2 140 141 142 29
D 311 85 2 138 261 143 312
D 310 83 2 133 311 144 29
D 298 89 4 132 299 256 247 307 146 310 8
D 297 79 2 120 298 199 8
D 316 69 2 114 206 112 29
D 315 67 2 110 265 115 316
D 314 65 2 108 315 116 29
D 313 63 2 103 314 117 29
D 292 71 4 293 119 102 297 241 245 313 8
D 321 57 2 92 212 90 29
D 320 55 2 93 321 88 270
D 319 53 2 83 320 94 29
D 318 49 2 78 319 96 29
D 317 45 2 70 318 98 29
D 286 59 4 287 101 235 240 69 292 317 8
D 326 37 2 57 58 59 29
D 325 35 2 60 326 55 275
D 324 33 2 50 325 61 29
D 323 29 2 45 324 63 29
D 322 25 2 37 323 65 29
D 280 39 4 281 68 229 234 36 286 322 8
D 329 7 2 12 31 14 8
D 330 7 2 12 13 14 29
D 328 9 2 329 15 330 8
D 327 5 2 220 328 226 8
D 334 27 2 46 64 48 8
D 336 35 2 55 285 60 8
D 335 33 2 50 336 61 8
D 337 27 2 46 47 48 29
D 333 29 2 334 335 337 8
D 332 25 2 37 333 65 8
D 341 47 2 79 97 81 8
D 343 55 2 88 291 93 8
D 342 53 2 83 343 94 8
D 344 47 2 79 80 81 29
D 340 49 2 341 342 344 8
D 339 45 2 70 340 98 8
D 354 115 2 178 306 183 8
D 353 113 2 184 354 176 8
D 352 111 2 174 353 185 8
D 351 109 2 172 352 186 8
D 350 107 2 167 351 187 8
D 349 103 2 162 350 189 8
D 348 99 2 147 349 191 8
D 356 81 2 134 145 136 8
D 357 85 2 138 309 143 8
D 358 81 2 134 135 136 29
D 355 83 2 356 357 358 8
D 360 85 2 138 312 143 29
D 359 83 3 133 311 356 360 136 29
D 347 89 5 132 348 256 299 307 247 355 146 359 8
D 346 79 2 120 347 199 8
D 363 67 2 110 296 115 8
D 362 65 2 108 363 116 8
D 361 63 2 103 362 117 8
D 366 77 2 128 127 126 8
D 365 75 2 121 366 129 8
D 368 77 2 128 201 126 29
D 367 75 2 121 368 129 29
D 364 79 2 365 131 367 8
D 372 69 2 112 206 114 8
D 371 67 2 110 372 115 316
D 370 65 2 108 371 116 29
D 369 63 2 103 370 117 29
D 345 71 5 102 346 241 297 293 245 361 364 369 8
D 376 55 2 88 321 93 29
D 375 53 2 83 376 94 29
D 374 49 3 78 319 341 375 81 29
D 373 45 2 70 374 98 29
D 338 59 5 339 101 287 240 235 292 69 345 373 8
D 380 35 2 55 326 60 29
D 379 33 2 50 380 61 29
D 378 29 3 45 324 334 379 48 29
D 377 25 2 37 378 65 29
D 331 39 5 332 68 281 234 229 286 36 338 377 8
D 384 15 2 26 22 21 8
D 383 13 2 16 384 27 8
D 382 9 2 11 383 30 8
D 381 5 2 220 382 226 8
D 388 27 2 48 47 46 8
D 389 27 2 48 64 46 29
D 387 29 2 388 335 389 8
D 386 25 2 37 387 65 8
D 393 47 2 81 80 79 8
D 394 47 2 81 97 79 29
D 392 49 2 393 342 394 8
D 391 45 2 70 392 98 8
D 403 113 2 176 354 184 8
D 402 111 2 185 403 174 8
D 401 109 2 172 402 186 8
D 400 107 2 167 401 187 8
D 399 103 2 162 400 189 8
D 398 99 2 147 399 191 8
D 405 81 2 136 135 134 8
D 406 81 2 136 145 134 29
D 404 83 2 405 357 406 8
D 408 81 2 136 135 134 145
D 409 81 2 136 145 134 8
D 407 83 3 133 311 408 360 409 29
D 397 89 6 132 398 256 348 307 299 355 247 404 146 407 8
D 396 79 2 120 397 199 8
D 412 77 2 126 201 128 8
D 411 75 2 121 412 129 8
D 414 77 2 126 127 128 201
D 413 75 2 121 414 129 29
D 410 79 3 411 131 365 246 413 8
D 395 71 5 102 396 361 410 241 346 293 297 369 8
D 417 47 2 81 80 79 97
D 418 47 2 81 97 79 8
D 416 49 3 78 319 417 375 418 29
D 415 45 2 70 416 98 29
D 390 59 6 391 101 339 240 287 292 235 345 69 395 415 8
D 421 27 2 48 47 46 64
D 422 27 2 48 64 46 8
D 420 29 3 45 324 421 379 422 29
D 419 25 2 37 420 65 29
D 385 39 6 386 68 332 234 281 286 229 338 36 390 419 8
L 428 18 9
D 427 17 2 23 428 25 8
D 426 15 2 21 427 26 8
D 425 13 2 16 426 27 8
D 424 9 2 11 425 30 8
D 423 5 2 220 424 226 8
D 432 23 2 42 41 40 8
D 431 21 2 38 432 43 8
D 433 29 2 45 335 63 8
D 435 23 2 42 67 40 29
D 434 21 2 38 435 43 29
D 430 25 2 431 433 434 8
D 440 51 2 86 85 84 8
D 441 51 2 86 95 84 29
D 439 53 2 440 343 441 8
D 438 49 2 78 439 96 8
D 437 45 2 70 438 98 8
D 449 111 2 174 403 185 8
D 448 109 2 186 449 172 8
D 447 107 2 167 448 187 8
D 446 103 2 162 447 189 8
D 445 99 2 147 446 191 8
D 450 83 2 133 357 144 8
D 454 97 2 157 156 155 8
D 453 95 2 153 454 158 8
D 452 93 2 148 453 159 8
D 457 97 2 157 194 155 29
D 456 95 2 153 457 158 29
D 455 93 2 148 456 159 29
D 451 99 2 452 161 455 8
D 460 87 2 142 141 140 8
D 459 85 2 138 460 143 312
D 458 83 3 133 459 408 360 409 29
D 444 89 7 132 445 450 451 256 398 307 348 355 299 404 247 458 8
D 443 79 2 120 444 199 8
D 463 73 2 122 130 124 8
D 464 73 2 122 123 124 29
D 462 75 2 463 125 464 8
D 465 75 3 121 414 463 200 124 29
D 461 79 4 462 131 411 246 365 298 465 8
D 442 71 5 102 443 361 461 241 396 293 346 369 8
D 468 53 3 440 376 83 320 95 29
D 467 49 3 78 468 417 375 418 29
D 466 45 2 70 467 98 29
D 436 59 7 437 101 391 240 339 292 287 345 235 395 69 442 466 8
D 470 29 2 45 379 63 29
D 471 21 2 38 67 43 29
D 469 25 3 37 420 431 470 471 29
D 429 39 7 430 68 386 234 332 286 281 338 229 390 36 436 469 8
D 476 17 2 25 24 23 8
D 475 15 2 21 476 26 8
D 474 13 2 16 475 27 8
D 473 9 2 11 474 30 8
D 472 5 2 220 473 226 8
D 480 23 2 40 67 42 8
D 479 21 2 38 480 43 8
D 482 23 2 40 41 42 29
D 481 21 2 38 482 43 29
D 478 25 2 479 433 481 8
D 486 43 2 75 74 73 8
D 485 41 2 71 486 76 8
D 487 49 2 78 342 96 8
D 489 43 2 75 100 73 29
D 488 41 2 71 489 76 29
D 484 45 2 485 487 488 8
D 496 105 2 168 188 170 8
D 497 109 2 172 449 186 8
D 498 105 2 168 169 170 29
D 495 107 2 496 497 498 8
D 494 103 2 162 495 189 8
D 493 99 2 147 494 191 8
D 502 97 2 155 194 157 8
D 501 95 2 153 502 158 8
D 500 93 2 148 501 159 8
D 505 97 2 155 156 157 194
D 504 95 2 153 505 158 29
D 503 93 2 148 504 159 29
D 499 99 3 500 161 452 248 503 8
D 492 89 7 132 493 450 499 256 445 307 398 355 348 404 299 458 8
D 491 79 2 120 492 199 8
D 508 73 2 124 123 122 8
D 509 73 2 124 130 122 29
D 507 75 2 508 125 509 8
D 511 73 2 124 123 122 130
D 512 73 2 124 130 122 8
D 510 75 3 121 414 511 200 512 29
D 506 79 5 507 131 462 246 411 298 365 347 510 8
D 490 71 5 102 491 361 506 241 443 293 396 369 8
D 514 49 2 78 375 96 29
D 515 41 2 71 100 76 29
D 513 45 3 70 467 485 514 515 29
D 483 59 8 484 101 437 240 391 292 339 345 287 395 235 442 69 490 513 8
D 518 23 2 42 41 40 67
D 517 21 2 38 518 43 8
D 520 23 2 42 67 40 8
D 519 21 2 38 520 43 29
D 516 25 3 37 420 517 470 519 29
D 477 39 8 478 68 430 234 386 286 332 338 281 390 229 436 36 483 516 8
D 525 17 2 23 428 25 29
D 524 15 2 21 525 26 29
D 523 13 2 16 524 27 29
D 522 9 2 11 523 30 29
D 529 17 2 23 24 25 428
D 528 15 2 21 529 26 525
D 527 13 3 16 528 224 524 28 29
D 530 7 2 14 13 12 31
D 531 7 2 14 31 12 8
D 526 9 3 11 527 530 523 531 29
D 532 1 2 3 34 9 29
D 521 5 3 2 522 220 526 532 29
D 0 19 8 1 35 219 228 276 280 327 331 381 385 423 429 472 477 521 8
