c ids of sdd nodes start at 0
c sdd nodes appear bottom-up, children before parents
c
c file syntax:
c sdd count-of-sdd-nodes
c F id-of-false-sdd-node
c T id-of-true-sdd-node
c L id-of-literal-sdd-node id-of-vtree literal
c D id-of-decomposition-sdd-node id-of-vtree number-of-elements {id-of-prime id-of-sub}*
c
sdd 433
L 3 0 -3
L 5 2 -4
L 6 4 -2
L 7 2 4
F 8
D 4 3 2 5 6 7 8
L 9 0 3
D 2 1 2 3 4 9 8
L 12 6 6
L 13 8 -7
L 14 6 -6
D 11 7 2 12 13 14 8
L 17 10 -5
L 18 12 -1
L 19 10 5
D 16 11 2 17 18 19 8
L 21 14 -8
L 23 16 -10
L 24 18 -9
L 25 16 10
D 22 17 2 23 24 25 8
L 26 14 8
D 20 15 2 21 22 26 8
L 28 12 1
T 29
D 27 11 2 17 28 19 29
D 15 13 2 16 20 27 8
L 31 8 7
D 30 7 2 12 31 14 29
D 10 9 2 11 15 30 8
L 34 4 2
D 33 3 2 5 34 7 29
D 32 1 2 3 33 9 29
D 1 5 2 2 10 32 8
L 38 20 -13
L 40 22 -15
L 41 24 -14
L 42 22 15
D 39 23 2 40 41 42 8
L 43 20 13
D 37 21 2 38 39 43 8
L 46 26 -16
L 47 28 -17
L 48 26 16
D 45 27 2 46 47 48 8
L 51 30 -11
L 52 32 -12
L 53 30 11
D 50 31 2 51 52 53 8
L 55 34 -18
L 57 36 -19
L 58 38 20
L 59 36 19
D 56 37 2 57 58 59 8
L 60 34 18
D 54 35 2 55 56 60 8
L 62 32 12
D 61 31 2 51 62 53 29
D 49 33 2 50 54 61 8
L 64 28 17
D 63 27 2 46 64 48 29
D 44 29 2 45 49 63 8
L 67 24 14
D 66 23 2 40 67 42 29
D 65 21 2 38 66 43 29
D 36 25 2 37 44 65 8
L 71 40 -23
L 73 42 -24
L 74 44 -22
L 75 42 24
D 72 43 2 73 74 75 8
L 76 40 23
D 70 41 2 71 72 76 8
L 79 46 -26
L 80 48 -27
L 81 46 26
D 78 47 2 79 80 81 8
L 84 50 -25
L 85 52 -21
L 86 50 25
D 83 51 2 84 85 86 8
L 88 54 -28
L 90 56 30
L 91 58 -29
L 92 56 -30
D 89 57 2 90 91 92 8
L 93 54 28
D 87 55 2 88 89 93 8
L 95 52 21
D 94 51 2 84 95 86 29
D 82 53 2 83 87 94 8
L 97 48 27
D 96 47 2 79 97 81 29
D 77 49 2 78 82 96 8
L 100 44 22
D 99 43 2 73 100 75 29
D 98 41 2 71 99 76 29
D 69 45 2 70 77 98 8
L 104 60 -33
L 105 62 -32
L 106 60 33
D 103 61 2 104 105 106 8
L 108 64 -31
L 110 66 -38
L 112 68 40
L 113 70 -39
L 114 68 -40
D 111 69 2 112 113 114 8
L 115 66 38
D 109 67 2 110 111 115 8
L 116 64 31
D 107 65 2 108 109 116 8
L 118 62 32
D 117 61 2 104 118 106 29
D 102 63 2 103 107 117 8
L 122 72 -34
L 123 74 -35
L 124 72 34
D 121 73 2 122 123 124 8
L 126 76 -37
L 127 78 -36
L 128 76 37
D 125 77 2 126 127 128 8
L 130 74 35
D 129 73 2 122 130 124 29
D 120 75 2 121 125 129 8
L 134 80 -46
L 135 82 -47
L 136 80 46
D 133 81 2 134 135 136 8
L 138 84 -48
L 140 86 -49
L 141 88 50
L 142 86 49
D 139 87 2 140 141 142 8
L 143 84 48
D 137 85 2 138 139 143 8
L 145 82 47
D 144 81 2 134 145 136 29
D 132 83 2 133 137 144 8
L 149 90 -41
L 150 92 -42
L 151 90 41
D 148 91 2 149 150 151 8
L 153 94 -43
L 155 96 -45
L 156 98 -44
L 157 96 45
D 154 97 2 155 156 157 8
L 158 94 43
D 152 95 2 153 154 158 8
L 160 92 42
D 159 91 2 149 160 151 29
D 147 93 2 148 152 159 8
L 163 100 -51
L 164 102 -52
L 165 100 51
D 162 101 2 163 164 165 8
L 168 104 -53
L 169 106 -54
L 170 104 53
D 167 105 2 168 169 170 8
L 172 108 -55
L 174 110 -56
L 176 112 -57
L 178 114 -58
L 180 116 -59
L 181 118 60
L 182 116 59
D 179 117 2 180 181 182 8
L 183 114 58
D 177 115 2 178 179 183 8
L 184 112 57
D 175 113 2 176 177 184 8
L 185 110 56
D 173 111 2 174 175 185 8
L 186 108 55
D 171 109 2 172 173 186 8
L 188 106 54
D 187 105 2 168 188 170 29
D 166 107 2 167 171 187 8
L 190 102 52
D 189 101 2 163 190 165 29
D 161 103 2 162 166 189 8
L 194 98 44
D 193 97 2 155 194 157 29
D 192 95 2 153 193 158 29
D 191 93 2 148 192 159 29
D 146 99 2 147 161 191 8
L 198 88 -50
D 197 87 2 140 198 142 29
D 196 85 2 138 197 143 29
D 195 83 2 133 196 144 29
D 131 89 2 132 146 195 8
L 201 78 36
D 200 77 2 126 201 128 29
D 199 75 2 121 200 129 29
D 119 79 2 120 131 199 8
L 206 70 39
D 205 69 2 112 206 114 29
D 204 67 2 110 205 115 29
D 203 65 2 108 204 116 29
D 202 63 2 103 203 117 29
D 101 71 2 102 119 202 8
L 212 58 29
D 211 57 2 90 212 92 29
D 210 55 2 88 211 93 29
D 209 53 2 83 210 94 29
D 208 49 2 78 209 96 29
D 207 45 2 70 208 98 29
D 68 59 2 69 101 207 8
L 218 38 -20
D 217 37 2 57 218 59 29
D 216 35 2 55 217 60 29
D 215 33 2 50 216 61 29
D 214 29 2 45 215 63 29
D 213 25 2 37 214 65 29
D 35 39 2 36 68 213 8
D 221 7 2 14 31 12 8
D 222 7 2 14 13 12 29
D 220 9 2 221 15 222 8
D 219 5 2 2 220 32 8
D 228 37 2 59 218 57 8
D 227 35 2 55 228 60 8
D 226 33 2 50 227 61 8
D 225 29 2 45 226 63 8
D 224 25 2 37 225 65 8
D 234 57 2 92 212 90 8
D 233 55 2 88 234 93 8
D 232 53 2 83 233 94 8
D 231 49 2 78 232 96 8
D 230 45 2 70 231 98 8
D 239 69 2 114 206 112 8
D 238 67 2 110 239 115 8
D 237 65 2 108 238 116 8
D 236 63 2 103 237 117 8
L 250 118 -60
D 249 117 2 182 250 180 8
D 248 115 2 178 249 183 8
D 247 113 2 176 248 184 8
D 246 111 2 174 247 185 8
D 245 109 2 172 246 186 8
D 244 107 2 167 245 187 8
D 243 103 2 162 244 189 8
D 242 99 2 147 243 191 8
D 253 87 2 142 198 140 8
D 252 85 2 138 253 143 8
D 251 83 2 133 252 144 8
D 256 87 2 140 198 142 141
D 255 85 2 138 256 143 29
D 254 83 2 133 255 144 29
D 241 89 3 132 242 251 146 254 8
D 240 79 2 120 241 199 8
D 260 69 2 114 113 112 206
D 259 67 2 110 260 115 29
D 258 65 2 108 259 116 29
D 257 63 2 103 258 117 29
D 235 71 3 236 119 102 240 257 8
D 265 57 2 92 91 90 212
D 264 55 2 88 265 93 29
D 263 53 2 83 264 94 29
D 262 49 2 78 263 96 29
D 261 45 2 70 262 98 29
D 229 59 3 230 101 69 235 261 8
D 270 37 2 57 218 59 58
D 269 35 2 55 270 60 29
D 268 33 2 50 269 61 29
D 267 29 2 45 268 63 29
D 266 25 2 37 267 65 29
D 223 39 3 224 68 36 229 266 8
D 273 7 2 14 13 12 8
D 275 15 2 26 22 21 8
D 274 13 2 16 275 27 8
D 276 7 2 14 31 12 29
D 272 9 2 273 274 276 8
D 271 5 2 2 272 32 8
D 282 37 2 57 218 59 8
D 281 35 2 60 282 55 8
D 280 33 2 50 281 61 8
D 279 29 2 45 280 63 8
D 278 25 2 37 279 65 8
D 288 57 2 92 91 90 8
D 287 55 2 93 288 88 8
D 286 53 2 83 287 94 8
D 285 49 2 78 286 96 8
D 284 45 2 70 285 98 8
D 293 69 2 114 113 112 8
D 292 67 2 115 293 110 8
D 291 65 2 108 292 116 8
D 290 63 2 103 291 117 8
D 303 117 2 180 250 182 8
D 302 115 2 183 303 178 8
D 301 113 2 176 302 184 8
D 300 111 2 174 301 185 8
D 299 109 2 172 300 186 8
D 298 107 2 167 299 187 8
D 297 103 2 162 298 189 8
D 296 99 2 147 297 191 8
D 306 87 2 140 198 142 8
D 305 85 2 143 306 138 8
D 304 83 2 133 305 144 8
D 309 87 2 140 141 142 29
D 308 85 2 138 256 143 309
D 307 83 2 133 308 144 29
D 295 89 4 132 296 251 242 304 146 307 8
D 294 79 2 120 295 199 8
D 313 69 2 114 206 112 29
D 312 67 2 110 260 115 313
D 311 65 2 108 312 116 29
D 310 63 2 103 311 117 29
D 289 71 4 290 119 102 294 236 240 310 8
D 318 57 2 92 212 90 29
D 317 55 2 93 318 88 265
D 316 53 2 83 317 94 29
D 315 49 2 78 316 96 29
D 314 45 2 70 315 98 29
D 283 59 4 284 101 230 235 69 289 314 8
D 323 37 2 57 58 59 29
D 322 35 2 60 323 55 270
D 321 33 2 50 322 61 29
D 320 29 2 45 321 63 29
D 319 25 2 37 320 65 29
D 277 39 4 278 68 224 229 36 283 319 8
L 329 18 9
D 328 17 2 23 329 25 8
D 327 15 2 21 328 26 8
D 326 13 2 16 327 27 8
D 325 9 2 273 326 276 8
D 324 5 2 2 325 32 8
D 333 27 2 46 64 48 8
D 335 35 2 55 282 60 8
D 334 33 2 50 335 61 8
D 336 27 2 46 47 48 29
D 332 29 2 333 334 336 8
D 331 25 2 37 332 65 8
D 340 47 2 79 97 81 8
D 342 55 2 88 288 93 8
D 341 53 2 83 342 94 8
D 343 47 2 79 80 81 29
D 339 49 2 340 341 343 8
D 338 45 2 70 339 98 8
D 353 115 2 178 303 183 8
D 352 113 2 184 353 176 8
D 351 111 2 174 352 185 8
D 350 109 2 172 351 186 8
D 349 107 2 167 350 187 8
D 348 103 2 162 349 189 8
D 347 99 2 147 348 191 8
D 355 81 2 134 145 136 8
D 356 85 2 138 306 143 8
D 357 81 2 134 135 136 29
D 354 83 2 355 356 357 8
D 359 85 2 138 309 143 29
D 358 83 3 133 308 355 359 136 29
D 346 89 5 132 347 251 296 304 242 354 146 358 8
D 345 79 2 120 346 199 8
D 362 67 2 110 293 115 8
D 361 65 2 108 362 116 8
D 360 63 2 103 361 117 8
D 365 77 2 128 127 126 8
D 364 75 2 121 365 129 8
D 367 77 2 128 201 126 29
D 366 75 2 121 367 129 29
D 363 79 2 364 131 366 8
D 371 69 2 112 206 114 8
D 370 67 2 110 371 115 313
D 369 65 2 108 370 116 29
D 368 63 2 103 369 117 29
D 344 71 5 102 345 236 294 290 240 360 363 368 8
D 375 55 2 88 318 93 29
D 374 53 2 83 375 94 29
D 373 49 3 78 316 340 374 81 29
D 372 45 2 70 373 98 29
D 337 59 5 338 101 284 235 230 289 69 344 372 8
D 379 35 2 55 323 60 29
D 378 33 2 50 379 61 29
D 377 29 3 45 321 333 378 48 29
D 376 25 2 37 377 65 29
D 330 39 5 331 68 278 229 224 283 36 337 376 8
D 384 17 2 25 24 23 8
D 383 15 2 21 384 26 8
D 382 13 2 16 383 27 8
D 381 9 2 273 382 276 8
D 380 5 2 2 381 32 8
D 388 27 2 48 47 46 8
D 389 27 2 48 64 46 29
D 387 29 2 388 334 389 8
D 386 25 2 37 387 65 8
D 393 47 2 81 80 79 8
D 394 47 2 81 97 79 29
D 392 49 2 393 341 394 8
D 391 45 2 70 392 98 8
D 403 113 2 176 353 184 8
D 402 111 2 185 403 174 8
D 401 109 2 172 402 186 8
D 400 107 2 167 401 187 8
D 399 103 2 162 400 189 8
D 398 99 2 147 399 191 8
D 405 81 2 136 135 134 8
D 406 81 2 136 145 134 29
D 404 83 2 405 356 406 8
D 408 81 2 136 135 134 145
D 409 81 2 136 145 134 8
D 407 83 3 133 308 408 359 409 29
D 397 89 6 132 398 251 347 304 296 354 242 404 146 407 8
D 396 79 2 120 397 199 8
D 412 77 2 126 201 128 8
D 411 75 2 121 412 129 8
D 414 77 2 126 127 128 201
D 413 75 2 121 414 129 29
D 410 79 3 411 131 364 241 413 8
D 395 71 5 102 396 360 410 236 345 290 294 368 8
D 417 47 2 81 80 79 97
D 418 47 2 81 97 79 8
D 416 49 3 78 316 417 374 418 29
D 415 45 2 70 416 98 29
D 390 59 6 391 101 338 235 284 289 230 344 69 395 415 8
D 421 27 2 48 47 46 64
D 422 27 2 48 64 46 8
D 420 29 3 45 321 421 378 422 29
D 419 25 2 37 420 65 29
D 385 39 6 386 68 331 229 278 283 224 337 36 390 419 8
D 427 17 2 23 24 25 329
D 428 17 2 23 329 25 29
D 426 15 2 21 427 26 428
D 425 13 2 16 426 27 29
D 429 7 2 12 13 14 31
D 431 15 2 21 428 26 29
D 430 13 2 16 431 27 29
D 432 7 2 12 31 14 8
D 424 9 3 273 425 429 430 432 29
D 423 5 2 2 424 32 29
D 0 19 6 1 35 219 223 271 277 324 330 380 385 423 8
