c ids of sdd nodes start at 0
c sdd nodes appear bottom-up, children before parents
c
c file syntax:
c sdd count-of-sdd-nodes
c F id-of-false-sdd-node
c T id-of-true-sdd-node
c L id-of-literal-sdd-node id-of-vtree literal
c D id-of-decomposition-sdd-node id-of-vtree number-of-elements {id-of-prime id-of-sub}*
c
sdd 389
L 3 0 -3
L 5 2 -4
L 6 4 -2
L 7 2 4
F 8
D 4 3 2 5 6 7 8
L 9 0 3
D 2 1 2 3 4 9 8
L 12 6 -6
L 13 8 7
L 14 6 6
D 11 7 2 12 13 14 8
L 17 10 -5
L 18 12 -1
L 19 10 5
D 16 11 2 17 18 19 8
L 21 14 -8
L 23 16 -10
L 24 18 -9
L 25 16 10
D 22 17 2 23 24 25 8
L 26 14 8
D 20 15 2 21 22 26 8
L 28 12 1
T 29
D 27 11 2 17 28 19 29
D 15 13 2 16 20 27 8
L 31 8 -7
D 30 7 2 12 31 14 29
D 10 9 2 11 15 30 8
L 34 4 2
D 33 3 2 5 34 7 29
D 32 1 2 3 33 9 29
D 1 5 2 2 10 32 8
L 38 20 -13
L 40 22 -15
L 41 24 -14
L 42 22 15
D 39 23 2 40 41 42 8
L 43 20 13
D 37 21 2 38 39 43 8
L 46 26 -16
L 47 28 -17
L 48 26 16
D 45 27 2 46 47 48 8
L 51 30 -11
L 52 32 -12
L 53 30 11
D 50 31 2 51 52 53 8
L 55 34 -18
L 57 36 -19
L 58 38 20
L 59 36 19
D 56 37 2 57 58 59 8
L 60 34 18
D 54 35 2 55 56 60 8
L 62 32 12
D 61 31 2 51 62 53 29
D 49 33 2 50 54 61 8
L 64 28 17
D 63 27 2 46 64 48 29
D 44 29 2 45 49 63 8
L 67 24 14
D 66 23 2 40 67 42 29
D 65 21 2 38 66 43 29
D 36 25 2 37 44 65 8
L 71 40 -23
L 73 42 -24
L 74 44 -22
L 75 42 24
D 72 43 2 73 74 75 8
L 76 40 23
D 70 41 2 71 72 76 8
L 79 46 -26
L 80 48 -27
L 81 46 26
D 78 47 2 79 80 81 8
L 84 50 -25
L 85 52 -21
L 86 50 25
D 83 51 2 84 85 86 8
L 88 54 -28
L 90 56 30
L 91 58 -29
L 92 56 -30
D 89 57 2 90 91 92 8
L 93 54 28
D 87 55 2 88 89 93 8
L 95 52 21
D 94 51 2 84 95 86 29
D 82 53 2 83 87 94 8
L 97 48 27
D 96 47 2 79 97 81 29
D 77 49 2 78 82 96 8
L 100 44 22
D 99 43 2 73 100 75 29
D 98 41 2 71 99 76 29
D 69 45 2 70 77 98 8
L 104 60 -33
L 105 62 -32
L 106 60 33
D 103 61 2 104 105 106 8
L 108 64 -31
L 110 66 -38
L 112 68 40
L 113 70 -39
L 114 68 -40
D 111 69 2 112 113 114 8
L 115 66 38
D 109 67 2 110 111 115 8
L 116 64 31
D 107 65 2 108 109 116 8
L 118 62 32
D 117 61 2 104 118 106 29
D 102 63 2 103 107 117 8
L 122 72 -34
L 123 74 -35
L 124 72 34
D 121 73 2 122 123 124 8
L 126 76 -37
L 127 78 -36
L 128 76 37
D 125 77 2 126 127 128 8
L 130 74 35
D 129 73 2 122 130 124 29
D 120 75 2 121 125 129 8
L 134 80 -46
L 135 82 -47
L 136 80 46
D 133 81 2 134 135 136 8
L 138 84 -48
L 140 86 -49
L 141 88 50
L 142 86 49
D 139 87 2 140 141 142 8
L 143 84 48
D 137 85 2 138 139 143 8
L 145 82 47
D 144 81 2 134 145 136 29
D 132 83 2 133 137 144 8
L 149 90 -41
L 150 92 -42
L 151 90 41
D 148 91 2 149 150 151 8
L 153 94 -43
L 155 96 -45
L 156 98 -44
L 157 96 45
D 154 97 2 155 156 157 8
L 158 94 43
D 152 95 2 153 154 158 8
L 160 92 42
D 159 91 2 149 160 151 29
D 147 93 2 148 152 159 8
L 163 100 -51
L 164 102 -52
L 165 100 51
D 162 101 2 163 164 165 8
L 168 104 -53
L 169 106 -54
L 170 104 53
D 167 105 2 168 169 170 8
L 172 108 -55
L 174 110 -56
L 176 112 -57
L 178 114 -58
L 180 116 -59
L 181 118 60
L 182 116 59
D 179 117 2 180 181 182 8
L 183 114 58
D 177 115 2 178 179 183 8
L 184 112 57
D 175 113 2 176 177 184 8
L 185 110 56
D 173 111 2 174 175 185 8
L 186 108 55
D 171 109 2 172 173 186 8
L 188 106 54
D 187 105 2 168 188 170 29
D 166 107 2 167 171 187 8
L 190 102 52
D 189 101 2 163 190 165 29
D 161 103 2 162 166 189 8
L 194 98 44
D 193 97 2 155 194 157 29
D 192 95 2 153 193 158 29
D 191 93 2 148 192 159 29
D 146 99 2 147 161 191 8
L 198 88 -50
D 197 87 2 140 198 142 29
D 196 85 2 138 197 143 29
D 195 83 2 133 196 144 29
D 131 89 2 132 146 195 8
L 201 78 36
D 200 77 2 126 201 128 29
D 199 75 2 121 200 129 29
D 119 79 2 120 131 199 8
L 206 70 39
D 205 69 2 112 206 114 29
D 204 67 2 110 205 115 29
D 203 65 2 108 204 116 29
D 202 63 2 103 203 117 29
D 101 71 2 102 119 202 8
L 212 58 29
D 211 57 2 90 212 92 29
D 210 55 2 88 211 93 29
D 209 53 2 83 210 94 29
D 208 49 2 78 209 96 29
D 207 45 2 70 208 98 29
D 68 59 2 69 101 207 8
L 218 38 -20
D 217 37 2 57 218 59 29
D 216 35 2 55 217 60 29
D 215 33 2 50 216 61 29
D 214 29 2 45 215 63 29
D 213 25 2 37 214 65 29
D 35 39 2 36 68 213 8
D 221 7 2 12 31 14 8
D 223 15 2 26 22 21 8
D 222 13 2 16 223 27 8
D 224 7 2 12 13 14 29
D 220 9 2 221 222 224 8
D 219 5 2 2 220 32 8
D 230 37 2 59 218 57 8
D 229 35 2 55 230 60 8
D 228 33 2 50 229 61 8
D 227 29 2 45 228 63 8
D 226 25 2 37 227 65 8
D 236 57 2 92 212 90 8
D 235 55 2 88 236 93 8
D 234 53 2 83 235 94 8
D 233 49 2 78 234 96 8
D 232 45 2 70 233 98 8
D 241 69 2 114 206 112 8
D 240 67 2 110 241 115 8
D 239 65 2 108 240 116 8
D 238 63 2 103 239 117 8
L 252 118 -60
D 251 117 2 182 252 180 8
D 250 115 2 178 251 183 8
D 249 113 2 176 250 184 8
D 248 111 2 174 249 185 8
D 247 109 2 172 248 186 8
D 246 107 2 167 247 187 8
D 245 103 2 162 246 189 8
D 244 99 2 147 245 191 8
D 255 87 2 142 198 140 8
D 254 85 2 138 255 143 8
D 253 83 2 133 254 144 8
D 258 87 2 140 198 142 141
D 257 85 2 138 258 143 29
D 256 83 2 133 257 144 29
D 243 89 3 132 244 253 146 256 8
D 242 79 2 120 243 199 8
D 262 69 2 114 113 112 206
D 261 67 2 110 262 115 29
D 260 65 2 108 261 116 29
D 259 63 2 103 260 117 29
D 237 71 3 238 119 102 242 259 8
D 267 57 2 92 91 90 212
D 266 55 2 88 267 93 29
D 265 53 2 83 266 94 29
D 264 49 2 78 265 96 29
D 263 45 2 70 264 98 29
D 231 59 3 232 101 69 237 263 8
D 272 37 2 57 218 59 58
D 271 35 2 55 272 60 29
D 270 33 2 50 271 61 29
D 269 29 2 45 270 63 29
D 268 25 2 37 269 65 29
D 225 39 3 226 68 36 231 268 8
L 278 18 9
D 277 17 2 23 278 25 8
D 276 15 2 21 277 26 8
D 275 13 2 16 276 27 8
D 274 9 2 221 275 224 8
D 273 5 2 2 274 32 8
D 284 37 2 57 218 59 8
D 283 35 2 60 284 55 8
D 282 33 2 50 283 61 8
D 281 29 2 45 282 63 8
D 280 25 2 37 281 65 8
D 290 57 2 92 91 90 8
D 289 55 2 93 290 88 8
D 288 53 2 83 289 94 8
D 287 49 2 78 288 96 8
D 286 45 2 70 287 98 8
D 295 69 2 114 113 112 8
D 294 67 2 115 295 110 8
D 293 65 2 108 294 116 8
D 292 63 2 103 293 117 8
D 305 117 2 180 252 182 8
D 304 115 2 183 305 178 8
D 303 113 2 176 304 184 8
D 302 111 2 174 303 185 8
D 301 109 2 172 302 186 8
D 300 107 2 167 301 187 8
D 299 103 2 162 300 189 8
D 298 99 2 147 299 191 8
D 308 87 2 140 198 142 8
D 307 85 2 143 308 138 8
D 306 83 2 133 307 144 8
D 311 87 2 140 141 142 29
D 310 85 2 138 258 143 311
D 309 83 2 133 310 144 29
D 297 89 4 132 298 253 244 306 146 309 8
D 296 79 2 120 297 199 8
D 315 69 2 114 206 112 29
D 314 67 2 110 262 115 315
D 313 65 2 108 314 116 29
D 312 63 2 103 313 117 29
D 291 71 4 292 119 102 296 238 242 312 8
D 320 57 2 92 212 90 29
D 319 55 2 93 320 88 267
D 318 53 2 83 319 94 29
D 317 49 2 78 318 96 29
D 316 45 2 70 317 98 29
D 285 59 4 286 101 232 237 69 291 316 8
D 325 37 2 57 58 59 29
D 324 35 2 60 325 55 272
D 323 33 2 50 324 61 29
D 322 29 2 45 323 63 29
D 321 25 2 37 322 65 29
D 279 39 4 280 68 226 231 36 285 321 8
D 330 17 2 25 24 23 8
D 329 15 2 21 330 26 8
D 328 13 2 16 329 27 8
D 327 9 2 221 328 224 8
D 326 5 2 2 327 32 8
D 334 27 2 46 64 48 8
D 336 35 2 55 284 60 8
D 335 33 2 50 336 61 8
D 337 27 2 46 47 48 29
D 333 29 2 334 335 337 8
D 332 25 2 37 333 65 8
D 341 47 2 79 97 81 8
D 343 55 2 88 290 93 8
D 342 53 2 83 343 94 8
D 344 47 2 79 80 81 29
D 340 49 2 341 342 344 8
D 339 45 2 70 340 98 8
D 354 115 2 178 305 183 8
D 353 113 2 184 354 176 8
D 352 111 2 174 353 185 8
D 351 109 2 172 352 186 8
D 350 107 2 167 351 187 8
D 349 103 2 162 350 189 8
D 348 99 2 147 349 191 8
D 356 81 2 134 145 136 8
D 357 85 2 138 308 143 8
D 358 81 2 134 135 136 29
D 355 83 2 356 357 358 8
D 360 85 2 138 311 143 29
D 359 83 3 133 310 356 360 136 29
D 347 89 5 132 348 253 298 306 244 355 146 359 8
D 346 79 2 120 347 199 8
D 363 67 2 110 295 115 8
D 362 65 2 108 363 116 8
D 361 63 2 103 362 117 8
D 366 77 2 128 127 126 8
D 365 75 2 121 366 129 8
D 368 77 2 128 201 126 29
D 367 75 2 121 368 129 29
D 364 79 2 365 131 367 8
D 372 69 2 112 206 114 8
D 371 67 2 110 372 115 315
D 370 65 2 108 371 116 29
D 369 63 2 103 370 117 29
D 345 71 5 102 346 238 296 292 242 361 364 369 8
D 376 55 2 88 320 93 29
D 375 53 2 83 376 94 29
D 374 49 3 78 318 341 375 81 29
D 373 45 2 70 374 98 29
D 338 59 5 339 101 286 237 232 291 69 345 373 8
D 380 35 2 55 325 60 29
D 379 33 2 50 380 61 29
D 378 29 3 45 323 334 379 48 29
D 377 25 2 37 378 65 29
D 331 39 5 332 68 280 231 226 285 36 338 377 8
D 385 17 2 23 24 25 278
D 386 17 2 23 278 25 29
D 384 15 2 21 385 26 386
D 383 13 2 16 384 27 29
D 388 15 2 21 386 26 29
D 387 13 2 16 388 27 29
D 382 9 3 221 383 11 387 14 29
D 381 5 2 2 382 32 29
D 0 19 5 1 35 219 225 273 279 326 331 381 8
