c ids of sdd nodes start at 0
c sdd nodes appear bottom-up, children before parents
c
c file syntax:
c sdd count-of-sdd-nodes
c F id-of-false-sdd-node
c T id-of-true-sdd-node
c L id-of-literal-sdd-node id-of-vtree literal
c D id-of-decomposition-sdd-node id-of-vtree number-of-elements {id-of-prime id-of-sub}*
c
sdd 507
L 3 0 -3
L 5 2 -4
L 6 4 -2
L 7 2 4
F 8
D 4 3 2 5 6 7 8
L 9 0 3
D 2 1 2 3 4 9 8
L 12 6 -6
L 13 8 -7
L 14 6 6
D 11 7 2 12 13 14 8
L 17 10 -5
L 18 12 1
L 19 10 5
D 16 11 2 17 18 19 8
L 21 14 -8
L 23 16 -10
L 24 18 -9
L 25 16 10
D 22 17 2 23 24 25 8
L 26 14 8
D 20 15 2 21 22 26 8
L 28 12 -1
T 29
D 27 11 2 17 28 19 29
D 15 13 2 16 20 27 8
L 31 8 7
D 30 7 2 12 31 14 29
D 10 9 2 11 15 30 8
L 34 4 2
D 33 3 2 5 34 7 29
D 32 1 2 3 33 9 29
D 1 5 2 2 10 32 8
L 38 20 -13
L 40 22 -15
L 41 24 -14
L 42 22 15
D 39 23 2 40 41 42 8
L 43 20 13
D 37 21 2 38 39 43 8
L 46 26 -16
L 47 28 -17
L 48 26 16
D 45 27 2 46 47 48 8
L 51 30 11
L 52 32 -12
L 53 30 -11
D 50 31 2 51 52 53 8
L 55 34 -18
L 57 36 -19
L 58 38 -20
L 59 36 19
D 56 37 2 57 58 59 8
L 60 34 18
D 54 35 2 55 56 60 8
L 62 32 12
D 61 31 2 51 62 53 29
D 49 33 2 50 54 61 8
L 64 28 17
D 63 27 2 46 64 48 29
D 44 29 2 45 49 63 8
L 67 24 14
D 66 23 2 40 67 42 29
D 65 21 2 38 66 43 29
D 36 25 2 37 44 65 8
L 71 40 -23
L 73 42 -24
L 74 44 -22
L 75 42 24
D 72 43 2 73 74 75 8
L 76 40 23
D 70 41 2 71 72 76 8
L 79 46 -26
L 80 48 -27
L 81 46 26
D 78 47 2 79 80 81 8
L 84 50 -25
L 85 52 21
L 86 50 25
D 83 51 2 84 85 86 8
L 88 54 -28
L 90 56 -30
L 91 58 -29
L 92 56 30
D 89 57 2 90 91 92 8
L 93 54 28
D 87 55 2 88 89 93 8
L 95 52 -21
D 94 51 2 84 95 86 29
D 82 53 2 83 87 94 8
L 97 48 27
D 96 47 2 79 97 81 29
D 77 49 2 78 82 96 8
L 100 44 22
D 99 43 2 73 100 75 29
D 98 41 2 71 99 76 29
D 69 45 2 70 77 98 8
L 104 60 -33
L 105 62 -32
L 106 60 33
D 103 61 2 104 105 106 8
L 108 64 31
L 110 66 -38
L 112 68 -40
L 113 70 -39
L 114 68 40
D 111 69 2 112 113 114 8
L 115 66 38
D 109 67 2 110 111 115 8
L 116 64 -31
D 107 65 2 108 109 116 8
L 118 62 32
D 117 61 2 104 118 106 29
D 102 63 2 103 107 117 8
L 122 72 -34
L 123 74 -35
L 124 72 34
D 121 73 2 122 123 124 8
L 126 76 -37
L 127 78 -36
L 128 76 37
D 125 77 2 126 127 128 8
L 130 74 35
D 129 73 2 122 130 124 29
D 120 75 2 121 125 129 8
L 134 80 46
L 135 82 -47
L 136 80 -46
D 133 81 2 134 135 136 8
L 138 84 -48
L 140 86 -49
L 141 88 -50
L 142 86 49
D 139 87 2 140 141 142 8
L 143 84 48
D 137 85 2 138 139 143 8
L 145 82 47
D 144 81 2 134 145 136 29
D 132 83 2 133 137 144 8
L 149 90 -41
L 150 92 -42
L 151 90 41
D 148 91 2 149 150 151 8
L 153 94 -43
L 155 96 -45
L 156 98 -44
L 157 96 45
D 154 97 2 155 156 157 8
L 158 94 43
D 152 95 2 153 154 158 8
L 160 92 42
D 159 91 2 149 160 151 29
D 147 93 2 148 152 159 8
L 163 100 -51
L 164 102 52
L 165 100 51
D 162 101 2 163 164 165 8
L 168 104 -53
L 169 106 -54
L 170 104 53
D 167 105 2 168 169 170 8
L 172 108 -55
L 174 110 -56
L 176 112 -57
L 178 114 -58
L 180 116 -59
L 181 118 -60
L 182 116 59
D 179 117 2 180 181 182 8
L 183 114 58
D 177 115 2 178 179 183 8
L 184 112 57
D 175 113 2 176 177 184 8
L 185 110 56
D 173 111 2 174 175 185 8
L 186 108 55
D 171 109 2 172 173 186 8
L 188 106 54
D 187 105 2 168 188 170 29
D 166 107 2 167 171 187 8
L 190 102 -52
D 189 101 2 163 190 165 29
D 161 103 2 162 166 189 8
L 194 98 44
D 193 97 2 155 194 157 29
D 192 95 2 153 193 158 29
D 191 93 2 148 192 159 29
D 146 99 2 147 161 191 8
D 196 81 2 136 135 134 8
D 197 81 2 136 145 134 29
D 195 83 2 196 137 197 8
D 200 91 2 151 150 149 8
D 201 91 2 151 160 149 29
D 199 93 2 200 152 201 8
D 203 101 2 163 190 165 8
D 207 113 2 184 177 176 8
D 206 111 2 174 207 185 8
D 205 109 2 172 206 186 8
D 204 107 2 167 205 187 8
D 208 101 2 163 164 165 29
D 202 103 2 203 204 208 8
D 210 91 2 149 160 151 8
D 211 91 2 149 150 151 29
D 209 93 2 210 152 211 8
D 215 111 2 185 175 174 8
D 214 109 2 172 215 186 8
D 213 107 2 167 214 187 8
D 212 103 2 203 213 208 8
D 217 95 2 158 154 153 8
D 216 93 2 148 217 159 8
D 220 109 2 186 173 172 8
D 219 107 2 167 220 187 8
D 218 103 2 203 219 208 8
D 223 97 2 155 194 157 8
D 222 95 2 153 223 158 8
D 221 93 2 148 222 159 8
D 226 105 2 168 188 170 8
D 227 105 2 168 169 170 29
D 225 107 2 226 171 227 8
D 224 103 2 203 225 208 8
D 230 97 2 157 156 155 8
D 229 95 2 153 230 158 8
D 228 93 2 148 229 159 8
D 233 105 2 170 169 168 8
D 234 105 2 170 188 168 29
D 232 107 2 233 171 234 8
D 231 103 2 203 232 208 8
D 237 97 2 155 156 157 194
D 236 95 2 153 237 158 193
D 238 91 2 151 150 149 160
D 239 91 2 151 160 149 8
D 235 93 3 148 236 238 192 239 29
D 198 99 6 199 202 209 212 216 218 221 224 228 231 235 8
D 241 81 2 136 145 134 8
D 242 81 2 136 135 134 29
D 240 83 2 241 137 242 8
D 245 101 2 165 190 163 8
D 246 101 2 165 164 163 29
D 244 103 2 245 166 246 8
D 243 99 2 147 244 191 8
D 248 81 2 134 135 136 29
L 251 88 50
D 250 87 2 140 251 142 29
D 249 85 2 138 250 143 29
D 252 81 2 134 145 136 8
D 247 83 2 248 249 252 29
D 131 89 4 132 146 195 198 240 243 247 8
L 255 78 36
D 254 77 2 126 255 128 29
D 253 75 2 121 254 129 29
D 119 79 2 120 131 253 8
D 257 65 2 116 109 108 8
D 256 63 2 103 257 117 8
D 260 73 2 124 123 122 8
D 261 73 2 124 130 122 29
D 259 75 2 260 125 261 8
D 266 97 2 155 156 157 29
D 265 95 2 153 266 158 193
D 264 93 3 148 265 238 192 239 29
D 263 99 5 199 224 209 231 216 161 221 244 264 8
D 267 83 2 196 249 197 29
D 262 89 2 195 263 267 8
D 269 73 2 122 130 124 8
D 270 73 2 122 123 124 29
D 268 75 2 269 125 270 8
D 274 95 2 158 193 153 29
D 273 93 3 148 274 238 192 239 29
D 272 99 4 199 231 209 161 216 244 273 8
D 271 89 2 195 272 267 8
D 276 77 2 126 255 128 8
D 275 75 2 121 276 129 8
D 280 91 2 149 150 151 160
D 279 93 2 238 192 280 29
D 278 99 3 199 161 209 244 279 8
D 277 89 2 195 278 267 8
D 282 77 2 128 127 126 8
D 281 75 2 121 282 129 8
D 285 93 2 200 192 201 29
D 284 99 2 199 244 285 8
D 283 89 2 195 284 267 8
D 287 77 2 126 127 128 255
D 288 73 2 124 123 122 130
D 289 73 2 124 130 122 8
D 286 75 3 121 287 288 254 289 29
D 258 79 5 259 262 268 271 275 277 281 283 286 8
D 291 61 2 104 118 106 8
D 292 61 2 104 105 106 29
D 290 63 2 291 257 292 8
D 295 99 6 199 212 209 218 216 224 221 231 228 161 235 8
D 296 83 2 135 249 145 29
D 294 89 3 132 243 195 295 296 8
D 293 79 2 120 294 253 8
D 298 61 2 106 105 104 8
D 299 61 2 106 118 104 29
D 297 63 2 298 257 299 8
D 302 99 6 199 218 209 224 216 231 221 161 228 244 235 8
D 301 89 2 195 302 267 8
D 300 79 2 120 301 253 8
D 304 61 2 106 105 104 118
L 308 70 39
D 307 69 2 112 308 114 29
D 306 67 2 110 307 115 29
D 305 65 2 116 306 108 29
D 309 61 2 106 118 104 8
D 303 63 3 304 305 103 306 309 29
D 101 71 5 102 119 256 258 290 293 297 300 303 8
D 312 43 2 73 100 75 8
D 311 41 2 71 312 76 8
D 315 51 2 84 95 86 8
D 316 51 2 84 85 86 29
D 314 53 2 315 87 316 8
D 313 49 2 78 314 96 8
D 318 43 2 73 74 75 29
D 317 41 2 71 318 76 29
D 310 45 2 311 313 317 8
D 322 77 2 126 127 128 29
D 321 75 3 121 322 288 254 289 29
D 320 79 4 259 271 268 277 275 283 321 8
D 323 79 2 120 262 253 8
D 319 71 5 102 293 256 320 290 300 297 323 303 8
D 325 41 2 76 72 71 8
D 326 41 2 76 99 71 29
D 324 45 2 325 313 326 8
D 330 73 2 122 123 124 130
D 329 75 2 288 254 330 29
D 328 79 3 259 277 268 283 329 8
D 331 79 2 120 271 253 8
D 327 71 5 102 300 256 328 290 323 297 331 303 8
D 334 43 2 75 74 73 8
D 333 41 2 71 334 76 8
D 336 43 2 75 100 73 29
D 335 41 2 71 336 76 29
D 332 45 2 333 313 335 8
D 339 75 2 260 254 261 29
D 338 79 2 259 283 339 8
D 340 79 2 120 277 253 8
D 337 71 5 102 323 256 338 290 331 297 340 303 8
D 344 51 2 86 95 84 8
D 345 51 2 86 85 84 29
D 343 53 2 344 87 345 8
D 342 49 2 78 343 96 8
D 341 45 2 70 342 98 8
D 347 79 2 120 283 253 8
D 349 65 2 108 306 116 29
D 348 63 3 304 305 103 349 309 29
D 346 71 4 102 331 290 340 297 347 348 8
D 352 47 2 81 80 79 8
D 353 47 2 81 97 79 29
D 351 49 2 352 314 353 8
D 350 45 2 70 351 98 8
D 355 63 3 291 305 103 349 106 29
D 354 71 3 102 340 290 347 355 8
D 358 47 2 79 97 81 8
D 359 47 2 79 80 81 29
D 357 49 2 358 314 359 8
D 356 45 2 70 357 98 8
D 361 63 2 103 349 117 29
D 360 71 2 102 347 361 8
D 365 51 2 86 95 84 85
L 368 58 29
D 367 57 2 90 368 92 29
D 366 55 2 88 367 93 29
D 369 51 2 84 95 86 85
D 364 53 2 365 366 369 29
D 370 47 2 81 80 79 97
D 371 53 2 315 366 316 29
D 372 47 2 81 97 79 8
D 363 49 3 78 364 370 371 372 29
D 374 43 2 75 74 73 100
D 373 41 2 71 374 76 72
D 375 49 2 78 371 96 29
D 377 43 2 75 100 73 8
D 376 41 2 71 377 76 99
D 362 45 3 70 363 373 375 376 29
D 68 59 8 69 101 310 319 324 327 332 337 341 346 350 354 356 360 362 8
D 381 31 2 53 62 51 8
D 382 31 2 53 52 51 29
D 380 33 2 381 54 382 8
D 379 29 2 45 380 63 8
D 378 25 2 37 379 65 8
D 385 49 3 78 364 352 371 97 29
D 384 45 3 70 385 373 375 376 29
D 383 59 7 69 319 310 327 324 337 332 346 341 354 350 360 384 8
D 387 21 2 43 39 38 8
D 390 31 2 53 52 51 8
D 391 31 2 53 62 51 29
D 389 33 2 390 54 391 8
D 388 29 2 45 389 63 8
D 392 21 2 43 66 38 29
D 386 25 2 387 388 392 8
D 395 49 2 78 364 96 29
D 394 45 3 70 395 373 375 376 29
D 393 59 6 69 327 310 337 324 346 332 354 341 360 394 8
D 398 23 2 40 67 42 8
D 397 21 2 38 398 43 8
D 400 23 2 40 41 42 29
D 399 21 2 38 400 43 29
D 396 25 2 397 388 399 8
D 404 53 2 83 366 94 29
D 403 49 2 78 404 96 29
D 402 45 3 70 403 373 375 376 29
D 401 59 5 69 337 310 346 324 354 332 360 402 8
D 407 23 2 42 41 40 8
D 406 21 2 38 407 43 8
D 409 23 2 42 67 40 29
D 408 21 2 38 409 43 29
D 405 25 2 406 388 408 8
D 412 41 2 71 312 76 72
D 413 41 2 76 99 71 75
D 411 45 3 70 403 412 375 413 29
D 410 59 4 69 346 310 354 324 360 411 8
D 416 27 2 48 47 46 8
D 417 27 2 48 64 46 29
D 415 29 2 416 389 417 8
D 414 25 2 37 415 65 8
D 420 41 2 71 75 76 29
D 419 45 3 70 403 311 375 420 29
D 418 59 3 69 354 310 360 419 8
D 423 27 2 46 64 48 8
D 424 27 2 46 47 48 29
D 422 29 2 423 389 424 8
D 421 25 2 37 422 65 8
D 426 45 2 70 403 98 29
D 425 59 2 69 360 426 8
D 430 31 2 51 52 53 62
L 433 38 20
D 432 37 2 57 433 59 29
D 431 35 2 55 432 60 29
D 434 31 2 53 52 51 62
D 429 33 2 430 431 434 29
D 435 27 2 48 47 46 64
D 436 33 2 390 431 391 29
D 437 27 2 48 64 46 8
D 428 29 3 45 429 435 436 437 29
D 439 23 2 42 41 40 67
D 438 21 2 38 439 43 39
D 440 29 2 45 436 63 29
D 442 23 2 42 67 40 8
D 441 21 2 38 442 43 66
D 427 25 3 37 428 438 440 441 29
D 35 39 8 36 68 378 383 386 393 396 401 405 410 414 418 421 425 427 8
D 445 3 2 5 34 7 8
D 444 1 2 3 445 9 8
D 448 11 2 17 28 19 8
D 449 11 2 17 18 19 29
D 447 13 2 448 20 449 8
D 446 9 2 11 447 30 8
D 451 3 2 5 6 7 29
D 450 1 2 3 451 9 29
D 443 5 2 444 446 450 8
D 454 29 3 45 429 416 436 64 29
D 453 25 3 37 454 438 440 441 29
D 452 39 7 36 383 378 393 386 401 396 410 405 418 414 425 453 8
D 456 1 2 9 4 3 8
D 457 1 2 9 33 3 29
D 455 5 2 456 446 457 8
D 460 29 2 45 429 63 29
D 459 25 3 37 460 438 440 441 29
D 458 39 6 36 393 378 401 386 410 396 418 405 425 459 8
D 463 3 2 7 6 5 8
D 462 1 2 3 463 9 8
D 465 3 2 7 34 5 29
D 464 1 2 3 465 9 29
D 461 5 2 462 446 464 8
D 468 21 2 38 398 43 39
D 469 21 2 43 66 38 42
D 467 25 3 37 460 468 440 469 29
D 466 39 5 36 401 378 410 386 418 396 425 467 8
D 473 11 2 19 28 17 8
D 474 11 2 19 18 17 29
D 472 13 2 473 20 474 8
D 471 9 2 11 472 30 8
D 470 5 2 2 471 32 8
D 476 25 3 37 460 387 440 66 29
D 475 39 4 36 410 378 418 386 425 476 8
D 479 7 2 14 13 12 8
D 480 7 2 14 31 12 29
D 478 9 2 479 447 480 8
D 477 5 2 2 478 32 8
D 482 25 2 37 460 65 29
D 481 39 3 36 418 378 425 482 8
D 485 7 2 12 31 14 8
D 486 7 2 12 13 14 29
D 484 9 2 485 447 486 8
D 483 5 2 2 484 32 8
D 490 33 2 50 431 61 29
D 489 29 2 45 490 63 29
D 488 25 2 37 489 65 29
D 487 39 2 36 425 488 8
D 494 11 2 19 28 17 18
L 497 18 9
D 496 17 2 23 497 25 29
D 495 15 2 21 496 26 29
D 498 11 2 17 28 19 18
D 493 13 2 494 495 498 29
D 499 7 2 14 13 12 31
D 500 13 2 448 495 449 29
D 501 7 2 14 31 12 8
D 492 9 3 11 493 499 500 501 29
D 503 3 2 7 6 5 34
D 502 1 2 3 503 9 4
D 504 9 2 11 500 30 29
D 506 3 2 7 34 5 8
D 505 1 2 3 506 9 33
D 491 5 3 2 492 502 504 505 29
D 0 19 8 1 35 443 452 455 458 461 466 470 475 477 481 483 487 491 8
