c ids of sdd nodes start at 0
c sdd nodes appear bottom-up, children before parents
c
c file syntax:
c sdd count-of-sdd-nodes
c F id-of-false-sdd-node
c T id-of-true-sdd-node
c L id-of-literal-sdd-node id-of-vtree literal
c D id-of-decomposition-sdd-node id-of-vtree number-of-elements {id-of-prime id-of-sub}*
c
sdd 553
L 3 0 -3
L 5 2 -4
L 6 4 -2
L 7 2 4
F 8
D 4 3 2 5 6 7 8
L 9 0 3
D 2 1 2 3 4 9 8
L 12 6 -6
L 13 8 -7
L 14 6 6
D 11 7 2 12 13 14 8
L 17 10 -5
L 18 12 1
L 19 10 5
D 16 11 2 17 18 19 8
L 21 14 -8
L 23 16 -10
L 24 18 -9
L 25 16 10
D 22 17 2 23 24 25 8
L 26 14 8
D 20 15 2 21 22 26 8
L 28 12 -1
T 29
D 27 11 2 17 28 19 29
D 15 13 2 16 20 27 8
L 31 8 7
D 30 7 2 12 31 14 29
D 10 9 2 11 15 30 8
L 34 4 2
D 33 3 2 5 34 7 29
D 32 1 2 3 33 9 29
D 1 5 2 2 10 32 8
L 38 20 -13
L 40 22 -15
L 41 24 -14
L 42 22 15
D 39 23 2 40 41 42 8
L 43 20 13
D 37 21 2 38 39 43 8
L 46 26 -16
L 47 28 -17
L 48 26 16
D 45 27 2 46 47 48 8
L 51 30 11
L 52 32 -12
L 53 30 -11
D 50 31 2 51 52 53 8
L 55 34 -18
L 57 36 -19
L 58 38 -20
L 59 36 19
D 56 37 2 57 58 59 8
L 60 34 18
D 54 35 2 55 56 60 8
L 62 32 12
D 61 31 2 51 62 53 29
D 49 33 2 50 54 61 8
L 64 28 17
D 63 27 2 46 64 48 29
D 44 29 2 45 49 63 8
L 67 24 14
D 66 23 2 40 67 42 29
D 65 21 2 38 66 43 29
D 36 25 2 37 44 65 8
L 71 40 -23
L 73 42 -24
L 74 44 -22
L 75 42 24
D 72 43 2 73 74 75 8
L 76 40 23
D 70 41 2 71 72 76 8
L 79 46 -26
L 80 48 -27
L 81 46 26
D 78 47 2 79 80 81 8
L 84 50 -25
L 85 52 21
L 86 50 25
D 83 51 2 84 85 86 8
L 88 54 -28
L 90 56 -30
L 91 58 -29
L 92 56 30
D 89 57 2 90 91 92 8
L 93 54 28
D 87 55 2 88 89 93 8
L 95 52 -21
D 94 51 2 84 95 86 29
D 82 53 2 83 87 94 8
L 97 48 27
D 96 47 2 79 97 81 29
D 77 49 2 78 82 96 8
L 100 44 22
D 99 43 2 73 100 75 29
D 98 41 2 71 99 76 29
D 69 45 2 70 77 98 8
L 104 60 -33
L 105 62 -32
L 106 60 33
D 103 61 2 104 105 106 8
L 108 64 31
L 110 66 -38
L 112 68 -40
L 113 70 -39
L 114 68 40
D 111 69 2 112 113 114 8
L 115 66 38
D 109 67 2 110 111 115 8
L 116 64 -31
D 107 65 2 108 109 116 8
L 118 62 32
D 117 61 2 104 118 106 29
D 102 63 2 103 107 117 8
L 122 72 -34
L 123 74 -35
L 124 72 34
D 121 73 2 122 123 124 8
L 126 76 -37
L 127 78 -36
L 128 76 37
D 125 77 2 126 127 128 8
L 130 74 35
D 129 73 2 122 130 124 29
D 120 75 2 121 125 129 8
L 134 80 -46
L 135 82 -47
L 136 80 46
D 133 81 2 134 135 136 8
L 138 84 -48
L 140 86 -49
L 141 88 -50
L 142 86 49
D 139 87 2 140 141 142 8
L 143 84 48
D 137 85 2 138 139 143 8
L 145 82 47
D 144 81 2 134 145 136 29
D 132 83 2 133 137 144 8
L 149 90 41
L 150 92 -42
L 151 90 -41
D 148 91 2 149 150 151 8
L 153 94 -43
L 155 96 -45
L 156 98 -44
L 157 96 45
D 154 97 2 155 156 157 8
L 158 94 43
D 152 95 2 153 154 158 8
L 160 92 42
D 159 91 2 149 160 151 29
D 147 93 2 148 152 159 8
L 163 100 -51
L 164 102 -52
L 165 100 51
D 162 101 2 163 164 165 8
L 168 104 -53
L 169 106 -54
L 170 104 53
D 167 105 2 168 169 170 8
L 172 108 -55
L 174 110 -56
L 176 112 -57
L 178 114 58
L 180 116 -59
L 181 118 -60
L 182 116 59
D 179 117 2 180 181 182 8
L 183 114 -58
D 177 115 2 178 179 183 8
L 184 112 57
D 175 113 2 176 177 184 8
L 185 110 56
D 173 111 2 174 175 185 8
L 186 108 55
D 171 109 2 172 173 186 8
L 188 106 54
D 187 105 2 168 188 170 29
D 166 107 2 167 171 187 8
L 190 102 52
D 189 101 2 163 190 165 29
D 161 103 2 162 166 189 8
D 192 91 2 151 160 149 8
D 193 91 2 151 150 149 29
D 191 93 2 192 152 193 8
D 199 115 2 183 179 178 8
D 198 113 2 184 199 176 8
D 197 111 2 174 198 185 8
D 196 109 2 172 197 186 8
D 195 107 2 167 196 187 8
D 194 103 2 162 195 189 8
D 201 91 2 151 150 149 8
D 202 95 2 158 154 153 8
D 203 91 2 151 160 149 29
D 200 93 2 201 202 203 8
D 208 113 2 176 199 184 8
D 207 111 2 185 208 174 8
D 206 109 2 172 207 186 8
D 205 107 2 167 206 187 8
D 204 103 2 162 205 189 8
L 212 98 44
D 211 97 2 155 212 157 8
D 210 95 2 153 211 158 8
D 209 93 2 201 210 203 8
D 216 111 2 174 208 185 8
D 215 109 2 186 216 172 8
D 214 107 2 167 215 187 8
D 213 103 2 162 214 189 8
D 219 97 2 157 156 155 8
D 218 95 2 153 219 158 8
D 217 93 2 201 218 203 8
D 222 105 2 168 188 170 8
D 223 109 2 172 216 186 8
D 224 105 2 168 169 170 29
D 221 107 2 222 223 224 8
D 220 103 2 162 221 189 8
D 227 97 2 155 156 157 212
D 228 97 2 155 212 157 29
D 226 95 2 153 227 158 228
D 229 91 2 149 150 151 160
D 230 95 2 153 228 158 29
D 231 91 2 149 160 151 8
D 225 93 3 201 226 229 230 231 29
D 146 99 6 147 161 191 194 200 204 209 213 217 220 225 8
D 233 81 2 136 135 134 8
D 234 81 2 136 145 134 29
D 232 83 2 233 137 234 8
D 236 93 2 201 152 203 8
D 239 105 2 170 169 168 8
D 240 105 2 170 188 168 29
D 238 107 2 239 223 240 8
D 237 103 2 162 238 189 8
D 241 93 2 201 230 203 29
D 235 99 2 236 237 241 8
D 243 81 2 134 145 136 8
D 244 81 2 134 135 136 29
D 242 83 2 243 137 244 8
D 247 101 2 163 190 165 8
D 248 107 2 167 223 187 8
D 249 101 2 163 164 165 29
D 246 103 2 247 248 249 8
D 245 99 2 236 246 241 8
D 251 85 2 143 139 138 8
D 250 83 2 133 251 144 8
D 254 101 2 165 164 163 8
D 255 101 2 165 190 163 29
D 253 103 2 254 248 255 8
D 252 99 2 236 253 241 8
D 257 81 2 136 135 134 145
L 260 88 50
D 259 87 2 140 260 142 29
D 258 85 2 138 259 143 29
D 261 81 2 136 145 134 8
D 256 83 3 257 258 133 259 261 29
D 131 89 5 132 146 232 235 242 245 250 252 256 8
L 264 78 36
D 263 77 2 126 264 128 29
D 262 75 2 121 263 129 29
D 119 79 2 120 131 262 8
D 266 65 2 116 109 108 8
D 265 63 2 103 266 117 8
D 269 73 2 124 123 122 8
D 270 73 2 124 130 122 29
D 268 75 2 269 125 270 8
D 272 99 6 147 213 191 220 200 237 209 246 217 253 225 8
D 273 83 2 133 258 144 29
D 271 89 2 132 272 273 8
D 275 73 2 122 130 124 8
D 276 73 2 122 123 124 29
D 274 75 2 275 125 276 8
D 281 97 2 155 156 157 29
D 280 95 2 153 281 158 228
D 279 93 3 201 280 229 230 231 29
D 278 99 5 147 220 191 237 200 246 209 253 279 8
D 277 89 2 132 278 273 8
D 283 77 2 126 264 128 8
D 282 75 2 121 283 129 8
D 287 95 2 158 228 153 29
D 286 93 3 201 287 229 230 231 29
D 285 99 4 147 237 191 246 200 253 286 8
D 284 89 2 132 285 273 8
D 289 77 2 128 127 126 8
D 288 75 2 121 289 129 8
D 293 91 2 151 150 149 160
D 292 93 2 229 230 293 29
D 291 99 3 147 246 191 253 292 8
D 290 89 2 132 291 273 8
D 295 77 2 126 127 128 264
D 296 73 2 124 123 122 130
D 297 73 2 124 130 122 8
D 294 75 3 121 295 296 263 297 29
D 267 79 5 268 271 274 277 282 284 288 290 294 8
D 299 61 2 104 118 106 8
D 300 61 2 104 105 106 29
D 298 63 2 299 266 300 8
D 303 99 6 147 194 191 204 200 213 209 220 217 237 225 8
D 305 81 2 136 135 134 29
D 304 83 2 305 258 261 29
D 302 89 4 232 245 132 303 242 252 304 8
D 301 79 2 120 302 262 8
D 307 61 2 106 105 104 8
D 308 61 2 106 118 104 29
D 306 63 2 307 266 308 8
D 311 99 6 147 204 191 213 200 220 209 237 217 246 225 8
D 312 83 2 135 258 145 29
D 310 89 3 232 252 132 311 312 8
D 309 79 2 120 310 262 8
D 315 67 2 115 111 110 8
D 314 65 2 116 315 108 8
D 313 63 2 103 314 117 8
D 319 93 2 148 230 159 29
D 318 99 2 147 253 319 8
D 317 89 2 132 318 273 8
D 316 79 2 120 317 262 8
L 324 70 39
D 323 69 2 112 324 114 29
D 322 67 2 110 323 115 29
D 321 65 2 108 322 116 323
D 325 61 2 106 105 104 118
D 326 65 2 116 322 108 29
D 327 61 2 106 118 104 8
D 320 63 3 103 321 325 326 327 29
D 101 71 6 102 119 265 267 298 301 306 309 313 316 320 8
D 330 43 2 73 100 75 8
D 329 41 2 71 330 76 8
D 333 51 2 84 95 86 8
D 334 51 2 84 85 86 29
D 332 53 2 333 87 334 8
D 331 49 2 78 332 96 8
D 336 43 2 73 74 75 29
D 335 41 2 71 336 76 29
D 328 45 2 329 331 335 8
D 338 79 5 268 277 274 284 282 290 288 317 294 8
D 339 79 2 120 271 262 8
D 340 63 3 325 326 103 322 327 29
D 337 71 5 102 301 265 338 298 309 306 339 340 8
D 342 41 2 76 72 71 8
D 343 41 2 76 99 71 29
D 341 45 2 342 331 343 8
D 347 77 2 126 127 128 29
D 346 75 3 121 347 296 263 297 29
D 345 79 4 268 284 274 290 282 317 346 8
D 348 79 2 120 277 262 8
D 344 71 5 102 309 265 345 298 339 306 348 340 8
D 351 43 2 75 74 73 8
D 350 41 2 71 351 76 8
D 353 43 2 75 100 73 29
D 352 41 2 71 353 76 29
D 349 45 2 350 331 352 8
D 357 73 2 122 123 124 130
D 356 75 2 296 263 357 29
D 355 79 3 268 290 274 317 356 8
D 358 79 2 120 284 262 8
D 354 71 5 102 339 265 355 298 348 306 358 340 8
D 362 51 2 86 95 84 8
D 363 51 2 86 85 84 29
D 361 53 2 362 87 363 8
D 360 49 2 78 361 96 8
D 359 45 2 70 360 98 8
D 366 75 2 269 263 270 29
D 365 79 2 268 317 366 8
D 367 79 2 120 290 262 8
D 364 71 5 102 348 265 365 298 358 306 367 340 8
D 370 47 2 81 80 79 8
D 371 47 2 81 97 79 29
D 369 49 2 370 332 371 8
D 368 45 2 70 369 98 8
D 374 65 2 108 322 116 29
D 373 63 3 325 326 103 374 327 29
D 372 71 4 102 358 298 367 306 316 373 8
D 377 47 2 79 97 81 8
D 378 47 2 79 80 81 29
D 376 49 2 377 332 378 8
D 375 45 2 70 376 98 8
D 380 63 3 299 326 103 374 106 29
D 379 71 3 102 367 298 316 380 8
D 384 55 2 93 89 88 8
D 383 53 2 333 384 334 8
D 382 49 2 78 383 96 8
D 381 45 2 70 382 98 8
D 386 63 2 103 374 117 29
D 385 71 2 102 316 386 8
L 392 58 29
D 391 57 2 90 392 92 29
D 390 55 2 93 391 88 29
D 393 51 2 86 95 84 85
D 394 55 2 88 391 93 29
D 395 51 2 86 85 84 8
D 389 53 3 333 390 393 394 395 29
D 396 47 2 81 80 79 97
D 397 53 2 333 394 334 29
D 398 47 2 81 97 79 8
D 388 49 3 78 389 396 397 398 29
D 400 43 2 75 74 73 100
D 399 41 2 71 400 76 72
D 401 49 2 78 397 96 29
D 403 43 2 75 100 73 8
D 402 41 2 71 403 76 99
D 387 45 3 70 388 399 401 402 29
D 68 59 9 69 101 328 337 341 344 349 354 359 364 368 372 375 379 381 385 387 8
D 407 31 2 53 62 51 8
D 408 31 2 53 52 51 29
D 406 33 2 407 54 408 8
D 405 29 2 45 406 63 8
D 404 25 2 37 405 65 8
D 413 51 2 84 95 86 85
D 412 53 2 393 394 413 29
D 411 49 3 78 412 396 397 398 29
D 410 45 3 70 411 399 401 402 29
D 409 59 8 69 337 328 344 341 354 349 364 359 372 368 379 375 385 410 8
D 415 21 2 43 39 38 8
D 418 31 2 53 52 51 8
D 419 31 2 53 62 51 29
D 417 33 2 418 54 419 8
D 416 29 2 45 417 63 8
D 420 21 2 43 66 38 29
D 414 25 2 415 416 420 8
D 423 49 3 78 412 370 397 97 29
D 422 45 3 70 423 399 401 402 29
D 421 59 7 69 344 328 354 341 364 349 372 359 379 368 385 422 8
D 426 23 2 40 67 42 8
D 425 21 2 38 426 43 8
D 428 23 2 40 41 42 29
D 427 21 2 38 428 43 29
D 424 25 2 425 416 427 8
D 431 49 2 78 412 96 29
D 430 45 3 70 431 399 401 402 29
D 429 59 6 69 354 328 364 341 372 349 379 359 385 430 8
D 434 23 2 42 41 40 8
D 433 21 2 38 434 43 8
D 436 23 2 42 67 40 29
D 435 21 2 38 436 43 29
D 432 25 2 433 416 435 8
D 440 53 2 83 394 94 29
D 439 49 2 78 440 96 29
D 438 45 3 70 439 399 401 402 29
D 437 59 5 69 364 328 372 341 379 349 385 438 8
D 443 27 2 48 47 46 8
D 444 27 2 48 64 46 29
D 442 29 2 443 417 444 8
D 441 25 2 37 442 65 8
D 447 41 2 71 330 76 72
D 448 41 2 76 99 71 75
D 446 45 3 70 439 447 401 448 29
D 445 59 4 69 372 328 379 341 385 446 8
D 451 27 2 46 64 48 8
D 452 27 2 46 47 48 29
D 450 29 2 451 417 452 8
D 449 25 2 37 450 65 8
D 455 41 2 71 75 76 29
D 454 45 3 70 439 329 401 455 29
D 453 59 3 69 379 328 385 454 8
D 459 35 2 60 56 55 8
D 458 33 2 418 459 419 8
D 457 29 2 45 458 63 8
D 456 25 2 37 457 65 8
D 461 45 2 70 439 98 29
D 460 59 2 69 385 461 8
L 467 38 20
D 466 37 2 57 467 59 29
D 465 35 2 60 466 55 29
D 468 31 2 51 52 53 62
D 469 35 2 55 466 60 29
D 470 31 2 51 62 53 8
D 464 33 3 418 465 468 469 470 29
D 471 27 2 48 47 46 64
D 472 33 2 418 469 419 29
D 473 27 2 48 64 46 8
D 463 29 3 45 464 471 472 473 29
D 475 23 2 42 41 40 67
D 474 21 2 38 475 43 39
D 476 29 2 45 472 63 29
D 478 23 2 42 67 40 8
D 477 21 2 38 478 43 66
D 462 25 3 37 463 474 476 477 29
D 35 39 9 36 68 404 409 414 421 424 429 432 437 441 445 449 453 456 460 462 8
D 481 3 2 5 34 7 8
D 480 1 2 3 481 9 8
D 484 11 2 17 28 19 8
D 485 11 2 17 18 19 29
D 483 13 2 484 20 485 8
D 482 9 2 11 483 30 8
D 487 3 2 5 6 7 29
D 486 1 2 3 487 9 29
D 479 5 2 480 482 486 8
D 492 31 2 53 52 51 62
D 491 33 2 468 469 492 29
D 490 29 3 45 491 471 472 473 29
D 489 25 3 37 490 474 476 477 29
D 488 39 8 36 409 404 421 414 429 424 437 432 445 441 453 449 460 489 8
D 494 1 2 9 4 3 8
D 495 1 2 9 33 3 29
D 493 5 2 494 482 495 8
D 498 29 3 45 491 443 472 64 29
D 497 25 3 37 498 474 476 477 29
D 496 39 7 36 421 404 429 414 437 424 445 432 453 441 460 497 8
D 501 3 2 7 6 5 8
D 500 1 2 3 501 9 8
D 503 3 2 7 34 5 29
D 502 1 2 3 503 9 29
D 499 5 2 500 482 502 8
D 506 29 2 45 491 63 29
D 505 25 3 37 506 474 476 477 29
D 504 39 6 36 429 404 437 414 445 424 453 432 460 505 8
D 510 11 2 19 28 17 8
D 511 11 2 19 18 17 29
D 509 13 2 510 20 511 8
D 508 9 2 11 509 30 8
D 507 5 2 2 508 32 8
D 514 21 2 38 426 43 39
D 515 21 2 43 66 38 42
D 513 25 3 37 506 514 476 515 29
D 512 39 5 36 437 404 445 414 453 424 460 513 8
D 518 7 2 14 13 12 8
D 519 7 2 14 31 12 29
D 517 9 2 518 483 519 8
D 516 5 2 2 517 32 8
D 521 25 3 37 506 415 476 66 29
D 520 39 4 36 445 404 453 414 460 521 8
D 524 7 2 12 31 14 8
D 525 7 2 12 13 14 29
D 523 9 2 524 483 525 8
D 522 5 2 2 523 32 8
D 527 25 2 37 506 65 29
D 526 39 3 36 453 404 460 527 8
D 531 15 2 26 22 21 8
D 530 13 2 484 531 485 8
D 529 9 2 11 530 30 8
D 528 5 2 2 529 32 8
D 535 33 2 50 469 61 29
D 534 29 2 45 535 63 29
D 533 25 2 37 534 65 29
D 532 39 2 36 460 533 8
L 541 18 9
D 540 17 2 23 541 25 29
D 539 15 2 26 540 21 29
D 542 11 2 19 28 17 18
D 543 15 2 21 540 26 29
D 544 11 2 19 18 17 8
D 538 13 3 484 539 542 543 544 29
D 545 7 2 14 13 12 31
D 546 13 2 484 543 485 29
D 547 7 2 14 31 12 8
D 537 9 3 11 538 545 546 547 29
D 549 3 2 7 6 5 34
D 548 1 2 3 549 9 4
D 550 9 2 11 546 30 29
D 552 3 2 7 34 5 8
D 551 1 2 3 552 9 33
D 536 5 3 2 537 548 550 551 29
D 0 19 9 1 35 479 488 493 496 499 504 507 512 516 520 522 526 528 532 536 8
