c ids of sdd nodes start at 0
c sdd nodes appear bottom-up, children before parents
c
c file syntax:
c sdd count-of-sdd-nodes
c F id-of-false-sdd-node
c T id-of-true-sdd-node
c L id-of-literal-sdd-node id-of-vtree literal
c D id-of-decomposition-sdd-node id-of-vtree number-of-elements {id-of-prime id-of-sub}*
c
sdd 606
L 3 0 -3
L 5 2 -4
L 6 4 -2
L 7 2 4
F 8
D 4 3 2 5 6 7 8
L 9 0 3
D 2 1 2 3 4 9 8
L 12 6 -6
L 13 8 -7
L 14 6 6
D 11 7 2 12 13 14 8
L 17 10 -5
L 18 12 1
L 19 10 5
D 16 11 2 17 18 19 8
L 21 14 -8
L 23 16 -10
L 24 18 -9
L 25 16 10
D 22 17 2 23 24 25 8
L 26 14 8
D 20 15 2 21 22 26 8
L 28 12 -1
T 29
D 27 11 2 17 28 19 29
D 15 13 2 16 20 27 8
L 31 8 7
D 30 7 2 12 31 14 29
D 10 9 2 11 15 30 8
L 34 4 2
D 33 3 2 5 34 7 29
D 32 1 2 3 33 9 29
D 1 5 2 2 10 32 8
L 38 20 -13
L 40 22 -15
L 41 24 -14
L 42 22 15
D 39 23 2 40 41 42 8
L 43 20 13
D 37 21 2 38 39 43 8
L 46 26 -16
L 47 28 -17
L 48 26 16
D 45 27 2 46 47 48 8
L 51 30 11
L 52 32 -12
L 53 30 -11
D 50 31 2 51 52 53 8
L 55 34 -18
L 57 36 -19
L 58 38 -20
L 59 36 19
D 56 37 2 57 58 59 8
L 60 34 18
D 54 35 2 55 56 60 8
L 62 32 12
D 61 31 2 51 62 53 29
D 49 33 2 50 54 61 8
L 64 28 17
D 63 27 2 46 64 48 29
D 44 29 2 45 49 63 8
L 67 24 14
D 66 23 2 40 67 42 29
D 65 21 2 38 66 43 29
D 36 25 2 37 44 65 8
L 71 40 -23
L 73 42 -24
L 74 44 -22
L 75 42 24
D 72 43 2 73 74 75 8
L 76 40 23
D 70 41 2 71 72 76 8
L 79 46 -26
L 80 48 -27
L 81 46 26
D 78 47 2 79 80 81 8
L 84 50 -25
L 85 52 21
L 86 50 25
D 83 51 2 84 85 86 8
L 88 54 -28
L 90 56 -30
L 91 58 -29
L 92 56 30
D 89 57 2 90 91 92 8
L 93 54 28
D 87 55 2 88 89 93 8
L 95 52 -21
D 94 51 2 84 95 86 29
D 82 53 2 83 87 94 8
L 97 48 27
D 96 47 2 79 97 81 29
D 77 49 2 78 82 96 8
L 100 44 22
D 99 43 2 73 100 75 29
D 98 41 2 71 99 76 29
D 69 45 2 70 77 98 8
L 104 60 -33
L 105 62 -32
L 106 60 33
D 103 61 2 104 105 106 8
L 108 64 31
L 110 66 -38
L 112 68 -40
L 113 70 -39
L 114 68 40
D 111 69 2 112 113 114 8
L 115 66 38
D 109 67 2 110 111 115 8
L 116 64 -31
D 107 65 2 108 109 116 8
L 118 62 32
D 117 61 2 104 118 106 29
D 102 63 2 103 107 117 8
L 122 72 -34
L 123 74 -35
L 124 72 34
D 121 73 2 122 123 124 8
L 126 76 -37
L 127 78 -36
L 128 76 37
D 125 77 2 126 127 128 8
L 130 74 35
D 129 73 2 122 130 124 29
D 120 75 2 121 125 129 8
L 134 80 -46
L 135 82 -47
L 136 80 46
D 133 81 2 134 135 136 8
L 138 84 -48
L 140 86 -49
L 141 88 -50
L 142 86 49
D 139 87 2 140 141 142 8
L 143 84 48
D 137 85 2 138 139 143 8
L 145 82 47
D 144 81 2 134 145 136 29
D 132 83 2 133 137 144 8
L 149 90 41
L 150 92 -42
L 151 90 -41
D 148 91 2 149 150 151 8
L 153 94 -43
L 155 96 -45
L 156 98 -44
L 157 96 45
D 154 97 2 155 156 157 8
L 158 94 43
D 152 95 2 153 154 158 8
L 160 92 42
D 159 91 2 149 160 151 29
D 147 93 2 148 152 159 8
L 163 100 -51
L 164 102 -52
L 165 100 51
D 162 101 2 163 164 165 8
L 168 104 -53
L 169 106 -54
L 170 104 53
D 167 105 2 168 169 170 8
L 172 108 -55
L 174 110 -56
L 176 112 -57
L 178 114 -58
L 180 116 59
L 181 118 -60
L 182 116 -59
D 179 117 2 180 181 182 8
L 183 114 58
D 177 115 2 178 179 183 8
L 184 112 57
D 175 113 2 176 177 184 8
L 185 110 56
D 173 111 2 174 175 185 8
L 186 108 55
D 171 109 2 172 173 186 8
L 188 106 54
D 187 105 2 168 188 170 29
D 166 107 2 167 171 187 8
L 190 102 52
D 189 101 2 163 190 165 29
D 161 103 2 162 166 189 8
D 192 91 2 151 160 149 8
D 193 91 2 151 150 149 29
D 191 93 2 192 152 193 8
D 200 117 2 182 181 180 8
D 199 115 2 183 200 178 8
D 198 113 2 176 199 184 8
D 197 111 2 174 198 185 8
D 196 109 2 172 197 186 8
D 195 107 2 167 196 187 8
D 194 103 2 162 195 189 8
D 202 91 2 151 150 149 8
D 203 95 2 158 154 153 8
D 204 91 2 151 160 149 29
D 201 93 2 202 203 204 8
D 210 115 2 178 200 183 8
D 209 113 2 184 210 176 8
D 208 111 2 174 209 185 8
D 207 109 2 172 208 186 8
D 206 107 2 167 207 187 8
D 205 103 2 162 206 189 8
L 214 98 44
D 213 97 2 155 214 157 8
D 212 95 2 153 213 158 8
D 211 93 2 202 212 204 8
D 219 113 2 176 210 184 8
D 218 111 2 185 219 174 8
D 217 109 2 172 218 186 8
D 216 107 2 167 217 187 8
D 215 103 2 162 216 189 8
D 222 97 2 157 156 155 8
D 221 95 2 153 222 158 8
D 220 93 2 202 221 204 8
D 226 111 2 174 219 185 8
D 225 109 2 186 226 172 8
D 224 107 2 167 225 187 8
D 223 103 2 162 224 189 8
D 229 97 2 155 156 157 214
D 230 97 2 155 214 157 29
D 228 95 2 153 229 158 230
D 231 91 2 149 150 151 160
D 232 95 2 153 230 158 29
D 233 91 2 149 160 151 8
D 227 93 3 202 228 231 232 233 29
D 146 99 6 147 161 191 194 201 205 211 215 220 223 227 8
D 235 81 2 134 145 136 8
D 236 81 2 134 135 136 29
D 234 83 2 235 137 236 8
D 238 93 2 202 152 204 8
D 241 105 2 170 169 168 8
D 242 109 2 172 226 186 8
D 243 105 2 170 188 168 29
D 240 107 2 241 242 243 8
D 239 103 2 162 240 189 8
D 244 93 2 202 232 204 29
D 237 99 2 238 239 244 8
D 246 85 2 143 139 138 8
D 245 83 2 133 246 144 8
D 249 101 2 163 190 165 8
D 250 107 2 167 242 187 8
D 251 101 2 163 164 165 29
D 248 103 2 249 250 251 8
D 247 99 2 238 248 244 8
D 253 81 2 136 135 134 8
D 254 81 2 136 145 134 29
D 252 83 2 253 137 254 8
D 258 105 2 168 188 170 8
D 259 105 2 168 169 170 29
D 257 107 2 258 242 259 8
D 256 103 2 162 257 189 8
D 255 99 2 238 256 244 8
D 262 87 2 142 141 140 8
D 261 85 2 138 262 143 8
D 260 83 2 133 261 144 8
D 265 101 2 165 164 163 8
D 266 101 2 165 190 163 29
D 264 103 2 265 250 266 8
D 263 99 2 238 264 244 8
L 270 88 50
D 269 87 2 140 270 142 29
D 268 85 2 143 269 138 270
D 271 81 2 136 135 134 145
D 272 85 2 138 269 143 29
D 273 81 2 136 145 134 8
D 267 83 3 133 268 271 272 273 29
D 131 89 6 132 146 234 237 245 247 252 255 260 263 267 8
L 276 78 36
D 275 77 2 126 276 128 29
D 274 75 2 121 275 129 29
D 119 79 2 120 131 274 8
D 278 65 2 116 109 108 8
D 277 63 2 103 278 117 8
D 281 73 2 124 123 122 8
D 282 73 2 124 130 122 29
D 280 75 2 281 125 282 8
D 284 99 6 147 215 191 223 201 256 211 239 220 248 227 8
D 285 83 2 135 272 145 29
D 283 89 3 252 263 132 284 285 8
D 287 73 2 122 130 124 8
D 288 73 2 122 123 124 29
D 286 75 2 287 125 288 8
D 290 99 6 147 223 191 256 201 239 211 248 220 264 227 8
D 291 83 2 133 272 144 29
D 289 89 2 132 290 291 8
D 293 77 2 126 276 128 8
D 292 75 2 121 293 129 8
D 298 97 2 155 156 157 29
D 297 95 2 153 298 158 230
D 296 93 3 202 297 231 232 233 29
D 295 99 5 147 256 191 239 201 248 211 264 296 8
D 294 89 2 132 295 291 8
D 300 77 2 128 127 126 8
D 299 75 2 121 300 129 8
D 304 95 2 158 230 153 29
D 303 93 3 202 304 231 232 233 29
D 302 99 4 147 239 191 248 201 264 303 8
D 301 89 2 132 302 291 8
D 306 77 2 126 127 128 276
D 307 73 2 124 123 122 130
D 308 73 2 124 130 122 8
D 305 75 3 121 306 307 275 308 29
D 279 79 5 280 283 286 289 292 294 299 301 305 8
D 310 61 2 104 118 106 8
D 311 61 2 104 105 106 29
D 309 63 2 310 278 311 8
D 314 99 6 147 194 191 205 201 215 211 223 220 256 227 8
D 315 83 3 271 272 133 269 273 29
D 313 89 5 132 314 252 237 234 247 245 263 315 8
D 312 79 2 120 313 274 8
D 317 61 2 106 105 104 8
D 318 61 2 106 118 104 29
D 316 63 2 317 278 318 8
D 321 99 6 147 205 191 215 201 223 211 256 220 239 227 8
D 323 81 2 136 135 134 29
D 322 83 2 323 272 273 29
D 320 89 4 252 247 132 321 234 263 322 8
D 319 79 2 120 320 274 8
D 326 67 2 115 111 110 8
D 325 65 2 116 326 108 8
D 324 63 2 103 325 117 8
D 331 91 2 151 150 149 160
D 330 93 2 231 232 331 29
D 329 99 3 147 248 191 264 330 8
D 328 89 2 132 329 291 8
D 327 79 2 120 328 274 8
L 336 70 39
D 335 69 2 112 336 114 8
D 334 67 2 110 335 115 8
D 333 65 2 116 334 108 8
D 332 63 2 103 333 117 8
D 340 93 2 148 232 159 29
D 339 99 2 147 264 340 8
D 338 89 2 132 339 291 8
D 337 79 2 120 338 274 8
D 344 69 2 112 336 114 29
D 343 67 2 115 344 110 114
D 345 67 2 110 344 115 29
D 342 65 2 116 343 108 345
D 346 61 2 106 105 104 118
D 347 65 2 116 345 108 29
D 348 61 2 106 118 104 8
D 341 63 3 103 342 346 347 348 29
D 101 71 7 102 119 277 279 309 312 316 319 324 327 332 337 341 8
D 351 43 2 73 100 75 8
D 350 41 2 71 351 76 8
D 354 51 2 84 95 86 8
D 355 51 2 84 85 86 29
D 353 53 2 354 87 355 8
D 352 49 2 78 353 96 8
D 357 43 2 73 74 75 29
D 356 41 2 71 357 76 29
D 349 45 2 350 352 356 8
D 359 79 5 280 289 286 294 292 301 299 328 305 8
D 360 79 2 120 283 274 8
D 362 65 2 108 345 116 344
D 361 63 3 103 362 346 347 348 29
D 358 71 6 102 312 277 359 309 319 316 360 324 337 361 8
D 364 41 2 76 72 71 8
D 365 41 2 76 99 71 29
D 363 45 2 364 352 365 8
D 367 79 5 280 294 286 301 292 328 299 338 305 8
D 368 79 2 120 289 274 8
D 369 63 3 346 347 103 345 348 29
D 366 71 5 102 319 277 367 309 360 316 368 369 8
D 372 43 2 75 74 73 8
D 371 41 2 71 372 76 8
D 374 43 2 75 100 73 29
D 373 41 2 71 374 76 29
D 370 45 2 371 352 373 8
D 378 77 2 126 127 128 29
D 377 75 3 121 378 307 275 308 29
D 376 79 4 280 301 286 328 292 338 377 8
D 379 79 2 120 294 274 8
D 375 71 5 102 360 277 376 309 368 316 379 369 8
D 383 51 2 86 95 84 8
D 384 51 2 86 85 84 29
D 382 53 2 383 87 384 8
D 381 49 2 78 382 96 8
D 380 45 2 70 381 98 8
D 388 73 2 122 123 124 130
D 387 75 2 307 275 388 29
D 386 79 3 280 328 286 338 387 8
D 389 79 2 120 301 274 8
D 385 71 5 102 368 277 386 309 379 316 389 369 8
D 392 47 2 81 80 79 8
D 393 47 2 81 97 79 29
D 391 49 2 392 353 393 8
D 390 45 2 70 391 98 8
D 396 75 2 281 275 282 29
D 395 79 2 280 338 396 8
D 394 71 5 102 379 277 395 309 389 316 327 369 8
D 399 47 2 79 97 81 8
D 400 47 2 79 80 81 29
D 398 49 2 399 353 400 8
D 397 45 2 70 398 98 8
D 403 65 2 108 345 116 29
D 402 63 3 346 347 103 403 348 29
D 401 71 4 102 389 309 327 316 337 402 8
D 407 55 2 93 89 88 8
D 406 53 2 354 407 355 8
D 405 49 2 78 406 96 8
D 404 45 2 70 405 98 8
D 409 63 3 310 347 103 403 106 29
D 408 71 3 102 327 309 337 409 8
L 415 58 29
D 414 57 2 90 415 92 8
D 413 55 2 88 414 93 8
D 412 53 2 354 413 355 8
D 411 49 2 78 412 96 8
D 410 45 2 70 411 98 8
D 417 63 2 103 403 117 29
D 416 71 2 102 337 417 8
D 422 57 2 90 91 92 29
D 423 57 2 90 415 92 29
D 421 55 2 88 422 93 423
D 424 51 2 86 95 84 85
D 425 55 2 88 423 93 29
D 426 51 2 86 85 84 8
D 420 53 3 354 421 424 425 426 29
D 427 47 2 81 80 79 97
D 428 53 2 354 425 355 29
D 429 47 2 81 97 79 8
D 419 49 3 78 420 427 428 429 29
D 431 43 2 75 74 73 100
D 430 41 2 71 431 76 72
D 432 49 2 78 428 96 29
D 434 43 2 75 100 73 8
D 433 41 2 71 434 76 99
D 418 45 3 70 419 430 432 433 29
D 68 59 10 69 101 349 358 363 366 370 375 380 385 390 394 397 401 404 408 410 416 418 8
D 438 31 2 53 62 51 8
D 439 31 2 53 52 51 29
D 437 33 2 438 54 439 8
D 436 29 2 45 437 63 8
D 435 25 2 37 436 65 8
D 444 55 2 93 423 88 29
D 443 53 3 354 444 424 425 426 29
D 442 49 3 78 443 427 428 429 29
D 441 45 3 70 442 430 432 433 29
D 440 59 9 69 358 349 366 363 375 370 385 380 394 390 401 397 408 404 416 441 8
D 446 21 2 43 39 38 8
D 449 31 2 53 52 51 8
D 450 31 2 53 62 51 29
D 448 33 2 449 54 450 8
D 447 29 2 45 448 63 8
D 451 21 2 43 66 38 29
D 445 25 2 446 447 451 8
D 456 51 2 84 95 86 85
D 455 53 2 424 425 456 29
D 454 49 3 78 455 427 428 429 29
D 453 45 3 70 454 430 432 433 29
D 452 59 8 69 366 349 375 363 385 370 394 380 401 390 408 397 416 453 8
D 459 23 2 40 67 42 8
D 458 21 2 38 459 43 8
D 461 23 2 40 41 42 29
D 460 21 2 38 461 43 29
D 457 25 2 458 447 460 8
D 464 49 3 78 455 392 428 97 29
D 463 45 3 70 464 430 432 433 29
D 462 59 7 69 375 349 385 363 394 370 401 380 408 390 416 463 8
D 467 23 2 42 41 40 8
D 466 21 2 38 467 43 8
D 469 23 2 42 67 40 29
D 468 21 2 38 469 43 29
D 465 25 2 466 447 468 8
D 472 49 2 78 455 96 29
D 471 45 3 70 472 430 432 433 29
D 470 59 6 69 385 349 394 363 401 370 408 380 416 471 8
D 475 27 2 48 47 46 8
D 476 27 2 48 64 46 29
D 474 29 2 475 448 476 8
D 473 25 2 37 474 65 8
D 480 53 2 83 425 94 29
D 479 49 2 78 480 96 29
D 478 45 3 70 479 430 432 433 29
D 477 59 5 69 394 349 401 363 408 370 416 478 8
D 483 27 2 46 64 48 8
D 484 27 2 46 47 48 29
D 482 29 2 483 448 484 8
D 481 25 2 37 482 65 8
D 487 41 2 71 351 76 72
D 488 41 2 76 99 71 75
D 486 45 3 70 479 487 432 488 29
D 485 59 4 69 401 349 408 363 416 486 8
D 492 35 2 60 56 55 8
D 491 33 2 449 492 450 8
D 490 29 2 45 491 63 8
D 489 25 2 37 490 65 8
D 495 41 2 71 75 76 29
D 494 45 3 70 479 350 432 495 29
D 493 59 3 69 408 349 416 494 8
D 500 37 2 59 58 57 8
D 499 35 2 55 500 60 8
D 498 33 2 449 499 450 8
D 497 29 2 45 498 63 8
D 496 25 2 37 497 65 8
D 502 45 2 70 479 98 29
D 501 59 2 69 416 502 8
L 508 38 20
D 507 37 2 59 508 57 29
D 509 37 2 57 508 59 29
D 506 35 2 55 507 60 509
D 510 31 2 51 52 53 62
D 511 35 2 55 509 60 29
D 512 31 2 51 62 53 8
D 505 33 3 449 506 510 511 512 29
D 513 27 2 48 47 46 64
D 514 33 2 449 511 450 29
D 515 27 2 48 64 46 8
D 504 29 3 45 505 513 514 515 29
D 517 23 2 42 41 40 67
D 516 21 2 38 517 43 39
D 518 29 2 45 514 63 29
D 520 23 2 42 67 40 8
D 519 21 2 38 520 43 66
D 503 25 3 37 504 516 518 519 29
D 35 39 10 36 68 435 440 445 452 457 462 465 470 473 477 481 485 489 493 496 501 503 8
D 523 3 2 5 34 7 8
D 522 1 2 3 523 9 8
D 526 11 2 17 28 19 8
D 527 11 2 17 18 19 29
D 525 13 2 526 20 527 8
D 524 9 2 11 525 30 8
D 529 3 2 5 6 7 29
D 528 1 2 3 529 9 29
D 521 5 2 522 524 528 8
D 534 35 2 60 509 55 29
D 533 33 3 449 534 510 511 512 29
D 532 29 3 45 533 513 514 515 29
D 531 25 3 37 532 516 518 519 29
D 530 39 9 36 440 435 452 445 462 457 470 465 477 473 485 481 493 489 501 531 8
D 536 1 2 9 4 3 8
D 537 1 2 9 33 3 29
D 535 5 2 536 524 537 8
D 542 31 2 53 52 51 62
D 541 33 2 510 511 542 29
D 540 29 3 45 541 513 514 515 29
D 539 25 3 37 540 516 518 519 29
D 538 39 8 36 452 435 462 445 470 457 477 465 485 473 493 481 501 539 8
D 545 3 2 7 6 5 8
D 544 1 2 3 545 9 8
D 547 3 2 7 34 5 29
D 546 1 2 3 547 9 29
D 543 5 2 544 524 546 8
D 550 29 3 45 541 475 514 64 29
D 549 25 3 37 550 516 518 519 29
D 548 39 7 36 462 435 470 445 477 457 485 465 493 473 501 549 8
D 554 11 2 19 28 17 8
D 555 11 2 19 18 17 29
D 553 13 2 554 20 555 8
D 552 9 2 11 553 30 8
D 551 5 2 2 552 32 8
D 558 29 2 45 541 63 29
D 557 25 3 37 558 516 518 519 29
D 556 39 6 36 470 435 477 445 485 457 493 465 501 557 8
D 561 7 2 14 13 12 8
D 562 7 2 14 31 12 29
D 560 9 2 561 525 562 8
D 559 5 2 2 560 32 8
D 565 21 2 38 459 43 39
D 566 21 2 43 66 38 42
D 564 25 3 37 558 565 518 566 29
D 563 39 5 36 477 435 485 445 493 457 501 564 8
D 569 7 2 12 31 14 8
D 570 7 2 12 13 14 29
D 568 9 2 569 525 570 8
D 567 5 2 2 568 32 8
D 572 25 3 37 558 446 518 66 29
D 571 39 4 36 485 435 493 445 501 572 8
D 576 15 2 26 22 21 8
D 575 13 2 526 576 527 8
D 574 9 2 11 575 30 8
D 573 5 2 2 574 32 8
D 578 25 2 37 558 65 29
D 577 39 3 36 493 435 501 578 8
L 584 18 9
D 583 17 2 23 584 25 8
D 582 15 2 21 583 26 8
D 581 13 2 526 582 527 8
D 580 9 2 11 581 30 8
D 579 5 2 2 580 32 8
D 588 33 2 50 511 61 29
D 587 29 2 45 588 63 29
D 586 25 2 37 587 65 29
D 585 39 2 36 501 586 8
D 593 17 2 23 24 25 29
D 594 17 2 23 584 25 29
D 592 15 2 21 593 26 594
D 595 11 2 19 28 17 18
D 596 15 2 21 594 26 29
D 597 11 2 19 18 17 8
D 591 13 3 526 592 595 596 597 29
D 598 7 2 14 13 12 31
D 599 13 2 526 596 527 29
D 600 7 2 14 31 12 8
D 590 9 3 11 591 598 599 600 29
D 602 3 2 7 6 5 34
D 601 1 2 3 602 9 4
D 603 9 2 11 599 30 29
D 605 3 2 7 34 5 8
D 604 1 2 3 605 9 33
D 589 5 3 2 590 601 603 604 29
D 0 19 10 1 35 521 530 535 538 543 548 551 556 559 563 567 571 573 577 579 585 589 8
