c ids of sdd nodes start at 0
c sdd nodes appear bottom-up, children before parents
c
c file syntax:
c sdd count-of-sdd-nodes
c F id-of-false-sdd-node
c T id-of-true-sdd-node
c L id-of-literal-sdd-node id-of-vtree literal
c D id-of-decomposition-sdd-node id-of-vtree number-of-elements {id-of-prime id-of-sub}*
c
sdd 661
L 3 0 -3
L 5 2 -4
L 6 4 -2
L 7 2 4
F 8
D 4 3 2 5 6 7 8
L 9 0 3
D 2 1 2 3 4 9 8
L 12 6 -6
L 13 8 -7
L 14 6 6
D 11 7 2 12 13 14 8
L 17 10 -5
L 18 12 1
L 19 10 5
D 16 11 2 17 18 19 8
L 21 14 -8
L 23 16 -10
L 24 18 -9
L 25 16 10
D 22 17 2 23 24 25 8
L 26 14 8
D 20 15 2 21 22 26 8
L 28 12 -1
T 29
D 27 11 2 17 28 19 29
D 15 13 2 16 20 27 8
L 31 8 7
D 30 7 2 12 31 14 29
D 10 9 2 11 15 30 8
L 34 4 2
D 33 3 2 5 34 7 29
D 32 1 2 3 33 9 29
D 1 5 2 2 10 32 8
L 38 20 -13
L 40 22 -15
L 41 24 -14
L 42 22 15
D 39 23 2 40 41 42 8
L 43 20 13
D 37 21 2 38 39 43 8
L 46 26 -16
L 47 28 -17
L 48 26 16
D 45 27 2 46 47 48 8
L 51 30 11
L 52 32 -12
L 53 30 -11
D 50 31 2 51 52 53 8
L 55 34 -18
L 57 36 -19
L 58 38 -20
L 59 36 19
D 56 37 2 57 58 59 8
L 60 34 18
D 54 35 2 55 56 60 8
L 62 32 12
D 61 31 2 51 62 53 29
D 49 33 2 50 54 61 8
L 64 28 17
D 63 27 2 46 64 48 29
D 44 29 2 45 49 63 8
L 67 24 14
D 66 23 2 40 67 42 29
D 65 21 2 38 66 43 29
D 36 25 2 37 44 65 8
L 71 40 -23
L 73 42 -24
L 74 44 -22
L 75 42 24
D 72 43 2 73 74 75 8
L 76 40 23
D 70 41 2 71 72 76 8
L 79 46 -26
L 80 48 -27
L 81 46 26
D 78 47 2 79 80 81 8
L 84 50 -25
L 85 52 21
L 86 50 25
D 83 51 2 84 85 86 8
L 88 54 -28
L 90 56 -30
L 91 58 -29
L 92 56 30
D 89 57 2 90 91 92 8
L 93 54 28
D 87 55 2 88 89 93 8
L 95 52 -21
D 94 51 2 84 95 86 29
D 82 53 2 83 87 94 8
L 97 48 27
D 96 47 2 79 97 81 29
D 77 49 2 78 82 96 8
L 100 44 22
D 99 43 2 73 100 75 29
D 98 41 2 71 99 76 29
D 69 45 2 70 77 98 8
L 104 60 -33
L 105 62 -32
L 106 60 33
D 103 61 2 104 105 106 8
L 108 64 31
L 110 66 -38
L 112 68 -40
L 113 70 -39
L 114 68 40
D 111 69 2 112 113 114 8
L 115 66 38
D 109 67 2 110 111 115 8
L 116 64 -31
D 107 65 2 108 109 116 8
L 118 62 32
D 117 61 2 104 118 106 29
D 102 63 2 103 107 117 8
L 122 72 -34
L 123 74 -35
L 124 72 34
D 121 73 2 122 123 124 8
L 126 76 -37
L 127 78 -36
L 128 76 37
D 125 77 2 126 127 128 8
L 130 74 35
D 129 73 2 122 130 124 29
D 120 75 2 121 125 129 8
L 134 80 -46
L 135 82 -47
L 136 80 46
D 133 81 2 134 135 136 8
L 138 84 -48
L 140 86 -49
L 141 88 -50
L 142 86 49
D 139 87 2 140 141 142 8
L 143 84 48
D 137 85 2 138 139 143 8
L 145 82 47
D 144 81 2 134 145 136 29
D 132 83 2 133 137 144 8
L 149 90 41
L 150 92 -42
L 151 90 -41
D 148 91 2 149 150 151 8
L 153 94 -43
L 155 96 -45
L 156 98 -44
L 157 96 45
D 154 97 2 155 156 157 8
L 158 94 43
D 152 95 2 153 154 158 8
L 160 92 42
D 159 91 2 149 160 151 29
D 147 93 2 148 152 159 8
L 163 100 -51
L 164 102 -52
L 165 100 51
D 162 101 2 163 164 165 8
L 168 104 -53
L 169 106 -54
L 170 104 53
D 167 105 2 168 169 170 8
L 172 108 -55
L 174 110 -56
L 176 112 -57
L 178 114 -58
L 180 116 -59
L 181 118 60
L 182 116 59
D 179 117 2 180 181 182 8
L 183 114 58
D 177 115 2 178 179 183 8
L 184 112 57
D 175 113 2 176 177 184 8
L 185 110 56
D 173 111 2 174 175 185 8
L 186 108 55
D 171 109 2 172 173 186 8
L 188 106 54
D 187 105 2 168 188 170 29
D 166 107 2 167 171 187 8
L 190 102 52
D 189 101 2 163 190 165 29
D 161 103 2 162 166 189 8
D 192 91 2 151 160 149 8
D 193 91 2 151 150 149 29
D 191 93 2 192 152 193 8
L 201 118 -60
D 200 117 2 182 201 180 8
D 199 115 2 178 200 183 8
D 198 113 2 176 199 184 8
D 197 111 2 174 198 185 8
D 196 109 2 172 197 186 8
D 195 107 2 167 196 187 8
D 194 103 2 162 195 189 8
D 203 91 2 151 150 149 8
D 204 95 2 158 154 153 8
D 205 91 2 151 160 149 29
D 202 93 2 203 204 205 8
D 212 117 2 180 201 182 8
D 211 115 2 183 212 178 8
D 210 113 2 176 211 184 8
D 209 111 2 174 210 185 8
D 208 109 2 172 209 186 8
D 207 107 2 167 208 187 8
D 206 103 2 162 207 189 8
L 216 98 44
D 215 97 2 155 216 157 8
D 214 95 2 153 215 158 8
D 213 93 2 203 214 205 8
D 222 115 2 178 212 183 8
D 221 113 2 184 222 176 8
D 220 111 2 174 221 185 8
D 219 109 2 172 220 186 8
D 218 107 2 167 219 187 8
D 217 103 2 162 218 189 8
D 225 97 2 157 156 155 8
D 224 95 2 153 225 158 8
D 223 93 2 203 224 205 8
D 230 113 2 176 222 184 8
D 229 111 2 185 230 174 8
D 228 109 2 172 229 186 8
D 227 107 2 167 228 187 8
D 226 103 2 162 227 189 8
D 233 97 2 155 156 157 216
D 234 97 2 155 216 157 29
D 232 95 2 153 233 158 234
D 235 91 2 149 150 151 160
D 236 95 2 153 234 158 29
D 237 91 2 149 160 151 8
D 231 93 3 203 232 235 236 237 29
D 146 99 6 147 161 191 194 202 206 213 217 223 226 231 8
D 239 85 2 143 139 138 8
D 238 83 2 133 239 144 8
D 241 93 2 203 152 205 8
D 244 105 2 170 169 168 8
D 246 111 2 174 230 185 8
D 245 109 2 172 246 186 8
D 247 105 2 170 188 168 29
D 243 107 2 244 245 247 8
D 242 103 2 162 243 189 8
D 248 93 2 203 236 205 29
D 240 99 2 241 242 248 8
D 251 87 2 142 141 140 8
D 250 85 2 138 251 143 8
D 249 83 2 133 250 144 8
D 254 101 2 163 190 165 8
D 255 107 2 167 245 187 8
D 256 101 2 163 164 165 29
D 253 103 2 254 255 256 8
D 252 99 2 241 253 248 8
D 258 81 2 134 145 136 8
D 259 81 2 134 135 136 29
D 257 83 2 258 137 259 8
D 263 105 2 168 188 170 8
D 264 105 2 168 169 170 29
D 262 107 2 263 245 264 8
D 261 103 2 162 262 189 8
D 260 99 2 241 261 248 8
L 268 88 50
D 267 87 2 140 268 142 8
D 266 85 2 138 267 143 8
D 265 83 2 133 266 144 8
D 271 101 2 165 164 163 8
D 272 101 2 165 190 163 29
D 270 103 2 271 255 272 8
D 269 99 2 241 270 248 8
D 274 81 2 136 135 134 8
D 275 81 2 136 145 134 29
D 273 83 2 274 137 275 8
D 279 109 2 186 246 172 8
D 278 107 2 167 279 187 8
D 277 103 2 162 278 189 8
D 276 99 2 241 277 248 8
D 282 87 2 142 268 140 8
D 283 87 2 140 268 142 29
D 281 85 2 138 282 143 283
D 284 81 2 136 135 134 145
D 285 85 2 138 283 143 29
D 286 81 2 136 145 134 8
D 280 83 3 133 281 284 285 286 29
D 131 89 7 132 146 238 240 249 252 257 260 265 269 273 276 280 8
L 289 78 36
D 288 77 2 126 289 128 29
D 287 75 2 121 288 129 29
D 119 79 2 120 131 287 8
D 291 65 2 116 109 108 8
D 290 63 2 103 291 117 8
D 294 73 2 124 123 122 8
D 295 73 2 124 130 122 29
D 293 75 2 294 125 295 8
D 297 99 6 147 217 191 226 202 277 213 261 223 242 231 8
D 299 81 2 136 135 134 29
D 298 83 2 299 285 286 29
D 296 89 4 273 252 132 297 257 269 298 8
D 301 73 2 122 130 124 8
D 302 73 2 122 123 124 29
D 300 75 2 301 125 302 8
D 304 99 6 147 226 191 277 202 261 213 242 223 253 231 8
D 305 83 2 135 285 145 29
D 303 89 3 273 269 132 304 305 8
D 307 77 2 126 289 128 8
D 306 75 2 121 307 129 8
D 309 99 6 147 277 191 261 202 242 213 253 223 270 231 8
D 310 83 2 133 285 144 29
D 308 89 2 132 309 310 8
D 312 77 2 128 127 126 8
D 311 75 2 121 312 129 8
D 317 97 2 155 156 157 29
D 316 95 2 153 317 158 234
D 315 93 3 203 316 235 236 237 29
D 314 99 5 147 261 191 242 202 253 213 270 315 8
D 313 89 2 132 314 310 8
D 319 77 2 126 127 128 289
D 320 73 2 124 123 122 130
D 321 73 2 124 130 122 8
D 318 75 3 121 319 320 288 321 29
D 292 79 5 293 296 300 303 306 308 311 313 318 8
D 323 61 2 104 118 106 8
D 324 61 2 104 105 106 29
D 322 63 2 323 291 324 8
D 327 99 6 147 194 191 206 202 217 213 226 223 277 231 8
D 329 85 2 143 283 138 268
D 328 83 3 133 329 284 285 286 29
D 326 89 6 132 327 257 240 238 252 273 260 249 269 328 8
D 325 79 2 120 326 287 8
D 331 61 2 106 105 104 8
D 332 61 2 106 118 104 29
D 330 63 2 331 291 332 8
D 335 99 6 147 206 191 217 202 226 213 277 223 261 231 8
D 336 83 3 284 285 133 283 286 29
D 334 89 5 132 335 273 240 257 252 238 269 336 8
D 333 79 2 120 334 287 8
D 339 67 2 115 111 110 8
D 338 65 2 116 339 108 8
D 337 63 2 103 338 117 8
D 344 95 2 158 234 153 29
D 343 93 3 203 344 235 236 237 29
D 342 99 4 147 242 191 253 202 270 343 8
D 341 89 2 132 342 310 8
D 340 79 2 120 341 287 8
L 349 70 39
D 348 69 2 112 349 114 8
D 347 67 2 110 348 115 8
D 346 65 2 116 347 108 8
D 345 63 2 103 346 117 8
D 354 91 2 151 150 149 160
D 353 93 2 235 236 354 29
D 352 99 3 147 253 191 270 353 8
D 351 89 2 132 352 310 8
D 350 79 2 120 351 287 8
D 358 69 2 114 113 112 8
D 357 67 2 110 358 115 8
D 356 65 2 116 357 108 8
D 355 63 2 103 356 117 8
D 362 93 2 148 236 159 29
D 361 99 2 147 270 362 8
D 360 89 2 132 361 310 8
D 359 79 2 120 360 287 8
D 366 69 2 114 349 112 8
D 367 69 2 112 349 114 29
D 365 67 2 110 366 115 367
D 368 67 2 110 367 115 29
D 364 65 2 116 365 108 368
D 369 61 2 106 105 104 118
D 370 65 2 116 368 108 29
D 371 61 2 106 118 104 8
D 363 63 3 103 364 369 370 371 29
D 101 71 8 102 119 290 292 322 325 330 333 337 340 345 350 355 359 363 8
D 374 43 2 73 100 75 8
D 373 41 2 71 374 76 8
D 377 51 2 84 95 86 8
D 378 51 2 84 85 86 29
D 376 53 2 377 87 378 8
D 375 49 2 78 376 96 8
D 380 43 2 73 74 75 29
D 379 41 2 71 380 76 29
D 372 45 2 373 375 379 8
D 382 79 5 293 303 300 308 306 313 311 341 318 8
D 383 79 2 120 296 287 8
D 386 67 2 115 367 110 114
D 385 65 2 116 386 108 368
D 384 63 3 103 385 369 370 371 29
D 381 71 7 102 325 290 382 322 333 330 383 337 350 345 359 384 8
D 388 41 2 76 72 71 8
D 389 41 2 76 99 71 29
D 387 45 2 388 375 389 8
D 391 79 5 293 308 300 313 306 341 311 351 318 8
D 392 79 2 120 303 287 8
D 394 65 2 108 368 116 367
D 393 63 3 103 394 369 370 371 29
D 390 71 6 102 333 290 391 322 383 330 392 337 359 393 8
D 397 43 2 75 74 73 8
D 396 41 2 71 397 76 8
D 399 43 2 75 100 73 29
D 398 41 2 71 399 76 29
D 395 45 2 396 375 398 8
D 401 79 5 293 313 300 341 306 351 311 360 318 8
D 402 79 2 120 308 287 8
D 403 63 3 369 370 103 368 371 29
D 400 71 5 102 383 290 401 322 392 330 402 403 8
D 407 51 2 86 95 84 8
D 408 51 2 86 85 84 29
D 406 53 2 407 87 408 8
D 405 49 2 78 406 96 8
D 404 45 2 70 405 98 8
D 412 77 2 126 127 128 29
D 411 75 3 121 412 320 288 321 29
D 410 79 4 293 341 300 351 306 360 411 8
D 413 79 2 120 313 287 8
D 409 71 5 102 392 290 410 322 402 330 413 403 8
D 416 47 2 81 80 79 8
D 417 47 2 81 97 79 29
D 415 49 2 416 376 417 8
D 414 45 2 70 415 98 8
D 421 73 2 122 123 124 130
D 420 75 2 320 288 421 29
D 419 79 3 293 351 300 360 420 8
D 418 71 5 102 402 290 419 322 413 330 340 403 8
D 424 47 2 79 97 81 8
D 425 47 2 79 80 81 29
D 423 49 2 424 376 425 8
D 422 45 2 70 423 98 8
D 428 75 2 294 288 295 29
D 427 79 2 293 360 428 8
D 426 71 5 102 413 290 427 322 340 330 350 403 8
D 432 55 2 93 89 88 8
D 431 53 2 377 432 378 8
D 430 49 2 78 431 96 8
D 429 45 2 70 430 98 8
D 435 65 2 108 368 116 29
D 434 63 3 369 370 103 435 371 29
D 433 71 4 102 340 322 350 330 359 434 8
L 441 58 29
D 440 57 2 90 441 92 8
D 439 55 2 88 440 93 8
D 438 53 2 377 439 378 8
D 437 49 2 78 438 96 8
D 436 45 2 70 437 98 8
D 443 63 3 323 370 103 435 106 29
D 442 71 3 102 350 322 359 443 8
D 448 57 2 92 91 90 8
D 447 55 2 88 448 93 8
D 446 53 2 377 447 378 8
D 445 49 2 78 446 96 8
D 444 45 2 70 445 98 8
D 450 63 2 103 435 117 29
D 449 71 2 102 359 450 8
D 453 43 2 75 74 73 100
D 452 41 2 71 453 76 72
D 457 57 2 90 441 92 29
D 456 55 2 88 457 93 29
D 455 53 2 377 456 378 29
D 454 49 2 78 455 96 29
D 459 47 2 81 80 79 97
D 461 51 2 86 95 84 85
D 463 57 2 90 91 92 441
D 462 55 2 93 457 88 463
D 464 51 2 86 85 84 8
D 460 53 3 461 456 377 462 464 29
D 465 47 2 81 97 79 8
D 458 49 3 459 455 78 460 465 29
D 467 43 2 75 100 73 8
D 466 41 2 71 467 76 99
D 451 45 3 452 454 70 458 466 29
D 68 59 11 69 101 372 381 387 390 395 400 404 409 414 418 422 426 429 433 436 442 444 449 451 8
D 471 31 2 53 62 51 8
D 472 31 2 53 52 51 29
D 470 33 2 471 54 472 8
D 469 29 2 45 470 63 8
D 468 25 2 37 469 65 8
D 478 57 2 90 91 92 29
D 477 55 2 88 478 93 457
D 476 53 3 377 477 461 456 464 29
D 475 49 3 78 476 459 455 465 29
D 474 45 3 70 475 452 454 466 29
D 473 59 10 69 381 372 390 387 400 395 409 404 418 414 426 422 433 429 442 436 449 474 8
D 480 21 2 43 39 38 8
D 483 31 2 53 52 51 8
D 484 31 2 53 62 51 29
D 482 33 2 483 54 484 8
D 481 29 2 45 482 63 8
D 485 21 2 43 66 38 29
D 479 25 2 480 481 485 8
D 490 55 2 93 457 88 29
D 489 53 3 377 490 461 456 464 29
D 488 49 3 78 489 459 455 465 29
D 487 45 3 70 488 452 454 466 29
D 486 59 9 69 390 372 400 387 409 395 418 404 426 414 433 422 442 429 449 487 8
D 493 23 2 40 67 42 8
D 492 21 2 38 493 43 8
D 495 23 2 40 41 42 29
D 494 21 2 38 495 43 29
D 491 25 2 492 481 494 8
D 500 51 2 84 95 86 85
D 499 53 2 461 456 500 29
D 498 49 3 78 499 459 455 465 29
D 497 45 3 70 498 452 454 466 29
D 496 59 8 69 400 372 409 387 418 395 426 404 433 414 442 422 449 497 8
D 503 23 2 42 41 40 8
D 502 21 2 38 503 43 8
D 505 23 2 42 67 40 29
D 504 21 2 38 505 43 29
D 501 25 2 502 481 504 8
D 508 49 3 78 499 416 455 97 29
D 507 45 3 70 508 452 454 466 29
D 506 59 7 69 409 372 418 387 426 395 433 404 442 414 449 507 8
D 511 27 2 48 47 46 8
D 512 27 2 48 64 46 29
D 510 29 2 511 482 512 8
D 509 25 2 37 510 65 8
D 515 49 2 78 499 96 29
D 514 45 3 70 515 452 454 466 29
D 513 59 6 69 418 372 426 387 433 395 442 404 449 514 8
D 518 27 2 46 64 48 8
D 519 27 2 46 47 48 29
D 517 29 2 518 482 519 8
D 516 25 2 37 517 65 8
D 523 53 2 83 456 94 29
D 522 49 2 78 523 96 29
D 521 45 3 70 522 452 454 466 29
D 520 59 5 69 426 372 433 387 442 395 449 521 8
D 527 35 2 60 56 55 8
D 526 33 2 483 527 484 8
D 525 29 2 45 526 63 8
D 524 25 2 37 525 65 8
D 530 41 2 71 374 76 72
D 531 41 2 76 99 71 75
D 529 45 3 70 522 530 454 531 29
D 528 59 4 69 433 372 442 387 449 529 8
D 536 37 2 59 58 57 8
D 535 35 2 55 536 60 8
D 534 33 2 483 535 484 8
D 533 29 2 45 534 63 8
D 532 25 2 37 533 65 8
D 539 41 2 71 75 76 29
D 538 45 3 70 522 373 454 539 29
D 537 59 3 69 442 372 449 538 8
L 545 38 20
D 544 37 2 57 545 59 8
D 543 35 2 55 544 60 8
D 542 33 2 483 543 484 8
D 541 29 2 45 542 63 8
D 540 25 2 37 541 65 8
D 547 45 2 70 522 98 29
D 546 59 2 69 449 547 8
D 550 23 2 42 41 40 67
D 549 21 2 38 550 43 39
D 554 37 2 57 545 59 29
D 553 35 2 55 554 60 29
D 552 33 2 483 553 484 29
D 551 29 2 45 552 63 29
D 556 27 2 48 47 46 64
D 558 31 2 51 52 53 62
D 560 37 2 57 58 59 545
D 559 35 2 60 554 55 560
D 561 31 2 51 62 53 8
D 557 33 3 558 553 483 559 561 29
D 562 27 2 48 64 46 8
D 555 29 3 556 552 45 557 562 29
D 564 23 2 42 67 40 8
D 563 21 2 38 564 43 66
D 548 25 3 549 551 37 555 563 29
D 35 39 11 36 68 468 473 479 486 491 496 501 506 509 513 516 520 524 528 532 537 540 546 548 8
D 567 3 2 5 34 7 8
D 566 1 2 3 567 9 8
D 570 11 2 17 28 19 8
D 571 11 2 17 18 19 29
D 569 13 2 570 20 571 8
D 568 9 2 11 569 30 8
D 573 3 2 5 6 7 29
D 572 1 2 3 573 9 29
D 565 5 2 566 568 572 8
D 579 37 2 59 545 57 29
D 578 35 2 55 579 60 554
D 577 33 3 483 578 558 553 561 29
D 576 29 3 45 577 556 552 562 29
D 575 25 3 37 576 549 551 563 29
D 574 39 10 36 473 468 486 479 496 491 506 501 513 509 520 516 528 524 537 532 546 575 8
D 581 1 2 9 4 3 8
D 582 1 2 9 33 3 29
D 580 5 2 581 568 582 8
D 587 35 2 60 554 55 29
D 586 33 3 483 587 558 553 561 29
D 585 29 3 45 586 556 552 562 29
D 584 25 3 37 585 549 551 563 29
D 583 39 9 36 486 468 496 479 506 491 513 501 520 509 528 516 537 524 546 584 8
D 590 3 2 7 6 5 8
D 589 1 2 3 590 9 8
D 592 3 2 7 34 5 29
D 591 1 2 3 592 9 29
D 588 5 2 589 568 591 8
D 597 31 2 53 52 51 62
D 596 33 2 558 553 597 29
D 595 29 3 45 596 556 552 562 29
D 594 25 3 37 595 549 551 563 29
D 593 39 8 36 496 468 506 479 513 491 520 501 528 509 537 516 546 594 8
D 601 11 2 19 28 17 8
D 602 11 2 19 18 17 29
D 600 13 2 601 20 602 8
D 599 9 2 11 600 30 8
D 598 5 2 2 599 32 8
D 605 29 3 45 596 511 552 64 29
D 604 25 3 37 605 549 551 563 29
D 603 39 7 36 506 468 513 479 520 491 528 501 537 509 546 604 8
D 608 7 2 14 13 12 8
D 609 7 2 14 31 12 29
D 607 9 2 608 569 609 8
D 606 5 2 2 607 32 8
D 612 29 2 45 596 63 29
D 611 25 3 37 612 549 551 563 29
D 610 39 6 36 513 468 520 479 528 491 537 501 546 611 8
D 615 7 2 12 31 14 8
D 616 7 2 12 13 14 29
D 614 9 2 615 569 616 8
D 613 5 2 2 614 32 8
D 619 21 2 38 493 43 39
D 620 21 2 43 66 38 42
D 618 25 3 37 612 619 551 620 29
D 617 39 5 36 520 468 528 479 537 491 546 618 8
D 624 15 2 26 22 21 8
D 623 13 2 570 624 571 8
D 622 9 2 11 623 30 8
D 621 5 2 2 622 32 8
D 626 25 3 37 612 480 551 66 29
D 625 39 4 36 528 468 537 479 546 626 8
L 632 18 9
D 631 17 2 23 632 25 8
D 630 15 2 21 631 26 8
D 629 13 2 570 630 571 8
D 628 9 2 11 629 30 8
D 627 5 2 2 628 32 8
D 634 25 2 37 612 65 29
D 633 39 3 36 537 468 546 634 8
D 639 17 2 25 24 23 8
D 638 15 2 21 639 26 8
D 637 13 2 570 638 571 8
D 636 9 2 11 637 30 8
D 635 5 2 2 636 32 8
D 643 33 2 50 553 61 29
D 642 29 2 45 643 63 29
D 641 25 2 37 642 65 29
D 640 39 2 36 546 641 8
D 648 17 2 23 24 25 632
D 649 17 2 23 632 25 29
D 647 15 2 21 648 26 649
D 650 11 2 19 28 17 18
D 651 15 2 21 649 26 29
D 652 11 2 19 18 17 8
D 646 13 3 570 647 650 651 652 29
D 653 7 2 14 13 12 31
D 654 13 2 570 651 571 29
D 655 7 2 14 31 12 8
D 645 9 3 11 646 653 654 655 29
D 657 3 2 7 6 5 34
D 656 1 2 3 657 9 4
D 658 9 2 11 654 30 29
D 660 3 2 7 34 5 8
D 659 1 2 3 660 9 33
D 644 5 3 2 645 656 658 659 29
D 0 19 11 1 35 565 574 580 583 588 593 598 603 606 610 613 617 621 625 627 633 635 640 644 8
